2000
1	6	
2	4	
3	4	
4	1	
5	8	
6	2	
7	7	
8	6	
9	9	
10	8	
11	2	
12	7	
13	10	
14	10	
15	3	
16	1	
17	3	
18	4	
19	9	
20	6	
21	5	
22	6	
23	8	
24	7	
25	9	
26	10	
27	2	
28	8	
29	10	
30	9	
31	4	
32	4	
33	6	
34	1	
35	6	
36	1	
37	4	
38	3	
39	8	
40	7	
41	3	
42	10	
43	4	
44	10	
45	3	
46	5	
47	4	
48	8	
49	5	
50	8	
51	7	
52	8	
53	7	
54	2	
55	5	
56	8	
57	3	
58	9	
59	6	
60	2	
61	1	
62	1	
63	6	
64	1	
65	10	
66	6	
67	7	
68	3	
69	6	
70	4	
71	6	
72	2	
73	2	
74	7	
75	4	
76	1	
77	9	
78	7	
79	3	
80	7	
81	4	
82	4	
83	9	
84	10	
85	10	
86	2	
87	2	
88	10	
89	2	
90	7	
91	7	
92	9	
93	3	
94	8	
95	6	
96	1	
97	9	
98	1	
99	4	
100	2	
101	1	
102	6	
103	6	
104	10	
105	7	
106	10	
107	1	
108	3	
109	7	
110	7	
111	3	
112	9	
113	3	
114	3	
115	3	
116	9	
117	5	
118	9	
119	7	
120	3	
121	2	
122	7	
123	8	
124	7	
125	3	
126	7	
127	10	
128	8	
129	1	
130	1	
131	6	
132	7	
133	9	
134	10	
135	5	
136	8	
137	5	
138	1	
139	10	
140	2	
141	7	
142	1	
143	1	
144	1	
145	7	
146	8	
147	8	
148	5	
149	5	
150	10	
151	9	
152	9	
153	2	
154	10	
155	2	
156	8	
157	2	
158	1	
159	8	
160	5	
161	7	
162	5	
163	4	
164	2	
165	7	
166	4	
167	9	
168	6	
169	10	
170	1	
171	1	
172	10	
173	5	
174	2	
175	9	
176	1	
177	4	
178	5	
179	6	
180	10	
181	5	
182	5	
183	10	
184	4	
185	1	
186	5	
187	4	
188	7	
189	4	
190	1	
191	10	
192	1	
193	6	
194	8	
195	1	
196	4	
197	6	
198	6	
199	3	
200	1	
201	1	
202	7	
203	3	
204	7	
205	3	
206	5	
207	4	
208	4	
209	3	
210	5	
211	2	
212	10	
213	9	
214	1	
215	4	
216	9	
217	2	
218	4	
219	3	
220	6	
221	4	
222	9	
223	3	
224	10	
225	4	
226	10	
227	3	
228	9	
229	9	
230	1	
231	9	
232	10	
233	1	
234	6	
235	1	
236	6	
237	1	
238	1	
239	5	
240	5	
241	5	
242	3	
243	7	
244	3	
245	8	
246	1	
247	10	
248	8	
249	10	
250	10	
251	7	
252	3	
253	1	
254	2	
255	1	
256	3	
257	10	
258	4	
259	5	
260	3	
261	1	
262	3	
263	7	
264	7	
265	5	
266	2	
267	2	
268	2	
269	9	
270	5	
271	10	
272	9	
273	6	
274	3	
275	3	
276	4	
277	7	
278	10	
279	7	
280	10	
281	3	
282	4	
283	3	
284	3	
285	2	
286	7	
287	9	
288	7	
289	7	
290	1	
291	4	
292	4	
293	4	
294	10	
295	1	
296	5	
297	8	
298	2	
299	2	
300	2	
301	6	
302	9	
303	8	
304	1	
305	7	
306	2	
307	7	
308	9	
309	8	
310	5	
311	10	
312	2	
313	6	
314	6	
315	8	
316	2	
317	9	
318	1	
319	4	
320	3	
321	2	
322	3	
323	6	
324	6	
325	5	
326	5	
327	10	
328	9	
329	4	
330	5	
331	10	
332	5	
333	7	
334	10	
335	2	
336	5	
337	5	
338	7	
339	4	
340	6	
341	5	
342	2	
343	4	
344	2	
345	2	
346	9	
347	10	
348	10	
349	5	
350	1	
351	4	
352	8	
353	4	
354	4	
355	10	
356	7	
357	7	
358	9	
359	9	
360	8	
361	2	
362	7	
363	1	
364	8	
365	4	
366	1	
367	3	
368	4	
369	1	
370	5	
371	2	
372	8	
373	8	
374	6	
375	6	
376	3	
377	5	
378	6	
379	8	
380	7	
381	7	
382	5	
383	4	
384	3	
385	1	
386	9	
387	1	
388	8	
389	8	
390	8	
391	9	
392	9	
393	3	
394	10	
395	6	
396	7	
397	10	
398	2	
399	8	
400	5	
401	8	
402	5	
403	2	
404	3	
405	6	
406	10	
407	8	
408	10	
409	8	
410	8	
411	9	
412	1	
413	3	
414	5	
415	5	
416	4	
417	1	
418	8	
419	6	
420	2	
421	9	
422	1	
423	3	
424	10	
425	10	
426	5	
427	8	
428	4	
429	8	
430	2	
431	3	
432	6	
433	10	
434	3	
435	9	
436	9	
437	8	
438	10	
439	6	
440	3	
441	8	
442	10	
443	2	
444	4	
445	5	
446	2	
447	7	
448	1	
449	5	
450	3	
451	7	
452	7	
453	9	
454	5	
455	10	
456	4	
457	5	
458	6	
459	7	
460	8	
461	9	
462	2	
463	9	
464	6	
465	2	
466	8	
467	10	
468	6	
469	2	
470	5	
471	6	
472	1	
473	6	
474	10	
475	10	
476	3	
477	1	
478	10	
479	3	
480	3	
481	5	
482	5	
483	9	
484	2	
485	5	
486	5	
487	10	
488	8	
489	9	
490	1	
491	1	
492	3	
493	7	
494	1	
495	1	
496	8	
497	9	
498	3	
499	2	
500	2	
501	9	
502	10	
503	5	
504	5	
505	5	
506	7	
507	7	
508	7	
509	7	
510	3	
511	10	
512	8	
513	4	
514	8	
515	1	
516	10	
517	6	
518	1	
519	5	
520	4	
521	5	
522	1	
523	10	
524	4	
525	5	
526	4	
527	7	
528	2	
529	7	
530	9	
531	7	
532	6	
533	4	
534	9	
535	3	
536	4	
537	1	
538	10	
539	10	
540	10	
541	3	
542	6	
543	5	
544	4	
545	10	
546	10	
547	9	
548	6	
549	8	
550	8	
551	8	
552	3	
553	1	
554	5	
555	7	
556	9	
557	6	
558	7	
559	8	
560	7	
561	5	
562	5	
563	6	
564	6	
565	10	
566	3	
567	5	
568	5	
569	5	
570	7	
571	2	
572	9	
573	6	
574	10	
575	5	
576	3	
577	7	
578	7	
579	7	
580	10	
581	2	
582	9	
583	9	
584	10	
585	3	
586	10	
587	2	
588	2	
589	3	
590	7	
591	3	
592	3	
593	2	
594	9	
595	2	
596	9	
597	5	
598	10	
599	8	
600	8	
601	8	
602	5	
603	2	
604	1	
605	10	
606	9	
607	6	
608	1	
609	10	
610	1	
611	8	
612	3	
613	3	
614	6	
615	10	
616	4	
617	7	
618	1	
619	8	
620	4	
621	9	
622	9	
623	7	
624	10	
625	1	
626	7	
627	6	
628	1	
629	8	
630	10	
631	4	
632	4	
633	6	
634	5	
635	6	
636	3	
637	3	
638	8	
639	1	
640	3	
641	10	
642	3	
643	8	
644	8	
645	3	
646	6	
647	1	
648	4	
649	6	
650	10	
651	5	
652	2	
653	10	
654	7	
655	7	
656	6	
657	1	
658	8	
659	10	
660	3	
661	10	
662	1	
663	6	
664	8	
665	8	
666	8	
667	9	
668	9	
669	4	
670	2	
671	9	
672	5	
673	2	
674	9	
675	9	
676	4	
677	1	
678	4	
679	4	
680	8	
681	3	
682	6	
683	2	
684	1	
685	5	
686	10	
687	1	
688	3	
689	4	
690	8	
691	7	
692	10	
693	2	
694	5	
695	9	
696	1	
697	3	
698	1	
699	2	
700	4	
701	3	
702	10	
703	1	
704	2	
705	7	
706	9	
707	6	
708	9	
709	2	
710	7	
711	2	
712	5	
713	4	
714	6	
715	10	
716	6	
717	5	
718	3	
719	2	
720	9	
721	5	
722	9	
723	8	
724	1	
725	8	
726	5	
727	4	
728	8	
729	8	
730	2	
731	3	
732	7	
733	3	
734	10	
735	2	
736	6	
737	1	
738	8	
739	5	
740	6	
741	9	
742	2	
743	3	
744	6	
745	10	
746	5	
747	10	
748	7	
749	10	
750	7	
751	1	
752	9	
753	7	
754	6	
755	1	
756	1	
757	9	
758	9	
759	4	
760	1	
761	9	
762	8	
763	9	
764	3	
765	2	
766	3	
767	10	
768	6	
769	3	
770	5	
771	10	
772	8	
773	7	
774	7	
775	4	
776	1	
777	8	
778	4	
779	5	
780	9	
781	5	
782	3	
783	10	
784	4	
785	4	
786	2	
787	2	
788	10	
789	10	
790	9	
791	9	
792	2	
793	7	
794	6	
795	1	
796	1	
797	4	
798	2	
799	2	
800	4	
801	2	
802	9	
803	1	
804	9	
805	2	
806	7	
807	9	
808	5	
809	1	
810	5	
811	5	
812	5	
813	3	
814	9	
815	2	
816	4	
817	3	
818	9	
819	1	
820	1	
821	7	
822	2	
823	3	
824	8	
825	1	
826	8	
827	8	
828	1	
829	2	
830	6	
831	4	
832	10	
833	7	
834	7	
835	2	
836	7	
837	5	
838	5	
839	3	
840	5	
841	5	
842	1	
843	1	
844	3	
845	5	
846	8	
847	8	
848	4	
849	9	
850	8	
851	6	
852	7	
853	8	
854	9	
855	6	
856	7	
857	8	
858	1	
859	5	
860	6	
861	7	
862	1	
863	3	
864	4	
865	1	
866	6	
867	1	
868	10	
869	1	
870	5	
871	10	
872	2	
873	7	
874	9	
875	4	
876	4	
877	8	
878	5	
879	1	
880	1	
881	5	
882	4	
883	7	
884	2	
885	1	
886	1	
887	9	
888	10	
889	3	
890	4	
891	6	
892	5	
893	6	
894	2	
895	1	
896	7	
897	4	
898	6	
899	3	
900	9	
901	4	
902	10	
903	10	
904	5	
905	2	
906	3	
907	1	
908	5	
909	10	
910	10	
911	3	
912	10	
913	10	
914	10	
915	7	
916	7	
917	5	
918	7	
919	4	
920	3	
921	2	
922	2	
923	6	
924	4	
925	10	
926	4	
927	2	
928	8	
929	3	
930	10	
931	5	
932	1	
933	9	
934	3	
935	7	
936	2	
937	6	
938	8	
939	3	
940	1	
941	5	
942	2	
943	5	
944	1	
945	8	
946	10	
947	6	
948	4	
949	9	
950	7	
951	8	
952	8	
953	10	
954	6	
955	6	
956	2	
957	9	
958	9	
959	10	
960	10	
961	1	
962	1	
963	3	
964	8	
965	9	
966	3	
967	10	
968	8	
969	6	
970	3	
971	6	
972	9	
973	5	
974	4	
975	10	
976	1	
977	10	
978	7	
979	1	
980	1	
981	7	
982	8	
983	7	
984	8	
985	1	
986	6	
987	8	
988	6	
989	10	
990	9	
991	8	
992	2	
993	10	
994	5	
995	10	
996	1	
997	9	
998	7	
999	6	
1000	4	
1001	9	
1002	6	
1003	5	
1004	1	
1005	3	
1006	7	
1007	9	
1008	9	
1009	7	
1010	2	
1011	9	
1012	6	
1013	6	
1014	5	
1015	10	
1016	6	
1017	8	
1018	1	
1019	1	
1020	3	
1021	4	
1022	2	
1023	7	
1024	2	
1025	3	
1026	3	
1027	3	
1028	3	
1029	6	
1030	9	
1031	10	
1032	6	
1033	10	
1034	6	
1035	7	
1036	2	
1037	5	
1038	4	
1039	1	
1040	4	
1041	8	
1042	3	
1043	6	
1044	10	
1045	7	
1046	1	
1047	7	
1048	1	
1049	7	
1050	2	
1051	8	
1052	2	
1053	5	
1054	9	
1055	10	
1056	9	
1057	3	
1058	6	
1059	9	
1060	5	
1061	6	
1062	4	
1063	1	
1064	1	
1065	10	
1066	3	
1067	8	
1068	1	
1069	8	
1070	7	
1071	2	
1072	1	
1073	7	
1074	3	
1075	5	
1076	8	
1077	9	
1078	3	
1079	10	
1080	8	
1081	8	
1082	2	
1083	6	
1084	5	
1085	2	
1086	5	
1087	2	
1088	4	
1089	3	
1090	1	
1091	4	
1092	3	
1093	10	
1094	3	
1095	1	
1096	10	
1097	5	
1098	7	
1099	5	
1100	3	
1101	10	
1102	3	
1103	3	
1104	2	
1105	5	
1106	9	
1107	3	
1108	5	
1109	8	
1110	7	
1111	9	
1112	7	
1113	3	
1114	7	
1115	6	
1116	5	
1117	10	
1118	4	
1119	9	
1120	1	
1121	7	
1122	4	
1123	5	
1124	6	
1125	1	
1126	7	
1127	5	
1128	8	
1129	10	
1130	10	
1131	9	
1132	3	
1133	8	
1134	5	
1135	3	
1136	10	
1137	5	
1138	2	
1139	10	
1140	8	
1141	1	
1142	2	
1143	2	
1144	9	
1145	2	
1146	2	
1147	9	
1148	9	
1149	4	
1150	5	
1151	4	
1152	3	
1153	4	
1154	8	
1155	3	
1156	9	
1157	1	
1158	3	
1159	10	
1160	5	
1161	10	
1162	6	
1163	10	
1164	3	
1165	2	
1166	9	
1167	2	
1168	10	
1169	7	
1170	3	
1171	5	
1172	1	
1173	5	
1174	9	
1175	3	
1176	5	
1177	8	
1178	2	
1179	5	
1180	5	
1181	1	
1182	9	
1183	8	
1184	1	
1185	9	
1186	2	
1187	1	
1188	9	
1189	3	
1190	3	
1191	8	
1192	4	
1193	6	
1194	9	
1195	3	
1196	3	
1197	2	
1198	8	
1199	5	
1200	4	
1201	10	
1202	2	
1203	3	
1204	3	
1205	3	
1206	6	
1207	7	
1208	6	
1209	7	
1210	3	
1211	4	
1212	6	
1213	3	
1214	1	
1215	10	
1216	6	
1217	4	
1218	1	
1219	8	
1220	7	
1221	10	
1222	5	
1223	4	
1224	8	
1225	5	
1226	3	
1227	4	
1228	4	
1229	10	
1230	9	
1231	3	
1232	9	
1233	9	
1234	6	
1235	7	
1236	9	
1237	5	
1238	2	
1239	1	
1240	2	
1241	3	
1242	8	
1243	7	
1244	3	
1245	3	
1246	7	
1247	3	
1248	7	
1249	1	
1250	2	
1251	6	
1252	3	
1253	3	
1254	4	
1255	1	
1256	6	
1257	3	
1258	4	
1259	3	
1260	6	
1261	8	
1262	1	
1263	7	
1264	8	
1265	3	
1266	6	
1267	6	
1268	7	
1269	6	
1270	8	
1271	3	
1272	8	
1273	3	
1274	2	
1275	8	
1276	8	
1277	10	
1278	2	
1279	3	
1280	10	
1281	5	
1282	1	
1283	10	
1284	7	
1285	1	
1286	2	
1287	6	
1288	5	
1289	6	
1290	7	
1291	8	
1292	5	
1293	8	
1294	3	
1295	6	
1296	5	
1297	1	
1298	3	
1299	8	
1300	6	
1301	9	
1302	7	
1303	10	
1304	7	
1305	1	
1306	4	
1307	5	
1308	10	
1309	7	
1310	1	
1311	4	
1312	8	
1313	6	
1314	7	
1315	9	
1316	8	
1317	4	
1318	5	
1319	6	
1320	7	
1321	3	
1322	6	
1323	7	
1324	7	
1325	9	
1326	7	
1327	8	
1328	5	
1329	8	
1330	2	
1331	4	
1332	5	
1333	4	
1334	10	
1335	3	
1336	7	
1337	1	
1338	9	
1339	2	
1340	5	
1341	2	
1342	7	
1343	5	
1344	6	
1345	6	
1346	3	
1347	5	
1348	8	
1349	7	
1350	5	
1351	9	
1352	9	
1353	2	
1354	2	
1355	10	
1356	2	
1357	6	
1358	2	
1359	4	
1360	8	
1361	6	
1362	1	
1363	9	
1364	7	
1365	3	
1366	1	
1367	7	
1368	8	
1369	7	
1370	6	
1371	5	
1372	9	
1373	4	
1374	2	
1375	8	
1376	8	
1377	6	
1378	1	
1379	5	
1380	10	
1381	7	
1382	2	
1383	6	
1384	9	
1385	2	
1386	8	
1387	8	
1388	7	
1389	1	
1390	3	
1391	9	
1392	4	
1393	7	
1394	6	
1395	4	
1396	5	
1397	10	
1398	1	
1399	10	
1400	2	
1401	5	
1402	5	
1403	9	
1404	8	
1405	8	
1406	1	
1407	2	
1408	3	
1409	7	
1410	2	
1411	8	
1412	2	
1413	8	
1414	7	
1415	2	
1416	2	
1417	7	
1418	8	
1419	6	
1420	8	
1421	3	
1422	4	
1423	3	
1424	3	
1425	8	
1426	4	
1427	1	
1428	9	
1429	4	
1430	1	
1431	9	
1432	9	
1433	10	
1434	6	
1435	8	
1436	4	
1437	2	
1438	7	
1439	1	
1440	6	
1441	2	
1442	1	
1443	7	
1444	4	
1445	7	
1446	2	
1447	5	
1448	10	
1449	3	
1450	1	
1451	8	
1452	8	
1453	9	
1454	6	
1455	9	
1456	1	
1457	3	
1458	1	
1459	5	
1460	6	
1461	2	
1462	7	
1463	3	
1464	5	
1465	6	
1466	8	
1467	10	
1468	2	
1469	2	
1470	6	
1471	9	
1472	8	
1473	6	
1474	3	
1475	7	
1476	1	
1477	5	
1478	8	
1479	8	
1480	9	
1481	1	
1482	8	
1483	5	
1484	10	
1485	10	
1486	2	
1487	6	
1488	10	
1489	4	
1490	9	
1491	1	
1492	5	
1493	4	
1494	4	
1495	3	
1496	7	
1497	9	
1498	7	
1499	10	
1500	2	
1501	2	
1502	10	
1503	5	
1504	8	
1505	1	
1506	7	
1507	2	
1508	2	
1509	1	
1510	2	
1511	9	
1512	1	
1513	10	
1514	6	
1515	4	
1516	6	
1517	6	
1518	7	
1519	9	
1520	1	
1521	9	
1522	3	
1523	9	
1524	6	
1525	1	
1526	7	
1527	8	
1528	9	
1529	10	
1530	3	
1531	2	
1532	10	
1533	10	
1534	5	
1535	4	
1536	10	
1537	10	
1538	3	
1539	9	
1540	4	
1541	4	
1542	8	
1543	8	
1544	8	
1545	7	
1546	3	
1547	4	
1548	7	
1549	8	
1550	6	
1551	5	
1552	3	
1553	10	
1554	6	
1555	3	
1556	6	
1557	6	
1558	8	
1559	4	
1560	10	
1561	10	
1562	2	
1563	8	
1564	9	
1565	6	
1566	2	
1567	9	
1568	3	
1569	6	
1570	2	
1571	3	
1572	6	
1573	4	
1574	3	
1575	1	
1576	7	
1577	7	
1578	8	
1579	3	
1580	8	
1581	1	
1582	1	
1583	8	
1584	8	
1585	4	
1586	8	
1587	1	
1588	10	
1589	8	
1590	6	
1591	2	
1592	9	
1593	10	
1594	6	
1595	8	
1596	2	
1597	5	
1598	2	
1599	1	
1600	6	
1601	10	
1602	5	
1603	8	
1604	4	
1605	2	
1606	8	
1607	7	
1608	2	
1609	10	
1610	4	
1611	8	
1612	3	
1613	6	
1614	3	
1615	7	
1616	7	
1617	1	
1618	4	
1619	1	
1620	9	
1621	5	
1622	9	
1623	9	
1624	4	
1625	5	
1626	6	
1627	4	
1628	8	
1629	5	
1630	9	
1631	10	
1632	2	
1633	9	
1634	6	
1635	3	
1636	7	
1637	9	
1638	5	
1639	9	
1640	1	
1641	7	
1642	9	
1643	2	
1644	7	
1645	4	
1646	3	
1647	3	
1648	1	
1649	1	
1650	7	
1651	5	
1652	8	
1653	4	
1654	7	
1655	9	
1656	6	
1657	6	
1658	2	
1659	7	
1660	8	
1661	7	
1662	8	
1663	5	
1664	7	
1665	3	
1666	8	
1667	5	
1668	8	
1669	1	
1670	1	
1671	2	
1672	5	
1673	7	
1674	9	
1675	4	
1676	7	
1677	9	
1678	1	
1679	8	
1680	3	
1681	5	
1682	6	
1683	2	
1684	3	
1685	10	
1686	10	
1687	9	
1688	8	
1689	5	
1690	4	
1691	5	
1692	7	
1693	4	
1694	10	
1695	5	
1696	6	
1697	7	
1698	8	
1699	9	
1700	8	
1701	7	
1702	3	
1703	3	
1704	4	
1705	7	
1706	1	
1707	6	
1708	8	
1709	8	
1710	8	
1711	3	
1712	1	
1713	3	
1714	1	
1715	8	
1716	5	
1717	4	
1718	8	
1719	8	
1720	4	
1721	7	
1722	5	
1723	8	
1724	5	
1725	4	
1726	2	
1727	3	
1728	4	
1729	8	
1730	7	
1731	6	
1732	2	
1733	2	
1734	6	
1735	7	
1736	8	
1737	3	
1738	1	
1739	9	
1740	1	
1741	8	
1742	5	
1743	1	
1744	2	
1745	1	
1746	1	
1747	10	
1748	9	
1749	10	
1750	7	
1751	2	
1752	3	
1753	3	
1754	9	
1755	5	
1756	5	
1757	4	
1758	8	
1759	7	
1760	5	
1761	2	
1762	2	
1763	4	
1764	6	
1765	7	
1766	9	
1767	10	
1768	5	
1769	2	
1770	3	
1771	10	
1772	2	
1773	9	
1774	1	
1775	9	
1776	5	
1777	1	
1778	3	
1779	4	
1780	7	
1781	9	
1782	4	
1783	10	
1784	5	
1785	7	
1786	10	
1787	6	
1788	2	
1789	9	
1790	9	
1791	8	
1792	3	
1793	4	
1794	1	
1795	5	
1796	1	
1797	5	
1798	8	
1799	10	
1800	3	
1801	1	
1802	4	
1803	3	
1804	6	
1805	8	
1806	1	
1807	8	
1808	5	
1809	3	
1810	3	
1811	5	
1812	4	
1813	10	
1814	10	
1815	6	
1816	2	
1817	10	
1818	6	
1819	5	
1820	10	
1821	5	
1822	2	
1823	3	
1824	8	
1825	1	
1826	1	
1827	9	
1828	4	
1829	8	
1830	6	
1831	6	
1832	3	
1833	2	
1834	9	
1835	4	
1836	2	
1837	6	
1838	1	
1839	4	
1840	3	
1841	2	
1842	4	
1843	3	
1844	1	
1845	3	
1846	9	
1847	8	
1848	8	
1849	5	
1850	7	
1851	4	
1852	6	
1853	7	
1854	6	
1855	10	
1856	4	
1857	9	
1858	5	
1859	5	
1860	5	
1861	7	
1862	10	
1863	4	
1864	3	
1865	3	
1866	9	
1867	8	
1868	5	
1869	4	
1870	2	
1871	6	
1872	9	
1873	8	
1874	4	
1875	4	
1876	9	
1877	2	
1878	10	
1879	6	
1880	8	
1881	7	
1882	8	
1883	1	
1884	3	
1885	8	
1886	1	
1887	9	
1888	1	
1889	5	
1890	1	
1891	7	
1892	9	
1893	7	
1894	4	
1895	2	
1896	5	
1897	10	
1898	9	
1899	3	
1900	9	
1901	1	
1902	5	
1903	3	
1904	2	
1905	6	
1906	9	
1907	4	
1908	1	
1909	3	
1910	8	
1911	6	
1912	1	
1913	10	
1914	5	
1915	5	
1916	6	
1917	9	
1918	2	
1919	6	
1920	2	
1921	5	
1922	6	
1923	2	
1924	5	
1925	10	
1926	9	
1927	8	
1928	8	
1929	1	
1930	5	
1931	7	
1932	1	
1933	3	
1934	8	
1935	1	
1936	1	
1937	5	
1938	3	
1939	10	
1940	7	
1941	3	
1942	6	
1943	10	
1944	10	
1945	9	
1946	10	
1947	6	
1948	1	
1949	9	
1950	2	
1951	6	
1952	5	
1953	3	
1954	7	
1955	4	
1956	9	
1957	7	
1958	10	
1959	2	
1960	6	
1961	2	
1962	6	
1963	1	
1964	8	
1965	7	
1966	4	
1967	5	
1968	8	
1969	9	
1970	7	
1971	9	
1972	10	
1973	1	
1974	4	
1975	3	
1976	8	
1977	7	
1978	8	
1979	5	
1980	3	
1981	10	
1982	9	
1983	10	
1984	4	
1985	1	
1986	3	
1987	8	
1988	6	
1989	3	
1990	10	
1991	9	
1992	7	
1993	4	
1994	5	
1995	8	
1996	6	
1997	4	
1998	8	
1999	2	
2000	8	
548
