50
0 62 77 55 63 82 30 54 32 83 68 38 60 40 62 66 53 53 52 54 40 61 44 55 52 80 41 57 35 36 56 70 53 37 32 72 69 30 51 42 51 56 33 47 50 79 49 64 46 62 
62 0 65 65 64 74 53 45 49 72 66 47 58 65 60 67 51 49 60 57 58 67 74 50 48 68 45 64 48 61 54 69 47 48 62 64 65 38 74 47 78 54 43 46 53 68 38 66 36 50 
77 65 0 70 69 51 65 29 62 36 63 58 64 80 63 73 53 53 64 62 71 77 88 49 41 36 51 66 60 75 46 62 61 60 76 43 54 51 88 49 92 52 55 51 66 31 34 70 42 23 
55 65 70 0 52 69 36 43 37 73 52 56 52 63 74 80 66 45 32 70 47 78 62 65 36 76 29 35 38 59 38 51 60 56 51 59 52 35 74 23 63 69 33 60 64 70 52 79 45 56 
63 64 69 52 0 70 48 43 46 72 54 59 50 70 74 81 66 42 47 71 55 80 73 64 38 74 32 50 45 66 42 57 60 59 61 60 55 38 81 33 75 68 38 60 65 69 50 80 43 54 
82 74 51 69 70 0 68 31 65 51 62 71 67 88 80 89 71 56 63 79 75 91 92 67 39 60 51 64 64 84 43 58 71 73 81 38 50 56 98 48 95 72 58 67 77 48 50 87 50 41 
30 53 65 36 48 68 0 41 18 70 52 35 46 38 57 62 48 39 34 51 27 58 35 50 36 70 25 39 21 34 40 53 45 35 25 58 53 19 49 25 37 52 19 42 45 67 41 60 36 51 
54 45 29 43 43 31 41 0 37 32 36 42 39 59 51 60 42 28 37 50 47 61 64 39 14 36 24 39 36 55 20 35 42 43 53 21 28 28 68 22 67 44 30 38 48 29 22 58 21 16 
32 49 62 37 46 65 18 37 0 67 50 34 42 40 54 59 46 36 34 49 24 56 41 46 34 66 23 39 17 36 38 52 41 34 30 55 51 15 51 24 44 49 15 39 43 64 37 58 32 47 
83 72 36 73 72 51 70 32 67 0 65 67 69 87 73 83 64 57 67 72 76 86 93 60 43 47 54 68 65 83 48 63 69 69 82 43 55 57 96 52 97 63 60 61 74 31 43 80 48 30 
68 66 63 52 54 62 52 36 50 65 0 62 53 75 76 83 68 43 46 74 59 83 76 65 29 70 35 47 49 70 32 47 63 63 65 51 45 42 85 30 79 70 43 62 68 62 50 82 43 49 
38 47 58 56 59 71 35 42 34 67 62 0 53 32 30 33 19 45 52 18 42 26 49 25 45 60 39 57 35 27 50 65 36 5 37 61 62 26 35 41 57 22 32 16 28 63 26 28 33 44 
60 58 64 52 50 67 46 39 42 69 53 53 0 66 68 75 60 37 46 65 52 74 69 58 36 69 31 50 41 62 41 56 54 54 58 57 54 34 76 33 73 62 35 54 60 65 44 74 37 50 
40 65 80 63 70 88 38 59 40 87 75 32 66 0 59 62 49 59 60 49 48 56 48 54 58 83 49 65 42 27 63 77 55 31 37 78 76 36 41 50 57 52 40 44 49 84 50 59 51 66 
62 60 63 74 74 80 57 51 54 73 76 30 68 59 0 43 24 59 69 31 63 48 74 28 58 65 55 74 54 54 63 79 50 33 62 70 74 44 63 57 81 27 51 23 46 69 32 39 45 51 
66 67 73 80 81 89 62 60 59 83 83 33 75 62 43 0 33 66 75 36 68 50 77 39 65 76 61 80 59 57 71 86 57 35 65 79 82 50 66 63 85 36 56 30 51 79 42 45 53 61 
53 51 53 66 66 71 48 42 46 64 68 19 60 49 24 33 0 51 61 17 54 37 64 18 49 55 46 65 46 44 55 70 42 22 52 61 66 36 52 49 71 11 42 14 37 60 23 24 36 41 
53 49 53 45 42 56 39 28 36 57 43 45 37 59 59 66 51 0 39 56 45 66 63 48 26 58 24 42 34 54 31 46 46 46 51 45 43 27 69 25 66 53 28 45 51 54 34 65 27 38 
52 60 64 32 47 63 34 37 34 67 46 52 46 60 69 75 61 39 0 65 44 73 59 60 30 70 23 31 34 56 33 45 55 52 49 53 46 30 71 18 61 64 28 55 59 64 47 75 39 50 
54 57 62 70 71 79 51 50 49 72 74 18 65 49 31 36 17 56 65 0 57 37 65 27 56 64 51 70 49 44 61 77 47 21 53 69 72 40 51 54 73 18 46 20 40 69 31 24 43 50 
40 58 71 47 55 75 27 47 24 76 59 42 52 48 63 68 54 45 44 57 0 64 49 55 44 75 33 49 27 44 47 62 50 42 38 65 61 24 59 34 53 57 25 48 51 73 46 66 41 56 
61 67 77 78 80 91 58 61 56 86 83 26 74 56 48 50 37 66 73 37 64 0 72 43 65 79 60 78 56 51 71 86 56 29 60 80 82 47 59 62 80 40 53 34 48 82 45 47 53 63 
44 74 88 62 73 92 35 64 41 93 76 49 69 48 74 77 64 63 59 65 49 72 0 67 61 92 50 64 44 45 64 78 65 48 36 82 78 41 59 50 53 68 42 59 62 90 61 75 58 73 
55 50 49 65 64 67 50 39 46 60 65 25 58 54 28 39 18 48 60 27 55 43 67 0 46 51 45 64 46 49 52 68 41 28 55 57 62 36 58 47 74 19 42 18 39 56 19 34 34 37 
52 48 41 36 38 39 36 14 34 43 29 45 36 58 58 65 49 26 30 56 44 65 61 46 0 48 19 31 33 54 12 28 45 46 50 29 23 26 69 15 63 51 27 44 51 40 30 64 25 28 
80 68 36 76 74 60 70 36 66 47 70 60 69 83 65 76 55 58 70 64 75 79 92 51 48 0 56 72 65 78 54 69 64 62 80 51 62 55 91 55 96 54 59 53 69 43 36 72 46 28 
41 45 51 29 32 51 25 24 23 54 35 39 31 49 55 61 46 24 23 51 33 60 50 45 19 56 0 27 22 44 23 37 41 39 39 41 36 17 59 10 52 49 16 40 45 51 32 60 24 36 
57 64 66 35 50 64 39 39 39 68 47 57 50 65 74 80 65 42 31 70 49 78 64 64 31 72 27 0 39 61 33 45 59 57 54 54 47 35 76 19 66 68 33 59 64 65 50 79 43 52 
35 48 60 38 45 64 21 36 17 65 49 35 41 42 54 59 46 34 34 49 27 56 44 46 33 65 22 39 0 38 37 51 41 35 33 54 50 14 53 24 48 49 14 39 43 62 36 58 30 46 
36 61 75 59 66 84 34 55 36 83 70 27 62 27 54 57 44 54 56 44 44 51 45 49 54 78 44 61 38 0 58 73 50 26 34 73 71 32 37 46 54 47 36 39 45 79 46 54 46 61 
56 54 46 38 42 43 40 20 38 48 32 50 41 63 63 71 55 31 33 61 47 71 64 52 12 54 23 33 37 58 0 28 50 51 53 33 26 31 73 17 67 57 31 49 56 45 36 70 30 33 
70 69 62 51 57 58 53 35 52 63 47 65 56 77 79 86 70 46 45 77 62 86 78 68 28 69 37 45 51 73 28 0 66 66 67 48 40 45 88 30 80 72 45 65 72 60 52 85 46 49 
53 47 61 60 60 71 45 42 41 69 63 36 54 55 50 57 42 46 55 47 50 56 65 41 45 64 41 59 41 50 50 66 0 37 53 61 62 31 63 43 70 45 37 36 42 65 32 56 33 47 
37 48 60 56 59 73 35 43 34 69 63 5 54 31 33 35 22 46 52 21 42 29 48 28 46 62 39 57 35 26 51 66 37 0 36 62 63 26 34 41 56 25 32 19 29 65 29 31 34 46 
32 62 76 51 61 81 25 53 30 82 65 37 58 37 62 65 52 51 49 53 38 60 36 55 50 80 39 54 33 34 53 67 53 36 0 71 67 29 49 40 44 56 31 47 50 79 49 63 46 61 
72 64 43 59 60 38 58 21 55 43 51 61 57 78 70 79 61 45 53 69 65 80 82 57 29 51 41 54 54 73 33 48 61 62 71 0 40 46 87 37 85 62 48 57 67 40 40 77 40 31 
69 65 54 52 55 50 53 28 51 55 45 62 54 76 74 82 66 43 46 72 61 82 78 62 23 62 36 47 50 71 26 40 62 63 67 40 0 43 86 31 80 67 44 60 68 52 46 81 41 41 
30 38 51 35 38 56 19 28 15 57 42 26 34 36 44 50 36 27 30 40 24 47 41 36 26 55 17 35 14 32 31 45 31 26 29 46 43 0 47 19 45 39 10 29 33 54 26 49 21 36 
51 74 88 74 81 98 49 68 51 96 85 35 76 41 63 66 52 69 71 51 59 59 59 58 69 91 59 76 53 37 73 88 63 34 49 87 86 47 0 61 68 55 51 49 56 92 57 61 60 74 
42 47 49 23 33 48 25 22 24 52 30 41 33 50 57 63 49 25 18 54 34 62 50 47 15 55 10 19 24 46 17 30 43 41 40 37 31 19 61 0 52 51 18 42 48 49 33 63 26 35 
51 78 92 63 75 95 37 67 44 97 79 57 73 57 81 85 71 66 61 73 53 80 53 74 63 96 52 66 48 54 67 80 70 56 44 85 80 45 68 52 0 75 45 65 69 94 66 83 62 77 
56 54 52 69 68 72 52 44 49 63 70 22 62 52 27 36 11 53 64 18 57 40 68 19 51 54 49 68 49 47 57 72 45 25 56 62 67 39 55 51 75 0 45 18 40 59 24 25 39 41 
33 43 55 33 38 58 19 30 15 60 43 32 35 40 51 56 42 28 28 46 25 53 42 42 27 59 16 33 14 36 31 45 37 32 31 48 44 10 51 18 45 45 0 36 39 56 31 55 25 40 
47 46 51 60 60 67 42 38 39 61 62 16 54 44 23 30 14 45 55 20 48 34 59 18 44 53 40 59 39 39 49 65 36 19 47 57 60 29 49 42 65 18 36 0 31 57 20 28 31 38 
50 53 66 64 65 77 45 48 43 74 68 28 60 49 46 51 37 51 59 40 51 48 62 39 51 69 45 64 43 45 56 72 42 29 50 67 68 33 56 48 69 40 39 31 0 70 35 50 39 52 
79 68 31 70 69 48 67 29 64 31 62 63 65 84 69 79 60 54 64 69 73 82 90 56 40 43 51 65 62 79 45 60 65 65 79 40 52 54 92 49 94 59 56 57 70 0 39 76 45 27 
49 38 34 52 50 50 41 22 37 43 50 26 44 50 32 42 23 34 47 31 46 45 61 19 30 36 32 50 36 46 36 52 32 29 49 40 46 26 57 33 66 24 31 20 35 39 0 39 20 21 
64 66 70 79 80 87 60 58 58 80 82 28 74 59 39 45 24 65 75 24 66 47 75 34 64 72 60 79 58 54 70 85 56 31 63 77 81 49 61 63 83 25 55 28 50 76 39 0 51 57 
46 36 42 45 43 50 36 21 32 48 43 33 37 51 45 53 36 27 39 43 41 53 58 34 25 46 24 43 30 46 30 46 33 34 46 40 41 21 60 26 62 39 25 31 39 45 20 51 0 27 
62 50 23 56 54 41 51 16 47 30 49 44 50 66 51 61 41 38 50 50 56 63 73 37 28 28 36 52 46 61 33 49 47 46 61 31 41 36 74 35 77 41 40 38 52 27 21 57 27 0 
1275
0 7 2 6 5 4 9 8 7 9 1 5 9 7 7 10 2 2 10 6 1 9 9 6 9 1 8 6 3 5 1 6 4 8 9 4 10 9 4 10 3 8 5 9 5 5 8 2 8 7 
