20
0 25 20 20 22 29 25 15 26 17 32 34 29 21 29 26 31 31 15 34 
25 0 16 24 30 14 26 13 14 11 18 12 28 28 12 22 13 25 21 14 
20 16 0 23 25 21 17 8 15 7 29 27 20 22 20 15 25 19 19 24 
20 24 23 0 23 29 29 17 28 20 29 34 33 25 29 30 29 34 13 35 
22 30 25 23 0 34 29 20 32 23 36 40 33 23 35 31 36 36 17 40 
29 14 21 29 34 0 30 17 19 15 27 24 32 32 18 27 23 30 26 24 
25 26 17 29 29 30 0 16 24 17 38 36 20 24 30 18 35 24 24 33 
15 13 8 17 20 17 16 0 13 5 24 23 19 17 17 15 21 19 13 22 
26 14 15 28 32 19 24 13 0 11 29 25 26 28 18 20 24 23 24 21 
17 11 7 20 23 15 17 5 11 0 24 21 19 20 15 14 20 17 16 19 
32 18 29 29 36 27 38 24 29 24 0 26 41 37 27 36 19 39 26 30 
34 12 27 34 40 24 36 23 25 21 26 0 38 38 22 33 21 35 30 24 
29 28 20 33 33 32 20 19 26 19 41 38 0 28 32 18 37 25 28 34 
21 28 22 25 23 32 24 17 28 20 37 38 28 0 32 26 35 31 19 37 
29 12 20 29 35 18 30 17 18 15 27 22 32 32 0 26 22 29 26 22 
26 22 15 30 31 27 18 15 20 14 36 33 18 26 26 0 32 19 25 28 
31 13 25 29 36 23 35 21 24 20 19 21 37 35 22 32 0 35 26 25 
31 25 19 34 36 30 24 19 23 17 39 35 25 31 29 19 35 0 30 31 
15 21 19 13 17 26 24 13 24 16 26 30 28 19 26 25 26 30 0 32 
34 14 24 35 40 24 33 22 21 19 30 24 34 37 22 28 25 31 32 0 
250
0 1 10 9 1 2 4 4 4 1 2 1 8 8 5 3 1 6 4 7 
