100
0 64 122 98 60 89 139 119 151 96 97 105 164 129 132 127 62 151 127 163 120 129 139 103 129 129 77 124 159 107 106 153 107 116 146 110 72 141 89 150 124 105 53 138 144 109 93 98 92 84 155 170 103 143 60 110 86 127 132 98 119 117 63 146 129 120 99 95 111 113 146 51 170 130 140 159 113 91 86 110 108 118 85 97 152 78 177 156 126 166 110 96 50 143 123 99 138 186 181 89 
64 0 87 72 26 60 104 86 128 82 66 72 132 94 96 100 56 117 92 131 86 93 103 83 94 98 47 91 129 78 93 117 83 93 111 80 65 117 53 117 94 88 38 104 108 79 65 68 70 77 119 136 72 109 53 77 60 91 96 82 86 83 28 121 94 92 65 60 78 89 115 44 135 97 107 131 84 74 53 86 72 91 63 61 117 66 142 125 98 130 80 60 51 108 90 69 103 152 145 58 
122 87 0 120 72 71 89 62 165 139 88 97 107 69 97 135 114 90 93 141 69 73 89 129 71 77 104 79 148 85 150 97 127 141 103 73 124 153 100 92 76 144 92 97 84 96 104 61 106 132 111 133 101 122 112 92 102 86 79 136 101 56 70 153 73 115 93 82 91 129 134 103 125 104 83 155 109 129 75 127 56 117 111 64 113 119 132 144 121 107 71 78 107 104 64 103 77 152 128 67 
98 72 120 0 52 102 122 121 128 98 71 85 167 121 124 101 91 149 108 138 120 118 123 83 124 135 79 128 132 119 106 139 83 93 125 120 89 117 89 152 132 101 80 117 135 84 109 108 114 116 137 147 78 121 84 86 60 113 120 89 94 115 57 121 118 94 106 94 88 89 120 65 150 107 142 133 87 116 64 86 97 92 64 82 133 108 157 131 100 155 120 90 88 123 124 74 132 162 165 97 
60 26 72 52 0 52 82 73 106 70 42 47 118 76 77 77 52 102 69 107 71 74 82 63 77 86 37 79 104 69 80 97 62 73 88 71 57 94 39 103 82 74 36 80 90 54 61 58 67 74 97 112 47 85 48 52 38 70 76 66 62 68 8 98 74 68 56 44 54 67 91 35 112 73 94 107 60 72 28 65 53 67 43 40 94 65 119 101 74 111 70 42 48 85 76 45 86 128 124 47 
89 60 71 102 52 0 100 63 154 114 84 88 107 80 95 125 83 98 97 144 71 84 99 113 82 72 79 70 147 50 125 109 111 123 112 53 96 143 77 95 67 120 58 106 96 95 70 41 68 99 120 141 92 121 83 91 87 91 90 114 100 63 50 146 84 112 66 65 91 116 132 75 135 107 84 151 104 96 69 114 66 113 93 65 120 84 142 142 118 119 52 66 73 111 68 92 86 159 139 38 
139 104 89 122 82 100 0 68 141 147 63 93 118 44 109 118 131 101 69 93 97 58 49 120 85 91 117 108 109 113 155 53 121 142 29 101 136 131 115 110 98 150 112 27 66 60 128 89 132 152 67 65 92 103 127 70 96 74 54 138 73 58 82 120 38 76 116 100 62 116 97 113 51 65 94 116 78 149 66 116 48 82 109 60 71 140 54 111 82 75 98 92 127 63 74 95 65 86 66 95 
119 86 62 121 73 63 68 0 165 140 87 98 57 38 99 136 112 63 89 135 70 59 75 131 66 28 104 71 145 75 150 75 128 143 86 51 124 153 100 64 41 144 88 82 61 93 100 42 98 129 100 120 102 121 111 91 103 82 65 137 99 17 71 152 51 112 91 83 88 130 131 103 108 99 37 152 107 126 76 129 48 115 113 64 104 114 112 141 118 81 48 79 103 95 21 104 43 140 106 62 
151 128 165 128 106 154 141 165 0 147 84 124 211 155 167 112 145 192 135 140 166 152 150 98 165 181 135 177 127 171 150 168 115 142 137 171 138 102 143 197 180 150 135 129 170 86 164 159 170 171 160 154 112 147 137 108 96 146 151 130 110 156 111 98 148 82 159 144 105 101 119 111 164 120 187 118 83 171 98 102 133 76 104 119 155 163 171 136 86 187 170 138 141 145 168 109 170 167 189 149 
96 82 139 98 70 114 147 140 147 0 97 110 185 144 145 125 91 169 134 164 139 141 148 98 145 152 90 145 157 132 103 164 104 114 151 135 83 137 103 170 148 102 84 143 158 109 119 123 122 117 162 173 105 147 83 112 84 137 143 93 120 135 75 142 141 118 120 111 114 110 145 58 176 133 161 156 111 120 90 107 120 115 82 106 159 111 183 156 124 179 134 110 86 149 143 100 154 189 190 112 
97 66 88 71 42 84 63 87 84 97 0 52 134 75 92 59 90 113 55 71 91 73 70 62 87 104 75 102 67 100 104 88 65 89 62 97 88 73 78 119 104 100 76 54 90 17 99 85 105 113 80 82 42 68 83 28 41 67 71 85 30 77 45 69 68 32 90 74 25 57 53 64 88 43 109 72 25 112 23 58 53 33 55 42 75 104 95 64 38 107 96 66 86 65 90 44 90 96 110 78 
105 72 97 85 47 88 93 98 124 110 52 0 144 93 99 94 97 125 80 116 98 90 94 90 99 113 82 109 115 104 119 111 88 105 98 103 99 113 83 129 112 113 82 90 107 64 103 91 109 120 108 121 60 94 92 61 62 84 91 102 71 90 50 114 89 80 94 78 63 88 101 76 122 81 119 119 72 118 37 87 69 80 74 54 105 110 129 111 86 127 102 71 93 95 101 62 106 137 137 83 
164 132 107 167 118 107 118 57 211 185 134 144 0 88 145 182 157 110 136 183 115 107 124 177 112 75 149 116 192 119 196 125 174 188 135 95 169 200 146 109 87 190 133 131 110 140 145 87 143 174 148 169 148 168 156 138 149 129 113 182 146 66 117 199 100 159 136 128 136 176 178 148 157 147 83 199 154 171 122 175 96 162 158 110 152 159 162 189 166 131 93 125 148 143 68 150 93 189 156 107 
129 94 69 121 76 80 44 38 155 144 75 93 88 0 99 128 122 74 76 117 78 45 55 127 66 61 110 86 129 93 153 52 125 142 62 75 130 144 106 83 70 147 100 59 44 78 113 65 114 141 81 97 96 110 119 79 100 72 48 138 86 28 75 139 28 97 102 88 75 124 116 108 84 82 65 137 95 137 69 123 38 101 111 57 86 127 88 127 103 58 73 82 115 77 45 99 35 117 82 76 
132 96 97 124 77 95 109 99 167 145 92 99 145 99 0 138 124 126 102 149 99 97 108 132 100 114 111 110 153 110 155 121 130 145 119 106 131 156 108 129 112 149 104 112 113 101 119 93 123 144 126 146 104 127 121 97 105 97 100 140 107 92 77 156 98 119 107 91 97 131 139 110 142 112 120 159 113 141 78 130 76 121 115 70 126 131 149 149 126 134 104 84 119 116 101 105 109 164 150 89 
127 100 135 101 77 125 118 136 112 125 59 94 182 128 138 0 120 163 109 124 137 125 124 84 136 152 108 147 115 141 130 142 90 117 118 141 116 100 114 167 150 127 109 109 142 69 136 129 142 145 135 137 82 120 113 81 69 118 124 110 85 127 82 103 122 75 130 115 80 80 103 91 143 98 157 114 68 145 68 80 104 73 81 90 130 137 151 116 81 160 140 109 117 120 138 79 142 151 165 120 
62 56 114 91 52 83 131 112 145 91 90 97 157 122 124 120 0 144 119 156 113 121 131 97 122 123 69 117 151 101 102 145 101 110 138 103 69 135 81 143 118 100 47 130 136 102 86 92 87 80 147 162 95 135 55 102 79 119 124 93 111 110 55 140 122 114 91 87 104 107 138 48 162 122 133 152 106 85 78 104 100 112 79 89 144 74 169 149 119 158 103 88 51 135 116 92 130 178 173 82 
151 117 90 149 102 98 101 63 192 169 113 125 110 74 126 163 144 0 116 163 99 88 104 158 92 82 134 104 172 110 180 108 156 171 117 91 154 180 130 99 87 174 121 112 92 120 133 81 133 162 128 150 129 148 142 118 131 109 93 166 126 56 100 179 82 139 123 112 115 157 158 133 139 126 86 179 134 158 103 156 75 142 141 90 132 147 144 168 145 115 89 108 136 123 66 131 79 169 139 95 
127 92 93 108 69 97 69 89 135 134 55 80 136 76 102 109 119 116 0 104 98 73 72 109 91 108 105 110 112 112 142 89 108 128 75 106 123 124 103 123 109 137 102 67 91 60 120 94 125 141 84 100 79 91 115 60 84 70 72 125 67 79 71 120 69 79 108 91 56 105 98 100 98 67 112 119 75 138 53 105 55 83 96 51 81 130 106 109 85 108 104 83 115 71 92 83 91 118 114 92 
163 131 141 138 107 144 93 135 140 164 71 116 183 117 149 124 156 163 104 0 146 118 110 126 139 155 141 158 105 159 170 126 131 156 86 154 155 131 143 170 157 167 141 78 134 60 163 141 168 179 118 102 109 125 150 87 108 118 115 151 85 125 110 115 108 71 153 135 77 122 95 131 114 81 158 112 78 178 87 123 102 77 122 97 114 170 120 114 77 147 152 127 152 104 139 111 135 115 144 138 
120 86 69 120 71 71 97 70 166 139 91 98 115 78 99 137 113 99 98 146 0 82 97 130 79 83 103 80 152 84 149 106 127 141 110 76 123 155 99 100 81 143 90 104 94 100 103 63 104 131 118 140 103 126 111 96 102 91 87 135 105 65 70 155 82 118 92 81 95 130 137 102 133 109 91 158 112 128 77 128 63 120 111 68 119 117 139 147 124 116 74 78 106 110 73 104 86 158 136 66 
129 93 73 118 74 84 58 59 152 141 73 90 107 45 97 125 121 88 73 118 82 0 59 123 69 80 108 92 129 98 151 67 121 139 72 85 128 141 105 96 84 145 100 67 59 77 114 74 117 141 83 104 93 107 118 77 96 68 48 135 84 49 73 137 43 96 102 88 73 120 115 106 94 82 83 136 93 137 66 120 35 100 108 54 87 128 100 126 102 79 83 81 115 78 63 96 60 124 97 80 
139 103 89 123 82 99 49 75 150 148 70 94 124 55 108 124 131 104 72 110 97 59 0 125 85 96 117 108 122 113 157 65 124 144 62 102 136 139 114 113 101 151 112 56 72 71 127 90 131 151 73 93 95 107 127 75 99 74 55 140 81 64 82 132 47 90 115 99 70 121 109 114 84 76 99 130 89 148 68 121 48 95 112 60 79 139 90 121 96 86 100 91 126 70 79 98 73 113 90 94 
103 83 129 83 63 113 120 131 98 98 62 90 177 127 132 84 97 158 109 126 130 123 125 0 132 145 90 139 115 130 101 142 72 96 120 132 89 89 100 161 142 102 88 112 141 70 120 119 125 123 136 139 78 120 89 82 55 117 124 81 87 124 69 93 121 73 117 104 82 67 105 62 145 100 152 111 69 125 65 64 103 69 58 88 131 116 153 119 78 160 131 100 93 121 134 74 139 153 166 109 
129 94 71 124 77 82 85 66 165 145 87 99 112 66 100 136 122 92 91 139 79 69 85 132 0 83 110 89 146 95 155 93 130 145 98 83 131 154 106 98 84 149 100 93 81 94 113 71 115 141 107 129 103 122 120 92 105 83 74 140 100 58 76 152 68 113 102 89 90 131 132 109 121 102 87 153 108 137 76 130 52 116 115 64 109 127 127 143 120 103 81 83 115 100 68 105 75 148 124 77 
129 98 77 135 86 72 91 28 181 152 104 113 75 61 114 152 123 82 108 155 83 80 96 145 83 0 116 83 163 84 163 98 143 156 108 58 135 170 113 79 49 157 98 104 83 111 110 51 107 139 121 141 118 138 122 108 118 100 86 150 117 39 84 169 73 130 102 95 107 145 149 114 130 118 55 170 125 136 92 144 67 133 126 81 124 124 135 160 137 104 56 93 113 115 41 119 66 161 129 73 
77 47 104 79 37 79 117 104 135 90 75 82 149 110 111 108 69 134 105 141 103 108 117 90 110 116 0 109 138 97 101 131 90 100 123 99 74 124 68 135 112 95 55 115 124 88 85 87 89 92 132 147 81 120 64 87 67 105 111 89 96 100 41 129 109 100 84 76 89 96 124 53 147 108 125 139 92 91 63 93 87 99 70 75 130 83 155 135 106 145 99 76 65 120 108 78 119 163 159 76 
124 91 79 128 79 70 108 71 177 145 102 109 116 86 110 147 117 104 110 158 80 92 108 139 89 83 109 0 163 82 156 116 137 150 122 72 129 165 106 102 79 150 93 116 102 112 105 59 105 134 130 152 113 137 116 107 112 103 98 143 117 69 77 166 91 130 96 89 107 140 149 108 144 121 92 170 123 131 88 138 75 132 120 80 131 120 150 159 136 125 70 87 109 122 75 114 93 170 147 67 
159 129 148 132 104 147 109 145 127 157 67 115 192 129 153 115 151 172 112 105 152 129 122 115 146 163 138 163 0 162 163 139 123 149 103 159 148 119 141 178 164 160 138 95 145 56 162 146 168 175 131 119 105 128 145 88 101 125 126 143 87 135 108 103 121 60 153 137 81 112 88 123 130 91 167 100 67 174 86 113 111 65 114 102 126 167 137 110 66 160 157 129 148 116 148 106 146 132 159 141 
107 78 85 119 69 50 113 75 171 132 100 104 119 93 110 141 101 110 112 159 84 98 113 130 95 84 97 82 162 0 143 122 128 140 126 65 114 160 94 107 79 138 76 120 109 110 88 53 86 117 134 155 108 137 101 106 104 106 103 131 116 75 67 162 97 128 83 81 107 133 148 93 149 122 96 167 120 114 85 131 80 129 110 80 134 102 155 158 134 132 65 82 91 125 80 108 99 173 153 54 
106 93 150 106 80 125 155 150 150 103 104 119 196 153 155 130 102 180 142 170 149 151 157 101 155 163 101 156 163 143 0 173 109 121 159 146 92 141 114 181 159 110 94 151 167 115 130 134 133 128 170 180 112 155 93 120 90 146 153 96 127 146 85 146 151 123 130 122 121 114 151 65 183 140 171 161 116 131 98 111 130 120 87 115 167 121 191 162 128 188 145 120 96 157 154 107 164 195 199 123 
153 117 97 139 97 109 53 75 168 164 88 111 125 52 121 142 145 108 89 126 106 67 65 142 93 98 131 116 139 122 173 0 141 160 70 108 151 157 128 117 105 167 124 67 73 88 139 97 142 165 90 105 112 124 142 93 116 89 65 156 98 65 97 150 45 107 127 112 87 138 126 129 92 93 101 147 106 161 85 138 59 112 129 75 96 152 97 139 113 83 106 105 139 87 81 115 72 125 91 104 
107 83 127 83 62 111 121 128 115 104 65 88 174 125 130 90 101 156 108 131 127 121 124 72 130 143 90 137 123 128 109 141 0 97 122 130 96 104 99 159 140 107 91 114 139 76 120 117 125 126 136 142 77 120 93 83 53 115 122 90 89 121 67 109 120 84 116 102 84 76 111 70 147 103 149 122 77 127 64 73 101 81 61 86 132 118 155 123 89 158 129 98 97 122 131 72 137 157 166 107 
116 93 141 93 73 123 142 143 142 114 89 105 188 142 145 117 110 171 128 156 141 139 144 96 145 156 100 150 149 140 121 160 97 0 145 142 105 131 110 173 153 117 100 136 156 101 130 129 135 135 157 166 98 141 102 105 76 133 140 103 113 137 79 136 138 110 127 115 106 103 137 81 169 126 164 149 103 136 84 100 118 108 76 103 153 127 177 148 116 176 141 112 106 143 146 93 154 181 186 119 
146 111 103 125 88 112 29 86 137 151 62 98 135 62 119 118 138 117 75 86 110 72 62 120 98 108 123 122 103 126 159 70 122 145 0 115 141 128 122 126 114 154 121 18 83 55 138 104 142 160 75 54 95 106 134 72 98 84 68 141 73 75 90 113 55 69 126 109 62 115 92 118 48 64 111 109 74 157 70 116 61 75 112 69 76 149 50 108 75 93 113 101 134 68 91 98 83 75 84 107 
110 80 73 120 71 53 101 51 171 135 97 103 95 75 106 141 103 91 106 154 76 85 102 132 83 58 99 72 159 65 146 108 130 142 115 0 117 160 96 87 53 140 79 110 93 107 91 33 87 120 124 146 108 133 103 103 105 98 91 134 112 55 69 161 83 125 85 81 102 134 145 96 138 117 73 165 118 117 83 132 69 127 112 75 126 104 144 155 131 116 38 81 93 117 57 108 80 165 139 55 
72 65 124 89 57 96 136 124 138 83 88 99 169 130 131 116 69 154 123 155 123 128 136 89 131 135 74 129 148 114 92 151 96 105 141 117 0 128 88 154 130 93 62 133 144 100 100 105 101 94 151 163 95 137 60 102 75 124 131 84 111 120 61 133 128 109 102 96 104 101 136 37 165 123 144 148 102 99 79 98 107 107 73 94 148 88 173 147 115 165 116 96 62 138 127 90 140 179 179 94 
141 117 153 117 94 143 131 153 102 137 73 113 200 144 156 100 135 180 124 131 155 141 139 89 154 170 124 165 119 160 141 157 104 131 128 160 128 0 132 185 168 140 125 120 159 76 153 147 159 160 149 145 100 136 127 96 85 135 140 121 99 145 99 95 137 75 148 133 94 90 110 102 154 110 175 112 73 161 86 91 121 70 94 108 144 153 162 126 79 176 158 127 131 134 156 97 158 158 179 138 
89 53 100 89 39 77 115 100 143 103 78 83 146 106 108 114 81 130 103 143 99 105 114 100 106 113 68 106 141 94 114 128 99 110 122 96 88 132 0 131 109 108 63 114 120 91 85 84 91 102 130 147 84 121 77 88 75 102 108 101 98 96 39 136 105 105 81 72 90 104 127 67 146 108 121 144 97 99 64 102 84 104 80 72 128 91 153 138 111 142 96 72 76 119 104 82 116 163 156 73 
150 117 92 152 103 95 110 64 197 170 119 129 109 83 129 167 143 99 123 170 100 96 113 161 98 79 135 102 178 107 181 117 159 173 126 87 154 185 131 0 82 175 120 121 102 126 132 77 131 160 137 158 133 153 142 123 134 115 102 167 132 62 102 184 92 145 122 113 122 161 164 133 148 133 85 185 140 157 107 160 83 148 143 96 140 146 153 175 152 124 84 110 135 131 67 135 88 178 148 93 
124 94 76 132 82 67 98 41 180 148 104 112 87 70 112 150 118 87 109 157 81 84 101 142 84 49 112 79 164 79 159 105 140 153 114 53 130 168 109 82 0 153 93 109 90 112 105 46 102 134 125 146 116 139 117 108 115 101 90 146 118 48 80 169 80 131 98 92 107 143 150 110 136 120 64 171 125 131 91 141 70 133 123 80 127 119 141 160 137 112 51 90 108 119 50 117 75 166 136 68 
105 88 144 101 74 120 150 144 150 102 100 113 190 147 149 127 100 174 137 167 143 145 151 102 149 157 95 150 160 138 110 167 107 117 154 140 93 140 108 175 153 0 91 146 161 112 125 128 129 125 165 176 107 150 91 115 87 140 147 98 123 140 79 145 145 121 125 116 116 112 147 68 178 136 165 159 113 127 92 109 124 118 84 110 161 118 186 159 126 182 140 114 95 152 148 103 158 191 194 117 
53 38 92 80 36 58 112 88 135 84 76 82 133 100 104 109 47 121 102 141 90 100 112 88 100 98 55 93 138 76 94 124 91 100 121 79 62 125 63 120 93 91 0 113 115 88 62 67 61 63 128 146 81 119 48 87 68 100 104 85 96 87 38 130 101 101 68 67 88 97 125 41 144 107 109 140 93 62 63 94 80 100 69 70 127 50 151 135 107 137 78 68 37 117 92 79 108 162 153 58 
138 104 97 117 80 106 27 82 129 143 54 90 131 59 112 109 130 112 67 78 104 67 56 112 93 104 115 116 95 120 151 67 114 136 18 110 133 120 114 121 109 146 113 0 79 47 130 98 135 152 68 48 87 98 126 63 90 77 63 133 64 71 82 106 51 62 119 102 54 107 84 110 46 55 107 102 66 149 62 107 55 67 103 61 68 141 52 100 67 89 108 94 126 60 87 90 79 69 81 100 
144 108 84 135 90 96 66 61 170 158 90 107 110 44 113 142 136 92 91 134 94 59 72 141 81 83 124 102 145 109 167 73 139 156 83 93 144 159 120 102 90 161 115 79 0 93 128 82 130 155 97 117 110 125 134 94 114 86 63 152 101 50 89 154 48 113 116 103 90 138 131 123 105 98 86 153 110 152 83 137 52 117 125 71 102 142 110 143 119 81 91 96 130 94 66 113 59 137 104 92 
109 79 96 84 54 95 60 93 86 109 17 64 140 78 101 69 102 120 60 60 100 77 71 70 94 111 88 112 56 110 115 88 76 101 55 107 100 76 91 126 112 112 88 47 93 0 111 95 117 126 80 73 55 76 96 36 53 73 74 96 35 83 58 65 70 23 102 85 29 66 42 76 82 40 115 63 23 124 35 67 59 27 66 50 75 117 89 59 29 109 105 77 99 65 96 56 94 86 109 89 
93 65 104 109 61 70 128 100 164 119 99 103 145 113 119 136 86 133 120 163 103 114 127 120 113 110 85 105 162 88 130 139 120 130 138 91 100 153 85 132 105 125 62 130 128 111 0 80 80 103 145 164 105 139 86 108 96 116 118 119 118 99 60 157 115 126 82 82 109 125 148 79 160 127 121 165 118 100 84 123 94 126 100 87 144 89 168 158 132 150 91 85 77 134 104 104 121 181 168 70 
98 68 61 108 58 41 89 42 159 123 85 91 87 65 93 129 92 81 94 141 63 74 90 119 71 51 87 59 146 53 134 97 117 129 104 33 105 147 84 77 46 128 67 98 82 95 80 0 76 108 112 134 95 120 92 90 93 86 80 121 100 45 57 149 72 113 73 69 90 121 132 84 126 104 64 152 106 106 70 119 57 114 100 63 114 93 132 142 119 105 32 68 82 105 48 96 70 153 128 43 
92 70 106 114 67 68 132 98 170 122 105 109 143 114 123 142 87 133 125 168 104 117 131 125 115 107 89 105 168 86 133 142 125 135 142 87 101 159 91 131 102 129 61 135 130 117 80 76 0 102 149 169 111 145 87 114 102 121 122 122 124 98 66 163 118 132 86 88 115 131 154 80 165 132 120 171 124 100 90 128 98 132 105 92 149 86 172 164 138 153 87 90 74 139 103 109 122 187 172 70 
84 77 132 116 74 99 152 129 171 117 113 120 174 141 144 145 80 162 141 179 131 141 151 123 141 139 92 134 175 117 128 165 126 135 160 120 94 160 102 160 134 125 63 152 155 126 103 108 102 0 168 184 119 158 81 125 104 140 144 119 134 127 76 165 141 138 109 107 127 132 162 74 183 145 150 177 130 101 101 129 120 136 104 110 166 88 191 173 144 177 119 108 69 156 133 116 149 201 193 99 
155 119 111 137 97 120 67 100 160 162 80 108 148 81 126 135 147 128 84 118 118 83 73 136 107 121 132 130 131 134 170 90 136 157 75 124 151 149 130 137 125 165 128 68 97 80 145 112 149 168 0 104 107 118 143 86 112 91 79 153 90 89 98 141 72 99 133 117 79 132 118 128 98 84 124 139 98 165 81 132 69 103 125 76 87 156 105 130 105 111 122 108 142 79 104 111 98 123 112 114 
170 136 133 147 112 141 65 120 154 173 82 121 169 97 146 137 162 150 100 102 140 104 93 139 129 141 147 152 119 155 180 105 142 166 54 146 163 145 147 158 146 176 146 48 117 73 164 134 169 184 104 0 117 129 157 93 119 112 100 162 93 109 114 129 89 85 153 136 84 134 109 140 84 84 144 125 92 182 93 135 91 91 132 95 103 174 88 126 90 127 144 127 158 94 124 119 117 89 120 135 
103 72 101 78 47 92 92 102 112 105 42 60 148 96 104 82 95 129 79 109 103 93 95 78 103 118 81 113 105 108 112 112 77 98 95 108 95 100 84 133 116 107 81 87 110 55 105 95 111 119 107 117 0 91 89 56 52 86 93 94 64 94 51 102 91 69 97 81 57 76 92 71 119 76 123 108 61 117 35 75 72 69 65 57 103 109 127 102 75 129 106 75 92 93 105 51 109 132 137 87 
143 109 122 121 85 121 103 121 147 147 68 94 168 110 127 120 135 148 91 125 126 107 107 120 122 138 120 137 128 137 155 124 120 141 106 133 137 136 121 153 139 150 119 98 125 76 139 120 145 158 118 129 91 0 130 72 95 101 107 137 81 112 88 133 104 94 129 112 72 116 114 114 130 90 143 134 89 155 66 116 88 97 108 76 114 147 138 124 101 143 131 104 131 104 124 94 125 145 148 115 
60 53 112 84 48 83 127 111 137 83 83 92 156 119 121 113 55 142 115 150 111 118 127 89 120 122 64 116 145 101 93 142 93 102 134 103 60 127 77 142 117 91 48 126 134 96 86 92 87 81 143 157 89 130 0 96 72 115 121 84 105 108 51 132 119 106 90 85 98 99 132 39 157 117 132 145 99 85 72 96 97 104 71 85 140 75 165 143 112 155 103 85 50 130 115 85 129 173 170 81 
110 77 92 86 52 91 70 91 108 112 28 61 138 79 97 81 102 118 60 87 96 77 75 82 92 108 87 107 88 106 120 93 83 105 72 103 102 96 88 123 108 115 87 63 94 36 108 90 114 125 86 93 56 72 96 0 59 71 76 102 42 81 55 93 73 55 98 81 34 78 74 79 96 53 113 94 49 123 32 78 57 57 72 46 81 115 104 84 61 112 101 73 98 71 94 58 94 109 116 85 
86 60 102 60 38 87 96 103 96 84 41 62 149 100 105 69 79 131 84 108 102 96 99 55 105 118 67 112 101 104 90 116 53 76 98 105 75 85 75 134 115 87 68 90 114 53 96 93 102 104 112 119 52 95 72 59 0 90 97 71 66 96 43 90 95 62 91 78 60 57 89 50 123 79 124 101 55 104 39 55 76 60 42 60 107 96 131 100 68 133 104 73 76 97 106 47 112 134 141 82 
127 91 86 113 70 91 74 82 146 137 67 84 129 72 97 118 119 109 70 118 91 68 74 117 83 100 105 103 125 106 146 89 115 133 84 98 124 135 102 115 101 140 100 77 86 73 116 86 121 140 91 112 86 101 115 71 90 0 69 130 79 72 70 132 67 92 104 88 69 114 111 102 106 81 104 132 88 137 59 113 48 95 102 49 91 128 114 122 99 105 97 80 114 81 85 89 85 130 116 86 
132 96 79 120 76 90 54 65 151 143 71 91 113 48 100 124 124 93 72 115 87 48 55 124 74 86 111 98 126 103 153 65 122 140 68 91 131 140 108 102 90 147 104 63 63 74 118 80 122 144 79 100 93 107 121 76 97 69 0 137 82 54 76 135 42 94 107 91 71 120 112 109 91 79 89 134 91 141 66 120 38 98 109 55 83 132 97 124 100 80 89 84 119 75 69 96 64 120 94 85 
98 82 136 89 66 114 138 137 130 93 85 102 182 138 140 110 93 166 125 151 135 135 140 81 140 150 89 143 143 131 96 156 90 103 141 134 84 121 101 167 146 98 85 133 152 96 119 121 122 119 153 162 94 137 84 102 71 130 137 0 109 131 72 126 135 103 118 108 103 94 131 57 166 122 158 141 97 121 80 91 114 100 68 99 149 112 173 143 108 172 133 106 88 139 140 89 149 177 182 110 
119 86 101 94 62 100 73 99 110 120 30 71 146 86 107 85 111 126 67 85 105 84 81 87 100 117 96 117 87 116 127 98 89 113 73 112 111 99 98 132 118 123 96 64 101 35 118 100 124 134 90 93 64 81 105 42 66 79 82 109 0 89 65 93 79 53 108 91 35 83 72 87 98 53 121 93 49 132 42 83 65 56 79 55 85 124 106 82 60 118 111 83 107 75 102 66 102 108 120 95 
117 83 56 115 68 63 58 17 156 135 77 90 66 28 92 127 110 56 79 125 65 49 64 124 58 39 100 69 135 75 146 65 121 137 75 55 120 145 96 62 48 140 87 71 50 83 99 45 98 127 89 109 94 112 108 81 96 72 54 131 89 0 66 142 40 102 88 78 79 122 121 99 97 89 42 142 98 124 67 121 38 106 106 55 93 113 102 132 108 71 52 74 102 85 22 96 33 129 96 61 
63 28 70 57 8 50 82 71 111 75 45 50 117 75 77 82 55 100 71 110 70 73 82 69 76 84 41 77 108 67 85 97 67 79 90 69 61 99 39 102 80 79 38 82 89 58 60 57 66 76 98 114 51 88 51 55 43 70 76 72 65 66 0 103 74 72 54 43 57 72 94 39 113 75 92 111 64 74 31 70 52 72 49 40 96 66 121 105 78 111 68 41 51 86 74 49 85 131 124 46 
146 121 153 121 98 146 120 152 98 142 69 114 199 139 156 103 140 179 120 115 155 137 132 93 152 169 129 166 103 162 146 150 109 136 113 161 133 95 136 184 169 145 130 106 154 65 157 149 163 165 141 129 102 133 132 93 90 132 135 126 93 142 103 0 131 54 151 135 88 95 98 107 141 101 174 90 64 166 86 96 118 48 99 107 136 157 148 117 57 170 160 129 136 126 155 100 155 141 170 140 
129 94 73 118 74 84 38 51 148 141 68 89 100 28 98 122 122 82 69 108 82 43 47 121 68 73 109 91 121 97 151 45 120 138 55 83 128 137 105 92 80 145 101 51 48 70 115 72 118 141 72 89 91 104 119 73 95 67 42 135 79 40 74 131 0 89 103 88 68 118 108 107 77 74 76 129 87 138 64 118 35 93 107 53 77 128 82 120 95 59 81 81 116 69 56 94 48 109 76 80 
120 92 115 94 68 112 76 112 82 118 32 80 159 97 119 75 114 139 79 71 118 96 90 73 113 130 100 130 60 128 123 107 84 110 69 125 109 75 105 145 131 121 101 62 113 23 126 113 132 138 99 85 69 94 106 55 62 92 94 103 53 102 72 54 89 0 118 102 48 71 55 84 97 58 135 50 28 137 51 72 78 16 74 69 93 129 104 77 16 128 124 94 110 84 115 69 113 97 126 106 
99 65 93 106 56 66 116 91 159 120 90 94 136 102 107 130 91 123 108 153 92 102 115 117 102 102 84 96 153 83 130 127 116 127 126 85 102 148 81 122 98 125 68 119 116 102 82 73 86 109 133 153 97 129 90 98 91 104 107 118 108 88 54 151 103 118 0 71 99 120 139 82 149 116 112 157 110 106 75 118 82 118 97 76 132 96 156 149 124 139 85 74 84 123 95 97 110 170 156 62 
95 60 82 94 44 65 100 83 144 111 74 78 128 88 91 115 87 112 91 135 81 88 99 104 89 95 76 89 137 81 122 112 102 115 109 81 96 133 72 113 92 116 67 102 103 85 82 69 88 107 117 136 81 112 85 81 78 88 91 108 91 78 43 135 88 102 71 0 82 106 122 75 132 99 104 141 94 103 58 104 67 102 85 59 116 94 140 132 108 125 80 56 81 106 86 81 98 153 141 59 
111 78 91 88 54 91 62 88 105 114 25 63 136 75 97 80 104 115 56 77 95 73 70 82 90 107 89 107 81 107 121 87 84 106 62 102 104 94 90 122 107 116 88 54 90 29 109 90 115 127 79 84 57 72 98 34 60 69 71 103 35 79 57 88 68 48 99 82 0 78 66 80 87 43 111 88 44 125 34 78 54 51 73 45 74 117 95 77 54 107 101 74 100 64 91 60 91 99 109 85 
113 89 129 89 67 116 116 130 101 110 57 88 176 124 131 80 107 157 105 122 130 120 121 67 131 145 96 140 112 133 114 138 76 103 115 134 101 90 104 161 143 112 97 107 138 66 125 121 131 132 132 134 76 116 99 78 57 114 120 94 83 122 72 95 118 71 120 106 78 0 101 75 141 96 151 109 65 133 63 63 100 68 66 85 127 124 148 114 76 156 132 101 103 117 133 72 137 148 162 111 
146 115 134 120 91 132 97 131 119 145 53 101 178 116 139 103 138 158 98 95 137 115 109 105 132 149 124 149 88 148 151 126 111 137 92 145 136 110 127 164 150 147 125 84 131 42 148 132 154 162 118 109 92 114 132 74 89 111 112 131 72 121 94 98 108 55 139 122 66 101 0 111 119 77 153 96 56 161 72 102 96 59 102 88 112 153 126 96 62 147 143 115 135 103 134 93 132 122 146 126 
51 44 103 65 35 75 113 103 111 58 64 76 148 108 110 91 48 133 100 131 102 106 114 62 109 114 53 108 123 93 65 129 70 81 118 96 37 102 67 133 110 68 41 110 123 76 79 84 80 74 128 140 71 114 39 79 50 102 109 57 87 99 39 107 107 84 82 75 80 75 111 0 142 100 124 122 77 78 56 72 85 81 48 72 125 68 150 123 89 144 96 74 40 115 106 67 118 155 156 74 
170 135 125 150 112 135 51 108 164 176 88 122 157 84 142 143 162 139 98 114 133 94 84 145 121 130 147 144 130 149 183 92 147 169 48 138 165 154 146 148 136 178 144 46 105 82 160 126 165 183 98 84 119 130 157 96 123 106 91 166 98 97 113 141 77 97 149 132 87 141 119 142 0 89 133 137 101 180 94 141 83 103 136 92 99 172 78 134 102 115 135 124 157 91 113 122 105 105 106 129 
130 97 104 107 73 107 65 99 120 133 43 81 147 82 112 98 122 126 67 81 109 82 76 100 102 118 108 121 91 122 140 93 103 126 64 117 123 110 108 133 120 136 107 55 98 40 127 104 132 145 84 84 76 90 117 53 79 81 79 122 53 89 75 101 74 58 116 99 43 96 77 100 89 0 122 99 58 143 53 96 65 63 92 60 79 135 97 90 64 113 115 91 119 69 102 79 99 100 113 101 
140 107 83 142 94 84 94 37 187 161 109 119 83 65 120 157 133 86 112 158 91 83 99 152 87 55 125 92 167 96 171 101 149 164 111 73 144 175 121 85 64 165 109 107 86 115 121 64 120 150 124 144 123 143 132 113 124 104 89 158 121 42 92 174 76 135 112 104 111 151 153 124 133 122 0 175 130 147 97 150 71 138 134 85 127 135 138 164 141 107 70 100 124 119 44 125 69 164 132 83 
159 131 155 133 107 151 116 152 118 156 72 119 199 137 159 114 152 179 119 112 158 136 130 111 153 170 139 170 100 167 161 147 122 149 109 165 148 112 144 185 171 159 140 102 153 63 165 152 171 177 139 125 108 134 145 94 101 132 134 141 93 142 111 90 129 50 157 141 88 109 96 122 137 99 175 0 67 176 91 110 118 52 113 108 134 168 144 117 53 168 163 134 149 124 155 108 154 137 167 146 
113 84 109 87 60 104 78 107 83 111 25 72 154 95 113 68 106 134 75 78 112 93 89 69 108 125 92 123 67 120 116 106 77 103 74 118 102 73 97 140 125 113 93 66 110 23 118 106 124 130 98 92 61 89 99 49 55 88 91 97 49 98 64 64 87 28 110 94 44 65 56 77 101 58 130 67 0 129 44 66 74 28 67 63 92 122 108 73 34 126 117 87 102 82 110 61 110 105 127 99 
91 74 129 116 72 96 149 126 171 120 112 118 171 137 141 145 85 158 138 178 128 137 148 125 137 136 91 131 174 114 131 161 127 136 157 117 99 161 99 157 131 127 62 149 152 124 100 106 100 101 165 182 117 155 85 123 104 137 141 121 132 124 74 166 138 137 106 103 125 133 161 78 180 143 147 176 129 0 99 130 117 136 105 107 163 90 188 171 143 174 117 105 76 153 130 115 146 198 190 96 
86 53 75 64 28 69 66 76 98 90 23 37 122 69 78 68 78 103 53 87 77 66 68 65 76 92 63 88 86 85 98 85 64 84 70 83 79 86 64 107 91 92 63 62 83 35 84 70 90 101 81 93 35 66 72 32 39 59 66 80 42 67 31 86 64 51 75 58 34 63 72 56 94 53 97 91 44 99 0 62 45 52 52 30 77 91 102 82 57 102 82 51 74 67 78 38 82 108 110 63 
110 86 127 86 65 114 116 129 102 107 58 87 175 123 130 80 104 156 105 123 128 120 121 64 130 144 93 138 113 131 111 138 73 100 116 132 98 91 102 160 141 109 94 107 137 67 123 119 128 129 132 135 75 116 96 78 55 113 120 91 83 121 70 96 118 72 118 104 78 63 102 72 141 96 150 110 66 130 62 0 99 69 63 85 127 122 149 115 77 156 131 99 100 117 132 71 136 149 162 109 
108 72 56 97 53 66 48 48 133 120 53 69 96 38 76 104 100 75 55 102 63 35 48 103 52 67 87 75 111 80 130 59 101 118 61 69 107 121 84 83 70 124 80 55 52 59 94 57 98 120 69 91 72 88 97 57 76 48 38 114 65 38 52 118 35 78 82 67 54 100 96 85 83 65 71 118 74 117 45 99 0 81 87 33 71 107 90 107 84 72 67 60 95 63 51 75 51 110 88 61 
118 91 117 92 67 113 82 115 76 115 33 80 162 101 121 73 112 142 83 77 120 100 95 69 116 133 99 132 65 129 120 112 81 108 75 127 107 70 104 148 133 118 100 67 117 27 126 114 132 136 103 91 69 97 104 57 60 95 98 100 56 106 72 48 93 16 118 102 51 68 59 81 103 63 138 52 28 136 52 69 81 0 72 71 98 128 109 80 20 132 125 95 108 88 118 68 117 103 131 107 
85 63 111 64 43 93 109 113 104 82 55 74 158 111 115 81 79 141 96 122 111 108 112 58 115 126 70 120 114 110 87 129 61 76 112 112 73 94 80 143 123 84 69 103 125 66 100 100 105 104 125 132 65 108 71 72 42 102 109 68 79 106 49 99 107 74 97 85 73 66 102 48 136 92 134 113 67 105 52 63 87 72 0 72 120 97 144 114 80 145 111 81 75 110 116 60 123 147 154 89 
97 61 64 82 40 65 60 64 119 106 42 54 110 57 70 90 89 90 51 97 68 54 60 88 64 81 75 80 102 80 115 75 86 103 69 75 94 108 72 96 80 110 70 61 71 50 87 63 92 110 76 95 57 76 85 46 60 49 55 99 55 55 40 107 53 69 76 59 45 85 88 72 92 60 85 108 63 107 30 85 33 71 72 0 75 98 99 98 75 91 73 50 84 65 66 60 70 112 103 59 
152 117 113 133 94 120 71 104 155 159 75 105 152 86 126 130 144 132 81 114 119 87 79 131 109 124 130 131 126 134 167 96 132 153 76 126 148 144 128 140 127 161 127 68 102 75 144 114 149 166 87 103 103 114 140 81 107 91 83 149 85 93 96 136 77 93 132 116 74 127 112 125 99 79 127 134 92 163 77 127 71 98 120 75 0 155 107 125 99 116 124 107 140 74 108 106 103 121 117 114 
78 66 119 108 65 84 140 114 163 111 104 110 159 127 131 137 74 147 130 170 117 128 139 116 127 124 83 120 167 102 121 152 118 127 149 104 88 153 91 146 119 118 50 141 142 117 89 93 86 88 156 174 109 147 75 115 96 128 132 112 124 113 66 157 128 129 96 94 117 124 153 68 172 135 135 168 122 90 91 122 107 128 97 98 155 0 179 163 135 164 104 96 61 145 119 107 135 190 181 85 
177 142 132 157 119 142 54 112 171 183 95 129 162 88 149 151 169 144 106 120 139 100 90 153 127 135 155 150 137 155 191 97 155 177 50 144 173 162 153 153 141 186 151 52 110 89 168 132 172 191 105 88 127 138 165 104 131 114 97 173 106 102 121 148 82 104 156 140 95 148 126 150 78 97 138 144 108 188 102 149 90 109 144 99 107 179 0 142 109 119 141 131 165 99 118 130 109 109 110 136 
156 125 144 131 101 142 111 141 136 156 64 111 189 127 149 116 149 168 109 114 147 126 121 119 143 160 135 159 110 158 162 139 123 148 108 155 147 126 138 175 160 159 135 100 143 59 158 142 164 173 130 126 102 124 143 84 100 122 124 143 82 132 105 117 120 77 149 132 77 114 96 123 134 90 164 117 73 171 82 115 107 80 114 98 125 163 142 0 83 159 153 125 146 115 145 103 143 140 160 136 
126 98 121 100 74 118 82 118 86 124 38 86 166 103 126 81 119 145 85 77 124 102 96 78 120 137 106 136 66 134 128 113 89 116 75 131 115 79 111 152 137 126 107 67 119 29 132 119 138 144 105 90 75 101 112 61 68 99 100 108 60 108 78 57 95 16 124 108 54 76 62 89 102 64 141 53 34 143 57 77 84 20 80 75 99 135 109 83 0 134 130 100 116 90 121 75 120 102 132 112 
166 130 107 155 111 119 75 81 187 179 107 127 131 58 134 160 158 115 108 147 116 79 86 160 103 104 145 125 160 132 188 83 158 176 93 116 165 176 142 124 112 182 137 89 81 109 150 105 153 177 111 127 129 143 155 112 133 105 80 172 118 71 111 170 59 128 139 125 107 156 147 144 115 113 107 168 126 174 102 156 72 132 145 91 116 164 119 159 134 0 113 118 152 108 87 132 78 148 113 115 
110 80 71 120 70 52 98 48 170 134 96 102 93 73 104 140 103 89 104 152 74 83 100 131 81 56 99 70 157 65 145 106 129 141 113 38 116 158 96 84 51 140 78 108 91 105 91 32 87 119 122 144 106 131 103 101 104 97 89 133 111 52 68 160 81 124 85 80 101 132 143 96 135 115 70 163 117 117 82 131 67 125 111 73 124 104 141 153 130 113 0 80 93 115 55 107 78 163 137 55 
96 60 78 90 42 66 92 79 138 110 66 71 125 82 84 109 88 108 83 127 78 81 91 100 83 93 76 87 129 82 120 105 98 112 101 81 96 127 72 110 90 114 68 94 96 77 85 68 90 108 108 127 75 104 85 73 73 80 84 106 83 74 41 129 81 94 74 56 74 101 115 74 124 91 100 134 87 105 51 99 60 95 81 50 107 96 131 125 100 118 80 0 83 98 82 75 92 145 133 60 
50 51 107 88 48 73 127 103 141 86 86 93 148 115 119 117 51 136 115 152 106 115 126 93 115 113 65 109 148 91 96 139 97 106 134 93 62 131 76 135 108 95 37 126 130 99 77 82 74 69 142 158 92 131 50 98 76 114 119 88 107 102 51 136 116 110 84 81 100 103 135 40 157 119 124 149 102 76 74 100 95 108 75 84 140 61 165 146 116 152 93 83 0 130 108 88 124 175 168 73 
143 108 104 123 85 111 63 95 145 149 65 95 143 77 116 120 135 123 71 104 110 78 70 121 100 115 120 122 116 125 157 87 122 143 68 117 138 134 119 131 119 152 117 60 94 65 134 105 139 156 79 94 93 104 130 71 97 81 75 139 75 85 86 126 69 84 123 106 64 117 103 115 91 69 119 124 82 153 67 117 63 88 110 65 74 145 99 115 90 108 115 98 130 0 99 96 95 112 109 105 
123 90 64 124 76 68 74 21 168 143 90 101 68 45 101 138 116 66 92 139 73 63 79 134 68 41 108 75 148 80 154 81 131 146 91 57 127 156 104 67 50 148 92 87 66 96 104 48 103 133 104 124 105 124 115 94 106 85 69 140 102 22 74 155 56 115 95 86 91 133 134 106 113 102 44 155 110 130 78 132 51 118 116 66 108 119 118 145 121 87 55 82 108 99 0 107 49 144 112 66 
99 69 103 74 45 92 95 104 109 100 44 62 150 99 105 79 92 131 83 111 104 96 98 74 105 119 78 114 106 108 107 115 72 93 98 108 90 97 82 135 117 103 79 90 113 56 104 96 109 116 111 119 51 94 85 58 47 89 96 89 66 96 49 100 94 69 97 81 60 72 93 67 122 79 125 108 61 115 38 71 75 68 60 60 106 107 130 103 75 132 107 75 88 96 107 0 112 135 140 87 
138 103 77 132 86 86 65 43 170 154 90 106 93 35 109 142 130 79 91 135 86 60 73 139 75 66 119 93 146 99 164 72 137 154 83 80 140 158 116 88 75 158 108 79 59 94 121 70 122 149 98 117 109 125 129 94 112 85 64 149 102 33 85 155 48 113 110 98 91 137 132 118 105 99 69 154 110 146 82 136 51 117 123 70 103 135 109 143 120 78 78 92 124 95 49 112 0 137 103 83 
186 152 152 162 128 159 86 140 167 189 96 137 189 117 164 151 178 169 118 115 158 124 113 153 148 161 163 170 132 173 195 125 157 181 75 165 179 158 163 178 166 191 162 69 137 86 181 153 187 201 123 89 132 145 173 109 134 130 120 177 108 129 131 141 109 97 170 153 99 148 122 155 105 100 164 137 105 198 108 149 110 103 147 112 121 190 109 140 102 148 163 145 175 112 144 135 137 0 140 153 
181 145 128 165 124 139 66 106 189 190 110 137 156 82 150 165 173 139 114 144 136 97 90 166 124 129 159 147 159 153 199 91 166 186 84 139 179 179 156 148 136 194 153 81 104 109 168 128 172 193 112 120 137 148 170 116 141 116 94 182 120 96 124 170 76 126 156 141 109 162 146 156 106 113 132 167 127 190 110 162 88 131 154 103 117 181 110 160 132 113 137 133 168 109 112 140 103 140 0 134 
89 58 67 97 47 38 95 62 149 112 78 83 107 76 89 120 82 95 92 138 66 80 94 109 77 73 76 67 141 54 123 104 107 119 107 55 94 138 73 93 68 117 58 100 92 89 70 43 70 99 114 135 87 115 81 85 82 86 85 110 95 61 46 140 80 106 62 59 85 111 126 74 129 101 83 146 99 96 63 109 61 107 89 59 114 85 136 136 112 115 55 60 73 105 66 87 83 153 134 0 
2675
0 8 7 1 10 2 6 4 5 2 3 8 2 6 1 4 3 6 7 9 3 10 5 2 8 1 3 3 2 4 5 10 6 5 1 5 4 9 9 2 3 10 3 8 1 2 4 5 6 1 7 8 6 2 4 1 9 7 1 4 2 1 9 6 8 5 9 4 7 3 1 3 4 4 10 8 4 5 10 4 2 4 5 4 5 7 7 8 6 4 3 10 6 5 2 1 10 7 1 5 
