100
0 64 78 56 63 52 99 78 99 93 77 81 96 90 86 135 40 78 114 144 33 84 115 111 38 78 60 69 80 73 49 96 115 30 52 75 98 125 75 24 93 122 101 100 104 80 92 50 89 68 110 115 60 109 96 36 89 59 50 51 37 32 50 83 107 66 42 86 111 81 35 55 115 70 81 36 108 67 59 87 86 93 92 88 124 70 117 51 67 76 106 59 80 120 84 28 37 91 94 104 
64 0 122 89 109 94 132 116 143 129 120 121 133 128 120 178 75 122 147 183 66 128 149 147 76 113 105 110 115 117 93 129 148 76 97 107 138 166 112 61 135 157 137 133 140 118 135 95 128 114 155 148 98 150 139 75 133 99 90 84 78 77 96 126 146 106 88 118 148 127 77 96 158 116 114 70 147 100 105 124 129 132 125 122 167 103 158 96 111 119 150 101 117 160 123 67 83 125 137 147 
78 122 0 109 111 63 144 101 100 128 83 101 127 116 129 140 99 79 163 165 87 86 154 140 97 119 84 87 119 73 67 149 164 76 53 130 115 135 109 81 100 162 138 145 140 107 97 69 111 89 111 168 90 122 101 92 92 86 76 103 62 86 101 89 126 86 60 144 139 111 94 69 120 92 140 85 128 118 96 117 88 113 142 133 129 127 129 75 70 82 107 81 118 134 110 84 56 138 98 109 
56 89 109 0 101 72 86 82 125 88 100 93 91 90 75 155 59 105 100 146 33 110 104 107 67 72 92 86 73 102 81 83 101 67 84 64 106 140 73 52 112 113 96 87 97 82 112 86 93 106 138 102 62 122 118 63 113 72 61 39 56 70 87 103 111 75 79 86 110 119 70 72 136 107 91 32 116 53 97 86 109 102 78 81 144 63 129 89 92 98 133 81 77 130 90 57 72 78 115 124 
63 109 111 101 0 89 143 119 132 137 113 121 139 132 130 171 81 111 159 185 78 118 159 154 79 122 94 108 124 106 82 141 160 65 85 120 138 163 118 69 130 167 145 144 148 122 128 80 130 97 144 160 102 148 132 73 124 100 91 96 76 68 88 119 147 106 72 130 153 110 78 93 151 99 123 80 148 112 88 129 121 133 137 132 160 115 156 80 102 112 139 97 124 159 125 65 69 136 130 140 
52 94 63 72 89 0 99 45 60 77 35 46 72 60 83 89 73 41 120 108 52 44 104 85 72 74 62 36 71 39 47 108 120 53 30 93 58 80 58 53 47 113 88 100 87 51 47 53 54 75 74 128 37 65 51 70 46 39 25 67 21 64 77 38 68 30 45 113 84 94 69 12 70 77 112 47 71 78 77 63 43 57 100 91 79 93 73 60 27 32 69 43 71 77 56 61 39 93 49 59 
99 132 144 86 143 99 0 91 153 89 128 114 86 91 71 175 103 134 96 148 76 137 94 103 111 90 131 113 77 132 119 88 97 108 118 85 117 157 80 95 134 104 99 75 89 88 133 125 100 147 167 108 75 138 142 107 138 99 84 82 87 113 129 126 117 91 118 125 112 160 113 96 159 148 133 69 130 74 138 91 134 120 80 108 165 95 143 130 120 124 162 114 91 142 106 101 110 68 136 146 
78 116 101 82 119 45 91 0 92 59 71 58 45 32 74 106 94 75 113 85 66 73 84 58 96 74 95 64 62 73 82 104 113 82 69 96 44 87 46 76 67 95 76 89 64 26 65 90 30 112 108 124 27 68 79 95 72 57 38 77 47 91 105 60 48 27 82 126 57 129 94 39 93 114 129 57 61 79 109 41 67 58 95 96 96 101 71 97 62 64 101 73 67 69 52 87 74 83 67 78 
99 143 100 125 132 60 153 92 0 129 71 98 118 104 136 101 120 45 174 145 104 40 155 131 118 128 105 90 125 37 88 162 174 97 53 146 96 109 111 101 72 165 141 153 137 99 58 89 95 103 75 182 89 102 73 113 50 93 79 120 73 108 123 57 106 78 78 164 131 131 115 64 86 109 161 100 117 131 118 113 44 107 154 145 90 145 101 91 49 63 63 94 124 110 107 106 78 147 57 73 
93 129 128 88 137 77 89 59 129 0 105 89 60 59 72 146 105 111 111 116 76 111 83 75 109 81 118 92 63 109 105 102 111 100 99 97 85 127 53 90 106 93 76 86 68 56 105 113 67 136 144 122 48 108 116 107 111 80 63 84 70 108 122 99 85 63 106 132 80 151 109 72 132 137 137 66 100 81 129 58 107 92 94 104 136 104 112 120 97 99 138 97 75 110 79 100 98 80 107 118 
77 120 83 100 113 35 128 71 71 105 0 74 98 85 111 104 99 52 149 131 80 56 132 111 97 103 85 65 100 50 69 137 149 77 45 121 81 98 86 79 63 141 117 128 115 78 61 74 78 94 85 157 65 87 65 94 59 67 54 95 48 88 102 52 91 56 65 140 110 116 94 39 84 97 138 75 96 106 100 90 55 84 128 120 93 121 92 80 38 45 80 70 99 98 84 86 60 121 63 73 
81 121 101 93 121 46 114 58 98 89 74 0 84 73 97 120 100 79 136 123 75 81 116 98 100 90 96 64 85 77 82 125 136 84 69 112 75 104 71 80 78 125 101 114 99 64 78 90 68 112 112 145 50 87 86 99 81 60 42 88 48 94 108 70 84 43 82 136 96 130 98 40 103 114 137 68 85 96 110 75 78 70 116 110 110 114 95 97 65 68 107 74 85 97 68 91 74 107 81 90 
96 133 127 91 139 72 86 45 118 60 98 84 0 27 72 128 108 102 107 75 79 99 66 29 113 84 119 89 66 100 106 98 107 103 95 98 64 110 55 94 93 84 80 81 41 42 88 114 41 137 135 117 46 93 105 111 98 80 62 87 70 111 125 86 53 54 106 135 60 152 112 66 119 138 140 70 88 83 131 50 92 85 92 107 119 106 90 121 89 91 127 97 78 87 75 104 98 74 90 102 
90 128 116 90 132 60 91 32 104 59 85 73 27 0 75 114 105 88 113 69 76 85 76 40 108 81 109 78 66 86 96 104 113 95 83 101 49 95 51 88 78 91 79 88 52 32 74 104 26 126 121 124 38 78 91 106 83 71 52 85 61 104 118 71 40 42 96 134 52 143 106 53 104 128 138 67 75 84 123 44 77 72 97 105 104 107 75 111 75 77 113 87 75 73 65 99 88 81 75 88 
86 120 129 75 130 83 71 74 136 72 111 97 72 75 0 158 93 117 94 132 65 120 83 88 100 74 116 97 60 115 104 84 94 95 102 80 100 140 62 82 116 91 82 71 76 71 116 111 83 133 151 105 57 121 125 96 121 83 68 71 71 100 116 109 101 74 104 117 96 146 101 79 142 134 123 57 113 65 125 74 117 102 76 94 148 88 126 116 104 107 145 98 74 125 89 90 96 64 119 129 
135 178 140 155 171 89 175 106 101 146 104 120 128 114 158 0 156 90 197 149 135 77 172 141 155 152 143 119 146 84 127 187 197 135 97 174 105 117 130 137 89 183 161 174 151 113 63 131 104 148 121 207 109 114 99 152 75 120 104 149 104 146 160 76 111 96 121 196 144 173 152 89 106 153 195 129 132 158 158 128 65 126 178 172 91 176 105 135 86 93 108 126 147 116 127 144 118 168 61 83 
40 75 99 59 81 73 103 94 120 105 99 100 108 105 93 156 0 99 115 160 39 106 122 123 40 88 81 89 90 94 70 93 116 51 73 70 116 145 88 40 114 130 112 103 114 95 114 69 106 84 132 111 75 129 118 28 111 78 68 55 57 49 71 104 124 84 61 76 125 98 51 75 137 87 68 44 126 69 77 101 108 111 93 97 146 63 137 65 89 98 128 80 92 139 101 24 58 94 116 125 
78 122 79 105 111 41 134 75 45 111 52 79 102 88 117 90 99 0 154 131 84 31 137 115 97 109 84 71 106 22 67 142 155 76 32 126 81 95 92 81 57 147 123 134 120 82 47 68 80 83 57 162 71 87 58 92 39 73 60 99 53 87 102 43 91 61 57 143 114 110 94 45 73 88 140 79 100 111 97 95 34 89 134 125 79 125 88 70 30 45 53 73 105 96 89 85 56 127 47 61 
114 147 163 100 159 120 96 113 174 111 149 136 107 113 94 197 115 154 0 170 91 158 114 124 125 110 148 134 100 152 137 91 102 124 137 93 139 179 102 110 155 125 122 92 110 111 155 143 122 164 188 111 97 160 163 119 159 119 105 97 107 128 145 148 140 113 135 135 135 176 128 117 181 165 144 86 152 87 154 113 155 141 88 126 187 103 166 146 141 145 183 133 112 164 128 114 128 80 158 168 
144 183 165 146 185 108 148 85 145 116 131 123 75 69 132 149 160 131 170 0 132 124 131 90 163 138 161 129 123 128 147 161 170 148 130 158 91 134 108 143 119 147 136 144 106 87 110 155 71 177 163 181 93 121 133 161 122 124 105 142 113 158 172 112 74 92 147 191 109 195 161 102 145 179 195 123 124 141 176 101 114 123 154 161 140 164 110 162 120 122 154 139 131 109 118 154 140 137 110 126 
33 66 87 33 78 52 76 66 104 76 80 75 79 76 65 135 39 84 91 132 0 89 94 94 45 59 70 67 61 80 59 74 92 44 62 54 90 121 59 29 93 102 83 77 85 67 93 63 78 83 117 93 47 104 98 42 93 53 43 28 36 47 64 84 96 58 56 71 96 96 47 52 116 84 73 15 99 44 74 72 89 85 69 68 125 51 112 65 71 78 112 61 63 113 74 35 49 68 95 105 
84 128 86 110 118 44 137 73 40 111 56 81 99 85 120 77 106 31 158 124 89 0 138 112 104 112 91 74 108 21 74 146 158 83 39 131 76 88 93 87 52 147 124 137 119 81 35 75 75 89 61 166 72 82 55 99 26 77 62 104 58 94 109 37 85 60 64 149 112 117 101 47 66 95 146 84 98 116 104 95 18 89 138 129 66 130 80 77 34 47 45 79 108 89 90 92 63 130 32 50 
115 149 154 104 159 104 94 84 155 83 132 116 66 76 83 172 122 137 114 131 94 138 0 84 129 101 143 119 83 136 130 104 114 123 126 106 109 153 79 111 132 94 100 88 69 80 131 138 88 160 171 124 74 134 143 126 137 106 90 101 96 129 144 125 104 90 131 145 101 174 130 98 159 161 152 86 126 93 153 83 133 119 100 123 162 115 136 144 124 126 165 123 98 134 106 119 123 80 133 144 
111 147 140 107 154 85 103 58 131 75 111 98 29 40 88 141 123 115 124 90 94 112 84 0 128 99 133 103 82 113 120 115 124 117 109 114 77 123 70 108 106 101 95 98 59 56 101 127 54 150 148 135 59 106 118 126 110 94 75 103 84 125 139 99 66 67 120 150 74 166 127 79 132 152 156 85 101 99 146 64 105 98 109 122 132 122 103 135 102 104 140 111 93 100 89 118 112 91 103 115 
38 76 97 67 79 72 111 96 118 109 97 100 113 108 100 155 40 97 125 163 45 104 129 128 0 93 79 89 95 92 68 105 126 49 71 82 117 145 92 40 113 137 117 112 120 98 112 67 108 82 130 123 78 129 116 37 109 78 69 63 57 46 69 103 125 85 58 90 128 96 49 75 135 85 83 49 127 78 75 104 106 112 103 102 144 76 137 64 87 96 125 79 97 140 103 29 56 103 114 124 
78 113 119 72 122 74 90 74 128 81 103 90 84 81 74 152 88 109 110 138 59 112 101 99 93 0 106 88 66 106 94 99 110 86 92 87 99 136 64 74 110 109 88 90 91 74 111 101 85 123 142 119 55 117 118 91 113 73 60 68 62 92 107 102 103 70 94 117 102 137 93 71 135 124 121 50 110 70 115 78 110 97 90 87 142 91 124 107 95 99 137 88 69 124 84 84 86 83 113 123 
60 105 84 92 94 62 131 95 105 118 85 96 119 109 116 143 81 84 148 161 70 91 143 133 79 106 0 82 107 79 55 133 149 58 59 114 112 135 99 64 102 150 127 131 130 100 100 61 106 84 116 152 81 121 104 75 96 77 68 87 52 69 84 91 122 81 54 127 131 100 77 67 123 85 123 69 123 102 81 108 93 108 127 118 132 110 129 68 74 84 112 72 106 133 102 67 46 124 102 112 
69 110 87 86 108 36 113 64 90 92 65 64 89 78 97 119 89 71 134 129 67 74 119 103 89 88 82 0 85 69 68 122 134 71 57 107 80 106 73 69 76 127 103 113 103 69 76 76 74 98 104 142 53 90 81 87 77 52 39 81 36 81 95 67 90 49 68 128 101 116 86 36 100 100 127 61 91 91 97 80 73 76 113 105 108 107 98 83 57 62 99 60 85 101 72 79 60 107 79 88 
80 115 119 73 124 71 77 62 125 63 100 85 66 66 60 146 90 106 100 123 61 108 83 82 95 66 107 85 0 104 95 90 100 88 92 83 88 128 50 77 104 91 71 77 73 60 104 102 72 125 139 110 45 109 113 93 108 72 56 69 61 94 109 97 90 62 95 117 86 139 95 67 130 126 122 52 101 66 117 63 105 90 81 89 136 89 114 109 92 95 134 88 63 113 76 86 87 70 107 116 
73 117 73 102 106 39 132 73 37 109 50 77 100 86 115 84 94 22 152 128 80 21 136 113 92 106 79 69 104 0 62 140 153 71 25 123 79 92 91 76 55 145 121 132 118 81 41 61 77 73 51 160 69 84 55 86 32 71 58 96 50 81 97 40 89 59 49 139 112 103 89 43 69 80 135 76 98 109 90 94 25 87 132 123 72 121 84 61 28 44 40 70 103 93 88 79 50 125 39 56 
49 93 67 81 82 47 119 82 88 105 69 82 106 96 104 127 70 67 137 147 59 74 130 120 68 94 55 68 95 62 0 122 137 47 42 102 98 120 86 52 86 138 115 120 117 86 84 46 92 69 100 141 68 106 88 63 80 64 54 76 39 58 73 76 108 68 39 116 118 86 65 52 107 70 111 57 109 91 68 95 76 94 115 107 116 99 114 53 58 69 96 59 94 118 89 55 30 112 86 96 
96 129 149 83 141 108 88 104 162 102 137 125 98 104 84 187 93 142 91 161 74 146 104 115 105 99 133 122 90 140 122 0 93 108 123 67 130 169 93 93 145 116 112 83 100 102 145 127 113 147 176 78 87 151 153 98 148 107 94 80 94 110 128 137 131 104 119 112 126 159 110 106 170 148 121 70 143 71 137 104 144 131 75 113 177 79 156 129 129 134 171 120 102 155 118 93 113 70 148 157 
115 148 164 101 160 120 97 113 174 111 149 136 107 113 94 197 116 155 102 170 92 158 114 124 126 110 149 134 100 153 137 93 0 125 138 94 140 179 102 111 155 125 122 92 110 111 155 143 122 164 188 113 97 161 164 121 159 120 106 98 107 129 146 148 140 114 136 137 135 177 129 117 181 166 145 86 152 88 155 113 156 142 89 127 187 105 166 147 141 145 183 134 112 165 128 115 129 80 158 168 
30 76 76 67 65 53 108 82 97 100 77 84 103 95 95 135 51 76 124 148 44 83 123 117 49 86 58 71 88 71 47 108 125 0 50 87 101 126 82 35 93 131 108 109 112 85 92 48 93 67 109 126 66 111 96 45 89 63 54 62 39 39 54 83 110 69 40 98 116 80 46 56 115 69 93 45 111 77 58 93 85 96 102 96 124 82 119 50 66 76 105 61 88 122 88 37 35 101 94 104 
52 97 53 84 85 30 118 69 53 99 45 69 95 83 102 97 73 32 137 130 62 39 126 109 71 92 59 57 92 25 42 123 138 50 0 105 79 96 80 56 60 134 110 118 110 75 54 40 76 55 64 143 60 85 60 65 47 58 46 78 35 61 76 47 90 53 29 119 107 82 69 36 78 60 115 59 94 92 69 86 42 81 116 107 85 102 90 42 28 42 59 54 90 97 79 58 30 111 54 66 
75 107 130 64 120 93 85 96 146 97 121 112 98 101 80 174 70 126 93 158 54 131 106 114 82 87 114 107 83 123 102 67 94 87 105 0 122 158 85 71 132 116 106 84 101 95 132 106 107 125 159 85 78 140 138 74 134 93 81 61 77 88 107 124 125 93 99 88 121 138 88 92 156 127 97 53 133 57 116 98 130 120 72 99 164 55 147 107 113 119 155 103 92 147 107 70 93 73 135 144 
98 138 115 106 138 58 117 44 96 85 81 75 64 49 100 105 116 81 139 91 90 76 109 77 117 99 112 80 88 79 98 130 140 101 79 122 0 86 72 97 70 121 102 115 87 51 64 105 39 126 114 151 52 70 84 116 74 77 58 101 65 111 125 63 51 44 97 150 80 146 115 52 96 129 152 81 76 105 127 67 68 75 122 121 95 126 67 112 69 72 105 90 92 65 74 108 90 109 66 79 
125 166 135 140 163 80 157 87 109 127 98 104 110 95 140 117 145 95 179 134 121 88 153 123 145 136 135 106 128 92 120 169 179 126 96 158 86 0 112 125 83 164 142 156 132 94 76 126 85 146 127 190 90 95 97 143 86 106 89 134 92 137 151 76 95 78 117 183 125 168 142 76 108 149 183 114 113 141 151 109 80 108 160 156 107 161 92 132 85 88 117 116 130 100 110 135 112 150 78 90 
75 112 109 73 118 58 80 46 111 53 86 71 55 51 62 130 88 92 102 108 59 93 79 70 92 64 99 73 50 91 86 93 102 82 80 85 72 112 0 72 89 88 65 78 65 44 89 94 56 117 126 113 30 93 99 90 94 61 44 68 51 89 104 82 74 46 87 117 71 132 91 53 115 118 121 50 84 68 111 47 90 75 84 87 120 90 98 101 78 81 120 78 57 97 61 83 79 72 91 101 
24 61 81 52 69 53 95 76 101 90 79 80 94 88 82 137 40 81 110 143 29 87 111 108 40 74 64 69 77 76 52 93 111 35 56 71 97 125 72 0 94 119 98 96 101 78 94 55 88 74 113 111 58 109 98 39 92 58 49 47 37 38 56 85 105 65 47 83 108 87 39 55 117 76 79 32 107 63 65 84 88 92 88 84 126 67 117 56 70 78 109 60 77 120 82 31 42 87 96 106 
93 135 100 112 130 47 134 67 72 106 63 78 93 78 116 89 114 57 155 119 93 52 132 106 113 110 102 76 104 55 86 145 155 93 60 132 70 83 89 94 0 143 120 133 113 75 46 91 69 110 90 165 67 76 60 110 51 77 61 106 61 104 118 39 80 55 82 154 106 133 110 46 72 114 153 86 92 115 117 89 47 84 136 129 78 133 77 97 48 52 81 84 105 85 86 102 77 127 49 58 
122 157 162 113 167 113 104 95 165 93 141 125 84 91 91 183 130 147 125 147 102 147 94 101 137 109 150 127 91 145 138 116 125 131 134 116 121 164 88 119 143 0 108 99 87 92 141 146 101 168 180 136 84 145 153 134 147 114 98 109 104 137 152 135 118 100 138 154 114 182 138 107 169 169 161 93 137 102 160 94 143 129 110 131 173 124 148 152 133 136 174 131 106 146 115 127 130 92 144 154 
101 137 138 96 145 88 99 76 141 76 117 101 80 79 82 161 112 123 122 136 83 124 100 95 117 88 127 103 71 121 115 112 122 108 110 106 102 142 65 98 120 108 0 98 87 73 119 122 85 145 156 133 60 123 129 115 124 90 74 91 80 116 130 112 103 77 115 140 99 159 117 83 146 146 145 74 115 89 138 76 120 105 104 111 151 112 128 129 109 112 150 107 83 127 92 108 107 91 122 132 
100 133 145 87 144 100 75 89 153 86 128 114 81 88 71 174 103 134 92 144 77 137 88 98 112 90 131 113 77 132 120 83 92 109 118 84 115 156 78 96 133 99 98 0 84 86 133 126 97 148 167 103 74 137 142 107 137 99 85 83 88 114 130 126 114 91 119 125 110 161 114 96 159 149 133 70 129 74 139 88 133 119 78 109 164 94 142 131 120 124 162 115 91 140 105 101 111 60 136 145 
104 140 140 97 148 87 89 64 137 68 115 99 41 52 76 151 114 120 110 106 85 119 69 59 120 91 130 103 73 118 117 100 110 112 110 101 87 132 65 101 113 87 87 84 0 60 110 125 65 148 153 120 58 114 124 117 118 92 74 93 82 119 134 106 81 71 118 139 79 162 120 81 139 149 145 76 106 87 141 64 113 101 95 114 141 110 114 132 106 108 146 109 86 111 89 110 110 76 112 124 
80 118 107 82 122 51 88 26 99 56 78 64 42 32 71 113 95 82 111 87 67 81 80 56 98 74 100 69 60 81 86 102 111 85 75 95 51 94 44 78 75 92 73 86 60 0 73 94 34 117 116 122 28 76 86 97 80 61 42 77 51 94 108 68 52 34 87 126 54 133 97 45 101 118 130 58 69 78 113 38 75 64 93 96 104 100 78 102 69 71 109 78 67 76 55 89 79 80 75 86 
92 135 97 112 128 47 133 65 58 105 61 78 88 74 116 63 114 47 155 110 93 35 131 101 112 111 100 76 104 41 84 145 155 92 54 132 64 76 89 94 46 141 119 133 110 73 0 88 64 105 78 165 67 73 56 109 33 78 62 107 61 103 117 33 72 54 78 154 103 130 109 47 63 109 153 87 91 116 114 87 24 84 136 130 52 133 66 92 43 50 66 84 105 76 86 101 75 126 23 40 
50 95 69 86 80 53 125 90 89 113 74 90 114 104 111 131 69 68 143 155 63 75 138 127 67 101 61 76 102 61 46 127 143 48 40 106 105 126 94 55 91 146 122 126 125 94 88 0 100 57 100 146 76 113 92 59 82 72 62 80 47 56 73 80 115 75 27 117 126 76 65 59 111 58 111 63 117 96 64 103 78 102 121 113 120 102 120 41 61 73 95 67 102 125 97 52 29 119 89 100 
89 128 111 93 130 54 100 30 95 67 78 68 41 26 83 104 106 80 122 71 78 75 88 54 108 85 106 74 72 77 92 113 122 93 76 107 39 85 56 88 69 101 85 97 65 34 64 100 0 122 112 133 39 69 82 107 73 68 49 89 58 103 117 62 34 37 92 138 60 140 106 47 95 124 141 69 69 90 120 49 67 68 105 108 94 112 65 107 67 69 104 84 78 62 63 99 85 90 65 78 
68 114 89 106 97 75 147 112 103 136 94 112 137 126 133 148 84 83 164 177 83 89 160 150 82 123 84 98 125 73 69 147 164 67 55 125 126 146 117 74 110 168 145 148 148 117 105 57 122 0 114 165 99 134 111 70 98 95 85 101 70 73 93 98 137 97 42 134 149 89 83 81 129 65 127 84 139 117 81 126 93 124 142 135 137 120 140 39 79 92 109 89 124 145 120 65 52 140 105 118 
110 155 111 138 144 74 167 108 75 144 85 112 135 121 151 121 132 57 188 163 117 61 171 148 130 142 116 104 139 51 100 176 188 109 64 159 114 127 126 113 90 180 156 167 153 116 78 100 112 114 0 195 104 119 90 125 70 106 93 132 86 120 134 76 124 94 89 176 147 142 127 78 105 120 173 113 133 144 129 129 65 122 167 158 110 158 120 102 63 78 82 106 138 129 123 117 89 161 78 92 
115 148 168 102 160 128 108 124 182 122 157 145 117 124 105 207 111 162 111 181 93 166 124 135 123 119 152 142 110 160 141 78 113 126 143 85 151 190 113 111 165 136 133 103 120 122 165 146 133 165 195 0 107 171 172 115 168 127 114 99 113 129 147 157 151 124 138 129 146 178 128 126 190 167 138 90 163 91 156 124 164 151 95 133 197 96 177 148 149 154 191 140 122 175 138 111 132 90 168 177 
60 98 90 62 102 37 75 27 89 48 65 50 46 38 57 109 75 71 97 93 47 72 74 59 78 55 81 53 45 69 68 87 97 66 60 78 52 90 30 58 67 84 60 74 58 28 67 76 39 99 104 107 0 72 77 77 72 42 24 58 33 74 88 60 57 25 69 107 58 115 77 32 93 100 110 38 64 60 94 35 68 53 78 77 98 82 77 83 57 60 98 60 48 77 40 69 61 67 70 80 
109 150 122 122 148 65 138 68 102 108 87 87 93 78 121 114 129 87 160 121 104 82 134 106 129 117 121 90 109 84 106 151 161 111 85 140 70 95 93 109 76 145 123 137 114 76 73 113 69 134 119 171 72 0 89 127 81 89 71 117 76 121 135 69 81 59 104 165 107 154 126 61 102 136 166 96 94 123 136 91 75 90 142 138 104 143 84 120 75 77 111 100 111 88 91 119 98 131 75 86 
96 139 101 118 132 51 142 79 73 116 65 86 105 91 125 99 118 58 163 133 98 55 143 118 116 118 104 81 113 55 88 153 164 96 60 138 84 97 99 98 60 153 129 142 124 86 56 92 82 111 90 172 77 89 0 113 55 84 68 112 66 107 121 47 94 65 83 159 118 134 113 53 79 114 157 92 104 122 119 100 52 94 144 136 88 139 91 97 48 54 82 88 113 99 95 105 79 135 58 68 
36 75 92 63 73 70 107 95 113 107 94 99 111 106 96 152 28 92 119 161 42 99 126 126 37 91 75 87 93 86 63 98 121 45 65 74 116 143 90 39 110 134 115 107 117 97 109 59 107 70 125 115 77 127 113 0 105 77 68 59 55 42 66 100 124 84 50 80 127 86 47 73 132 75 71 47 125 73 68 103 102 110 97 100 141 67 135 52 83 93 120 77 95 138 101 12 50 98 111 121 
89 133 92 113 124 46 138 72 50 111 59 81 98 83 121 75 111 39 159 122 93 26 137 110 109 113 96 77 108 32 80 148 159 89 47 134 74 86 94 92 51 147 124 137 118 80 33 82 73 98 70 168 72 81 55 105 0 79 64 107 61 100 114 36 83 60 72 153 111 124 106 48 65 103 151 87 98 118 110 94 21 89 139 131 64 134 78 85 38 49 57 82 109 87 90 97 70 131 32 48 
59 99 86 72 100 39 99 57 93 80 67 60 80 71 83 120 78 73 119 124 53 77 106 94 78 73 77 52 72 71 64 107 120 63 58 93 77 106 61 58 77 114 90 99 92 61 78 72 68 95 106 127 42 89 84 77 79 0 29 67 29 73 86 69 85 45 65 115 92 110 76 37 102 96 115 47 87 77 90 69 76 71 99 90 110 93 97 79 60 64 101 55 71 99 64 69 56 93 81 90 
50 90 76 61 91 25 84 38 79 63 54 42 62 52 68 104 68 60 105 105 43 62 90 75 69 60 68 39 56 58 54 94 106 54 46 81 58 89 44 49 61 98 74 85 74 42 62 62 49 85 93 114 24 71 68 68 64 29 0 56 19 63 77 53 66 26 55 104 74 101 67 21 86 86 105 36 68 64 81 51 60 53 85 78 93 82 79 70 46 50 87 46 56 81 45 60 47 78 64 74 
51 84 103 39 96 67 82 77 120 84 95 88 87 85 71 149 55 99 97 142 28 104 101 103 63 68 87 81 69 96 76 80 98 62 78 61 101 134 68 47 106 109 91 83 93 77 107 80 89 101 132 99 58 117 112 59 107 67 56 0 51 65 82 98 107 70 73 83 105 114 65 66 131 102 87 26 111 50 91 81 104 97 75 77 139 60 124 83 87 93 128 76 73 125 85 53 67 75 110 119 
37 78 62 56 76 21 87 47 73 70 48 48 70 61 71 104 57 53 107 113 36 58 96 84 57 62 52 36 61 50 39 94 107 39 35 77 65 92 51 37 61 104 80 88 82 51 61 47 58 70 86 113 33 76 66 55 61 29 19 51 0 50 63 52 75 34 40 96 83 86 54 22 85 71 95 31 76 62 66 60 58 61 86 77 93 77 84 54 40 46 81 31 60 87 54 47 32 81 64 73 
32 77 86 70 68 64 113 91 108 108 88 94 111 104 100 146 49 87 128 158 47 94 129 125 46 92 69 81 94 81 58 110 129 39 61 88 111 137 89 38 104 137 116 114 119 94 103 56 103 73 120 129 74 121 107 42 100 73 63 65 50 0 60 94 120 79 48 97 125 86 46 67 126 75 91 50 121 81 65 101 96 106 106 102 135 83 129 55 77 87 115 71 95 133 98 34 45 105 105 115 
50 96 101 87 88 77 129 105 123 122 102 108 125 118 116 160 71 102 145 172 64 109 144 139 69 107 84 95 109 97 73 128 146 54 76 107 125 151 104 56 118 152 130 130 134 108 117 73 117 93 134 147 88 135 121 66 114 86 77 82 63 60 0 108 134 93 66 118 139 105 67 81 140 94 113 66 135 98 83 115 110 120 123 118 149 102 143 75 92 101 130 85 110 146 111 58 61 122 119 129 
83 126 89 103 119 38 126 60 57 99 52 70 86 71 109 76 104 43 148 112 84 37 125 99 103 102 91 67 97 40 76 137 148 83 47 124 63 76 82 85 39 135 112 126 106 68 33 80 62 98 76 157 60 69 47 100 36 69 53 98 52 94 108 0 73 48 70 145 99 122 100 38 57 102 144 78 85 107 106 82 32 77 128 121 65 124 69 85 35 41 66 74 97 77 79 92 66 119 36 45 
107 146 126 111 147 68 117 48 106 85 91 84 53 40 101 111 124 91 140 74 96 85 104 66 125 103 122 90 90 89 108 131 140 110 90 125 51 95 74 105 80 118 103 114 81 52 72 115 34 137 124 151 57 81 94 124 83 85 66 107 75 120 134 73 0 53 107 156 77 156 123 63 106 139 159 87 85 108 137 67 76 84 123 126 102 130 72 123 80 82 115 100 96 70 81 116 100 108 73 87 
66 106 86 75 106 30 91 27 78 63 56 43 54 42 74 96 84 61 113 92 58 60 90 67 85 70 81 49 62 59 68 104 114 69 53 93 44 78 46 65 55 100 77 91 71 34 54 75 37 97 94 124 25 59 65 84 60 45 26 70 34 79 93 48 53 0 67 119 66 115 83 24 81 99 121 50 54 76 96 47 55 43 95 91 86 96 66 82 47 49 87 59 64 67 44 76 60 84 57 67 
42 88 60 79 72 45 118 82 78 106 65 82 106 96 104 121 61 57 135 147 56 64 131 120 58 94 54 68 95 49 39 119 136 40 29 99 97 117 87 47 82 138 115 119 118 87 78 27 92 42 89 138 69 104 83 50 72 65 55 73 40 48 66 70 107 67 0 109 118 66 58 51 101 44 103 56 109 89 55 96 67 94 114 106 110 94 111 27 51 64 84 59 95 116 90 43 22 111 79 90 
86 118 144 86 130 113 125 126 164 132 140 136 135 134 117 196 76 143 135 191 71 149 145 150 90 117 127 128 117 139 116 112 137 98 119 88 150 183 117 83 154 154 140 125 139 126 154 117 138 134 176 129 107 165 159 80 153 115 104 83 96 97 118 145 156 119 109 0 154 147 98 114 177 137 103 75 160 92 126 130 150 146 113 126 186 81 173 116 131 139 172 121 122 174 134 76 105 115 156 166 
111 148 139 110 153 84 112 57 131 80 110 96 60 52 96 144 125 114 135 109 96 112 101 74 128 102 131 101 86 112 118 126 135 116 107 121 80 125 71 108 106 114 99 110 79 54 103 126 60 149 147 146 58 107 118 127 111 92 74 105 83 125 139 99 77 66 118 154 0 165 127 77 132 150 159 87 100 105 144 64 106 96 118 125 134 127 107 133 101 103 140 109 95 105 87 119 111 103 105 117 
81 127 111 119 110 94 160 129 131 151 116 130 152 143 146 173 98 110 176 195 96 117 174 166 96 137 100 116 139 103 86 159 177 80 82 138 146 168 132 87 133 182 159 161 162 133 130 76 140 89 142 178 115 154 134 86 124 110 101 114 86 86 105 122 156 115 66 147 165 0 96 100 153 91 141 97 157 129 94 142 120 142 154 148 162 133 161 72 103 115 137 106 138 166 136 80 70 153 131 142 
35 77 94 70 78 69 113 94 115 109 94 98 112 106 101 152 51 94 128 161 47 101 130 127 49 93 77 86 95 89 65 110 129 46 69 88 115 142 91 39 110 138 117 114 120 97 109 65 106 83 127 128 77 126 113 47 106 76 67 65 54 46 67 100 123 83 58 98 127 96 0 72 132 85 92 50 125 81 74 103 103 109 106 103 141 83 134 65 84 93 123 76 96 137 101 39 54 106 111 121 
55 96 69 72 93 12 96 39 64 72 39 40 66 53 79 89 75 45 117 102 52 47 98 79 75 71 67 36 67 43 52 106 117 56 36 92 52 76 53 55 46 107 83 96 81 45 47 59 47 81 78 126 32 61 53 73 48 37 21 66 22 67 81 38 63 24 51 114 77 100 72 0 71 83 113 46 65 75 82 57 45 51 97 89 78 93 69 66 31 34 73 46 67 72 50 64 44 89 49 59 
115 158 120 136 151 70 159 93 86 132 84 103 119 104 142 106 137 73 181 145 116 66 159 132 135 135 123 100 130 69 107 170 181 115 78 156 96 108 115 117 72 169 146 159 139 101 63 111 95 129 105 190 93 102 79 132 65 102 86 131 85 126 140 57 106 81 101 177 132 153 132 71 0 133 176 110 119 140 138 115 61 110 161 154 95 157 101 116 66 73 95 107 131 110 112 124 98 152 65 75 
70 116 92 107 99 77 148 114 109 137 97 114 138 128 134 153 87 88 165 179 84 95 161 152 85 124 85 100 126 80 70 148 166 69 60 127 129 149 118 76 114 169 146 149 149 118 109 58 124 65 120 167 100 136 114 75 103 96 86 102 71 75 94 102 139 99 44 137 150 91 85 83 133 0 130 85 141 118 83 127 99 126 143 136 141 122 143 49 83 96 115 91 125 148 121 68 53 141 110 122 
81 114 140 91 123 112 133 129 161 137 138 137 140 138 123 195 68 140 144 195 73 146 152 156 83 121 123 127 122 135 111 121 145 93 115 97 152 183 121 79 153 161 145 133 145 130 153 111 141 127 173 138 110 166 157 71 151 115 105 87 95 91 113 144 159 121 103 103 159 141 92 113 176 130 0 78 162 99 120 135 148 147 122 130 185 90 174 109 129 137 168 119 126 176 136 68 100 123 155 165 
36 70 85 32 80 47 69 57 100 66 75 68 70 67 57 129 44 79 86 123 15 84 86 85 49 50 69 61 52 76 57 70 86 45 59 53 81 114 50 32 86 93 74 70 76 58 87 63 69 84 113 90 38 96 92 47 87 47 36 26 31 50 66 78 87 50 56 75 87 97 50 46 110 85 78 0 91 39 75 63 84 77 64 59 118 53 104 67 67 72 108 56 54 105 65 40 49 62 89 98 
108 147 128 116 148 71 130 61 117 100 96 85 88 75 113 132 126 100 152 124 99 98 126 101 127 110 123 91 101 98 109 143 152 111 94 133 76 113 84 107 92 137 115 129 106 69 91 117 69 139 133 163 64 94 104 125 98 87 68 111 76 121 135 85 85 54 109 160 100 157 125 65 119 141 162 91 0 116 138 83 93 85 134 131 122 136 100 124 87 89 126 101 103 100 84 117 102 122 93 104 
67 100 118 53 112 78 74 79 131 81 106 96 83 84 65 158 69 111 87 141 44 116 93 99 78 70 102 91 66 109 91 71 88 77 92 57 105 141 68 63 115 102 89 74 87 78 116 96 90 117 144 91 60 123 122 73 118 77 64 50 62 81 98 107 108 76 89 92 105 129 81 75 140 118 99 39 116 0 107 81 114 103 65 82 147 63 130 99 98 103 140 89 74 129 90 68 82 65 118 128 
59 105 96 97 88 77 138 109 118 129 100 110 131 123 125 158 77 97 154 176 74 104 153 146 75 115 81 97 117 90 68 137 155 58 69 116 127 151 111 65 117 160 138 139 141 113 114 64 120 81 129 156 94 136 119 68 110 90 81 91 66 65 83 106 137 96 55 126 144 94 74 82 138 83 120 75 138 107 0 121 106 123 132 126 146 111 144 64 88 99 124 87 117 148 116 60 54 131 116 127 
87 124 117 86 129 63 91 41 113 58 90 75 50 44 74 128 101 95 113 101 72 95 83 64 104 78 108 80 63 94 95 104 113 93 86 98 67 109 47 84 89 94 76 88 64 38 87 103 49 126 129 124 35 91 100 103 94 69 51 81 60 101 115 82 67 47 96 130 64 142 103 57 115 127 135 63 83 81 121 0 90 76 96 101 119 104 94 111 82 84 122 87 71 92 65 95 88 82 90 100 
86 129 88 109 121 43 134 67 44 107 55 78 92 77 117 65 108 34 155 114 89 18 133 105 106 110 93 73 105 25 76 144 156 85 42 130 68 80 90 88 47 143 120 133 113 75 24 78 67 93 65 164 68 75 52 102 21 76 60 104 58 96 110 32 76 55 67 150 106 120 103 45 61 99 148 84 93 114 106 90 0 85 136 128 54 130 70 80 35 45 49 79 105 80 86 94 66 127 19 42 
93 132 113 102 133 57 120 58 107 92 84 70 85 72 102 126 111 89 141 123 85 89 119 98 112 97 108 76 90 87 94 131 142 96 81 120 75 108 75 92 84 129 105 119 101 64 84 102 68 124 122 151 53 90 94 110 89 71 53 97 61 106 120 77 84 43 94 146 96 142 109 51 110 126 147 77 85 103 123 76 85 0 122 118 115 123 97 109 75 78 116 86 92 98 72 102 87 112 87 96 
92 125 142 78 137 100 80 95 154 94 128 116 92 97 76 178 93 134 88 154 69 138 100 109 103 90 127 113 81 132 115 75 89 102 116 72 122 160 84 88 136 110 104 78 95 93 136 121 105 142 167 95 78 142 144 97 139 99 85 75 86 106 123 128 123 95 114 113 118 154 106 97 161 143 122 64 134 65 132 96 136 122 0 105 168 82 148 124 121 125 162 112 93 147 109 92 106 67 139 148 
88 122 133 81 132 91 108 96 145 104 120 110 107 105 94 172 97 125 126 161 68 129 123 122 102 87 118 105 89 123 107 113 127 96 107 99 121 156 87 84 129 131 111 109 114 96 130 113 108 135 158 133 77 138 136 100 131 90 78 77 77 102 118 121 126 91 106 126 125 148 103 89 154 136 130 59 131 82 126 101 128 118 105 0 161 101 145 118 112 117 154 103 92 145 105 93 98 101 132 142 
124 167 129 144 160 79 165 96 90 136 93 110 119 104 148 91 146 79 187 140 125 66 162 132 144 142 132 108 136 72 116 177 187 124 85 164 95 107 120 126 78 173 151 164 141 104 52 120 94 137 110 197 98 104 88 141 64 110 93 139 93 135 149 65 102 86 110 186 134 162 141 78 95 141 185 118 122 147 146 119 54 115 168 161 0 165 96 124 75 82 97 116 137 106 117 133 107 158 51 72 
70 103 127 63 115 93 95 101 145 104 121 114 106 107 88 176 63 125 103 164 51 130 115 122 76 91 110 107 89 121 99 79 105 82 102 55 126 161 90 67 133 124 112 94 110 100 133 102 112 120 158 96 82 143 139 67 134 93 82 60 77 83 102 124 130 96 94 81 127 133 83 93 157 122 90 53 136 63 111 104 130 123 82 101 165 0 150 102 112 119 153 102 96 150 110 63 89 83 136 145 
117 158 129 129 156 73 143 71 101 112 92 95 90 75 126 105 137 88 166 110 112 80 136 103 137 124 129 98 114 84 114 156 166 119 90 147 67 92 98 117 77 148 128 142 114 78 66 120 65 140 120 177 77 84 91 135 78 97 79 124 84 129 143 69 72 66 111 173 107 161 134 69 101 143 174 104 100 130 144 94 70 97 148 145 96 150 0 126 79 82 110 108 117 77 98 127 105 135 66 81 
51 96 75 89 80 60 130 97 91 120 80 97 121 111 116 135 65 70 146 162 65 77 144 135 64 107 68 83 109 61 53 129 147 50 42 107 112 132 101 56 97 152 129 131 132 102 92 41 107 39 102 148 83 120 97 52 85 79 70 83 54 55 75 85 123 82 27 116 133 72 65 66 116 49 109 67 124 99 64 111 80 109 124 118 124 102 126 0 65 79 96 74 108 131 104 46 37 123 93 105 
67 111 70 92 102 27 120 62 49 97 38 65 89 75 104 86 89 30 141 120 71 34 124 102 87 95 74 57 92 28 58 129 141 66 28 113 69 85 78 70 48 133 109 120 106 69 43 61 67 79 63 149 57 75 48 83 38 60 46 87 40 77 92 35 80 47 51 131 101 103 84 31 66 83 129 67 87 98 88 82 35 75 121 112 75 112 79 65 0 32 58 61 91 86 76 75 48 114 44 55 
76 119 82 98 112 32 124 64 63 99 45 68 91 77 107 93 98 45 145 122 78 47 126 104 96 99 84 62 95 44 69 134 145 76 42 119 72 88 81 78 52 136 112 124 108 71 50 73 69 92 78 154 60 77 54 93 49 64 50 93 46 87 101 41 82 49 64 139 103 115 93 34 73 96 137 72 89 103 99 84 45 78 125 117 82 119 82 79 32 0 72 68 95 88 78 85 59 117 52 62 
106 150 107 133 139 69 162 101 63 138 80 107 127 113 145 108 128 53 183 154 112 45 165 140 125 137 112 99 134 40 96 171 183 105 59 155 105 117 120 109 81 174 150 162 146 109 66 95 104 109 82 191 98 111 82 120 57 101 87 128 81 115 130 66 115 87 84 172 140 137 123 73 95 115 168 108 126 140 124 122 49 116 162 154 97 153 110 96 58 72 0 102 133 119 117 113 84 155 64 81 
59 101 81 81 97 43 114 73 94 97 70 74 97 87 98 126 80 73 133 139 61 79 123 111 79 88 72 60 88 70 59 120 134 61 54 103 90 116 78 60 84 131 107 115 109 78 84 67 84 89 106 140 60 100 88 77 82 55 46 76 31 71 85 74 100 59 59 121 109 106 76 46 107 91 119 56 101 89 87 87 79 86 112 103 116 102 108 74 61 68 102 0 87 112 80 69 51 107 86 96 
80 117 118 77 124 71 91 67 124 75 99 85 78 75 74 147 92 105 112 131 63 108 98 93 97 69 106 85 63 103 94 102 112 88 90 92 92 130 57 77 105 106 83 91 86 67 105 102 78 124 138 122 48 111 113 95 109 71 56 73 60 95 110 97 96 64 95 122 95 138 96 67 131 125 126 54 103 74 117 71 105 92 93 92 137 96 117 108 91 95 133 87 0 117 78 87 86 84 108 117 
120 160 134 130 159 77 142 69 110 110 98 97 87 73 125 116 139 96 164 109 113 89 134 100 140 124 133 101 113 93 118 155 165 122 97 147 65 100 97 120 85 146 127 140 111 76 76 125 62 145 129 175 77 88 99 138 87 99 81 125 87 133 146 77 70 67 116 174 105 166 137 72 110 148 176 105 100 129 148 92 80 98 147 145 106 150 77 131 86 88 119 112 117 0 98 130 110 134 77 91 
84 123 110 90 125 56 106 52 107 79 84 68 75 65 89 127 101 89 128 118 74 90 106 89 103 84 102 72 76 88 89 118 128 88 79 107 74 110 61 82 86 115 92 105 89 55 86 97 63 120 123 138 40 91 95 101 90 64 45 85 54 98 111 79 81 44 90 134 87 136 101 50 112 121 136 65 84 90 116 65 86 72 109 105 117 110 98 104 76 78 117 80 78 98 0 93 82 99 88 98 
28 67 84 57 65 61 101 87 106 100 86 91 104 99 90 144 24 85 114 154 35 92 119 118 29 84 67 79 86 79 55 93 115 37 58 70 108 135 83 31 102 127 108 101 110 89 101 52 99 65 117 111 69 119 105 12 97 69 60 53 47 34 58 92 116 76 43 76 119 80 39 64 124 68 68 40 117 68 60 95 94 102 92 93 133 63 127 46 75 85 113 69 87 130 93 0 42 92 103 113 
37 83 56 72 69 39 110 74 78 98 60 74 98 88 96 118 58 56 128 140 49 63 123 112 56 86 46 60 87 50 30 113 129 35 30 93 90 112 79 42 77 130 107 111 110 79 75 29 85 52 89 132 61 98 79 50 70 56 47 67 32 45 61 66 100 60 22 105 111 70 54 44 98 53 100 49 102 82 54 88 66 87 106 98 107 89 105 37 48 59 84 51 86 110 82 42 0 104 76 87 
91 125 138 78 136 93 68 83 147 80 121 107 74 81 64 168 94 127 80 137 68 130 80 91 103 83 124 107 70 125 112 70 80 101 111 73 109 150 72 87 127 92 91 60 76 80 126 119 90 140 161 90 67 131 135 98 131 93 78 75 81 105 122 119 108 84 111 115 103 153 106 89 152 141 123 62 122 65 131 82 127 112 67 101 158 83 135 123 114 117 155 107 84 134 99 92 104 0 129 139 
94 137 98 115 130 49 136 67 57 107 63 81 90 75 119 61 116 47 158 110 95 32 133 103 114 113 102 79 107 39 86 148 158 94 54 135 66 78 91 96 49 144 122 136 112 75 23 89 65 105 78 168 70 75 58 111 32 81 64 110 64 105 119 36 73 57 79 156 105 131 111 49 65 110 155 89 93 118 116 90 19 87 139 132 51 136 66 93 44 52 64 86 108 77 88 103 76 129 0 43 
104 147 109 124 140 59 146 78 73 118 73 90 102 88 129 83 125 61 168 126 105 50 144 115 124 123 112 88 116 56 96 157 168 104 66 144 79 90 101 106 58 154 132 145 124 86 40 100 78 118 92 177 80 86 68 121 48 90 74 119 73 115 129 45 87 67 90 166 117 142 121 59 75 122 165 98 104 128 127 100 42 96 148 142 72 145 81 105 55 62 81 96 117 91 98 113 87 139 43 0 
4900
0 10 7 10 1 4 1 10 8 4 6 10 2 3 3 10 8 2 9 10 9 3 9 8 7 4 8 5 1 4 9 7 2 5 8 9 3 7 7 7 8 2 8 9 8 4 1 7 7 6 10 10 9 7 1 1 7 10 1 2 6 1 5 1 3 1 10 3 5 10 10 2 10 2 6 1 6 7 3 6 6 10 9 1 5 10 9 9 8 10 6 8 6 9 4 5 8 9 4 7 
