50
0 60 84 62 55 75 72 100 92 62 70 70 33 30 97 66 83 86 60 72 80 64 66 77 59 67 72 75 79 87 76 79 80 38 76 76 89 47 65 69 93 90 77 74 54 71 56 71 84 40 
60 0 58 44 55 48 57 79 63 34 71 55 40 36 71 62 69 61 42 51 76 65 48 56 51 70 65 45 65 66 56 49 65 40 64 71 73 51 46 39 73 73 72 63 57 71 29 62 62 23 
84 58 0 71 64 23 55 55 49 29 77 43 61 58 45 64 61 33 48 33 77 77 75 43 53 85 63 38 52 52 49 46 50 58 56 70 55 72 39 37 51 54 76 58 76 79 39 66 45 50 
62 44 71 0 62 62 68 92 77 47 77 66 43 39 84 70 80 74 54 64 84 71 52 68 60 75 74 58 76 79 69 62 77 44 75 79 85 54 58 52 86 85 80 73 61 77 43 71 75 26 
55 55 64 62 0 57 47 70 78 49 19 36 26 29 78 17 50 65 42 47 30 29 64 54 23 40 30 64 42 64 52 68 40 26 37 29 52 43 41 59 60 54 36 38 43 25 45 39 59 38 
75 48 23 62 57 0 48 47 35 19 70 36 53 50 31 57 55 25 40 26 70 69 65 36 46 77 56 24 46 45 42 33 43 50 49 63 48 64 32 24 43 47 69 52 68 72 30 59 38 40 
72 57 55 68 47 48 0 65 70 41 61 37 48 47 69 49 50 56 38 39 62 60 70 45 37 69 49 56 46 55 43 61 47 45 46 55 56 60 32 52 58 56 59 45 62 62 40 50 51 44 
100 79 55 92 70 47 65 0 74 53 82 44 75 74 68 68 66 54 63 42 79 86 94 57 60 96 66 63 52 65 62 71 46 72 57 72 49 88 50 62 44 48 82 62 90 86 60 75 57 69 
92 63 49 77 78 35 70 74 0 34 92 61 71 67 58 80 78 52 60 51 93 90 81 59 69 97 80 35 71 69 65 45 69 68 74 86 74 82 54 36 70 73 91 75 86 93 46 81 63 56 
62 34 29 47 49 19 41 53 34 0 63 35 41 37 41 52 52 32 30 27 65 60 51 33 40 67 52 19 45 43 37 24 45 38 47 59 51 51 27 15 49 50 62 48 56 64 16 52 38 26 
70 71 77 77 19 70 61 82 92 63 0 48 41 44 92 25 63 78 57 60 36 44 79 68 36 55 40 79 53 77 66 83 50 41 48 37 62 58 55 73 71 65 49 50 58 40 59 53 73 53 
70 55 43 66 36 36 37 44 61 35 48 0 44 44 57 33 33 43 37 24 45 53 68 36 26 63 32 49 20 45 37 55 21 41 23 38 29 57 25 46 34 30 48 28 59 52 37 43 38 43 
33 40 61 43 26 53 48 75 71 41 41 44 0 8 75 37 57 63 37 49 51 35 47 54 32 38 45 54 53 64 52 58 53 11 50 48 64 23 41 48 68 65 49 48 27 42 35 44 60 20 
30 36 58 39 29 50 47 74 67 37 44 44 8 0 72 40 57 61 35 47 53 38 43 52 33 41 46 51 53 62 50 54 53 11 50 49 63 20 40 45 67 64 51 48 28 45 31 44 58 16 
97 71 45 84 78 31 69 68 58 41 92 57 75 72 0 79 76 46 62 47 91 91 88 58 68 99 78 47 67 66 64 56 64 72 70 84 69 86 53 47 64 68 90 73 90 93 52 81 59 63 
66 62 64 70 17 57 49 68 80 52 25 33 37 40 79 0 49 65 47 46 24 40 72 55 24 52 26 67 38 64 54 72 35 36 33 22 47 53 42 62 56 50 38 36 53 35 49 43 59 46 
83 69 61 80 50 55 50 66 78 52 63 33 57 57 76 49 0 62 51 43 61 66 82 53 40 76 48 66 42 62 52 71 43 54 42 54 52 70 40 62 57 53 62 43 72 66 52 56 56 56 
86 61 33 74 65 25 56 54 52 32 78 43 63 61 46 65 62 0 50 33 77 78 77 44 54 86 64 41 52 53 51 49 50 60 56 70 54 74 40 40 50 53 77 59 78 80 42 68 45 52 
60 42 48 54 42 40 38 63 60 30 57 37 37 35 62 47 51 50 0 36 60 54 56 41 35 61 48 46 46 51 40 50 47 34 46 54 56 49 29 40 57 56 56 45 52 57 27 46 47 30 
72 51 33 64 47 26 39 42 51 27 60 24 49 47 47 46 43 33 36 0 58 61 67 30 36 70 45 40 34 37 35 46 32 45 37 51 38 60 23 37 36 37 59 40 63 62 32 50 29 41 
80 76 77 84 30 70 62 79 93 65 36 45 51 53 91 24 61 77 60 58 0 54 86 68 38 65 38 80 49 77 67 85 45 50 44 33 57 67 55 76 67 60 52 48 67 49 63 56 72 60 
64 65 77 71 29 69 60 86 90 60 44 53 35 38 91 40 66 78 54 61 54 0 73 68 39 49 49 75 60 78 66 79 60 35 56 51 71 52 54 70 77 72 54 55 52 45 55 53 73 47 
66 48 75 52 64 65 70 94 81 51 79 68 47 43 88 72 82 77 56 67 86 73 0 71 62 78 76 63 78 81 71 67 79 47 77 81 87 57 61 57 88 87 82 75 64 80 46 73 77 29 
77 56 43 68 54 36 45 57 59 33 68 36 54 52 58 55 53 44 41 30 68 68 71 0 44 76 54 47 46 44 40 53 46 50 49 61 53 65 29 44 52 52 67 50 68 70 37 57 41 46 
59 51 53 60 23 46 37 60 69 40 36 26 32 33 68 24 40 54 35 36 38 39 62 44 0 49 26 55 34 53 42 60 34 29 30 31 44 46 31 50 51 46 34 29 47 38 37 31 49 36 
67 70 85 75 40 77 69 96 97 67 55 63 38 41 99 52 76 86 61 70 65 49 78 76 49 0 61 82 71 86 74 85 70 39 67 62 81 55 63 76 87 83 65 66 56 56 62 63 82 51 
72 65 63 74 30 56 49 66 80 52 40 32 45 46 78 26 48 64 48 45 38 49 76 54 26 61 0 67 37 63 53 72 35 43 32 31 47 60 41 63 55 49 44 35 60 46 51 45 58 50 
75 45 38 58 64 24 56 63 35 19 79 49 54 51 47 67 66 41 46 40 80 75 63 47 55 82 67 0 59 57 52 26 58 53 62 74 63 65 42 16 59 62 77 63 70 79 30 67 51 38 
79 65 52 76 42 46 46 52 71 45 53 20 53 53 67 38 42 52 46 34 49 60 78 46 34 71 37 59 0 54 47 65 23 50 27 43 33 66 35 56 40 34 55 35 67 58 47 51 48 52 
87 66 52 79 64 45 55 65 69 43 77 45 64 62 66 64 62 53 51 37 77 78 81 44 53 86 63 57 54 0 50 62 54 61 57 70 61 76 39 53 59 60 76 59 79 79 47 67 48 56 
76 56 49 69 52 42 43 62 65 37 66 37 52 50 64 54 52 51 40 35 67 66 71 40 42 74 53 52 47 50 0 57 48 49 48 60 55 64 28 48 56 55 65 49 67 68 38 55 46 45 
79 49 46 62 68 33 61 71 45 24 83 55 58 54 56 72 71 49 50 46 85 79 67 53 60 85 72 26 65 62 57 0 64 56 67 78 70 69 47 21 67 69 82 68 74 83 34 71 57 42 
80 65 50 77 40 43 47 46 69 45 50 21 53 53 64 35 43 50 47 32 45 60 79 46 34 70 35 58 23 54 48 64 0 50 26 39 20 67 36 55 32 24 54 35 68 57 48 51 47 53 
38 40 58 44 26 50 45 72 68 38 41 41 11 11 72 36 54 60 34 45 50 35 47 50 29 39 43 53 50 61 49 56 50 0 47 46 60 25 38 47 65 61 47 45 26 42 32 41 57 20 
76 64 56 75 37 49 46 57 74 47 48 23 50 50 70 33 42 56 46 37 44 56 77 49 30 67 32 62 27 57 48 67 26 47 0 38 37 64 36 58 45 39 50 32 65 54 48 48 51 51 
76 71 70 79 29 63 55 72 86 59 37 38 48 49 84 22 54 70 54 51 33 51 81 61 31 62 31 74 43 70 60 78 39 46 38 0 51 63 48 69 61 54 47 41 63 46 57 50 65 55 
89 73 55 85 52 48 56 49 74 51 62 29 64 63 69 47 52 54 56 38 57 71 87 53 44 81 47 63 33 61 55 70 20 60 37 51 0 77 43 61 34 27 65 46 78 69 55 61 53 62 
47 51 72 54 43 64 60 88 82 51 58 57 23 20 86 53 70 74 49 60 67 52 57 65 46 55 60 65 66 76 64 69 67 25 64 63 77 0 53 59 80 78 64 62 42 59 45 58 72 31 
65 46 39 58 41 32 32 50 54 27 55 25 41 40 53 42 40 40 29 23 55 54 61 29 31 63 41 42 35 39 28 47 36 38 36 48 43 53 0 38 44 43 53 37 56 56 28 44 35 35 
69 39 37 52 59 24 52 62 36 15 73 46 48 45 47 62 62 40 40 37 76 70 57 44 50 76 63 16 56 53 48 21 55 47 58 69 61 59 38 0 58 60 72 58 64 74 24 62 48 32 
93 73 51 86 60 43 58 44 70 49 71 34 68 67 64 56 57 50 57 36 67 77 88 52 51 87 55 59 40 59 56 67 32 65 45 61 34 80 44 58 0 33 72 52 82 76 55 67 51 63 
90 73 54 85 54 47 56 48 73 50 65 30 65 64 68 50 53 53 56 37 60 72 87 52 46 83 49 62 34 60 55 69 24 61 39 54 27 78 43 60 33 0 67 47 79 71 55 63 52 62 
77 72 76 80 36 69 59 82 91 62 49 48 49 51 90 38 62 77 56 59 52 54 82 67 34 65 44 77 55 76 65 82 54 47 50 47 65 64 53 72 72 67 0 50 65 52 59 52 71 56 
74 63 58 73 38 52 45 62 75 48 50 28 48 48 73 36 43 59 45 40 48 55 75 50 29 66 35 63 35 59 49 68 35 45 32 41 46 62 37 58 52 47 50 0 63 54 47 46 53 50 
54 57 76 61 43 68 62 90 86 56 58 59 27 28 90 53 72 78 52 63 67 52 64 68 47 56 60 70 67 79 67 74 68 26 65 63 78 42 56 64 82 79 65 63 0 59 50 59 75 38 
71 71 79 77 25 72 62 86 93 64 40 52 42 45 93 35 66 80 57 62 49 45 80 70 38 56 46 79 58 79 68 83 57 42 54 46 69 59 56 74 76 71 52 54 59 0 60 54 75 53 
56 29 39 43 45 30 40 60 46 16 59 37 35 31 52 49 52 42 27 32 63 55 46 37 37 62 51 30 47 47 38 34 48 32 48 57 55 45 28 24 55 55 59 47 50 60 0 49 43 21 
71 62 66 71 39 59 50 75 81 52 53 43 44 44 81 43 56 68 46 50 56 53 73 57 31 63 45 67 51 67 55 71 51 41 48 50 61 58 44 62 67 63 52 46 59 54 49 0 63 47 
84 62 45 75 59 38 51 57 63 38 73 38 60 58 59 59 56 45 47 29 72 73 77 41 49 82 58 51 48 48 46 57 47 57 51 65 53 72 35 48 51 52 71 53 75 75 43 63 0 52 
40 23 50 26 38 40 44 69 56 26 53 43 20 16 63 46 56 52 30 41 60 47 29 46 36 51 50 38 52 56 45 42 53 20 51 55 62 31 35 32 63 62 56 50 38 53 21 47 52 0 
275
0 9 5 5 2 1 5 5 2 7 4 3 4 10 10 4 7 1 3 6 1 10 10 6 10 5 3 1 3 10 8 6 7 9 3 1 5 1 6 3 1 4 4 2 9 6 7 1 9 3 
