10000
1	16	
2	24	
3	6	
4	11	
5	28	
6	30	
7	25	
8	100	
9	81	
10	70	
11	100	
12	51	
13	32	
14	48	
15	93	
16	9	
17	49	
18	12	
19	41	
20	2	
21	93	
22	76	
23	40	
24	43	
25	49	
26	36	
27	22	
28	8	
29	26	
30	51	
31	38	
32	20	
33	80	
34	53	
35	4	
36	21	
37	52	
38	9	
39	64	
40	27	
41	7	
42	86	
43	98	
44	82	
45	71	
46	39	
47	58	
48	86	
49	39	
50	24	
51	47	
52	84	
53	17	
54	72	
55	37	
56	12	
57	53	
58	95	
59	16	
60	94	
61	13	
62	63	
63	84	
64	7	
65	48	
66	52	
67	17	
68	27	
69	56	
70	30	
71	62	
72	94	
73	98	
74	51	
75	96	
76	25	
77	43	
78	19	
79	49	
80	31	
81	66	
82	94	
83	39	
84	58	
85	38	
86	46	
87	12	
88	100	
89	86	
90	95	
91	57	
92	13	
93	85	
94	100	
95	8	
96	33	
97	25	
98	33	
99	36	
100	36	
101	85	
102	48	
103	22	
104	32	
105	25	
106	14	
107	7	
108	39	
109	3	
110	29	
111	51	
112	95	
113	13	
114	9	
115	69	
116	31	
117	71	
118	77	
119	9	
120	9	
121	52	
122	77	
123	36	
124	27	
125	53	
126	19	
127	68	
128	56	
129	79	
130	31	
131	70	
132	21	
133	59	
134	60	
135	45	
136	62	
137	57	
138	15	
139	42	
140	44	
141	11	
142	97	
143	95	
144	19	
145	41	
146	54	
147	58	
148	3	
149	93	
150	86	
151	1	
152	33	
153	70	
154	28	
155	26	
156	84	
157	90	
158	55	
159	98	
160	37	
161	89	
162	59	
163	58	
164	82	
165	81	
166	10	
167	95	
168	24	
169	86	
170	65	
171	39	
172	58	
173	33	
174	78	
175	7	
176	91	
177	66	
178	41	
179	94	
180	8	
181	79	
182	33	
183	4	
184	40	
185	5	
186	53	
187	66	
188	97	
189	100	
190	81	
191	2	
192	95	
193	36	
194	88	
195	21	
196	70	
197	64	
198	34	
199	87	
200	45	
201	11	
202	1	
203	23	
204	71	
205	35	
206	97	
207	48	
208	66	
209	71	
210	33	
211	72	
212	64	
213	59	
214	25	
215	82	
216	7	
217	68	
218	88	
219	53	
220	42	
221	66	
222	97	
223	69	
224	100	
225	80	
226	36	
227	55	
228	73	
229	55	
230	99	
231	37	
232	54	
233	57	
234	26	
235	29	
236	56	
237	29	
238	73	
239	97	
240	9	
241	29	
242	99	
243	57	
244	87	
245	26	
246	55	
247	42	
248	74	
249	76	
250	92	
251	83	
252	3	
253	1	
254	14	
255	35	
256	89	
257	60	
258	12	
259	63	
260	65	
261	91	
262	17	
263	79	
264	15	
265	75	
266	78	
267	86	
268	28	
269	41	
270	79	
271	8	
272	79	
273	80	
274	11	
275	9	
276	34	
277	23	
278	34	
279	73	
280	96	
281	73	
282	94	
283	71	
284	63	
285	76	
286	17	
287	75	
288	1	
289	17	
290	39	
291	66	
292	64	
293	100	
294	62	
295	27	
296	63	
297	86	
298	14	
299	50	
300	80	
301	72	
302	87	
303	74	
304	49	
305	31	
306	20	
307	11	
308	85	
309	68	
310	43	
311	94	
312	86	
313	10	
314	50	
315	22	
316	10	
317	37	
318	77	
319	90	
320	9	
321	58	
322	71	
323	16	
324	58	
325	21	
326	55	
327	30	
328	23	
329	2	
330	93	
331	76	
332	55	
333	1	
334	16	
335	50	
336	23	
337	51	
338	79	
339	28	
340	96	
341	65	
342	6	
343	86	
344	80	
345	4	
346	67	
347	32	
348	66	
349	49	
350	39	
351	80	
352	32	
353	100	
354	32	
355	76	
356	45	
357	91	
358	59	
359	51	
360	14	
361	50	
362	41	
363	81	
364	66	
365	62	
366	43	
367	53	
368	20	
369	3	
370	51	
371	8	
372	70	
373	72	
374	2	
375	56	
376	53	
377	35	
378	86	
379	20	
380	57	
381	15	
382	55	
383	100	
384	39	
385	67	
386	75	
387	11	
388	18	
389	90	
390	88	
391	47	
392	45	
393	71	
394	6	
395	72	
396	97	
397	84	
398	24	
399	2	
400	73	
401	64	
402	53	
403	10	
404	39	
405	66	
406	20	
407	2	
408	30	
409	22	
410	82	
411	59	
412	19	
413	73	
414	45	
415	51	
416	38	
417	7	
418	36	
419	92	
420	40	
421	45	
422	27	
423	33	
424	48	
425	64	
426	41	
427	2	
428	84	
429	82	
430	86	
431	43	
432	34	
433	82	
434	37	
435	35	
436	49	
437	46	
438	56	
439	42	
440	3	
441	66	
442	76	
443	92	
444	50	
445	43	
446	12	
447	33	
448	61	
449	63	
450	15	
451	69	
452	9	
453	5	
454	67	
455	22	
456	82	
457	11	
458	2	
459	19	
460	2	
461	21	
462	70	
463	25	
464	50	
465	68	
466	54	
467	78	
468	22	
469	70	
470	69	
471	56	
472	71	
473	82	
474	4	
475	24	
476	79	
477	59	
478	32	
479	89	
480	15	
481	59	
482	7	
483	83	
484	46	
485	73	
486	5	
487	78	
488	16	
489	41	
490	37	
491	31	
492	71	
493	45	
494	47	
495	35	
496	98	
497	75	
498	25	
499	40	
500	18	
501	31	
502	72	
503	1	
504	47	
505	71	
506	49	
507	71	
508	57	
509	79	
510	79	
511	88	
512	4	
513	8	
514	12	
515	33	
516	94	
517	50	
518	89	
519	17	
520	94	
521	45	
522	17	
523	52	
524	16	
525	57	
526	94	
527	55	
528	78	
529	27	
530	17	
531	93	
532	66	
533	28	
534	17	
535	17	
536	62	
537	37	
538	48	
539	76	
540	38	
541	99	
542	98	
543	53	
544	54	
545	22	
546	44	
547	5	
548	30	
549	48	
550	54	
551	42	
552	39	
553	53	
554	7	
555	89	
556	93	
557	66	
558	75	
559	26	
560	69	
561	63	
562	95	
563	24	
564	54	
565	62	
566	39	
567	71	
568	41	
569	23	
570	93	
571	84	
572	51	
573	88	
574	12	
575	13	
576	95	
577	29	
578	5	
579	7	
580	86	
581	98	
582	49	
583	29	
584	56	
585	13	
586	6	
587	44	
588	30	
589	7	
590	41	
591	75	
592	63	
593	40	
594	23	
595	30	
596	93	
597	77	
598	82	
599	28	
600	44	
601	58	
602	7	
603	78	
604	63	
605	26	
606	55	
607	8	
608	31	
609	20	
610	71	
611	88	
612	81	
613	1	
614	30	
615	24	
616	96	
617	75	
618	7	
619	98	
620	26	
621	57	
622	45	
623	59	
624	90	
625	57	
626	85	
627	74	
628	17	
629	32	
630	72	
631	40	
632	66	
633	14	
634	79	
635	88	
636	63	
637	57	
638	68	
639	5	
640	43	
641	48	
642	55	
643	84	
644	80	
645	61	
646	24	
647	1	
648	96	
649	68	
650	62	
651	27	
652	70	
653	24	
654	67	
655	9	
656	8	
657	87	
658	12	
659	62	
660	79	
661	76	
662	3	
663	26	
664	96	
665	82	
666	12	
667	91	
668	3	
669	12	
670	98	
671	93	
672	67	
673	88	
674	53	
675	19	
676	42	
677	41	
678	96	
679	44	
680	16	
681	15	
682	50	
683	10	
684	61	
685	43	
686	42	
687	55	
688	33	
689	14	
690	88	
691	31	
692	34	
693	40	
694	43	
695	95	
696	89	
697	55	
698	83	
699	2	
700	14	
701	87	
702	74	
703	23	
704	42	
705	65	
706	33	
707	76	
708	61	
709	50	
710	85	
711	30	
712	47	
713	38	
714	36	
715	28	
716	100	
717	43	
718	19	
719	42	
720	43	
721	45	
722	99	
723	92	
724	43	
725	82	
726	53	
727	90	
728	14	
729	20	
730	64	
731	3	
732	69	
733	87	
734	28	
735	68	
736	58	
737	87	
738	14	
739	23	
740	74	
741	3	
742	100	
743	27	
744	30	
745	98	
746	11	
747	36	
748	43	
749	68	
750	17	
751	89	
752	11	
753	81	
754	2	
755	43	
756	1	
757	59	
758	5	
759	96	
760	43	
761	35	
762	58	
763	43	
764	23	
765	24	
766	95	
767	40	
768	68	
769	49	
770	73	
771	6	
772	40	
773	37	
774	25	
775	10	
776	37	
777	30	
778	64	
779	51	
780	13	
781	5	
782	49	
783	18	
784	72	
785	94	
786	60	
787	88	
788	50	
789	46	
790	75	
791	61	
792	20	
793	73	
794	98	
795	61	
796	45	
797	42	
798	16	
799	34	
800	26	
801	100	
802	57	
803	51	
804	81	
805	8	
806	43	
807	37	
808	63	
809	95	
810	11	
811	37	
812	23	
813	47	
814	15	
815	86	
816	56	
817	71	
818	31	
819	33	
820	35	
821	85	
822	50	
823	17	
824	84	
825	85	
826	52	
827	2	
828	95	
829	96	
830	58	
831	12	
832	16	
833	7	
834	7	
835	82	
836	9	
837	63	
838	71	
839	21	
840	85	
841	49	
842	79	
843	17	
844	73	
845	45	
846	90	
847	56	
848	80	
849	73	
850	84	
851	16	
852	47	
853	24	
854	83	
855	82	
856	51	
857	76	
858	3	
859	9	
860	24	
861	39	
862	39	
863	71	
864	18	
865	51	
866	42	
867	53	
868	18	
869	75	
870	1	
871	4	
872	30	
873	67	
874	25	
875	44	
876	46	
877	84	
878	47	
879	89	
880	19	
881	3	
882	10	
883	85	
884	4	
885	49	
886	85	
887	15	
888	78	
889	81	
890	76	
891	32	
892	73	
893	82	
894	72	
895	13	
896	55	
897	32	
898	72	
899	81	
900	73	
901	88	
902	12	
903	50	
904	51	
905	90	
906	85	
907	85	
908	19	
909	20	
910	70	
911	97	
912	14	
913	86	
914	6	
915	65	
916	15	
917	41	
918	97	
919	30	
920	5	
921	74	
922	42	
923	72	
924	54	
925	62	
926	80	
927	26	
928	44	
929	13	
930	98	
931	17	
932	33	
933	25	
934	89	
935	23	
936	80	
937	26	
938	14	
939	57	
940	99	
941	25	
942	54	
943	3	
944	21	
945	70	
946	76	
947	36	
948	34	
949	27	
950	59	
951	28	
952	52	
953	56	
954	78	
955	80	
956	22	
957	19	
958	97	
959	30	
960	64	
961	67	
962	95	
963	43	
964	12	
965	7	
966	11	
967	78	
968	76	
969	10	
970	73	
971	44	
972	3	
973	49	
974	40	
975	28	
976	39	
977	18	
978	75	
979	93	
980	61	
981	85	
982	58	
983	97	
984	38	
985	11	
986	80	
987	78	
988	34	
989	36	
990	63	
991	36	
992	80	
993	2	
994	45	
995	60	
996	67	
997	89	
998	39	
999	12	
1000	44	
1001	43	
1002	38	
1003	61	
1004	11	
1005	7	
1006	83	
1007	71	
1008	89	
1009	95	
1010	40	
1011	45	
1012	4	
1013	96	
1014	71	
1015	52	
1016	88	
1017	2	
1018	11	
1019	71	
1020	37	
1021	2	
1022	12	
1023	25	
1024	88	
1025	65	
1026	97	
1027	31	
1028	5	
1029	4	
1030	85	
1031	20	
1032	76	
1033	24	
1034	4	
1035	41	
1036	34	
1037	89	
1038	32	
1039	21	
1040	22	
1041	84	
1042	67	
1043	100	
1044	66	
1045	79	
1046	45	
1047	21	
1048	1	
1049	1	
1050	92	
1051	2	
1052	12	
1053	73	
1054	21	
1055	16	
1056	7	
1057	53	
1058	18	
1059	89	
1060	87	
1061	20	
1062	68	
1063	19	
1064	79	
1065	58	
1066	27	
1067	24	
1068	89	
1069	84	
1070	55	
1071	62	
1072	11	
1073	39	
1074	7	
1075	37	
1076	32	
1077	35	
1078	1	
1079	66	
1080	66	
1081	26	
1082	58	
1083	88	
1084	83	
1085	4	
1086	89	
1087	34	
1088	18	
1089	89	
1090	29	
1091	42	
1092	1	
1093	12	
1094	65	
1095	93	
1096	46	
1097	73	
1098	61	
1099	17	
1100	35	
1101	24	
1102	47	
1103	9	
1104	40	
1105	89	
1106	65	
1107	65	
1108	77	
1109	84	
1110	51	
1111	77	
1112	3	
1113	31	
1114	43	
1115	44	
1116	29	
1117	40	
1118	6	
1119	47	
1120	13	
1121	63	
1122	86	
1123	9	
1124	98	
1125	93	
1126	43	
1127	37	
1128	12	
1129	40	
1130	56	
1131	65	
1132	73	
1133	20	
1134	85	
1135	47	
1136	76	
1137	57	
1138	88	
1139	76	
1140	30	
1141	45	
1142	74	
1143	26	
1144	11	
1145	20	
1146	96	
1147	51	
1148	83	
1149	72	
1150	61	
1151	98	
1152	7	
1153	24	
1154	80	
1155	63	
1156	91	
1157	15	
1158	75	
1159	16	
1160	95	
1161	24	
1162	84	
1163	36	
1164	71	
1165	36	
1166	61	
1167	28	
1168	20	
1169	41	
1170	73	
1171	25	
1172	55	
1173	51	
1174	55	
1175	99	
1176	87	
1177	70	
1178	52	
1179	61	
1180	9	
1181	57	
1182	77	
1183	44	
1184	77	
1185	7	
1186	64	
1187	83	
1188	19	
1189	21	
1190	9	
1191	98	
1192	84	
1193	84	
1194	11	
1195	5	
1196	77	
1197	2	
1198	54	
1199	91	
1200	68	
1201	58	
1202	84	
1203	9	
1204	95	
1205	97	
1206	86	
1207	97	
1208	38	
1209	9	
1210	69	
1211	18	
1212	26	
1213	95	
1214	95	
1215	88	
1216	42	
1217	90	
1218	5	
1219	74	
1220	67	
1221	16	
1222	1	
1223	30	
1224	50	
1225	37	
1226	87	
1227	72	
1228	14	
1229	8	
1230	97	
1231	89	
1232	79	
1233	51	
1234	40	
1235	15	
1236	23	
1237	89	
1238	82	
1239	19	
1240	38	
1241	73	
1242	68	
1243	53	
1244	15	
1245	17	
1246	51	
1247	55	
1248	27	
1249	97	
1250	48	
1251	88	
1252	99	
1253	3	
1254	58	
1255	49	
1256	2	
1257	83	
1258	56	
1259	31	
1260	30	
1261	46	
1262	25	
1263	77	
1264	62	
1265	9	
1266	98	
1267	36	
1268	7	
1269	48	
1270	12	
1271	79	
1272	100	
1273	57	
1274	8	
1275	38	
1276	8	
1277	52	
1278	12	
1279	97	
1280	12	
1281	37	
1282	93	
1283	20	
1284	63	
1285	83	
1286	4	
1287	34	
1288	91	
1289	58	
1290	19	
1291	92	
1292	15	
1293	34	
1294	55	
1295	68	
1296	77	
1297	47	
1298	77	
1299	40	
1300	50	
1301	9	
1302	83	
1303	54	
1304	71	
1305	45	
1306	86	
1307	43	
1308	84	
1309	83	
1310	39	
1311	86	
1312	28	
1313	82	
1314	23	
1315	71	
1316	46	
1317	48	
1318	93	
1319	38	
1320	79	
1321	25	
1322	12	
1323	39	
1324	27	
1325	13	
1326	19	
1327	94	
1328	27	
1329	98	
1330	6	
1331	6	
1332	21	
1333	90	
1334	96	
1335	39	
1336	29	
1337	35	
1338	1	
1339	14	
1340	71	
1341	32	
1342	3	
1343	13	
1344	36	
1345	20	
1346	31	
1347	49	
1348	100	
1349	17	
1350	47	
1351	73	
1352	63	
1353	44	
1354	98	
1355	30	
1356	74	
1357	22	
1358	20	
1359	38	
1360	56	
1361	78	
1362	81	
1363	19	
1364	11	
1365	51	
1366	3	
1367	23	
1368	34	
1369	93	
1370	70	
1371	11	
1372	75	
1373	48	
1374	10	
1375	34	
1376	32	
1377	62	
1378	45	
1379	9	
1380	30	
1381	63	
1382	54	
1383	50	
1384	79	
1385	4	
1386	22	
1387	18	
1388	77	
1389	55	
1390	83	
1391	21	
1392	10	
1393	91	
1394	30	
1395	38	
1396	61	
1397	62	
1398	99	
1399	6	
1400	32	
1401	15	
1402	17	
1403	63	
1404	6	
1405	74	
1406	1	
1407	58	
1408	67	
1409	85	
1410	40	
1411	40	
1412	84	
1413	6	
1414	67	
1415	62	
1416	50	
1417	57	
1418	76	
1419	82	
1420	68	
1421	9	
1422	40	
1423	51	
1424	95	
1425	24	
1426	100	
1427	13	
1428	75	
1429	24	
1430	49	
1431	3	
1432	49	
1433	90	
1434	70	
1435	26	
1436	20	
1437	48	
1438	7	
1439	69	
1440	18	
1441	96	
1442	45	
1443	21	
1444	26	
1445	25	
1446	38	
1447	33	
1448	12	
1449	31	
1450	23	
1451	76	
1452	38	
1453	75	
1454	58	
1455	51	
1456	35	
1457	33	
1458	99	
1459	17	
1460	72	
1461	12	
1462	93	
1463	91	
1464	37	
1465	42	
1466	72	
1467	16	
1468	42	
1469	46	
1470	10	
1471	27	
1472	32	
1473	52	
1474	27	
1475	89	
1476	99	
1477	29	
1478	38	
1479	26	
1480	87	
1481	81	
1482	100	
1483	33	
1484	52	
1485	10	
1486	94	
1487	70	
1488	44	
1489	4	
1490	9	
1491	53	
1492	93	
1493	24	
1494	62	
1495	89	
1496	49	
1497	27	
1498	47	
1499	84	
1500	16	
1501	66	
1502	26	
1503	23	
1504	86	
1505	5	
1506	15	
1507	64	
1508	12	
1509	85	
1510	68	
1511	81	
1512	37	
1513	36	
1514	62	
1515	32	
1516	22	
1517	46	
1518	51	
1519	87	
1520	55	
1521	67	
1522	39	
1523	59	
1524	62	
1525	97	
1526	57	
1527	26	
1528	41	
1529	84	
1530	97	
1531	86	
1532	2	
1533	86	
1534	57	
1535	6	
1536	36	
1537	50	
1538	17	
1539	41	
1540	48	
1541	70	
1542	100	
1543	32	
1544	2	
1545	23	
1546	51	
1547	86	
1548	55	
1549	86	
1550	62	
1551	3	
1552	75	
1553	82	
1554	28	
1555	31	
1556	62	
1557	86	
1558	86	
1559	94	
1560	88	
1561	22	
1562	40	
1563	80	
1564	15	
1565	86	
1566	80	
1567	11	
1568	61	
1569	84	
1570	72	
1571	5	
1572	12	
1573	72	
1574	13	
1575	77	
1576	43	
1577	31	
1578	24	
1579	35	
1580	88	
1581	51	
1582	11	
1583	62	
1584	38	
1585	30	
1586	22	
1587	63	
1588	42	
1589	96	
1590	64	
1591	44	
1592	55	
1593	40	
1594	68	
1595	12	
1596	84	
1597	19	
1598	82	
1599	63	
1600	98	
1601	90	
1602	73	
1603	28	
1604	60	
1605	70	
1606	20	
1607	69	
1608	52	
1609	76	
1610	48	
1611	54	
1612	73	
1613	92	
1614	45	
1615	31	
1616	29	
1617	23	
1618	94	
1619	33	
1620	1	
1621	47	
1622	87	
1623	69	
1624	82	
1625	31	
1626	82	
1627	50	
1628	76	
1629	61	
1630	73	
1631	78	
1632	86	
1633	61	
1634	72	
1635	65	
1636	39	
1637	9	
1638	61	
1639	63	
1640	61	
1641	69	
1642	45	
1643	16	
1644	33	
1645	10	
1646	85	
1647	83	
1648	15	
1649	21	
1650	99	
1651	77	
1652	28	
1653	18	
1654	1	
1655	17	
1656	92	
1657	46	
1658	66	
1659	35	
1660	68	
1661	59	
1662	46	
1663	35	
1664	99	
1665	65	
1666	12	
1667	89	
1668	26	
1669	45	
1670	67	
1671	80	
1672	29	
1673	23	
1674	23	
1675	84	
1676	17	
1677	93	
1678	91	
1679	54	
1680	53	
1681	59	
1682	74	
1683	56	
1684	11	
1685	98	
1686	36	
1687	99	
1688	98	
1689	55	
1690	36	
1691	51	
1692	55	
1693	10	
1694	68	
1695	19	
1696	58	
1697	49	
1698	46	
1699	43	
1700	44	
1701	9	
1702	83	
1703	79	
1704	92	
1705	93	
1706	87	
1707	52	
1708	40	
1709	20	
1710	6	
1711	55	
1712	83	
1713	1	
1714	15	
1715	42	
1716	89	
1717	54	
1718	76	
1719	32	
1720	24	
1721	39	
1722	3	
1723	38	
1724	3	
1725	26	
1726	56	
1727	53	
1728	82	
1729	14	
1730	21	
1731	64	
1732	42	
1733	78	
1734	88	
1735	97	
1736	4	
1737	1	
1738	97	
1739	45	
1740	7	
1741	16	
1742	55	
1743	55	
1744	8	
1745	89	
1746	45	
1747	66	
1748	7	
1749	100	
1750	7	
1751	20	
1752	1	
1753	41	
1754	43	
1755	43	
1756	61	
1757	34	
1758	6	
1759	23	
1760	33	
1761	60	
1762	54	
1763	4	
1764	64	
1765	47	
1766	11	
1767	46	
1768	19	
1769	4	
1770	57	
1771	58	
1772	78	
1773	29	
1774	49	
1775	17	
1776	33	
1777	9	
1778	81	
1779	26	
1780	81	
1781	45	
1782	54	
1783	26	
1784	61	
1785	63	
1786	90	
1787	66	
1788	8	
1789	87	
1790	33	
1791	30	
1792	91	
1793	74	
1794	89	
1795	27	
1796	65	
1797	89	
1798	20	
1799	78	
1800	65	
1801	49	
1802	94	
1803	13	
1804	68	
1805	62	
1806	73	
1807	50	
1808	53	
1809	85	
1810	63	
1811	11	
1812	74	
1813	84	
1814	16	
1815	18	
1816	6	
1817	50	
1818	14	
1819	25	
1820	86	
1821	69	
1822	30	
1823	45	
1824	70	
1825	57	
1826	13	
1827	59	
1828	10	
1829	4	
1830	54	
1831	52	
1832	91	
1833	10	
1834	77	
1835	22	
1836	38	
1837	80	
1838	11	
1839	78	
1840	69	
1841	58	
1842	98	
1843	43	
1844	51	
1845	27	
1846	19	
1847	74	
1848	70	
1849	21	
1850	7	
1851	26	
1852	16	
1853	83	
1854	84	
1855	90	
1856	20	
1857	89	
1858	23	
1859	59	
1860	51	
1861	39	
1862	58	
1863	80	
1864	21	
1865	23	
1866	13	
1867	42	
1868	23	
1869	58	
1870	42	
1871	12	
1872	49	
1873	8	
1874	22	
1875	62	
1876	11	
1877	10	
1878	32	
1879	48	
1880	70	
1881	61	
1882	82	
1883	61	
1884	61	
1885	94	
1886	57	
1887	49	
1888	21	
1889	69	
1890	71	
1891	97	
1892	15	
1893	83	
1894	20	
1895	72	
1896	23	
1897	94	
1898	51	
1899	85	
1900	89	
1901	73	
1902	71	
1903	45	
1904	80	
1905	58	
1906	69	
1907	100	
1908	31	
1909	3	
1910	42	
1911	60	
1912	45	
1913	90	
1914	27	
1915	3	
1916	66	
1917	77	
1918	22	
1919	100	
1920	6	
1921	17	
1922	12	
1923	94	
1924	99	
1925	92	
1926	87	
1927	50	
1928	92	
1929	53	
1930	47	
1931	11	
1932	41	
1933	73	
1934	78	
1935	53	
1936	95	
1937	65	
1938	93	
1939	44	
1940	71	
1941	31	
1942	98	
1943	80	
1944	80	
1945	27	
1946	38	
1947	72	
1948	99	
1949	41	
1950	86	
1951	84	
1952	35	
1953	39	
1954	19	
1955	26	
1956	83	
1957	17	
1958	84	
1959	18	
1960	88	
1961	8	
1962	44	
1963	19	
1964	62	
1965	33	
1966	22	
1967	7	
1968	2	
1969	61	
1970	75	
1971	27	
1972	34	
1973	85	
1974	60	
1975	29	
1976	18	
1977	77	
1978	34	
1979	7	
1980	55	
1981	58	
1982	87	
1983	64	
1984	80	
1985	45	
1986	55	
1987	40	
1988	50	
1989	63	
1990	42	
1991	5	
1992	53	
1993	100	
1994	59	
1995	50	
1996	82	
1997	18	
1998	36	
1999	60	
2000	84	
2001	57	
2002	74	
2003	20	
2004	9	
2005	95	
2006	11	
2007	14	
2008	60	
2009	79	
2010	35	
2011	10	
2012	87	
2013	3	
2014	85	
2015	70	
2016	92	
2017	43	
2018	66	
2019	88	
2020	81	
2021	25	
2022	58	
2023	11	
2024	17	
2025	97	
2026	43	
2027	67	
2028	1	
2029	52	
2030	35	
2031	71	
2032	2	
2033	70	
2034	47	
2035	100	
2036	96	
2037	66	
2038	40	
2039	97	
2040	54	
2041	18	
2042	91	
2043	94	
2044	26	
2045	61	
2046	62	
2047	87	
2048	51	
2049	39	
2050	77	
2051	16	
2052	35	
2053	36	
2054	36	
2055	15	
2056	36	
2057	14	
2058	45	
2059	23	
2060	89	
2061	58	
2062	44	
2063	25	
2064	36	
2065	48	
2066	29	
2067	71	
2068	78	
2069	49	
2070	74	
2071	35	
2072	63	
2073	46	
2074	27	
2075	98	
2076	37	
2077	40	
2078	56	
2079	78	
2080	59	
2081	42	
2082	7	
2083	14	
2084	81	
2085	68	
2086	19	
2087	63	
2088	88	
2089	92	
2090	85	
2091	22	
2092	16	
2093	57	
2094	79	
2095	90	
2096	37	
2097	10	
2098	29	
2099	92	
2100	72	
2101	25	
2102	46	
2103	99	
2104	88	
2105	6	
2106	14	
2107	59	
2108	20	
2109	11	
2110	99	
2111	28	
2112	66	
2113	3	
2114	50	
2115	38	
2116	59	
2117	12	
2118	20	
2119	36	
2120	22	
2121	91	
2122	6	
2123	11	
2124	38	
2125	21	
2126	7	
2127	89	
2128	5	
2129	65	
2130	43	
2131	84	
2132	73	
2133	10	
2134	88	
2135	78	
2136	57	
2137	99	
2138	74	
2139	56	
2140	78	
2141	87	
2142	40	
2143	13	
2144	80	
2145	88	
2146	50	
2147	89	
2148	16	
2149	57	
2150	66	
2151	16	
2152	81	
2153	78	
2154	69	
2155	63	
2156	60	
2157	13	
2158	93	
2159	99	
2160	78	
2161	16	
2162	11	
2163	35	
2164	34	
2165	23	
2166	71	
2167	72	
2168	25	
2169	77	
2170	36	
2171	59	
2172	12	
2173	39	
2174	39	
2175	64	
2176	38	
2177	38	
2178	64	
2179	51	
2180	61	
2181	31	
2182	63	
2183	39	
2184	31	
2185	26	
2186	74	
2187	45	
2188	82	
2189	1	
2190	89	
2191	4	
2192	70	
2193	60	
2194	56	
2195	28	
2196	31	
2197	9	
2198	48	
2199	20	
2200	33	
2201	71	
2202	67	
2203	41	
2204	50	
2205	12	
2206	15	
2207	2	
2208	72	
2209	80	
2210	24	
2211	100	
2212	13	
2213	65	
2214	56	
2215	73	
2216	61	
2217	51	
2218	36	
2219	30	
2220	43	
2221	83	
2222	6	
2223	99	
2224	81	
2225	9	
2226	30	
2227	67	
2228	15	
2229	27	
2230	99	
2231	75	
2232	37	
2233	78	
2234	40	
2235	5	
2236	67	
2237	94	
2238	25	
2239	87	
2240	9	
2241	3	
2242	2	
2243	59	
2244	45	
2245	12	
2246	72	
2247	1	
2248	78	
2249	36	
2250	76	
2251	42	
2252	45	
2253	73	
2254	25	
2255	81	
2256	77	
2257	18	
2258	18	
2259	42	
2260	67	
2261	59	
2262	91	
2263	56	
2264	92	
2265	5	
2266	55	
2267	24	
2268	100	
2269	24	
2270	41	
2271	22	
2272	70	
2273	87	
2274	13	
2275	49	
2276	49	
2277	31	
2278	9	
2279	28	
2280	35	
2281	14	
2282	78	
2283	72	
2284	65	
2285	39	
2286	53	
2287	33	
2288	11	
2289	40	
2290	60	
2291	15	
2292	55	
2293	10	
2294	21	
2295	88	
2296	55	
2297	77	
2298	67	
2299	42	
2300	80	
2301	87	
2302	86	
2303	79	
2304	35	
2305	15	
2306	49	
2307	57	
2308	92	
2309	27	
2310	51	
2311	81	
2312	7	
2313	52	
2314	5	
2315	29	
2316	65	
2317	38	
2318	99	
2319	24	
2320	86	
2321	63	
2322	76	
2323	67	
2324	78	
2325	3	
2326	40	
2327	91	
2328	93	
2329	18	
2330	1	
2331	78	
2332	80	
2333	82	
2334	97	
2335	84	
2336	23	
2337	32	
2338	64	
2339	56	
2340	83	
2341	20	
2342	88	
2343	49	
2344	88	
2345	3	
2346	21	
2347	13	
2348	17	
2349	62	
2350	59	
2351	30	
2352	48	
2353	6	
2354	21	
2355	65	
2356	45	
2357	4	
2358	65	
2359	84	
2360	67	
2361	19	
2362	41	
2363	21	
2364	72	
2365	10	
2366	90	
2367	51	
2368	83	
2369	17	
2370	24	
2371	65	
2372	38	
2373	49	
2374	90	
2375	56	
2376	43	
2377	31	
2378	44	
2379	87	
2380	45	
2381	99	
2382	60	
2383	54	
2384	22	
2385	18	
2386	80	
2387	26	
2388	35	
2389	81	
2390	40	
2391	12	
2392	5	
2393	53	
2394	66	
2395	55	
2396	91	
2397	3	
2398	92	
2399	12	
2400	91	
2401	71	
2402	17	
2403	82	
2404	16	
2405	27	
2406	65	
2407	65	
2408	35	
2409	31	
2410	36	
2411	92	
2412	76	
2413	8	
2414	87	
2415	25	
2416	31	
2417	54	
2418	52	
2419	61	
2420	17	
2421	68	
2422	65	
2423	67	
2424	62	
2425	76	
2426	85	
2427	55	
2428	82	
2429	41	
2430	79	
2431	69	
2432	26	
2433	26	
2434	92	
2435	68	
2436	78	
2437	14	
2438	14	
2439	49	
2440	90	
2441	20	
2442	81	
2443	28	
2444	47	
2445	54	
2446	92	
2447	95	
2448	60	
2449	7	
2450	14	
2451	63	
2452	27	
2453	86	
2454	79	
2455	84	
2456	35	
2457	47	
2458	77	
2459	70	
2460	77	
2461	15	
2462	89	
2463	36	
2464	37	
2465	41	
2466	73	
2467	62	
2468	80	
2469	89	
2470	49	
2471	48	
2472	61	
2473	49	
2474	61	
2475	50	
2476	45	
2477	60	
2478	34	
2479	55	
2480	1	
2481	93	
2482	82	
2483	28	
2484	56	
2485	90	
2486	74	
2487	100	
2488	27	
2489	19	
2490	3	
2491	27	
2492	19	
2493	53	
2494	32	
2495	89	
2496	39	
2497	45	
2498	88	
2499	86	
2500	13	
2501	21	
2502	74	
2503	69	
2504	67	
2505	7	
2506	89	
2507	75	
2508	31	
2509	11	
2510	34	
2511	10	
2512	81	
2513	71	
2514	7	
2515	16	
2516	9	
2517	66	
2518	47	
2519	66	
2520	91	
2521	79	
2522	87	
2523	39	
2524	21	
2525	69	
2526	24	
2527	65	
2528	21	
2529	14	
2530	56	
2531	85	
2532	77	
2533	93	
2534	92	
2535	37	
2536	73	
2537	10	
2538	24	
2539	54	
2540	57	
2541	35	
2542	79	
2543	27	
2544	97	
2545	98	
2546	50	
2547	54	
2548	74	
2549	95	
2550	38	
2551	40	
2552	35	
2553	12	
2554	36	
2555	90	
2556	3	
2557	17	
2558	35	
2559	92	
2560	99	
2561	23	
2562	38	
2563	14	
2564	42	
2565	6	
2566	99	
2567	43	
2568	10	
2569	34	
2570	80	
2571	100	
2572	10	
2573	39	
2574	2	
2575	79	
2576	60	
2577	70	
2578	10	
2579	10	
2580	46	
2581	36	
2582	15	
2583	63	
2584	23	
2585	26	
2586	7	
2587	59	
2588	40	
2589	1	
2590	31	
2591	21	
2592	52	
2593	65	
2594	97	
2595	38	
2596	38	
2597	32	
2598	73	
2599	84	
2600	36	
2601	70	
2602	10	
2603	89	
2604	63	
2605	100	
2606	15	
2607	66	
2608	55	
2609	66	
2610	25	
2611	29	
2612	74	
2613	54	
2614	73	
2615	78	
2616	6	
2617	80	
2618	96	
2619	39	
2620	60	
2621	14	
2622	56	
2623	69	
2624	17	
2625	64	
2626	26	
2627	57	
2628	5	
2629	86	
2630	83	
2631	40	
2632	20	
2633	94	
2634	93	
2635	8	
2636	88	
2637	37	
2638	9	
2639	87	
2640	14	
2641	95	
2642	16	
2643	83	
2644	9	
2645	37	
2646	56	
2647	91	
2648	8	
2649	35	
2650	22	
2651	86	
2652	81	
2653	28	
2654	3	
2655	28	
2656	30	
2657	23	
2658	92	
2659	78	
2660	57	
2661	9	
2662	60	
2663	78	
2664	29	
2665	95	
2666	38	
2667	82	
2668	32	
2669	71	
2670	69	
2671	39	
2672	96	
2673	28	
2674	74	
2675	76	
2676	80	
2677	92	
2678	26	
2679	6	
2680	31	
2681	63	
2682	18	
2683	55	
2684	21	
2685	42	
2686	12	
2687	45	
2688	50	
2689	22	
2690	73	
2691	58	
2692	88	
2693	17	
2694	38	
2695	63	
2696	97	
2697	57	
2698	53	
2699	58	
2700	8	
2701	30	
2702	39	
2703	54	
2704	94	
2705	70	
2706	25	
2707	71	
2708	67	
2709	92	
2710	9	
2711	68	
2712	8	
2713	67	
2714	63	
2715	27	
2716	16	
2717	65	
2718	70	
2719	41	
2720	38	
2721	31	
2722	30	
2723	64	
2724	86	
2725	53	
2726	86	
2727	31	
2728	29	
2729	76	
2730	21	
2731	45	
2732	91	
2733	77	
2734	18	
2735	35	
2736	80	
2737	9	
2738	89	
2739	77	
2740	93	
2741	44	
2742	45	
2743	17	
2744	86	
2745	20	
2746	2	
2747	25	
2748	59	
2749	29	
2750	38	
2751	20	
2752	37	
2753	28	
2754	90	
2755	33	
2756	4	
2757	10	
2758	31	
2759	29	
2760	48	
2761	63	
2762	43	
2763	67	
2764	46	
2765	37	
2766	7	
2767	15	
2768	89	
2769	16	
2770	72	
2771	93	
2772	35	
2773	13	
2774	56	
2775	53	
2776	59	
2777	57	
2778	71	
2779	62	
2780	38	
2781	37	
2782	68	
2783	73	
2784	88	
2785	1	
2786	15	
2787	5	
2788	42	
2789	19	
2790	14	
2791	61	
2792	19	
2793	31	
2794	94	
2795	95	
2796	81	
2797	62	
2798	13	
2799	9	
2800	94	
2801	76	
2802	100	
2803	68	
2804	33	
2805	15	
2806	11	
2807	75	
2808	68	
2809	43	
2810	21	
2811	34	
2812	49	
2813	74	
2814	11	
2815	49	
2816	91	
2817	84	
2818	18	
2819	55	
2820	51	
2821	85	
2822	91	
2823	1	
2824	26	
2825	83	
2826	79	
2827	18	
2828	59	
2829	71	
2830	37	
2831	58	
2832	59	
2833	5	
2834	89	
2835	78	
2836	74	
2837	14	
2838	37	
2839	68	
2840	16	
2841	82	
2842	25	
2843	88	
2844	7	
2845	20	
2846	8	
2847	87	
2848	25	
2849	27	
2850	74	
2851	68	
2852	88	
2853	4	
2854	61	
2855	23	
2856	20	
2857	64	
2858	30	
2859	48	
2860	85	
2861	45	
2862	47	
2863	2	
2864	99	
2865	6	
2866	100	
2867	10	
2868	83	
2869	89	
2870	96	
2871	7	
2872	92	
2873	13	
2874	87	
2875	45	
2876	45	
2877	78	
2878	19	
2879	72	
2880	3	
2881	22	
2882	88	
2883	84	
2884	49	
2885	75	
2886	41	
2887	24	
2888	74	
2889	30	
2890	79	
2891	16	
2892	78	
2893	47	
2894	86	
2895	4	
2896	42	
2897	19	
2898	33	
2899	5	
2900	27	
2901	56	
2902	73	
2903	33	
2904	56	
2905	1	
2906	10	
2907	93	
2908	90	
2909	17	
2910	95	
2911	80	
2912	61	
2913	38	
2914	92	
2915	86	
2916	41	
2917	95	
2918	19	
2919	91	
2920	47	
2921	72	
2922	69	
2923	99	
2924	39	
2925	34	
2926	27	
2927	37	
2928	78	
2929	42	
2930	11	
2931	79	
2932	35	
2933	76	
2934	87	
2935	77	
2936	91	
2937	54	
2938	83	
2939	83	
2940	39	
2941	32	
2942	28	
2943	6	
2944	82	
2945	23	
2946	89	
2947	99	
2948	93	
2949	92	
2950	58	
2951	1	
2952	24	
2953	63	
2954	72	
2955	1	
2956	4	
2957	50	
2958	54	
2959	41	
2960	93	
2961	9	
2962	51	
2963	83	
2964	71	
2965	25	
2966	87	
2967	5	
2968	62	
2969	83	
2970	33	
2971	44	
2972	63	
2973	4	
2974	52	
2975	51	
2976	75	
2977	60	
2978	20	
2979	26	
2980	57	
2981	37	
2982	71	
2983	49	
2984	1	
2985	55	
2986	21	
2987	49	
2988	25	
2989	74	
2990	94	
2991	87	
2992	83	
2993	93	
2994	61	
2995	97	
2996	34	
2997	91	
2998	9	
2999	27	
3000	49	
3001	49	
3002	77	
3003	11	
3004	4	
3005	37	
3006	9	
3007	14	
3008	3	
3009	6	
3010	92	
3011	84	
3012	40	
3013	23	
3014	49	
3015	32	
3016	41	
3017	51	
3018	40	
3019	43	
3020	5	
3021	79	
3022	64	
3023	4	
3024	78	
3025	1	
3026	52	
3027	79	
3028	57	
3029	21	
3030	24	
3031	55	
3032	23	
3033	99	
3034	51	
3035	65	
3036	56	
3037	46	
3038	83	
3039	52	
3040	7	
3041	69	
3042	10	
3043	73	
3044	30	
3045	33	
3046	61	
3047	10	
3048	5	
3049	75	
3050	57	
3051	93	
3052	56	
3053	61	
3054	39	
3055	19	
3056	71	
3057	2	
3058	97	
3059	15	
3060	80	
3061	88	
3062	89	
3063	2	
3064	8	
3065	87	
3066	42	
3067	78	
3068	35	
3069	8	
3070	100	
3071	1	
3072	51	
3073	8	
3074	78	
3075	64	
3076	57	
3077	100	
3078	67	
3079	47	
3080	69	
3081	73	
3082	19	
3083	77	
3084	8	
3085	15	
3086	72	
3087	13	
3088	73	
3089	51	
3090	28	
3091	6	
3092	66	
3093	71	
3094	67	
3095	4	
3096	82	
3097	86	
3098	87	
3099	77	
3100	90	
3101	43	
3102	10	
3103	60	
3104	62	
3105	52	
3106	19	
3107	66	
3108	91	
3109	4	
3110	26	
3111	10	
3112	20	
3113	7	
3114	15	
3115	55	
3116	82	
3117	46	
3118	83	
3119	78	
3120	10	
3121	46	
3122	12	
3123	43	
3124	12	
3125	87	
3126	39	
3127	92	
3128	63	
3129	31	
3130	30	
3131	31	
3132	45	
3133	30	
3134	33	
3135	90	
3136	13	
3137	20	
3138	42	
3139	79	
3140	72	
3141	52	
3142	39	
3143	83	
3144	71	
3145	29	
3146	76	
3147	21	
3148	41	
3149	22	
3150	51	
3151	1	
3152	59	
3153	12	
3154	22	
3155	7	
3156	37	
3157	48	
3158	65	
3159	51	
3160	31	
3161	8	
3162	98	
3163	76	
3164	31	
3165	53	
3166	70	
3167	63	
3168	87	
3169	13	
3170	39	
3171	34	
3172	46	
3173	49	
3174	97	
3175	36	
3176	69	
3177	5	
3178	23	
3179	68	
3180	31	
3181	50	
3182	85	
3183	55	
3184	67	
3185	48	
3186	5	
3187	85	
3188	62	
3189	21	
3190	60	
3191	57	
3192	48	
3193	69	
3194	84	
3195	71	
3196	65	
3197	66	
3198	53	
3199	50	
3200	30	
3201	63	
3202	25	
3203	24	
3204	63	
3205	11	
3206	30	
3207	23	
3208	35	
3209	5	
3210	84	
3211	75	
3212	45	
3213	10	
3214	97	
3215	100	
3216	15	
3217	84	
3218	54	
3219	86	
3220	79	
3221	63	
3222	93	
3223	13	
3224	52	
3225	3	
3226	47	
3227	13	
3228	87	
3229	43	
3230	1	
3231	92	
3232	87	
3233	38	
3234	65	
3235	68	
3236	31	
3237	53	
3238	87	
3239	12	
3240	97	
3241	5	
3242	22	
3243	52	
3244	54	
3245	60	
3246	26	
3247	91	
3248	59	
3249	36	
3250	17	
3251	78	
3252	99	
3253	97	
3254	76	
3255	12	
3256	91	
3257	22	
3258	68	
3259	61	
3260	84	
3261	69	
3262	35	
3263	45	
3264	89	
3265	81	
3266	34	
3267	76	
3268	3	
3269	24	
3270	15	
3271	24	
3272	58	
3273	62	
3274	34	
3275	44	
3276	95	
3277	90	
3278	57	
3279	69	
3280	18	
3281	70	
3282	85	
3283	89	
3284	7	
3285	28	
3286	88	
3287	1	
3288	62	
3289	6	
3290	27	
3291	80	
3292	93	
3293	87	
3294	63	
3295	100	
3296	54	
3297	88	
3298	65	
3299	17	
3300	99	
3301	35	
3302	52	
3303	27	
3304	55	
3305	84	
3306	39	
3307	54	
3308	24	
3309	48	
3310	17	
3311	89	
3312	93	
3313	100	
3314	35	
3315	14	
3316	75	
3317	100	
3318	46	
3319	13	
3320	5	
3321	62	
3322	35	
3323	34	
3324	97	
3325	38	
3326	60	
3327	98	
3328	62	
3329	60	
3330	54	
3331	82	
3332	10	
3333	59	
3334	95	
3335	4	
3336	48	
3337	18	
3338	10	
3339	75	
3340	68	
3341	79	
3342	3	
3343	32	
3344	79	
3345	42	
3346	90	
3347	37	
3348	42	
3349	73	
3350	49	
3351	8	
3352	19	
3353	46	
3354	29	
3355	50	
3356	13	
3357	41	
3358	95	
3359	58	
3360	23	
3361	21	
3362	56	
3363	13	
3364	65	
3365	28	
3366	11	
3367	73	
3368	56	
3369	17	
3370	99	
3371	31	
3372	24	
3373	23	
3374	75	
3375	14	
3376	13	
3377	41	
3378	76	
3379	23	
3380	13	
3381	62	
3382	35	
3383	34	
3384	85	
3385	52	
3386	40	
3387	53	
3388	1	
3389	69	
3390	80	
3391	85	
3392	19	
3393	83	
3394	28	
3395	90	
3396	92	
3397	13	
3398	77	
3399	23	
3400	68	
3401	89	
3402	65	
3403	89	
3404	72	
3405	72	
3406	44	
3407	15	
3408	51	
3409	93	
3410	74	
3411	60	
3412	51	
3413	39	
3414	29	
3415	89	
3416	3	
3417	54	
3418	10	
3419	95	
3420	36	
3421	90	
3422	6	
3423	71	
3424	58	
3425	45	
3426	10	
3427	50	
3428	10	
3429	7	
3430	72	
3431	20	
3432	11	
3433	37	
3434	49	
3435	26	
3436	99	
3437	93	
3438	43	
3439	65	
3440	48	
3441	46	
3442	47	
3443	20	
3444	9	
3445	53	
3446	90	
3447	56	
3448	96	
3449	68	
3450	24	
3451	11	
3452	39	
3453	76	
3454	37	
3455	15	
3456	49	
3457	32	
3458	25	
3459	81	
3460	32	
3461	18	
3462	37	
3463	16	
3464	82	
3465	98	
3466	27	
3467	13	
3468	50	
3469	75	
3470	48	
3471	11	
3472	13	
3473	47	
3474	5	
3475	34	
3476	47	
3477	48	
3478	84	
3479	93	
3480	21	
3481	75	
3482	65	
3483	82	
3484	22	
3485	62	
3486	71	
3487	70	
3488	60	
3489	19	
3490	42	
3491	79	
3492	65	
3493	25	
3494	48	
3495	15	
3496	85	
3497	44	
3498	86	
3499	8	
3500	4	
3501	65	
3502	62	
3503	63	
3504	6	
3505	28	
3506	20	
3507	23	
3508	80	
3509	56	
3510	51	
3511	93	
3512	34	
3513	55	
3514	19	
3515	7	
3516	44	
3517	36	
3518	94	
3519	67	
3520	27	
3521	51	
3522	52	
3523	55	
3524	99	
3525	1	
3526	93	
3527	24	
3528	47	
3529	42	
3530	79	
3531	12	
3532	70	
3533	36	
3534	18	
3535	34	
3536	22	
3537	15	
3538	18	
3539	54	
3540	81	
3541	52	
3542	60	
3543	100	
3544	46	
3545	80	
3546	99	
3547	47	
3548	38	
3549	76	
3550	70	
3551	95	
3552	49	
3553	76	
3554	12	
3555	77	
3556	19	
3557	49	
3558	27	
3559	92	
3560	29	
3561	1	
3562	14	
3563	96	
3564	84	
3565	59	
3566	87	
3567	27	
3568	66	
3569	98	
3570	5	
3571	92	
3572	2	
3573	13	
3574	87	
3575	37	
3576	54	
3577	29	
3578	28	
3579	74	
3580	87	
3581	3	
3582	89	
3583	62	
3584	98	
3585	5	
3586	38	
3587	7	
3588	32	
3589	94	
3590	22	
3591	78	
3592	63	
3593	40	
3594	30	
3595	26	
3596	25	
3597	92	
3598	6	
3599	40	
3600	54	
3601	5	
3602	97	
3603	77	
3604	94	
3605	98	
3606	56	
3607	48	
3608	17	
3609	58	
3610	43	
3611	83	
3612	20	
3613	8	
3614	5	
3615	28	
3616	64	
3617	15	
3618	17	
3619	47	
3620	4	
3621	36	
3622	44	
3623	23	
3624	88	
3625	60	
3626	71	
3627	6	
3628	90	
3629	21	
3630	59	
3631	22	
3632	25	
3633	9	
3634	63	
3635	8	
3636	10	
3637	88	
3638	46	
3639	19	
3640	76	
3641	37	
3642	43	
3643	71	
3644	21	
3645	69	
3646	22	
3647	56	
3648	25	
3649	33	
3650	42	
3651	65	
3652	91	
3653	34	
3654	35	
3655	87	
3656	13	
3657	49	
3658	83	
3659	97	
3660	30	
3661	78	
3662	85	
3663	12	
3664	55	
3665	26	
3666	87	
3667	46	
3668	1	
3669	31	
3670	46	
3671	24	
3672	87	
3673	40	
3674	78	
3675	22	
3676	50	
3677	3	
3678	61	
3679	18	
3680	13	
3681	68	
3682	41	
3683	78	
3684	87	
3685	25	
3686	3	
3687	45	
3688	33	
3689	10	
3690	56	
3691	71	
3692	59	
3693	64	
3694	29	
3695	19	
3696	98	
3697	83	
3698	32	
3699	15	
3700	88	
3701	70	
3702	39	
3703	19	
3704	77	
3705	67	
3706	17	
3707	11	
3708	73	
3709	65	
3710	14	
3711	19	
3712	81	
3713	64	
3714	81	
3715	78	
3716	1	
3717	81	
3718	41	
3719	58	
3720	13	
3721	64	
3722	2	
3723	56	
3724	58	
3725	35	
3726	75	
3727	90	
3728	80	
3729	54	
3730	75	
3731	82	
3732	95	
3733	2	
3734	94	
3735	34	
3736	55	
3737	52	
3738	59	
3739	15	
3740	65	
3741	20	
3742	36	
3743	27	
3744	17	
3745	8	
3746	83	
3747	49	
3748	84	
3749	5	
3750	93	
3751	90	
3752	25	
3753	82	
3754	31	
3755	75	
3756	14	
3757	94	
3758	74	
3759	3	
3760	9	
3761	100	
3762	48	
3763	91	
3764	77	
3765	86	
3766	10	
3767	26	
3768	36	
3769	8	
3770	30	
3771	93	
3772	52	
3773	20	
3774	80	
3775	70	
3776	100	
3777	61	
3778	46	
3779	82	
3780	94	
3781	66	
3782	30	
3783	44	
3784	56	
3785	29	
3786	88	
3787	5	
3788	93	
3789	66	
3790	3	
3791	63	
3792	43	
3793	27	
3794	98	
3795	60	
3796	43	
3797	79	
3798	85	
3799	50	
3800	29	
3801	18	
3802	70	
3803	18	
3804	95	
3805	48	
3806	58	
3807	99	
3808	95	
3809	47	
3810	84	
3811	50	
3812	84	
3813	19	
3814	9	
3815	21	
3816	87	
3817	13	
3818	64	
3819	45	
3820	59	
3821	59	
3822	17	
3823	34	
3824	83	
3825	11	
3826	58	
3827	39	
3828	5	
3829	61	
3830	97	
3831	36	
3832	34	
3833	48	
3834	61	
3835	86	
3836	74	
3837	73	
3838	53	
3839	7	
3840	22	
3841	97	
3842	26	
3843	52	
3844	5	
3845	57	
3846	26	
3847	16	
3848	58	
3849	50	
3850	1	
3851	100	
3852	26	
3853	52	
3854	81	
3855	43	
3856	60	
3857	68	
3858	24	
3859	41	
3860	74	
3861	56	
3862	86	
3863	33	
3864	59	
3865	23	
3866	69	
3867	72	
3868	16	
3869	15	
3870	6	
3871	5	
3872	76	
3873	60	
3874	87	
3875	69	
3876	10	
3877	72	
3878	80	
3879	62	
3880	20	
3881	51	
3882	32	
3883	74	
3884	32	
3885	54	
3886	99	
3887	42	
3888	100	
3889	5	
3890	99	
3891	65	
3892	39	
3893	19	
3894	65	
3895	72	
3896	39	
3897	46	
3898	14	
3899	13	
3900	73	
3901	77	
3902	49	
3903	86	
3904	82	
3905	91	
3906	77	
3907	24	
3908	27	
3909	63	
3910	20	
3911	51	
3912	46	
3913	96	
3914	16	
3915	30	
3916	41	
3917	100	
3918	23	
3919	97	
3920	44	
3921	79	
3922	12	
3923	60	
3924	79	
3925	46	
3926	22	
3927	22	
3928	34	
3929	66	
3930	33	
3931	88	
3932	31	
3933	40	
3934	25	
3935	66	
3936	32	
3937	28	
3938	60	
3939	71	
3940	51	
3941	87	
3942	78	
3943	90	
3944	87	
3945	63	
3946	46	
3947	9	
3948	34	
3949	35	
3950	3	
3951	62	
3952	83	
3953	5	
3954	66	
3955	65	
3956	31	
3957	38	
3958	12	
3959	79	
3960	13	
3961	74	
3962	26	
3963	83	
3964	96	
3965	59	
3966	39	
3967	16	
3968	61	
3969	92	
3970	89	
3971	80	
3972	91	
3973	40	
3974	85	
3975	12	
3976	16	
3977	9	
3978	62	
3979	58	
3980	27	
3981	51	
3982	70	
3983	89	
3984	2	
3985	4	
3986	90	
3987	5	
3988	11	
3989	67	
3990	40	
3991	10	
3992	32	
3993	28	
3994	45	
3995	83	
3996	32	
3997	95	
3998	58	
3999	93	
4000	22	
4001	54	
4002	24	
4003	87	
4004	22	
4005	21	
4006	42	
4007	1	
4008	61	
4009	89	
4010	79	
4011	30	
4012	91	
4013	27	
4014	66	
4015	51	
4016	45	
4017	84	
4018	76	
4019	56	
4020	66	
4021	25	
4022	6	
4023	100	
4024	99	
4025	89	
4026	53	
4027	71	
4028	84	
4029	80	
4030	75	
4031	32	
4032	78	
4033	60	
4034	61	
4035	77	
4036	21	
4037	3	
4038	48	
4039	32	
4040	69	
4041	9	
4042	30	
4043	41	
4044	3	
4045	48	
4046	100	
4047	4	
4048	79	
4049	96	
4050	79	
4051	54	
4052	69	
4053	71	
4054	85	
4055	32	
4056	65	
4057	68	
4058	54	
4059	53	
4060	84	
4061	65	
4062	2	
4063	15	
4064	50	
4065	66	
4066	15	
4067	42	
4068	96	
4069	61	
4070	4	
4071	9	
4072	21	
4073	62	
4074	22	
4075	38	
4076	35	
4077	26	
4078	55	
4079	40	
4080	85	
4081	13	
4082	96	
4083	6	
4084	47	
4085	2	
4086	90	
4087	59	
4088	71	
4089	31	
4090	26	
4091	10	
4092	40	
4093	31	
4094	2	
4095	79	
4096	90	
4097	41	
4098	18	
4099	41	
4100	83	
4101	28	
4102	62	
4103	46	
4104	13	
4105	59	
4106	100	
4107	30	
4108	30	
4109	84	
4110	61	
4111	34	
4112	2	
4113	7	
4114	46	
4115	4	
4116	54	
4117	69	
4118	20	
4119	1	
4120	64	
4121	83	
4122	59	
4123	65	
4124	75	
4125	97	
4126	44	
4127	63	
4128	1	
4129	81	
4130	100	
4131	39	
4132	57	
4133	92	
4134	5	
4135	73	
4136	96	
4137	49	
4138	72	
4139	37	
4140	65	
4141	11	
4142	87	
4143	58	
4144	87	
4145	85	
4146	63	
4147	70	
4148	55	
4149	77	
4150	60	
4151	97	
4152	73	
4153	39	
4154	29	
4155	59	
4156	98	
4157	9	
4158	27	
4159	45	
4160	32	
4161	26	
4162	87	
4163	88	
4164	62	
4165	20	
4166	22	
4167	31	
4168	95	
4169	68	
4170	6	
4171	38	
4172	48	
4173	14	
4174	84	
4175	62	
4176	84	
4177	8	
4178	48	
4179	1	
4180	53	
4181	34	
4182	94	
4183	80	
4184	42	
4185	76	
4186	61	
4187	35	
4188	60	
4189	20	
4190	12	
4191	5	
4192	35	
4193	7	
4194	11	
4195	43	
4196	91	
4197	97	
4198	61	
4199	71	
4200	13	
4201	75	
4202	33	
4203	6	
4204	74	
4205	51	
4206	49	
4207	12	
4208	8	
4209	55	
4210	48	
4211	76	
4212	82	
4213	55	
4214	85	
4215	2	
4216	78	
4217	98	
4218	19	
4219	99	
4220	94	
4221	61	
4222	55	
4223	97	
4224	17	
4225	45	
4226	53	
4227	13	
4228	84	
4229	11	
4230	37	
4231	22	
4232	68	
4233	47	
4234	61	
4235	29	
4236	76	
4237	11	
4238	53	
4239	44	
4240	52	
4241	99	
4242	81	
4243	81	
4244	51	
4245	5	
4246	62	
4247	26	
4248	22	
4249	48	
4250	51	
4251	16	
4252	7	
4253	42	
4254	67	
4255	30	
4256	35	
4257	55	
4258	57	
4259	9	
4260	89	
4261	69	
4262	95	
4263	51	
4264	37	
4265	20	
4266	51	
4267	2	
4268	61	
4269	13	
4270	66	
4271	75	
4272	80	
4273	8	
4274	83	
4275	97	
4276	31	
4277	31	
4278	77	
4279	89	
4280	65	
4281	7	
4282	96	
4283	9	
4284	41	
4285	44	
4286	89	
4287	63	
4288	72	
4289	34	
4290	3	
4291	68	
4292	37	
4293	16	
4294	50	
4295	63	
4296	63	
4297	69	
4298	71	
4299	98	
4300	98	
4301	23	
4302	25	
4303	37	
4304	11	
4305	53	
4306	64	
4307	47	
4308	59	
4309	6	
4310	9	
4311	15	
4312	93	
4313	22	
4314	62	
4315	76	
4316	90	
4317	10	
4318	57	
4319	22	
4320	5	
4321	90	
4322	46	
4323	74	
4324	29	
4325	19	
4326	39	
4327	46	
4328	71	
4329	26	
4330	81	
4331	24	
4332	15	
4333	69	
4334	25	
4335	66	
4336	50	
4337	19	
4338	25	
4339	48	
4340	10	
4341	10	
4342	7	
4343	43	
4344	79	
4345	34	
4346	15	
4347	2	
4348	86	
4349	41	
4350	62	
4351	12	
4352	2	
4353	46	
4354	71	
4355	2	
4356	80	
4357	55	
4358	66	
4359	32	
4360	52	
4361	29	
4362	64	
4363	61	
4364	71	
4365	84	
4366	60	
4367	45	
4368	29	
4369	42	
4370	1	
4371	52	
4372	70	
4373	91	
4374	15	
4375	77	
4376	2	
4377	87	
4378	13	
4379	26	
4380	90	
4381	24	
4382	93	
4383	4	
4384	62	
4385	51	
4386	1	
4387	29	
4388	83	
4389	32	
4390	30	
4391	72	
4392	4	
4393	16	
4394	49	
4395	4	
4396	19	
4397	4	
4398	43	
4399	30	
4400	27	
4401	1	
4402	86	
4403	10	
4404	32	
4405	64	
4406	84	
4407	91	
4408	68	
4409	20	
4410	24	
4411	5	
4412	2	
4413	56	
4414	10	
4415	35	
4416	10	
4417	52	
4418	25	
4419	91	
4420	34	
4421	97	
4422	56	
4423	70	
4424	36	
4425	48	
4426	51	
4427	27	
4428	11	
4429	25	
4430	25	
4431	31	
4432	80	
4433	77	
4434	9	
4435	35	
4436	99	
4437	57	
4438	78	
4439	87	
4440	49	
4441	62	
4442	53	
4443	66	
4444	81	
4445	41	
4446	20	
4447	13	
4448	34	
4449	42	
4450	34	
4451	15	
4452	12	
4453	79	
4454	51	
4455	44	
4456	96	
4457	88	
4458	83	
4459	44	
4460	86	
4461	78	
4462	35	
4463	86	
4464	30	
4465	21	
4466	89	
4467	59	
4468	5	
4469	83	
4470	15	
4471	37	
4472	83	
4473	41	
4474	68	
4475	95	
4476	80	
4477	87	
4478	28	
4479	37	
4480	65	
4481	1	
4482	82	
4483	14	
4484	82	
4485	74	
4486	45	
4487	20	
4488	39	
4489	85	
4490	9	
4491	91	
4492	44	
4493	20	
4494	24	
4495	23	
4496	51	
4497	30	
4498	31	
4499	1	
4500	35	
4501	6	
4502	89	
4503	79	
4504	83	
4505	56	
4506	52	
4507	9	
4508	87	
4509	81	
4510	85	
4511	36	
4512	100	
4513	8	
4514	74	
4515	87	
4516	51	
4517	65	
4518	75	
4519	74	
4520	81	
4521	34	
4522	32	
4523	85	
4524	63	
4525	74	
4526	90	
4527	83	
4528	79	
4529	4	
4530	55	
4531	10	
4532	76	
4533	90	
4534	84	
4535	54	
4536	20	
4537	64	
4538	67	
4539	79	
4540	33	
4541	67	
4542	8	
4543	61	
4544	38	
4545	76	
4546	77	
4547	43	
4548	52	
4549	85	
4550	68	
4551	7	
4552	56	
4553	88	
4554	33	
4555	62	
4556	45	
4557	1	
4558	26	
4559	82	
4560	24	
4561	86	
4562	64	
4563	53	
4564	73	
4565	94	
4566	90	
4567	49	
4568	48	
4569	24	
4570	62	
4571	15	
4572	67	
4573	35	
4574	9	
4575	94	
4576	40	
4577	81	
4578	73	
4579	70	
4580	17	
4581	1	
4582	26	
4583	51	
4584	18	
4585	91	
4586	27	
4587	57	
4588	19	
4589	64	
4590	87	
4591	60	
4592	47	
4593	93	
4594	59	
4595	91	
4596	85	
4597	43	
4598	20	
4599	54	
4600	68	
4601	57	
4602	79	
4603	77	
4604	80	
4605	82	
4606	95	
4607	72	
4608	42	
4609	10	
4610	87	
4611	31	
4612	82	
4613	10	
4614	49	
4615	73	
4616	95	
4617	62	
4618	75	
4619	91	
4620	44	
4621	73	
4622	15	
4623	84	
4624	27	
4625	45	
4626	20	
4627	32	
4628	78	
4629	96	
4630	9	
4631	26	
4632	75	
4633	71	
4634	86	
4635	75	
4636	13	
4637	27	
4638	11	
4639	22	
4640	31	
4641	36	
4642	34	
4643	19	
4644	46	
4645	48	
4646	47	
4647	63	
4648	68	
4649	54	
4650	65	
4651	52	
4652	45	
4653	69	
4654	67	
4655	10	
4656	98	
4657	57	
4658	6	
4659	31	
4660	53	
4661	98	
4662	11	
4663	28	
4664	50	
4665	41	
4666	87	
4667	7	
4668	2	
4669	84	
4670	68	
4671	98	
4672	36	
4673	83	
4674	99	
4675	78	
4676	93	
4677	10	
4678	70	
4679	6	
4680	81	
4681	67	
4682	52	
4683	15	
4684	53	
4685	55	
4686	78	
4687	64	
4688	85	
4689	42	
4690	54	
4691	85	
4692	65	
4693	65	
4694	19	
4695	57	
4696	33	
4697	64	
4698	53	
4699	41	
4700	54	
4701	18	
4702	19	
4703	100	
4704	36	
4705	14	
4706	30	
4707	71	
4708	84	
4709	33	
4710	70	
4711	92	
4712	10	
4713	76	
4714	65	
4715	5	
4716	1	
4717	5	
4718	53	
4719	76	
4720	83	
4721	43	
4722	55	
4723	89	
4724	76	
4725	12	
4726	36	
4727	25	
4728	79	
4729	8	
4730	49	
4731	66	
4732	30	
4733	84	
4734	4	
4735	46	
4736	69	
4737	85	
4738	78	
4739	31	
4740	51	
4741	93	
4742	88	
4743	25	
4744	42	
4745	78	
4746	20	
4747	30	
4748	85	
4749	56	
4750	67	
4751	38	
4752	57	
4753	97	
4754	30	
4755	64	
4756	47	
4757	28	
4758	67	
4759	95	
4760	69	
4761	40	
4762	86	
4763	62	
4764	86	
4765	11	
4766	50	
4767	46	
4768	8	
4769	58	
4770	24	
4771	61	
4772	54	
4773	57	
4774	96	
4775	93	
4776	21	
4777	37	
4778	100	
4779	81	
4780	53	
4781	55	
4782	22	
4783	67	
4784	43	
4785	44	
4786	83	
4787	42	
4788	25	
4789	56	
4790	72	
4791	92	
4792	87	
4793	65	
4794	81	
4795	65	
4796	41	
4797	71	
4798	46	
4799	56	
4800	68	
4801	23	
4802	43	
4803	7	
4804	8	
4805	62	
4806	9	
4807	63	
4808	5	
4809	100	
4810	46	
4811	30	
4812	32	
4813	19	
4814	23	
4815	39	
4816	80	
4817	71	
4818	45	
4819	55	
4820	91	
4821	9	
4822	34	
4823	71	
4824	4	
4825	62	
4826	74	
4827	66	
4828	80	
4829	71	
4830	72	
4831	85	
4832	83	
4833	40	
4834	96	
4835	22	
4836	70	
4837	95	
4838	52	
4839	76	
4840	80	
4841	88	
4842	62	
4843	59	
4844	30	
4845	16	
4846	22	
4847	66	
4848	93	
4849	47	
4850	57	
4851	58	
4852	88	
4853	71	
4854	78	
4855	97	
4856	32	
4857	4	
4858	72	
4859	57	
4860	6	
4861	64	
4862	83	
4863	17	
4864	93	
4865	83	
4866	31	
4867	77	
4868	39	
4869	37	
4870	5	
4871	3	
4872	46	
4873	16	
4874	79	
4875	86	
4876	61	
4877	37	
4878	46	
4879	7	
4880	77	
4881	83	
4882	94	
4883	47	
4884	98	
4885	30	
4886	15	
4887	38	
4888	33	
4889	27	
4890	88	
4891	96	
4892	73	
4893	66	
4894	80	
4895	91	
4896	64	
4897	9	
4898	99	
4899	2	
4900	12	
4901	68	
4902	75	
4903	85	
4904	60	
4905	21	
4906	81	
4907	11	
4908	6	
4909	59	
4910	39	
4911	82	
4912	25	
4913	97	
4914	61	
4915	40	
4916	74	
4917	69	
4918	2	
4919	21	
4920	93	
4921	58	
4922	10	
4923	77	
4924	90	
4925	28	
4926	11	
4927	4	
4928	78	
4929	29	
4930	73	
4931	53	
4932	5	
4933	95	
4934	87	
4935	54	
4936	86	
4937	3	
4938	10	
4939	80	
4940	68	
4941	53	
4942	59	
4943	57	
4944	37	
4945	6	
4946	50	
4947	82	
4948	59	
4949	64	
4950	39	
4951	99	
4952	65	
4953	22	
4954	9	
4955	80	
4956	8	
4957	39	
4958	67	
4959	16	
4960	35	
4961	1	
4962	93	
4963	55	
4964	97	
4965	83	
4966	21	
4967	41	
4968	72	
4969	73	
4970	52	
4971	38	
4972	9	
4973	96	
4974	32	
4975	14	
4976	4	
4977	5	
4978	57	
4979	4	
4980	43	
4981	52	
4982	61	
4983	84	
4984	12	
4985	99	
4986	42	
4987	66	
4988	33	
4989	70	
4990	9	
4991	70	
4992	24	
4993	70	
4994	10	
4995	20	
4996	77	
4997	44	
4998	24	
4999	87	
5000	29	
5001	32	
5002	11	
5003	36	
5004	22	
5005	76	
5006	86	
5007	25	
5008	67	
5009	36	
5010	69	
5011	36	
5012	94	
5013	53	
5014	77	
5015	87	
5016	71	
5017	40	
5018	36	
5019	35	
5020	89	
5021	54	
5022	36	
5023	27	
5024	93	
5025	95	
5026	57	
5027	76	
5028	44	
5029	5	
5030	37	
5031	64	
5032	17	
5033	79	
5034	45	
5035	52	
5036	6	
5037	24	
5038	34	
5039	56	
5040	62	
5041	48	
5042	54	
5043	7	
5044	10	
5045	63	
5046	11	
5047	29	
5048	33	
5049	58	
5050	8	
5051	63	
5052	9	
5053	55	
5054	1	
5055	15	
5056	98	
5057	9	
5058	17	
5059	62	
5060	47	
5061	71	
5062	15	
5063	19	
5064	62	
5065	32	
5066	91	
5067	11	
5068	2	
5069	37	
5070	24	
5071	48	
5072	96	
5073	40	
5074	74	
5075	36	
5076	57	
5077	5	
5078	30	
5079	5	
5080	27	
5081	24	
5082	74	
5083	81	
5084	21	
5085	68	
5086	36	
5087	85	
5088	98	
5089	24	
5090	63	
5091	26	
5092	58	
5093	61	
5094	87	
5095	13	
5096	70	
5097	40	
5098	84	
5099	4	
5100	2	
5101	43	
5102	92	
5103	52	
5104	34	
5105	89	
5106	42	
5107	92	
5108	47	
5109	44	
5110	59	
5111	61	
5112	65	
5113	75	
5114	49	
5115	29	
5116	17	
5117	14	
5118	44	
5119	77	
5120	77	
5121	11	
5122	67	
5123	2	
5124	20	
5125	52	
5126	5	
5127	45	
5128	5	
5129	94	
5130	66	
5131	16	
5132	1	
5133	93	
5134	1	
5135	42	
5136	100	
5137	22	
5138	69	
5139	15	
5140	65	
5141	11	
5142	33	
5143	98	
5144	62	
5145	39	
5146	34	
5147	29	
5148	4	
5149	72	
5150	62	
5151	73	
5152	17	
5153	83	
5154	100	
5155	24	
5156	22	
5157	92	
5158	20	
5159	64	
5160	36	
5161	68	
5162	14	
5163	75	
5164	36	
5165	56	
5166	15	
5167	67	
5168	21	
5169	72	
5170	49	
5171	56	
5172	63	
5173	95	
5174	89	
5175	71	
5176	59	
5177	15	
5178	85	
5179	91	
5180	18	
5181	96	
5182	73	
5183	67	
5184	92	
5185	51	
5186	63	
5187	84	
5188	4	
5189	64	
5190	61	
5191	70	
5192	95	
5193	34	
5194	87	
5195	56	
5196	15	
5197	35	
5198	60	
5199	86	
5200	65	
5201	75	
5202	15	
5203	24	
5204	61	
5205	48	
5206	39	
5207	2	
5208	56	
5209	72	
5210	73	
5211	19	
5212	85	
5213	15	
5214	90	
5215	43	
5216	70	
5217	80	
5218	80	
5219	20	
5220	5	
5221	21	
5222	88	
5223	98	
5224	42	
5225	2	
5226	22	
5227	4	
5228	25	
5229	36	
5230	18	
5231	16	
5232	18	
5233	91	
5234	66	
5235	95	
5236	66	
5237	37	
5238	39	
5239	71	
5240	64	
5241	62	
5242	31	
5243	10	
5244	51	
5245	84	
5246	45	
5247	39	
5248	76	
5249	78	
5250	94	
5251	1	
5252	58	
5253	35	
5254	88	
5255	45	
5256	44	
5257	46	
5258	7	
5259	62	
5260	43	
5261	4	
5262	21	
5263	12	
5264	78	
5265	91	
5266	91	
5267	84	
5268	46	
5269	87	
5270	31	
5271	7	
5272	24	
5273	88	
5274	46	
5275	4	
5276	40	
5277	49	
5278	97	
5279	85	
5280	74	
5281	56	
5282	78	
5283	86	
5284	99	
5285	1	
5286	66	
5287	79	
5288	26	
5289	66	
5290	5	
5291	71	
5292	60	
5293	26	
5294	74	
5295	60	
5296	21	
5297	91	
5298	18	
5299	80	
5300	39	
5301	57	
5302	2	
5303	86	
5304	20	
5305	91	
5306	19	
5307	77	
5308	2	
5309	90	
5310	47	
5311	41	
5312	7	
5313	19	
5314	15	
5315	85	
5316	43	
5317	8	
5318	53	
5319	43	
5320	71	
5321	55	
5322	1	
5323	71	
5324	29	
5325	36	
5326	57	
5327	29	
5328	69	
5329	69	
5330	70	
5331	50	
5332	83	
5333	52	
5334	42	
5335	8	
5336	23	
5337	94	
5338	90	
5339	68	
5340	86	
5341	97	
5342	23	
5343	16	
5344	44	
5345	83	
5346	86	
5347	43	
5348	15	
5349	27	
5350	26	
5351	37	
5352	92	
5353	25	
5354	46	
5355	30	
5356	54	
5357	46	
5358	90	
5359	82	
5360	71	
5361	27	
5362	84	
5363	43	
5364	54	
5365	28	
5366	72	
5367	72	
5368	46	
5369	19	
5370	70	
5371	37	
5372	23	
5373	32	
5374	16	
5375	34	
5376	5	
5377	91	
5378	67	
5379	31	
5380	58	
5381	99	
5382	49	
5383	99	
5384	60	
5385	43	
5386	85	
5387	15	
5388	62	
5389	29	
5390	56	
5391	61	
5392	6	
5393	25	
5394	92	
5395	63	
5396	85	
5397	29	
5398	84	
5399	23	
5400	96	
5401	95	
5402	40	
5403	78	
5404	67	
5405	99	
5406	95	
5407	14	
5408	81	
5409	68	
5410	93	
5411	50	
5412	29	
5413	96	
5414	5	
5415	59	
5416	53	
5417	42	
5418	78	
5419	46	
5420	30	
5421	13	
5422	35	
5423	15	
5424	40	
5425	24	
5426	17	
5427	57	
5428	60	
5429	13	
5430	93	
5431	8	
5432	2	
5433	61	
5434	64	
5435	32	
5436	59	
5437	71	
5438	16	
5439	77	
5440	25	
5441	54	
5442	89	
5443	92	
5444	40	
5445	49	
5446	75	
5447	42	
5448	100	
5449	34	
5450	41	
5451	44	
5452	65	
5453	50	
5454	53	
5455	23	
5456	46	
5457	44	
5458	75	
5459	62	
5460	67	
5461	71	
5462	3	
5463	40	
5464	8	
5465	47	
5466	49	
5467	50	
5468	94	
5469	32	
5470	54	
5471	47	
5472	17	
5473	80	
5474	51	
5475	80	
5476	78	
5477	15	
5478	78	
5479	7	
5480	16	
5481	86	
5482	5	
5483	17	
5484	73	
5485	83	
5486	48	
5487	82	
5488	87	
5489	33	
5490	60	
5491	69	
5492	73	
5493	21	
5494	36	
5495	30	
5496	17	
5497	93	
5498	52	
5499	70	
5500	5	
5501	86	
5502	50	
5503	19	
5504	8	
5505	74	
5506	2	
5507	99	
5508	12	
5509	38	
5510	96	
5511	19	
5512	23	
5513	67	
5514	78	
5515	21	
5516	47	
5517	36	
5518	88	
5519	63	
5520	20	
5521	94	
5522	50	
5523	39	
5524	38	
5525	56	
5526	66	
5527	88	
5528	54	
5529	68	
5530	4	
5531	49	
5532	56	
5533	64	
5534	63	
5535	6	
5536	67	
5537	34	
5538	47	
5539	8	
5540	53	
5541	1	
5542	22	
5543	13	
5544	46	
5545	93	
5546	77	
5547	71	
5548	22	
5549	67	
5550	14	
5551	28	
5552	49	
5553	87	
5554	26	
5555	92	
5556	28	
5557	16	
5558	25	
5559	60	
5560	42	
5561	8	
5562	90	
5563	70	
5564	98	
5565	18	
5566	86	
5567	72	
5568	65	
5569	30	
5570	13	
5571	100	
5572	74	
5573	93	
5574	19	
5575	90	
5576	16	
5577	99	
5578	66	
5579	92	
5580	40	
5581	18	
5582	34	
5583	94	
5584	45	
5585	30	
5586	63	
5587	4	
5588	97	
5589	48	
5590	71	
5591	22	
5592	42	
5593	5	
5594	6	
5595	3	
5596	48	
5597	5	
5598	35	
5599	44	
5600	71	
5601	14	
5602	22	
5603	39	
5604	99	
5605	97	
5606	93	
5607	62	
5608	42	
5609	66	
5610	9	
5611	87	
5612	69	
5613	93	
5614	88	
5615	96	
5616	37	
5617	16	
5618	10	
5619	70	
5620	73	
5621	21	
5622	53	
5623	87	
5624	98	
5625	74	
5626	51	
5627	37	
5628	61	
5629	41	
5630	29	
5631	91	
5632	33	
5633	12	
5634	51	
5635	96	
5636	99	
5637	86	
5638	16	
5639	9	
5640	95	
5641	13	
5642	41	
5643	77	
5644	55	
5645	2	
5646	19	
5647	16	
5648	52	
5649	52	
5650	62	
5651	74	
5652	25	
5653	50	
5654	70	
5655	63	
5656	2	
5657	71	
5658	78	
5659	2	
5660	30	
5661	22	
5662	5	
5663	48	
5664	90	
5665	30	
5666	43	
5667	100	
5668	55	
5669	28	
5670	42	
5671	62	
5672	49	
5673	45	
5674	95	
5675	86	
5676	52	
5677	50	
5678	11	
5679	19	
5680	79	
5681	44	
5682	64	
5683	78	
5684	13	
5685	36	
5686	100	
5687	53	
5688	17	
5689	86	
5690	47	
5691	98	
5692	47	
5693	7	
5694	34	
5695	68	
5696	71	
5697	92	
5698	28	
5699	15	
5700	79	
5701	6	
5702	37	
5703	41	
5704	77	
5705	26	
5706	38	
5707	5	
5708	64	
5709	56	
5710	38	
5711	64	
5712	90	
5713	65	
5714	8	
5715	59	
5716	89	
5717	19	
5718	88	
5719	74	
5720	67	
5721	25	
5722	1	
5723	73	
5724	15	
5725	49	
5726	97	
5727	83	
5728	96	
5729	19	
5730	18	
5731	8	
5732	2	
5733	5	
5734	85	
5735	44	
5736	38	
5737	51	
5738	87	
5739	7	
5740	44	
5741	14	
5742	78	
5743	100	
5744	68	
5745	58	
5746	14	
5747	92	
5748	8	
5749	86	
5750	5	
5751	38	
5752	86	
5753	84	
5754	49	
5755	86	
5756	39	
5757	63	
5758	82	
5759	12	
5760	44	
5761	79	
5762	58	
5763	52	
5764	21	
5765	57	
5766	87	
5767	69	
5768	94	
5769	45	
5770	58	
5771	87	
5772	8	
5773	97	
5774	31	
5775	74	
5776	18	
5777	84	
5778	97	
5779	95	
5780	74	
5781	62	
5782	48	
5783	96	
5784	27	
5785	64	
5786	14	
5787	62	
5788	15	
5789	34	
5790	41	
5791	16	
5792	76	
5793	7	
5794	28	
5795	18	
5796	60	
5797	41	
5798	83	
5799	80	
5800	14	
5801	55	
5802	10	
5803	46	
5804	11	
5805	40	
5806	62	
5807	40	
5808	60	
5809	55	
5810	29	
5811	33	
5812	65	
5813	34	
5814	89	
5815	89	
5816	45	
5817	53	
5818	53	
5819	20	
5820	42	
5821	6	
5822	1	
5823	26	
5824	79	
5825	20	
5826	36	
5827	51	
5828	42	
5829	66	
5830	89	
5831	6	
5832	17	
5833	30	
5834	28	
5835	8	
5836	38	
5837	8	
5838	47	
5839	83	
5840	9	
5841	94	
5842	31	
5843	65	
5844	43	
5845	59	
5846	87	
5847	24	
5848	26	
5849	87	
5850	58	
5851	17	
5852	89	
5853	10	
5854	50	
5855	59	
5856	70	
5857	66	
5858	37	
5859	47	
5860	79	
5861	47	
5862	44	
5863	79	
5864	56	
5865	34	
5866	31	
5867	32	
5868	1	
5869	25	
5870	86	
5871	22	
5872	10	
5873	58	
5874	99	
5875	92	
5876	80	
5877	33	
5878	71	
5879	2	
5880	87	
5881	37	
5882	12	
5883	41	
5884	79	
5885	87	
5886	29	
5887	91	
5888	9	
5889	64	
5890	99	
5891	37	
5892	13	
5893	1	
5894	64	
5895	46	
5896	83	
5897	47	
5898	88	
5899	55	
5900	55	
5901	46	
5902	74	
5903	51	
5904	83	
5905	11	
5906	89	
5907	98	
5908	73	
5909	59	
5910	72	
5911	55	
5912	47	
5913	3	
5914	24	
5915	79	
5916	33	
5917	93	
5918	38	
5919	38	
5920	23	
5921	75	
5922	60	
5923	6	
5924	86	
5925	4	
5926	63	
5927	5	
5928	9	
5929	68	
5930	91	
5931	21	
5932	81	
5933	72	
5934	39	
5935	55	
5936	27	
5937	24	
5938	100	
5939	66	
5940	46	
5941	94	
5942	39	
5943	59	
5944	91	
5945	87	
5946	45	
5947	92	
5948	35	
5949	79	
5950	97	
5951	3	
5952	57	
5953	18	
5954	54	
5955	46	
5956	54	
5957	63	
5958	90	
5959	29	
5960	47	
5961	25	
5962	51	
5963	1	
5964	15	
5965	94	
5966	95	
5967	45	
5968	54	
5969	30	
5970	45	
5971	93	
5972	51	
5973	94	
5974	36	
5975	100	
5976	19	
5977	91	
5978	89	
5979	52	
5980	88	
5981	42	
5982	37	
5983	86	
5984	71	
5985	18	
5986	97	
5987	40	
5988	83	
5989	55	
5990	28	
5991	72	
5992	88	
5993	63	
5994	5	
5995	12	
5996	52	
5997	37	
5998	48	
5999	90	
6000	14	
6001	92	
6002	59	
6003	87	
6004	35	
6005	82	
6006	78	
6007	57	
6008	82	
6009	27	
6010	13	
6011	50	
6012	57	
6013	21	
6014	35	
6015	4	
6016	52	
6017	3	
6018	90	
6019	9	
6020	87	
6021	8	
6022	87	
6023	34	
6024	77	
6025	22	
6026	25	
6027	42	
6028	13	
6029	77	
6030	74	
6031	26	
6032	89	
6033	91	
6034	91	
6035	51	
6036	22	
6037	27	
6038	26	
6039	88	
6040	5	
6041	49	
6042	28	
6043	47	
6044	66	
6045	21	
6046	22	
6047	25	
6048	49	
6049	61	
6050	89	
6051	4	
6052	90	
6053	25	
6054	96	
6055	27	
6056	62	
6057	50	
6058	2	
6059	98	
6060	21	
6061	49	
6062	50	
6063	64	
6064	15	
6065	55	
6066	37	
6067	10	
6068	50	
6069	33	
6070	28	
6071	94	
6072	11	
6073	18	
6074	88	
6075	62	
6076	94	
6077	90	
6078	51	
6079	65	
6080	5	
6081	67	
6082	62	
6083	38	
6084	13	
6085	95	
6086	18	
6087	66	
6088	46	
6089	18	
6090	85	
6091	69	
6092	37	
6093	10	
6094	12	
6095	77	
6096	38	
6097	83	
6098	8	
6099	63	
6100	33	
6101	31	
6102	43	
6103	83	
6104	2	
6105	65	
6106	86	
6107	4	
6108	10	
6109	55	
6110	78	
6111	95	
6112	73	
6113	81	
6114	96	
6115	51	
6116	40	
6117	29	
6118	62	
6119	20	
6120	10	
6121	95	
6122	33	
6123	86	
6124	65	
6125	56	
6126	60	
6127	28	
6128	59	
6129	4	
6130	89	
6131	43	
6132	19	
6133	6	
6134	64	
6135	98	
6136	15	
6137	96	
6138	21	
6139	77	
6140	41	
6141	41	
6142	50	
6143	64	
6144	65	
6145	36	
6146	40	
6147	10	
6148	82	
6149	100	
6150	80	
6151	24	
6152	86	
6153	88	
6154	88	
6155	10	
6156	12	
6157	14	
6158	81	
6159	86	
6160	33	
6161	10	
6162	80	
6163	90	
6164	29	
6165	69	
6166	54	
6167	19	
6168	33	
6169	12	
6170	6	
6171	88	
6172	85	
6173	31	
6174	72	
6175	87	
6176	44	
6177	56	
6178	17	
6179	8	
6180	76	
6181	16	
6182	87	
6183	99	
6184	61	
6185	54	
6186	95	
6187	32	
6188	19	
6189	41	
6190	91	
6191	83	
6192	62	
6193	48	
6194	84	
6195	83	
6196	91	
6197	93	
6198	59	
6199	64	
6200	54	
6201	48	
6202	16	
6203	78	
6204	95	
6205	39	
6206	55	
6207	81	
6208	59	
6209	29	
6210	52	
6211	41	
6212	66	
6213	72	
6214	4	
6215	49	
6216	24	
6217	5	
6218	53	
6219	66	
6220	93	
6221	24	
6222	32	
6223	90	
6224	87	
6225	35	
6226	69	
6227	43	
6228	49	
6229	74	
6230	60	
6231	99	
6232	38	
6233	65	
6234	80	
6235	11	
6236	74	
6237	66	
6238	72	
6239	82	
6240	93	
6241	98	
6242	56	
6243	68	
6244	91	
6245	97	
6246	51	
6247	93	
6248	38	
6249	40	
6250	56	
6251	82	
6252	20	
6253	24	
6254	78	
6255	60	
6256	59	
6257	62	
6258	85	
6259	41	
6260	78	
6261	83	
6262	12	
6263	84	
6264	55	
6265	62	
6266	50	
6267	66	
6268	88	
6269	43	
6270	75	
6271	65	
6272	40	
6273	8	
6274	87	
6275	26	
6276	20	
6277	39	
6278	47	
6279	48	
6280	28	
6281	40	
6282	72	
6283	80	
6284	61	
6285	41	
6286	21	
6287	37	
6288	39	
6289	94	
6290	94	
6291	70	
6292	66	
6293	49	
6294	73	
6295	53	
6296	35	
6297	53	
6298	98	
6299	16	
6300	21	
6301	60	
6302	72	
6303	75	
6304	21	
6305	22	
6306	98	
6307	63	
6308	32	
6309	33	
6310	41	
6311	86	
6312	10	
6313	64	
6314	15	
6315	41	
6316	3	
6317	27	
6318	94	
6319	56	
6320	11	
6321	51	
6322	12	
6323	34	
6324	55	
6325	3	
6326	11	
6327	79	
6328	62	
6329	87	
6330	87	
6331	40	
6332	34	
6333	29	
6334	26	
6335	27	
6336	35	
6337	93	
6338	76	
6339	22	
6340	69	
6341	16	
6342	40	
6343	30	
6344	59	
6345	30	
6346	86	
6347	33	
6348	20	
6349	40	
6350	29	
6351	86	
6352	98	
6353	64	
6354	29	
6355	89	
6356	43	
6357	22	
6358	75	
6359	89	
6360	97	
6361	67	
6362	37	
6363	67	
6364	79	
6365	52	
6366	1	
6367	14	
6368	100	
6369	53	
6370	75	
6371	55	
6372	88	
6373	59	
6374	61	
6375	53	
6376	24	
6377	15	
6378	80	
6379	71	
6380	48	
6381	23	
6382	70	
6383	10	
6384	97	
6385	2	
6386	11	
6387	62	
6388	2	
6389	46	
6390	9	
6391	89	
6392	32	
6393	39	
6394	10	
6395	29	
6396	84	
6397	95	
6398	50	
6399	76	
6400	32	
6401	13	
6402	60	
6403	76	
6404	4	
6405	67	
6406	28	
6407	86	
6408	61	
6409	30	
6410	3	
6411	68	
6412	85	
6413	86	
6414	88	
6415	85	
6416	31	
6417	1	
6418	46	
6419	17	
6420	13	
6421	6	
6422	5	
6423	68	
6424	54	
6425	28	
6426	56	
6427	73	
6428	52	
6429	30	
6430	61	
6431	33	
6432	13	
6433	30	
6434	86	
6435	63	
6436	43	
6437	32	
6438	56	
6439	50	
6440	21	
6441	97	
6442	92	
6443	64	
6444	77	
6445	54	
6446	23	
6447	47	
6448	5	
6449	4	
6450	79	
6451	44	
6452	52	
6453	63	
6454	42	
6455	93	
6456	72	
6457	9	
6458	27	
6459	36	
6460	63	
6461	58	
6462	90	
6463	88	
6464	37	
6465	23	
6466	6	
6467	16	
6468	29	
6469	57	
6470	26	
6471	81	
6472	9	
6473	76	
6474	18	
6475	34	
6476	92	
6477	31	
6478	85	
6479	51	
6480	75	
6481	16	
6482	74	
6483	56	
6484	43	
6485	61	
6486	13	
6487	37	
6488	98	
6489	75	
6490	100	
6491	30	
6492	47	
6493	95	
6494	28	
6495	77	
6496	56	
6497	21	
6498	72	
6499	48	
6500	60	
6501	91	
6502	33	
6503	38	
6504	8	
6505	45	
6506	82	
6507	71	
6508	91	
6509	76	
6510	16	
6511	2	
6512	36	
6513	36	
6514	30	
6515	48	
6516	33	
6517	83	
6518	45	
6519	52	
6520	47	
6521	74	
6522	7	
6523	2	
6524	66	
6525	80	
6526	56	
6527	2	
6528	55	
6529	52	
6530	79	
6531	71	
6532	9	
6533	66	
6534	47	
6535	18	
6536	99	
6537	38	
6538	36	
6539	55	
6540	78	
6541	81	
6542	52	
6543	8	
6544	17	
6545	73	
6546	68	
6547	74	
6548	62	
6549	94	
6550	91	
6551	17	
6552	60	
6553	97	
6554	36	
6555	93	
6556	60	
6557	3	
6558	37	
6559	96	
6560	74	
6561	71	
6562	32	
6563	1	
6564	35	
6565	65	
6566	77	
6567	73	
6568	70	
6569	91	
6570	55	
6571	1	
6572	29	
6573	28	
6574	82	
6575	100	
6576	42	
6577	47	
6578	20	
6579	27	
6580	64	
6581	62	
6582	82	
6583	41	
6584	65	
6585	1	
6586	90	
6587	58	
6588	55	
6589	13	
6590	44	
6591	46	
6592	1	
6593	67	
6594	18	
6595	21	
6596	8	
6597	89	
6598	18	
6599	94	
6600	4	
6601	25	
6602	36	
6603	17	
6604	35	
6605	47	
6606	74	
6607	11	
6608	98	
6609	97	
6610	37	
6611	90	
6612	16	
6613	22	
6614	40	
6615	31	
6616	73	
6617	17	
6618	57	
6619	66	
6620	80	
6621	36	
6622	41	
6623	22	
6624	19	
6625	68	
6626	46	
6627	16	
6628	93	
6629	85	
6630	28	
6631	77	
6632	62	
6633	60	
6634	50	
6635	33	
6636	48	
6637	38	
6638	52	
6639	4	
6640	22	
6641	96	
6642	12	
6643	48	
6644	5	
6645	39	
6646	59	
6647	24	
6648	73	
6649	2	
6650	3	
6651	45	
6652	54	
6653	60	
6654	67	
6655	73	
6656	80	
6657	77	
6658	48	
6659	61	
6660	93	
6661	2	
6662	56	
6663	16	
6664	56	
6665	7	
6666	2	
6667	63	
6668	1	
6669	59	
6670	11	
6671	88	
6672	49	
6673	35	
6674	9	
6675	57	
6676	61	
6677	80	
6678	39	
6679	36	
6680	52	
6681	68	
6682	62	
6683	38	
6684	27	
6685	61	
6686	95	
6687	98	
6688	82	
6689	47	
6690	43	
6691	77	
6692	25	
6693	36	
6694	45	
6695	37	
6696	97	
6697	79	
6698	68	
6699	19	
6700	30	
6701	75	
6702	11	
6703	79	
6704	21	
6705	20	
6706	3	
6707	28	
6708	97	
6709	6	
6710	45	
6711	2	
6712	11	
6713	6	
6714	46	
6715	46	
6716	92	
6717	82	
6718	56	
6719	94	
6720	99	
6721	45	
6722	56	
6723	47	
6724	25	
6725	14	
6726	32	
6727	37	
6728	50	
6729	52	
6730	31	
6731	7	
6732	15	
6733	69	
6734	22	
6735	72	
6736	51	
6737	16	
6738	99	
6739	86	
6740	60	
6741	77	
6742	65	
6743	11	
6744	54	
6745	93	
6746	72	
6747	5	
6748	52	
6749	76	
6750	11	
6751	17	
6752	95	
6753	1	
6754	71	
6755	45	
6756	44	
6757	65	
6758	28	
6759	27	
6760	50	
6761	93	
6762	88	
6763	52	
6764	75	
6765	11	
6766	34	
6767	40	
6768	70	
6769	86	
6770	88	
6771	67	
6772	8	
6773	56	
6774	94	
6775	79	
6776	96	
6777	97	
6778	96	
6779	34	
6780	52	
6781	58	
6782	100	
6783	54	
6784	91	
6785	44	
6786	11	
6787	76	
6788	47	
6789	29	
6790	94	
6791	96	
6792	86	
6793	51	
6794	63	
6795	29	
6796	43	
6797	6	
6798	31	
6799	27	
6800	16	
6801	52	
6802	35	
6803	46	
6804	74	
6805	52	
6806	17	
6807	37	
6808	62	
6809	1	
6810	58	
6811	10	
6812	32	
6813	77	
6814	43	
6815	6	
6816	31	
6817	81	
6818	21	
6819	35	
6820	21	
6821	45	
6822	94	
6823	39	
6824	98	
6825	66	
6826	87	
6827	56	
6828	86	
6829	29	
6830	38	
6831	24	
6832	89	
6833	3	
6834	80	
6835	76	
6836	29	
6837	44	
6838	66	
6839	50	
6840	75	
6841	38	
6842	41	
6843	36	
6844	19	
6845	45	
6846	7	
6847	28	
6848	82	
6849	10	
6850	28	
6851	68	
6852	48	
6853	46	
6854	40	
6855	93	
6856	73	
6857	21	
6858	45	
6859	6	
6860	45	
6861	97	
6862	3	
6863	36	
6864	38	
6865	98	
6866	78	
6867	28	
6868	62	
6869	89	
6870	80	
6871	74	
6872	84	
6873	31	
6874	49	
6875	29	
6876	14	
6877	69	
6878	40	
6879	2	
6880	85	
6881	15	
6882	41	
6883	52	
6884	37	
6885	23	
6886	87	
6887	78	
6888	20	
6889	89	
6890	17	
6891	66	
6892	84	
6893	82	
6894	70	
6895	78	
6896	79	
6897	30	
6898	38	
6899	63	
6900	72	
6901	39	
6902	44	
6903	92	
6904	21	
6905	17	
6906	40	
6907	77	
6908	12	
6909	74	
6910	67	
6911	41	
6912	72	
6913	9	
6914	48	
6915	94	
6916	35	
6917	81	
6918	83	
6919	26	
6920	7	
6921	5	
6922	6	
6923	37	
6924	6	
6925	7	
6926	54	
6927	31	
6928	96	
6929	14	
6930	87	
6931	45	
6932	73	
6933	65	
6934	57	
6935	56	
6936	54	
6937	56	
6938	15	
6939	95	
6940	10	
6941	60	
6942	36	
6943	88	
6944	38	
6945	56	
6946	68	
6947	23	
6948	24	
6949	40	
6950	6	
6951	84	
6952	89	
6953	90	
6954	13	
6955	63	
6956	32	
6957	93	
6958	71	
6959	95	
6960	8	
6961	27	
6962	79	
6963	25	
6964	10	
6965	44	
6966	56	
6967	40	
6968	70	
6969	67	
6970	93	
6971	8	
6972	48	
6973	26	
6974	43	
6975	5	
6976	40	
6977	88	
6978	98	
6979	19	
6980	100	
6981	11	
6982	78	
6983	68	
6984	79	
6985	44	
6986	25	
6987	43	
6988	86	
6989	63	
6990	87	
6991	29	
6992	32	
6993	69	
6994	43	
6995	48	
6996	94	
6997	16	
6998	73	
6999	14	
7000	61	
7001	87	
7002	76	
7003	88	
7004	93	
7005	81	
7006	7	
7007	28	
7008	38	
7009	48	
7010	34	
7011	81	
7012	12	
7013	27	
7014	23	
7015	12	
7016	12	
7017	42	
7018	75	
7019	54	
7020	95	
7021	26	
7022	88	
7023	38	
7024	71	
7025	76	
7026	54	
7027	9	
7028	30	
7029	92	
7030	3	
7031	66	
7032	72	
7033	12	
7034	77	
7035	46	
7036	70	
7037	76	
7038	69	
7039	3	
7040	27	
7041	37	
7042	75	
7043	26	
7044	52	
7045	88	
7046	30	
7047	14	
7048	73	
7049	69	
7050	50	
7051	79	
7052	64	
7053	2	
7054	46	
7055	18	
7056	62	
7057	3	
7058	70	
7059	26	
7060	42	
7061	89	
7062	59	
7063	10	
7064	15	
7065	89	
7066	79	
7067	11	
7068	95	
7069	40	
7070	92	
7071	51	
7072	100	
7073	26	
7074	94	
7075	41	
7076	76	
7077	69	
7078	7	
7079	78	
7080	90	
7081	20	
7082	32	
7083	55	
7084	32	
7085	30	
7086	58	
7087	32	
7088	29	
7089	70	
7090	15	
7091	68	
7092	17	
7093	11	
7094	13	
7095	71	
7096	42	
7097	31	
7098	91	
7099	46	
7100	3	
7101	1	
7102	85	
7103	27	
7104	44	
7105	88	
7106	2	
7107	51	
7108	15	
7109	95	
7110	29	
7111	41	
7112	46	
7113	72	
7114	23	
7115	82	
7116	36	
7117	27	
7118	48	
7119	29	
7120	63	
7121	75	
7122	51	
7123	22	
7124	60	
7125	5	
7126	64	
7127	24	
7128	32	
7129	33	
7130	21	
7131	84	
7132	47	
7133	82	
7134	72	
7135	25	
7136	48	
7137	79	
7138	96	
7139	96	
7140	26	
7141	13	
7142	33	
7143	31	
7144	98	
7145	9	
7146	15	
7147	32	
7148	88	
7149	9	
7150	72	
7151	88	
7152	1	
7153	44	
7154	36	
7155	30	
7156	11	
7157	76	
7158	73	
7159	11	
7160	94	
7161	16	
7162	4	
7163	41	
7164	46	
7165	48	
7166	100	
7167	98	
7168	60	
7169	38	
7170	4	
7171	71	
7172	76	
7173	4	
7174	67	
7175	67	
7176	94	
7177	11	
7178	93	
7179	96	
7180	7	
7181	27	
7182	97	
7183	74	
7184	74	
7185	81	
7186	6	
7187	28	
7188	69	
7189	63	
7190	84	
7191	89	
7192	75	
7193	8	
7194	9	
7195	16	
7196	73	
7197	38	
7198	30	
7199	97	
7200	71	
7201	54	
7202	49	
7203	37	
7204	10	
7205	76	
7206	18	
7207	43	
7208	89	
7209	61	
7210	25	
7211	18	
7212	90	
7213	18	
7214	87	
7215	95	
7216	15	
7217	55	
7218	82	
7219	30	
7220	95	
7221	75	
7222	48	
7223	33	
7224	92	
7225	76	
7226	48	
7227	26	
7228	68	
7229	34	
7230	65	
7231	59	
7232	50	
7233	42	
7234	80	
7235	30	
7236	24	
7237	40	
7238	47	
7239	60	
7240	28	
7241	7	
7242	42	
7243	59	
7244	92	
7245	69	
7246	4	
7247	34	
7248	84	
7249	10	
7250	56	
7251	18	
7252	4	
7253	48	
7254	69	
7255	60	
7256	9	
7257	73	
7258	92	
7259	91	
7260	50	
7261	1	
7262	27	
7263	28	
7264	5	
7265	71	
7266	49	
7267	93	
7268	1	
7269	97	
7270	30	
7271	32	
7272	86	
7273	51	
7274	53	
7275	63	
7276	94	
7277	33	
7278	14	
7279	44	
7280	48	
7281	22	
7282	83	
7283	56	
7284	41	
7285	57	
7286	49	
7287	54	
7288	45	
7289	99	
7290	62	
7291	34	
7292	4	
7293	2	
7294	45	
7295	59	
7296	39	
7297	81	
7298	23	
7299	71	
7300	6	
7301	79	
7302	18	
7303	39	
7304	32	
7305	70	
7306	6	
7307	86	
7308	4	
7309	22	
7310	65	
7311	89	
7312	32	
7313	46	
7314	44	
7315	17	
7316	62	
7317	91	
7318	10	
7319	14	
7320	37	
7321	21	
7322	73	
7323	100	
7324	82	
7325	11	
7326	22	
7327	17	
7328	85	
7329	75	
7330	91	
7331	59	
7332	50	
7333	5	
7334	60	
7335	57	
7336	82	
7337	91	
7338	8	
7339	51	
7340	86	
7341	51	
7342	74	
7343	68	
7344	76	
7345	54	
7346	3	
7347	13	
7348	62	
7349	45	
7350	56	
7351	1	
7352	56	
7353	60	
7354	46	
7355	76	
7356	99	
7357	36	
7358	36	
7359	22	
7360	46	
7361	62	
7362	40	
7363	26	
7364	62	
7365	60	
7366	35	
7367	93	
7368	52	
7369	40	
7370	88	
7371	47	
7372	51	
7373	1	
7374	73	
7375	94	
7376	55	
7377	36	
7378	7	
7379	99	
7380	50	
7381	24	
7382	40	
7383	70	
7384	4	
7385	35	
7386	81	
7387	79	
7388	12	
7389	27	
7390	39	
7391	97	
7392	95	
7393	90	
7394	44	
7395	36	
7396	78	
7397	67	
7398	48	
7399	40	
7400	76	
7401	30	
7402	77	
7403	97	
7404	59	
7405	96	
7406	26	
7407	22	
7408	18	
7409	25	
7410	9	
7411	76	
7412	98	
7413	100	
7414	86	
7415	38	
7416	6	
7417	23	
7418	89	
7419	17	
7420	48	
7421	14	
7422	37	
7423	98	
7424	88	
7425	86	
7426	68	
7427	96	
7428	30	
7429	91	
7430	87	
7431	77	
7432	41	
7433	52	
7434	41	
7435	2	
7436	84	
7437	83	
7438	44	
7439	69	
7440	76	
7441	32	
7442	97	
7443	68	
7444	81	
7445	44	
7446	26	
7447	81	
7448	85	
7449	40	
7450	95	
7451	37	
7452	57	
7453	85	
7454	95	
7455	51	
7456	48	
7457	35	
7458	23	
7459	59	
7460	17	
7461	48	
7462	95	
7463	5	
7464	29	
7465	23	
7466	49	
7467	70	
7468	83	
7469	35	
7470	79	
7471	15	
7472	27	
7473	79	
7474	90	
7475	54	
7476	16	
7477	65	
7478	11	
7479	46	
7480	15	
7481	57	
7482	91	
7483	16	
7484	56	
7485	65	
7486	68	
7487	38	
7488	8	
7489	93	
7490	51	
7491	33	
7492	75	
7493	17	
7494	57	
7495	32	
7496	65	
7497	51	
7498	24	
7499	88	
7500	95	
7501	60	
7502	25	
7503	83	
7504	8	
7505	67	
7506	97	
7507	27	
7508	14	
7509	11	
7510	70	
7511	10	
7512	84	
7513	67	
7514	12	
7515	89	
7516	12	
7517	54	
7518	62	
7519	59	
7520	52	
7521	79	
7522	4	
7523	25	
7524	61	
7525	79	
7526	41	
7527	13	
7528	1	
7529	23	
7530	36	
7531	81	
7532	82	
7533	77	
7534	24	
7535	90	
7536	94	
7537	35	
7538	29	
7539	39	
7540	4	
7541	33	
7542	34	
7543	17	
7544	74	
7545	86	
7546	23	
7547	6	
7548	67	
7549	83	
7550	94	
7551	16	
7552	39	
7553	77	
7554	55	
7555	68	
7556	55	
7557	62	
7558	58	
7559	77	
7560	32	
7561	84	
7562	29	
7563	96	
7564	53	
7565	50	
7566	88	
7567	32	
7568	39	
7569	52	
7570	95	
7571	81	
7572	54	
7573	64	
7574	88	
7575	66	
7576	82	
7577	17	
7578	63	
7579	88	
7580	37	
7581	85	
7582	39	
7583	27	
7584	86	
7585	97	
7586	52	
7587	85	
7588	65	
7589	97	
7590	81	
7591	36	
7592	2	
7593	2	
7594	45	
7595	58	
7596	31	
7597	89	
7598	42	
7599	64	
7600	35	
7601	98	
7602	27	
7603	74	
7604	67	
7605	4	
7606	8	
7607	22	
7608	95	
7609	1	
7610	9	
7611	70	
7612	67	
7613	24	
7614	46	
7615	84	
7616	40	
7617	97	
7618	95	
7619	2	
7620	54	
7621	93	
7622	85	
7623	37	
7624	49	
7625	24	
7626	9	
7627	59	
7628	5	
7629	56	
7630	74	
7631	71	
7632	87	
7633	84	
7634	56	
7635	53	
7636	92	
7637	76	
7638	85	
7639	84	
7640	27	
7641	1	
7642	93	
7643	66	
7644	57	
7645	83	
7646	75	
7647	12	
7648	6	
7649	29	
7650	31	
7651	24	
7652	27	
7653	17	
7654	35	
7655	97	
7656	83	
7657	54	
7658	96	
7659	94	
7660	67	
7661	95	
7662	88	
7663	8	
7664	43	
7665	11	
7666	67	
7667	95	
7668	29	
7669	85	
7670	52	
7671	62	
7672	63	
7673	19	
7674	42	
7675	37	
7676	87	
7677	75	
7678	33	
7679	35	
7680	40	
7681	79	
7682	44	
7683	34	
7684	27	
7685	38	
7686	51	
7687	27	
7688	60	
7689	10	
7690	32	
7691	80	
7692	28	
7693	19	
7694	83	
7695	4	
7696	91	
7697	59	
7698	39	
7699	28	
7700	61	
7701	6	
7702	16	
7703	17	
7704	78	
7705	64	
7706	73	
7707	2	
7708	60	
7709	8	
7710	37	
7711	64	
7712	41	
7713	88	
7714	32	
7715	90	
7716	95	
7717	36	
7718	72	
7719	100	
7720	33	
7721	54	
7722	90	
7723	13	
7724	9	
7725	96	
7726	43	
7727	75	
7728	22	
7729	71	
7730	38	
7731	67	
7732	9	
7733	60	
7734	22	
7735	80	
7736	65	
7737	39	
7738	54	
7739	54	
7740	76	
7741	57	
7742	74	
7743	96	
7744	34	
7745	75	
7746	17	
7747	48	
7748	51	
7749	78	
7750	47	
7751	88	
7752	50	
7753	26	
7754	65	
7755	16	
7756	62	
7757	30	
7758	34	
7759	8	
7760	53	
7761	72	
7762	69	
7763	25	
7764	68	
7765	23	
7766	10	
7767	5	
7768	12	
7769	34	
7770	24	
7771	16	
7772	85	
7773	27	
7774	86	
7775	63	
7776	82	
7777	70	
7778	95	
7779	81	
7780	62	
7781	89	
7782	27	
7783	14	
7784	79	
7785	12	
7786	38	
7787	14	
7788	30	
7789	64	
7790	58	
7791	92	
7792	51	
7793	29	
7794	3	
7795	57	
7796	91	
7797	38	
7798	91	
7799	8	
7800	6	
7801	45	
7802	32	
7803	74	
7804	25	
7805	33	
7806	10	
7807	60	
7808	87	
7809	74	
7810	79	
7811	37	
7812	13	
7813	13	
7814	70	
7815	15	
7816	83	
7817	42	
7818	37	
7819	15	
7820	58	
7821	35	
7822	87	
7823	75	
7824	41	
7825	35	
7826	2	
7827	93	
7828	50	
7829	94	
7830	42	
7831	14	
7832	100	
7833	85	
7834	81	
7835	53	
7836	20	
7837	84	
7838	37	
7839	32	
7840	82	
7841	6	
7842	21	
7843	76	
7844	51	
7845	57	
7846	69	
7847	59	
7848	70	
7849	36	
7850	69	
7851	50	
7852	77	
7853	58	
7854	98	
7855	80	
7856	59	
7857	54	
7858	70	
7859	70	
7860	100	
7861	14	
7862	7	
7863	51	
7864	86	
7865	26	
7866	44	
7867	36	
7868	88	
7869	60	
7870	25	
7871	15	
7872	66	
7873	51	
7874	25	
7875	49	
7876	17	
7877	70	
7878	35	
7879	41	
7880	46	
7881	27	
7882	11	
7883	39	
7884	32	
7885	46	
7886	67	
7887	84	
7888	28	
7889	25	
7890	57	
7891	83	
7892	62	
7893	55	
7894	53	
7895	79	
7896	75	
7897	44	
7898	29	
7899	57	
7900	2	
7901	100	
7902	86	
7903	44	
7904	53	
7905	25	
7906	98	
7907	68	
7908	75	
7909	23	
7910	82	
7911	29	
7912	85	
7913	35	
7914	10	
7915	8	
7916	91	
7917	31	
7918	86	
7919	2	
7920	37	
7921	37	
7922	21	
7923	90	
7924	8	
7925	77	
7926	65	
7927	9	
7928	55	
7929	74	
7930	63	
7931	1	
7932	89	
7933	61	
7934	22	
7935	28	
7936	43	
7937	39	
7938	93	
7939	7	
7940	16	
7941	9	
7942	50	
7943	73	
7944	3	
7945	59	
7946	7	
7947	15	
7948	1	
7949	96	
7950	82	
7951	95	
7952	41	
7953	50	
7954	22	
7955	35	
7956	77	
7957	15	
7958	66	
7959	14	
7960	56	
7961	40	
7962	51	
7963	11	
7964	7	
7965	83	
7966	34	
7967	86	
7968	2	
7969	58	
7970	73	
7971	96	
7972	17	
7973	40	
7974	69	
7975	83	
7976	17	
7977	32	
7978	6	
7979	100	
7980	79	
7981	34	
7982	7	
7983	35	
7984	21	
7985	51	
7986	13	
7987	96	
7988	74	
7989	22	
7990	85	
7991	17	
7992	60	
7993	40	
7994	77	
7995	28	
7996	17	
7997	69	
7998	37	
7999	83	
8000	92	
8001	25	
8002	39	
8003	47	
8004	14	
8005	31	
8006	41	
8007	20	
8008	35	
8009	34	
8010	70	
8011	45	
8012	84	
8013	48	
8014	39	
8015	25	
8016	53	
8017	49	
8018	38	
8019	15	
8020	26	
8021	66	
8022	14	
8023	19	
8024	7	
8025	80	
8026	72	
8027	15	
8028	46	
8029	32	
8030	97	
8031	3	
8032	37	
8033	1	
8034	66	
8035	29	
8036	38	
8037	23	
8038	38	
8039	31	
8040	33	
8041	20	
8042	28	
8043	36	
8044	78	
8045	31	
8046	88	
8047	2	
8048	44	
8049	7	
8050	64	
8051	16	
8052	94	
8053	98	
8054	80	
8055	28	
8056	83	
8057	100	
8058	65	
8059	69	
8060	19	
8061	91	
8062	63	
8063	57	
8064	78	
8065	62	
8066	56	
8067	58	
8068	62	
8069	88	
8070	61	
8071	29	
8072	82	
8073	15	
8074	40	
8075	53	
8076	90	
8077	3	
8078	22	
8079	82	
8080	31	
8081	58	
8082	8	
8083	84	
8084	54	
8085	31	
8086	100	
8087	47	
8088	82	
8089	37	
8090	59	
8091	26	
8092	12	
8093	99	
8094	34	
8095	26	
8096	7	
8097	67	
8098	46	
8099	2	
8100	66	
8101	21	
8102	10	
8103	53	
8104	46	
8105	15	
8106	65	
8107	61	
8108	91	
8109	51	
8110	59	
8111	68	
8112	34	
8113	62	
8114	74	
8115	91	
8116	41	
8117	25	
8118	18	
8119	41	
8120	88	
8121	11	
8122	15	
8123	42	
8124	48	
8125	16	
8126	67	
8127	53	
8128	8	
8129	29	
8130	43	
8131	100	
8132	53	
8133	83	
8134	20	
8135	16	
8136	91	
8137	99	
8138	20	
8139	68	
8140	27	
8141	4	
8142	56	
8143	45	
8144	32	
8145	58	
8146	73	
8147	48	
8148	52	
8149	39	
8150	29	
8151	93	
8152	58	
8153	22	
8154	5	
8155	80	
8156	28	
8157	1	
8158	66	
8159	55	
8160	100	
8161	52	
8162	49	
8163	89	
8164	92	
8165	65	
8166	53	
8167	98	
8168	91	
8169	20	
8170	73	
8171	93	
8172	30	
8173	46	
8174	84	
8175	4	
8176	50	
8177	31	
8178	34	
8179	68	
8180	63	
8181	45	
8182	2	
8183	92	
8184	24	
8185	9	
8186	4	
8187	60	
8188	3	
8189	71	
8190	66	
8191	40	
8192	19	
8193	83	
8194	25	
8195	48	
8196	62	
8197	44	
8198	54	
8199	55	
8200	18	
8201	25	
8202	55	
8203	1	
8204	78	
8205	52	
8206	85	
8207	54	
8208	95	
8209	45	
8210	37	
8211	31	
8212	61	
8213	65	
8214	21	
8215	26	
8216	49	
8217	80	
8218	89	
8219	32	
8220	30	
8221	65	
8222	44	
8223	95	
8224	83	
8225	27	
8226	46	
8227	98	
8228	64	
8229	32	
8230	81	
8231	54	
8232	89	
8233	79	
8234	54	
8235	96	
8236	21	
8237	99	
8238	24	
8239	83	
8240	81	
8241	87	
8242	5	
8243	80	
8244	79	
8245	89	
8246	85	
8247	30	
8248	10	
8249	85	
8250	51	
8251	34	
8252	77	
8253	28	
8254	39	
8255	29	
8256	86	
8257	72	
8258	29	
8259	22	
8260	98	
8261	60	
8262	86	
8263	99	
8264	64	
8265	22	
8266	92	
8267	81	
8268	15	
8269	58	
8270	80	
8271	38	
8272	37	
8273	26	
8274	71	
8275	60	
8276	12	
8277	49	
8278	78	
8279	17	
8280	83	
8281	66	
8282	8	
8283	42	
8284	83	
8285	100	
8286	73	
8287	86	
8288	52	
8289	17	
8290	22	
8291	94	
8292	91	
8293	49	
8294	53	
8295	40	
8296	67	
8297	93	
8298	35	
8299	73	
8300	37	
8301	86	
8302	62	
8303	12	
8304	50	
8305	25	
8306	86	
8307	83	
8308	25	
8309	23	
8310	94	
8311	51	
8312	87	
8313	71	
8314	1	
8315	25	
8316	57	
8317	69	
8318	55	
8319	9	
8320	2	
8321	90	
8322	48	
8323	19	
8324	100	
8325	59	
8326	13	
8327	75	
8328	21	
8329	77	
8330	7	
8331	87	
8332	35	
8333	99	
8334	73	
8335	49	
8336	2	
8337	33	
8338	3	
8339	96	
8340	30	
8341	5	
8342	19	
8343	35	
8344	7	
8345	78	
8346	37	
8347	51	
8348	7	
8349	94	
8350	80	
8351	31	
8352	80	
8353	93	
8354	32	
8355	88	
8356	72	
8357	53	
8358	15	
8359	32	
8360	87	
8361	61	
8362	22	
8363	37	
8364	8	
8365	80	
8366	15	
8367	60	
8368	93	
8369	18	
8370	82	
8371	28	
8372	42	
8373	63	
8374	45	
8375	30	
8376	11	
8377	20	
8378	42	
8379	60	
8380	12	
8381	31	
8382	42	
8383	24	
8384	37	
8385	88	
8386	61	
8387	47	
8388	72	
8389	4	
8390	58	
8391	56	
8392	24	
8393	91	
8394	22	
8395	32	
8396	1	
8397	82	
8398	69	
8399	94	
8400	52	
8401	31	
8402	78	
8403	70	
8404	70	
8405	18	
8406	30	
8407	11	
8408	86	
8409	40	
8410	1	
8411	15	
8412	81	
8413	78	
8414	29	
8415	95	
8416	2	
8417	31	
8418	84	
8419	69	
8420	8	
8421	95	
8422	39	
8423	51	
8424	53	
8425	4	
8426	79	
8427	55	
8428	50	
8429	57	
8430	66	
8431	90	
8432	23	
8433	25	
8434	28	
8435	55	
8436	86	
8437	82	
8438	19	
8439	7	
8440	45	
8441	96	
8442	73	
8443	88	
8444	41	
8445	77	
8446	3	
8447	17	
8448	75	
8449	28	
8450	57	
8451	53	
8452	91	
8453	3	
8454	6	
8455	52	
8456	41	
8457	79	
8458	22	
8459	44	
8460	50	
8461	44	
8462	64	
8463	18	
8464	14	
8465	27	
8466	75	
8467	63	
8468	13	
8469	14	
8470	99	
8471	38	
8472	87	
8473	37	
8474	3	
8475	37	
8476	85	
8477	80	
8478	57	
8479	65	
8480	23	
8481	33	
8482	7	
8483	80	
8484	38	
8485	60	
8486	86	
8487	93	
8488	46	
8489	18	
8490	3	
8491	27	
8492	26	
8493	12	
8494	28	
8495	99	
8496	56	
8497	47	
8498	60	
8499	21	
8500	8	
8501	71	
8502	32	
8503	24	
8504	65	
8505	38	
8506	22	
8507	76	
8508	73	
8509	92	
8510	38	
8511	52	
8512	59	
8513	42	
8514	55	
8515	66	
8516	49	
8517	21	
8518	64	
8519	91	
8520	69	
8521	37	
8522	41	
8523	98	
8524	78	
8525	73	
8526	77	
8527	84	
8528	26	
8529	70	
8530	87	
8531	90	
8532	18	
8533	57	
8534	35	
8535	96	
8536	35	
8537	44	
8538	84	
8539	9	
8540	56	
8541	41	
8542	24	
8543	2	
8544	3	
8545	68	
8546	13	
8547	10	
8548	87	
8549	3	
8550	80	
8551	8	
8552	29	
8553	78	
8554	33	
8555	66	
8556	29	
8557	6	
8558	8	
8559	42	
8560	75	
8561	87	
8562	84	
8563	33	
8564	4	
8565	87	
8566	99	
8567	90	
8568	92	
8569	26	
8570	78	
8571	41	
8572	55	
8573	50	
8574	68	
8575	54	
8576	42	
8577	43	
8578	24	
8579	21	
8580	37	
8581	30	
8582	37	
8583	100	
8584	84	
8585	50	
8586	11	
8587	54	
8588	88	
8589	95	
8590	56	
8591	64	
8592	32	
8593	68	
8594	86	
8595	36	
8596	14	
8597	14	
8598	81	
8599	31	
8600	49	
8601	14	
8602	51	
8603	32	
8604	66	
8605	56	
8606	1	
8607	13	
8608	9	
8609	38	
8610	81	
8611	26	
8612	7	
8613	81	
8614	72	
8615	95	
8616	83	
8617	96	
8618	78	
8619	32	
8620	82	
8621	78	
8622	43	
8623	76	
8624	9	
8625	10	
8626	37	
8627	84	
8628	71	
8629	22	
8630	9	
8631	87	
8632	97	
8633	73	
8634	97	
8635	82	
8636	52	
8637	23	
8638	100	
8639	86	
8640	75	
8641	78	
8642	99	
8643	90	
8644	56	
8645	73	
8646	92	
8647	36	
8648	73	
8649	42	
8650	47	
8651	33	
8652	36	
8653	5	
8654	62	
8655	15	
8656	25	
8657	40	
8658	39	
8659	80	
8660	40	
8661	66	
8662	42	
8663	46	
8664	97	
8665	54	
8666	44	
8667	58	
8668	78	
8669	50	
8670	77	
8671	42	
8672	5	
8673	87	
8674	11	
8675	45	
8676	80	
8677	89	
8678	66	
8679	72	
8680	63	
8681	37	
8682	89	
8683	16	
8684	86	
8685	60	
8686	4	
8687	28	
8688	89	
8689	43	
8690	25	
8691	30	
8692	85	
8693	50	
8694	49	
8695	87	
8696	89	
8697	47	
8698	30	
8699	56	
8700	36	
8701	74	
8702	55	
8703	37	
8704	63	
8705	36	
8706	9	
8707	26	
8708	5	
8709	74	
8710	86	
8711	26	
8712	100	
8713	88	
8714	10	
8715	6	
8716	79	
8717	56	
8718	75	
8719	13	
8720	48	
8721	78	
8722	38	
8723	86	
8724	1	
8725	52	
8726	49	
8727	78	
8728	37	
8729	65	
8730	57	
8731	62	
8732	93	
8733	79	
8734	39	
8735	95	
8736	52	
8737	58	
8738	60	
8739	82	
8740	9	
8741	40	
8742	87	
8743	63	
8744	78	
8745	68	
8746	19	
8747	27	
8748	60	
8749	73	
8750	80	
8751	91	
8752	91	
8753	91	
8754	80	
8755	26	
8756	57	
8757	50	
8758	15	
8759	37	
8760	68	
8761	19	
8762	93	
8763	74	
8764	93	
8765	32	
8766	25	
8767	3	
8768	49	
8769	64	
8770	89	
8771	89	
8772	28	
8773	38	
8774	82	
8775	39	
8776	30	
8777	25	
8778	79	
8779	22	
8780	61	
8781	79	
8782	26	
8783	85	
8784	30	
8785	3	
8786	64	
8787	40	
8788	52	
8789	40	
8790	35	
8791	86	
8792	54	
8793	18	
8794	55	
8795	92	
8796	86	
8797	30	
8798	36	
8799	73	
8800	54	
8801	95	
8802	4	
8803	74	
8804	12	
8805	49	
8806	6	
8807	37	
8808	55	
8809	18	
8810	56	
8811	16	
8812	93	
8813	93	
8814	86	
8815	1	
8816	76	
8817	93	
8818	85	
8819	56	
8820	27	
8821	44	
8822	92	
8823	97	
8824	64	
8825	30	
8826	35	
8827	21	
8828	6	
8829	44	
8830	8	
8831	14	
8832	66	
8833	11	
8834	56	
8835	70	
8836	55	
8837	65	
8838	73	
8839	82	
8840	43	
8841	52	
8842	78	
8843	44	
8844	20	
8845	84	
8846	63	
8847	43	
8848	42	
8849	19	
8850	4	
8851	11	
8852	2	
8853	32	
8854	3	
8855	28	
8856	22	
8857	98	
8858	1	
8859	85	
8860	65	
8861	43	
8862	55	
8863	14	
8864	46	
8865	60	
8866	6	
8867	60	
8868	69	
8869	61	
8870	100	
8871	26	
8872	71	
8873	39	
8874	82	
8875	11	
8876	32	
8877	7	
8878	43	
8879	20	
8880	96	
8881	73	
8882	93	
8883	77	
8884	8	
8885	20	
8886	68	
8887	24	
8888	36	
8889	35	
8890	8	
8891	99	
8892	60	
8893	27	
8894	71	
8895	33	
8896	25	
8897	49	
8898	33	
8899	93	
8900	51	
8901	54	
8902	42	
8903	72	
8904	14	
8905	50	
8906	88	
8907	29	
8908	79	
8909	71	
8910	23	
8911	72	
8912	85	
8913	29	
8914	35	
8915	65	
8916	54	
8917	17	
8918	90	
8919	96	
8920	85	
8921	64	
8922	20	
8923	13	
8924	51	
8925	59	
8926	32	
8927	66	
8928	96	
8929	34	
8930	42	
8931	21	
8932	21	
8933	95	
8934	33	
8935	29	
8936	1	
8937	58	
8938	8	
8939	58	
8940	82	
8941	15	
8942	42	
8943	19	
8944	74	
8945	61	
8946	51	
8947	36	
8948	84	
8949	39	
8950	2	
8951	94	
8952	66	
8953	78	
8954	95	
8955	52	
8956	82	
8957	32	
8958	20	
8959	66	
8960	27	
8961	72	
8962	5	
8963	83	
8964	14	
8965	13	
8966	45	
8967	72	
8968	16	
8969	74	
8970	65	
8971	65	
8972	36	
8973	89	
8974	46	
8975	52	
8976	38	
8977	81	
8978	29	
8979	22	
8980	5	
8981	33	
8982	51	
8983	3	
8984	10	
8985	17	
8986	27	
8987	51	
8988	84	
8989	78	
8990	85	
8991	24	
8992	97	
8993	79	
8994	21	
8995	12	
8996	55	
8997	64	
8998	68	
8999	70	
9000	66	
9001	43	
9002	24	
9003	42	
9004	98	
9005	51	
9006	72	
9007	59	
9008	19	
9009	34	
9010	64	
9011	62	
9012	46	
9013	80	
9014	7	
9015	46	
9016	2	
9017	40	
9018	64	
9019	3	
9020	82	
9021	52	
9022	19	
9023	65	
9024	35	
9025	11	
9026	3	
9027	4	
9028	16	
9029	15	
9030	28	
9031	75	
9032	64	
9033	25	
9034	72	
9035	46	
9036	67	
9037	37	
9038	3	
9039	98	
9040	50	
9041	92	
9042	77	
9043	1	
9044	86	
9045	76	
9046	19	
9047	56	
9048	78	
9049	40	
9050	83	
9051	23	
9052	15	
9053	22	
9054	23	
9055	61	
9056	17	
9057	43	
9058	3	
9059	90	
9060	64	
9061	19	
9062	45	
9063	58	
9064	77	
9065	55	
9066	86	
9067	81	
9068	36	
9069	24	
9070	80	
9071	83	
9072	50	
9073	91	
9074	19	
9075	99	
9076	50	
9077	64	
9078	54	
9079	57	
9080	9	
9081	93	
9082	60	
9083	85	
9084	12	
9085	78	
9086	17	
9087	99	
9088	38	
9089	80	
9090	72	
9091	39	
9092	100	
9093	12	
9094	40	
9095	88	
9096	66	
9097	98	
9098	90	
9099	67	
9100	65	
9101	80	
9102	14	
9103	42	
9104	45	
9105	42	
9106	67	
9107	51	
9108	62	
9109	1	
9110	26	
9111	52	
9112	32	
9113	78	
9114	35	
9115	34	
9116	48	
9117	90	
9118	24	
9119	16	
9120	87	
9121	65	
9122	19	
9123	50	
9124	76	
9125	21	
9126	97	
9127	45	
9128	79	
9129	1	
9130	83	
9131	99	
9132	94	
9133	44	
9134	95	
9135	32	
9136	7	
9137	97	
9138	57	
9139	82	
9140	5	
9141	3	
9142	3	
9143	34	
9144	58	
9145	68	
9146	55	
9147	73	
9148	97	
9149	55	
9150	61	
9151	43	
9152	39	
9153	99	
9154	87	
9155	29	
9156	71	
9157	83	
9158	12	
9159	60	
9160	55	
9161	1	
9162	38	
9163	94	
9164	42	
9165	53	
9166	68	
9167	65	
9168	53	
9169	86	
9170	48	
9171	31	
9172	20	
9173	89	
9174	74	
9175	98	
9176	25	
9177	22	
9178	16	
9179	43	
9180	96	
9181	16	
9182	52	
9183	18	
9184	3	
9185	42	
9186	42	
9187	9	
9188	13	
9189	33	
9190	20	
9191	21	
9192	47	
9193	58	
9194	50	
9195	67	
9196	53	
9197	11	
9198	8	
9199	97	
9200	43	
9201	99	
9202	89	
9203	27	
9204	23	
9205	3	
9206	23	
9207	33	
9208	78	
9209	53	
9210	32	
9211	76	
9212	40	
9213	42	
9214	24	
9215	54	
9216	99	
9217	45	
9218	21	
9219	49	
9220	100	
9221	48	
9222	21	
9223	22	
9224	47	
9225	96	
9226	100	
9227	55	
9228	17	
9229	69	
9230	89	
9231	31	
9232	69	
9233	12	
9234	99	
9235	50	
9236	29	
9237	95	
9238	14	
9239	55	
9240	56	
9241	37	
9242	37	
9243	55	
9244	63	
9245	24	
9246	22	
9247	78	
9248	18	
9249	29	
9250	7	
9251	83	
9252	82	
9253	96	
9254	41	
9255	49	
9256	34	
9257	10	
9258	44	
9259	26	
9260	83	
9261	36	
9262	76	
9263	83	
9264	14	
9265	82	
9266	19	
9267	15	
9268	55	
9269	91	
9270	54	
9271	11	
9272	93	
9273	61	
9274	95	
9275	1	
9276	10	
9277	71	
9278	14	
9279	64	
9280	85	
9281	1	
9282	30	
9283	91	
9284	11	
9285	24	
9286	17	
9287	63	
9288	29	
9289	24	
9290	41	
9291	71	
9292	66	
9293	27	
9294	16	
9295	15	
9296	35	
9297	53	
9298	57	
9299	35	
9300	64	
9301	15	
9302	99	
9303	58	
9304	25	
9305	58	
9306	31	
9307	50	
9308	96	
9309	91	
9310	83	
9311	12	
9312	87	
9313	98	
9314	82	
9315	78	
9316	13	
9317	73	
9318	96	
9319	95	
9320	63	
9321	75	
9322	68	
9323	83	
9324	32	
9325	47	
9326	54	
9327	13	
9328	79	
9329	76	
9330	69	
9331	17	
9332	45	
9333	97	
9334	87	
9335	88	
9336	26	
9337	80	
9338	53	
9339	57	
9340	94	
9341	4	
9342	57	
9343	52	
9344	14	
9345	32	
9346	100	
9347	8	
9348	33	
9349	87	
9350	88	
9351	14	
9352	57	
9353	3	
9354	77	
9355	37	
9356	70	
9357	20	
9358	61	
9359	97	
9360	47	
9361	89	
9362	78	
9363	87	
9364	26	
9365	91	
9366	72	
9367	64	
9368	26	
9369	2	
9370	52	
9371	15	
9372	80	
9373	1	
9374	78	
9375	85	
9376	15	
9377	50	
9378	40	
9379	17	
9380	62	
9381	61	
9382	42	
9383	51	
9384	71	
9385	100	
9386	83	
9387	82	
9388	19	
9389	93	
9390	63	
9391	36	
9392	43	
9393	61	
9394	84	
9395	30	
9396	26	
9397	29	
9398	30	
9399	91	
9400	85	
9401	29	
9402	74	
9403	71	
9404	37	
9405	86	
9406	8	
9407	82	
9408	53	
9409	73	
9410	42	
9411	28	
9412	42	
9413	20	
9414	81	
9415	35	
9416	4	
9417	85	
9418	95	
9419	6	
9420	52	
9421	43	
9422	41	
9423	78	
9424	46	
9425	2	
9426	8	
9427	89	
9428	62	
9429	64	
9430	75	
9431	73	
9432	84	
9433	24	
9434	24	
9435	78	
9436	82	
9437	57	
9438	67	
9439	37	
9440	98	
9441	69	
9442	77	
9443	77	
9444	62	
9445	47	
9446	86	
9447	38	
9448	13	
9449	23	
9450	81	
9451	44	
9452	33	
9453	2	
9454	54	
9455	83	
9456	53	
9457	80	
9458	70	
9459	14	
9460	10	
9461	32	
9462	28	
9463	93	
9464	71	
9465	28	
9466	16	
9467	32	
9468	90	
9469	63	
9470	25	
9471	39	
9472	2	
9473	9	
9474	93	
9475	54	
9476	53	
9477	31	
9478	73	
9479	96	
9480	98	
9481	21	
9482	76	
9483	73	
9484	77	
9485	97	
9486	44	
9487	30	
9488	63	
9489	47	
9490	66	
9491	53	
9492	33	
9493	36	
9494	72	
9495	63	
9496	17	
9497	77	
9498	66	
9499	44	
9500	50	
9501	31	
9502	52	
9503	63	
9504	23	
9505	78	
9506	32	
9507	65	
9508	52	
9509	24	
9510	97	
9511	72	
9512	94	
9513	80	
9514	12	
9515	45	
9516	77	
9517	93	
9518	40	
9519	83	
9520	97	
9521	94	
9522	59	
9523	72	
9524	84	
9525	81	
9526	85	
9527	29	
9528	7	
9529	42	
9530	98	
9531	67	
9532	58	
9533	31	
9534	40	
9535	6	
9536	59	
9537	7	
9538	100	
9539	38	
9540	23	
9541	9	
9542	43	
9543	54	
9544	74	
9545	64	
9546	63	
9547	55	
9548	49	
9549	57	
9550	93	
9551	68	
9552	63	
9553	98	
9554	46	
9555	57	
9556	94	
9557	79	
9558	20	
9559	81	
9560	65	
9561	68	
9562	71	
9563	25	
9564	53	
9565	32	
9566	34	
9567	4	
9568	10	
9569	2	
9570	57	
9571	11	
9572	89	
9573	39	
9574	27	
9575	100	
9576	73	
9577	68	
9578	43	
9579	52	
9580	20	
9581	31	
9582	4	
9583	7	
9584	44	
9585	42	
9586	18	
9587	28	
9588	56	
9589	57	
9590	28	
9591	91	
9592	2	
9593	95	
9594	62	
9595	77	
9596	88	
9597	45	
9598	26	
9599	100	
9600	41	
9601	96	
9602	25	
9603	13	
9604	87	
9605	26	
9606	92	
9607	48	
9608	16	
9609	25	
9610	80	
9611	28	
9612	55	
9613	16	
9614	28	
9615	84	
9616	41	
9617	55	
9618	100	
9619	10	
9620	42	
9621	40	
9622	94	
9623	61	
9624	39	
9625	18	
9626	14	
9627	68	
9628	31	
9629	3	
9630	55	
9631	75	
9632	8	
9633	20	
9634	41	
9635	87	
9636	76	
9637	53	
9638	91	
9639	90	
9640	11	
9641	94	
9642	88	
9643	6	
9644	25	
9645	31	
9646	79	
9647	44	
9648	38	
9649	45	
9650	88	
9651	19	
9652	55	
9653	40	
9654	42	
9655	64	
9656	28	
9657	30	
9658	100	
9659	69	
9660	69	
9661	82	
9662	74	
9663	1	
9664	51	
9665	16	
9666	36	
9667	35	
9668	14	
9669	97	
9670	59	
9671	15	
9672	57	
9673	37	
9674	61	
9675	54	
9676	55	
9677	58	
9678	66	
9679	83	
9680	70	
9681	63	
9682	57	
9683	54	
9684	72	
9685	52	
9686	47	
9687	23	
9688	80	
9689	66	
9690	36	
9691	97	
9692	35	
9693	41	
9694	95	
9695	45	
9696	93	
9697	80	
9698	24	
9699	58	
9700	30	
9701	53	
9702	21	
9703	55	
9704	7	
9705	39	
9706	23	
9707	2	
9708	17	
9709	25	
9710	64	
9711	85	
9712	54	
9713	18	
9714	88	
9715	20	
9716	69	
9717	24	
9718	70	
9719	92	
9720	28	
9721	11	
9722	25	
9723	88	
9724	80	
9725	89	
9726	57	
9727	91	
9728	10	
9729	69	
9730	6	
9731	99	
9732	91	
9733	42	
9734	45	
9735	93	
9736	13	
9737	7	
9738	55	
9739	72	
9740	42	
9741	45	
9742	27	
9743	69	
9744	41	
9745	10	
9746	89	
9747	37	
9748	53	
9749	34	
9750	38	
9751	44	
9752	31	
9753	29	
9754	100	
9755	41	
9756	77	
9757	42	
9758	57	
9759	77	
9760	8	
9761	3	
9762	25	
9763	95	
9764	3	
9765	56	
9766	6	
9767	95	
9768	2	
9769	15	
9770	9	
9771	24	
9772	7	
9773	62	
9774	40	
9775	59	
9776	77	
9777	22	
9778	95	
9779	32	
9780	97	
9781	76	
9782	4	
9783	78	
9784	54	
9785	39	
9786	37	
9787	5	
9788	78	
9789	3	
9790	99	
9791	33	
9792	60	
9793	94	
9794	50	
9795	41	
9796	30	
9797	90	
9798	33	
9799	86	
9800	43	
9801	75	
9802	60	
9803	20	
9804	15	
9805	4	
9806	54	
9807	65	
9808	15	
9809	35	
9810	78	
9811	90	
9812	96	
9813	62	
9814	4	
9815	95	
9816	1	
9817	14	
9818	71	
9819	64	
9820	26	
9821	17	
9822	34	
9823	3	
9824	65	
9825	85	
9826	56	
9827	75	
9828	94	
9829	69	
9830	94	
9831	16	
9832	15	
9833	69	
9834	9	
9835	30	
9836	4	
9837	18	
9838	2	
9839	65	
9840	14	
9841	32	
9842	12	
9843	11	
9844	87	
9845	38	
9846	89	
9847	63	
9848	19	
9849	98	
9850	91	
9851	41	
9852	98	
9853	3	
9854	50	
9855	57	
9856	5	
9857	5	
9858	85	
9859	11	
9860	4	
9861	41	
9862	60	
9863	5	
9864	83	
9865	27	
9866	40	
9867	26	
9868	47	
9869	53	
9870	27	
9871	11	
9872	16	
9873	42	
9874	51	
9875	78	
9876	78	
9877	14	
9878	68	
9879	25	
9880	57	
9881	66	
9882	32	
9883	53	
9884	98	
9885	98	
9886	29	
9887	69	
9888	33	
9889	17	
9890	46	
9891	1	
9892	87	
9893	93	
9894	23	
9895	81	
9896	99	
9897	45	
9898	12	
9899	25	
9900	99	
9901	56	
9902	67	
9903	48	
9904	25	
9905	81	
9906	36	
9907	4	
9908	88	
9909	42	
9910	5	
9911	98	
9912	38	
9913	23	
9914	31	
9915	3	
9916	53	
9917	14	
9918	9	
9919	31	
9920	4	
9921	14	
9922	54	
9923	50	
9924	45	
9925	66	
9926	33	
9927	55	
9928	50	
9929	92	
9930	38	
9931	43	
9932	66	
9933	84	
9934	95	
9935	36	
9936	18	
9937	4	
9938	86	
9939	16	
9940	2	
9941	83	
9942	79	
9943	41	
9944	59	
9945	89	
9946	56	
9947	100	
9948	4	
9949	98	
9950	22	
9951	48	
9952	39	
9953	84	
9954	7	
9955	42	
9956	51	
9957	39	
9958	40	
9959	28	
9960	81	
9961	92	
9962	1	
9963	11	
9964	68	
9965	80	
9966	50	
9967	95	
9968	83	
9969	80	
9970	82	
9971	27	
9972	91	
9973	61	
9974	75	
9975	39	
9976	24	
9977	59	
9978	90	
9979	24	
9980	19	
9981	71	
9982	34	
9983	64	
9984	26	
9985	30	
9986	98	
9987	36	
9988	92	
9989	73	
9990	5	
9991	3	
9992	28	
9993	12	
9994	7	
9995	18	
9996	3	
9997	58	
9998	38	
9999	48	
10000	8	
5028
