10000
1	76	
2	4	
3	14	
4	51	
5	28	
6	62	
7	97	
8	16	
9	89	
10	18	
11	52	
12	87	
13	60	
14	100	
15	53	
16	1	
17	93	
18	44	
19	69	
20	26	
21	25	
22	36	
23	68	
24	7	
25	69	
26	60	
27	42	
28	68	
29	10	
30	99	
31	34	
32	24	
33	36	
34	41	
35	56	
36	81	
37	24	
38	93	
39	88	
40	67	
41	43	
42	50	
43	94	
44	70	
45	23	
46	95	
47	14	
48	38	
49	95	
50	48	
51	47	
52	48	
53	57	
54	12	
55	65	
56	28	
57	33	
58	59	
59	76	
60	42	
61	81	
62	91	
63	56	
64	71	
65	80	
66	56	
67	77	
68	43	
69	36	
70	74	
71	6	
72	22	
73	2	
74	47	
75	64	
76	61	
77	79	
78	7	
79	53	
80	27	
81	14	
82	54	
83	39	
84	90	
85	50	
86	82	
87	52	
88	100	
89	22	
90	47	
91	57	
92	89	
93	73	
94	88	
95	96	
96	61	
97	69	
98	81	
99	44	
100	32	
101	61	
102	76	
103	86	
104	100	
105	97	
106	70	
107	11	
108	3	
109	87	
110	37	
111	83	
112	59	
113	93	
114	13	
115	73	
116	99	
117	15	
118	89	
119	97	
120	13	
121	92	
122	77	
123	48	
124	7	
125	53	
126	67	
127	40	
128	88	
129	71	
130	11	
131	46	
132	57	
133	19	
134	60	
135	5	
136	58	
137	45	
138	71	
139	70	
140	12	
141	7	
142	81	
143	11	
144	11	
145	37	
146	18	
147	98	
148	15	
149	85	
150	70	
151	49	
152	49	
153	62	
154	100	
155	2	
156	88	
157	42	
158	71	
159	98	
160	5	
161	17	
162	75	
163	94	
164	62	
165	17	
166	34	
167	99	
168	76	
169	90	
170	81	
171	51	
172	90	
173	5	
174	2	
175	39	
176	11	
177	14	
178	5	
179	26	
180	60	
181	35	
182	45	
183	100	
184	64	
185	1	
186	85	
187	34	
188	77	
189	44	
190	41	
191	50	
192	71	
193	36	
194	8	
195	41	
196	34	
197	16	
198	46	
199	63	
200	21	
201	31	
202	97	
203	63	
204	67	
205	3	
206	45	
207	4	
208	54	
209	63	
210	45	
211	32	
212	40	
213	99	
214	41	
215	94	
216	79	
217	72	
218	84	
219	13	
220	46	
221	94	
222	89	
223	13	
224	40	
225	44	
226	40	
227	3	
228	49	
229	19	
230	31	
231	89	
232	10	
233	1	
234	86	
235	61	
236	56	
237	61	
238	41	
239	65	
240	45	
241	5	
242	23	
243	57	
244	63	
245	18	
246	11	
247	10	
248	18	
249	40	
250	20	
251	67	
252	63	
253	61	
254	42	
255	51	
256	93	
257	80	
258	44	
259	15	
260	73	
261	11	
262	13	
263	87	
264	47	
265	95	
266	2	
267	2	
268	12	
269	9	
270	75	
271	100	
272	79	
273	36	
274	23	
275	33	
276	74	
277	87	
278	30	
279	17	
280	80	
281	53	
282	34	
283	83	
284	3	
285	12	
286	97	
287	59	
288	57	
289	37	
290	11	
291	74	
292	64	
293	24	
294	30	
295	51	
296	55	
297	38	
298	62	
299	22	
300	12	
301	96	
302	39	
303	78	
304	21	
305	7	
306	12	
307	27	
308	89	
309	28	
310	95	
311	10	
312	62	
313	66	
314	46	
315	98	
316	42	
317	49	
318	41	
319	74	
320	93	
321	22	
322	3	
323	56	
324	46	
325	45	
326	15	
327	50	
328	99	
329	94	
330	45	
331	100	
332	95	
333	57	
334	60	
335	82	
336	15	
337	95	
338	7	
339	24	
340	56	
341	45	
342	42	
343	94	
344	92	
345	92	
346	79	
347	80	
348	90	
349	85	
350	31	
351	64	
352	8	
353	4	
354	64	
355	100	
356	57	
357	67	
358	99	
359	79	
360	38	
361	42	
362	37	
363	81	
364	58	
365	74	
366	31	
367	53	
368	64	
369	11	
370	35	
371	52	
372	18	
373	48	
374	66	
375	56	
376	33	
377	15	
378	86	
379	28	
380	17	
381	27	
382	35	
383	64	
384	63	
385	11	
386	59	
387	51	
388	78	
389	18	
390	8	
391	19	
392	69	
393	23	
394	50	
395	96	
396	77	
397	80	
398	72	
399	38	
400	45	
401	88	
402	25	
403	42	
404	43	
405	66	
406	20	
407	18	
408	50	
409	58	
410	58	
411	39	
412	91	
413	13	
414	85	
415	55	
416	54	
417	91	
418	88	
419	56	
420	12	
421	29	
422	91	
423	13	
424	60	
425	40	
426	5	
427	78	
428	24	
429	38	
430	22	
431	63	
432	46	
433	70	
434	93	
435	79	
436	69	
437	98	
438	60	
439	26	
440	23	
441	18	
442	80	
443	32	
444	54	
445	15	
446	52	
447	57	
448	1	
449	35	
450	63	
451	37	
452	97	
453	49	
454	55	
455	50	
456	14	
457	75	
458	66	
459	47	
460	18	
461	69	
462	42	
463	49	
464	6	
465	72	
466	58	
467	30	
468	6	
469	2	
470	65	
471	36	
472	91	
473	66	
474	100	
475	40	
476	23	
477	71	
478	20	
479	93	
480	3	
481	75	
482	95	
483	19	
484	42	
485	85	
486	5	
487	70	
488	88	
489	9	
490	1	
491	91	
492	63	
493	17	
494	11	
495	11	
496	38	
497	99	
498	53	
499	72	
500	2	
501	79	
502	60	
503	85	
504	55	
505	55	
506	17	
507	7	
508	37	
509	87	
510	83	
511	60	
512	48	
513	24	
514	48	
515	21	
516	30	
517	86	
518	61	
519	65	
520	14	
521	85	
522	41	
523	100	
524	24	
525	85	
526	74	
527	7	
528	82	
529	27	
530	9	
531	57	
532	26	
533	24	
534	9	
535	33	
536	34	
537	41	
538	80	
539	100	
540	90	
541	63	
542	46	
543	5	
544	54	
545	90	
546	100	
547	9	
548	26	
549	68	
550	18	
551	18	
552	3	
553	81	
554	15	
555	57	
556	49	
557	86	
558	7	
559	58	
560	57	
561	95	
562	55	
563	96	
564	6	
565	90	
566	63	
567	75	
568	45	
569	15	
570	97	
571	92	
572	99	
573	16	
574	100	
575	85	
576	43	
577	57	
578	17	
579	67	
580	50	
581	62	
582	89	
583	29	
584	100	
585	53	
586	90	
587	92	
588	2	
589	3	
590	77	
591	63	
592	43	
593	12	
594	19	
595	62	
596	89	
597	25	
598	30	
599	8	
600	88	
601	58	
602	55	
603	42	
604	71	
605	30	
606	39	
607	16	
608	51	
609	20	
610	91	
611	68	
612	13	
613	73	
614	46	
615	20	
616	44	
617	47	
618	71	
619	58	
620	74	
621	69	
622	49	
623	7	
624	10	
625	81	
626	97	
627	46	
628	1	
629	88	
630	100	
631	4	
632	94	
633	46	
634	55	
635	56	
636	83	
637	53	
638	68	
639	41	
640	3	
641	80	
642	43	
643	28	
644	68	
645	53	
646	76	
647	41	
648	64	
649	96	
650	70	
651	15	
652	42	
653	40	
654	67	
655	97	
656	56	
657	71	
658	88	
659	30	
660	83	
661	80	
662	31	
663	66	
664	88	
665	18	
666	68	
667	39	
668	79	
669	64	
670	2	
671	29	
672	75	
673	12	
674	89	
675	99	
676	14	
677	21	
678	64	
679	4	
680	8	
681	23	
682	86	
683	62	
684	41	
685	55	
686	30	
687	91	
688	33	
689	74	
690	88	
691	27	
692	30	
693	32	
694	55	
695	19	
696	21	
697	23	
698	31	
699	82	
700	74	
701	63	
702	30	
703	51	
704	42	
705	97	
706	9	
707	36	
708	29	
709	82	
710	57	
711	62	
712	55	
713	54	
714	96	
715	60	
716	16	
717	95	
718	3	
719	62	
720	59	
721	45	
722	99	
723	28	
724	91	
725	58	
726	45	
727	94	
728	98	
729	48	
730	32	
731	43	
732	37	
733	3	
734	100	
735	12	
736	86	
737	91	
738	38	
739	35	
740	46	
741	59	
742	32	
743	63	
744	86	
745	50	
746	55	
747	40	
748	7	
749	100	
750	17	
751	1	
752	99	
753	37	
754	86	
755	51	
756	1	
757	59	
758	89	
759	44	
760	31	
761	99	
762	38	
763	99	
764	3	
765	52	
766	63	
767	100	
768	96	
769	93	
770	65	
771	70	
772	8	
773	37	
774	37	
775	54	
776	61	
777	98	
778	64	
779	95	
780	29	
781	65	
782	53	
783	10	
784	24	
785	74	
786	32	
787	32	
788	90	
789	70	
790	79	
791	49	
792	52	
793	57	
794	46	
795	61	
796	41	
797	54	
798	72	
799	82	
800	14	
801	52	
802	49	
803	91	
804	29	
805	72	
806	67	
807	69	
808	15	
809	11	
810	55	
811	65	
812	35	
813	83	
814	19	
815	22	
816	4	
817	43	
818	59	
819	1	
820	91	
821	77	
822	62	
823	13	
824	88	
825	21	
826	88	
827	58	
828	91	
829	12	
830	6	
831	4	
832	20	
833	87	
834	47	
835	2	
836	57	
837	15	
838	55	
839	53	
840	65	
841	45	
842	71	
843	1	
844	13	
845	5	
846	58	
847	28	
848	44	
849	9	
850	48	
851	76	
852	87	
853	88	
854	59	
855	86	
856	47	
857	48	
858	11	
859	5	
860	96	
861	87	
862	51	
863	83	
864	74	
865	31	
866	46	
867	81	
868	30	
869	91	
870	5	
871	20	
872	22	
873	27	
874	29	
875	84	
876	34	
877	68	
878	55	
879	61	
880	11	
881	75	
882	54	
883	77	
884	32	
885	81	
886	41	
887	99	
888	70	
889	73	
890	4	
891	76	
892	85	
893	86	
894	32	
895	1	
896	47	
897	84	
898	16	
899	73	
900	49	
901	44	
902	60	
903	10	
904	35	
905	2	
906	33	
907	1	
908	15	
909	80	
910	10	
911	13	
912	30	
913	70	
914	90	
915	57	
916	27	
917	45	
918	17	
919	94	
920	93	
921	22	
922	2	
923	56	
924	14	
925	50	
926	84	
927	22	
928	88	
929	13	
930	70	
931	5	
932	61	
933	49	
934	73	
935	67	
936	72	
937	26	
938	98	
939	53	
940	51	
941	65	
942	82	
943	35	
944	1	
945	38	
946	20	
947	76	
948	14	
949	59	
950	87	
951	48	
952	68	
953	100	
954	46	
955	16	
956	22	
957	19	
958	9	
959	90	
960	20	
961	91	
962	51	
963	83	
964	68	
965	79	
966	83	
967	70	
968	28	
969	86	
970	53	
971	96	
972	99	
973	25	
974	24	
975	20	
976	11	
977	50	
978	67	
979	1	
980	81	
981	97	
982	58	
983	77	
984	58	
985	91	
986	96	
987	58	
988	6	
989	80	
990	59	
991	48	
992	92	
993	30	
994	5	
995	40	
996	71	
997	89	
998	67	
999	96	
1000	4	
1001	39	
1002	86	
1003	25	
1004	31	
1005	23	
1006	7	
1007	99	
1008	69	
1009	67	
1010	32	
1011	69	
1012	76	
1013	96	
1014	15	
1015	20	
1016	76	
1017	58	
1018	31	
1019	11	
1020	53	
1021	74	
1022	32	
1023	97	
1024	92	
1025	73	
1026	93	
1027	63	
1028	13	
1029	16	
1030	49	
1031	60	
1032	76	
1033	80	
1034	56	
1035	97	
1036	42	
1037	5	
1038	44	
1039	81	
1040	14	
1041	28	
1042	23	
1043	16	
1044	90	
1045	27	
1046	21	
1047	37	
1048	61	
1049	77	
1050	32	
1051	98	
1052	32	
1053	5	
1054	69	
1055	40	
1056	79	
1057	73	
1058	46	
1059	9	
1060	95	
1061	76	
1062	64	
1063	11	
1064	91	
1065	70	
1066	83	
1067	28	
1068	41	
1069	8	
1070	67	
1071	82	
1072	11	
1073	87	
1074	3	
1075	45	
1076	48	
1077	39	
1078	13	
1079	10	
1080	38	
1081	18	
1082	2	
1083	56	
1084	55	
1085	32	
1086	85	
1087	22	
1088	74	
1089	53	
1090	1	
1091	14	
1092	93	
1093	100	
1094	53	
1095	61	
1096	30	
1097	85	
1098	37	
1099	5	
1100	23	
1101	20	
1102	83	
1103	93	
1104	32	
1105	25	
1106	49	
1107	93	
1108	65	
1109	8	
1110	67	
1111	9	
1112	67	
1113	83	
1114	87	
1115	36	
1116	45	
1117	100	
1118	34	
1119	39	
1120	1	
1121	7	
1122	74	
1123	25	
1124	46	
1125	1	
1126	47	
1127	25	
1128	68	
1129	100	
1130	80	
1131	49	
1132	33	
1133	48	
1134	85	
1135	23	
1136	80	
1137	65	
1138	12	
1139	80	
1140	58	
1141	1	
1142	22	
1143	82	
1144	39	
1145	32	
1146	52	
1147	39	
1148	19	
1149	4	
1150	65	
1151	14	
1152	23	
1153	84	
1154	28	
1155	43	
1156	59	
1157	31	
1158	83	
1159	100	
1160	15	
1161	80	
1162	96	
1163	100	
1164	23	
1165	12	
1166	29	
1167	52	
1168	100	
1169	57	
1170	13	
1171	85	
1172	31	
1173	55	
1174	79	
1175	43	
1176	35	
1177	38	
1178	92	
1179	45	
1180	85	
1181	1	
1182	69	
1183	28	
1184	1	
1185	19	
1186	72	
1187	71	
1188	59	
1189	33	
1190	73	
1191	78	
1192	44	
1193	36	
1194	19	
1195	13	
1196	33	
1197	42	
1198	58	
1199	95	
1200	24	
1201	70	
1202	72	
1203	33	
1204	63	
1205	13	
1206	46	
1207	17	
1208	6	
1209	37	
1210	33	
1211	74	
1212	46	
1213	43	
1214	51	
1215	60	
1216	46	
1217	94	
1218	41	
1219	38	
1220	67	
1221	20	
1222	85	
1223	34	
1224	18	
1225	85	
1226	63	
1227	64	
1228	74	
1229	80	
1230	69	
1231	33	
1232	99	
1233	99	
1234	76	
1235	87	
1236	19	
1237	85	
1238	2	
1239	31	
1240	62	
1241	13	
1242	8	
1243	37	
1244	23	
1245	13	
1246	7	
1247	63	
1248	67	
1249	81	
1250	92	
1251	76	
1252	43	
1253	43	
1254	94	
1255	81	
1256	86	
1257	83	
1258	84	
1259	23	
1260	86	
1261	18	
1262	61	
1263	97	
1264	78	
1265	33	
1266	46	
1267	16	
1268	7	
1269	96	
1270	28	
1271	23	
1272	8	
1273	13	
1274	92	
1275	78	
1276	88	
1277	40	
1278	72	
1279	13	
1280	40	
1281	45	
1282	41	
1283	60	
1284	67	
1285	51	
1286	32	
1287	26	
1288	35	
1289	66	
1290	47	
1291	28	
1292	95	
1293	78	
1294	63	
1295	76	
1296	5	
1297	91	
1298	13	
1299	68	
1300	66	
1301	29	
1302	47	
1303	50	
1304	27	
1305	21	
1306	94	
1307	95	
1308	60	
1309	7	
1310	71	
1311	14	
1312	28	
1313	6	
1314	87	
1315	59	
1316	18	
1317	44	
1318	25	
1319	46	
1320	67	
1321	93	
1322	56	
1323	87	
1324	47	
1325	49	
1326	27	
1327	78	
1328	75	
1329	58	
1330	22	
1331	94	
1332	5	
1333	54	
1334	20	
1335	83	
1336	37	
1337	91	
1338	29	
1339	62	
1340	55	
1341	92	
1342	87	
1343	25	
1344	36	
1345	56	
1346	83	
1347	65	
1348	88	
1349	37	
1350	55	
1351	29	
1352	19	
1353	32	
1354	82	
1355	90	
1356	42	
1357	26	
1358	12	
1359	14	
1360	68	
1361	46	
1362	81	
1363	59	
1364	7	
1365	83	
1366	71	
1367	87	
1368	38	
1369	37	
1370	26	
1371	15	
1372	19	
1373	44	
1374	42	
1375	38	
1376	48	
1377	6	
1378	21	
1379	5	
1380	70	
1381	7	
1382	22	
1383	66	
1384	19	
1385	72	
1386	38	
1387	58	
1388	37	
1389	51	
1390	63	
1391	29	
1392	74	
1393	67	
1394	86	
1395	94	
1396	45	
1397	90	
1398	51	
1399	90	
1400	12	
1401	55	
1402	25	
1403	59	
1404	98	
1405	58	
1406	41	
1407	82	
1408	3	
1409	37	
1410	92	
1411	48	
1412	52	
1413	78	
1414	47	
1415	22	
1416	22	
1417	17	
1418	28	
1419	6	
1420	8	
1421	73	
1422	24	
1423	63	
1424	83	
1425	8	
1426	44	
1427	81	
1428	19	
1429	24	
1430	41	
1431	79	
1432	29	
1433	90	
1434	66	
1435	78	
1436	44	
1437	72	
1438	27	
1439	21	
1440	66	
1441	52	
1442	41	
1443	97	
1444	34	
1445	77	
1446	42	
1447	5	
1448	60	
1449	43	
1450	31	
1451	8	
1452	78	
1453	39	
1454	26	
1455	59	
1456	11	
1457	73	
1458	31	
1459	65	
1460	36	
1461	12	
1462	97	
1463	63	
1464	25	
1465	66	
1466	8	
1467	60	
1468	62	
1469	62	
1470	46	
1471	39	
1472	28	
1473	16	
1474	43	
1475	17	
1476	51	
1477	65	
1478	98	
1479	98	
1480	39	
1481	61	
1482	48	
1483	25	
1484	60	
1485	50	
1486	42	
1487	46	
1488	60	
1489	4	
1490	89	
1491	81	
1492	25	
1493	4	
1494	14	
1495	33	
1496	97	
1497	39	
1498	87	
1499	40	
1500	92	
1501	82	
1502	30	
1503	55	
1504	98	
1505	81	
1506	47	
1507	52	
1508	52	
1509	61	
1510	72	
1511	69	
1512	61	
1513	100	
1514	46	
1515	64	
1516	46	
1517	46	
1518	87	
1519	79	
1520	51	
1521	79	
1522	43	
1523	39	
1524	46	
1525	41	
1526	57	
1527	98	
1528	89	
1529	100	
1530	73	
1531	42	
1532	30	
1533	10	
1534	45	
1535	94	
1536	80	
1537	90	
1538	73	
1539	29	
1540	4	
1541	94	
1542	8	
1543	28	
1544	58	
1545	87	
1546	83	
1547	14	
1548	87	
1549	78	
1550	6	
1551	35	
1552	83	
1553	10	
1554	96	
1555	63	
1556	26	
1557	26	
1558	98	
1559	74	
1560	60	
1561	10	
1562	92	
1563	8	
1564	79	
1565	26	
1566	32	
1567	19	
1568	33	
1569	96	
1570	72	
1571	53	
1572	56	
1573	4	
1574	93	
1575	1	
1576	27	
1577	67	
1578	28	
1579	43	
1580	8	
1581	71	
1582	51	
1583	38	
1584	78	
1585	34	
1586	58	
1587	71	
1588	50	
1589	68	
1590	16	
1591	92	
1592	19	
1593	20	
1594	56	
1595	8	
1596	12	
1597	35	
1598	42	
1599	31	
1600	86	
1601	30	
1602	5	
1603	28	
1604	4	
1605	22	
1606	8	
1607	17	
1608	52	
1609	100	
1610	64	
1611	98	
1612	53	
1613	76	
1614	33	
1615	27	
1616	57	
1617	11	
1618	14	
1619	21	
1620	9	
1621	35	
1622	19	
1623	69	
1624	94	
1625	75	
1626	26	
1627	34	
1628	28	
1629	65	
1630	49	
1631	70	
1632	22	
1633	89	
1634	36	
1635	33	
1636	27	
1637	89	
1638	5	
1639	59	
1640	1	
1641	57	
1642	29	
1643	32	
1644	77	
1645	94	
1646	33	
1647	3	
1648	31	
1649	1	
1650	87	
1651	25	
1652	28	
1653	14	
1654	17	
1655	29	
1656	96	
1657	26	
1658	2	
1659	7	
1660	48	
1661	67	
1662	58	
1663	95	
1664	47	
1665	93	
1666	68	
1667	65	
1668	98	
1669	21	
1670	31	
1671	72	
1672	25	
1673	47	
1674	39	
1675	84	
1676	77	
1677	69	
1678	31	
1679	78	
1680	93	
1681	95	
1682	26	
1683	72	
1684	83	
1685	90	
1686	60	
1687	59	
1688	78	
1689	95	
1690	64	
1691	35	
1692	7	
1693	34	
1694	100	
1695	15	
1696	26	
1697	37	
1698	78	
1699	99	
1700	28	
1701	97	
1702	43	
1703	43	
1704	44	
1705	77	
1706	71	
1707	76	
1708	48	
1709	28	
1710	78	
1711	43	
1712	71	
1713	53	
1714	91	
1715	58	
1716	5	
1717	34	
1718	88	
1719	8	
1720	4	
1721	67	
1722	35	
1723	38	
1724	55	
1725	34	
1726	12	
1727	33	
1728	14	
1729	78	
1730	17	
1731	96	
1732	2	
1733	42	
1734	36	
1735	37	
1736	8	
1737	73	
1738	41	
1739	9	
1740	91	
1741	48	
1742	15	
1743	91	
1744	12	
1745	21	
1746	21	
1747	90	
1748	79	
1749	60	
1750	7	
1751	52	
1752	93	
1753	33	
1754	59	
1755	35	
1756	85	
1757	94	
1758	98	
1759	7	
1760	65	
1761	12	
1762	22	
1763	84	
1764	56	
1765	7	
1766	99	
1767	90	
1768	55	
1769	92	
1770	73	
1771	50	
1772	2	
1773	29	
1774	21	
1775	9	
1776	5	
1777	41	
1778	93	
1779	94	
1780	57	
1781	29	
1782	54	
1783	30	
1784	65	
1785	47	
1786	30	
1787	6	
1788	12	
1789	19	
1790	89	
1791	18	
1792	43	
1793	34	
1794	1	
1795	55	
1796	81	
1797	65	
1798	68	
1799	30	
1800	53	
1801	81	
1802	54	
1803	53	
1804	36	
1805	78	
1806	41	
1807	38	
1808	85	
1809	33	
1810	63	
1811	35	
1812	94	
1813	40	
1814	40	
1815	86	
1816	62	
1817	10	
1818	86	
1819	45	
1820	70	
1821	45	
1822	42	
1823	13	
1824	58	
1825	41	
1826	1	
1827	59	
1828	34	
1829	68	
1830	46	
1831	96	
1832	43	
1833	22	
1834	69	
1835	54	
1836	42	
1837	56	
1838	71	
1839	74	
1840	93	
1841	42	
1842	54	
1843	63	
1844	91	
1845	3	
1846	59	
1847	78	
1848	58	
1849	85	
1850	27	
1851	34	
1852	16	
1853	27	
1854	56	
1855	90	
1856	44	
1857	69	
1858	35	
1859	35	
1860	55	
1861	67	
1862	90	
1863	24	
1864	33	
1865	43	
1866	89	
1867	38	
1868	95	
1869	94	
1870	62	
1871	56	
1872	89	
1873	48	
1874	14	
1875	94	
1876	39	
1877	2	
1878	40	
1879	36	
1880	58	
1881	17	
1882	38	
1883	41	
1884	53	
1885	78	
1886	61	
1887	9	
1888	21	
1889	65	
1890	71	
1891	77	
1892	59	
1893	47	
1894	4	
1895	52	
1896	35	
1897	10	
1898	79	
1899	93	
1900	49	
1901	21	
1902	75	
1903	53	
1904	92	
1905	26	
1906	89	
1907	84	
1908	51	
1909	63	
1910	38	
1911	56	
1912	41	
1913	70	
1914	15	
1915	15	
1916	66	
1917	29	
1918	42	
1919	76	
1920	62	
1921	5	
1922	76	
1923	82	
1924	35	
1925	20	
1926	99	
1927	78	
1928	28	
1929	1	
1930	55	
1931	7	
1932	1	
1933	33	
1934	58	
1935	21	
1936	31	
1937	85	
1938	53	
1939	100	
1940	27	
1941	63	
1942	66	
1943	80	
1944	80	
1945	19	
1946	70	
1947	56	
1948	11	
1949	89	
1950	22	
1951	56	
1952	15	
1953	43	
1954	87	
1955	54	
1956	99	
1957	37	
1958	60	
1959	82	
1960	16	
1961	72	
1962	76	
1963	51	
1964	18	
1965	57	
1966	34	
1967	55	
1968	98	
1969	9	
1970	47	
1971	99	
1972	10	
1973	41	
1974	44	
1975	13	
1976	58	
1977	17	
1978	38	
1979	75	
1980	23	
1981	30	
1982	99	
1983	40	
1984	44	
1985	41	
1986	83	
1987	68	
1988	26	
1989	3	
1990	90	
1991	69	
1992	77	
1993	24	
1994	75	
1995	98	
1996	26	
1997	14	
1998	48	
1999	32	
2000	68	
2001	61	
2002	94	
2003	80	
2004	29	
2005	31	
2006	19	
2007	86	
2008	64	
2009	11	
2010	51	
2011	6	
2012	43	
2013	31	
2014	1	
2015	38	
2016	84	
2017	7	
2018	22	
2019	100	
2020	81	
2021	17	
2022	42	
2023	15	
2024	33	
2025	17	
2026	15	
2027	83	
2028	57	
2029	76	
2030	31	
2031	91	
2032	42	
2033	58	
2034	15	
2035	48	
2036	72	
2037	42	
2038	100	
2039	33	
2040	86	
2041	82	
2042	23	
2043	82	
2044	42	
2045	25	
2046	70	
2047	55	
2048	59	
2049	3	
2050	93	
2051	24	
2052	67	
2053	12	
2054	88	
2055	31	
2056	76	
2057	26	
2058	57	
2059	39	
2060	73	
2061	18	
2062	72	
2063	45	
2064	36	
2065	100	
2066	61	
2067	31	
2068	10	
2069	69	
2070	74	
2071	95	
2072	23	
2073	34	
2074	43	
2075	74	
2076	73	
2077	76	
2078	12	
2079	34	
2080	7	
2081	34	
2082	83	
2083	6	
2084	41	
2085	64	
2086	35	
2087	83	
2088	24	
2089	88	
2090	41	
2091	46	
2092	84	
2093	61	
2094	51	
2095	34	
2096	41	
2097	58	
2098	5	
2099	64	
2100	100	
2101	1	
2102	38	
2103	15	
2104	20	
2105	14	
2106	94	
2107	43	
2108	76	
2109	3	
2110	71	
2111	88	
2112	66	
2113	7	
2114	42	
2115	30	
2116	31	
2117	64	
2118	8	
2119	80	
2120	14	
2121	67	
2122	18	
2123	75	
2124	86	
2125	33	
2126	95	
2127	9	
2128	97	
2129	41	
2130	55	
2131	48	
2132	77	
2133	54	
2134	88	
2135	58	
2136	93	
2137	23	
2138	18	
2139	96	
2140	42	
2141	75	
2142	12	
2143	69	
2144	88	
2145	88	
2146	86	
2147	21	
2148	24	
2149	1	
2150	2	
2151	84	
2152	81	
2153	82	
2154	65	
2155	27	
2156	68	
2157	93	
2158	41	
2159	27	
2160	82	
2161	8	
2162	15	
2163	95	
2164	30	
2165	47	
2166	11	
2167	52	
2168	81	
2169	65	
2170	4	
2171	79	
2172	12	
2173	11	
2174	7	
2175	32	
2176	94	
2177	22	
2178	84	
2179	91	
2180	65	
2181	7	
2182	35	
2183	55	
2184	79	
2185	6	
2186	98	
2187	49	
2188	74	
2189	65	
2190	49	
2191	92	
2192	46	
2193	52	
2194	24	
2195	64	
2196	27	
2197	29	
2198	72	
2199	64	
2200	21	
2201	23	
2202	83	
2203	89	
2204	54	
2205	4	
2206	39	
2207	26	
2208	60	
2209	84	
2210	80	
2211	40	
2212	69	
2213	13	
2214	64	
2215	37	
2216	85	
2217	7	
2218	44	
2219	86	
2220	79	
2221	47	
2222	94	
2223	83	
2224	29	
2225	89	
2226	46	
2227	39	
2228	59	
2229	59	
2230	15	
2231	71	
2232	5	
2233	94	
2234	92	
2235	61	
2236	31	
2237	2	
2238	33	
2239	39	
2240	97	
2241	15	
2242	62	
2243	75	
2244	41	
2245	76	
2246	32	
2247	41	
2248	94	
2249	20	
2250	40	
2251	90	
2252	29	
2253	53	
2254	77	
2255	69	
2256	37	
2257	26	
2258	34	
2259	30	
2260	91	
2261	71	
2262	23	
2263	72	
2264	76	
2265	37	
2266	95	
2267	40	
2268	68	
2269	40	
2270	69	
2271	50	
2272	18	
2273	47	
2274	5	
2275	85	
2276	65	
2277	51	
2278	1	
2279	48	
2280	51	
2281	78	
2282	82	
2283	28	
2284	33	
2285	7	
2286	13	
2287	61	
2288	63	
2289	68	
2290	36	
2291	83	
2292	87	
2293	70	
2294	53	
2295	64	
2296	31	
2297	81	
2298	15	
2299	94	
2300	36	
2301	55	
2302	86	
2303	55	
2304	91	
2305	67	
2306	73	
2307	37	
2308	96	
2309	3	
2310	19	
2311	61	
2312	67	
2313	52	
2314	97	
2315	37	
2316	97	
2317	62	
2318	27	
2319	4	
2320	98	
2321	55	
2322	92	
2323	3	
2324	78	
2325	35	
2326	76	
2327	95	
2328	29	
2329	46	
2330	85	
2331	78	
2332	48	
2333	50	
2334	37	
2335	8	
2336	75	
2337	68	
2338	76	
2339	32	
2340	35	
2341	44	
2342	40	
2343	97	
2344	28	
2345	95	
2346	65	
2347	93	
2348	81	
2349	66	
2350	27	
2351	50	
2352	76	
2353	2	
2354	17	
2355	33	
2356	65	
2357	28	
2358	21	
2359	64	
2360	63	
2361	31	
2362	57	
2363	1	
2364	64	
2365	74	
2366	2	
2367	3	
2368	55	
2369	81	
2370	100	
2371	65	
2372	82	
2373	73	
2374	50	
2375	4	
2376	87	
2377	23	
2378	16	
2379	35	
2380	49	
2381	7	
2382	8	
2383	30	
2384	62	
2385	18	
2386	12	
2387	14	
2388	19	
2389	73	
2390	44	
2391	88	
2392	5	
2393	9	
2394	74	
2395	71	
2396	59	
2397	15	
2398	20	
2399	92	
2400	3	
2401	11	
2402	93	
2403	58	
2404	92	
2405	99	
2406	17	
2407	25	
2408	95	
2409	31	
2410	28	
2411	32	
2412	12	
2413	44	
2414	67	
2415	49	
2416	19	
2417	54	
2418	88	
2419	37	
2420	97	
2421	4	
2422	9	
2423	39	
2424	50	
2425	84	
2426	57	
2427	47	
2428	14	
2429	53	
2430	83	
2431	9	
2432	78	
2433	90	
2434	68	
2435	100	
2436	58	
2437	86	
2438	58	
2439	5	
2440	18	
2441	92	
2442	97	
2443	8	
2444	3	
2445	46	
2446	20	
2447	35	
2448	20	
2449	55	
2450	90	
2451	71	
2452	19	
2453	90	
2454	71	
2455	24	
2456	31	
2457	19	
2458	97	
2459	50	
2460	5	
2461	75	
2462	41	
2463	44	
2464	25	
2465	29	
2466	65	
2467	6	
2468	80	
2469	65	
2470	49	
2471	16	
2472	49	
2473	5	
2474	21	
2475	46	
2476	93	
2477	84	
2478	90	
2479	55	
2480	45	
2481	41	
2482	94	
2483	88	
2484	20	
2485	94	
2486	34	
2487	12	
2488	43	
2489	19	
2490	27	
2491	83	
2492	11	
2493	69	
2494	20	
2495	45	
2496	47	
2497	57	
2498	28	
2499	78	
2500	85	
2501	5	
2502	62	
2503	89	
2504	43	
2505	11	
2506	25	
2507	39	
2508	87	
2509	99	
2510	62	
2511	94	
2512	13	
2513	19	
2514	67	
2515	76	
2516	45	
2517	98	
2518	63	
2519	30	
2520	27	
2521	71	
2522	27	
2523	39	
2524	33	
2525	97	
2526	100	
2527	29	
2528	17	
2529	6	
2530	88	
2531	85	
2532	65	
2533	41	
2534	56	
2535	25	
2536	57	
2537	26	
2538	84	
2539	66	
2540	69	
2541	71	
2542	39	
2543	91	
2544	57	
2545	2	
2546	34	
2547	86	
2548	18	
2549	91	
2550	58	
2551	8	
2552	27	
2553	64	
2554	76	
2555	74	
2556	35	
2557	61	
2558	15	
2559	4	
2560	47	
2561	47	
2562	18	
2563	58	
2564	26	
2565	26	
2566	99	
2567	91	
2568	10	
2569	30	
2570	76	
2571	68	
2572	74	
2573	3	
2574	14	
2575	99	
2576	28	
2577	86	
2578	58	
2579	62	
2580	22	
2581	76	
2582	3	
2583	15	
2584	51	
2585	6	
2586	35	
2587	47	
2588	24	
2589	73	
2590	43	
2591	41	
2592	52	
2593	77	
2594	97	
2595	38	
2596	90	
2597	32	
2598	25	
2599	12	
2600	100	
2601	66	
2602	18	
2603	41	
2604	55	
2605	28	
2606	19	
2607	42	
2608	51	
2609	46	
2610	41	
2611	81	
2612	46	
2613	74	
2614	57	
2615	74	
2616	34	
2617	8	
2618	72	
2619	79	
2620	72	
2621	74	
2622	44	
2623	37	
2624	57	
2625	72	
2626	34	
2627	5	
2628	81	
2629	78	
2630	75	
2631	44	
2632	32	
2633	62	
2634	1	
2635	56	
2636	80	
2637	13	
2638	53	
2639	47	
2640	46	
2641	3	
2642	68	
2643	35	
2644	33	
2645	73	
2646	76	
2647	15	
2648	44	
2649	31	
2650	18	
2651	46	
2652	33	
2653	36	
2654	75	
2655	12	
2656	38	
2657	87	
2658	4	
2659	38	
2660	9	
2661	5	
2662	40	
2663	82	
2664	17	
2665	3	
2666	50	
2667	62	
2668	28	
2669	87	
2670	17	
2671	87	
2672	64	
2673	20	
2674	94	
2675	60	
2676	48	
2677	84	
2678	38	
2679	70	
2680	19	
2681	99	
2682	18	
2683	87	
2684	69	
2685	66	
2686	88	
2687	85	
2688	94	
2689	2	
2690	5	
2691	74	
2692	52	
2693	33	
2694	18	
2695	15	
2696	25	
2697	33	
2698	85	
2699	30	
2700	60	
2701	22	
2702	23	
2703	22	
2704	82	
2705	58	
2706	61	
2707	91	
2708	63	
2709	28	
2710	33	
2711	8	
2712	80	
2713	19	
2714	67	
2715	3	
2716	100	
2717	17	
2718	38	
2719	57	
2720	22	
2721	39	
2722	62	
2723	56	
2724	38	
2725	53	
2726	94	
2727	7	
2728	49	
2729	92	
2730	57	
2731	45	
2732	83	
2733	37	
2734	78	
2735	79	
2736	16	
2737	57	
2738	97	
2739	17	
2740	37	
2741	68	
2742	17	
2743	49	
2744	18	
2745	64	
2746	74	
2747	49	
2748	11	
2749	25	
2750	46	
2751	8	
2752	57	
2753	28	
2754	62	
2755	45	
2756	60	
2757	62	
2758	7	
2759	33	
2760	4	
2761	47	
2762	79	
2763	15	
2764	54	
2765	57	
2766	99	
2767	71	
2768	85	
2769	40	
2770	80	
2771	61	
2772	87	
2773	65	
2774	20	
2775	17	
2776	11	
2777	21	
2778	39	
2779	62	
2780	26	
2781	97	
2782	84	
2783	5	
2784	80	
2785	57	
2786	35	
2787	9	
2788	58	
2789	39	
2790	62	
2791	69	
2792	91	
2793	11	
2794	86	
2795	79	
2796	69	
2797	86	
2798	61	
2799	85	
2800	54	
2801	40	
2802	44	
2803	52	
2804	45	
2805	91	
2806	31	
2807	87	
2808	44	
2809	3	
2810	25	
2811	66	
2812	85	
2813	18	
2814	7	
2815	73	
2816	75	
2817	16	
2818	6	
2819	3	
2820	71	
2821	97	
2822	83	
2823	73	
2824	86	
2825	87	
2826	55	
2827	10	
2828	83	
2829	95	
2830	25	
2831	94	
2832	79	
2833	29	
2834	73	
2835	90	
2836	30	
2837	58	
2838	89	
2839	72	
2840	4	
2841	70	
2842	73	
2843	32	
2844	87	
2845	20	
2846	80	
2847	83	
2848	17	
2849	51	
2850	62	
2851	84	
2852	96	
2853	28	
2854	77	
2855	35	
2856	76	
2857	76	
2858	26	
2859	40	
2860	85	
2861	69	
2862	75	
2863	62	
2864	7	
2865	58	
2866	88	
2867	86	
2868	63	
2869	1	
2870	20	
2871	75	
2872	72	
2873	13	
2874	99	
2875	9	
2876	57	
2877	54	
2878	71	
2879	88	
2880	3	
2881	10	
2882	76	
2883	20	
2884	65	
2885	35	
2886	29	
2887	40	
2888	26	
2889	82	
2890	47	
2891	80	
2892	38	
2893	15	
2894	14	
2895	76	
2896	62	
2897	67	
2898	57	
2899	65	
2900	47	
2901	36	
2902	73	
2903	61	
2904	96	
2905	97	
2906	18	
2907	13	
2908	10	
2909	97	
2910	99	
2911	44	
2912	9	
2913	10	
2914	92	
2915	22	
2916	25	
2917	15	
2918	91	
2919	95	
2920	83	
2921	48	
2922	25	
2923	83	
2924	79	
2925	50	
2926	35	
2927	89	
2928	70	
2929	62	
2930	15	
2931	11	
2932	51	
2933	72	
2934	31	
2935	37	
2936	47	
2937	30	
2938	39	
2939	19	
2940	83	
2941	40	
2942	16	
2943	74	
2944	58	
2945	51	
2946	29	
2947	39	
2948	45	
2949	48	
2950	38	
2951	53	
2952	20	
2953	51	
2954	48	
2955	29	
2956	84	
2957	14	
2958	82	
2959	65	
2960	53	
2961	25	
2962	95	
2963	7	
2964	27	
2965	41	
2966	7	
2967	1	
2968	82	
2969	75	
2970	45	
2971	84	
2972	83	
2973	68	
2974	24	
2975	7	
2976	47	
2977	72	
2978	92	
2979	2	
2980	69	
2981	9	
2982	47	
2983	37	
2984	73	
2985	91	
2986	9	
2987	73	
2988	93	
2989	90	
2990	46	
2991	55	
2992	51	
2993	29	
2994	17	
2995	9	
2996	14	
2997	31	
2998	1	
2999	31	
3000	17	
3001	45	
3002	73	
3003	71	
3004	48	
3005	37	
3006	77	
3007	14	
3008	31	
3009	78	
3010	48	
3011	56	
3012	88	
3013	39	
3014	77	
3015	24	
3016	45	
3017	75	
3018	48	
3019	91	
3020	1	
3021	3	
3022	60	
3023	12	
3024	82	
3025	33	
3026	56	
3027	99	
3028	85	
3029	89	
3030	100	
3031	23	
3032	15	
3033	91	
3034	71	
3035	33	
3036	52	
3037	10	
3038	75	
3039	80	
3040	87	
3041	77	
3042	18	
3043	73	
3044	82	
3045	25	
3046	9	
3047	94	
3048	85	
3049	27	
3050	9	
3051	17	
3052	4	
3053	97	
3054	63	
3055	91	
3056	27	
3057	10	
3058	1	
3059	43	
3060	64	
3061	44	
3062	21	
3063	62	
3064	36	
3065	67	
3066	90	
3067	22	
3068	7	
3069	24	
3070	52	
3071	21	
3072	67	
3073	32	
3074	74	
3075	56	
3076	69	
3077	100	
3078	63	
3079	43	
3080	5	
3081	45	
3082	99	
3083	9	
3084	24	
3085	23	
3086	72	
3087	45	
3088	85	
3089	67	
3090	44	
3091	66	
3092	10	
3093	71	
3094	95	
3095	64	
3096	2	
3097	46	
3098	31	
3099	93	
3100	46	
3101	91	
3102	30	
3103	8	
3104	90	
3105	24	
3106	47	
3107	38	
3108	59	
3109	48	
3110	18	
3111	62	
3112	88	
3113	95	
3114	75	
3115	3	
3116	74	
3117	86	
3118	19	
3119	50	
3120	26	
3121	98	
3122	72	
3123	87	
3124	56	
3125	91	
3126	15	
3127	84	
3128	63	
3129	15	
3130	54	
3131	39	
3132	89	
3133	46	
3134	37	
3135	30	
3136	17	
3137	72	
3138	14	
3139	47	
3140	80	
3141	24	
3142	87	
3143	63	
3144	31	
3145	77	
3146	80	
3147	17	
3148	53	
3149	54	
3150	51	
3151	13	
3152	59	
3153	88	
3154	18	
3155	63	
3156	9	
3157	68	
3158	5	
3159	35	
3160	43	
3161	12	
3162	46	
3163	20	
3164	51	
3165	25	
3166	42	
3167	39	
3168	71	
3169	29	
3170	79	
3171	86	
3172	70	
3173	89	
3174	21	
3175	40	
3176	21	
3177	9	
3178	99	
3179	72	
3180	95	
3181	38	
3182	37	
3183	39	
3184	75	
3185	80	
3186	93	
3187	57	
3188	30	
3189	21	
3190	48	
3191	69	
3192	92	
3193	41	
3194	68	
3195	27	
3196	85	
3197	30	
3198	41	
3199	26	
3200	86	
3201	27	
3202	25	
3203	80	
3204	11	
3205	55	
3206	22	
3207	27	
3208	67	
3209	65	
3210	76	
3211	27	
3212	33	
3213	18	
3214	5	
3215	60	
3216	43	
3217	8	
3218	58	
3219	6	
3220	3	
3221	55	
3222	21	
3223	65	
3224	36	
3225	43	
3226	91	
3227	81	
3228	27	
3229	91	
3230	65	
3231	12	
3232	43	
3233	90	
3234	25	
3235	72	
3236	59	
3237	41	
3238	47	
3239	16	
3240	89	
3241	21	
3242	86	
3243	64	
3244	78	
3245	4	
3246	58	
3247	59	
3248	7	
3249	92	
3250	69	
3251	2	
3252	23	
3253	49	
3254	4	
3255	44	
3256	15	
3257	82	
3258	12	
3259	69	
3260	48	
3261	45	
3262	99	
3263	33	
3264	17	
3265	9	
3266	22	
3267	48	
3268	99	
3269	52	
3270	7	
3271	4	
3272	78	
3273	86	
3274	90	
3275	56	
3276	7	
3277	86	
3278	45	
3279	5	
3280	74	
3281	46	
3282	37	
3283	53	
3284	15	
3285	60	
3286	36	
3287	77	
3288	62	
3289	38	
3290	75	
3291	80	
3292	29	
3293	31	
3294	15	
3295	4	
3296	66	
3297	32	
3298	13	
3299	57	
3300	43	
3301	95	
3302	8	
3303	39	
3304	59	
3305	68	
3306	23	
3307	82	
3308	60	
3309	68	
3310	57	
3311	81	
3312	89	
3313	40	
3314	47	
3315	26	
3316	43	
3317	80	
3318	54	
3319	25	
3320	57	
3321	18	
3322	51	
3323	6	
3324	37	
3325	46	
3326	56	
3327	38	
3328	54	
3329	12	
3330	6	
3331	10	
3332	22	
3333	95	
3334	59	
3335	28	
3336	32	
3337	18	
3338	22	
3339	63	
3340	60	
3341	43	
3342	55	
3343	40	
3344	31	
3345	34	
3346	90	
3347	37	
3348	82	
3349	73	
3350	17	
3351	76	
3352	87	
3353	82	
3354	45	
3355	2	
3356	81	
3357	9	
3358	51	
3359	86	
3360	31	
3361	73	
3362	24	
3363	33	
3364	53	
3365	88	
3366	91	
3367	17	
3368	4	
3369	89	
3370	99	
3371	99	
3372	88	
3373	3	
3374	11	
3375	26	
3376	29	
3377	85	
3378	8	
3379	75	
3380	77	
3381	2	
3382	27	
3383	54	
3384	25	
3385	28	
3386	100	
3387	17	
3388	9	
3389	45	
3390	76	
3391	29	
3392	71	
3393	83	
3394	84	
3395	78	
3396	100	
3397	45	
3398	45	
3399	19	
3400	4	
3401	41	
3402	81	
3403	33	
3404	16	
3405	40	
3406	4	
3407	47	
3408	27	
3409	29	
3410	94	
3411	4	
3412	83	
3413	95	
3414	25	
3415	81	
3416	7	
3417	78	
3418	74	
3419	31	
3420	84	
3421	26	
3422	86	
3423	83	
3424	22	
3425	37	
3426	42	
3427	10	
3428	78	
3429	11	
3430	64	
3431	80	
3432	99	
3433	29	
3434	73	
3435	70	
3436	19	
3437	25	
3438	79	
3439	9	
3440	68	
3441	26	
3442	71	
3443	72	
3444	89	
3445	1	
3446	82	
3447	20	
3448	48	
3449	48	
3450	64	
3451	55	
3452	19	
3453	20	
3454	13	
3455	27	
3456	25	
3457	16	
3458	81	
3459	93	
3460	84	
3461	46	
3462	53	
3463	24	
3464	22	
3465	90	
3466	11	
3467	53	
3468	78	
3469	99	
3470	76	
3471	35	
3472	1	
3473	67	
3474	69	
3475	38	
3476	43	
3477	64	
3478	32	
3479	5	
3480	89	
3481	75	
3482	69	
3483	46	
3484	62	
3485	18	
3486	63	
3487	86	
3488	44	
3489	95	
3490	90	
3491	99	
3492	65	
3493	29	
3494	52	
3495	87	
3496	69	
3497	48	
3498	54	
3499	72	
3500	16	
3501	9	
3502	62	
3503	11	
3504	26	
3505	40	
3506	20	
3507	51	
3508	52	
3509	72	
3510	75	
3511	5	
3512	82	
3513	87	
3514	39	
3515	31	
3516	64	
3517	56	
3518	42	
3519	23	
3520	3	
3521	19	
3522	24	
3523	19	
3524	99	
3525	89	
3526	65	
3527	48	
3528	55	
3529	26	
3530	11	
3531	4	
3532	30	
3533	80	
3534	34	
3535	30	
3536	26	
3537	71	
3538	18	
3539	50	
3540	77	
3541	96	
3542	96	
3543	88	
3544	22	
3545	60	
3546	99	
3547	47	
3548	46	
3549	20	
3550	26	
3551	99	
3552	85	
3553	40	
3554	100	
3555	45	
3556	63	
3557	25	
3558	7	
3559	88	
3560	29	
3561	77	
3562	58	
3563	96	
3564	44	
3565	87	
3566	79	
3567	19	
3568	94	
3569	50	
3570	29	
3571	80	
3572	58	
3573	17	
3574	83	
3575	5	
3576	98	
3577	73	
3578	88	
3579	42	
3580	27	
3581	27	
3582	17	
3583	2	
3584	58	
3585	17	
3586	50	
3587	63	
3588	100	
3589	14	
3590	18	
3591	86	
3592	63	
3593	28	
3594	46	
3595	86	
3596	25	
3597	84	
3598	94	
3599	52	
3600	90	
3601	61	
3602	33	
3603	57	
3604	86	
3605	46	
3606	76	
3607	80	
3608	5	
3609	34	
3610	55	
3611	39	
3612	28	
3613	20	
3614	85	
3615	16	
3616	48	
3617	35	
3618	73	
3619	55	
3620	16	
3621	12	
3622	76	
3623	63	
3624	36	
3625	76	
3626	87	
3627	62	
3628	10	
3629	61	
3630	83	
3631	2	
3632	85	
3633	25	
3634	67	
3635	8	
3636	2	
3637	12	
3638	18	
3639	71	
3640	24	
3641	65	
3642	15	
3643	59	
3644	73	
3645	29	
3646	46	
3647	32	
3648	21	
3649	17	
3650	30	
3651	17	
3652	59	
3653	74	
3654	87	
3655	3	
3656	45	
3657	65	
3658	35	
3659	5	
3660	38	
3661	54	
3662	93	
3663	92	
3664	99	
3665	10	
3666	79	
3667	18	
3668	97	
3669	23	
3670	10	
3671	32	
3672	3	
3673	44	
3674	82	
3675	66	
3676	10	
3677	75	
3678	37	
3679	98	
3680	49	
3681	24	
3682	61	
3683	86	
3684	59	
3685	45	
3686	75	
3687	13	
3688	25	
3689	98	
3690	100	
3691	67	
3692	15	
3693	64	
3694	37	
3695	3	
3696	74	
3697	95	
3698	92	
3699	39	
3700	84	
3701	14	
3702	3	
3703	91	
3704	53	
3705	15	
3706	89	
3707	7	
3708	45	
3709	9	
3710	14	
3711	95	
3712	73	
3713	52	
3714	45	
3715	86	
3716	61	
3717	93	
3718	45	
3719	26	
3720	29	
3721	96	
3722	6	
3723	4	
3724	10	
3725	47	
3726	59	
3727	58	
3728	24	
3729	54	
3730	99	
3731	14	
3732	71	
3733	90	
3734	26	
3735	62	
3736	79	
3737	72	
3738	47	
3739	91	
3740	37	
3741	4	
3742	48	
3743	67	
3744	73	
3745	92	
3746	23	
3747	29	
3748	12	
3749	25	
3750	5	
3751	34	
3752	17	
3753	38	
3754	27	
3755	11	
3756	46	
3757	62	
3758	30	
3759	11	
3760	45	
3761	52	
3762	96	
3763	63	
3764	5	
3765	10	
3766	94	
3767	70	
3768	28	
3769	72	
3770	98	
3771	49	
3772	56	
3773	12	
3774	100	
3775	74	
3776	64	
3777	5	
3778	50	
3779	30	
3780	54	
3781	10	
3782	42	
3783	68	
3784	20	
3785	81	
3786	20	
3787	45	
3788	33	
3789	30	
3790	35	
3791	47	
3792	39	
3793	47	
3794	94	
3795	80	
3796	31	
3797	31	
3798	21	
3799	2	
3800	1	
3801	6	
3802	98	
3803	82	
3804	55	
3805	64	
3806	54	
3807	35	
3808	3	
3809	67	
3810	12	
3811	86	
3812	84	
3813	7	
3814	77	
3815	1	
3816	51	
3817	41	
3818	92	
3819	81	
3820	71	
3821	63	
3822	49	
3823	54	
3824	39	
3825	63	
3826	90	
3827	95	
3828	5	
3829	85	
3830	45	
3831	64	
3832	38	
3833	40	
3834	89	
3835	14	
3836	94	
3837	33	
3838	49	
3839	75	
3840	46	
3841	5	
3842	46	
3843	76	
3844	85	
3845	9	
3846	66	
3847	60	
3848	42	
3849	34	
3850	97	
3851	100	
3852	62	
3853	44	
3854	45	
3855	35	
3856	72	
3857	72	
3858	96	
3859	45	
3860	74	
3861	96	
3862	22	
3863	81	
3864	35	
3865	47	
3866	53	
3867	96	
3868	48	
3869	91	
3870	46	
3871	81	
3872	80	
3873	80	
3874	83	
3875	57	
3876	54	
3877	8	
3878	76	
3879	50	
3880	88	
3881	71	
3882	36	
3883	82	
3884	88	
3885	78	
3886	47	
3887	22	
3888	100	
3889	29	
3890	27	
3891	5	
3892	15	
3893	75	
3894	77	
3895	8	
3896	67	
3897	38	
3898	22	
3899	41	
3900	53	
3901	93	
3902	89	
3903	22	
3904	14	
3905	91	
3906	1	
3907	28	
3908	59	
3909	59	
3910	20	
3911	43	
3912	42	
3913	36	
3914	80	
3915	18	
3916	45	
3917	56	
3918	67	
3919	5	
3920	52	
3921	43	
3922	24	
3923	52	
3924	51	
3925	70	
3926	18	
3927	46	
3928	30	
3929	58	
3930	53	
3931	4	
3932	35	
3933	20	
3934	85	
3935	42	
3936	84	
3937	80	
3938	20	
3939	19	
3940	31	
3941	67	
3942	42	
3943	70	
3944	3	
3945	7	
3946	38	
3947	25	
3948	10	
3949	75	
3950	19	
3951	62	
3952	7	
3953	33	
3954	10	
3955	1	
3956	51	
3957	26	
3958	8	
3959	63	
3960	85	
3961	50	
3962	54	
3963	47	
3964	88	
3965	79	
3966	3	
3967	36	
3968	13	
3969	68	
3970	13	
3971	28	
3972	67	
3973	32	
3974	89	
3975	92	
3976	76	
3977	93	
3978	10	
3979	26	
3980	31	
3981	75	
3982	98	
3983	77	
3984	94	
3985	20	
3986	74	
3987	53	
3988	75	
3989	23	
3990	68	
3991	54	
3992	28	
3993	76	
3994	93	
3995	35	
3996	68	
3997	83	
3998	74	
3999	37	
4000	94	
4001	30	
4002	4	
4003	67	
4004	86	
4005	1	
4006	26	
4007	21	
4008	33	
4009	53	
4010	75	
4011	2	
4012	75	
4013	39	
4014	14	
4015	95	
4016	41	
4017	60	
4018	72	
4019	12	
4020	6	
4021	53	
4022	14	
4023	32	
4024	3	
4025	97	
4026	97	
4027	75	
4028	8	
4029	64	
4030	7	
4031	60	
4032	26	
4033	64	
4034	1	
4035	97	
4036	1	
4037	51	
4038	64	
4039	56	
4040	57	
4041	89	
4042	86	
4043	45	
4044	3	
4045	4	
4046	88	
4047	4	
4048	59	
4049	12	
4050	23	
4051	42	
4052	9	
4053	27	
4054	81	
4055	4	
4056	1	
4057	24	
4058	86	
4059	49	
4060	28	
4061	77	
4062	74	
4063	11	
4064	22	
4065	74	
4066	83	
4067	38	
4068	8	
4069	9	
4070	20	
4071	29	
4072	69	
4073	50	
4074	10	
4075	26	
4076	31	
4077	82	
4078	63	
4079	68	
4080	65	
4081	49	
4082	40	
4083	70	
4084	99	
4085	42	
4086	2	
4087	51	
4088	55	
4089	31	
4090	98	
4091	66	
4092	24	
4093	3	
4094	54	
4095	3	
4096	22	
4097	33	
4098	98	
4099	73	
4100	83	
4101	8	
4102	10	
4103	30	
4104	53	
4105	99	
4106	4	
4107	34	
4108	86	
4109	48	
4110	41	
4111	38	
4112	86	
4113	91	
4114	54	
4115	20	
4116	18	
4117	1	
4118	84	
4119	17	
4120	48	
4121	67	
4122	39	
4123	25	
4124	11	
4125	13	
4126	32	
4127	55	
4128	17	
4129	37	
4130	88	
4131	47	
4132	41	
4133	88	
4134	29	
4135	13	
4136	52	
4137	33	
4138	44	
4139	13	
4140	37	
4141	43	
4142	47	
4143	14	
4144	19	
4145	1	
4146	15	
4147	42	
4148	23	
4149	65	
4150	28	
4151	73	
4152	49	
4153	51	
4154	1	
4155	43	
4156	86	
4157	53	
4158	71	
4159	21	
4160	96	
4161	30	
4162	43	
4163	36	
4164	14	
4165	20	
4166	82	
4167	99	
4168	27	
4169	92	
4170	10	
4171	22	
4172	80	
4173	74	
4174	100	
4175	74	
4176	48	
4177	88	
4178	36	
4179	53	
4180	53	
4181	34	
4182	34	
4183	24	
4184	38	
4185	64	
4186	21	
4187	91	
4188	88	
4189	80	
4190	44	
4191	5	
4192	99	
4193	43	
4194	63	
4195	71	
4196	35	
4197	85	
4198	81	
4199	67	
4200	21	
4201	87	
4202	97	
4203	58	
4204	50	
4205	3	
4206	61	
4207	60	
4208	28	
4209	83	
4210	28	
4211	16	
4212	82	
4213	35	
4214	77	
4215	50	
4216	66	
4217	10	
4218	79	
4219	99	
4220	90	
4221	25	
4222	19	
4223	37	
4224	25	
4225	45	
4226	37	
4227	89	
4228	32	
4229	27	
4230	5	
4231	70	
4232	92	
4233	43	
4234	77	
4235	85	
4236	16	
4237	67	
4238	65	
4239	80	
4240	88	
4241	63	
4242	77	
4243	89	
4244	7	
4245	29	
4246	50	
4247	42	
4248	10	
4249	84	
4250	83	
4251	12	
4252	87	
4253	2	
4254	27	
4255	54	
4256	67	
4257	11	
4258	29	
4259	29	
4260	93	
4261	5	
4262	11	
4263	99	
4264	5	
4265	52	
4266	27	
4267	26	
4268	29	
4269	93	
4270	98	
4271	35	
4272	84	
4273	96	
4274	27	
4275	81	
4276	39	
4277	11	
4278	21	
4279	61	
4280	1	
4281	67	
4282	40	
4283	77	
4284	13	
4285	92	
4286	17	
4287	95	
4288	100	
4289	82	
4290	27	
4291	52	
4292	89	
4293	16	
4294	34	
4295	91	
4296	95	
4297	89	
4298	27	
4299	30	
4300	42	
4301	43	
4302	5	
4303	81	
4304	71	
4305	5	
4306	56	
4307	39	
4308	7	
4309	14	
4310	81	
4311	59	
4312	65	
4313	58	
4314	22	
4315	68	
4316	50	
4317	38	
4318	45	
4319	6	
4320	85	
4321	74	
4322	54	
4323	70	
4324	9	
4325	23	
4326	67	
4327	58	
4328	71	
4329	86	
4330	53	
4331	80	
4332	79	
4333	97	
4334	1	
4335	26	
4336	94	
4337	75	
4338	81	
4339	12	
4340	70	
4341	66	
4342	95	
4343	51	
4344	11	
4345	50	
4346	7	
4347	2	
4348	14	
4349	93	
4350	10	
4351	72	
4352	34	
4353	54	
4354	59	
4355	86	
4356	4	
4357	11	
4358	82	
4359	8	
4360	16	
4361	33	
4362	100	
4363	85	
4364	79	
4365	92	
4366	40	
4367	85	
4368	29	
4369	94	
4370	45	
4371	24	
4372	6	
4373	15	
4374	19	
4375	17	
4376	62	
4377	39	
4378	17	
4379	86	
4380	62	
4381	48	
4382	69	
4383	92	
4384	34	
4385	27	
4386	29	
4387	49	
4388	63	
4389	84	
4390	42	
4391	68	
4392	16	
4393	72	
4394	61	
4395	16	
4396	91	
4397	64	
4398	3	
4399	42	
4400	35	
4401	45	
4402	10	
4403	2	
4404	96	
4405	28	
4406	20	
4407	59	
4408	8	
4409	64	
4410	36	
4411	61	
4412	30	
4413	52	
4414	94	
4415	79	
4416	98	
4417	92	
4418	65	
4419	75	
4420	14	
4421	97	
4422	40	
4423	70	
4424	72	
4425	16	
4426	19	
4427	23	
4428	3	
4429	61	
4430	1	
4431	27	
4432	96	
4433	9	
4434	69	
4435	91	
4436	35	
4437	85	
4438	74	
4439	55	
4440	13	
4441	58	
4442	81	
4443	26	
4444	65	
4445	5	
4446	60	
4447	65	
4448	54	
4449	42	
4450	26	
4451	15	
4452	28	
4453	23	
4454	39	
4455	60	
4456	16	
4457	24	
4458	95	
4459	96	
4460	94	
4461	14	
4462	83	
4463	6	
4464	86	
4465	85	
4466	57	
4467	43	
4468	89	
4469	51	
4470	15	
4471	5	
4472	55	
4473	1	
4474	84	
4475	47	
4476	12	
4477	71	
4478	32	
4479	77	
4480	73	
4481	61	
4482	74	
4483	62	
4484	10	
4485	66	
4486	89	
4487	88	
4488	47	
4489	53	
4490	21	
4491	51	
4492	52	
4493	32	
4494	8	
4495	39	
4496	75	
4497	30	
4498	87	
4499	9	
4500	91	
4501	90	
4502	49	
4503	19	
4504	31	
4505	40	
4506	96	
4507	65	
4508	95	
4509	89	
4510	25	
4511	20	
4512	36	
4513	76	
4514	86	
4515	91	
4516	7	
4517	57	
4518	39	
4519	6	
4520	69	
4521	94	
4522	12	
4523	77	
4524	95	
4525	94	
4526	90	
4527	39	
4528	31	
4529	36	
4530	99	
4531	10	
4532	12	
4533	22	
4534	76	
4535	70	
4536	56	
4537	36	
4538	87	
4539	27	
4540	37	
4541	51	
4542	72	
4543	73	
4544	86	
4545	4	
4546	85	
4547	35	
4548	36	
4549	33	
4550	80	
4551	95	
4552	100	
4553	56	
4554	17	
4555	38	
4556	17	
4557	57	
4558	86	
4559	98	
4560	56	
4561	54	
4562	56	
4563	45	
4564	85	
4565	2	
4566	50	
4567	17	
4568	72	
4569	48	
4570	26	
4571	23	
4572	23	
4573	3	
4574	49	
4575	46	
4576	24	
4577	21	
4578	73	
4579	10	
4580	73	
4581	9	
4582	30	
4583	59	
4584	90	
4585	83	
4586	59	
4587	49	
4588	79	
4589	88	
4590	15	
4591	36	
4592	3	
4593	1	
4594	75	
4595	43	
4596	61	
4597	59	
4598	96	
4599	82	
4600	68	
4601	1	
4602	15	
4603	85	
4604	36	
4605	90	
4606	75	
4607	48	
4608	70	
4609	18	
4610	87	
4611	55	
4612	90	
4613	38	
4614	49	
4615	45	
4616	51	
4617	94	
4618	19	
4619	51	
4620	84	
4621	97	
4622	35	
4623	44	
4624	35	
4625	49	
4626	100	
4627	48	
4628	94	
4629	56	
4630	17	
4631	42	
4632	31	
4633	51	
4634	86	
4635	3	
4636	53	
4637	35	
4638	63	
4639	34	
4640	3	
4641	68	
4642	2	
4643	91	
4644	26	
4645	4	
4646	63	
4647	19	
4648	8	
4649	94	
4650	45	
4651	16	
4652	97	
4653	29	
4654	15	
4655	6	
4656	78	
4657	61	
4658	54	
4659	87	
4660	21	
4661	34	
4662	27	
4663	40	
4664	26	
4665	29	
4666	11	
4667	51	
4668	2	
4669	52	
4670	84	
4671	86	
4672	44	
4673	95	
4674	75	
4675	38	
4676	57	
4677	6	
4678	90	
4679	42	
4680	89	
4681	87	
4682	56	
4683	39	
4684	85	
4685	87	
4686	54	
4687	72	
4688	97	
4689	58	
4690	90	
4691	33	
4692	41	
4693	65	
4694	35	
4695	53	
4696	85	
4697	80	
4698	21	
4699	73	
4700	78	
4701	6	
4702	55	
4703	32	
4704	56	
4705	66	
4706	62	
4707	83	
4708	80	
4709	81	
4710	90	
4711	80	
4712	62	
4713	48	
4714	49	
4715	25	
4716	21	
4717	97	
4718	25	
4719	100	
4720	23	
4721	79	
4722	7	
4723	9	
4724	4	
4725	16	
4726	56	
4727	13	
4728	3	
4729	24	
4730	97	
4731	34	
4732	78	
4733	8	
4734	84	
4735	14	
4736	17	
4737	37	
4738	82	
4739	91	
4740	15	
4741	5	
4742	72	
4743	65	
4744	2	
4745	26	
4746	52	
4747	10	
4748	93	
4749	48	
4750	59	
4751	10	
4752	61	
4753	65	
4754	98	
4755	64	
4756	11	
4757	24	
4758	63	
4759	63	
4760	97	
4761	32	
4762	14	
4763	42	
4764	54	
4765	87	
4766	58	
4767	70	
4768	44	
4769	74	
4770	28	
4771	37	
4772	14	
4773	1	
4774	68	
4775	61	
4776	93	
4777	85	
4778	60	
4779	57	
4780	33	
4781	87	
4782	30	
4783	95	
4784	87	
4785	56	
4786	75	
4787	50	
4788	41	
4789	36	
4790	28	
4791	4	
4792	95	
4793	9	
4794	1	
4795	9	
4796	57	
4797	63	
4798	34	
4799	80	
4800	32	
4801	67	
4802	87	
4803	95	
4804	28	
4805	6	
4806	13	
4807	63	
4808	81	
4809	76	
4810	30	
4811	18	
4812	8	
4813	35	
4814	51	
4815	7	
4816	32	
4817	43	
4818	37	
4819	83	
4820	23	
4821	65	
4822	46	
4823	19	
4824	52	
4825	34	
4826	66	
4827	2	
4828	16	
4829	99	
4830	52	
4831	81	
4832	63	
4833	24	
4834	36	
4835	94	
4836	58	
4837	55	
4838	92	
4839	84	
4840	92	
4841	68	
4842	30	
4843	51	
4844	70	
4845	56	
4846	42	
4847	34	
4848	1	
4849	43	
4850	37	
4851	94	
4852	36	
4853	47	
4854	58	
4855	97	
4856	20	
4857	84	
4858	28	
4859	41	
4860	70	
4861	100	
4862	35	
4863	33	
4864	61	
4865	27	
4866	91	
4867	33	
4868	87	
4869	33	
4870	1	
4871	27	
4872	66	
4873	84	
4874	55	
4875	50	
4876	17	
4877	1	
4878	94	
4879	11	
4880	89	
4881	23	
4882	62	
4883	99	
4884	98	
4885	74	
4886	91	
4887	34	
4888	53	
4889	95	
4890	12	
4891	56	
4892	13	
4893	78	
4894	44	
4895	55	
4896	84	
4897	81	
4898	59	
4899	66	
4900	52	
4901	24	
4902	59	
4903	5	
4904	44	
4905	5	
4906	53	
4907	91	
4908	70	
4909	43	
4910	63	
4911	38	
4912	21	
4913	1	
4914	85	
4915	100	
4916	54	
4917	77	
4918	10	
4919	33	
4920	25	
4921	46	
4922	22	
4923	25	
4924	94	
4925	40	
4926	95	
4927	68	
4928	50	
4929	49	
4930	85	
4931	81	
4932	9	
4933	35	
4934	55	
4935	78	
4936	86	
4937	87	
4938	30	
4939	48	
4940	24	
4941	5	
4942	23	
4943	53	
4944	37	
4945	42	
4946	58	
4947	66	
4948	35	
4949	36	
4950	87	
4951	75	
4952	25	
4953	66	
4954	45	
4955	100	
4956	100	
4957	75	
4958	87	
4959	8	
4960	99	
4961	89	
4962	17	
4963	71	
4964	29	
4965	79	
4966	85	
4967	57	
4968	76	
4969	41	
4970	36	
4971	42	
4972	77	
4973	68	
4974	12	
4975	70	
4976	20	
4977	97	
4978	97	
4979	100	
4980	71	
4981	88	
4982	17	
4983	96	
4984	56	
4985	83	
4986	98	
4987	18	
4988	33	
4989	58	
4990	53	
4991	94	
4992	60	
4993	2	
4994	74	
4995	84	
4996	33	
4997	76	
4998	60	
4999	55	
5000	61	
5001	20	
5002	39	
5003	100	
5004	10	
5005	68	
5006	26	
5007	33	
5008	47	
5009	8	
5010	49	
5011	16	
5012	70	
5013	5	
5014	21	
5015	87	
5016	99	
5017	100	
5018	76	
5019	7	
5020	97	
5021	70	
5022	52	
5023	67	
5024	21	
5025	43	
5026	1	
5027	16	
5028	16	
5029	49	
5030	33	
5031	72	
5032	93	
5033	27	
5034	9	
5035	28	
5036	14	
5037	40	
5038	86	
5039	36	
5040	94	
5041	76	
5042	46	
5043	67	
5044	66	
5045	87	
5046	91	
5047	93	
5048	29	
5049	82	
5050	56	
5051	19	
5052	69	
5053	79	
5054	1	
5055	27	
5056	74	
5057	53	
5058	45	
5059	38	
5060	63	
5061	7	
5062	75	
5063	83	
5064	90	
5065	76	
5066	51	
5067	27	
5068	18	
5069	33	
5070	8	
5071	44	
5072	8	
5073	100	
5074	14	
5075	96	
5076	17	
5077	5	
5078	54	
5079	85	
5080	15	
5081	4	
5082	22	
5083	61	
5084	17	
5085	80	
5086	44	
5087	53	
5088	70	
5089	88	
5090	47	
5091	22	
5092	82	
5093	69	
5094	27	
5095	25	
5096	42	
5097	72	
5098	12	
5099	12	
5100	2	
5101	75	
5102	92	
5103	92	
5104	42	
5105	9	
5106	82	
5107	48	
5108	71	
5109	76	
5110	55	
5111	89	
5112	61	
5113	3	
5114	49	
5115	53	
5116	69	
5117	98	
5118	52	
5119	17	
5120	29	
5121	27	
5122	87	
5123	82	
5124	12	
5125	68	
5126	9	
5127	21	
5128	5	
5129	6	
5130	98	
5131	48	
5132	53	
5133	17	
5134	65	
5135	22	
5136	8	
5137	34	
5138	25	
5139	95	
5140	57	
5141	35	
5142	37	
5143	78	
5144	66	
5145	55	
5146	58	
5147	89	
5148	76	
5149	60	
5150	26	
5151	69	
5152	25	
5153	79	
5154	52	
5155	24	
5156	26	
5157	48	
5158	32	
5159	100	
5160	36	
5161	4	
5162	2	
5163	39	
5164	44	
5165	36	
5166	55	
5167	63	
5168	77	
5169	56	
5170	97	
5171	12	
5172	11	
5173	71	
5174	5	
5175	87	
5176	63	
5177	15	
5178	61	
5179	59	
5180	6	
5181	76	
5182	61	
5183	35	
5184	20	
5185	63	
5186	11	
5187	68	
5188	56	
5189	44	
5190	41	
5191	86	
5192	7	
5193	90	
5194	95	
5195	84	
5196	75	
5197	79	
5198	100	
5199	54	
5200	49	
5201	15	
5202	51	
5203	32	
5204	93	
5205	88	
5206	83	
5207	62	
5208	92	
5209	52	
5210	1	
5211	43	
5212	29	
5213	71	
5214	34	
5215	23	
5216	22	
5217	40	
5218	48	
5219	32	
5220	77	
5221	65	
5222	8	
5223	94	
5224	14	
5225	26	
5226	78	
5227	8	
5228	17	
5229	8	
5230	98	
5231	32	
5232	54	
5233	23	
5234	94	
5235	11	
5236	50	
5237	53	
5238	91	
5239	63	
5240	52	
5241	22	
5242	19	
5243	10	
5244	79	
5245	56	
5246	93	
5247	99	
5248	92	
5249	22	
5250	70	
5251	57	
5252	14	
5253	83	
5254	40	
5255	41	
5256	16	
5257	34	
5258	55	
5259	78	
5260	43	
5261	68	
5262	45	
5263	84	
5264	78	
5265	51	
5266	83	
5267	36	
5268	42	
5269	95	
5270	35	
5271	43	
5272	20	
5273	76	
5274	70	
5275	32	
5276	20	
5277	29	
5278	57	
5279	69	
5280	38	
5281	72	
5282	66	
5283	30	
5284	91	
5285	41	
5286	46	
5287	31	
5288	78	
5289	70	
5290	1	
5291	63	
5292	28	
5293	98	
5294	58	
5295	20	
5296	85	
5297	67	
5298	10	
5299	80	
5300	91	
5301	73	
5302	70	
5303	54	
5304	24	
5305	7	
5306	19	
5307	61	
5308	90	
5309	66	
5310	95	
5311	21	
5312	87	
5313	95	
5314	31	
5315	89	
5316	59	
5317	84	
5318	81	
5319	75	
5320	71	
5321	27	
5322	13	
5323	79	
5324	65	
5325	84	
5326	85	
5327	85	
5328	37	
5329	1	
5330	62	
5331	30	
5332	27	
5333	92	
5334	94	
5335	24	
5336	23	
5337	42	
5338	18	
5339	12	
5340	74	
5341	65	
5342	99	
5343	88	
5344	100	
5345	59	
5346	62	
5347	55	
5348	87	
5349	31	
5350	30	
5351	5	
5352	44	
5353	17	
5354	62	
5355	22	
5356	98	
5357	90	
5358	58	
5359	70	
5360	71	
5361	55	
5362	88	
5363	63	
5364	14	
5365	16	
5366	96	
5367	28	
5368	18	
5369	51	
5370	42	
5371	69	
5372	47	
5373	36	
5374	24	
5375	22	
5376	85	
5377	11	
5378	47	
5379	75	
5380	2	
5381	27	
5382	25	
5383	83	
5384	12	
5385	11	
5386	53	
5387	83	
5388	42	
5389	37	
5390	24	
5391	93	
5392	58	
5393	41	
5394	36	
5395	11	
5396	73	
5397	33	
5398	80	
5399	91	
5400	52	
5401	67	
5402	88	
5403	54	
5404	51	
5405	35	
5406	99	
5407	70	
5408	73	
5409	76	
5410	89	
5411	26	
5412	57	
5413	48	
5414	9	
5415	15	
5416	37	
5417	42	
5418	58	
5419	58	
5420	14	
5421	9	
5422	75	
5423	31	
5424	48	
5425	24	
5426	89	
5427	97	
5428	80	
5429	5	
5430	77	
5431	80	
5432	50	
5433	81	
5434	80	
5435	36	
5436	15	
5437	39	
5438	48	
5439	77	
5440	57	
5441	42	
5442	73	
5443	28	
5444	96	
5445	69	
5446	79	
5447	54	
5448	40	
5449	74	
5450	65	
5451	100	
5452	61	
5453	58	
5454	5	
5455	87	
5456	58	
5457	24	
5458	35	
5459	86	
5460	63	
5461	75	
5462	3	
5463	88	
5464	40	
5465	75	
5466	45	
5467	42	
5468	22	
5469	80	
5470	10	
5471	43	
5472	1	
5473	96	
5474	11	
5475	28	
5476	50	
5477	55	
5478	70	
5479	35	
5480	28	
5481	26	
5482	61	
5483	37	
5484	73	
5485	27	
5486	64	
5487	86	
5488	87	
5489	41	
5490	76	
5491	93	
5492	21	
5493	65	
5494	48	
5495	54	
5496	13	
5497	89	
5498	100	
5499	86	
5500	45	
5501	66	
5502	38	
5503	43	
5504	100	
5505	66	
5506	38	
5507	91	
5508	24	
5509	50	
5510	24	
5511	51	
5512	7	
5513	15	
5514	22	
5515	5	
5516	91	
5517	96	
5518	84	
5519	27	
5520	84	
5521	78	
5522	6	
5523	55	
5524	10	
5525	16	
5526	46	
5527	12	
5528	38	
5529	44	
5530	92	
5531	1	
5532	88	
5533	28	
5534	55	
5535	14	
5536	11	
5537	2	
5538	27	
5539	48	
5540	69	
5541	85	
5542	2	
5543	61	
5544	42	
5545	65	
5546	77	
5547	95	
5548	30	
5549	19	
5550	70	
5551	44	
5552	89	
5553	47	
5554	18	
5555	72	
5556	32	
5557	20	
5558	93	
5559	36	
5560	74	
5561	76	
5562	18	
5563	98	
5564	42	
5565	70	
5566	22	
5567	96	
5568	93	
5569	74	
5570	65	
5571	76	
5572	98	
5573	57	
5574	27	
5575	46	
5576	52	
5577	59	
5578	6	
5579	60	
5580	28	
5581	90	
5582	94	
5583	86	
5584	13	
5585	18	
5586	55	
5587	44	
5588	81	
5589	28	
5590	63	
5591	78	
5592	22	
5593	29	
5594	90	
5595	23	
5596	60	
5597	1	
5598	15	
5599	96	
5600	7	
5601	90	
5602	42	
5603	59	
5604	23	
5605	45	
5606	25	
5607	38	
5608	42	
5609	30	
5610	37	
5611	27	
5612	37	
5613	69	
5614	12	
5615	12	
5616	25	
5617	36	
5618	78	
5619	94	
5620	73	
5621	9	
5622	69	
5623	27	
5624	14	
5625	22	
5626	71	
5627	41	
5628	37	
5629	37	
5630	69	
5631	7	
5632	37	
5633	72	
5634	43	
5635	44	
5636	3	
5637	26	
5638	24	
5639	1	
5640	15	
5641	45	
5642	17	
5643	45	
5644	95	
5645	18	
5646	79	
5647	80	
5648	88	
5649	60	
5650	94	
5651	82	
5652	69	
5653	78	
5654	22	
5655	71	
5656	82	
5657	63	
5658	26	
5659	10	
5660	58	
5661	82	
5662	85	
5663	40	
5664	10	
5665	82	
5666	31	
5667	92	
5668	11	
5669	20	
5670	50	
5671	42	
5672	85	
5673	17	
5674	95	
5675	14	
5676	92	
5677	38	
5678	91	
5679	83	
5680	35	
5681	96	
5682	64	
5683	94	
5684	65	
5685	40	
5686	68	
5687	85	
5688	77	
5689	38	
5690	31	
5691	54	
5692	99	
5693	35	
5694	46	
5695	28	
5696	47	
5697	92	
5698	48	
5699	39	
5700	47	
5701	62	
5702	29	
5703	1	
5704	65	
5705	58	
5706	2	
5707	1	
5708	76	
5709	100	
5710	42	
5711	4	
5712	74	
5713	69	
5714	44	
5715	91	
5716	1	
5717	35	
5718	12	
5719	14	
5720	63	
5721	61	
5722	89	
5723	1	
5724	7	
5725	61	
5726	49	
5727	23	
5728	8	
5729	75	
5730	70	
5731	84	
5732	30	
5733	37	
5734	9	
5735	60	
5736	6	
5737	15	
5738	67	
5739	59	
5740	36	
5741	6	
5742	18	
5743	72	
5744	28	
5745	74	
5746	18	
5747	64	
5748	28	
5749	54	
5750	41	
5751	98	
5752	62	
5753	76	
5754	81	
5755	82	
5756	23	
5757	71	
5758	98	
5759	80	
5760	56	
5761	55	
5762	6	
5763	68	
5764	45	
5765	77	
5766	55	
5767	37	
5768	6	
5769	13	
5770	22	
5771	3	
5772	28	
5773	73	
5774	87	
5775	58	
5776	90	
5777	24	
5778	17	
5779	67	
5780	78	
5781	22	
5782	64	
5783	12	
5784	19	
5785	84	
5786	90	
5787	54	
5788	83	
5789	6	
5790	5	
5791	76	
5792	96	
5793	11	
5794	52	
5795	46	
5796	8	
5797	17	
5798	23	
5799	80	
5800	22	
5801	55	
5802	90	
5803	18	
5804	43	
5805	92	
5806	26	
5807	44	
5808	20	
5809	83	
5810	73	
5811	37	
5812	77	
5813	74	
5814	21	
5815	77	
5816	25	
5817	81	
5818	33	
5819	8	
5820	74	
5821	54	
5822	13	
5823	26	
5824	51	
5825	20	
5826	24	
5827	87	
5828	30	
5829	66	
5830	93	
5831	38	
5832	65	
5833	86	
5834	72	
5835	100	
5836	58	
5837	80	
5838	27	
5839	91	
5840	21	
5841	74	
5842	23	
5843	57	
5844	75	
5845	75	
5846	31	
5847	24	
5848	54	
5849	47	
5850	22	
5851	81	
5852	57	
5853	6	
5854	74	
5855	71	
5856	30	
5857	74	
5858	49	
5859	63	
5860	59	
5861	87	
5862	16	
5863	19	
5864	72	
5865	26	
5866	47	
5867	36	
5868	25	
5869	9	
5870	2	
5871	46	
5872	78	
5873	6	
5874	79	
5875	12	
5876	28	
5877	69	
5878	39	
5879	30	
5880	67	
5881	61	
5882	52	
5883	85	
5884	91	
5885	51	
5886	93	
5887	63	
5888	77	
5889	100	
5890	3	
5891	81	
5892	33	
5893	1	
5894	20	
5895	54	
5896	91	
5897	55	
5898	48	
5899	39	
5900	87	
5901	38	
5902	62	
5903	75	
5904	99	
5905	95	
5906	9	
5907	6	
5908	77	
5909	11	
5910	44	
5911	7	
5912	67	
5913	19	
5914	96	
5915	83	
5916	89	
5917	45	
5918	82	
5919	98	
5920	15	
5921	55	
5922	92	
5923	6	
5924	78	
5925	36	
5926	39	
5927	61	
5928	69	
5929	72	
5930	35	
5931	29	
5932	13	
5933	20	
5934	47	
5935	95	
5936	75	
5937	12	
5938	76	
5939	2	
5940	34	
5941	58	
5942	51	
5943	55	
5944	83	
5945	79	
5946	17	
5947	16	
5948	19	
5949	43	
5950	29	
5951	51	
5952	73	
5953	62	
5954	62	
5955	2	
5956	90	
5957	3	
5958	34	
5959	41	
5960	55	
5961	9	
5962	31	
5963	57	
5964	27	
5965	98	
5966	87	
5967	41	
5968	54	
5969	94	
5970	57	
5971	21	
5972	39	
5973	70	
5974	92	
5975	36	
5976	47	
5977	43	
5978	97	
5979	32	
5980	76	
5981	42	
5982	77	
5983	50	
5984	3	
5985	50	
5986	93	
5987	32	
5988	23	
5989	75	
5990	96	
5991	28	
5992	32	
5993	11	
5994	85	
5995	12	
5996	16	
5997	45	
5998	52	
5999	58	
6000	26	
6001	4	
6002	3	
6003	51	
6004	79	
6005	22	
6006	98	
6007	5	
6008	6	
6009	75	
6010	5	
6011	94	
6012	17	
6013	33	
6014	67	
6015	40	
6016	28	
6017	95	
6018	2	
6019	41	
6020	79	
6021	88	
6022	59	
6023	94	
6024	85	
6025	70	
6026	37	
6027	10	
6028	89	
6029	41	
6030	78	
6031	10	
6032	13	
6033	75	
6034	23	
6035	19	
6036	66	
6037	83	
6038	42	
6039	100	
6040	73	
6041	77	
6042	64	
6043	43	
6044	50	
6045	73	
6046	94	
6047	65	
6048	37	
6049	37	
6050	5	
6051	60	
6052	78	
6053	41	
6054	60	
6055	79	
6056	2	
6057	86	
6058	90	
6059	34	
6060	57	
6061	73	
6062	62	
6063	84	
6064	87	
6065	87	
6066	33	
6067	26	
6068	30	
6069	57	
6070	36	
6071	46	
6072	55	
6073	66	
6074	48	
6075	26	
6076	98	
6077	58	
6078	75	
6079	17	
6080	65	
6081	55	
6082	38	
6083	26	
6084	21	
6085	27	
6086	78	
6087	26	
6088	70	
6089	82	
6090	5	
6091	53	
6092	73	
6093	50	
6094	100	
6095	77	
6096	38	
6097	91	
6098	52	
6099	51	
6100	69	
6101	79	
6102	3	
6103	79	
6104	50	
6105	73	
6106	58	
6107	76	
6108	14	
6109	75	
6110	30	
6111	43	
6112	49	
6113	57	
6114	52	
6115	55	
6116	88	
6117	5	
6118	34	
6119	28	
6120	14	
6121	27	
6122	9	
6123	70	
6124	77	
6125	68	
6126	8	
6127	36	
6128	3	
6129	64	
6130	81	
6131	99	
6132	23	
6133	38	
6134	100	
6135	18	
6136	27	
6137	56	
6138	9	
6139	25	
6140	21	
6141	93	
6142	74	
6143	72	
6144	45	
6145	80	
6146	8	
6147	42	
6148	74	
6149	8	
6150	96	
6151	100	
6152	2	
6153	80	
6154	8	
6155	78	
6156	16	
6157	58	
6158	37	
6159	50	
6160	25	
6161	54	
6162	88	
6163	90	
6164	53	
6165	89	
6166	6	
6167	19	
6168	13	
6169	68	
6170	26	
6171	56	
6172	97	
6173	47	
6174	68	
6175	91	
6176	52	
6177	100	
6178	93	
6179	8	
6180	8	
6181	88	
6182	43	
6183	87	
6184	61	
6185	50	
6186	7	
6187	88	
6188	71	
6189	73	
6190	15	
6191	27	
6192	46	
6193	8	
6194	36	
6195	27	
6196	23	
6197	65	
6198	79	
6199	76	
6200	94	
6201	92	
6202	56	
6203	38	
6204	91	
6205	59	
6206	95	
6207	45	
6208	59	
6209	5	
6210	96	
6211	69	
6212	74	
6213	92	
6214	60	
6215	69	
6216	20	
6217	1	
6218	73	
6219	94	
6220	37	
6221	8	
6222	100	
6223	18	
6224	99	
6225	91	
6226	9	
6227	11	
6228	21	
6229	58	
6230	64	
6231	83	
6232	70	
6233	45	
6234	84	
6235	7	
6236	42	
6237	74	
6238	36	
6239	98	
6240	89	
6241	90	
6242	96	
6243	20	
6244	47	
6245	53	
6246	79	
6247	93	
6248	30	
6249	32	
6250	12	
6251	94	
6252	88	
6253	72	
6254	82	
6255	52	
6256	19	
6257	54	
6258	17	
6259	85	
6260	6	
6261	91	
6262	80	
6263	24	
6264	47	
6265	74	
6266	26	
6267	74	
6268	4	
6269	79	
6270	11	
6271	1	
6272	24	
6273	52	
6274	11	
6275	66	
6276	40	
6277	23	
6278	35	
6279	52	
6280	4	
6281	28	
6282	56	
6283	12	
6284	77	
6285	17	
6286	61	
6287	97	
6288	59	
6289	6	
6290	90	
6291	74	
6292	58	
6293	49	
6294	1	
6295	65	
6296	47	
6297	97	
6298	22	
6299	84	
6300	5	
6301	12	
6302	40	
6303	75	
6304	73	
6305	54	
6306	58	
6307	39	
6308	12	
6309	85	
6310	93	
6311	94	
6312	50	
6313	48	
6314	83	
6315	9	
6316	75	
6317	99	
6318	90	
6319	68	
6320	43	
6321	19	
6322	8	
6323	54	
6324	7	
6325	59	
6326	7	
6327	51	
6328	42	
6329	15	
6330	99	
6331	96	
6332	90	
6333	41	
6334	2	
6335	11	
6336	75	
6337	53	
6338	40	
6339	2	
6340	5	
6341	76	
6342	20	
6343	22	
6344	31	
6345	10	
6346	10	
6347	73	
6348	52	
6349	24	
6350	13	
6351	10	
6352	30	
6353	80	
6354	25	
6355	61	
6356	39	
6357	2	
6358	63	
6359	85	
6360	81	
6361	83	
6362	89	
6363	15	
6364	3	
6365	16	
6366	73	
6367	30	
6368	88	
6369	81	
6370	23	
6371	87	
6372	8	
6373	71	
6374	97	
6375	81	
6376	84	
6377	47	
6378	96	
6379	3	
6380	28	
6381	87	
6382	38	
6383	30	
6384	9	
6385	58	
6386	19	
6387	46	
6388	18	
6389	70	
6390	25	
6391	53	
6392	96	
6393	95	
6394	18	
6395	49	
6396	12	
6397	7	
6398	70	
6399	48	
6400	16	
6401	53	
6402	40	
6403	88	
6404	24	
6405	27	
6406	68	
6407	34	
6408	5	
6409	66	
6410	7	
6411	84	
6412	45	
6413	2	
6414	48	
6415	13	
6416	91	
6417	89	
6418	94	
6419	49	
6420	61	
6421	46	
6422	49	
6423	68	
6424	14	
6425	28	
6426	52	
6427	21	
6428	4	
6429	86	
6430	97	
6431	61	
6432	33	
6433	74	
6434	54	
6435	51	
6436	75	
6437	88	
6438	56	
6439	70	
6440	81	
6441	45	
6442	100	
6443	32	
6444	29	
6445	42	
6446	99	
6447	75	
6448	21	
6449	68	
6450	7	
6451	40	
6452	36	
6453	91	
6454	82	
6455	73	
6456	32	
6457	13	
6458	7	
6459	44	
6460	51	
6461	6	
6462	74	
6463	48	
6464	65	
6465	15	
6466	38	
6467	8	
6468	17	
6469	5	
6470	58	
6471	9	
6472	61	
6473	44	
6474	54	
6475	54	
6476	96	
6477	19	
6478	69	
6479	91	
6480	91	
6481	4	
6482	38	
6483	4	
6484	3	
6485	49	
6486	77	
6487	21	
6488	2	
6489	91	
6490	72	
6491	10	
6492	75	
6493	83	
6494	4	
6495	25	
6496	60	
6497	57	
6498	56	
6499	100	
6500	92	
6501	31	
6502	33	
6503	86	
6504	64	
6505	93	
6506	38	
6507	63	
6508	43	
6509	36	
6510	56	
6511	46	
6512	88	
6513	92	
6514	2	
6515	16	
6516	49	
6517	59	
6518	25	
6519	40	
6520	27	
6521	62	
6522	95	
6523	38	
6524	22	
6525	12	
6526	84	
6527	66	
6528	39	
6529	84	
6530	15	
6531	11	
6532	9	
6533	2	
6534	15	
6535	70	
6536	63	
6537	74	
6538	68	
6539	19	
6540	62	
6541	41	
6542	16	
6543	24	
6544	29	
6545	97	
6546	28	
6547	6	
6548	6	
6549	34	
6550	95	
6551	81	
6552	36	
6553	17	
6554	76	
6555	49	
6556	24	
6557	79	
6558	89	
6559	84	
6560	34	
6561	43	
6562	36	
6563	37	
6564	19	
6565	49	
6566	29	
6567	93	
6568	30	
6569	31	
6570	31	
6571	13	
6572	21	
6573	68	
6574	50	
6575	36	
6576	26	
6577	91	
6578	68	
6579	43	
6580	44	
6581	46	
6582	30	
6583	33	
6584	49	
6585	69	
6586	82	
6587	22	
6588	47	
6589	89	
6590	60	
6591	90	
6592	17	
6593	35	
6594	70	
6595	85	
6596	28	
6597	25	
6598	30	
6599	74	
6600	92	
6601	33	
6602	40	
6603	81	
6604	95	
6605	95	
6606	42	
6607	35	
6608	6	
6609	61	
6610	85	
6611	38	
6612	28	
6613	30	
6614	20	
6615	31	
6616	13	
6617	97	
6618	17	
6619	6	
6620	4	
6621	68	
6622	69	
6623	82	
6624	63	
6625	84	
6626	90	
6627	20	
6628	89	
6629	81	
6630	44	
6631	29	
6632	46	
6633	100	
6634	78	
6635	77	
6636	80	
6637	26	
6638	76	
6639	16	
6640	98	
6641	84	
6642	36	
6643	100	
6644	89	
6645	3	
6646	19	
6647	36	
6648	9	
6649	62	
6650	11	
6651	1	
6652	58	
6653	4	
6654	23	
6655	37	
6656	64	
6657	45	
6658	92	
6659	89	
6660	1	
6661	62	
6662	32	
6663	36	
6664	44	
6665	47	
6666	66	
6667	95	
6668	97	
6669	71	
6670	15	
6671	64	
6672	21	
6673	3	
6674	97	
6675	61	
6676	41	
6677	84	
6678	91	
6679	40	
6680	12	
6681	24	
6682	10	
6683	30	
6684	99	
6685	77	
6686	11	
6687	26	
6688	54	
6689	23	
6690	7	
6691	45	
6692	61	
6693	24	
6694	1	
6695	45	
6696	37	
6697	39	
6698	44	
6699	67	
6700	18	
6701	43	
6702	31	
6703	19	
6704	9	
6705	24	
6706	59	
6707	64	
6708	37	
6709	86	
6710	17	
6711	58	
6712	59	
6713	30	
6714	42	
6715	22	
6716	4	
6717	30	
6718	72	
6719	78	
6720	99	
6721	37	
6722	28	
6723	43	
6724	1	
6725	38	
6726	52	
6727	29	
6728	78	
6729	52	
6730	59	
6731	83	
6732	63	
6733	81	
6734	58	
6735	52	
6736	63	
6737	16	
6738	91	
6739	6	
6740	16	
6741	17	
6742	1	
6743	3	
6744	50	
6745	5	
6746	88	
6747	33	
6748	20	
6749	68	
6750	87	
6751	25	
6752	3	
6753	17	
6754	99	
6755	37	
6756	8	
6757	89	
6758	64	
6759	75	
6760	90	
6761	53	
6762	20	
6763	40	
6764	95	
6765	7	
6766	50	
6767	16	
6768	6	
6769	90	
6770	48	
6771	99	
6772	72	
6773	96	
6774	98	
6775	15	
6776	80	
6777	69	
6778	68	
6779	66	
6780	80	
6781	58	
6782	8	
6783	26	
6784	71	
6785	96	
6786	11	
6787	56	
6788	87	
6789	13	
6790	54	
6791	100	
6792	6	
6793	47	
6794	67	
6795	41	
6796	31	
6797	22	
6798	7	
6799	79	
6800	60	
6801	72	
6802	11	
6803	46	
6804	78	
6805	32	
6806	9	
6807	57	
6808	22	
6809	9	
6810	86	
6811	70	
6812	8	
6813	1	
6814	67	
6815	10	
6816	91	
6817	81	
6818	69	
6819	71	
6820	13	
6821	9	
6822	58	
6823	75	
6824	98	
6825	22	
6826	47	
6827	32	
6828	78	
6829	9	
6830	66	
6831	60	
6832	21	
6833	3	
6834	80	
6835	28	
6836	45	
6837	4	
6838	30	
6839	18	
6840	31	
6841	6	
6842	37	
6843	24	
6844	75	
6845	57	
6846	47	
6847	12	
6848	66	
6849	22	
6850	68	
6851	56	
6852	8	
6853	6	
6854	48	
6855	61	
6856	45	
6857	65	
6858	53	
6859	58	
6860	65	
6861	81	
6862	91	
6863	40	
6864	18	
6865	42	
6866	78	
6867	92	
6868	50	
6869	73	
6870	64	
6871	82	
6872	100	
6873	39	
6874	41	
6875	25	
6876	70	
6877	41	
6878	12	
6879	86	
6880	29	
6881	3	
6882	29	
6883	68	
6884	69	
6885	99	
6886	43	
6887	10	
6888	48	
6889	97	
6890	85	
6891	90	
6892	48	
6893	14	
6894	90	
6895	62	
6896	11	
6897	34	
6898	26	
6899	75	
6900	80	
6901	91	
6902	8	
6903	56	
6904	97	
6905	93	
6906	20	
6907	85	
6908	80	
6909	74	
6910	47	
6911	25	
6912	100	
6913	41	
6914	4	
6915	34	
6916	35	
6917	41	
6918	7	
6919	74	
6920	11	
6921	61	
6922	58	
6923	49	
6924	18	
6925	35	
6926	38	
6927	79	
6928	76	
6929	46	
6930	63	
6931	65	
6932	41	
6933	81	
6934	29	
6935	68	
6936	30	
6937	28	
6938	39	
6939	99	
6940	34	
6941	8	
6942	68	
6943	48	
6944	10	
6945	100	
6946	28	
6947	15	
6948	24	
6949	56	
6950	30	
6951	32	
6952	77	
6953	70	
6954	85	
6955	7	
6956	84	
6957	13	
6958	19	
6959	23	
6960	16	
6961	7	
6962	63	
6963	93	
6964	14	
6965	72	
6966	28	
6967	72	
6968	26	
6969	71	
6970	33	
6971	64	
6972	68	
6973	98	
6974	31	
6975	93	
6976	56	
6977	16	
6978	58	
6979	63	
6980	20	
6981	7	
6982	50	
6983	76	
6984	3	
6985	84	
6986	21	
6987	91	
6988	10	
6989	75	
6990	63	
6991	29	
6992	88	
6993	17	
6994	63	
6995	80	
6996	2	
6997	4	
6998	45	
6999	62	
7000	65	
7001	3	
7002	12	
7003	80	
7004	85	
7005	49	
7006	71	
7007	24	
7008	94	
7009	28	
7010	58	
7011	5	
7012	64	
7013	27	
7014	55	
7015	64	
7016	56	
7017	26	
7018	59	
7019	2	
7020	63	
7021	26	
7022	68	
7023	74	
7024	87	
7025	64	
7026	6	
7027	97	
7028	46	
7029	92	
7030	95	
7031	6	
7032	32	
7033	80	
7034	9	
7035	38	
7036	98	
7037	16	
7038	45	
7039	59	
7040	47	
7041	45	
7042	39	
7043	86	
7044	88	
7045	20	
7046	46	
7047	22	
7048	65	
7049	33	
7050	54	
7051	55	
7052	84	
7053	46	
7054	22	
7055	34	
7056	86	
7057	55	
7058	10	
7059	86	
7060	62	
7061	53	
7062	3	
7063	90	
7064	27	
7065	41	
7066	71	
7067	91	
7068	15	
7069	32	
7070	28	
7071	99	
7072	56	
7073	86	
7074	38	
7075	21	
7076	32	
7077	61	
7078	95	
7079	30	
7080	98	
7081	4	
7082	100	
7083	59	
7084	4	
7085	22	
7086	86	
7087	48	
7088	1	
7089	14	
7090	19	
7091	100	
7092	73	
7093	43	
7094	5	
7095	19	
7096	42	
7097	59	
7098	67	
7099	74	
7100	55	
7101	73	
7102	41	
7103	27	
7104	92	
7105	76	
7106	30	
7107	7	
7108	23	
7109	75	
7110	45	
7111	53	
7112	74	
7113	12	
7114	63	
7115	90	
7116	48	
7117	19	
7118	44	
7119	41	
7120	59	
7121	35	
7122	55	
7123	94	
7124	28	
7125	61	
7126	16	
7127	92	
7128	44	
7129	25	
7130	21	
7131	56	
7132	67	
7133	14	
7134	76	
7135	61	
7136	36	
7137	23	
7138	28	
7139	64	
7140	50	
7141	65	
7142	93	
7143	43	
7144	38	
7145	97	
7146	47	
7147	100	
7148	68	
7149	9	
7150	72	
7151	20	
7152	37	
7153	100	
7154	88	
7155	90	
7156	99	
7157	64	
7158	57	
7159	79	
7160	30	
7161	64	
7162	32	
7163	21	
7164	6	
7165	76	
7166	92	
7167	82	
7168	24	
7169	18	
7170	24	
7171	63	
7172	24	
7173	8	
7174	3	
7175	47	
7176	82	
7177	39	
7178	5	
7179	4	
7180	19	
7181	43	
7182	49	
7183	74	
7184	54	
7185	13	
7186	74	
7187	4	
7188	81	
7189	87	
7190	40	
7191	13	
7192	39	
7193	56	
7194	85	
7195	48	
7196	33	
7197	42	
7198	14	
7199	65	
7200	35	
7201	2	
7202	53	
7203	89	
7204	26	
7205	68	
7206	26	
7207	87	
7208	45	
7209	73	
7210	17	
7211	74	
7212	90	
7213	62	
7214	51	
7215	91	
7216	35	
7217	95	
7218	42	
7219	22	
7220	19	
7221	99	
7222	28	
7223	97	
7224	76	
7225	68	
7226	4	
7227	30	
7228	76	
7229	50	
7230	61	
7231	79	
7232	78	
7233	38	
7234	28	
7235	58	
7236	44	
7237	56	
7238	35	
7239	40	
7240	16	
7241	99	
7242	30	
7243	95	
7244	24	
7245	1	
7246	8	
7247	30	
7248	76	
7249	90	
7250	56	
7251	2	
7252	20	
7253	32	
7254	41	
7255	72	
7256	93	
7257	5	
7258	24	
7259	67	
7260	46	
7261	17	
7262	67	
7263	88	
7264	49	
7265	51	
7266	17	
7267	89	
7268	49	
7269	25	
7270	22	
7271	92	
7272	54	
7273	19	
7274	65	
7275	39	
7276	42	
7277	65	
7278	46	
7279	68	
7280	36	
7281	30	
7282	75	
7283	88	
7284	17	
7285	65	
7286	41	
7287	2	
7288	1	
7289	71	
7290	82	
7291	54	
7292	16	
7293	58	
7294	25	
7295	27	
7296	43	
7297	29	
7298	51	
7299	3	
7300	94	
7301	55	
7302	2	
7303	55	
7304	68	
7305	62	
7306	82	
7307	42	
7308	40	
7309	18	
7310	29	
7311	97	
7312	28	
7313	66	
7314	52	
7315	29	
7316	54	
7317	39	
7318	18	
7319	58	
7320	21	
7321	81	
7322	53	
7323	64	
7324	26	
7325	43	
7326	54	
7327	89	
7328	81	
7329	79	
7330	31	
7331	71	
7332	78	
7333	73	
7334	88	
7335	81	
7336	66	
7337	59	
7338	8	
7339	99	
7340	70	
7341	27	
7342	38	
7343	92	
7344	32	
7345	74	
7346	11	
7347	13	
7348	18	
7349	49	
7350	40	
7351	33	
7352	16	
7353	8	
7354	26	
7355	60	
7356	31	
7357	40	
7358	44	
7359	18	
7360	54	
7361	14	
7362	8	
7363	90	
7364	74	
7365	8	
7366	23	
7367	53	
7368	52	
7369	84	
7370	32	
7371	27	
7372	87	
7373	25	
7374	69	
7375	42	
7376	59	
7377	96	
7378	63	
7379	19	
7380	54	
7381	100	
7382	72	
7383	2	
7384	28	
7385	23	
7386	65	
7387	39	
7388	28	
7389	95	
7390	63	
7391	65	
7392	71	
7393	26	
7394	24	
7395	48	
7396	50	
7397	91	
7398	24	
7399	88	
7400	48	
7401	6	
7402	49	
7403	25	
7404	35	
7405	88	
7406	98	
7407	82	
7408	98	
7409	17	
7410	77	
7411	28	
7412	26	
7413	68	
7414	50	
7415	14	
7416	22	
7417	7	
7418	93	
7419	81	
7420	32	
7421	90	
7422	29	
7423	10	
7424	32	
7425	50	
7426	52	
7427	80	
7428	82	
7429	39	
7430	47	
7431	93	
7432	33	
7433	64	
7434	89	
7435	22	
7436	28	
7437	11	
7438	52	
7439	1	
7440	52	
7441	48	
7442	5	
7443	88	
7444	45	
7445	76	
7446	78	
7447	21	
7448	5	
7449	24	
7450	99	
7451	13	
7452	33	
7453	17	
7454	23	
7455	59	
7456	100	
7457	19	
7458	23	
7459	15	
7460	9	
7461	64	
7462	47	
7463	49	
7464	73	
7465	75	
7466	37	
7467	2	
7468	63	
7469	23	
7470	99	
7471	59	
7472	55	
7473	63	
7474	30	
7475	10	
7476	68	
7477	33	
7478	63	
7479	94	
7480	95	
7481	49	
7482	39	
7483	36	
7484	84	
7485	49	
7486	60	
7487	66	
7488	40	
7489	93	
7490	39	
7491	41	
7492	51	
7493	49	
7494	73	
7495	84	
7496	85	
7497	3	
7498	28	
7499	28	
7500	15	
7501	32	
7502	45	
7503	55	
7504	32	
7505	15	
7506	73	
7507	7	
7508	46	
7509	39	
7510	50	
7511	38	
7512	16	
7513	27	
7514	64	
7515	61	
7516	44	
7517	90	
7518	66	
7519	15	
7520	32	
7521	43	
7522	20	
7523	85	
7524	61	
7525	27	
7526	57	
7527	85	
7528	61	
7529	83	
7530	100	
7531	1	
7532	90	
7533	9	
7534	44	
7535	30	
7536	2	
7537	47	
7538	13	
7539	59	
7540	96	
7541	49	
7542	90	
7543	73	
7544	42	
7545	22	
7546	3	
7547	18	
7548	43	
7549	23	
7550	18	
7551	28	
7552	23	
7553	1	
7554	47	
7555	12	
7556	51	
7557	78	
7558	22	
7559	5	
7560	32	
7561	16	
7562	57	
7563	48	
7564	85	
7565	18	
7566	76	
7567	60	
7568	55	
7569	72	
7570	67	
7571	85	
7572	26	
7573	92	
7574	24	
7575	26	
7576	6	
7577	41	
7578	59	
7579	4	
7580	37	
7581	81	
7582	7	
7583	51	
7584	14	
7585	33	
7586	36	
7587	21	
7588	21	
7589	85	
7590	61	
7591	36	
7592	82	
7593	66	
7594	53	
7595	66	
7596	63	
7597	21	
7598	30	
7599	24	
7600	71	
7601	30	
7602	39	
7603	82	
7604	79	
7605	24	
7606	44	
7607	90	
7608	87	
7609	77	
7610	21	
7611	78	
7612	11	
7613	32	
7614	94	
7615	4	
7616	48	
7617	45	
7618	3	
7619	14	
7620	74	
7621	9	
7622	57	
7623	45	
7624	93	
7625	84	
7626	33	
7627	27	
7628	97	
7629	84	
7630	54	
7631	35	
7632	43	
7633	80	
7634	16	
7635	13	
7636	40	
7637	68	
7638	9	
7639	84	
7640	83	
7641	45	
7642	37	
7643	30	
7644	1	
7645	7	
7646	55	
7647	36	
7648	14	
7649	41	
7650	55	
7651	20	
7652	55	
7653	65	
7654	91	
7655	33	
7656	7	
7657	78	
7658	32	
7659	98	
7660	19	
7661	99	
7662	68	
7663	72	
7664	63	
7665	23	
7666	3	
7667	31	
7668	49	
7669	33	
7670	60	
7671	50	
7672	75	
7673	47	
7674	46	
7675	53	
7676	27	
7677	23	
7678	13	
7679	3	
7680	60	
7681	63	
7682	44	
7683	2	
7684	91	
7685	74	
7686	99	
7687	83	
7688	24	
7689	14	
7690	44	
7691	28	
7692	84	
7693	31	
7694	87	
7695	96	
7696	55	
7697	43	
7698	39	
7699	36	
7700	33	
7701	42	
7702	76	
7703	25	
7704	74	
7705	92	
7706	29	
7707	86	
7708	84	
7709	88	
7710	93	
7711	88	
7712	21	
7713	96	
7714	28	
7715	42	
7716	19	
7717	24	
7718	32	
7719	44	
7720	33	
7721	58	
7722	50	
7723	37	
7724	49	
7725	4	
7726	7	
7727	95	
7728	50	
7729	35	
7730	6	
7731	27	
7732	45	
7733	20	
7734	10	
7735	16	
7736	9	
7737	39	
7738	22	
7739	54	
7740	56	
7741	81	
7742	50	
7743	64	
7744	66	
7745	67	
7746	45	
7747	72	
7748	91	
7749	74	
7750	3	
7751	68	
7752	22	
7753	98	
7754	65	
7755	76	
7756	54	
7757	18	
7758	58	
7759	84	
7760	53	
7761	24	
7762	73	
7763	89	
7764	72	
7765	91	
7766	66	
7767	53	
7768	12	
7769	78	
7770	24	
7771	52	
7772	85	
7773	55	
7774	42	
7775	91	
7776	42	
7777	54	
7778	55	
7779	97	
7780	70	
7781	9	
7782	27	
7783	2	
7784	99	
7785	76	
7786	78	
7787	94	
7788	82	
7789	20	
7790	6	
7791	76	
7792	19	
7793	77	
7794	27	
7795	53	
7796	55	
7797	54	
7798	71	
7799	80	
7800	6	
7801	5	
7802	100	
7803	46	
7804	49	
7805	81	
7806	14	
7807	92	
7808	43	
7809	58	
7810	35	
7811	37	
7812	25	
7813	69	
7814	30	
7815	59	
7816	15	
7817	22	
7818	89	
7819	27	
7820	70	
7821	99	
7822	39	
7823	51	
7824	65	
7825	91	
7826	42	
7827	81	
7828	10	
7829	50	
7830	18	
7831	46	
7832	84	
7833	85	
7834	17	
7835	85	
7836	60	
7837	16	
7838	77	
7839	36	
7840	90	
7841	58	
7842	1	
7843	28	
7844	95	
7845	65	
7846	13	
7847	87	
7848	66	
7849	4	
7850	61	
7851	34	
7852	33	
7853	70	
7854	98	
7855	56	
7856	67	
7857	82	
7858	86	
7859	30	
7860	72	
7861	98	
7862	59	
7863	7	
7864	26	
7865	42	
7866	12	
7867	32	
7868	24	
7869	44	
7870	53	
7871	87	
7872	70	
7873	31	
7874	73	
7875	49	
7876	5	
7877	98	
7878	3	
7879	5	
7880	2	
7881	63	
7882	91	
7883	59	
7884	60	
7885	50	
7886	71	
7887	92	
7888	32	
7889	41	
7890	21	
7891	23	
7892	10	
7893	11	
7894	33	
7895	99	
7896	35	
7897	52	
7898	5	
7899	45	
7900	54	
7901	52	
7902	62	
7903	56	
7904	89	
7905	49	
7906	70	
7907	88	
7908	15	
7909	39	
7910	30	
7911	5	
7912	29	
7913	67	
7914	38	
7915	56	
7916	3	
7917	19	
7918	14	
7919	2	
7920	41	
7921	5	
7922	73	
7923	98	
7924	80	
7925	1	
7926	81	
7927	13	
7928	35	
7929	6	
7930	91	
7931	33	
7932	17	
7933	53	
7934	26	
7935	32	
7936	83	
7937	75	
7938	57	
7939	47	
7940	100	
7941	33	
7942	98	
7943	21	
7944	59	
7945	67	
7946	55	
7947	59	
7948	1	
7949	16	
7950	18	
7951	75	
7952	37	
7953	38	
7954	14	
7955	23	
7956	13	
7957	3	
7958	98	
7959	94	
7960	96	
7961	76	
7962	35	
7963	71	
7964	59	
7965	35	
7966	6	
7967	54	
7968	58	
7969	74	
7970	65	
7971	84	
7972	29	
7973	44	
7974	49	
7975	83	
7976	93	
7977	96	
7978	62	
7979	84	
7980	11	
7981	82	
7982	51	
7983	59	
7984	93	
7985	79	
7986	61	
7987	52	
7988	50	
7989	70	
7990	21	
7991	45	
7992	40	
7993	60	
7994	37	
7995	24	
7996	29	
7997	5	
7998	37	
7999	67	
8000	68	
8001	89	
8002	7	
8003	83	
8004	26	
8005	39	
8006	1	
8007	80	
8008	79	
8009	86	
8010	38	
8011	41	
8012	28	
8013	72	
8014	55	
8015	33	
8016	21	
8017	89	
8018	22	
8019	55	
8020	10	
8021	22	
8022	6	
8023	91	
8024	43	
8025	20	
8026	44	
8027	31	
8028	46	
8029	76	
8030	41	
8031	83	
8032	21	
8033	37	
8034	22	
8035	41	
8036	10	
8037	11	
8038	38	
8039	87	
8040	33	
8041	96	
8042	24	
8043	92	
8044	58	
8045	83	
8046	52	
8047	62	
8048	20	
8049	27	
8050	80	
8051	32	
8052	38	
8053	66	
8054	100	
8055	16	
8056	35	
8057	44	
8058	45	
8059	65	
8060	23	
8061	19	
8062	87	
8063	37	
8064	50	
8065	94	
8066	28	
8067	2	
8068	46	
8069	80	
8070	77	
8071	93	
8072	14	
8073	51	
8074	40	
8075	93	
8076	62	
8077	83	
8078	74	
8079	34	
8080	63	
8081	86	
8082	64	
8083	44	
8084	6	
8085	11	
8086	28	
8087	3	
8088	46	
8089	21	
8090	11	
8091	42	
8092	72	
8093	39	
8094	86	
8095	38	
8096	87	
8097	19	
8098	74	
8099	10	
8100	50	
8101	97	
8102	82	
8103	13	
8104	30	
8105	99	
8106	17	
8107	37	
8108	55	
8109	15	
8110	7	
8111	36	
8112	58	
8113	74	
8114	94	
8115	91	
8116	33	
8117	21	
8118	2	
8119	41	
8120	48	
8121	23	
8122	15	
8123	90	
8124	8	
8125	48	
8126	11	
8127	57	
8128	52	
8129	25	
8130	31	
8131	80	
8132	65	
8133	71	
8134	48	
8135	36	
8136	79	
8137	71	
8138	32	
8139	8	
8140	71	
8141	4	
8142	20	
8143	73	
8144	28	
8145	78	
8146	93	
8147	60	
8148	8	
8149	7	
8150	77	
8151	89	
8152	90	
8153	54	
8154	41	
8155	52	
8156	20	
8157	53	
8158	26	
8159	35	
8160	56	
8161	72	
8162	17	
8163	77	
8164	100	
8165	97	
8166	57	
8167	70	
8168	75	
8169	68	
8170	65	
8171	49	
8172	82	
8173	90	
8174	44	
8175	16	
8176	82	
8177	39	
8178	54	
8179	40	
8180	95	
8181	93	
8182	90	
8183	16	
8184	40	
8185	5	
8186	32	
8187	76	
8188	99	
8189	79	
8190	82	
8191	56	
8192	23	
8193	55	
8194	5	
8195	4	
8196	22	
8197	52	
8198	14	
8199	99	
8200	34	
8201	45	
8202	67	
8203	5	
8204	54	
8205	100	
8206	41	
8207	50	
8208	19	
8209	21	
8210	21	
8211	39	
8212	17	
8213	49	
8214	37	
8215	82	
8216	1	
8217	80	
8218	77	
8219	84	
8220	94	
8221	61	
8222	24	
8223	35	
8224	59	
8225	35	
8226	86	
8227	62	
8228	72	
8229	52	
8230	45	
8231	62	
8232	9	
8233	63	
8234	34	
8235	56	
8236	25	
8237	59	
8238	88	
8239	91	
8240	93	
8241	63	
8242	33	
8243	24	
8244	3	
8245	21	
8246	81	
8247	2	
8248	42	
8249	33	
8250	31	
8251	42	
8252	5	
8253	48	
8254	47	
8255	9	
8256	98	
8257	96	
8258	89	
8259	58	
8260	38	
8261	28	
8262	62	
8263	95	
8264	48	
8265	66	
8266	4	
8267	29	
8268	43	
8269	90	
8270	76	
8271	58	
8272	69	
8273	86	
8274	35	
8275	68	
8276	80	
8277	41	
8278	22	
8279	65	
8280	75	
8281	58	
8282	28	
8283	54	
8284	15	
8285	80	
8286	97	
8287	46	
8288	4	
8289	93	
8290	74	
8291	94	
8292	35	
8293	1	
8294	65	
8295	68	
8296	67	
8297	93	
8298	59	
8299	21	
8300	21	
8301	54	
8302	78	
8303	24	
8304	74	
8305	53	
8306	94	
8307	59	
8308	5	
8309	87	
8310	14	
8311	59	
8312	59	
8313	7	
8314	69	
8315	13	
8316	69	
8317	49	
8318	87	
8319	17	
8320	86	
8321	50	
8322	36	
8323	99	
8324	12	
8325	35	
8326	97	
8327	11	
8328	25	
8329	33	
8330	83	
8331	71	
8332	47	
8333	19	
8334	17	
8335	9	
8336	82	
8337	17	
8338	27	
8339	72	
8340	82	
8341	57	
8342	63	
8343	67	
8344	67	
8345	58	
8346	29	
8347	67	
8348	19	
8349	14	
8350	32	
8351	83	
8352	76	
8353	77	
8354	56	
8355	44	
8356	4	
8357	41	
8358	75	
8359	28	
8360	75	
8361	21	
8362	58	
8363	21	
8364	12	
8365	16	
8366	51	
8367	100	
8368	29	
8369	94	
8370	6	
8371	60	
8372	10	
8373	67	
8374	69	
8375	26	
8376	7	
8377	92	
8378	98	
8379	80	
8380	76	
8381	83	
8382	90	
8383	88	
8384	17	
8385	36	
8386	89	
8387	47	
8388	64	
8389	100	
8390	10	
8391	88	
8392	60	
8393	7	
8394	90	
8395	56	
8396	45	
8397	2	
8398	29	
8399	74	
8400	32	
8401	91	
8402	50	
8403	46	
8404	38	
8405	46	
8406	58	
8407	35	
8408	6	
8409	8	
8410	21	
8411	91	
8412	45	
8413	54	
8414	61	
8415	67	
8416	22	
8417	31	
8418	48	
8419	13	
8420	92	
8421	91	
8422	11	
8423	23	
8424	97	
8425	32	
8426	63	
8427	87	
8428	26	
8429	33	
8430	50	
8431	94	
8432	27	
8433	57	
8434	64	
8435	31	
8436	82	
8437	50	
8438	39	
8439	3	
8440	17	
8441	64	
8442	25	
8443	52	
8444	89	
8445	73	
8446	71	
8447	25	
8448	87	
8449	24	
8450	53	
8451	17	
8452	83	
8453	95	
8454	94	
8455	44	
8456	37	
8457	71	
8458	22	
8459	24	
8460	34	
8461	44	
8462	80	
8463	10	
8464	10	
8465	27	
8466	51	
8467	31	
8468	97	
8469	94	
8470	11	
8471	74	
8472	23	
8473	61	
8474	19	
8475	97	
8476	41	
8477	44	
8478	29	
8479	57	
8480	11	
8481	17	
8482	91	
8483	60	
8484	98	
8485	92	
8486	46	
8487	13	
8488	30	
8489	82	
8490	79	
8491	79	
8492	86	
8493	56	
8494	48	
8495	15	
8496	52	
8497	7	
8498	68	
8499	41	
8500	84	
8501	35	
8502	52	
8503	44	
8504	21	
8505	26	
8506	98	
8507	12	
8508	97	
8509	68	
8510	46	
8511	56	
8512	3	
8513	10	
8514	55	
8515	94	
8516	21	
8517	93	
8518	20	
8519	23	
8520	13	
8521	81	
8522	73	
8523	14	
8524	22	
8525	37	
8526	41	
8527	44	
8528	66	
8529	86	
8530	83	
8531	6	
8532	78	
8533	81	
8534	91	
8535	24	
8536	51	
8537	52	
8538	76	
8539	33	
8540	100	
8541	81	
8542	12	
8543	70	
8544	67	
8545	64	
8546	65	
8547	38	
8548	59	
8549	67	
8550	16	
8551	12	
8552	97	
8553	10	
8554	9	
8555	22	
8556	1	
8557	66	
8558	16	
8559	34	
8560	95	
8561	59	
8562	84	
8563	61	
8564	28	
8565	95	
8566	83	
8567	74	
8568	4	
8569	66	
8570	10	
8571	37	
8572	11	
8573	6	
8574	96	
8575	18	
8576	30	
8577	19	
8578	28	
8579	77	
8580	85	
8581	34	
8582	5	
8583	12	
8584	76	
8585	82	
8586	39	
8587	98	
8588	76	
8589	27	
8590	76	
8591	8	
8592	56	
8593	92	
8594	78	
8595	68	
8596	70	
8597	86	
8598	53	
8599	95	
8600	77	
8601	98	
8602	11	
8603	64	
8604	10	
8605	28	
8606	89	
8607	29	
8608	65	
8609	42	
8610	53	
8611	18	
8612	43	
8613	81	
8614	36	
8615	31	
8616	43	
8617	40	
8618	26	
8619	40	
8620	6	
8621	62	
8622	55	
8623	16	
8624	1	
8625	38	
8626	65	
8627	92	
8628	71	
8629	34	
8630	89	
8631	83	
8632	1	
8633	13	
8634	85	
8635	38	
8636	4	
8637	67	
8638	40	
8639	86	
8640	83	
8641	10	
8642	19	
8643	54	
8644	36	
8645	73	
8646	28	
8647	32	
8648	81	
8649	14	
8650	47	
8651	9	
8652	12	
8653	69	
8654	10	
8655	23	
8656	85	
8657	24	
8658	19	
8659	8	
8660	80	
8661	98	
8662	66	
8663	2	
8664	29	
8665	66	
8666	76	
8667	54	
8668	46	
8669	22	
8670	17	
8671	38	
8672	85	
8673	3	
8674	23	
8675	89	
8676	44	
8677	45	
8678	18	
8679	96	
8680	83	
8681	1	
8682	89	
8683	40	
8684	14	
8685	36	
8686	48	
8687	52	
8688	61	
8689	35	
8690	29	
8691	54	
8692	1	
8693	86	
8694	65	
8695	59	
8696	85	
8697	99	
8698	86	
8699	36	
8700	68	
8701	30	
8702	63	
8703	65	
8704	27	
8705	40	
8706	21	
8707	38	
8708	37	
8709	94	
8710	62	
8711	70	
8712	44	
8713	12	
8714	22	
8715	30	
8716	51	
8717	76	
8718	35	
8719	29	
8720	60	
8721	86	
8722	58	
8723	6	
8724	69	
8725	24	
8726	21	
8727	46	
8728	25	
8729	73	
8730	77	
8731	94	
8732	21	
8733	79	
8734	43	
8735	67	
8736	100	
8737	2	
8738	44	
8739	74	
8740	25	
8741	32	
8742	7	
8743	51	
8744	94	
8745	20	
8746	67	
8747	87	
8748	8	
8749	25	
8750	44	
8751	99	
8752	63	
8753	71	
8754	68	
8755	66	
8756	93	
8757	94	
8758	71	
8759	9	
8760	16	
8761	55	
8762	37	
8763	54	
8764	45	
8765	88	
8766	69	
8767	59	
8768	69	
8769	60	
8770	29	
8771	49	
8772	40	
8773	14	
8774	30	
8775	63	
8776	54	
8777	77	
8778	55	
8779	74	
8780	53	
8781	47	
8782	94	
8783	61	
8784	22	
8785	11	
8786	88	
8787	4	
8788	60	
8789	44	
8790	67	
8791	98	
8792	66	
8793	50	
8794	95	
8795	92	
8796	26	
8797	2	
8798	28	
8799	29	
8800	74	
8801	99	
8802	52	
8803	70	
8804	68	
8805	21	
8806	30	
8807	69	
8808	11	
8809	42	
8810	12	
8811	96	
8812	37	
8813	17	
8814	22	
8815	53	
8816	84	
8817	41	
8818	29	
8819	76	
8820	51	
8821	44	
8822	56	
8823	9	
8824	36	
8825	82	
8826	55	
8827	41	
8828	34	
8829	96	
8830	68	
8831	62	
8832	2	
8833	87	
8834	76	
8835	46	
8836	95	
8837	49	
8838	85	
8839	74	
8840	95	
8841	72	
8842	82	
8843	64	
8844	12	
8845	100	
8846	99	
8847	51	
8848	54	
8849	19	
8850	64	
8851	91	
8852	22	
8853	20	
8854	15	
8855	76	
8856	86	
8857	46	
8858	53	
8859	49	
8860	73	
8861	91	
8862	19	
8863	74	
8864	58	
8865	68	
8866	74	
8867	32	
8868	17	
8869	69	
8870	28	
8871	54	
8872	23	
8873	27	
8874	66	
8875	59	
8876	60	
8877	7	
8878	19	
8879	88	
8880	36	
8881	37	
8882	29	
8883	49	
8884	96	
8885	36	
8886	16	
8887	24	
8888	68	
8889	3	
8890	4	
8891	7	
8892	32	
8893	35	
8894	91	
8895	1	
8896	5	
8897	53	
8898	93	
8899	61	
8900	75	
8901	6	
8902	78	
8903	36	
8904	58	
8905	86	
8906	96	
8907	73	
8908	19	
8909	99	
8910	95	
8911	88	
8912	69	
8913	21	
8914	19	
8915	89	
8916	70	
8917	53	
8918	22	
8919	88	
8920	45	
8921	32	
8922	88	
8923	45	
8924	55	
8925	99	
8926	20	
8927	14	
8928	28	
8929	50	
8930	2	
8931	5	
8932	73	
8933	59	
8934	29	
8935	9	
8936	21	
8937	70	
8938	100	
8939	86	
8940	46	
8941	15	
8942	34	
8943	91	
8944	6	
8945	97	
8946	23	
8947	48	
8948	28	
8949	91	
8950	78	
8951	46	
8952	6	
8953	74	
8954	75	
8955	64	
8956	26	
8957	72	
8958	4	
8959	42	
8960	87	
8961	16	
8962	33	
8963	83	
8964	90	
8965	57	
8966	73	
8967	24	
8968	28	
8969	90	
8970	17	
8971	49	
8972	80	
8973	5	
8974	90	
8975	20	
8976	10	
8977	81	
8978	41	
8979	34	
8980	65	
8981	97	
8982	47	
8983	7	
8984	18	
8985	69	
8986	27	
8987	23	
8988	68	
8989	90	
8990	9	
8991	4	
8992	45	
8993	71	
8994	53	
8995	52	
8996	87	
8997	64	
8998	60	
8999	26	
9000	34	
9001	95	
9002	72	
9003	74	
9004	14	
9005	83	
9006	68	
9007	35	
9008	63	
9009	66	
9010	32	
9011	14	
9012	98	
9013	52	
9014	63	
9015	74	
9016	10	
9017	32	
9018	4	
9019	43	
9020	94	
9021	8	
9022	35	
9023	1	
9024	23	
9025	19	
9026	35	
9027	88	
9028	28	
9029	43	
9030	32	
9031	43	
9032	36	
9033	97	
9034	68	
9035	98	
9036	87	
9037	81	
9038	15	
9039	22	
9040	38	
9041	28	
9042	33	
9043	57	
9044	50	
9045	8	
9046	39	
9047	4	
9048	2	
9049	8	
9050	95	
9051	67	
9052	79	
9053	98	
9054	55	
9055	33	
9056	37	
9057	39	
9058	51	
9059	46	
9060	12	
9061	99	
9062	21	
9063	74	
9064	89	
9065	79	
9066	98	
9067	1	
9068	80	
9069	32	
9070	84	
9071	71	
9072	90	
9073	51	
9074	7	
9075	51	
9076	78	
9077	4	
9078	58	
9079	49	
9080	9	
9081	69	
9082	44	
9083	93	
9084	96	
9085	98	
9086	97	
9087	11	
9088	18	
9089	40	
9090	60	
9091	23	
9092	88	
9093	20	
9094	12	
9095	12	
9096	46	
9097	14	
9098	46	
9099	79	
9100	93	
9101	52	
9102	2	
9103	90	
9104	89	
9105	2	
9106	43	
9107	19	
9108	50	
9109	53	
9110	94	
9111	88	
9112	52	
9113	50	
9114	3	
9115	94	
9116	4	
9117	34	
9118	52	
9119	100	
9120	47	
9121	61	
9122	87	
9123	94	
9124	44	
9125	85	
9126	5	
9127	17	
9128	91	
9129	45	
9130	27	
9131	55	
9132	6	
9133	84	
9134	23	
9135	8	
9136	91	
9137	81	
9138	97	
9139	10	
9140	89	
9141	19	
9142	83	
9143	90	
9144	86	
9145	24	
9146	83	
9147	1	
9148	69	
9149	51	
9150	49	
9151	55	
9152	35	
9153	59	
9154	39	
9155	41	
9156	95	
9157	35	
9158	60	
9159	96	
9160	7	
9161	61	
9162	30	
9163	22	
9164	26	
9165	69	
9166	52	
9167	17	
9168	5	
9169	22	
9170	88	
9171	91	
9172	20	
9173	25	
9174	26	
9175	30	
9176	81	
9177	54	
9178	44	
9179	27	
9180	68	
9181	96	
9182	24	
9183	46	
9184	83	
9185	42	
9186	50	
9187	73	
9188	61	
9189	53	
9190	24	
9191	9	
9192	31	
9193	74	
9194	10	
9195	67	
9196	85	
9197	7	
9198	84	
9199	97	
9200	79	
9201	67	
9202	29	
9203	67	
9204	51	
9205	19	
9206	19	
9207	17	
9208	30	
9209	49	
9210	64	
9211	84	
9212	80	
9213	86	
9214	72	
9215	58	
9216	99	
9217	65	
9218	17	
9219	77	
9220	76	
9221	16	
9222	13	
9223	34	
9224	47	
9225	64	
9226	16	
9227	63	
9228	13	
9229	53	
9230	5	
9231	79	
9232	45	
9233	40	
9234	55	
9235	94	
9236	37	
9237	95	
9238	46	
9239	99	
9240	4	
9241	93	
9242	41	
9243	83	
9244	35	
9245	68	
9246	2	
9247	46	
9248	62	
9249	1	
9250	35	
9251	63	
9252	86	
9253	52	
9254	69	
9255	29	
9256	22	
9257	22	
9258	16	
9259	98	
9260	51	
9261	68	
9262	92	
9263	7	
9264	74	
9265	2	
9266	19	
9267	67	
9268	31	
9269	39	
9270	22	
9271	47	
9272	81	
9273	21	
9274	55	
9275	69	
9276	62	
9277	99	
9278	94	
9279	12	
9280	37	
9281	57	
9282	54	
9283	39	
9284	75	
9285	48	
9286	37	
9287	79	
9288	17	
9289	76	
9290	33	
9291	39	
9292	98	
9293	19	
9294	8	
9295	15	
9296	11	
9297	49	
9298	45	
9299	23	
9300	40	
9301	71	
9302	71	
9303	46	
9304	81	
9305	18	
9306	43	
9307	54	
9308	68	
9309	43	
9310	43	
9311	28	
9312	51	
9313	74	
9314	26	
9315	34	
9316	9	
9317	5	
9318	84	
9319	95	
9320	99	
9321	63	
9322	8	
9323	59	
9324	60	
9325	11	
9326	62	
9327	69	
9328	47	
9329	32	
9330	49	
9331	41	
9332	37	
9333	73	
9334	95	
9335	64	
9336	22	
9337	88	
9338	77	
9339	21	
9340	14	
9341	16	
9342	97	
9343	56	
9344	82	
9345	60	
9346	4	
9347	40	
9348	77	
9349	67	
9350	80	
9351	26	
9352	33	
9353	75	
9354	9	
9355	57	
9356	18	
9357	72	
9358	89	
9359	65	
9360	67	
9361	93	
9362	74	
9363	83	
9364	42	
9365	3	
9366	8	
9367	92	
9368	70	
9369	58	
9370	64	
9371	87	
9372	64	
9373	65	
9374	6	
9375	69	
9376	67	
9377	70	
9378	56	
9379	21	
9380	54	
9381	77	
9382	42	
9383	23	
9384	15	
9385	8	
9386	63	
9387	10	
9388	47	
9389	97	
9390	79	
9391	48	
9392	15	
9393	49	
9394	80	
9395	54	
9396	62	
9397	45	
9398	54	
9399	59	
9400	77	
9401	33	
9402	10	
9403	31	
9404	41	
9405	42	
9406	100	
9407	70	
9408	61	
9409	25	
9410	38	
9411	24	
9412	22	
9413	68	
9414	1	
9415	95	
9416	32	
9417	29	
9418	95	
9419	82	
9420	12	
9421	67	
9422	77	
9423	94	
9424	62	
9425	66	
9426	4	
9427	25	
9428	2	
9429	48	
9430	59	
9431	45	
9432	60	
9433	28	
9434	88	
9435	78	
9436	2	
9437	49	
9438	63	
9439	73	
9440	70	
9441	41	
9442	85	
9443	61	
9444	62	
9445	19	
9446	10	
9447	90	
9448	33	
9449	7	
9450	85	
9451	84	
9452	13	
9453	66	
9454	54	
9455	39	
9456	89	
9457	60	
9458	30	
9459	74	
9460	30	
9461	56	
9462	60	
9463	13	
9464	55	
9465	88	
9466	76	
9467	4	
9468	10	
9469	87	
9470	77	
9471	99	
9472	38	
9473	41	
9474	57	
9475	54	
9476	41	
9477	71	
9478	93	
9479	20	
9480	6	
9481	1	
9482	32	
9483	21	
9484	57	
9485	21	
9486	20	
9487	38	
9488	87	
9489	87	
9490	66	
9491	73	
9492	45	
9493	72	
9494	52	
9495	51	
9496	25	
9497	97	
9498	2	
9499	44	
9500	90	
9501	31	
9502	76	
9503	47	
9504	7	
9505	66	
9506	60	
9507	29	
9508	84	
9509	80	
9510	21	
9511	76	
9512	22	
9513	12	
9514	32	
9515	21	
9516	77	
9517	1	
9518	64	
9519	31	
9520	17	
9521	38	
9522	39	
9523	16	
9524	40	
9525	1	
9526	29	
9527	77	
9528	95	
9529	78	
9530	54	
9531	75	
9532	34	
9533	7	
9534	68	
9535	90	
9536	19	
9537	47	
9538	16	
9539	42	
9540	47	
9541	29	
9542	95	
9543	22	
9544	98	
9545	4	
9546	75	
9547	55	
9548	21	
9549	69	
9550	57	
9551	20	
9552	75	
9553	90	
9554	14	
9555	65	
9556	38	
9557	55	
9558	8	
9559	13	
9560	73	
9561	32	
9562	7	
9563	53	
9564	65	
9565	32	
9566	62	
9567	44	
9568	62	
9569	38	
9570	1	
9571	59	
9572	41	
9573	23	
9574	91	
9575	92	
9576	57	
9577	28	
9578	39	
9579	100	
9580	12	
9581	75	
9582	56	
9583	59	
9584	32	
9585	30	
9586	94	
9587	68	
9588	16	
9589	17	
9590	100	
9591	7	
9592	14	
9593	95	
9594	50	
9595	61	
9596	76	
9597	21	
9598	62	
9599	72	
9600	89	
9601	80	
9602	97	
9603	89	
9604	43	
9605	74	
9606	20	
9607	48	
9608	60	
9609	65	
9610	64	
9611	72	
9612	51	
9613	20	
9614	36	
9615	100	
9616	81	
9617	39	
9618	16	
9619	26	
9620	90	
9621	12	
9622	10	
9623	85	
9624	79	
9625	18	
9626	94	
9627	72	
9628	75	
9629	59	
9630	71	
9631	39	
9632	48	
9633	48	
9634	5	
9635	95	
9636	100	
9637	21	
9638	43	
9639	14	
9640	55	
9641	26	
9642	80	
9643	22	
9644	1	
9645	71	
9646	23	
9647	20	
9648	42	
9649	25	
9650	92	
9651	31	
9652	47	
9653	100	
9654	22	
9655	44	
9656	52	
9657	42	
9658	20	
9659	29	
9660	37	
9661	18	
9662	62	
9663	89	
9664	63	
9665	40	
9666	24	
9667	7	
9668	58	
9669	37	
9670	67	
9671	3	
9672	81	
9673	25	
9674	93	
9675	46	
9676	75	
9677	14	
9678	90	
9679	43	
9680	90	
9681	91	
9682	61	
9683	58	
9684	8	
9685	32	
9686	27	
9687	91	
9688	40	
9689	54	
9690	64	
9691	33	
9692	35	
9693	17	
9694	51	
9695	69	
9696	1	
9697	56	
9698	80	
9699	6	
9700	38	
9701	73	
9702	29	
9703	23	
9704	83	
9705	99	
9706	95	
9707	98	
9708	29	
9709	29	
9710	76	
9711	25	
9712	82	
9713	98	
9714	16	
9715	40	
9716	37	
9717	56	
9718	50	
9719	52	
9720	12	
9721	43	
9722	37	
9723	40	
9724	8	
9725	61	
9726	49	
9727	35	
9728	22	
9729	49	
9730	86	
9731	59	
9732	43	
9733	50	
9734	5	
9735	85	
9736	97	
9737	7	
9738	75	
9739	28	
9740	38	
9741	81	
9742	51	
9743	65	
9744	57	
9745	46	
9746	33	
9747	21	
9748	77	
9749	2	
9750	30	
9751	28	
9752	67	
9753	73	
9754	92	
9755	77	
9756	69	
9757	18	
9758	13	
9759	5	
9760	76	
9761	91	
9762	53	
9763	31	
9764	19	
9765	60	
9766	42	
9767	79	
9768	90	
9769	75	
9770	5	
9771	72	
9772	19	
9773	14	
9774	12	
9775	11	
9776	1	
9777	74	
9778	59	
9779	8	
9780	41	
9781	64	
9782	36	
9783	94	
9784	58	
9785	63	
9786	65	
9787	73	
9788	58	
9789	47	
9790	15	
9791	85	
9792	72	
9793	50	
9794	10	
9795	41	
9796	22	
9797	2	
9798	77	
9799	10	
9800	23	
9801	63	
9802	20	
9803	68	
9804	11	
9805	8	
9806	22	
9807	1	
9808	55	
9809	7	
9810	78	
9811	62	
9812	64	
9813	6	
9814	68	
9815	75	
9816	81	
9817	90	
9818	7	
9819	84	
9820	58	
9821	37	
9822	66	
9823	43	
9824	49	
9825	69	
9826	48	
9827	7	
9828	58	
9829	1	
9830	98	
9831	100	
9832	11	
9833	9	
9834	85	
9835	66	
9836	92	
9837	14	
9838	34	
9839	89	
9840	18	
9841	36	
9842	32	
9843	7	
9844	23	
9845	30	
9846	41	
9847	19	
9848	19	
9849	50	
9850	71	
9851	61	
9852	86	
9853	15	
9854	70	
9855	29	
9856	29	
9857	77	
9858	25	
9859	67	
9860	28	
9861	57	
9862	84	
9863	1	
9864	11	
9865	91	
9866	52	
9867	10	
9868	27	
9869	29	
9870	51	
9871	55	
9872	20	
9873	90	
9874	87	
9875	6	
9876	66	
9877	90	
9878	28	
9879	45	
9880	9	
9881	70	
9882	4	
9883	53	
9884	82	
9885	66	
9886	73	
9887	93	
9888	53	
9889	89	
9890	10	
9891	1	
9892	99	
9893	9	
9894	95	
9895	13	
9896	63	
9897	9	
9898	40	
9899	97	
9900	55	
9901	52	
9902	75	
9903	68	
9904	5	
9905	85	
9906	96	
9907	44	
9908	96	
9909	46	
9910	5	
9911	46	
9912	66	
9913	51	
9914	59	
9915	31	
9916	17	
9917	6	
9918	77	
9919	51	
9920	16	
9921	98	
9922	86	
9923	38	
9924	9	
9925	50	
9926	93	
9927	75	
9928	90	
9929	32	
9930	30	
9931	15	
9932	74	
9933	44	
9934	95	
9935	68	
9936	90	
9937	80	
9938	46	
9939	28	
9940	42	
9941	55	
9942	67	
9943	9	
9944	75	
9945	69	
9946	20	
9947	84	
9948	16	
9949	30	
9950	78	
9951	88	
9952	75	
9953	48	
9954	63	
9955	94	
9956	23	
9957	7	
9958	92	
9959	16	
9960	29	
9961	88	
9962	65	
9963	27	
9964	92	
9965	48	
9966	62	
9967	47	
9968	47	
9969	92	
9970	30	
9971	99	
9972	11	
9973	97	
9974	15	
9975	43	
9976	28	
9977	23	
9978	30	
9979	20	
9980	87	
9981	67	
9982	6	
9983	72	
9984	62	
9985	42	
9986	46	
9987	48	
9988	16	
9989	97	
9990	69	
9991	15	
9992	56	
9993	92	
9994	67	
9995	98	
9996	47	
9997	30	
9998	98	
9999	60	
10000	60	
25041
