10000
1	82	
2	42	
3	44	
4	21	
5	54	
6	28	
7	83	
8	98	
9	19	
10	92	
11	30	
12	5	
13	26	
14	50	
15	7	
16	71	
17	39	
18	86	
19	83	
20	12	
21	91	
22	42	
23	82	
24	13	
25	3	
26	98	
27	100	
28	22	
29	52	
30	73	
31	56	
32	2	
33	38	
34	59	
35	82	
36	11	
37	34	
38	35	
39	98	
40	89	
41	85	
42	56	
43	16	
44	16	
45	25	
46	73	
47	92	
48	64	
49	21	
50	86	
51	97	
52	54	
53	3	
54	58	
55	55	
56	10	
57	47	
58	65	
59	30	
60	92	
61	15	
62	29	
63	42	
64	53	
65	70	
66	34	
67	7	
68	25	
69	2	
70	20	
71	28	
72	88	
73	28	
74	69	
75	74	
76	3	
77	73	
78	1	
79	79	
80	1	
81	40	
82	84	
83	65	
84	80	
85	80	
86	24	
87	98	
88	50	
89	40	
90	49	
91	7	
92	3	
93	19	
94	34	
95	90	
96	99	
97	91	
98	31	
99	98	
100	54	
101	75	
102	66	
103	44	
104	34	
105	83	
106	72	
107	13	
108	61	
109	53	
110	91	
111	25	
112	89	
113	83	
114	63	
115	75	
116	33	
117	13	
118	95	
119	67	
120	39	
121	86	
122	27	
123	54	
124	97	
125	3	
126	65	
127	26	
128	54	
129	17	
130	77	
131	60	
132	51	
133	49	
134	34	
135	59	
136	56	
137	63	
138	49	
139	32	
140	46	
141	5	
142	47	
143	69	
144	81	
145	59	
146	52	
147	92	
148	45	
149	7	
150	60	
151	99	
152	31	
153	8	
154	86	
155	40	
156	14	
157	16	
158	29	
159	96	
160	39	
161	79	
162	33	
163	64	
164	52	
165	59	
166	44	
167	1	
168	2	
169	16	
170	15	
171	9	
172	56	
173	67	
174	88	
175	5	
176	21	
177	88	
178	63	
179	44	
180	86	
181	65	
182	51	
183	74	
184	2	
185	75	
186	27	
187	92	
188	43	
189	90	
190	71	
191	24	
192	33	
193	62	
194	66	
195	75	
196	40	
197	42	
198	4	
199	1	
200	7	
201	93	
202	95	
203	57	
204	65	
205	37	
206	19	
207	58	
208	24	
209	9	
210	51	
211	62	
212	2	
213	93	
214	47	
215	24	
216	41	
217	98	
218	34	
219	43	
220	48	
221	84	
222	11	
223	11	
224	10	
225	26	
226	90	
227	29	
228	87	
229	25	
230	97	
231	91	
232	64	
233	23	
234	40	
235	3	
236	30	
237	3	
238	75	
239	75	
240	63	
241	43	
242	85	
243	7	
244	1	
245	64	
246	13	
247	20	
248	92	
249	98	
250	58	
251	33	
252	93	
253	91	
254	80	
255	57	
256	71	
257	14	
258	62	
259	17	
260	3	
261	21	
262	11	
263	17	
264	37	
265	5	
266	88	
267	12	
268	2	
269	67	
270	49	
271	22	
272	5	
273	38	
274	29	
275	71	
276	68	
277	45	
278	76	
279	15	
280	22	
281	19	
282	28	
283	65	
284	97	
285	6	
286	87	
287	53	
288	59	
289	71	
290	97	
291	52	
292	38	
293	34	
294	40	
295	61	
296	77	
297	64	
298	36	
299	84	
300	54	
301	58	
302	89	
303	4	
304	83	
305	45	
306	34	
307	33	
308	15	
309	34	
310	45	
311	92	
312	100	
313	68	
314	44	
315	36	
316	32	
317	3	
318	23	
319	16	
320	59	
321	52	
322	45	
323	74	
324	64	
325	31	
326	21	
327	84	
328	13	
329	64	
330	47	
331	14	
332	13	
333	83	
334	82	
335	48	
336	61	
337	93	
338	45	
339	46	
340	86	
341	11	
342	60	
343	48	
344	22	
345	10	
346	9	
347	30	
348	4	
349	79	
350	1	
351	6	
352	46	
353	82	
354	82	
355	38	
356	11	
357	29	
358	45	
359	17	
360	76	
361	88	
362	35	
363	55	
364	28	
365	56	
366	73	
367	27	
368	62	
369	41	
370	25	
371	98	
372	68	
373	62	
374	72	
375	6	
376	23	
377	29	
378	60	
379	6	
380	71	
381	57	
382	49	
383	46	
384	1	
385	33	
386	1	
387	97	
388	56	
389	32	
390	42	
391	81	
392	31	
393	25	
394	48	
395	58	
396	15	
397	26	
398	46	
399	32	
400	31	
401	74	
402	35	
403	84	
404	21	
405	40	
406	94	
407	76	
408	36	
409	100	
410	72	
411	29	
412	53	
413	59	
414	55	
415	57	
416	88	
417	57	
418	38	
419	62	
420	98	
421	95	
422	73	
423	3	
424	66	
425	78	
426	87	
427	16	
428	94	
429	92	
430	92	
431	25	
432	28	
433	88	
434	23	
435	1	
436	31	
437	72	
438	38	
439	44	
440	57	
441	20	
442	6	
443	78	
444	32	
445	77	
446	46	
447	95	
448	47	
449	97	
450	37	
451	23	
452	15	
453	47	
454	97	
455	64	
456	56	
457	81	
458	100	
459	9	
460	24	
461	43	
462	28	
463	11	
464	8	
465	98	
466	36	
467	80	
468	48	
469	44	
470	39	
471	2	
472	1	
473	60	
474	46	
475	50	
476	21	
477	77	
478	14	
479	71	
480	45	
481	33	
482	89	
483	61	
484	64	
485	15	
486	31	
487	40	
488	74	
489	19	
490	83	
491	97	
492	9	
493	3	
494	45	
495	49	
496	8	
497	61	
498	43	
499	14	
500	20	
501	77	
502	30	
503	75	
504	33	
505	73	
506	75	
507	1	
508	51	
509	41	
510	61	
511	70	
512	46	
513	30	
514	42	
515	15	
516	72	
517	80	
518	47	
519	15	
520	72	
521	79	
522	3	
523	74	
524	54	
525	99	
526	40	
527	85	
528	84	
529	53	
530	7	
531	15	
532	56	
533	46	
534	31	
535	15	
536	96	
537	67	
538	70	
539	62	
540	16	
541	93	
542	96	
543	31	
544	80	
545	48	
546	54	
547	11	
548	48	
549	26	
550	100	
551	56	
552	33	
553	95	
554	21	
555	91	
556	3	
557	20	
558	49	
559	72	
560	27	
561	61	
562	85	
563	58	
564	32	
565	80	
566	1	
567	53	
568	23	
569	85	
570	23	
571	70	
572	73	
573	30	
574	18	
575	47	
576	41	
577	23	
578	23	
579	45	
580	8	
581	20	
582	59	
583	3	
584	70	
585	71	
586	32	
587	90	
588	64	
589	77	
590	95	
591	57	
592	85	
593	50	
594	41	
595	28	
596	87	
597	99	
598	4	
599	22	
600	34	
601	8	
602	53	
603	100	
604	25	
605	8	
606	29	
607	70	
608	37	
609	94	
610	25	
611	10	
612	55	
613	83	
614	4	
615	66	
616	94	
617	57	
618	77	
619	40	
620	24	
621	75	
622	51	
623	5	
624	44	
625	67	
626	3	
627	80	
628	95	
629	90	
630	90	
631	38	
632	32	
633	60	
634	93	
635	66	
636	93	
637	51	
638	94	
639	35	
640	9	
641	70	
642	13	
643	26	
644	86	
645	99	
646	78	
647	35	
648	50	
649	34	
650	100	
651	9	
652	52	
653	98	
654	17	
655	15	
656	30	
657	89	
658	2	
659	64	
660	85	
661	82	
662	69	
663	84	
664	10	
665	36	
666	94	
667	89	
668	65	
669	66	
670	28	
671	95	
672	5	
673	26	
674	83	
675	13	
676	100	
677	11	
678	22	
679	10	
680	54	
681	77	
682	80	
683	64	
684	31	
685	61	
686	100	
687	85	
688	7	
689	4	
690	14	
691	1	
692	4	
693	78	
694	85	
695	33	
696	39	
697	81	
698	29	
699	72	
700	56	
701	25	
702	32	
703	17	
704	68	
705	87	
706	99	
707	90	
708	63	
709	100	
710	95	
711	28	
712	9	
713	12	
714	26	
715	26	
716	98	
717	69	
718	21	
719	72	
720	17	
721	71	
722	73	
723	94	
724	41	
725	20	
726	67	
727	96	
728	92	
729	86	
730	66	
731	37	
732	71	
733	13	
734	62	
735	34	
736	48	
737	69	
738	24	
739	17	
740	56	
741	13	
742	74	
743	29	
744	64	
745	52	
746	77	
747	42	
748	41	
749	42	
750	67	
751	7	
752	93	
753	91	
754	28	
755	81	
756	75	
757	85	
758	7	
759	70	
760	1	
761	57	
762	4	
763	25	
764	45	
765	66	
766	21	
767	78	
768	58	
769	15	
770	35	
771	76	
772	18	
773	11	
774	19	
775	100	
776	99	
777	32	
778	14	
779	17	
780	63	
781	95	
782	79	
783	32	
784	74	
785	40	
786	94	
787	6	
788	84	
789	80	
790	5	
791	19	
792	18	
793	75	
794	20	
795	63	
796	39	
797	60	
798	74	
799	56	
800	60	
801	78	
802	19	
803	37	
804	3	
805	30	
806	29	
807	11	
808	17	
809	69	
810	53	
811	55	
812	17	
813	1	
814	69	
815	16	
816	2	
817	5	
818	73	
819	11	
820	93	
821	23	
822	68	
823	87	
824	90	
825	39	
826	82	
827	36	
828	37	
829	22	
830	56	
831	98	
832	46	
833	77	
834	69	
835	12	
836	7	
837	41	
838	97	
839	43	
840	3	
841	67	
842	17	
843	19	
844	83	
845	35	
846	40	
847	38	
848	50	
849	3	
850	30	
851	30	
852	81	
853	94	
854	73	
855	64	
856	93	
857	58	
858	65	
859	27	
860	82	
861	85	
862	5	
863	65	
864	4	
865	97	
866	48	
867	95	
868	60	
869	49	
870	31	
871	2	
872	44	
873	57	
874	7	
875	2	
876	28	
877	10	
878	33	
879	23	
880	5	
881	37	
882	100	
883	99	
884	46	
885	47	
886	95	
887	65	
888	40	
889	19	
890	42	
891	74	
892	43	
893	88	
894	10	
895	71	
896	17	
897	86	
898	62	
899	95	
900	11	
901	22	
902	86	
903	64	
904	53	
905	32	
906	7	
907	59	
908	13	
909	10	
910	56	
911	47	
912	64	
913	36	
914	80	
915	79	
916	33	
917	47	
918	3	
919	76	
920	35	
921	96	
922	32	
923	22	
924	68	
925	44	
926	62	
927	68	
928	10	
929	63	
930	56	
931	99	
932	99	
933	59	
934	15	
935	13	
936	18	
937	100	
938	16	
939	51	
940	29	
941	35	
942	20	
943	1	
944	43	
945	48	
946	66	
947	46	
948	28	
949	49	
950	53	
951	10	
952	2	
953	46	
954	4	
955	58	
956	96	
957	69	
958	15	
959	96	
960	22	
961	5	
962	53	
963	29	
964	22	
965	13	
966	69	
967	16	
968	6	
969	100	
970	95	
971	98	
972	73	
973	63	
974	90	
975	18	
976	97	
977	40	
978	13	
979	79	
980	15	
981	3	
982	56	
983	67	
984	68	
985	5	
986	6	
987	48	
988	16	
989	78	
990	33	
991	78	
992	22	
993	68	
994	35	
995	30	
996	73	
997	63	
998	81	
999	86	
1000	34	
1001	37	
1002	60	
1003	7	
1004	65	
1005	81	
1006	45	
1007	61	
1008	59	
1009	29	
1010	2	
1011	31	
1012	86	
1013	22	
1014	61	
1015	30	
1016	22	
1017	36	
1018	41	
1019	81	
1020	11	
1021	84	
1022	18	
1023	59	
1024	70	
1025	3	
1026	39	
1027	53	
1028	43	
1029	70	
1030	31	
1031	30	
1032	50	
1033	10	
1034	6	
1035	51	
1036	96	
1037	63	
1038	50	
1039	87	
1040	36	
1041	50	
1042	25	
1043	98	
1044	76	
1045	1	
1046	35	
1047	95	
1048	15	
1049	15	
1050	78	
1051	44	
1052	42	
1053	71	
1054	19	
1055	78	
1056	41	
1057	59	
1058	36	
1059	19	
1060	73	
1061	30	
1062	62	
1063	33	
1064	21	
1065	76	
1066	37	
1067	6	
1068	15	
1069	70	
1070	97	
1071	44	
1072	61	
1073	61	
1074	77	
1075	99	
1076	58	
1077	17	
1078	19	
1079	32	
1080	48	
1081	12	
1082	100	
1083	42	
1084	17	
1085	70	
1086	59	
1087	16	
1088	76	
1089	11	
1090	35	
1091	76	
1092	87	
1093	94	
1094	23	
1095	43	
1096	96	
1097	15	
1098	99	
1099	75	
1100	17	
1101	18	
1102	1	
1103	11	
1104	78	
1105	91	
1106	15	
1107	83	
1108	35	
1109	70	
1110	49	
1111	51	
1112	49	
1113	85	
1114	33	
1115	82	
1116	3	
1117	6	
1118	48	
1119	61	
1120	71	
1121	5	
1122	44	
1123	35	
1124	20	
1125	3	
1126	49	
1127	19	
1128	22	
1129	54	
1130	90	
1131	39	
1132	87	
1133	38	
1134	11	
1135	37	
1136	58	
1137	67	
1138	26	
1139	82	
1140	72	
1141	3	
1142	20	
1143	36	
1144	77	
1145	86	
1146	78	
1147	33	
1148	13	
1149	46	
1150	43	
1151	24	
1152	57	
1153	90	
1154	2	
1155	57	
1156	17	
1157	89	
1158	37	
1159	42	
1160	73	
1161	58	
1162	78	
1163	6	
1164	25	
1165	26	
1166	87	
1167	90	
1168	14	
1169	39	
1170	7	
1171	91	
1172	69	
1173	81	
1174	41	
1175	89	
1176	85	
1177	48	
1178	62	
1179	87	
1180	47	
1181	23	
1182	39	
1183	70	
1184	63	
1185	1	
1186	50	
1187	13	
1188	53	
1189	15	
1190	3	
1191	44	
1192	98	
1193	86	
1194	25	
1195	91	
1196	11	
1197	36	
1198	36	
1199	73	
1200	2	
1201	76	
1202	66	
1203	95	
1204	49	
1205	71	
1206	76	
1207	75	
1208	92	
1209	51	
1210	91	
1211	28	
1212	4	
1213	17	
1214	53	
1215	22	
1216	72	
1217	20	
1218	59	
1219	44	
1220	93	
1221	22	
1222	27	
1223	36	
1224	76	
1225	11	
1226	77	
1227	34	
1228	56	
1229	42	
1230	55	
1231	55	
1232	85	
1233	73	
1234	70	
1235	73	
1236	17	
1237	59	
1238	12	
1239	61	
1240	24	
1241	83	
1242	30	
1243	79	
1244	1	
1245	35	
1246	85	
1247	65	
1248	13	
1249	23	
1250	14	
1251	46	
1252	89	
1253	37	
1254	36	
1255	23	
1256	76	
1257	85	
1258	74	
1259	17	
1260	88	
1261	4	
1262	3	
1263	7	
1264	36	
1265	71	
1266	20	
1267	58	
1268	33	
1269	46	
1270	38	
1271	69	
1272	62	
1273	91	
1274	34	
1275	48	
1276	54	
1277	82	
1278	78	
1279	71	
1280	78	
1281	23	
1282	67	
1283	54	
1284	69	
1285	85	
1286	22	
1287	96	
1288	57	
1289	44	
1290	13	
1291	94	
1292	85	
1293	24	
1294	69	
1295	54	
1296	19	
1297	89	
1298	31	
1299	6	
1300	24	
1301	39	
1302	29	
1303	48	
1304	5	
1305	59	
1306	100	
1307	97	
1308	22	
1309	69	
1310	13	
1311	76	
1312	54	
1313	92	
1314	45	
1315	53	
1316	56	
1317	90	
1318	67	
1319	24	
1320	37	
1321	3	
1322	26	
1323	37	
1324	33	
1325	19	
1326	5	
1327	96	
1328	49	
1329	12	
1330	80	
1331	36	
1332	47	
1333	36	
1334	58	
1335	5	
1336	91	
1337	93	
1338	67	
1339	12	
1340	21	
1341	98	
1342	29	
1343	83	
1344	62	
1345	74	
1346	33	
1347	99	
1348	82	
1349	47	
1350	9	
1351	31	
1352	73	
1353	78	
1354	24	
1355	44	
1356	76	
1357	52	
1358	34	
1359	76	
1360	26	
1361	56	
1362	7	
1363	77	
1364	29	
1365	25	
1366	53	
1367	45	
1368	40	
1369	59	
1370	4	
1371	93	
1372	41	
1373	42	
1374	8	
1375	64	
1376	6	
1377	28	
1378	59	
1379	79	
1380	40	
1381	5	
1382	56	
1383	48	
1384	13	
1385	6	
1386	96	
1387	4	
1388	67	
1389	49	
1390	53	
1391	83	
1392	4	
1393	81	
1394	40	
1395	24	
1396	39	
1397	4	
1398	77	
1399	80	
1400	2	
1401	1	
1402	27	
1403	57	
1404	20	
1405	24	
1406	59	
1407	44	
1408	45	
1409	87	
1410	42	
1411	26	
1412	10	
1413	64	
1414	37	
1415	28	
1416	84	
1417	47	
1418	78	
1419	44	
1420	78	
1421	31	
1422	66	
1423	93	
1424	53	
1425	74	
1426	18	
1427	15	
1428	17	
1429	98	
1430	63	
1431	41	
1432	19	
1433	16	
1434	64	
1435	4	
1436	54	
1437	58	
1438	85	
1439	71	
1440	16	
1441	6	
1442	63	
1443	11	
1444	88	
1445	27	
1446	20	
1447	15	
1448	82	
1449	25	
1450	85	
1451	50	
1452	24	
1453	69	
1454	60	
1455	37	
1456	49	
1457	43	
1458	97	
1459	15	
1460	70	
1461	62	
1462	75	
1463	73	
1464	95	
1465	28	
1466	50	
1467	34	
1468	48	
1469	96	
1470	88	
1471	69	
1472	26	
1473	98	
1474	25	
1475	55	
1476	1	
1477	83	
1478	52	
1479	32	
1480	89	
1481	51	
1482	46	
1483	47	
1484	62	
1485	96	
1486	64	
1487	84	
1488	18	
1489	78	
1490	3	
1491	19	
1492	15	
1493	70	
1494	16	
1495	55	
1496	47	
1497	93	
1498	57	
1499	42	
1500	30	
1501	16	
1502	8	
1503	45	
1504	56	
1505	19	
1506	13	
1507	22	
1508	46	
1509	23	
1510	50	
1511	87	
1512	75	
1513	6	
1514	64	
1515	6	
1516	84	
1517	20	
1518	53	
1519	25	
1520	49	
1521	9	
1522	45	
1523	53	
1524	64	
1525	87	
1526	7	
1527	84	
1528	87	
1529	58	
1530	35	
1531	20	
1532	92	
1533	72	
1534	15	
1535	64	
1536	26	
1537	60	
1538	75	
1539	99	
1540	34	
1541	56	
1542	62	
1543	26	
1544	36	
1545	21	
1546	25	
1547	80	
1548	29	
1549	24	
1550	28	
1551	77	
1552	13	
1553	100	
1554	54	
1555	53	
1556	84	
1557	44	
1558	28	
1559	64	
1560	46	
1561	80	
1562	42	
1563	22	
1564	37	
1565	20	
1566	58	
1567	73	
1568	19	
1569	78	
1570	46	
1571	3	
1572	54	
1573	46	
1574	83	
1575	63	
1576	45	
1577	33	
1578	82	
1579	97	
1580	70	
1581	57	
1582	45	
1583	100	
1584	96	
1585	36	
1586	76	
1587	1	
1588	4	
1589	78	
1590	66	
1591	66	
1592	1	
1593	10	
1594	74	
1595	30	
1596	74	
1597	93	
1598	96	
1599	13	
1600	32	
1601	100	
1602	71	
1603	2	
1604	50	
1605	96	
1606	2	
1607	67	
1608	2	
1609	14	
1610	98	
1611	20	
1612	91	
1613	42	
1614	27	
1615	25	
1616	47	
1617	29	
1618	24	
1619	67	
1620	63	
1621	29	
1622	85	
1623	43	
1624	100	
1625	97	
1626	72	
1627	100	
1628	54	
1629	43	
1630	11	
1631	16	
1632	64	
1633	79	
1634	42	
1635	91	
1636	97	
1637	31	
1638	27	
1639	57	
1640	95	
1641	75	
1642	47	
1643	66	
1644	99	
1645	12	
1646	7	
1647	37	
1648	89	
1649	91	
1650	57	
1651	75	
1652	26	
1653	12	
1654	51	
1655	11	
1656	74	
1657	40	
1658	20	
1659	17	
1660	90	
1661	45	
1662	12	
1663	25	
1664	97	
1665	31	
1666	98	
1667	79	
1668	60	
1669	35	
1670	13	
1671	18	
1672	47	
1673	33	
1674	73	
1675	86	
1676	31	
1677	83	
1678	25	
1679	40	
1680	87	
1681	61	
1682	52	
1683	30	
1684	69	
1685	36	
1686	22	
1687	41	
1688	92	
1689	65	
1690	26	
1691	1	
1692	57	
1693	20	
1694	42	
1695	89	
1696	60	
1697	7	
1698	92	
1699	53	
1700	94	
1701	15	
1702	73	
1703	77	
1704	46	
1705	95	
1706	37	
1707	62	
1708	78	
1709	58	
1710	88	
1711	61	
1712	41	
1713	3	
1714	5	
1715	40	
1716	15	
1717	100	
1718	94	
1719	70	
1720	94	
1721	5	
1722	1	
1723	36	
1724	57	
1725	12	
1726	38	
1727	99	
1728	80	
1729	8	
1730	15	
1731	38	
1732	32	
1733	24	
1734	58	
1735	31	
1736	10	
1737	83	
1738	87	
1739	15	
1740	33	
1741	90	
1742	45	
1743	33	
1744	62	
1745	63	
1746	83	
1747	76	
1748	41	
1749	90	
1750	33	
1751	66	
1752	63	
1753	3	
1754	17	
1755	57	
1756	23	
1757	24	
1758	68	
1759	49	
1760	31	
1761	38	
1762	80	
1763	74	
1764	2	
1765	37	
1766	17	
1767	12	
1768	49	
1769	10	
1770	31	
1771	20	
1772	40	
1773	55	
1774	31	
1775	31	
1776	15	
1777	83	
1778	99	
1779	28	
1780	95	
1781	47	
1782	28	
1783	56	
1784	43	
1785	65	
1786	100	
1787	52	
1788	66	
1789	85	
1790	15	
1791	64	
1792	45	
1793	88	
1794	31	
1795	69	
1796	39	
1797	55	
1798	42	
1799	32	
1800	99	
1801	23	
1802	84	
1803	47	
1804	46	
1805	84	
1806	99	
1807	80	
1808	51	
1809	31	
1810	89	
1811	73	
1812	80	
1813	42	
1814	2	
1815	20	
1816	92	
1817	40	
1818	20	
1819	79	
1820	12	
1821	59	
1822	96	
1823	23	
1824	52	
1825	59	
1826	43	
1827	33	
1828	96	
1829	2	
1830	92	
1831	18	
1832	17	
1833	52	
1834	15	
1835	96	
1836	44	
1837	18	
1838	53	
1839	20	
1840	31	
1841	8	
1842	56	
1843	73	
1844	85	
1845	65	
1846	53	
1847	56	
1848	52	
1849	43	
1850	13	
1851	36	
1852	66	
1853	73	
1854	18	
1855	64	
1856	6	
1857	35	
1858	17	
1859	73	
1860	57	
1861	57	
1862	32	
1863	46	
1864	39	
1865	29	
1866	27	
1867	60	
1868	57	
1869	12	
1870	96	
1871	78	
1872	83	
1873	94	
1874	84	
1875	8	
1876	53	
1877	24	
1878	70	
1879	30	
1880	52	
1881	19	
1882	92	
1883	55	
1884	75	
1885	72	
1886	63	
1887	39	
1888	47	
1889	15	
1890	97	
1891	91	
1892	81	
1893	29	
1894	22	
1895	94	
1896	89	
1897	16	
1898	17	
1899	47	
1900	31	
1901	19	
1902	1	
1903	59	
1904	98	
1905	60	
1906	51	
1907	2	
1908	85	
1909	69	
1910	12	
1911	78	
1912	39	
1913	36	
1914	85	
1915	97	
1916	16	
1917	55	
1918	28	
1919	38	
1920	16	
1921	23	
1922	34	
1923	100	
1924	53	
1925	10	
1926	29	
1927	92	
1928	22	
1929	99	
1930	85	
1931	53	
1932	55	
1933	11	
1934	24	
1935	55	
1936	73	
1937	71	
1938	7	
1939	78	
1940	81	
1941	5	
1942	48	
1943	30	
1944	6	
1945	13	
1946	88	
1947	22	
1948	41	
1949	63	
1950	88	
1951	18	
1952	81	
1953	69	
1954	97	
1955	68	
1956	81	
1957	71	
1958	50	
1959	12	
1960	6	
1961	30	
1962	18	
1963	17	
1964	96	
1965	95	
1966	40	
1967	53	
1968	20	
1969	59	
1970	33	
1971	61	
1972	24	
1973	95	
1974	10	
1975	79	
1976	4	
1977	63	
1978	16	
1979	9	
1980	33	
1981	92	
1982	5	
1983	54	
1984	26	
1985	63	
1986	97	
1987	82	
1988	88	
1989	49	
1990	88	
1991	51	
1992	91	
1993	10	
1994	33	
1995	72	
1996	72	
1997	12	
1998	6	
1999	18	
2000	86	
2001	39	
2002	80	
2003	62	
2004	39	
2005	49	
2006	49	
2007	96	
2008	90	
2009	77	
2010	33	
2011	4	
2012	21	
2013	93	
2014	59	
2015	96	
2016	6	
2017	65	
2018	24	
2019	30	
2020	31	
2021	63	
2022	8	
2023	69	
2024	15	
2025	3	
2026	25	
2027	65	
2028	59	
2029	62	
2030	5	
2031	77	
2032	88	
2033	28	
2034	1	
2035	98	
2036	58	
2037	4	
2038	30	
2039	3	
2040	76	
2041	40	
2042	37	
2043	52	
2044	24	
2045	83	
2046	100	
2047	89	
2048	13	
2049	33	
2050	51	
2051	2	
2052	57	
2053	26	
2054	38	
2055	13	
2056	46	
2057	32	
2058	39	
2059	97	
2060	15	
2061	96	
2062	86	
2063	79	
2064	10	
2065	26	
2066	27	
2067	61	
2068	100	
2069	79	
2070	100	
2071	25	
2072	29	
2073	4	
2074	49	
2075	88	
2076	91	
2077	46	
2078	90	
2079	12	
2080	5	
2081	32	
2082	45	
2083	28	
2084	71	
2085	38	
2086	93	
2087	93	
2088	18	
2089	86	
2090	43	
2091	56	
2092	42	
2093	63	
2094	37	
2095	4	
2096	67	
2097	56	
2098	67	
2099	50	
2100	14	
2101	39	
2102	8	
2103	97	
2104	62	
2105	20	
2106	84	
2107	85	
2108	2	
2109	25	
2110	33	
2111	18	
2112	92	
2113	61	
2114	40	
2115	100	
2116	41	
2117	66	
2118	54	
2119	54	
2120	36	
2121	81	
2122	24	
2123	33	
2124	84	
2125	63	
2126	41	
2127	43	
2128	19	
2129	31	
2130	61	
2131	30	
2132	27	
2133	76	
2134	62	
2135	24	
2136	59	
2137	85	
2138	64	
2139	66	
2140	100	
2141	69	
2142	98	
2143	47	
2144	42	
2145	90	
2146	80	
2147	11	
2148	2	
2149	23	
2150	72	
2151	94	
2152	7	
2153	84	
2154	39	
2155	85	
2156	22	
2157	83	
2158	91	
2159	89	
2160	8	
2161	54	
2162	41	
2163	25	
2164	28	
2165	85	
2166	5	
2167	18	
2168	35	
2169	59	
2170	62	
2171	37	
2172	62	
2173	21	
2174	65	
2175	90	
2176	48	
2177	64	
2178	70	
2179	85	
2180	43	
2181	21	
2182	21	
2183	13	
2184	53	
2185	20	
2186	36	
2187	27	
2188	96	
2189	23	
2190	3	
2191	38	
2192	8	
2193	22	
2194	82	
2195	6	
2196	25	
2197	39	
2198	58	
2199	86	
2200	91	
2201	73	
2202	41	
2203	15	
2204	56	
2205	2	
2206	77	
2207	40	
2208	54	
2209	10	
2210	82	
2211	86	
2212	71	
2213	63	
2214	18	
2215	95	
2216	71	
2217	9	
2218	74	
2219	64	
2220	73	
2221	53	
2222	64	
2223	49	
2224	79	
2225	55	
2226	80	
2227	73	
2228	5	
2229	25	
2230	21	
2231	45	
2232	39	
2233	76	
2234	18	
2235	87	
2236	37	
2237	32	
2238	11	
2239	65	
2240	91	
2241	69	
2242	92	
2243	33	
2244	39	
2245	82	
2246	62	
2247	87	
2248	28	
2249	86	
2250	70	
2251	64	
2252	95	
2253	19	
2254	27	
2255	39	
2256	43	
2257	56	
2258	16	
2259	100	
2260	29	
2261	1	
2262	37	
2263	78	
2264	42	
2265	79	
2266	41	
2267	22	
2268	78	
2269	22	
2270	7	
2271	88	
2272	92	
2273	77	
2274	3	
2275	27	
2276	71	
2277	13	
2278	23	
2279	58	
2280	33	
2281	36	
2282	8	
2283	58	
2284	67	
2285	65	
2286	67	
2287	99	
2288	65	
2289	82	
2290	74	
2291	93	
2292	1	
2293	100	
2294	71	
2295	26	
2296	69	
2297	7	
2298	13	
2299	96	
2300	90	
2301	89	
2302	12	
2303	93	
2304	93	
2305	17	
2306	59	
2307	3	
2308	74	
2309	89	
2310	5	
2311	51	
2312	73	
2313	26	
2314	43	
2315	91	
2316	39	
2317	76	
2318	65	
2319	18	
2320	4	
2321	25	
2322	74	
2323	21	
2324	52	
2325	25	
2326	46	
2327	73	
2328	95	
2329	36	
2330	51	
2331	28	
2332	34	
2333	60	
2334	83	
2335	70	
2336	25	
2337	86	
2338	58	
2339	70	
2340	85	
2341	6	
2342	18	
2343	19	
2344	98	
2345	65	
2346	87	
2347	59	
2348	63	
2349	68	
2350	85	
2351	84	
2352	66	
2353	52	
2354	15	
2355	91	
2356	27	
2357	66	
2358	99	
2359	54	
2360	85	
2361	13	
2362	39	
2363	39	
2364	10	
2365	8	
2366	8	
2367	53	
2368	93	
2369	63	
2370	62	
2371	39	
2372	56	
2373	35	
2374	4	
2375	2	
2376	33	
2377	69	
2378	2	
2379	9	
2380	99	
2381	61	
2382	82	
2383	68	
2384	32	
2385	68	
2386	78	
2387	8	
2388	37	
2389	19	
2390	46	
2391	26	
2392	31	
2393	11	
2394	52	
2395	5	
2396	93	
2397	97	
2398	34	
2399	82	
2400	33	
2401	57	
2402	55	
2403	96	
2404	30	
2405	9	
2406	43	
2407	79	
2408	49	
2409	33	
2410	98	
2411	26	
2412	6	
2413	38	
2414	57	
2415	11	
2416	89	
2417	28	
2418	6	
2419	75	
2420	87	
2421	46	
2422	7	
2423	49	
2424	44	
2425	38	
2426	91	
2427	93	
2428	56	
2429	83	
2430	9	
2431	79	
2432	80	
2433	96	
2434	82	
2435	90	
2436	48	
2437	72	
2438	56	
2439	35	
2440	32	
2441	78	
2442	55	
2443	98	
2444	57	
2445	92	
2446	34	
2447	29	
2448	74	
2449	29	
2450	28	
2451	25	
2452	41	
2453	92	
2454	93	
2455	70	
2456	81	
2457	5	
2458	83	
2459	88	
2460	71	
2461	81	
2462	43	
2463	22	
2464	95	
2465	47	
2466	63	
2467	4	
2468	6	
2469	27	
2470	75	
2471	26	
2472	91	
2473	7	
2474	51	
2475	68	
2476	67	
2477	22	
2478	44	
2479	29	
2480	43	
2481	91	
2482	100	
2483	42	
2484	78	
2485	96	
2486	16	
2487	94	
2488	1	
2489	69	
2490	89	
2491	13	
2492	57	
2493	51	
2494	66	
2495	47	
2496	1	
2497	39	
2498	74	
2499	100	
2500	23	
2501	71	
2502	80	
2503	75	
2504	57	
2505	13	
2506	43	
2507	97	
2508	89	
2509	45	
2510	76	
2511	84	
2512	79	
2513	69	
2514	73	
2515	30	
2516	87	
2517	16	
2518	45	
2519	36	
2520	69	
2521	17	
2522	73	
2523	13	
2524	15	
2525	35	
2526	14	
2527	63	
2528	91	
2529	100	
2530	78	
2531	11	
2532	35	
2533	15	
2534	38	
2535	67	
2536	99	
2537	60	
2538	90	
2539	24	
2540	51	
2541	13	
2542	93	
2543	73	
2544	87	
2545	28	
2546	52	
2547	52	
2548	88	
2549	13	
2550	44	
2551	66	
2552	49	
2553	90	
2554	94	
2555	16	
2556	49	
2557	59	
2558	29	
2559	10	
2560	97	
2561	9	
2562	32	
2563	28	
2564	92	
2565	36	
2566	73	
2567	65	
2568	12	
2569	80	
2570	50	
2571	50	
2572	80	
2573	9	
2574	96	
2575	33	
2576	38	
2577	68	
2578	84	
2579	64	
2580	60	
2581	70	
2582	97	
2583	93	
2584	13	
2585	96	
2586	49	
2587	41	
2588	14	
2589	59	
2590	49	
2591	51	
2592	2	
2593	59	
2594	47	
2595	64	
2596	16	
2597	82	
2598	27	
2599	26	
2600	6	
2601	16	
2602	72	
2603	43	
2604	25	
2605	42	
2606	21	
2607	80	
2608	25	
2609	12	
2610	99	
2611	7	
2612	32	
2613	84	
2614	23	
2615	72	
2616	72	
2617	46	
2618	34	
2619	73	
2620	78	
2621	4	
2622	38	
2623	71	
2624	51	
2625	26	
2626	12	
2627	3	
2628	71	
2629	48	
2630	45	
2631	46	
2632	14	
2633	96	
2634	79	
2635	30	
2636	50	
2637	51	
2638	75	
2639	77	
2640	88	
2641	81	
2642	70	
2643	37	
2644	95	
2645	67	
2646	86	
2647	77	
2648	10	
2649	53	
2650	16	
2651	52	
2652	35	
2653	42	
2654	61	
2655	78	
2656	92	
2657	69	
2658	86	
2659	92	
2660	59	
2661	55	
2662	30	
2663	8	
2664	11	
2665	9	
2666	80	
2667	76	
2668	78	
2669	93	
2670	67	
2671	85	
2672	98	
2673	42	
2674	80	
2675	2	
2676	58	
2677	6	
2678	20	
2679	76	
2680	37	
2681	93	
2682	68	
2683	77	
2684	43	
2685	52	
2686	78	
2687	79	
2688	40	
2689	16	
2690	47	
2691	32	
2692	58	
2693	91	
2694	84	
2695	41	
2696	39	
2697	95	
2698	27	
2699	16	
2700	62	
2701	68	
2702	65	
2703	56	
2704	52	
2705	4	
2706	3	
2707	53	
2708	85	
2709	46	
2710	71	
2711	30	
2712	42	
2713	69	
2714	69	
2715	17	
2716	66	
2717	67	
2718	48	
2719	15	
2720	64	
2721	93	
2722	4	
2723	26	
2724	40	
2725	27	
2726	48	
2727	97	
2728	59	
2729	50	
2730	99	
2731	47	
2732	5	
2733	67	
2734	84	
2735	53	
2736	82	
2737	7	
2738	51	
2739	39	
2740	35	
2741	30	
2742	51	
2743	39	
2744	84	
2745	10	
2746	12	
2747	87	
2748	37	
2749	99	
2750	52	
2751	2	
2752	67	
2753	78	
2754	24	
2755	51	
2756	90	
2757	88	
2758	69	
2759	35	
2760	6	
2761	89	
2762	45	
2763	89	
2764	60	
2765	91	
2766	97	
2767	25	
2768	83	
2769	26	
2770	34	
2771	47	
2772	65	
2773	91	
2774	2	
2775	23	
2776	13	
2777	51	
2778	73	
2779	88	
2780	20	
2781	27	
2782	66	
2783	47	
2784	50	
2785	11	
2786	69	
2787	87	
2788	92	
2789	25	
2790	12	
2791	23	
2792	1	
2793	25	
2794	32	
2795	97	
2796	15	
2797	24	
2798	35	
2799	99	
2800	36	
2801	46	
2802	66	
2803	18	
2804	99	
2805	29	
2806	17	
2807	45	
2808	82	
2809	9	
2810	3	
2811	56	
2812	51	
2813	16	
2814	57	
2815	11	
2816	69	
2817	30	
2818	100	
2819	1	
2820	81	
2821	27	
2822	53	
2823	7	
2824	40	
2825	65	
2826	69	
2827	56	
2828	21	
2829	57	
2830	19	
2831	88	
2832	13	
2833	39	
2834	15	
2835	20	
2836	60	
2837	32	
2838	39	
2839	50	
2840	50	
2841	40	
2842	23	
2843	78	
2844	25	
2845	18	
2846	42	
2847	5	
2848	63	
2849	89	
2850	32	
2851	66	
2852	98	
2853	14	
2854	11	
2855	17	
2856	30	
2857	6	
2858	24	
2859	62	
2860	11	
2861	55	
2862	37	
2863	92	
2864	37	
2865	8	
2866	82	
2867	76	
2868	53	
2869	7	
2870	6	
2871	33	
2872	62	
2873	87	
2874	29	
2875	67	
2876	63	
2877	68	
2878	49	
2879	70	
2880	1	
2881	28	
2882	22	
2883	14	
2884	71	
2885	13	
2886	23	
2887	22	
2888	52	
2889	8	
2890	81	
2891	86	
2892	44	
2893	1	
2894	52	
2895	86	
2896	96	
2897	93	
2898	71	
2899	19	
2900	33	
2901	50	
2902	23	
2903	99	
2904	42	
2905	19	
2906	24	
2907	47	
2908	20	
2909	11	
2910	1	
2911	50	
2912	83	
2913	72	
2914	94	
2915	64	
2916	43	
2917	49	
2918	1	
2919	21	
2920	25	
2921	62	
2922	79	
2923	49	
2924	49	
2925	32	
2926	13	
2927	63	
2928	40	
2929	96	
2930	93	
2931	53	
2932	9	
2933	46	
2934	77	
2935	43	
2936	25	
2937	92	
2938	41	
2939	61	
2940	29	
2941	18	
2942	10	
2943	8	
2944	48	
2945	17	
2946	99	
2947	33	
2948	23	
2949	26	
2950	28	
2951	3	
2952	42	
2953	45	
2954	86	
2955	43	
2956	98	
2957	20	
2958	20	
2959	79	
2960	59	
2961	7	
2962	17	
2963	69	
2964	81	
2965	99	
2966	93	
2967	47	
2968	92	
2969	21	
2970	51	
2971	78	
2972	45	
2973	50	
2974	34	
2975	9	
2976	9	
2977	54	
2978	78	
2979	16	
2980	99	
2981	95	
2982	37	
2983	31	
2984	59	
2985	9	
2986	27	
2987	83	
2988	27	
2989	72	
2990	72	
2991	13	
2992	61	
2993	95	
2994	95	
2995	39	
2996	80	
2997	25	
2998	71	
2999	33	
3000	27	
3001	19	
3002	71	
3003	25	
3004	94	
3005	87	
3006	35	
3007	12	
3008	45	
3009	88	
3010	26	
3011	66	
3012	62	
3013	21	
3014	91	
3015	18	
3016	47	
3017	61	
3018	78	
3019	65	
3020	23	
3021	89	
3022	10	
3023	66	
3024	84	
3025	75	
3026	82	
3027	9	
3028	23	
3029	47	
3030	62	
3031	33	
3032	61	
3033	37	
3034	81	
3035	67	
3036	50	
3037	68	
3038	69	
3039	94	
3040	1	
3041	31	
3042	48	
3043	75	
3044	84	
3045	71	
3046	31	
3047	36	
3048	23	
3049	77	
3050	59	
3051	79	
3052	78	
3053	91	
3054	77	
3055	25	
3056	81	
3057	64	
3058	3	
3059	57	
3060	82	
3061	70	
3062	87	
3063	68	
3064	26	
3065	81	
3066	64	
3067	20	
3068	17	
3069	6	
3070	78	
3071	55	
3072	1	
3073	94	
3074	96	
3075	54	
3076	75	
3077	50	
3078	37	
3079	17	
3080	75	
3081	55	
3082	65	
3083	99	
3084	58	
3085	53	
3086	98	
3087	87	
3088	67	
3089	25	
3090	78	
3091	72	
3092	8	
3093	45	
3094	85	
3095	94	
3096	12	
3097	24	
3098	53	
3099	51	
3100	76	
3101	89	
3102	40	
3103	6	
3104	28	
3105	58	
3106	85	
3107	100	
3108	93	
3109	70	
3110	88	
3111	88	
3112	98	
3113	13	
3114	81	
3115	25	
3116	20	
3117	56	
3118	13	
3119	60	
3120	32	
3121	100	
3122	26	
3123	33	
3124	78	
3125	17	
3126	53	
3127	6	
3128	37	
3129	57	
3130	40	
3131	17	
3132	35	
3133	28	
3134	91	
3135	24	
3136	19	
3137	46	
3138	24	
3139	5	
3140	10	
3141	10	
3142	9	
3143	1	
3144	61	
3145	99	
3146	82	
3147	91	
3148	59	
3149	96	
3150	25	
3151	95	
3152	9	
3153	26	
3154	68	
3155	17	
3156	47	
3157	78	
3158	27	
3159	53	
3160	49	
3161	14	
3162	96	
3163	94	
3164	9	
3165	35	
3166	4	
3167	1	
3168	61	
3169	11	
3170	49	
3171	36	
3172	56	
3173	7	
3174	59	
3175	42	
3176	23	
3177	87	
3178	37	
3179	26	
3180	1	
3181	56	
3182	15	
3183	81	
3184	5	
3185	46	
3186	39	
3187	43	
3188	16	
3189	19	
3190	42	
3191	75	
3192	14	
3193	3	
3194	10	
3195	81	
3196	95	
3197	88	
3198	35	
3199	64	
3200	12	
3201	85	
3202	23	
3203	82	
3204	61	
3205	1	
3206	92	
3207	77	
3208	9	
3209	43	
3210	22	
3211	53	
3212	27	
3213	96	
3214	59	
3215	90	
3216	5	
3217	46	
3218	84	
3219	64	
3220	13	
3221	77	
3222	35	
3223	91	
3224	30	
3225	13	
3226	89	
3227	15	
3228	73	
3229	41	
3230	71	
3231	74	
3232	21	
3233	40	
3234	55	
3235	98	
3236	73	
3237	87	
3238	25	
3239	42	
3240	11	
3241	3	
3242	44	
3243	70	
3244	40	
3245	50	
3246	24	
3247	45	
3248	81	
3249	46	
3250	95	
3251	40	
3252	85	
3253	51	
3254	42	
3255	58	
3256	53	
3257	12	
3258	10	
3259	99	
3260	6	
3261	7	
3262	57	
3263	3	
3264	83	
3265	23	
3266	16	
3267	34	
3268	21	
3269	90	
3270	29	
3271	70	
3272	88	
3273	72	
3274	44	
3275	62	
3276	13	
3277	36	
3278	15	
3279	99	
3280	4	
3281	60	
3282	63	
3283	35	
3284	45	
3285	26	
3286	10	
3287	39	
3288	88	
3289	28	
3290	97	
3291	82	
3292	71	
3293	53	
3294	17	
3295	54	
3296	72	
3297	78	
3298	87	
3299	51	
3300	65	
3301	1	
3302	62	
3303	45	
3304	37	
3305	10	
3306	41	
3307	72	
3308	30	
3309	78	
3310	75	
3311	27	
3312	87	
3313	58	
3314	53	
3315	32	
3316	1	
3317	70	
3318	32	
3319	31	
3320	83	
3321	72	
3322	57	
3323	68	
3324	31	
3325	100	
3326	54	
3327	84	
3328	24	
3329	62	
3330	8	
3331	24	
3332	28	
3333	13	
3334	41	
3335	66	
3336	74	
3337	68	
3338	52	
3339	33	
3340	6	
3341	49	
3342	29	
3343	18	
3344	33	
3345	56	
3346	92	
3347	11	
3348	28	
3349	71	
3350	27	
3351	62	
3352	97	
3353	52	
3354	27	
3355	28	
3356	39	
3357	43	
3358	53	
3359	76	
3360	61	
3361	51	
3362	82	
3363	43	
3364	71	
3365	42	
3366	57	
3367	63	
3368	78	
3369	99	
3370	73	
3371	9	
3372	70	
3373	17	
3374	5	
3375	8	
3376	87	
3377	55	
3378	50	
3379	25	
3380	11	
3381	72	
3382	49	
3383	40	
3384	19	
3385	66	
3386	30	
3387	23	
3388	87	
3389	83	
3390	98	
3391	51	
3392	73	
3393	57	
3394	62	
3395	72	
3396	6	
3397	87	
3398	55	
3399	93	
3400	98	
3401	67	
3402	15	
3403	55	
3404	38	
3405	98	
3406	34	
3407	37	
3408	13	
3409	99	
3410	52	
3411	50	
3412	49	
3413	73	
3414	99	
3415	79	
3416	61	
3417	88	
3418	56	
3419	49	
3420	34	
3421	68	
3422	52	
3423	65	
3424	28	
3425	83	
3426	32	
3427	40	
3428	36	
3429	65	
3430	34	
3431	86	
3432	17	
3433	75	
3434	59	
3435	40	
3436	29	
3437	43	
3438	21	
3439	7	
3440	78	
3441	40	
3442	57	
3443	98	
3444	27	
3445	99	
3446	4	
3447	78	
3448	50	
3449	90	
3450	34	
3451	77	
3452	33	
3453	42	
3454	51	
3455	33	
3456	39	
3457	58	
3458	11	
3459	75	
3460	58	
3461	60	
3462	11	
3463	54	
3464	92	
3465	12	
3466	29	
3467	75	
3468	68	
3469	61	
3470	14	
3471	73	
3472	95	
3473	77	
3474	75	
3475	40	
3476	41	
3477	74	
3478	6	
3479	11	
3480	99	
3481	1	
3482	47	
3483	28	
3484	32	
3485	20	
3486	61	
3487	20	
3488	86	
3489	57	
3490	16	
3491	61	
3492	15	
3493	83	
3494	30	
3495	73	
3496	35	
3497	50	
3498	12	
3499	6	
3500	22	
3501	31	
3502	88	
3503	61	
3504	36	
3505	46	
3506	70	
3507	89	
3508	38	
3509	54	
3510	13	
3511	35	
3512	32	
3513	53	
3514	73	
3515	93	
3516	74	
3517	18	
3518	40	
3519	25	
3520	65	
3521	77	
3522	34	
3523	1	
3524	25	
3525	83	
3526	51	
3527	62	
3528	33	
3529	16	
3530	1	
3531	26	
3532	84	
3533	54	
3534	92	
3535	4	
3536	52	
3537	25	
3538	16	
3539	48	
3540	75	
3541	42	
3542	62	
3543	6	
3544	60	
3545	26	
3546	73	
3547	21	
3548	24	
3549	42	
3550	28	
3551	53	
3552	79	
3553	22	
3554	70	
3555	3	
3556	61	
3557	87	
3558	97	
3559	34	
3560	55	
3561	15	
3562	4	
3563	46	
3564	22	
3565	25	
3566	73	
3567	65	
3568	60	
3569	52	
3570	15	
3571	74	
3572	36	
3573	43	
3574	5	
3575	15	
3576	44	
3577	95	
3578	66	
3579	76	
3580	97	
3581	37	
3582	79	
3583	72	
3584	64	
3585	99	
3586	80	
3587	65	
3588	10	
3589	48	
3590	16	
3591	64	
3592	89	
3593	70	
3594	56	
3595	68	
3596	99	
3597	30	
3598	88	
3599	6	
3600	32	
3601	63	
3602	27	
3603	99	
3604	56	
3605	44	
3606	86	
3607	22	
3608	99	
3609	72	
3610	85	
3611	41	
3612	58	
3613	26	
3614	23	
3615	10	
3616	14	
3617	45	
3618	3	
3619	33	
3620	22	
3621	50	
3622	42	
3623	57	
3624	86	
3625	34	
3626	45	
3627	88	
3628	44	
3629	83	
3630	93	
3631	44	
3632	15	
3633	83	
3634	21	
3635	10	
3636	24	
3637	50	
3638	52	
3639	73	
3640	74	
3641	79	
3642	77	
3643	53	
3644	75	
3645	59	
3646	32	
3647	94	
3648	67	
3649	83	
3650	24	
3651	67	
3652	93	
3653	20	
3654	89	
3655	37	
3656	11	
3657	99	
3658	13	
3659	59	
3660	92	
3661	92	
3662	47	
3663	82	
3664	45	
3665	76	
3666	25	
3667	4	
3668	71	
3669	93	
3670	68	
3671	10	
3672	85	
3673	94	
3674	84	
3675	88	
3676	40	
3677	85	
3678	51	
3679	12	
3680	67	
3681	26	
3682	71	
3683	16	
3684	93	
3685	79	
3686	85	
3687	47	
3688	71	
3689	68	
3690	98	
3691	41	
3692	93	
3693	90	
3694	15	
3695	45	
3696	36	
3697	25	
3698	46	
3699	1	
3700	58	
3701	36	
3702	85	
3703	53	
3704	67	
3705	65	
3706	23	
3707	57	
3708	55	
3709	83	
3710	40	
3711	33	
3712	19	
3713	22	
3714	3	
3715	16	
3716	67	
3717	23	
3718	47	
3719	60	
3720	87	
3721	14	
3722	8	
3723	2	
3724	60	
3725	5	
3726	53	
3727	40	
3728	70	
3729	4	
3730	9	
3731	56	
3732	85	
3733	60	
3734	92	
3735	100	
3736	41	
3737	30	
3738	41	
3739	29	
3740	23	
3741	46	
3742	78	
3743	89	
3744	75	
3745	58	
3746	41	
3747	95	
3748	50	
3749	35	
3750	87	
3751	56	
3752	39	
3753	64	
3754	49	
3755	5	
3756	12	
3757	20	
3758	32	
3759	65	
3760	63	
3761	78	
3762	94	
3763	49	
3764	95	
3765	96	
3766	60	
3767	68	
3768	74	
3769	54	
3770	8	
3771	51	
3772	10	
3773	6	
3774	86	
3775	24	
3776	22	
3777	51	
3778	28	
3779	28	
3780	84	
3781	8	
3782	48	
3783	54	
3784	26	
3785	31	
3786	10	
3787	15	
3788	3	
3789	88	
3790	53	
3791	89	
3792	37	
3793	57	
3794	92	
3795	42	
3796	77	
3797	81	
3798	63	
3799	28	
3800	87	
3801	76	
3802	12	
3803	40	
3804	9	
3805	22	
3806	100	
3807	53	
3808	33	
3809	25	
3810	26	
3811	80	
3812	58	
3813	25	
3814	59	
3815	15	
3816	33	
3817	31	
3818	30	
3819	23	
3820	77	
3821	41	
3822	39	
3823	40	
3824	93	
3825	65	
3826	32	
3827	73	
3828	31	
3829	71	
3830	43	
3831	78	
3832	40	
3833	62	
3834	27	
3835	28	
3836	80	
3837	39	
3838	71	
3839	33	
3840	32	
3841	11	
3842	56	
3843	38	
3844	51	
3845	59	
3846	36	
3847	6	
3848	60	
3849	76	
3850	47	
3851	74	
3852	80	
3853	90	
3854	27	
3855	57	
3856	78	
3857	22	
3858	6	
3859	47	
3860	48	
3861	66	
3862	64	
3863	79	
3864	97	
3865	85	
3866	19	
3867	34	
3868	38	
3869	5	
3870	16	
3871	95	
3872	30	
3873	66	
3874	81	
3875	75	
3876	52	
3877	26	
3878	50	
3879	20	
3880	70	
3881	81	
3882	90	
3883	12	
3884	90	
3885	16	
3886	45	
3887	12	
3888	74	
3889	91	
3890	17	
3891	51	
3892	5	
3893	5	
3894	59	
3895	78	
3896	5	
3897	8	
3898	52	
3899	79	
3900	67	
3901	51	
3902	83	
3903	40	
3904	56	
3905	93	
3906	11	
3907	54	
3908	25	
3909	57	
3910	70	
3911	13	
3912	92	
3913	82	
3914	14	
3915	88	
3916	99	
3917	34	
3918	13	
3919	83	
3920	30	
3921	25	
3922	82	
3923	22	
3924	61	
3925	56	
3926	40	
3927	8	
3928	28	
3929	28	
3930	11	
3931	38	
3932	37	
3933	34	
3934	39	
3935	4	
3936	62	
3937	82	
3938	50	
3939	69	
3940	45	
3941	33	
3942	100	
3943	60	
3944	85	
3945	53	
3946	8	
3947	83	
3948	72	
3949	21	
3950	1	
3951	88	
3952	45	
3953	47	
3954	8	
3955	95	
3956	85	
3957	96	
3958	82	
3959	81	
3960	47	
3961	88	
3962	92	
3963	81	
3964	34	
3965	89	
3966	61	
3967	70	
3968	91	
3969	58	
3970	51	
3971	26	
3972	5	
3973	26	
3974	91	
3975	58	
3976	82	
3977	11	
3978	8	
3979	84	
3980	9	
3981	37	
3982	64	
3983	47	
3984	64	
3985	26	
3986	16	
3987	79	
3988	81	
3989	77	
3990	58	
3991	76	
3992	26	
3993	50	
3994	91	
3995	37	
3996	62	
3997	1	
3998	32	
3999	59	
4000	56	
4001	44	
4002	70	
4003	57	
4004	68	
4005	15	
4006	68	
4007	7	
4008	19	
4009	59	
4010	25	
4011	88	
4012	17	
4013	97	
4014	64	
4015	93	
4016	91	
4017	74	
4018	94	
4019	42	
4020	76	
4021	67	
4022	44	
4023	98	
4024	81	
4025	75	
4026	19	
4027	77	
4028	94	
4029	30	
4030	21	
4031	22	
4032	76	
4033	90	
4034	47	
4035	83	
4036	39	
4037	49	
4038	98	
4039	42	
4040	51	
4041	55	
4042	40	
4043	47	
4044	5	
4045	58	
4046	82	
4047	2	
4048	49	
4049	46	
4050	45	
4051	60	
4052	79	
4053	5	
4054	31	
4055	38	
4056	71	
4057	78	
4058	76	
4059	47	
4060	98	
4061	7	
4062	60	
4063	9	
4064	84	
4065	52	
4066	41	
4067	36	
4068	62	
4069	83	
4070	2	
4071	39	
4072	67	
4073	44	
4074	4	
4075	96	
4076	29	
4077	60	
4078	69	
4079	30	
4080	79	
4081	67	
4082	62	
4083	28	
4084	1	
4085	12	
4086	56	
4087	21	
4088	97	
4089	81	
4090	32	
4091	20	
4092	66	
4093	37	
4094	80	
4095	17	
4096	88	
4097	3	
4098	88	
4099	15	
4100	57	
4101	22	
4102	8	
4103	20	
4104	23	
4105	93	
4106	6	
4107	36	
4108	64	
4109	54	
4110	31	
4111	64	
4112	28	
4113	9	
4114	8	
4115	78	
4116	76	
4117	19	
4118	90	
4119	27	
4120	14	
4121	85	
4122	81	
4123	55	
4124	5	
4125	19	
4126	26	
4127	53	
4128	99	
4129	39	
4130	6	
4131	77	
4132	83	
4133	86	
4134	15	
4135	83	
4136	30	
4137	51	
4138	54	
4139	27	
4140	23	
4141	57	
4142	1	
4143	92	
4144	61	
4145	83	
4146	65	
4147	28	
4148	57	
4149	7	
4150	86	
4151	11	
4152	11	
4153	9	
4154	87	
4155	85	
4156	56	
4157	75	
4158	69	
4159	59	
4160	78	
4161	56	
4162	21	
4163	10	
4164	16	
4165	18	
4166	36	
4167	85	
4168	69	
4169	54	
4170	12	
4171	40	
4172	98	
4173	4	
4174	10	
4175	80	
4176	30	
4177	54	
4178	78	
4179	55	
4180	27	
4181	60	
4182	4	
4183	22	
4184	36	
4185	34	
4186	27	
4187	93	
4188	2	
4189	86	
4190	34	
4191	79	
4192	81	
4193	85	
4194	13	
4195	61	
4196	33	
4197	79	
4198	91	
4199	41	
4200	51	
4201	17	
4202	55	
4203	84	
4204	12	
4205	29	
4206	19	
4207	58	
4208	62	
4209	97	
4210	94	
4211	86	
4212	56	
4213	73	
4214	23	
4215	24	
4216	60	
4217	16	
4218	57	
4219	25	
4220	64	
4221	59	
4222	1	
4223	83	
4224	79	
4225	47	
4226	55	
4227	79	
4228	58	
4229	37	
4230	63	
4231	92	
4232	6	
4233	65	
4234	35	
4235	87	
4236	86	
4237	97	
4238	71	
4239	74	
4240	6	
4241	45	
4242	23	
4243	43	
4244	85	
4245	39	
4246	44	
4247	48	
4248	28	
4249	2	
4250	73	
4251	86	
4252	29	
4253	32	
4254	57	
4255	92	
4256	33	
4257	13	
4258	39	
4259	15	
4260	71	
4261	75	
4262	69	
4263	25	
4264	15	
4265	42	
4266	17	
4267	88	
4268	63	
4269	59	
4270	12	
4271	17	
4272	34	
4273	66	
4274	49	
4275	47	
4276	69	
4277	77	
4278	43	
4279	47	
4280	95	
4281	21	
4282	62	
4283	87	
4284	75	
4285	66	
4286	7	
4287	85	
4288	38	
4289	32	
4290	89	
4291	46	
4292	91	
4293	14	
4294	100	
4295	57	
4296	85	
4297	23	
4298	5	
4299	96	
4300	40	
4301	53	
4302	95	
4303	27	
4304	25	
4305	79	
4306	78	
4307	61	
4308	81	
4309	44	
4310	67	
4311	5	
4312	51	
4313	76	
4314	76	
4315	66	
4316	28	
4317	76	
4318	63	
4319	48	
4320	75	
4321	64	
4322	60	
4323	44	
4324	47	
4325	49	
4326	57	
4327	40	
4328	97	
4329	40	
4330	63	
4331	10	
4332	85	
4333	87	
4334	39	
4335	8	
4336	92	
4337	77	
4338	7	
4339	94	
4340	24	
4341	92	
4342	89	
4343	29	
4344	29	
4345	8	
4346	77	
4347	52	
4348	4	
4349	95	
4350	84	
4351	54	
4352	76	
4353	32	
4354	29	
4355	28	
4356	42	
4357	37	
4358	16	
4359	70	
4360	98	
4361	87	
4362	18	
4363	47	
4364	33	
4365	22	
4366	6	
4367	7	
4368	27	
4369	96	
4370	67	
4371	34	
4372	24	
4373	1	
4374	21	
4375	87	
4376	16	
4377	65	
4378	67	
4379	68	
4380	48	
4381	86	
4382	83	
4383	86	
4384	96	
4385	89	
4386	67	
4387	59	
4388	53	
4389	62	
4390	100	
4391	66	
4392	98	
4393	2	
4394	43	
4395	98	
4396	77	
4397	18	
4398	33	
4399	48	
4400	65	
4401	67	
4402	48	
4403	24	
4404	54	
4405	10	
4406	86	
4407	17	
4408	30	
4409	38	
4410	66	
4411	15	
4412	44	
4413	74	
4414	88	
4415	49	
4416	68	
4417	38	
4418	11	
4419	65	
4420	4	
4421	95	
4422	6	
4423	96	
4424	14	
4425	50	
4426	1	
4427	73	
4428	49	
4429	3	
4430	91	
4431	49	
4432	54	
4433	23	
4434	75	
4435	17	
4436	53	
4437	75	
4438	72	
4439	89	
4440	95	
4441	8	
4442	19	
4443	56	
4444	83	
4445	87	
4446	30	
4447	15	
4448	40	
4449	68	
4450	48	
4451	65	
4452	62	
4453	45	
4454	9	
4455	42	
4456	2	
4457	42	
4458	1	
4459	74	
4460	72	
4461	32	
4462	81	
4463	68	
4464	40	
4465	19	
4466	15	
4467	85	
4468	83	
4469	85	
4470	65	
4471	87	
4472	65	
4473	55	
4474	42	
4475	73	
4476	54	
4477	13	
4478	82	
4479	47	
4480	51	
4481	15	
4482	72	
4483	12	
4484	24	
4485	88	
4486	11	
4487	46	
4488	77	
4489	35	
4490	51	
4491	81	
4492	30	
4493	90	
4494	26	
4495	97	
4496	61	
4497	4	
4498	65	
4499	87	
4500	69	
4501	84	
4502	79	
4503	13	
4504	57	
4505	82	
4506	66	
4507	67	
4508	25	
4509	67	
4510	19	
4511	38	
4512	54	
4513	10	
4514	92	
4515	93	
4516	33	
4517	79	
4518	21	
4519	48	
4520	11	
4521	24	
4522	2	
4523	47	
4524	37	
4525	28	
4526	40	
4527	41	
4528	57	
4529	78	
4530	45	
4531	60	
4532	30	
4533	12	
4534	74	
4535	28	
4536	50	
4537	98	
4538	97	
4539	1	
4540	63	
4541	17	
4542	78	
4543	55	
4544	12	
4545	18	
4546	15	
4547	5	
4548	54	
4549	31	
4550	86	
4551	13	
4552	46	
4553	66	
4554	83	
4555	52	
4556	27	
4557	35	
4558	40	
4559	32	
4560	98	
4561	88	
4562	2	
4563	15	
4564	91	
4565	56	
4566	56	
4567	27	
4568	10	
4569	10	
4570	32	
4571	77	
4572	1	
4573	37	
4574	95	
4575	96	
4576	90	
4577	67	
4578	23	
4579	80	
4580	51	
4581	39	
4582	80	
4583	37	
4584	100	
4585	53	
4586	1	
4587	19	
4588	9	
4589	50	
4590	5	
4591	74	
4592	5	
4593	55	
4594	33	
4595	45	
4596	99	
4597	69	
4598	10	
4599	20	
4600	94	
4601	47	
4602	57	
4603	39	
4604	14	
4605	44	
4606	41	
4607	10	
4608	84	
4609	48	
4610	85	
4611	17	
4612	44	
4613	76	
4614	23	
4615	7	
4616	5	
4617	60	
4618	65	
4619	57	
4620	30	
4621	59	
4622	45	
4623	98	
4624	65	
4625	51	
4626	66	
4627	6	
4628	100	
4629	86	
4630	95	
4631	24	
4632	9	
4633	17	
4634	88	
4635	93	
4636	23	
4637	37	
4638	89	
4639	40	
4640	41	
4641	34	
4642	12	
4643	53	
4644	16	
4645	58	
4646	97	
4647	21	
4648	2	
4649	40	
4650	59	
4651	98	
4652	99	
4653	83	
4654	41	
4655	28	
4656	68	
4657	39	
4658	4	
4659	89	
4660	31	
4661	28	
4662	85	
4663	22	
4664	40	
4665	99	
4666	73	
4667	73	
4668	52	
4669	10	
4670	66	
4671	56	
4672	98	
4673	53	
4674	89	
4675	68	
4676	39	
4677	52	
4678	24	
4679	84	
4680	43	
4681	97	
4682	34	
4683	1	
4684	27	
4685	53	
4686	44	
4687	50	
4688	3	
4689	92	
4690	32	
4691	83	
4692	31	
4693	91	
4694	93	
4695	75	
4696	87	
4697	38	
4698	31	
4699	39	
4700	88	
4701	100	
4702	49	
4703	74	
4704	90	
4705	68	
4706	4	
4707	65	
4708	2	
4709	79	
4710	24	
4711	50	
4712	64	
4713	10	
4714	67	
4715	35	
4716	31	
4717	19	
4718	35	
4719	62	
4720	17	
4721	97	
4722	85	
4723	19	
4724	94	
4725	18	
4726	42	
4727	7	
4728	65	
4729	58	
4730	23	
4731	68	
4732	28	
4733	46	
4734	98	
4735	24	
4736	67	
4737	39	
4738	60	
4739	21	
4740	73	
4741	87	
4742	14	
4743	35	
4744	8	
4745	76	
4746	18	
4747	100	
4748	47	
4749	94	
4750	5	
4751	20	
4752	87	
4753	47	
4754	32	
4755	62	
4756	17	
4757	70	
4758	9	
4759	97	
4760	63	
4761	78	
4762	4	
4763	32	
4764	12	
4765	49	
4766	12	
4767	80	
4768	10	
4769	32	
4770	30	
4771	75	
4772	92	
4773	23	
4774	30	
4775	47	
4776	79	
4777	59	
4778	14	
4779	71	
4780	99	
4781	53	
4782	84	
4783	9	
4784	61	
4785	86	
4786	21	
4787	80	
4788	75	
4789	26	
4790	30	
4791	86	
4792	73	
4793	55	
4794	87	
4795	7	
4796	39	
4797	9	
4798	52	
4799	66	
4800	90	
4801	89	
4802	33	
4803	13	
4804	14	
4805	52	
4806	15	
4807	61	
4808	95	
4809	14	
4810	48	
4811	12	
4812	98	
4813	41	
4814	41	
4815	65	
4816	82	
4817	53	
4818	31	
4819	49	
4820	89	
4821	67	
4822	100	
4823	93	
4824	26	
4825	20	
4826	64	
4827	20	
4828	34	
4829	13	
4830	66	
4831	3	
4832	53	
4833	18	
4834	82	
4835	80	
4836	76	
4837	85	
4838	62	
4839	38	
4840	98	
4841	10	
4842	64	
4843	97	
4844	40	
4845	2	
4846	52	
4847	68	
4848	31	
4849	17	
4850	51	
4851	60	
4852	34	
4853	61	
4854	72	
4855	47	
4856	90	
4857	50	
4858	30	
4859	7	
4860	28	
4861	42	
4862	85	
4863	43	
4864	95	
4865	49	
4866	69	
4867	87	
4868	61	
4869	83	
4870	23	
4871	13	
4872	100	
4873	18	
4874	41	
4875	32	
4876	19	
4877	7	
4878	68	
4879	89	
4880	19	
4881	93	
4882	96	
4883	1	
4884	72	
4885	20	
4886	77	
4887	32	
4888	39	
4889	29	
4890	50	
4891	62	
4892	7	
4893	84	
4894	26	
4895	37	
4896	42	
4897	91	
4898	41	
4899	100	
4900	46	
4901	54	
4902	25	
4903	39	
4904	62	
4905	71	
4906	63	
4907	57	
4908	4	
4909	61	
4910	1	
4911	16	
4912	43	
4913	51	
4914	71	
4915	30	
4916	44	
4917	7	
4918	40	
4919	39	
4920	15	
4921	92	
4922	4	
4923	75	
4924	20	
4925	70	
4926	61	
4927	50	
4928	84	
4929	59	
4930	15	
4931	19	
4932	87	
4933	29	
4934	65	
4935	16	
4936	60	
4937	29	
4938	64	
4939	6	
4940	26	
4941	55	
4942	81	
4943	27	
4944	63	
4945	60	
4946	64	
4947	32	
4948	73	
4949	22	
4950	85	
4951	89	
4952	79	
4953	12	
4954	63	
4955	10	
4956	98	
4957	17	
4958	49	
4959	54	
4960	81	
4961	59	
4962	31	
4963	5	
4964	43	
4965	53	
4966	91	
4967	39	
4968	2	
4969	99	
4970	26	
4971	20	
4972	35	
4973	2	
4974	54	
4975	72	
4976	78	
4977	67	
4978	67	
4979	74	
4980	85	
4981	30	
4982	19	
4983	54	
4984	54	
4985	73	
4986	76	
4987	68	
4988	31	
4989	76	
4990	75	
4991	8	
4992	78	
4993	92	
4994	32	
4995	14	
4996	87	
4997	18	
4998	78	
4999	13	
5000	51	
5001	90	
5002	1	
5003	34	
5004	4	
5005	14	
5006	20	
5007	35	
5008	37	
5009	18	
5010	63	
5011	82	
5012	84	
5013	31	
5014	19	
5015	13	
5016	89	
5017	30	
5018	70	
5019	93	
5020	75	
5021	52	
5022	10	
5023	37	
5024	83	
5025	17	
5026	99	
5027	10	
5028	2	
5029	71	
5030	31	
5031	78	
5032	83	
5033	49	
5034	91	
5035	66	
5036	68	
5037	98	
5038	12	
5039	50	
5040	36	
5041	14	
5042	16	
5043	21	
5044	96	
5045	49	
5046	81	
5047	51	
5048	27	
5049	96	
5050	54	
5051	97	
5052	51	
5053	41	
5054	75	
5055	85	
5056	12	
5057	23	
5058	11	
5059	76	
5060	21	
5061	1	
5062	29	
5063	89	
5064	80	
5065	98	
5066	81	
5067	33	
5068	52	
5069	79	
5070	50	
5071	18	
5072	38	
5073	54	
5074	84	
5075	50	
5076	71	
5077	79	
5078	92	
5079	75	
5080	9	
5081	94	
5082	96	
5083	3	
5084	15	
5085	10	
5086	74	
5087	63	
5088	80	
5089	70	
5090	89	
5091	96	
5092	96	
5093	99	
5094	73	
5095	79	
5096	4	
5097	38	
5098	2	
5099	66	
5100	28	
5101	65	
5102	42	
5103	10	
5104	72	
5105	19	
5106	28	
5107	78	
5108	9	
5109	18	
5110	53	
5111	3	
5112	7	
5113	65	
5114	51	
5115	91	
5116	47	
5117	64	
5118	82	
5119	87	
5120	79	
5121	33	
5122	97	
5123	48	
5124	10	
5125	74	
5126	35	
5127	59	
5128	79	
5129	12	
5130	40	
5131	38	
5132	79	
5133	31	
5134	71	
5135	60	
5136	14	
5137	88	
5138	3	
5139	85	
5140	27	
5141	73	
5142	15	
5143	44	
5144	44	
5145	89	
5146	20	
5147	19	
5148	86	
5149	54	
5150	8	
5151	91	
5152	55	
5153	77	
5154	54	
5155	50	
5156	28	
5157	50	
5158	38	
5159	94	
5160	86	
5161	98	
5162	72	
5163	69	
5164	74	
5165	26	
5166	25	
5167	37	
5168	3	
5169	98	
5170	47	
5171	14	
5172	9	
5173	9	
5174	87	
5175	69	
5176	65	
5177	65	
5178	51	
5179	93	
5180	52	
5181	14	
5182	55	
5183	93	
5184	86	
5185	69	
5186	9	
5187	86	
5188	82	
5189	86	
5190	31	
5191	44	
5192	61	
5193	68	
5194	49	
5195	74	
5196	53	
5197	77	
5198	94	
5199	12	
5200	67	
5201	85	
5202	93	
5203	10	
5204	59	
5205	6	
5206	5	
5207	68	
5208	34	
5209	18	
5210	15	
5211	53	
5212	51	
5213	49	
5214	56	
5215	37	
5216	48	
5217	70	
5218	82	
5219	38	
5220	39	
5221	63	
5222	94	
5223	16	
5224	24	
5225	36	
5226	56	
5227	34	
5228	39	
5229	70	
5230	88	
5231	14	
5232	48	
5233	65	
5234	84	
5235	93	
5236	68	
5237	11	
5238	41	
5239	85	
5240	70	
5241	52	
5242	89	
5243	36	
5244	69	
5245	42	
5246	67	
5247	29	
5248	26	
5249	44	
5250	8	
5251	11	
5252	16	
5253	81	
5254	90	
5255	15	
5256	2	
5257	28	
5258	77	
5259	36	
5260	41	
5261	74	
5262	7	
5263	70	
5264	4	
5265	5	
5266	5	
5267	14	
5268	40	
5269	73	
5270	13	
5271	9	
5272	18	
5273	18	
5274	8	
5275	22	
5276	10	
5277	67	
5278	63	
5279	11	
5280	96	
5281	6	
5282	8	
5283	4	
5284	85	
5285	11	
5286	36	
5287	81	
5288	80	
5289	48	
5290	23	
5291	9	
5292	86	
5293	8	
5294	76	
5295	74	
5296	67	
5297	29	
5298	32	
5299	54	
5300	41	
5301	31	
5302	28	
5303	88	
5304	26	
5305	65	
5306	69	
5307	27	
5308	8	
5309	80	
5310	21	
5311	11	
5312	53	
5313	57	
5314	65	
5315	67	
5316	41	
5317	22	
5318	95	
5319	17	
5320	45	
5321	89	
5322	19	
5323	85	
5324	7	
5325	34	
5326	99	
5327	63	
5328	71	
5329	15	
5330	32	
5331	20	
5332	49	
5333	14	
5334	96	
5335	82	
5336	73	
5337	64	
5338	56	
5339	82	
5340	44	
5341	99	
5342	37	
5343	50	
5344	78	
5345	73	
5346	100	
5347	37	
5348	97	
5349	9	
5350	56	
5351	39	
5352	70	
5353	63	
5354	20	
5355	68	
5356	44	
5357	36	
5358	68	
5359	64	
5360	21	
5361	69	
5362	90	
5363	97	
5364	68	
5365	58	
5366	58	
5367	58	
5368	28	
5369	41	
5370	28	
5371	35	
5372	85	
5373	14	
5374	26	
5375	16	
5376	51	
5377	45	
5378	89	
5379	21	
5380	24	
5381	93	
5382	63	
5383	49	
5384	86	
5385	45	
5386	11	
5387	17	
5388	8	
5389	67	
5390	82	
5391	35	
5392	8	
5393	51	
5394	82	
5395	85	
5396	19	
5397	83	
5398	78	
5399	25	
5400	6	
5401	29	
5402	62	
5403	16	
5404	17	
5405	5	
5406	25	
5407	96	
5408	19	
5409	54	
5410	11	
5411	12	
5412	71	
5413	22	
5414	11	
5415	93	
5416	27	
5417	16	
5418	100	
5419	88	
5420	56	
5421	83	
5422	45	
5423	89	
5424	2	
5425	74	
5426	27	
5427	67	
5428	66	
5429	27	
5430	95	
5431	42	
5432	48	
5433	67	
5434	14	
5435	14	
5436	17	
5437	73	
5438	14	
5439	27	
5440	47	
5441	36	
5442	91	
5443	94	
5444	74	
5445	3	
5446	5	
5447	60	
5448	86	
5449	44	
5450	51	
5451	2	
5452	83	
5453	12	
5454	7	
5455	69	
5456	88	
5457	14	
5458	41	
5459	24	
5460	85	
5461	53	
5462	29	
5463	38	
5464	6	
5465	89	
5466	43	
5467	12	
5468	60	
5469	30	
5470	36	
5471	41	
5472	67	
5473	78	
5474	17	
5475	26	
5476	60	
5477	25	
5478	40	
5479	25	
5480	82	
5481	44	
5482	39	
5483	95	
5484	75	
5485	25	
5486	22	
5487	88	
5488	89	
5489	19	
5490	58	
5491	79	
5492	19	
5493	11	
5494	78	
5495	92	
5496	87	
5497	35	
5498	50	
5499	44	
5500	67	
5501	56	
5502	56	
5503	5	
5504	46	
5505	12	
5506	56	
5507	85	
5508	30	
5509	4	
5510	62	
5511	17	
5512	97	
5513	41	
5514	68	
5515	23	
5516	13	
5517	74	
5518	82	
5519	33	
5520	66	
5521	44	
5522	8	
5523	89	
5524	72	
5525	70	
5526	84	
5527	74	
5528	80	
5529	30	
5530	10	
5531	51	
5532	30	
5533	10	
5534	1	
5535	44	
5536	9	
5537	36	
5538	17	
5539	70	
5540	27	
5541	3	
5542	92	
5543	35	
5544	64	
5545	51	
5546	3	
5547	33	
5548	60	
5549	45	
5550	48	
5551	78	
5552	35	
5553	1	
5554	16	
5555	62	
5556	34	
5557	98	
5558	3	
5559	50	
5560	16	
5561	58	
5562	56	
5563	12	
5564	40	
5565	72	
5566	40	
5567	34	
5568	83	
5569	72	
5570	67	
5571	62	
5572	8	
5573	87	
5574	57	
5575	48	
5576	22	
5577	13	
5578	100	
5579	42	
5580	98	
5581	52	
5582	100	
5583	8	
5584	23	
5585	12	
5586	1	
5587	14	
5588	99	
5589	18	
5590	9	
5591	56	
5592	12	
5593	67	
5594	32	
5595	33	
5596	42	
5597	23	
5598	57	
5599	22	
5600	1	
5601	28	
5602	76	
5603	17	
5604	33	
5605	19	
5606	39	
5607	28	
5608	92	
5609	60	
5610	75	
5611	97	
5612	71	
5613	83	
5614	98	
5615	70	
5616	19	
5617	22	
5618	60	
5619	32	
5620	75	
5621	27	
5622	27	
5623	73	
5624	72	
5625	72	
5626	29	
5627	43	
5628	27	
5629	11	
5630	39	
5631	89	
5632	63	
5633	26	
5634	65	
5635	94	
5636	5	
5637	48	
5638	30	
5639	23	
5640	1	
5641	11	
5642	55	
5643	3	
5644	13	
5645	24	
5646	57	
5647	62	
5648	58	
5649	38	
5650	84	
5651	36	
5652	67	
5653	68	
5654	72	
5655	25	
5656	96	
5657	33	
5658	48	
5659	64	
5660	72	
5661	60	
5662	51	
5663	86	
5664	20	
5665	32	
5666	25	
5667	62	
5668	89	
5669	18	
5670	4	
5671	32	
5672	79	
5673	27	
5674	69	
5675	28	
5676	14	
5677	56	
5678	81	
5679	65	
5680	89	
5681	22	
5682	62	
5683	28	
5684	15	
5685	18	
5686	50	
5687	75	
5688	7	
5689	40	
5690	97	
5691	32	
5692	1	
5693	1	
5694	28	
5695	82	
5696	61	
5697	66	
5698	34	
5699	77	
5700	29	
5701	40	
5702	51	
5703	31	
5704	11	
5705	72	
5706	84	
5707	99	
5708	58	
5709	22	
5710	68	
5711	98	
5712	40	
5713	47	
5714	38	
5715	81	
5716	59	
5717	45	
5718	22	
5719	60	
5720	85	
5721	55	
5722	59	
5723	39	
5724	53	
5725	67	
5726	27	
5727	69	
5728	62	
5729	53	
5730	48	
5731	46	
5732	92	
5733	27	
5734	71	
5735	42	
5736	16	
5737	97	
5738	57	
5739	85	
5740	82	
5741	100	
5742	12	
5743	82	
5744	58	
5745	8	
5746	20	
5747	2	
5748	86	
5749	64	
5750	83	
5751	4	
5752	76	
5753	22	
5754	47	
5755	80	
5756	65	
5757	1	
5758	56	
5759	38	
5760	62	
5761	17	
5762	56	
5763	78	
5764	7	
5765	39	
5766	89	
5767	23	
5768	12	
5769	23	
5770	4	
5771	13	
5772	86	
5773	35	
5774	89	
5775	24	
5776	52	
5777	70	
5778	27	
5779	1	
5780	32	
5781	76	
5782	98	
5783	70	
5784	89	
5785	46	
5786	76	
5787	24	
5788	17	
5789	16	
5790	87	
5791	58	
5792	30	
5793	89	
5794	38	
5795	36	
5796	82	
5797	31	
5798	17	
5799	54	
5800	76	
5801	5	
5802	80	
5803	28	
5804	9	
5805	42	
5806	84	
5807	46	
5808	50	
5809	97	
5810	19	
5811	39	
5812	59	
5813	96	
5814	11	
5815	71	
5816	39	
5817	71	
5818	99	
5819	78	
5820	92	
5821	80	
5822	19	
5823	76	
5824	13	
5825	94	
5826	94	
5827	5	
5828	24	
5829	40	
5830	95	
5831	28	
5832	87	
5833	40	
5834	18	
5835	46	
5836	20	
5837	66	
5838	93	
5839	45	
5840	27	
5841	64	
5842	69	
5843	55	
5844	17	
5845	9	
5846	53	
5847	74	
5848	68	
5849	29	
5850	4	
5851	87	
5852	91	
5853	56	
5854	60	
5855	77	
5856	84	
5857	28	
5858	79	
5859	21	
5860	25	
5861	57	
5862	26	
5863	41	
5864	6	
5865	96	
5866	29	
5867	14	
5868	11	
5869	51	
5870	36	
5871	56	
5872	88	
5873	80	
5874	69	
5875	98	
5876	54	
5877	87	
5878	25	
5879	44	
5880	57	
5881	47	
5882	22	
5883	31	
5884	21	
5885	57	
5886	23	
5887	49	
5888	63	
5889	66	
5890	5	
5891	55	
5892	19	
5893	27	
5894	98	
5895	8	
5896	45	
5897	9	
5898	78	
5899	5	
5900	77	
5901	36	
5902	80	
5903	37	
5904	9	
5905	61	
5906	19	
5907	36	
5908	55	
5909	61	
5910	78	
5911	81	
5912	77	
5913	29	
5914	6	
5915	85	
5916	91	
5917	71	
5918	28	
5919	76	
5920	85	
5921	69	
5922	58	
5923	80	
5924	72	
5925	54	
5926	53	
5927	39	
5928	23	
5929	74	
5930	57	
5931	59	
5932	27	
5933	94	
5934	25	
5935	89	
5936	49	
5937	82	
5938	14	
5939	44	
5940	28	
5941	16	
5942	81	
5943	77	
5944	77	
5945	25	
5946	3	
5947	2	
5948	61	
5949	25	
5950	71	
5951	25	
5952	7	
5953	60	
5954	16	
5955	80	
5956	32	
5957	73	
5958	4	
5959	23	
5960	9	
5961	27	
5962	69	
5963	83	
5964	33	
5965	100	
5966	57	
5967	87	
5968	80	
5969	76	
5970	63	
5971	11	
5972	9	
5973	84	
5974	70	
5975	78	
5976	13	
5977	93	
5978	75	
5979	46	
5980	22	
5981	92	
5982	47	
5983	8	
5984	93	
5985	16	
5986	91	
5987	78	
5988	41	
5989	85	
5990	6	
5991	82	
5992	6	
5993	9	
5994	51	
5995	86	
5996	22	
5997	99	
5998	2	
5999	16	
6000	8	
6001	10	
6002	49	
6003	33	
6004	77	
6005	16	
6006	32	
6007	79	
6008	44	
6009	49	
6010	75	
6011	40	
6012	23	
6013	39	
6014	57	
6015	58	
6016	90	
6017	65	
6018	32	
6019	83	
6020	1	
6021	2	
6022	45	
6023	24	
6024	15	
6025	68	
6026	19	
6027	92	
6028	51	
6029	99	
6030	4	
6031	76	
6032	75	
6033	17	
6034	65	
6035	53	
6036	88	
6037	61	
6038	48	
6039	6	
6040	55	
6041	43	
6042	58	
6043	41	
6044	68	
6045	99	
6046	4	
6047	11	
6048	7	
6049	99	
6050	87	
6051	90	
6052	20	
6053	47	
6054	66	
6055	81	
6056	96	
6057	4	
6058	8	
6059	4	
6060	75	
6061	11	
6062	68	
6063	94	
6064	25	
6065	77	
6066	55	
6067	36	
6068	68	
6069	95	
6070	90	
6071	72	
6072	77	
6073	40	
6074	26	
6075	8	
6076	76	
6077	44	
6078	13	
6079	43	
6080	43	
6081	49	
6082	76	
6083	44	
6084	51	
6085	41	
6086	8	
6087	80	
6088	8	
6089	88	
6090	67	
6091	95	
6092	91	
6093	20	
6094	94	
6095	3	
6096	64	
6097	93	
6098	22	
6099	69	
6100	11	
6101	29	
6102	33	
6103	1	
6104	72	
6105	27	
6106	68	
6107	38	
6108	92	
6109	33	
6110	8	
6111	93	
6112	11	
6113	71	
6114	30	
6115	33	
6116	62	
6117	19	
6118	96	
6119	58	
6120	40	
6121	93	
6122	99	
6123	88	
6124	83	
6125	50	
6126	58	
6127	38	
6128	49	
6129	94	
6130	3	
6131	77	
6132	1	
6133	28	
6134	94	
6135	52	
6136	33	
6137	10	
6138	27	
6139	75	
6140	35	
6141	19	
6142	60	
6143	26	
6144	35	
6145	54	
6146	90	
6147	8	
6148	44	
6149	86	
6150	54	
6151	62	
6152	36	
6153	26	
6154	42	
6155	36	
6156	94	
6157	4	
6158	15	
6159	80	
6160	95	
6161	76	
6162	42	
6163	40	
6164	39	
6165	75	
6166	56	
6167	69	
6168	3	
6169	94	
6170	12	
6171	66	
6172	79	
6173	57	
6174	90	
6175	69	
6176	82	
6177	22	
6178	31	
6179	6	
6180	74	
6181	22	
6182	21	
6183	81	
6184	87	
6185	48	
6186	89	
6187	66	
6188	97	
6189	15	
6190	53	
6191	73	
6192	64	
6193	86	
6194	38	
6195	25	
6196	41	
6197	27	
6198	89	
6199	82	
6200	40	
6201	14	
6202	50	
6203	92	
6204	13	
6205	93	
6206	89	
6207	3	
6208	9	
6209	19	
6210	18	
6211	59	
6212	80	
6213	54	
6214	38	
6215	27	
6216	42	
6217	23	
6218	83	
6219	84	
6220	83	
6221	50	
6222	34	
6223	56	
6224	53	
6225	45	
6226	3	
6227	45	
6228	31	
6229	100	
6230	42	
6231	25	
6232	12	
6233	83	
6234	10	
6235	5	
6236	24	
6237	52	
6238	42	
6239	32	
6240	11	
6241	36	
6242	66	
6243	70	
6244	25	
6245	83	
6246	93	
6247	43	
6248	76	
6249	54	
6250	14	
6251	100	
6252	22	
6253	46	
6254	8	
6255	98	
6256	73	
6257	48	
6258	83	
6259	59	
6260	20	
6261	97	
6262	90	
6263	70	
6264	93	
6265	56	
6266	88	
6267	76	
6268	14	
6269	97	
6270	29	
6271	43	
6272	90	
6273	74	
6274	21	
6275	12	
6276	74	
6277	41	
6278	81	
6279	54	
6280	18	
6281	22	
6282	98	
6283	54	
6284	59	
6285	31	
6286	31	
6287	3	
6288	45	
6289	12	
6290	88	
6291	52	
6292	28	
6293	23	
6294	15	
6295	71	
6296	29	
6297	95	
6298	60	
6299	18	
6300	47	
6301	38	
6302	74	
6303	1	
6304	23	
6305	96	
6306	88	
6307	77	
6308	78	
6309	35	
6310	67	
6311	100	
6312	96	
6313	90	
6314	93	
6315	67	
6316	13	
6317	85	
6318	12	
6319	26	
6320	9	
6321	5	
6322	82	
6323	64	
6324	81	
6325	37	
6326	57	
6327	61	
6328	56	
6329	5	
6330	81	
6331	98	
6332	68	
6333	23	
6334	64	
6335	29	
6336	69	
6337	59	
6338	98	
6339	92	
6340	23	
6341	30	
6342	34	
6343	68	
6344	41	
6345	24	
6346	48	
6347	43	
6348	94	
6349	90	
6350	55	
6351	96	
6352	96	
6353	14	
6354	47	
6355	47	
6356	61	
6357	92	
6358	81	
6359	83	
6360	47	
6361	89	
6362	15	
6363	89	
6364	65	
6365	74	
6366	35	
6367	88	
6368	58	
6369	95	
6370	97	
6371	5	
6372	42	
6373	77	
6374	67	
6375	47	
6376	14	
6377	61	
6378	54	
6379	45	
6380	18	
6381	69	
6382	20	
6383	16	
6384	15	
6385	12	
6386	49	
6387	12	
6388	76	
6389	8	
6390	59	
6391	59	
6392	54	
6393	97	
6394	24	
6395	59	
6396	50	
6397	37	
6398	56	
6399	34	
6400	58	
6401	23	
6402	6	
6403	18	
6404	86	
6405	57	
6406	62	
6407	32	
6408	75	
6409	60	
6410	61	
6411	18	
6412	23	
6413	60	
6414	2	
6415	3	
6416	97	
6417	35	
6418	68	
6419	15	
6420	35	
6421	40	
6422	47	
6423	42	
6424	20	
6425	54	
6426	2	
6427	95	
6428	54	
6429	64	
6430	91	
6431	99	
6432	67	
6433	44	
6434	64	
6435	45	
6436	65	
6437	90	
6438	6	
6439	56	
6440	87	
6441	43	
6442	54	
6443	42	
6444	31	
6445	12	
6446	13	
6447	13	
6448	3	
6449	74	
6450	97	
6451	86	
6452	2	
6453	29	
6454	52	
6455	15	
6456	62	
6457	91	
6458	97	
6459	74	
6460	45	
6461	80	
6462	16	
6463	54	
6464	79	
6465	85	
6466	80	
6467	30	
6468	87	
6469	55	
6470	48	
6471	23	
6472	63	
6473	26	
6474	48	
6475	88	
6476	50	
6477	13	
6478	35	
6479	61	
6480	49	
6481	46	
6482	96	
6483	78	
6484	33	
6485	43	
6486	83	
6487	15	
6488	4	
6489	49	
6490	34	
6491	100	
6492	89	
6493	77	
6494	42	
6495	99	
6496	62	
6497	75	
6498	98	
6499	74	
6500	34	
6501	77	
6502	7	
6503	60	
6504	42	
6505	91	
6506	92	
6507	85	
6508	69	
6509	42	
6510	26	
6511	68	
6512	38	
6513	94	
6514	12	
6515	26	
6516	59	
6517	97	
6518	39	
6519	58	
6520	17	
6521	80	
6522	37	
6523	56	
6524	76	
6525	78	
6526	22	
6527	48	
6528	57	
6529	98	
6530	9	
6531	81	
6532	59	
6533	20	
6534	73	
6535	72	
6536	69	
6537	68	
6538	34	
6539	1	
6540	80	
6541	71	
6542	50	
6543	58	
6544	59	
6545	83	
6546	10	
6547	72	
6548	52	
6549	80	
6550	97	
6551	39	
6552	50	
6553	27	
6554	94	
6555	27	
6556	82	
6557	93	
6558	39	
6559	54	
6560	64	
6561	5	
6562	14	
6563	55	
6564	61	
6565	91	
6566	79	
6567	79	
6568	36	
6569	1	
6570	45	
6571	95	
6572	91	
6573	62	
6574	60	
6575	78	
6576	92	
6577	37	
6578	18	
6579	1	
6580	34	
6581	88	
6582	56	
6583	79	
6584	91	
6585	3	
6586	52	
6587	56	
6588	17	
6589	3	
6590	42	
6591	12	
6592	75	
6593	45	
6594	96	
6595	67	
6596	38	
6597	19	
6598	36	
6599	88	
6600	86	
6601	11	
6602	18	
6603	63	
6604	25	
6605	69	
6606	100	
6607	73	
6608	36	
6609	43	
6610	83	
6611	36	
6612	10	
6613	84	
6614	10	
6615	5	
6616	7	
6617	87	
6618	47	
6619	100	
6620	42	
6621	58	
6622	59	
6623	64	
6624	85	
6625	42	
6626	12	
6627	46	
6628	39	
6629	27	
6630	26	
6631	7	
6632	88	
6633	70	
6634	68	
6635	75	
6636	22	
6637	20	
6638	62	
6639	22	
6640	36	
6641	78	
6642	46	
6643	50	
6644	55	
6645	61	
6646	73	
6647	18	
6648	3	
6649	92	
6650	89	
6651	79	
6652	12	
6653	26	
6654	1	
6655	19	
6656	6	
6657	55	
6658	38	
6659	55	
6660	55	
6661	44	
6662	18	
6663	98	
6664	14	
6665	41	
6666	100	
6667	85	
6668	43	
6669	1	
6670	17	
6671	2	
6672	83	
6673	37	
6674	15	
6675	39	
6676	31	
6677	10	
6678	17	
6679	94	
6680	66	
6681	78	
6682	60	
6683	28	
6684	9	
6685	59	
6686	17	
6687	92	
6688	92	
6689	37	
6690	89	
6691	55	
6692	31	
6693	42	
6694	79	
6695	99	
6696	31	
6697	93	
6698	82	
6699	41	
6700	12	
6701	53	
6702	89	
6703	37	
6704	79	
6705	26	
6706	13	
6707	6	
6708	83	
6709	24	
6710	79	
6711	36	
6712	9	
6713	40	
6714	16	
6715	84	
6716	62	
6717	80	
6718	6	
6719	96	
6720	25	
6721	59	
6722	38	
6723	17	
6724	39	
6725	24	
6726	62	
6727	75	
6728	16	
6729	50	
6730	97	
6731	45	
6732	89	
6733	87	
6734	76	
6735	42	
6736	45	
6737	66	
6738	37	
6739	64	
6740	94	
6741	87	
6742	19	
6743	97	
6744	96	
6745	59	
6746	22	
6747	23	
6748	54	
6749	14	
6750	1	
6751	3	
6752	81	
6753	51	
6754	13	
6755	7	
6756	14	
6757	99	
6758	6	
6759	49	
6760	60	
6761	83	
6762	86	
6763	58	
6764	29	
6765	53	
6766	32	
6767	2	
6768	24	
6769	68	
6770	78	
6771	89	
6772	2	
6773	42	
6774	100	
6775	9	
6776	98	
6777	55	
6778	30	
6779	56	
6780	18	
6781	60	
6782	62	
6783	12	
6784	37	
6785	46	
6786	85	
6787	70	
6788	57	
6789	31	
6790	84	
6791	26	
6792	64	
6793	45	
6794	69	
6795	47	
6796	49	
6797	32	
6798	21	
6799	81	
6800	58	
6801	58	
6802	49	
6803	48	
6804	80	
6805	22	
6806	79	
6807	67	
6808	52	
6809	63	
6810	24	
6811	100	
6812	70	
6813	39	
6814	29	
6815	36	
6816	45	
6817	55	
6818	43	
6819	41	
6820	83	
6821	91	
6822	40	
6823	17	
6824	72	
6825	76	
6826	25	
6827	70	
6828	48	
6829	23	
6830	80	
6831	78	
6832	11	
6833	29	
6834	82	
6835	30	
6836	27	
6837	82	
6838	12	
6839	52	
6840	85	
6841	16	
6842	35	
6843	94	
6844	29	
6845	39	
6846	93	
6847	2	
6848	84	
6849	28	
6850	14	
6851	2	
6852	62	
6853	36	
6854	2	
6855	71	
6856	83	
6857	11	
6858	83	
6859	84	
6860	51	
6861	23	
6862	85	
6863	66	
6864	84	
6865	40	
6866	28	
6867	50	
6868	68	
6869	63	
6870	6	
6871	36	
6872	58	
6873	93	
6874	63	
6875	99	
6876	24	
6877	51	
6878	22	
6879	4	
6880	51	
6881	97	
6882	99	
6883	26	
6884	35	
6885	85	
6886	97	
6887	76	
6888	62	
6889	27	
6890	19	
6891	76	
6892	6	
6893	32	
6894	48	
6895	28	
6896	53	
6897	36	
6898	44	
6899	5	
6900	34	
6901	41	
6902	66	
6903	62	
6904	59	
6905	79	
6906	10	
6907	91	
6908	38	
6909	24	
6910	13	
6911	67	
6912	38	
6913	31	
6914	82	
6915	4	
6916	85	
6917	71	
6918	45	
6919	24	
6920	37	
6921	63	
6922	84	
6923	79	
6924	100	
6925	49	
6926	56	
6927	53	
6928	14	
6929	88	
6930	53	
6931	99	
6932	75	
6933	63	
6934	15	
6935	50	
6936	68	
6937	90	
6938	77	
6939	25	
6940	96	
6941	82	
6942	82	
6943	54	
6944	96	
6945	98	
6946	82	
6947	9	
6948	22	
6949	90	
6950	44	
6951	82	
6952	71	
6953	36	
6954	71	
6955	29	
6956	86	
6957	23	
6958	93	
6959	13	
6960	94	
6961	73	
6962	5	
6963	27	
6964	16	
6965	86	
6966	62	
6967	90	
6968	80	
6969	97	
6970	27	
6971	18	
6972	78	
6973	60	
6974	49	
6975	87	
6976	90	
6977	30	
6978	88	
6979	9	
6980	30	
6981	29	
6982	36	
6983	82	
6984	89	
6985	54	
6986	19	
6987	65	
6988	72	
6989	5	
6990	1	
6991	27	
6992	18	
6993	91	
6994	73	
6995	70	
6996	4	
6997	74	
6998	55	
6999	12	
7000	43	
7001	37	
7002	6	
7003	78	
7004	31	
7005	83	
7006	53	
7007	70	
7008	96	
7009	70	
7010	44	
7011	91	
7012	90	
7013	53	
7014	21	
7015	66	
7016	30	
7017	44	
7018	1	
7019	52	
7020	73	
7021	28	
7022	34	
7023	16	
7024	45	
7025	34	
7026	32	
7027	15	
7028	28	
7029	18	
7030	65	
7031	76	
7032	62	
7033	62	
7034	75	
7035	60	
7036	12	
7037	38	
7038	7	
7039	13	
7040	9	
7041	23	
7042	45	
7043	68	
7044	30	
7045	86	
7046	52	
7047	52	
7048	87	
7049	91	
7050	56	
7051	17	
7052	70	
7053	44	
7054	84	
7055	92	
7056	24	
7057	57	
7058	32	
7059	68	
7060	96	
7061	11	
7062	73	
7063	56	
7064	9	
7065	67	
7066	65	
7067	29	
7068	25	
7069	78	
7070	94	
7071	49	
7072	34	
7073	16	
7074	60	
7075	11	
7076	86	
7077	31	
7078	65	
7079	56	
7080	52	
7081	94	
7082	58	
7083	85	
7084	42	
7085	16	
7086	24	
7087	30	
7088	87	
7089	36	
7090	45	
7091	90	
7092	27	
7093	85	
7094	75	
7095	93	
7096	92	
7097	73	
7098	81	
7099	88	
7100	33	
7101	11	
7102	43	
7103	1	
7104	66	
7105	70	
7106	96	
7107	85	
7108	77	
7109	41	
7110	3	
7111	35	
7112	64	
7113	82	
7114	57	
7115	44	
7116	54	
7117	41	
7118	94	
7119	47	
7120	81	
7121	65	
7122	81	
7123	4	
7124	10	
7125	15	
7126	90	
7127	26	
7128	98	
7129	71	
7130	71	
7131	66	
7132	77	
7133	32	
7134	2	
7135	79	
7136	54	
7137	45	
7138	46	
7139	74	
7140	88	
7141	91	
7142	23	
7143	25	
7144	84	
7145	91	
7146	37	
7147	58	
7148	6	
7149	59	
7150	22	
7151	86	
7152	3	
7153	26	
7154	90	
7155	96	
7156	69	
7157	82	
7158	47	
7159	13	
7160	48	
7161	38	
7162	22	
7163	11	
7164	60	
7165	38	
7166	38	
7167	48	
7168	6	
7169	84	
7170	34	
7171	9	
7172	22	
7173	86	
7174	45	
7175	13	
7176	76	
7177	53	
7178	35	
7179	58	
7180	1	
7181	53	
7182	99	
7183	76	
7184	44	
7185	79	
7186	8	
7187	42	
7188	87	
7189	1	
7190	18	
7191	75	
7192	97	
7193	6	
7194	99	
7195	14	
7196	87	
7197	44	
7198	32	
7199	75	
7200	17	
7201	76	
7202	31	
7203	91	
7204	60	
7205	14	
7206	28	
7207	9	
7208	99	
7209	3	
7210	63	
7211	76	
7212	64	
7213	84	
7214	9	
7215	41	
7216	45	
7217	41	
7218	48	
7219	92	
7220	57	
7221	61	
7222	18	
7223	3	
7224	18	
7225	90	
7226	58	
7227	84	
7228	30	
7229	60	
7230	59	
7231	13	
7232	68	
7233	36	
7234	78	
7235	48	
7236	30	
7237	14	
7238	53	
7239	78	
7240	10	
7241	45	
7242	48	
7243	13	
7244	42	
7245	15	
7246	34	
7247	28	
7248	74	
7249	56	
7250	54	
7251	20	
7252	78	
7253	26	
7254	75	
7255	78	
7256	35	
7257	47	
7258	66	
7259	29	
7260	44	
7261	75	
7262	61	
7263	18	
7264	23	
7265	41	
7266	27	
7267	63	
7268	47	
7269	63	
7270	68	
7271	98	
7272	36	
7273	77	
7274	95	
7275	53	
7276	92	
7277	79	
7278	12	
7279	54	
7280	6	
7281	8	
7282	21	
7283	30	
7284	31	
7285	95	
7286	63	
7287	100	
7288	27	
7289	81	
7290	40	
7291	64	
7292	98	
7293	84	
7294	91	
7295	61	
7296	97	
7297	79	
7298	89	
7299	69	
7300	12	
7301	69	
7302	44	
7303	65	
7304	62	
7305	84	
7306	96	
7307	96	
7308	58	
7309	16	
7310	11	
7311	99	
7312	78	
7313	52	
7314	30	
7315	35	
7316	100	
7317	37	
7318	72	
7319	80	
7320	87	
7321	11	
7322	43	
7323	22	
7324	24	
7325	85	
7326	20	
7327	75	
7328	79	
7329	57	
7330	49	
7331	53	
7332	68	
7333	31	
7334	2	
7335	19	
7336	60	
7337	93	
7338	58	
7339	49	
7340	88	
7341	65	
7342	68	
7343	78	
7344	34	
7345	8	
7346	89	
7347	87	
7348	72	
7349	75	
7350	30	
7351	47	
7352	46	
7353	6	
7354	92	
7355	78	
7356	73	
7357	66	
7358	50	
7359	92	
7360	32	
7361	88	
7362	42	
7363	20	
7364	28	
7365	58	
7366	41	
7367	83	
7368	2	
7369	82	
7370	54	
7371	41	
7372	29	
7373	87	
7374	91	
7375	16	
7376	61	
7377	26	
7378	41	
7379	29	
7380	32	
7381	38	
7382	62	
7383	68	
7384	66	
7385	41	
7386	31	
7387	93	
7388	86	
7389	53	
7390	49	
7391	47	
7392	33	
7393	68	
7394	38	
7395	78	
7396	12	
7397	5	
7398	38	
7399	62	
7400	86	
7401	20	
7402	59	
7403	91	
7404	21	
7405	82	
7406	8	
7407	36	
7408	12	
7409	87	
7410	87	
7411	54	
7412	40	
7413	78	
7414	8	
7415	76	
7416	28	
7417	49	
7418	19	
7419	63	
7420	74	
7421	4	
7422	99	
7423	16	
7424	54	
7425	32	
7426	94	
7427	22	
7428	84	
7429	13	
7430	1	
7431	51	
7432	3	
7433	94	
7434	39	
7435	32	
7436	74	
7437	77	
7438	6	
7439	67	
7440	14	
7441	6	
7442	59	
7443	74	
7444	51	
7445	42	
7446	28	
7447	15	
7448	15	
7449	90	
7450	25	
7451	75	
7452	19	
7453	83	
7454	85	
7455	37	
7456	74	
7457	13	
7458	73	
7459	93	
7460	79	
7461	22	
7462	97	
7463	19	
7464	43	
7465	77	
7466	7	
7467	68	
7468	77	
7469	17	
7470	9	
7471	5	
7472	17	
7473	5	
7474	24	
7475	12	
7476	18	
7477	67	
7478	89	
7479	92	
7480	61	
7481	95	
7482	89	
7483	94	
7484	22	
7485	91	
7486	82	
7487	56	
7488	82	
7489	19	
7490	9	
7491	43	
7492	65	
7493	91	
7494	31	
7495	86	
7496	95	
7497	29	
7498	82	
7499	22	
7500	1	
7501	94	
7502	31	
7503	41	
7504	70	
7505	41	
7506	87	
7507	45	
7508	36	
7509	29	
7510	92	
7511	52	
7512	58	
7513	5	
7514	42	
7515	47	
7516	86	
7517	8	
7518	68	
7519	93	
7520	74	
7521	25	
7522	2	
7523	15	
7524	35	
7525	77	
7526	39	
7527	71	
7528	15	
7529	89	
7530	82	
7531	11	
7532	96	
7533	51	
7534	30	
7535	100	
7536	56	
7537	1	
7538	3	
7539	69	
7540	66	
7541	55	
7542	92	
7543	51	
7544	100	
7545	88	
7546	45	
7547	24	
7548	33	
7549	93	
7550	80	
7551	58	
7552	65	
7553	15	
7554	69	
7555	86	
7556	49	
7557	88	
7558	4	
7559	71	
7560	58	
7561	6	
7562	95	
7563	74	
7564	51	
7565	76	
7566	46	
7567	98	
7568	37	
7569	58	
7570	29	
7571	63	
7572	12	
7573	6	
7574	90	
7575	56	
7576	92	
7577	3	
7578	81	
7579	86	
7580	63	
7581	55	
7582	65	
7583	37	
7584	80	
7585	51	
7586	54	
7587	15	
7588	51	
7589	79	
7590	75	
7591	10	
7592	24	
7593	100	
7594	59	
7595	20	
7596	77	
7597	63	
7598	72	
7599	54	
7600	13	
7601	96	
7602	93	
7603	36	
7604	9	
7605	10	
7606	38	
7607	48	
7608	33	
7609	91	
7610	27	
7611	56	
7612	9	
7613	34	
7614	44	
7615	38	
7616	78	
7617	95	
7618	57	
7619	68	
7620	36	
7621	91	
7622	91	
7623	51	
7624	15	
7625	14	
7626	95	
7627	85	
7628	91	
7629	98	
7630	68	
7631	17	
7632	97	
7633	78	
7634	70	
7635	19	
7636	90	
7637	14	
7638	95	
7639	34	
7640	37	
7641	67	
7642	7	
7643	88	
7644	99	
7645	93	
7646	45	
7647	50	
7648	68	
7649	47	
7650	17	
7651	42	
7652	93	
7653	63	
7654	45	
7655	75	
7656	45	
7657	16	
7658	26	
7659	100	
7660	21	
7661	1	
7662	58	
7663	6	
7664	97	
7665	5	
7666	45	
7667	73	
7668	35	
7669	7	
7670	66	
7671	44	
7672	57	
7673	85	
7674	96	
7675	35	
7676	97	
7677	21	
7678	51	
7679	61	
7680	70	
7681	53	
7682	18	
7683	60	
7684	49	
7685	44	
7686	73	
7687	9	
7688	30	
7689	16	
7690	74	
7691	78	
7692	62	
7693	13	
7694	13	
7695	66	
7696	13	
7697	61	
7698	89	
7699	66	
7700	67	
7701	84	
7702	30	
7703	55	
7704	72	
7705	58	
7706	7	
7707	52	
7708	94	
7709	2	
7710	47	
7711	50	
7712	87	
7713	50	
7714	50	
7715	68	
7716	81	
7717	42	
7718	86	
7719	42	
7720	83	
7721	84	
7722	56	
7723	51	
7724	19	
7725	82	
7726	89	
7727	81	
7728	40	
7729	41	
7730	16	
7731	57	
7732	87	
7733	98	
7734	52	
7735	58	
7736	83	
7737	89	
7738	4	
7739	28	
7740	70	
7741	43	
7742	40	
7743	22	
7744	8	
7745	61	
7746	35	
7747	10	
7748	37	
7749	48	
7750	57	
7751	58	
7752	8	
7753	60	
7754	63	
7755	82	
7756	76	
7757	36	
7758	20	
7759	46	
7760	3	
7761	74	
7762	27	
7763	95	
7764	74	
7765	1	
7766	44	
7767	27	
7768	86	
7769	76	
7770	74	
7771	70	
7772	11	
7773	21	
7774	44	
7775	29	
7776	96	
7777	20	
7778	9	
7779	55	
7780	24	
7781	19	
7782	53	
7783	96	
7784	33	
7785	34	
7786	24	
7787	84	
7788	8	
7789	98	
7790	80	
7791	70	
7792	29	
7793	75	
7794	89	
7795	27	
7796	13	
7797	64	
7798	37	
7799	90	
7800	80	
7801	59	
7802	58	
7803	8	
7804	87	
7805	79	
7806	68	
7807	82	
7808	21	
7809	76	
7810	89	
7811	35	
7812	7	
7813	71	
7814	8	
7815	57	
7816	81	
7817	36	
7818	63	
7819	9	
7820	52	
7821	81	
7822	65	
7823	65	
7824	3	
7825	45	
7826	12	
7827	23	
7828	64	
7829	52	
7830	80	
7831	36	
7832	26	
7833	59	
7834	11	
7835	51	
7836	54	
7837	58	
7838	23	
7839	38	
7840	68	
7841	8	
7842	67	
7843	54	
7844	65	
7845	43	
7846	35	
7847	25	
7848	16	
7849	90	
7850	83	
7851	76	
7852	11	
7853	76	
7854	72	
7855	18	
7856	21	
7857	96	
7858	92	
7859	8	
7860	10	
7861	16	
7862	85	
7863	61	
7864	72	
7865	100	
7866	46	
7867	30	
7868	66	
7869	10	
7870	91	
7871	49	
7872	48	
7873	45	
7874	47	
7875	99	
7876	75	
7877	12	
7878	13	
7879	11	
7880	4	
7881	81	
7882	57	
7883	45	
7884	22	
7885	76	
7886	97	
7887	70	
7888	58	
7889	23	
7890	27	
7891	69	
7892	60	
7893	41	
7894	47	
7895	85	
7896	89	
7897	58	
7898	67	
7899	63	
7900	80	
7901	54	
7902	100	
7903	14	
7904	31	
7905	11	
7906	80	
7907	74	
7908	85	
7909	73	
7910	80	
7911	95	
7912	27	
7913	33	
7914	76	
7915	30	
7916	33	
7917	89	
7918	52	
7919	52	
7920	19	
7921	63	
7922	23	
7923	100	
7924	18	
7925	63	
7926	15	
7927	91	
7928	25	
7929	20	
7930	5	
7931	75	
7932	55	
7933	23	
7934	28	
7935	58	
7936	29	
7937	17	
7938	15	
7939	93	
7940	18	
7941	95	
7942	48	
7943	43	
7944	61	
7945	45	
7946	29	
7947	81	
7948	27	
7949	26	
7950	36	
7951	41	
7952	11	
7953	32	
7954	84	
7955	41	
7956	55	
7957	45	
7958	88	
7959	60	
7960	66	
7961	18	
7962	53	
7963	1	
7964	85	
7965	85	
7966	44	
7967	12	
7968	12	
7969	80	
7970	11	
7971	26	
7972	35	
7973	22	
7974	15	
7975	33	
7976	31	
7977	2	
7978	16	
7979	26	
7980	1	
7981	56	
7982	73	
7983	21	
7984	79	
7985	17	
7986	59	
7987	6	
7988	64	
7989	68	
7990	63	
7991	83	
7992	54	
7993	94	
7994	43	
7995	22	
7996	11	
7997	23	
7998	87	
7999	61	
8000	6	
8001	47	
8002	17	
8003	25	
8004	8	
8005	93	
8006	55	
8007	34	
8008	1	
8009	88	
8010	96	
8011	39	
8012	50	
8013	10	
8014	13	
8015	63	
8016	7	
8017	83	
8018	40	
8019	25	
8020	100	
8021	76	
8022	4	
8023	25	
8024	37	
8025	14	
8026	6	
8027	89	
8028	96	
8029	22	
8030	39	
8031	97	
8032	39	
8033	79	
8034	100	
8035	47	
8036	96	
8037	29	
8038	12	
8039	65	
8040	7	
8041	10	
8042	46	
8043	46	
8044	72	
8045	9	
8046	34	
8047	16	
8048	58	
8049	89	
8050	90	
8051	14	
8052	12	
8053	48	
8054	10	
8055	10	
8056	61	
8057	66	
8058	59	
8059	39	
8060	49	
8061	33	
8062	25	
8063	3	
8064	12	
8065	60	
8066	14	
8067	48	
8068	12	
8069	26	
8070	59	
8071	99	
8072	32	
8073	45	
8074	66	
8075	63	
8076	24	
8077	49	
8078	76	
8079	12	
8080	77	
8081	24	
8082	18	
8083	50	
8084	56	
8085	77	
8086	66	
8087	5	
8088	76	
8089	39	
8090	13	
8091	100	
8092	26	
8093	85	
8094	12	
8095	20	
8096	77	
8097	93	
8098	88	
8099	88	
8100	16	
8101	59	
8102	16	
8103	43	
8104	96	
8105	41	
8106	19	
8107	51	
8108	13	
8109	45	
8110	81	
8111	70	
8112	96	
8113	4	
8114	28	
8115	41	
8116	55	
8117	95	
8118	92	
8119	91	
8120	78	
8121	5	
8122	13	
8123	16	
8124	38	
8125	62	
8126	81	
8127	59	
8128	74	
8129	47	
8130	25	
8131	46	
8132	95	
8133	65	
8134	38	
8135	22	
8136	21	
8137	33	
8138	62	
8139	2	
8140	69	
8141	6	
8142	26	
8143	87	
8144	50	
8145	64	
8146	27	
8147	42	
8148	34	
8149	41	
8150	51	
8151	63	
8152	80	
8153	72	
8154	35	
8155	90	
8156	66	
8157	55	
8158	56	
8159	49	
8160	34	
8161	30	
8162	75	
8163	47	
8164	54	
8165	63	
8166	59	
8167	32	
8168	93	
8169	18	
8170	11	
8171	27	
8172	8	
8173	88	
8174	50	
8175	22	
8176	72	
8177	93	
8178	88	
8179	50	
8180	9	
8181	67	
8182	84	
8183	78	
8184	22	
8185	27	
8186	46	
8187	34	
8188	49	
8189	57	
8190	92	
8191	14	
8192	49	
8193	41	
8194	95	
8195	58	
8196	100	
8197	6	
8198	96	
8199	45	
8200	92	
8201	55	
8202	97	
8203	83	
8204	92	
8205	98	
8206	19	
8207	48	
8208	33	
8209	59	
8210	87	
8211	93	
8212	95	
8213	67	
8214	95	
8215	84	
8216	79	
8217	78	
8218	71	
8219	34	
8220	24	
8221	83	
8222	38	
8223	57	
8224	97	
8225	89	
8226	4	
8227	44	
8228	26	
8229	38	
8230	27	
8231	92	
8232	43	
8233	5	
8234	48	
8235	62	
8236	3	
8237	89	
8238	18	
8239	69	
8240	99	
8241	53	
8242	47	
8243	46	
8244	13	
8245	63	
8246	55	
8247	88	
8248	84	
8249	31	
8250	45	
8251	20	
8252	43	
8253	58	
8254	53	
8255	99	
8256	80	
8257	58	
8258	67	
8259	76	
8260	8	
8261	10	
8262	76	
8263	41	
8264	14	
8265	12	
8266	86	
8267	55	
8268	33	
8269	8	
8270	98	
8271	92	
8272	11	
8273	40	
8274	93	
8275	46	
8276	90	
8277	63	
8278	68	
8279	63	
8280	21	
8281	80	
8282	38	
8283	8	
8284	81	
8285	46	
8286	83	
8287	100	
8288	30	
8289	55	
8290	76	
8291	68	
8292	57	
8293	75	
8294	95	
8295	58	
8296	41	
8297	67	
8298	69	
8299	19	
8300	39	
8301	40	
8302	88	
8303	30	
8304	12	
8305	43	
8306	72	
8307	97	
8308	71	
8309	69	
8310	100	
8311	89	
8312	21	
8313	77	
8314	79	
8315	59	
8316	75	
8317	15	
8318	53	
8319	71	
8320	28	
8321	56	
8322	54	
8323	13	
8324	18	
8325	73	
8326	91	
8327	5	
8328	51	
8329	59	
8330	21	
8331	13	
8332	5	
8333	29	
8334	63	
8335	39	
8336	48	
8337	59	
8338	89	
8339	86	
8340	8	
8341	59	
8342	9	
8343	33	
8344	73	
8345	48	
8346	75	
8347	73	
8348	73	
8349	100	
8350	82	
8351	57	
8352	74	
8353	19	
8354	18	
8355	46	
8356	70	
8357	35	
8358	81	
8359	26	
8360	17	
8361	75	
8362	52	
8363	39	
8364	62	
8365	34	
8366	45	
8367	94	
8368	71	
8369	8	
8370	92	
8371	78	
8372	44	
8373	21	
8374	7	
8375	72	
8376	57	
8377	78	
8378	100	
8379	90	
8380	34	
8381	33	
8382	88	
8383	94	
8384	31	
8385	58	
8386	3	
8387	49	
8388	10	
8389	22	
8390	36	
8391	78	
8392	54	
8393	65	
8394	48	
8395	94	
8396	43	
8397	88	
8398	35	
8399	64	
8400	22	
8401	45	
8402	88	
8403	8	
8404	24	
8405	60	
8406	24	
8407	97	
8408	68	
8409	66	
8410	83	
8411	5	
8412	3	
8413	92	
8414	27	
8415	5	
8416	84	
8417	33	
8418	6	
8419	87	
8420	34	
8421	89	
8422	73	
8423	85	
8424	43	
8425	70	
8426	81	
8427	53	
8428	64	
8429	19	
8430	92	
8431	96	
8432	5	
8433	23	
8434	58	
8435	45	
8436	4	
8437	60	
8438	25	
8439	1	
8440	27	
8441	22	
8442	27	
8443	34	
8444	39	
8445	95	
8446	81	
8447	79	
8448	93	
8449	46	
8450	75	
8451	99	
8452	29	
8453	89	
8454	12	
8455	42	
8456	59	
8457	17	
8458	72	
8459	90	
8460	100	
8461	42	
8462	86	
8463	80	
8464	84	
8465	25	
8466	89	
8467	65	
8468	39	
8469	60	
8470	17	
8471	16	
8472	41	
8473	99	
8474	77	
8475	27	
8476	19	
8477	74	
8478	15	
8479	3	
8480	81	
8481	59	
8482	85	
8483	2	
8484	52	
8485	34	
8486	52	
8487	99	
8488	72	
8489	64	
8490	69	
8491	29	
8492	68	
8493	54	
8494	6	
8495	49	
8496	50	
8497	13	
8498	22	
8499	27	
8500	22	
8501	93	
8502	86	
8503	30	
8504	23	
8505	68	
8506	60	
8507	30	
8508	35	
8509	6	
8510	100	
8511	58	
8512	25	
8513	68	
8514	5	
8515	8	
8516	83	
8517	55	
8518	98	
8519	89	
8520	35	
8521	27	
8522	39	
8523	48	
8524	44	
8525	95	
8526	47	
8527	74	
8528	36	
8529	20	
8530	5	
8531	88	
8532	32	
8533	43	
8534	69	
8535	38	
8536	85	
8537	30	
8538	22	
8539	43	
8540	22	
8541	51	
8542	30	
8543	80	
8544	49	
8545	38	
8546	39	
8547	100	
8548	21	
8549	49	
8550	10	
8551	90	
8552	31	
8553	100	
8554	23	
8555	100	
8556	39	
8557	20	
8558	70	
8559	80	
8560	5	
8561	93	
8562	10	
8563	99	
8564	14	
8565	1	
8566	77	
8567	40	
8568	86	
8569	60	
8570	52	
8571	59	
8572	37	
8573	8	
8574	34	
8575	24	
8576	48	
8577	57	
8578	30	
8579	31	
8580	83	
8581	12	
8582	63	
8583	18	
8584	74	
8585	48	
8586	53	
8587	44	
8588	94	
8589	93	
8590	86	
8591	30	
8592	42	
8593	54	
8594	72	
8595	34	
8596	100	
8597	96	
8598	39	
8599	77	
8600	91	
8601	40	
8602	41	
8603	30	
8604	56	
8605	38	
8606	59	
8607	63	
8608	19	
8609	44	
8610	63	
8611	16	
8612	13	
8613	55	
8614	66	
8615	73	
8616	73	
8617	14	
8618	24	
8619	94	
8620	20	
8621	28	
8622	85	
8623	10	
8624	71	
8625	52	
8626	31	
8627	70	
8628	45	
8629	40	
8630	55	
8631	81	
8632	3	
8633	83	
8634	79	
8635	40	
8636	30	
8637	89	
8638	10	
8639	12	
8640	37	
8641	28	
8642	5	
8643	60	
8644	50	
8645	23	
8646	98	
8647	6	
8648	83	
8649	24	
8650	97	
8651	71	
8652	26	
8653	51	
8654	84	
8655	77	
8656	67	
8657	66	
8658	33	
8659	98	
8660	98	
8661	16	
8662	52	
8663	56	
8664	95	
8665	48	
8666	90	
8667	52	
8668	56	
8669	32	
8670	63	
8671	12	
8672	75	
8673	37	
8674	29	
8675	87	
8676	26	
8677	23	
8678	96	
8679	34	
8680	69	
8681	83	
8682	39	
8683	26	
8684	80	
8685	74	
8686	94	
8687	90	
8688	47	
8689	33	
8690	55	
8691	16	
8692	59	
8693	56	
8694	23	
8695	93	
8696	7	
8697	25	
8698	12	
8699	50	
8700	58	
8701	84	
8702	65	
8703	79	
8704	9	
8705	90	
8706	27	
8707	68	
8708	51	
8709	28	
8710	76	
8711	44	
8712	42	
8713	50	
8714	52	
8715	68	
8716	13	
8717	38	
8718	41	
8719	11	
8720	66	
8721	16	
8722	92	
8723	16	
8724	3	
8725	62	
8726	59	
8727	80	
8728	19	
8729	27	
8730	87	
8731	60	
8732	35	
8733	5	
8734	45	
8735	53	
8736	98	
8737	76	
8738	10	
8739	44	
8740	83	
8741	78	
8742	93	
8743	69	
8744	52	
8745	46	
8746	93	
8747	65	
8748	6	
8749	51	
8750	50	
8751	77	
8752	25	
8753	61	
8754	86	
8755	60	
8756	87	
8757	92	
8758	1	
8759	95	
8760	14	
8761	21	
8762	35	
8763	20	
8764	71	
8765	90	
8766	15	
8767	37	
8768	79	
8769	58	
8770	99	
8771	79	
8772	98	
8773	52	
8774	80	
8775	25	
8776	40	
8777	79	
8778	69	
8779	100	
8780	23	
8781	57	
8782	4	
8783	75	
8784	92	
8785	41	
8786	50	
8787	86	
8788	38	
8789	70	
8790	9	
8791	28	
8792	72	
8793	16	
8794	13	
8795	66	
8796	44	
8797	64	
8798	22	
8799	7	
8800	60	
8801	77	
8802	2	
8803	92	
8804	22	
8805	7	
8806	92	
8807	11	
8808	13	
8809	4	
8810	90	
8811	86	
8812	7	
8813	3	
8814	92	
8815	79	
8816	38	
8817	91	
8818	75	
8819	10	
8820	37	
8821	94	
8822	86	
8823	15	
8824	70	
8825	84	
8826	65	
8827	99	
8828	24	
8829	22	
8830	74	
8831	88	
8832	96	
8833	49	
8834	62	
8835	8	
8836	89	
8837	15	
8838	67	
8839	20	
8840	21	
8841	30	
8842	84	
8843	50	
8844	58	
8845	34	
8846	41	
8847	53	
8848	84	
8849	69	
8850	18	
8851	5	
8852	32	
8853	14	
8854	73	
8855	26	
8856	44	
8857	20	
8858	3	
8859	79	
8860	3	
8861	65	
8862	1	
8863	80	
8864	12	
8865	22	
8866	84	
8867	94	
8868	91	
8869	23	
8870	94	
8871	16	
8872	49	
8873	21	
8874	32	
8875	85	
8876	98	
8877	33	
8878	5	
8879	74	
8880	6	
8881	19	
8882	95	
8883	35	
8884	90	
8885	70	
8886	90	
8887	74	
8888	58	
8889	89	
8890	26	
8891	61	
8892	18	
8893	65	
8894	25	
8895	59	
8896	95	
8897	7	
8898	99	
8899	43	
8900	61	
8901	32	
8902	96	
8903	18	
8904	80	
8905	4	
8906	50	
8907	95	
8908	13	
8909	89	
8910	57	
8911	46	
8912	11	
8913	67	
8914	37	
8915	51	
8916	4	
8917	47	
8918	12	
8919	34	
8920	99	
8921	14	
8922	46	
8923	35	
8924	57	
8925	69	
8926	38	
8927	88	
8928	46	
8929	8	
8930	56	
8931	47	
8932	99	
8933	17	
8934	79	
8935	99	
8936	55	
8937	100	
8938	46	
8939	76	
8940	4	
8941	65	
8942	4	
8943	53	
8944	72	
8945	91	
8946	9	
8947	54	
8948	50	
8949	41	
8950	40	
8951	20	
8952	24	
8953	96	
8954	65	
8955	70	
8956	100	
8957	42	
8958	46	
8959	32	
8960	41	
8961	90	
8962	71	
8963	81	
8964	28	
8965	31	
8966	87	
8967	98	
8968	10	
8969	72	
8970	43	
8971	91	
8972	2	
8973	39	
8974	12	
8975	54	
8976	20	
8977	7	
8978	47	
8979	16	
8980	71	
8981	79	
8982	45	
8983	85	
8984	72	
8985	19	
8986	77	
8987	33	
8988	10	
8989	96	
8990	19	
8991	94	
8992	19	
8993	17	
8994	43	
8995	22	
8996	53	
8997	14	
8998	82	
8999	4	
9000	68	
9001	73	
9002	46	
9003	64	
9004	48	
9005	97	
9006	42	
9007	97	
9008	9	
9009	56	
9010	42	
9011	64	
9012	76	
9013	14	
9014	17	
9015	12	
9016	88	
9017	54	
9018	74	
9019	13	
9020	100	
9021	62	
9022	69	
9023	71	
9024	17	
9025	49	
9026	77	
9027	54	
9028	82	
9029	5	
9030	58	
9031	77	
9032	46	
9033	7	
9034	42	
9035	100	
9036	21	
9037	3	
9038	97	
9039	8	
9040	32	
9041	70	
9042	59	
9043	35	
9044	32	
9045	22	
9046	25	
9047	54	
9048	64	
9049	90	
9050	77	
9051	65	
9052	37	
9053	36	
9054	21	
9055	95	
9056	71	
9057	13	
9058	73	
9059	100	
9060	62	
9061	89	
9062	7	
9063	56	
9064	19	
9065	17	
9066	52	
9067	35	
9068	54	
9069	62	
9070	86	
9071	17	
9072	60	
9073	81	
9074	49	
9075	77	
9076	92	
9077	74	
9078	60	
9079	95	
9080	83	
9081	7	
9082	62	
9083	47	
9084	86	
9085	84	
9086	63	
9087	17	
9088	84	
9089	70	
9090	78	
9091	65	
9092	82	
9093	74	
9094	22	
9095	74	
9096	60	
9097	72	
9098	48	
9099	85	
9100	83	
9101	14	
9102	96	
9103	64	
9104	87	
9105	8	
9106	33	
9107	77	
9108	20	
9109	3	
9110	4	
9111	6	
9112	38	
9113	36	
9114	61	
9115	100	
9116	58	
9117	56	
9118	42	
9119	42	
9120	1	
9121	59	
9122	45	
9123	40	
9124	78	
9125	67	
9126	59	
9127	79	
9128	73	
9129	67	
9130	25	
9131	33	
9132	88	
9133	30	
9134	37	
9135	22	
9136	33	
9137	47	
9138	43	
9139	48	
9140	31	
9141	53	
9142	97	
9143	44	
9144	48	
9145	2	
9146	73	
9147	63	
9148	55	
9149	73	
9150	43	
9151	13	
9152	9	
9153	89	
9154	17	
9155	71	
9156	57	
9157	85	
9158	82	
9159	14	
9160	57	
9161	91	
9162	100	
9163	84	
9164	68	
9165	75	
9166	70	
9167	67	
9168	31	
9169	40	
9170	82	
9171	21	
9172	46	
9173	19	
9174	52	
9175	20	
9176	11	
9177	68	
9178	34	
9179	69	
9180	2	
9181	10	
9182	10	
9183	36	
9184	73	
9185	68	
9186	4	
9187	79	
9188	35	
9189	87	
9190	2	
9191	79	
9192	73	
9193	8	
9194	64	
9195	93	
9196	51	
9197	29	
9198	98	
9199	71	
9200	97	
9201	25	
9202	99	
9203	13	
9204	65	
9205	77	
9206	17	
9207	35	
9208	80	
9209	99	
9210	6	
9211	38	
9212	26	
9213	8	
9214	98	
9215	36	
9216	73	
9217	51	
9218	39	
9219	15	
9220	90	
9221	26	
9222	35	
9223	40	
9224	73	
9225	98	
9226	50	
9227	93	
9228	11	
9229	71	
9230	63	
9231	53	
9232	83	
9233	78	
9234	9	
9235	92	
9236	91	
9237	97	
9238	36	
9239	21	
9240	54	
9241	23	
9242	19	
9243	97	
9244	97	
9245	90	
9246	16	
9247	4	
9248	60	
9249	63	
9250	1	
9251	5	
9252	12	
9253	54	
9254	31	
9255	43	
9256	92	
9257	4	
9258	2	
9259	84	
9260	33	
9261	34	
9262	2	
9263	93	
9264	80	
9265	12	
9266	93	
9267	69	
9268	69	
9269	37	
9270	32	
9271	41	
9272	75	
9273	75	
9274	37	
9275	51	
9276	40	
9277	89	
9278	8	
9279	34	
9280	63	
9281	11	
9282	16	
9283	13	
9284	81	
9285	86	
9286	47	
9287	13	
9288	11	
9289	50	
9290	79	
9291	49	
9292	12	
9293	65	
9294	30	
9295	65	
9296	1	
9297	23	
9298	63	
9299	41	
9300	54	
9301	97	
9302	33	
9303	16	
9304	35	
9305	48	
9306	25	
9307	80	
9308	54	
9309	93	
9310	25	
9311	86	
9312	33	
9313	36	
9314	24	
9315	88	
9316	59	
9317	47	
9318	2	
9319	97	
9320	69	
9321	81	
9322	54	
9323	21	
9324	98	
9325	93	
9326	68	
9327	71	
9328	5	
9329	10	
9330	15	
9331	55	
9332	7	
9333	35	
9334	97	
9335	2	
9336	20	
9337	42	
9338	39	
9339	27	
9340	48	
9341	46	
9342	15	
9343	58	
9344	16	
9345	50	
9346	6	
9347	82	
9348	75	
9349	57	
9350	26	
9351	32	
9352	47	
9353	85	
9354	75	
9355	67	
9356	16	
9357	22	
9358	3	
9359	99	
9360	1	
9361	19	
9362	72	
9363	81	
9364	48	
9365	85	
9366	2	
9367	30	
9368	68	
9369	36	
9370	18	
9371	25	
9372	30	
9373	71	
9374	96	
9375	63	
9376	69	
9377	56	
9378	14	
9379	23	
9380	100	
9381	87	
9382	92	
9383	9	
9384	13	
9385	62	
9386	53	
9387	24	
9388	37	
9389	23	
9390	37	
9391	30	
9392	1	
9393	19	
9394	78	
9395	40	
9396	80	
9397	51	
9398	40	
9399	17	
9400	47	
9401	35	
9402	4	
9403	13	
9404	19	
9405	96	
9406	98	
9407	88	
9408	15	
9409	75	
9410	36	
9411	22	
9412	64	
9413	42	
9414	87	
9415	25	
9416	22	
9417	27	
9418	45	
9419	20	
9420	66	
9421	5	
9422	19	
9423	28	
9424	44	
9425	24	
9426	2	
9427	67	
9428	48	
9429	66	
9430	1	
9431	83	
9432	46	
9433	6	
9434	46	
9435	80	
9436	60	
9437	95	
9438	61	
9439	91	
9440	32	
9441	75	
9442	87	
9443	55	
9444	36	
9445	29	
9446	72	
9447	68	
9448	43	
9449	49	
9450	11	
9451	30	
9452	55	
9453	24	
9454	80	
9455	17	
9456	31	
9457	50	
9458	60	
9459	4	
9460	64	
9461	94	
9462	26	
9463	23	
9464	21	
9465	42	
9466	6	
9467	14	
9468	68	
9469	97	
9470	27	
9471	29	
9472	80	
9473	83	
9474	63	
9475	52	
9476	83	
9477	17	
9478	79	
9479	34	
9480	84	
9481	39	
9482	34	
9483	71	
9484	47	
9485	83	
9486	82	
9487	92	
9488	25	
9489	57	
9490	40	
9491	83	
9492	27	
9493	14	
9494	66	
9495	69	
9496	55	
9497	83	
9498	44	
9499	18	
9500	12	
9501	57	
9502	38	
9503	89	
9504	25	
9505	36	
9506	50	
9507	59	
9508	26	
9509	34	
9510	83	
9511	54	
9512	88	
9513	2	
9514	42	
9515	35	
9516	75	
9517	79	
9518	26	
9519	29	
9520	3	
9521	84	
9522	5	
9523	62	
9524	70	
9525	59	
9526	75	
9527	27	
9528	37	
9529	48	
9530	32	
9531	29	
9532	72	
9533	69	
9534	58	
9535	32	
9536	25	
9537	65	
9538	50	
9539	44	
9540	9	
9541	39	
9542	45	
9543	80	
9544	36	
9545	98	
9546	57	
9547	5	
9548	83	
9549	51	
9550	87	
9551	22	
9552	81	
9553	60	
9554	48	
9555	71	
9556	60	
9557	69	
9558	26	
9559	55	
9560	3	
9561	90	
9562	25	
9563	19	
9564	71	
9565	82	
9566	52	
9567	62	
9568	88	
9569	32	
9570	23	
9571	33	
9572	91	
9573	65	
9574	49	
9575	38	
9576	23	
9577	82	
9578	37	
9579	74	
9580	34	
9581	73	
9582	82	
9583	9	
9584	2	
9585	24	
9586	56	
9587	14	
9588	22	
9589	47	
9590	38	
9591	89	
9592	72	
9593	45	
9594	96	
9595	79	
9596	94	
9597	35	
9598	80	
9599	34	
9600	39	
9601	70	
9602	83	
9603	51	
9604	45	
9605	100	
9606	58	
9607	74	
9608	30	
9609	83	
9610	6	
9611	70	
9612	25	
9613	70	
9614	90	
9615	82	
9616	75	
9617	5	
9618	98	
9619	60	
9620	64	
9621	46	
9622	68	
9623	95	
9624	73	
9625	16	
9626	84	
9627	98	
9628	97	
9629	85	
9630	5	
9631	97	
9632	42	
9633	14	
9634	63	
9635	73	
9636	62	
9637	55	
9638	45	
9639	52	
9640	77	
9641	16	
9642	26	
9643	56	
9644	15	
9645	41	
9646	45	
9647	10	
9648	44	
9649	15	
9650	18	
9651	61	
9652	69	
9653	6	
9654	12	
9655	10	
9656	66	
9657	96	
9658	6	
9659	35	
9660	47	
9661	88	
9662	4	
9663	35	
9664	45	
9665	54	
9666	94	
9667	93	
9668	80	
9669	83	
9670	73	
9671	73	
9672	19	
9673	95	
9674	35	
9675	92	
9676	9	
9677	92	
9678	76	
9679	97	
9680	100	
9681	5	
9682	87	
9683	60	
9684	2	
9685	98	
9686	17	
9687	77	
9688	70	
9689	72	
9690	26	
9691	51	
9692	9	
9693	79	
9694	53	
9695	79	
9696	79	
9697	94	
9698	82	
9699	4	
9700	16	
9701	59	
9702	31	
9703	33	
9704	69	
9705	5	
9706	5	
9707	96	
9708	59	
9709	31	
9710	82	
9711	95	
9712	20	
9713	88	
9714	30	
9715	50	
9716	71	
9717	98	
9718	64	
9719	58	
9720	30	
9721	33	
9722	43	
9723	66	
9724	22	
9725	47	
9726	71	
9727	81	
9728	80	
9729	39	
9730	28	
9731	89	
9732	69	
9733	28	
9734	11	
9735	31	
9736	87	
9737	57	
9738	61	
9739	30	
9740	36	
9741	99	
9742	37	
9743	87	
9744	15	
9745	64	
9746	55	
9747	39	
9748	63	
9749	12	
9750	52	
9751	94	
9752	61	
9753	95	
9754	38	
9755	71	
9756	39	
9757	32	
9758	67	
9759	43	
9760	62	
9761	61	
9762	67	
9763	73	
9764	29	
9765	14	
9766	60	
9767	45	
9768	8	
9769	29	
9770	51	
9771	46	
9772	49	
9773	16	
9774	98	
9775	61	
9776	87	
9777	24	
9778	41	
9779	98	
9780	39	
9781	58	
9782	2	
9783	52	
9784	36	
9785	25	
9786	27	
9787	55	
9788	48	
9789	69	
9790	73	
9791	11	
9792	54	
9793	80	
9794	64	
9795	43	
9796	92	
9797	84	
9798	75	
9799	20	
9800	13	
9801	33	
9802	50	
9803	94	
9804	85	
9805	86	
9806	32	
9807	95	
9808	1	
9809	93	
9810	4	
9811	48	
9812	74	
9813	80	
9814	74	
9815	41	
9816	71	
9817	4	
9818	49	
9819	94	
9820	24	
9821	23	
9822	8	
9823	89	
9824	67	
9825	87	
9826	46	
9827	73	
9828	64	
9829	91	
9830	100	
9831	18	
9832	85	
9833	3	
9834	99	
9835	32	
9836	62	
9837	36	
9838	100	
9839	27	
9840	20	
9841	62	
9842	66	
9843	81	
9844	93	
9845	100	
9846	43	
9847	49	
9848	17	
9849	76	
9850	85	
9851	47	
9852	80	
9853	97	
9854	80	
9855	15	
9856	43	
9857	63	
9858	43	
9859	69	
9860	90	
9861	15	
9862	70	
9863	23	
9864	1	
9865	73	
9866	34	
9867	28	
9868	41	
9869	91	
9870	13	
9871	77	
9872	98	
9873	64	
9874	29	
9875	20	
9876	84	
9877	4	
9878	82	
9879	31	
9880	35	
9881	20	
9882	14	
9883	27	
9884	100	
9885	100	
9886	95	
9887	79	
9888	39	
9889	75	
9890	68	
9891	75	
9892	29	
9893	67	
9894	5	
9895	79	
9896	69	
9897	91	
9898	6	
9899	31	
9900	57	
9901	26	
9902	29	
9903	54	
9904	95	
9905	63	
9906	78	
9907	14	
9908	50	
9909	72	
9910	79	
9911	72	
9912	56	
9913	41	
9914	73	
9915	69	
9916	99	
9917	28	
9918	11	
9919	85	
9920	22	
9921	16	
9922	76	
9923	84	
9924	67	
9925	16	
9926	23	
9927	61	
9928	84	
9929	78	
9930	76	
9931	1	
9932	52	
9933	74	
9934	45	
9935	34	
9936	100	
9937	18	
9938	76	
9939	34	
9940	12	
9941	93	
9942	37	
9943	43	
9944	33	
9945	11	
9946	26	
9947	26	
9948	46	
9949	48	
9950	80	
9951	58	
9952	69	
9953	30	
9954	65	
9955	20	
9956	9	
9957	65	
9958	94	
9959	86	
9960	3	
9961	62	
9962	71	
9963	61	
9964	30	
9965	6	
9966	68	
9967	49	
9968	5	
9969	50	
9970	4	
9971	33	
9972	73	
9973	15	
9974	9	
9975	45	
9976	82	
9977	29	
9978	100	
9979	18	
9980	97	
9981	13	
9982	40	
9983	50	
9984	80	
9985	72	
9986	20	
9987	30	
9988	26	
9989	7	
9990	51	
9991	21	
9992	18	
9993	58	
9994	49	
9995	36	
9996	69	
9997	64	
9998	76	
9999	90	
10000	62	
35299
