10000
1	2	
2	4	
3	6	
4	1	
5	4	
6	6	
7	1	
8	4	
9	1	
10	4	
11	6	
12	9	
13	6	
14	8	
15	7	
16	1	
17	5	
18	2	
19	5	
20	8	
21	9	
22	10	
23	4	
24	1	
25	5	
26	4	
27	2	
28	2	
29	8	
30	5	
31	10	
32	8	
33	2	
34	3	
35	10	
36	1	
37	2	
38	1	
39	6	
40	7	
41	1	
42	2	
43	10	
44	6	
45	3	
46	7	
47	6	
48	2	
49	7	
50	2	
51	7	
52	2	
53	3	
54	8	
55	7	
56	4	
57	9	
58	1	
59	10	
60	2	
61	7	
62	1	
63	10	
64	9	
65	8	
66	10	
67	7	
68	1	
69	2	
70	6	
71	4	
72	8	
73	4	
74	5	
75	4	
76	7	
77	5	
78	3	
79	5	
80	5	
81	10	
82	4	
83	5	
84	8	
85	8	
86	8	
87	8	
88	10	
89	4	
90	7	
91	7	
92	7	
93	9	
94	4	
95	2	
96	1	
97	7	
98	3	
99	10	
100	8	
101	9	
102	8	
103	8	
104	6	
105	1	
106	6	
107	9	
108	7	
109	9	
110	3	
111	3	
112	7	
113	3	
114	1	
115	1	
116	5	
117	9	
118	3	
119	7	
120	5	
121	8	
122	7	
123	2	
124	7	
125	3	
126	9	
127	4	
128	2	
129	5	
130	5	
131	4	
132	5	
133	9	
134	4	
135	9	
136	10	
137	5	
138	3	
139	6	
140	8	
141	9	
142	3	
143	3	
144	9	
145	3	
146	6	
147	2	
148	5	
149	5	
150	8	
151	1	
152	5	
153	6	
154	4	
155	4	
156	10	
157	6	
158	3	
159	8	
160	1	
161	3	
162	7	
163	6	
164	2	
165	5	
166	2	
167	7	
168	10	
169	2	
170	9	
171	5	
172	4	
173	3	
174	4	
175	3	
176	1	
177	10	
178	9	
179	10	
180	4	
181	7	
182	9	
183	6	
184	8	
185	7	
186	3	
187	4	
188	3	
189	6	
190	1	
191	6	
192	9	
193	2	
194	8	
195	5	
196	6	
197	10	
198	10	
199	5	
200	3	
201	1	
202	9	
203	7	
204	9	
205	9	
206	1	
207	10	
208	6	
209	7	
210	9	
211	2	
212	6	
213	3	
214	3	
215	2	
216	9	
217	4	
218	6	
219	3	
220	4	
221	4	
222	9	
223	7	
224	10	
225	2	
226	8	
227	9	
228	1	
229	3	
230	5	
231	9	
232	6	
233	9	
234	10	
235	1	
236	10	
237	9	
238	7	
239	7	
240	7	
241	7	
242	1	
243	7	
244	5	
245	2	
246	7	
247	2	
248	6	
249	2	
250	10	
251	1	
252	3	
253	1	
254	2	
255	3	
256	7	
257	6	
258	8	
259	3	
260	3	
261	1	
262	5	
263	9	
264	5	
265	5	
266	6	
267	4	
268	10	
269	1	
270	1	
271	10	
272	3	
273	4	
274	7	
275	7	
276	10	
277	1	
278	2	
279	9	
280	8	
281	7	
282	10	
283	1	
284	7	
285	10	
286	7	
287	7	
288	3	
289	1	
290	5	
291	4	
292	8	
293	2	
294	2	
295	9	
296	5	
297	2	
298	8	
299	2	
300	10	
301	4	
302	7	
303	2	
304	1	
305	9	
306	2	
307	9	
308	3	
309	2	
310	5	
311	6	
312	4	
313	2	
314	8	
315	10	
316	10	
317	3	
318	9	
319	2	
320	7	
321	10	
322	1	
323	6	
324	8	
325	9	
326	1	
327	4	
328	5	
329	4	
330	5	
331	8	
332	5	
333	9	
334	8	
335	6	
336	9	
337	9	
338	7	
339	10	
340	6	
341	1	
342	4	
343	10	
344	10	
345	2	
346	7	
347	10	
348	8	
349	3	
350	1	
351	2	
352	10	
353	6	
354	8	
355	4	
356	1	
357	5	
358	5	
359	9	
360	2	
361	6	
362	9	
363	5	
364	8	
365	4	
366	7	
367	7	
368	8	
369	1	
370	3	
371	4	
372	10	
373	6	
374	8	
375	6	
376	3	
377	9	
378	10	
379	8	
380	1	
381	5	
382	9	
383	2	
384	7	
385	9	
386	7	
387	7	
388	8	
389	4	
390	2	
391	7	
392	7	
393	3	
394	4	
395	4	
396	7	
397	2	
398	8	
399	4	
400	9	
401	10	
402	3	
403	2	
404	5	
405	2	
406	6	
407	10	
408	6	
409	6	
410	4	
411	9	
412	1	
413	9	
414	5	
415	3	
416	2	
417	5	
418	8	
419	10	
420	6	
421	1	
422	9	
423	3	
424	4	
425	2	
426	3	
427	10	
428	4	
429	4	
430	4	
431	3	
432	6	
433	10	
434	5	
435	7	
436	9	
437	2	
438	2	
439	10	
440	7	
441	8	
442	4	
443	8	
444	8	
445	5	
446	8	
447	1	
448	7	
449	5	
450	9	
451	3	
452	7	
453	3	
454	1	
455	6	
456	4	
457	7	
458	4	
459	3	
460	10	
461	5	
462	6	
463	7	
464	4	
465	4	
466	2	
467	8	
468	4	
469	2	
470	1	
471	10	
472	1	
473	4	
474	2	
475	2	
476	7	
477	5	
478	6	
479	5	
480	9	
481	7	
482	1	
483	7	
484	8	
485	3	
486	9	
487	8	
488	2	
489	1	
490	9	
491	7	
492	7	
493	1	
494	9	
495	3	
496	8	
497	7	
498	3	
499	10	
500	4	
501	9	
502	2	
503	3	
504	7	
505	9	
506	9	
507	5	
508	1	
509	3	
510	7	
511	8	
512	2	
513	6	
514	6	
515	7	
516	6	
517	4	
518	5	
519	7	
520	4	
521	9	
522	9	
523	6	
524	4	
525	1	
526	10	
527	1	
528	10	
529	3	
530	3	
531	1	
532	6	
533	2	
534	9	
535	1	
536	2	
537	5	
538	10	
539	8	
540	4	
541	1	
542	8	
543	9	
544	8	
545	10	
546	8	
547	7	
548	2	
549	8	
550	6	
551	10	
552	1	
553	7	
554	1	
555	3	
556	5	
557	10	
558	5	
559	2	
560	9	
561	9	
562	5	
563	6	
564	10	
565	2	
566	7	
567	7	
568	7	
569	5	
570	1	
571	2	
572	5	
573	2	
574	10	
575	5	
576	3	
577	3	
578	1	
579	7	
580	2	
581	6	
582	9	
583	5	
584	8	
585	3	
586	8	
587	2	
588	10	
589	1	
590	9	
591	9	
592	3	
593	6	
594	7	
595	6	
596	1	
597	1	
598	6	
599	2	
600	2	
601	8	
602	5	
603	6	
604	7	
605	4	
606	7	
607	2	
608	7	
609	4	
610	7	
611	8	
612	1	
613	3	
614	8	
615	2	
616	6	
617	7	
618	5	
619	8	
620	4	
621	3	
622	7	
623	7	
624	4	
625	3	
626	1	
627	10	
628	9	
629	4	
630	10	
631	2	
632	4	
633	10	
634	7	
635	8	
636	3	
637	5	
638	4	
639	7	
640	9	
641	8	
642	5	
643	10	
644	8	
645	7	
646	4	
647	7	
648	10	
649	6	
650	10	
651	1	
652	10	
653	2	
654	7	
655	7	
656	2	
657	5	
658	4	
659	6	
660	1	
661	8	
662	1	
663	6	
664	8	
665	10	
666	10	
667	1	
668	1	
669	4	
670	6	
671	1	
672	7	
673	10	
674	7	
675	3	
676	8	
677	1	
678	4	
679	10	
680	2	
681	9	
682	4	
683	10	
684	1	
685	9	
686	2	
687	7	
688	9	
689	4	
690	2	
691	5	
692	6	
693	6	
694	5	
695	7	
696	5	
697	3	
698	1	
699	2	
700	4	
701	1	
702	6	
703	7	
704	8	
705	5	
706	1	
707	2	
708	5	
709	6	
710	1	
711	6	
712	1	
713	6	
714	6	
715	4	
716	2	
717	9	
718	7	
719	2	
720	1	
721	1	
722	3	
723	10	
724	3	
725	6	
726	5	
727	2	
728	6	
729	10	
730	8	
731	7	
732	3	
733	5	
734	8	
735	10	
736	2	
737	3	
738	10	
739	5	
740	4	
741	5	
742	2	
743	5	
744	8	
745	10	
746	3	
747	8	
748	5	
749	8	
750	7	
751	5	
752	5	
753	5	
754	4	
755	3	
756	7	
757	3	
758	3	
759	10	
760	3	
761	3	
762	4	
763	1	
764	3	
765	8	
766	3	
767	10	
768	2	
769	1	
770	3	
771	2	
772	10	
773	1	
774	7	
775	6	
776	3	
777	4	
778	4	
779	3	
780	5	
781	5	
782	5	
783	10	
784	4	
785	10	
786	2	
787	10	
788	4	
789	8	
790	3	
791	1	
792	6	
793	9	
794	2	
795	1	
796	3	
797	8	
798	10	
799	8	
800	10	
801	6	
802	9	
803	5	
804	5	
805	4	
806	5	
807	7	
808	3	
809	3	
810	7	
811	7	
812	5	
813	5	
814	7	
815	10	
816	6	
817	3	
818	5	
819	1	
820	7	
821	1	
822	6	
823	9	
824	6	
825	3	
826	6	
827	10	
828	3	
829	4	
830	6	
831	8	
832	4	
833	7	
834	7	
835	2	
836	7	
837	9	
838	3	
839	1	
840	5	
841	1	
842	5	
843	3	
844	3	
845	5	
846	4	
847	6	
848	8	
849	7	
850	6	
851	10	
852	1	
853	10	
854	7	
855	10	
856	9	
857	6	
858	7	
859	3	
860	10	
861	7	
862	5	
863	3	
864	6	
865	7	
866	4	
867	7	
868	8	
869	3	
870	9	
871	6	
872	2	
873	7	
874	1	
875	4	
876	10	
877	6	
878	5	
879	1	
880	5	
881	3	
882	6	
883	7	
884	8	
885	5	
886	9	
887	1	
888	8	
889	7	
890	4	
891	10	
892	9	
893	4	
894	2	
895	3	
896	7	
897	2	
898	10	
899	3	
900	5	
901	6	
902	6	
903	4	
904	9	
905	10	
906	9	
907	3	
908	7	
909	10	
910	6	
911	1	
912	8	
913	2	
914	8	
915	7	
916	1	
917	3	
918	3	
919	2	
920	9	
921	8	
922	2	
923	8	
924	10	
925	6	
926	8	
927	4	
928	6	
929	3	
930	4	
931	1	
932	1	
933	7	
934	1	
935	9	
936	6	
937	10	
938	10	
939	5	
940	5	
941	5	
942	2	
943	9	
944	1	
945	8	
946	4	
947	6	
948	10	
949	9	
950	3	
951	8	
952	6	
953	4	
954	6	
955	4	
956	6	
957	9	
958	3	
959	6	
960	8	
961	9	
962	7	
963	7	
964	4	
965	3	
966	7	
967	4	
968	2	
969	4	
970	3	
971	6	
972	7	
973	7	
974	6	
975	4	
976	5	
977	10	
978	1	
979	1	
980	5	
981	1	
982	8	
983	7	
984	8	
985	5	
986	8	
987	8	
988	6	
989	4	
990	7	
991	6	
992	10	
993	2	
994	5	
995	10	
996	9	
997	5	
998	3	
999	4	
1000	4	
1001	1	
1002	2	
1003	3	
1004	5	
1005	5	
1006	1	
1007	5	
1008	9	
1009	7	
1010	10	
1011	7	
1012	4	
1013	2	
1014	7	
1015	2	
1016	2	
1017	10	
1018	1	
1019	1	
1020	5	
1021	2	
1022	8	
1023	5	
1024	4	
1025	5	
1026	5	
1027	3	
1028	5	
1029	10	
1030	7	
1031	10	
1032	2	
1033	2	
1034	4	
1035	3	
1036	8	
1037	7	
1038	8	
1039	5	
1040	2	
1041	6	
1042	1	
1043	2	
1044	2	
1045	3	
1046	7	
1047	9	
1048	5	
1049	9	
1050	8	
1051	10	
1052	2	
1053	9	
1054	1	
1055	4	
1056	9	
1057	7	
1058	8	
1059	9	
1060	7	
1061	4	
1062	6	
1063	1	
1064	1	
1065	4	
1066	9	
1067	10	
1068	5	
1069	6	
1070	7	
1071	2	
1072	1	
1073	3	
1074	9	
1075	1	
1076	10	
1077	3	
1078	7	
1079	8	
1080	6	
1081	2	
1082	6	
1083	2	
1084	5	
1085	2	
1086	1	
1087	8	
1088	10	
1089	7	
1090	5	
1091	2	
1092	7	
1093	6	
1094	5	
1095	7	
1096	2	
1097	3	
1098	3	
1099	5	
1100	9	
1101	2	
1102	5	
1103	7	
1104	6	
1105	7	
1106	3	
1107	3	
1108	5	
1109	6	
1110	3	
1111	9	
1112	5	
1113	3	
1114	9	
1115	10	
1116	7	
1117	6	
1118	10	
1119	9	
1120	1	
1121	9	
1122	6	
1123	7	
1124	2	
1125	7	
1126	5	
1127	1	
1128	4	
1129	4	
1130	8	
1131	7	
1132	9	
1133	8	
1134	1	
1135	9	
1136	4	
1137	1	
1138	10	
1139	8	
1140	4	
1141	7	
1142	4	
1143	10	
1144	9	
1145	6	
1146	4	
1147	5	
1148	5	
1149	4	
1150	9	
1151	6	
1152	9	
1153	10	
1154	4	
1155	7	
1156	9	
1157	3	
1158	9	
1159	8	
1160	5	
1161	2	
1162	6	
1163	2	
1164	3	
1165	8	
1166	9	
1167	6	
1168	4	
1169	3	
1170	9	
1171	1	
1172	3	
1173	9	
1174	7	
1175	5	
1176	5	
1177	8	
1178	2	
1179	3	
1180	3	
1181	9	
1182	7	
1183	6	
1184	9	
1185	9	
1186	2	
1187	7	
1188	3	
1189	3	
1190	1	
1191	2	
1192	10	
1193	6	
1194	5	
1195	3	
1196	5	
1197	6	
1198	2	
1199	9	
1200	6	
1201	4	
1202	8	
1203	1	
1204	9	
1205	5	
1206	6	
1207	7	
1208	2	
1209	3	
1210	5	
1211	10	
1212	6	
1213	9	
1214	7	
1215	10	
1216	10	
1217	6	
1218	3	
1219	10	
1220	3	
1221	8	
1222	3	
1223	2	
1224	8	
1225	1	
1226	9	
1227	4	
1228	4	
1229	10	
1230	3	
1231	1	
1232	3	
1233	5	
1234	4	
1235	1	
1236	1	
1237	1	
1238	2	
1239	9	
1240	10	
1241	3	
1242	8	
1243	5	
1244	3	
1245	1	
1246	9	
1247	9	
1248	1	
1249	9	
1250	10	
1251	6	
1252	5	
1253	9	
1254	10	
1255	1	
1256	4	
1257	3	
1258	4	
1259	7	
1260	2	
1261	2	
1262	7	
1263	7	
1264	10	
1265	7	
1266	2	
1267	6	
1268	3	
1269	8	
1270	10	
1271	5	
1272	4	
1273	5	
1274	10	
1275	8	
1276	4	
1277	6	
1278	8	
1279	5	
1280	2	
1281	7	
1282	7	
1283	4	
1284	5	
1285	7	
1286	2	
1287	4	
1288	3	
1289	8	
1290	3	
1291	10	
1292	5	
1293	10	
1294	9	
1295	6	
1296	1	
1297	3	
1298	5	
1299	8	
1300	8	
1301	9	
1302	5	
1303	2	
1304	9	
1305	3	
1306	10	
1307	5	
1308	6	
1309	5	
1310	1	
1311	10	
1312	4	
1313	8	
1314	1	
1315	5	
1316	2	
1317	6	
1318	3	
1319	8	
1320	9	
1321	5	
1322	4	
1323	9	
1324	3	
1325	1	
1326	9	
1327	2	
1328	1	
1329	2	
1330	4	
1331	10	
1332	3	
1333	2	
1334	2	
1335	1	
1336	3	
1337	7	
1338	9	
1339	2	
1340	7	
1341	6	
1342	5	
1343	9	
1344	2	
1345	8	
1346	1	
1347	3	
1348	4	
1349	7	
1350	1	
1351	5	
1352	5	
1353	8	
1354	10	
1355	4	
1356	8	
1357	8	
1358	10	
1359	10	
1360	2	
1361	8	
1362	5	
1363	9	
1364	3	
1365	3	
1366	7	
1367	1	
1368	6	
1369	5	
1370	8	
1371	7	
1372	7	
1373	6	
1374	6	
1375	10	
1376	10	
1377	4	
1378	3	
1379	3	
1380	10	
1381	1	
1382	8	
1383	4	
1384	5	
1385	8	
1386	10	
1387	4	
1388	7	
1389	3	
1390	3	
1391	5	
1392	2	
1393	5	
1394	2	
1395	6	
1396	3	
1397	6	
1398	5	
1399	8	
1400	2	
1401	1	
1402	1	
1403	1	
1404	6	
1405	10	
1406	1	
1407	10	
1408	9	
1409	7	
1410	10	
1411	8	
1412	2	
1413	2	
1414	7	
1415	8	
1416	2	
1417	7	
1418	6	
1419	10	
1420	8	
1421	5	
1422	2	
1423	3	
1424	5	
1425	10	
1426	2	
1427	7	
1428	1	
1429	8	
1430	1	
1431	5	
1432	9	
1433	4	
1434	8	
1435	2	
1436	2	
1437	6	
1438	7	
1439	1	
1440	6	
1441	10	
1442	7	
1443	5	
1444	10	
1445	5	
1446	6	
1447	3	
1448	6	
1449	1	
1450	7	
1451	8	
1452	2	
1453	7	
1454	2	
1455	9	
1456	3	
1457	3	
1458	5	
1459	7	
1460	4	
1461	2	
1462	1	
1463	3	
1464	7	
1465	4	
1466	4	
1467	8	
1468	8	
1469	8	
1470	2	
1471	9	
1472	10	
1473	4	
1474	9	
1475	7	
1476	9	
1477	7	
1478	4	
1479	2	
1480	9	
1481	1	
1482	10	
1483	5	
1484	6	
1485	4	
1486	8	
1487	8	
1488	2	
1489	8	
1490	3	
1491	3	
1492	5	
1493	10	
1494	4	
1495	1	
1496	7	
1497	3	
1498	7	
1499	6	
1500	4	
1501	8	
1502	4	
1503	3	
1504	2	
1505	3	
1506	1	
1507	2	
1508	8	
1509	7	
1510	4	
1511	9	
1512	9	
1513	2	
1514	10	
1515	2	
1516	10	
1517	10	
1518	9	
1519	3	
1520	3	
1521	7	
1522	1	
1523	5	
1524	8	
1525	5	
1526	7	
1527	2	
1528	1	
1529	2	
1530	9	
1531	4	
1532	6	
1533	8	
1534	7	
1535	4	
1536	2	
1537	10	
1538	1	
1539	1	
1540	6	
1541	2	
1542	4	
1543	10	
1544	10	
1545	5	
1546	3	
1547	10	
1548	7	
1549	2	
1550	4	
1551	3	
1552	5	
1553	10	
1554	8	
1555	3	
1556	10	
1557	6	
1558	6	
1559	4	
1560	4	
1561	2	
1562	10	
1563	4	
1564	3	
1565	10	
1566	6	
1567	5	
1568	7	
1569	6	
1570	6	
1571	3	
1572	10	
1573	4	
1574	3	
1575	9	
1576	1	
1577	9	
1578	6	
1579	9	
1580	8	
1581	7	
1582	5	
1583	6	
1584	8	
1585	2	
1586	10	
1587	1	
1588	6	
1589	8	
1590	6	
1591	8	
1592	7	
1593	10	
1594	6	
1595	4	
1596	8	
1597	7	
1598	6	
1599	7	
1600	2	
1601	10	
1602	9	
1603	2	
1604	8	
1605	6	
1606	4	
1607	9	
1608	2	
1609	8	
1610	2	
1611	6	
1612	3	
1613	8	
1614	9	
1615	9	
1616	7	
1617	1	
1618	4	
1619	7	
1620	5	
1621	1	
1622	3	
1623	3	
1624	8	
1625	3	
1626	10	
1627	6	
1628	2	
1629	7	
1630	5	
1631	4	
1632	8	
1633	1	
1634	10	
1635	3	
1636	9	
1637	9	
1638	3	
1639	1	
1640	5	
1641	7	
1642	3	
1643	10	
1644	5	
1645	6	
1646	9	
1647	7	
1648	3	
1649	1	
1650	9	
1651	5	
1652	8	
1653	6	
1654	5	
1655	9	
1656	10	
1657	10	
1658	4	
1659	7	
1660	8	
1661	9	
1662	2	
1663	5	
1664	9	
1665	5	
1666	10	
1667	3	
1668	6	
1669	9	
1670	9	
1671	6	
1672	3	
1673	9	
1674	5	
1675	4	
1676	3	
1677	7	
1678	5	
1679	6	
1680	7	
1681	7	
1682	10	
1683	4	
1684	7	
1685	4	
1686	8	
1687	9	
1688	2	
1689	5	
1690	10	
1691	7	
1692	5	
1693	6	
1694	10	
1695	3	
1696	2	
1697	7	
1698	2	
1699	7	
1700	2	
1701	9	
1702	3	
1703	1	
1704	2	
1705	1	
1706	3	
1707	8	
1708	10	
1709	10	
1710	8	
1711	3	
1712	1	
1713	3	
1714	9	
1715	6	
1716	7	
1717	10	
1718	2	
1719	4	
1720	4	
1721	7	
1722	9	
1723	8	
1724	5	
1725	4	
1726	4	
1727	9	
1728	8	
1729	6	
1730	9	
1731	6	
1732	2	
1733	10	
1734	2	
1735	1	
1736	6	
1737	1	
1738	3	
1739	3	
1740	9	
1741	8	
1742	5	
1743	7	
1744	10	
1745	1	
1746	9	
1747	2	
1748	7	
1749	10	
1750	3	
1751	6	
1752	1	
1753	1	
1754	1	
1755	5	
1756	7	
1757	4	
1758	6	
1759	5	
1760	9	
1761	6	
1762	2	
1763	4	
1764	10	
1765	7	
1766	9	
1767	8	
1768	3	
1769	2	
1770	5	
1771	10	
1772	6	
1773	5	
1774	1	
1775	9	
1776	5	
1777	1	
1778	7	
1779	10	
1780	9	
1781	3	
1782	8	
1783	4	
1784	9	
1785	1	
1786	10	
1787	2	
1788	10	
1789	3	
1790	1	
1791	4	
1792	1	
1793	8	
1794	1	
1795	1	
1796	3	
1797	7	
1798	4	
1799	10	
1800	9	
1801	1	
1802	4	
1803	7	
1804	8	
1805	10	
1806	3	
1807	4	
1808	9	
1809	3	
1810	9	
1811	9	
1812	10	
1813	6	
1814	8	
1815	2	
1816	4	
1817	10	
1818	10	
1819	9	
1820	8	
1821	3	
1822	6	
1823	5	
1824	4	
1825	5	
1826	7	
1827	3	
1828	2	
1829	6	
1830	10	
1831	4	
1832	7	
1833	2	
1834	3	
1835	4	
1836	10	
1837	2	
1838	1	
1839	6	
1840	5	
1841	6	
1842	2	
1843	3	
1844	5	
1845	1	
1846	3	
1847	10	
1848	4	
1849	9	
1850	1	
1851	10	
1852	6	
1853	1	
1854	6	
1855	4	
1856	2	
1857	3	
1858	5	
1859	7	
1860	3	
1861	9	
1862	8	
1863	2	
1864	7	
1865	7	
1866	1	
1867	4	
1868	5	
1869	6	
1870	8	
1871	4	
1872	3	
1873	4	
1874	4	
1875	8	
1876	5	
1877	2	
1878	10	
1879	2	
1880	4	
1881	5	
1882	6	
1883	5	
1884	1	
1885	6	
1886	9	
1887	9	
1888	7	
1889	7	
1890	7	
1891	3	
1892	7	
1893	5	
1894	8	
1895	2	
1896	9	
1897	2	
1898	9	
1899	9	
1900	9	
1901	1	
1902	7	
1903	9	
1904	6	
1905	2	
1906	9	
1907	8	
1908	5	
1909	7	
1910	6	
1911	2	
1912	3	
1913	6	
1914	7	
1915	5	
1916	6	
1917	3	
1918	8	
1919	4	
1920	10	
1921	5	
1922	10	
1923	2	
1924	7	
1925	2	
1926	7	
1927	4	
1928	4	
1929	3	
1930	7	
1931	9	
1932	7	
1933	3	
1934	2	
1935	7	
1936	9	
1937	1	
1938	7	
1939	2	
1940	5	
1941	3	
1942	2	
1943	10	
1944	4	
1945	3	
1946	4	
1947	8	
1948	9	
1949	5	
1950	4	
1951	6	
1952	9	
1953	5	
1954	9	
1955	10	
1956	5	
1957	3	
1958	2	
1959	10	
1960	6	
1961	6	
1962	6	
1963	5	
1964	10	
1965	1	
1966	8	
1967	5	
1968	4	
1969	9	
1970	1	
1971	7	
1972	8	
1973	7	
1974	6	
1975	5	
1976	4	
1977	3	
1978	2	
1979	1	
1980	5	
1981	10	
1982	3	
1983	6	
1984	2	
1985	7	
1986	9	
1987	4	
1988	4	
1989	9	
1990	2	
1991	7	
1992	5	
1993	8	
1994	7	
1995	4	
1996	8	
1997	6	
1998	2	
1999	6	
2000	10	
2001	5	
2002	10	
2003	10	
2004	9	
2005	3	
2006	1	
2007	4	
2008	8	
2009	5	
2010	9	
2011	8	
2012	5	
2013	7	
2014	3	
2015	8	
2016	4	
2017	1	
2018	8	
2019	8	
2020	1	
2021	1	
2022	4	
2023	3	
2024	9	
2025	1	
2026	5	
2027	9	
2028	3	
2029	8	
2030	9	
2031	7	
2032	8	
2033	10	
2034	1	
2035	10	
2036	4	
2037	8	
2038	10	
2039	5	
2040	6	
2041	6	
2042	7	
2043	4	
2044	10	
2045	7	
2046	10	
2047	1	
2048	5	
2049	1	
2050	5	
2051	4	
2052	5	
2053	8	
2054	6	
2055	7	
2056	6	
2057	10	
2058	5	
2059	1	
2060	1	
2061	8	
2062	8	
2063	1	
2064	10	
2065	4	
2066	5	
2067	1	
2068	8	
2069	9	
2070	10	
2071	5	
2072	9	
2073	4	
2074	5	
2075	2	
2076	5	
2077	8	
2078	4	
2079	6	
2080	7	
2081	8	
2082	1	
2083	4	
2084	1	
2085	2	
2086	7	
2087	3	
2088	2	
2089	10	
2090	7	
2091	4	
2092	4	
2093	9	
2094	5	
2095	2	
2096	3	
2097	8	
2098	3	
2099	8	
2100	6	
2101	3	
2102	6	
2103	1	
2104	8	
2105	10	
2106	4	
2107	1	
2108	8	
2109	3	
2110	1	
2111	8	
2112	10	
2113	5	
2114	6	
2115	8	
2116	9	
2117	4	
2118	4	
2119	8	
2120	4	
2121	3	
2122	2	
2123	9	
2124	6	
2125	3	
2126	1	
2127	3	
2128	7	
2129	3	
2130	9	
2131	6	
2132	5	
2133	2	
2134	2	
2135	4	
2136	5	
2137	1	
2138	2	
2139	6	
2140	6	
2141	1	
2142	6	
2143	1	
2144	4	
2145	8	
2146	2	
2147	1	
2148	4	
2149	9	
2150	4	
2151	4	
2152	7	
2153	10	
2154	3	
2155	9	
2156	4	
2157	3	
2158	1	
2159	3	
2160	6	
2161	2	
2162	7	
2163	5	
2164	2	
2165	1	
2166	5	
2167	6	
2168	7	
2169	1	
2170	6	
2171	9	
2172	2	
2173	1	
2174	7	
2175	2	
2176	10	
2177	10	
2178	10	
2179	7	
2180	7	
2181	3	
2182	9	
2183	7	
2184	5	
2185	2	
2186	2	
2187	3	
2188	4	
2189	9	
2190	3	
2191	8	
2192	2	
2193	10	
2194	4	
2195	10	
2196	9	
2197	9	
2198	6	
2199	2	
2200	1	
2201	1	
2202	5	
2203	5	
2204	2	
2205	8	
2206	1	
2207	4	
2208	6	
2209	8	
2210	6	
2211	6	
2212	7	
2213	5	
2214	10	
2215	1	
2216	9	
2217	3	
2218	4	
2219	8	
2220	5	
2221	9	
2222	6	
2223	5	
2224	9	
2225	5	
2226	2	
2227	3	
2228	1	
2229	3	
2230	7	
2231	9	
2232	1	
2233	2	
2234	6	
2235	3	
2236	3	
2237	4	
2238	3	
2239	3	
2240	3	
2241	9	
2242	2	
2243	7	
2244	3	
2245	10	
2246	2	
2247	7	
2248	2	
2249	4	
2250	8	
2251	6	
2252	1	
2253	7	
2254	5	
2255	1	
2256	1	
2257	8	
2258	10	
2259	10	
2260	3	
2261	9	
2262	7	
2263	4	
2264	8	
2265	5	
2266	9	
2267	6	
2268	10	
2269	6	
2270	9	
2271	10	
2272	4	
2273	7	
2274	9	
2275	1	
2276	7	
2277	1	
2278	1	
2279	8	
2280	7	
2281	2	
2282	6	
2283	10	
2284	9	
2285	7	
2286	9	
2287	3	
2288	1	
2289	4	
2290	8	
2291	5	
2292	1	
2293	10	
2294	7	
2295	10	
2296	3	
2297	5	
2298	7	
2299	2	
2300	4	
2301	1	
2302	2	
2303	7	
2304	7	
2305	5	
2306	7	
2307	3	
2308	10	
2309	5	
2310	5	
2311	1	
2312	1	
2313	6	
2314	1	
2315	3	
2316	5	
2317	10	
2318	7	
2319	10	
2320	2	
2321	5	
2322	10	
2323	5	
2324	2	
2325	3	
2326	8	
2327	7	
2328	1	
2329	6	
2330	7	
2331	8	
2332	4	
2333	2	
2334	3	
2335	6	
2336	3	
2337	10	
2338	6	
2339	4	
2340	3	
2341	2	
2342	4	
2343	3	
2344	8	
2345	3	
2346	3	
2347	7	
2348	9	
2349	4	
2350	7	
2351	4	
2352	8	
2353	4	
2354	9	
2355	5	
2356	5	
2357	2	
2358	3	
2359	4	
2360	9	
2361	9	
2362	3	
2363	1	
2364	8	
2365	2	
2366	6	
2367	3	
2368	9	
2369	9	
2370	8	
2371	1	
2372	10	
2373	1	
2374	4	
2375	4	
2376	1	
2377	7	
2378	10	
2379	1	
2380	7	
2381	3	
2382	4	
2383	2	
2384	2	
2385	8	
2386	6	
2387	10	
2388	1	
2389	7	
2390	2	
2391	10	
2392	9	
2393	5	
2394	6	
2395	7	
2396	5	
2397	3	
2398	6	
2399	2	
2400	3	
2401	7	
2402	9	
2403	10	
2404	4	
2405	7	
2406	1	
2407	1	
2408	9	
2409	1	
2410	6	
2411	6	
2412	8	
2413	2	
2414	7	
2415	7	
2416	1	
2417	10	
2418	10	
2419	9	
2420	7	
2421	10	
2422	3	
2423	7	
2424	6	
2425	10	
2426	1	
2427	1	
2428	4	
2429	1	
2430	5	
2431	9	
2432	8	
2433	2	
2434	4	
2435	8	
2436	8	
2437	10	
2438	2	
2439	7	
2440	4	
2441	6	
2442	9	
2443	8	
2444	1	
2445	10	
2446	6	
2447	1	
2448	4	
2449	1	
2450	2	
2451	7	
2452	9	
2453	8	
2454	1	
2455	10	
2456	3	
2457	3	
2458	3	
2459	10	
2460	1	
2461	1	
2462	1	
2463	4	
2464	5	
2465	9	
2466	9	
2467	8	
2468	6	
2469	3	
2470	3	
2471	6	
2472	5	
2473	1	
2474	1	
2475	2	
2476	9	
2477	6	
2478	8	
2479	9	
2480	9	
2481	3	
2482	8	
2483	2	
2484	2	
2485	2	
2486	4	
2487	10	
2488	5	
2489	9	
2490	5	
2491	5	
2492	5	
2493	5	
2494	6	
2495	1	
2496	3	
2497	7	
2498	4	
2499	6	
2500	9	
2501	9	
2502	2	
2503	5	
2504	1	
2505	9	
2506	7	
2507	3	
2508	5	
2509	5	
2510	8	
2511	2	
2512	7	
2513	1	
2514	3	
2515	2	
2516	1	
2517	2	
2518	9	
2519	4	
2520	5	
2521	5	
2522	3	
2523	3	
2524	3	
2525	9	
2526	8	
2527	7	
2528	5	
2529	10	
2530	6	
2531	1	
2532	7	
2533	7	
2534	4	
2535	1	
2536	5	
2537	4	
2538	8	
2539	10	
2540	7	
2541	9	
2542	3	
2543	9	
2544	7	
2545	4	
2546	8	
2547	10	
2548	6	
2549	7	
2550	4	
2551	10	
2552	7	
2553	8	
2554	6	
2555	2	
2556	9	
2557	5	
2558	9	
2559	8	
2560	7	
2561	5	
2562	2	
2563	6	
2564	8	
2565	6	
2566	5	
2567	7	
2568	10	
2569	2	
2570	4	
2571	4	
2572	6	
2573	5	
2574	4	
2575	3	
2576	10	
2577	2	
2578	4	
2579	2	
2580	4	
2581	10	
2582	9	
2583	9	
2584	7	
2585	6	
2586	1	
2587	3	
2588	2	
2589	7	
2590	7	
2591	1	
2592	2	
2593	7	
2594	7	
2595	4	
2596	4	
2597	2	
2598	3	
2599	8	
2600	4	
2601	8	
2602	4	
2603	1	
2604	3	
2605	4	
2606	7	
2607	4	
2608	9	
2609	2	
2610	3	
2611	5	
2612	10	
2613	4	
2614	1	
2615	6	
2616	4	
2617	8	
2618	8	
2619	5	
2620	6	
2621	4	
2622	10	
2623	3	
2624	1	
2625	8	
2626	6	
2627	5	
2628	3	
2629	6	
2630	3	
2631	2	
2632	2	
2633	8	
2634	1	
2635	2	
2636	10	
2637	5	
2638	1	
2639	7	
2640	6	
2641	3	
2642	6	
2643	3	
2644	1	
2645	1	
2646	6	
2647	3	
2648	6	
2649	7	
2650	10	
2651	2	
2652	1	
2653	2	
2654	9	
2655	6	
2656	4	
2657	5	
2658	2	
2659	2	
2660	7	
2661	7	
2662	10	
2663	4	
2664	3	
2665	9	
2666	8	
2667	6	
2668	10	
2669	9	
2670	9	
2671	7	
2672	10	
2673	10	
2674	10	
2675	8	
2676	10	
2677	4	
2678	6	
2679	2	
2680	9	
2681	7	
2682	8	
2683	5	
2684	5	
2685	10	
2686	10	
2687	9	
2688	8	
2689	6	
2690	5	
2691	6	
2692	4	
2693	5	
2694	4	
2695	9	
2696	1	
2697	1	
2698	5	
2699	4	
2700	10	
2701	6	
2702	1	
2703	8	
2704	4	
2705	4	
2706	9	
2707	1	
2708	9	
2709	10	
2710	7	
2711	8	
2712	8	
2713	7	
2714	5	
2715	1	
2716	2	
2717	7	
2718	10	
2719	9	
2720	10	
2721	5	
2722	2	
2723	6	
2724	8	
2725	7	
2726	10	
2727	9	
2728	9	
2729	4	
2730	3	
2731	5	
2732	3	
2733	7	
2734	4	
2735	7	
2736	8	
2737	7	
2738	3	
2739	7	
2740	1	
2741	6	
2742	1	
2743	7	
2744	2	
2745	6	
2746	8	
2747	3	
2748	5	
2749	1	
2750	2	
2751	4	
2752	7	
2753	8	
2754	2	
2755	9	
2756	2	
2757	6	
2758	3	
2759	1	
2760	2	
2761	5	
2762	1	
2763	1	
2764	10	
2765	1	
2766	3	
2767	9	
2768	7	
2769	2	
2770	6	
2771	7	
2772	1	
2773	9	
2774	8	
2775	1	
2776	1	
2777	9	
2778	5	
2779	8	
2780	2	
2781	7	
2782	10	
2783	3	
2784	8	
2785	3	
2786	9	
2787	1	
2788	6	
2789	5	
2790	2	
2791	5	
2792	9	
2793	7	
2794	10	
2795	3	
2796	5	
2797	10	
2798	7	
2799	3	
2800	4	
2801	2	
2802	2	
2803	4	
2804	9	
2805	3	
2806	7	
2807	1	
2808	6	
2809	7	
2810	7	
2811	6	
2812	7	
2813	2	
2814	9	
2815	7	
2816	3	
2817	10	
2818	2	
2819	5	
2820	1	
2821	5	
2822	3	
2823	7	
2824	2	
2825	1	
2826	3	
2827	4	
2828	7	
2829	3	
2830	1	
2831	2	
2832	5	
2833	7	
2834	1	
2835	10	
2836	2	
2837	6	
2838	7	
2839	6	
2840	10	
2841	2	
2842	5	
2843	4	
2844	7	
2845	10	
2846	10	
2847	9	
2848	1	
2849	5	
2850	4	
2851	2	
2852	2	
2853	10	
2854	5	
2855	5	
2856	4	
2857	4	
2858	8	
2859	10	
2860	9	
2861	1	
2862	1	
2863	2	
2864	9	
2865	8	
2866	4	
2867	8	
2868	3	
2869	5	
2870	4	
2871	7	
2872	2	
2873	7	
2874	7	
2875	3	
2876	1	
2877	2	
2878	5	
2879	4	
2880	3	
2881	2	
2882	2	
2883	6	
2884	7	
2885	5	
2886	5	
2887	8	
2888	10	
2889	6	
2890	3	
2891	2	
2892	2	
2893	1	
2894	4	
2895	4	
2896	8	
2897	3	
2898	5	
2899	1	
2900	3	
2901	2	
2902	3	
2903	3	
2904	2	
2905	5	
2906	4	
2907	9	
2908	10	
2909	3	
2910	7	
2911	6	
2912	5	
2913	10	
2914	2	
2915	10	
2916	9	
2917	1	
2918	1	
2919	9	
2920	1	
2921	4	
2922	1	
2923	5	
2924	9	
2925	6	
2926	5	
2927	3	
2928	10	
2929	6	
2930	9	
2931	1	
2932	3	
2933	10	
2934	3	
2935	3	
2936	9	
2937	6	
2938	5	
2939	5	
2940	7	
2941	10	
2942	2	
2943	10	
2944	10	
2945	7	
2946	9	
2947	3	
2948	9	
2949	10	
2950	8	
2951	3	
2952	8	
2953	7	
2954	10	
2955	5	
2956	10	
2957	8	
2958	4	
2959	3	
2960	9	
2961	1	
2962	3	
2963	5	
2964	3	
2965	3	
2966	3	
2967	3	
2968	2	
2969	9	
2970	9	
2971	8	
2972	3	
2973	6	
2974	2	
2975	3	
2976	5	
2977	2	
2978	6	
2979	8	
2980	9	
2981	3	
2982	9	
2983	3	
2984	7	
2985	3	
2986	9	
2987	1	
2988	9	
2989	6	
2990	10	
2991	5	
2992	1	
2993	1	
2994	9	
2995	7	
2996	8	
2997	5	
2998	9	
2999	9	
3000	7	
3001	3	
3002	5	
3003	5	
3004	2	
3005	7	
3006	7	
3007	4	
3008	7	
3009	8	
3010	10	
3011	4	
3012	4	
3013	5	
3014	3	
3015	8	
3016	3	
3017	7	
3018	10	
3019	7	
3020	7	
3021	5	
3022	2	
3023	8	
3024	10	
3025	3	
3026	8	
3027	9	
3028	7	
3029	9	
3030	6	
3031	5	
3032	9	
3033	5	
3034	1	
3035	9	
3036	4	
3037	4	
3038	9	
3039	6	
3040	1	
3041	3	
3042	10	
3043	3	
3044	10	
3045	9	
3046	5	
3047	2	
3048	5	
3049	5	
3050	9	
3051	5	
3052	10	
3053	3	
3054	1	
3055	5	
3056	3	
3057	6	
3058	9	
3059	9	
3060	8	
3061	6	
3062	5	
3063	8	
3064	8	
3065	3	
3066	6	
3067	4	
3068	5	
3069	10	
3070	6	
3071	7	
3072	5	
3073	10	
3074	10	
3075	10	
3076	3	
3077	10	
3078	1	
3079	1	
3080	7	
3081	3	
3082	3	
3083	9	
3084	10	
3085	5	
3086	8	
3087	5	
3088	3	
3089	9	
3090	2	
3091	2	
3092	4	
3093	7	
3094	7	
3095	4	
3096	2	
3097	6	
3098	9	
3099	5	
3100	8	
3101	3	
3102	10	
3103	10	
3104	10	
3105	8	
3106	7	
3107	8	
3108	5	
3109	6	
3110	6	
3111	6	
3112	10	
3113	5	
3114	1	
3115	9	
3116	8	
3117	6	
3118	7	
3119	8	
3120	8	
3121	8	
3122	6	
3123	9	
3124	4	
3125	5	
3126	7	
3127	2	
3128	7	
3129	3	
3130	6	
3131	9	
3132	3	
3133	2	
3134	5	
3135	4	
3136	5	
3137	6	
3138	2	
3139	9	
3140	10	
3141	8	
3142	3	
3143	3	
3144	1	
3145	3	
3146	8	
3147	5	
3148	7	
3149	4	
3150	5	
3151	3	
3152	9	
3153	10	
3154	10	
3155	1	
3156	3	
3157	8	
3158	5	
3159	9	
3160	7	
3161	10	
3162	6	
3163	8	
3164	1	
3165	5	
3166	10	
3167	5	
3168	9	
3169	7	
3170	9	
3171	4	
3172	4	
3173	9	
3174	5	
3175	8	
3176	1	
3177	3	
3178	1	
3179	10	
3180	7	
3181	8	
3182	1	
3183	7	
3184	7	
3185	4	
3186	9	
3187	1	
3188	6	
3189	1	
3190	4	
3191	3	
3192	10	
3193	9	
3194	6	
3195	3	
3196	5	
3197	4	
3198	7	
3199	8	
3200	8	
3201	9	
3202	5	
3203	6	
3204	3	
3205	7	
3206	2	
3207	5	
3208	5	
3209	5	
3210	10	
3211	1	
3212	9	
3213	8	
3214	1	
3215	10	
3216	9	
3217	2	
3218	2	
3219	6	
3220	1	
3221	3	
3222	7	
3223	9	
3224	4	
3225	3	
3226	3	
3227	7	
3228	3	
3229	1	
3230	7	
3231	2	
3232	5	
3233	10	
3234	5	
3235	4	
3236	5	
3237	7	
3238	7	
3239	8	
3240	9	
3241	7	
3242	10	
3243	8	
3244	6	
3245	6	
3246	2	
3247	5	
3248	3	
3249	10	
3250	3	
3251	6	
3252	1	
3253	7	
3254	6	
3255	8	
3256	9	
3257	2	
3258	6	
3259	1	
3260	2	
3261	3	
3262	3	
3263	5	
3264	3	
3265	5	
3266	8	
3267	2	
3268	5	
3269	2	
3270	5	
3271	8	
3272	8	
3273	10	
3274	6	
3275	10	
3276	1	
3277	8	
3278	7	
3279	3	
3280	6	
3281	4	
3282	1	
3283	1	
3284	7	
3285	4	
3286	2	
3287	3	
3288	8	
3289	8	
3290	1	
3291	10	
3292	7	
3293	9	
3294	3	
3295	2	
3296	10	
3297	4	
3298	9	
3299	1	
3300	1	
3301	1	
3302	6	
3303	3	
3304	1	
3305	6	
3306	5	
3307	4	
3308	2	
3309	8	
3310	7	
3311	5	
3312	1	
3313	10	
3314	1	
3315	10	
3316	3	
3317	10	
3318	4	
3319	9	
3320	1	
3321	6	
3322	3	
3323	4	
3324	3	
3325	2	
3326	8	
3327	2	
3328	2	
3329	2	
3330	6	
3331	6	
3332	6	
3333	7	
3334	7	
3335	10	
3336	10	
3337	8	
3338	2	
3339	5	
3340	4	
3341	7	
3342	9	
3343	2	
3344	1	
3345	4	
3346	10	
3347	1	
3348	8	
3349	3	
3350	9	
3351	2	
3352	9	
3353	4	
3354	3	
3355	6	
3356	1	
3357	5	
3358	9	
3359	6	
3360	3	
3361	7	
3362	4	
3363	3	
3364	3	
3365	2	
3366	7	
3367	9	
3368	10	
3369	7	
3370	3	
3371	1	
3372	6	
3373	7	
3374	9	
3375	6	
3376	1	
3377	3	
3378	8	
3379	3	
3380	5	
3381	2	
3382	7	
3383	10	
3384	9	
3385	10	
3386	10	
3387	9	
3388	1	
3389	7	
3390	2	
3391	7	
3392	9	
3393	9	
3394	6	
3395	4	
3396	6	
3397	3	
3398	7	
3399	7	
3400	2	
3401	5	
3402	9	
3403	1	
3404	4	
3405	10	
3406	4	
3407	5	
3408	9	
3409	1	
3410	4	
3411	6	
3412	7	
3413	7	
3414	1	
3415	5	
3416	5	
3417	6	
3418	2	
3419	3	
3420	6	
3421	4	
3422	10	
3423	1	
3424	4	
3425	1	
3426	2	
3427	10	
3428	8	
3429	9	
3430	2	
3431	6	
3432	1	
3433	3	
3434	7	
3435	8	
3436	9	
3437	9	
3438	7	
3439	1	
3440	8	
3441	2	
3442	3	
3443	6	
3444	9	
3445	1	
3446	10	
3447	4	
3448	8	
3449	8	
3450	4	
3451	3	
3452	5	
3453	8	
3454	5	
3455	1	
3456	1	
3457	4	
3458	3	
3459	3	
3460	8	
3461	2	
3462	5	
3463	6	
3464	2	
3465	10	
3466	5	
3467	3	
3468	10	
3469	7	
3470	8	
3471	7	
3472	7	
3473	7	
3474	3	
3475	6	
3476	5	
3477	6	
3478	8	
3479	9	
3480	9	
3481	1	
3482	3	
3483	4	
3484	2	
3485	4	
3486	7	
3487	2	
3488	2	
3489	3	
3490	6	
3491	9	
3492	5	
3493	7	
3494	4	
3495	1	
3496	3	
3497	6	
3498	4	
3499	10	
3500	10	
3501	7	
3502	8	
3503	1	
3504	6	
3505	4	
3506	10	
3507	1	
3508	6	
3509	10	
3510	9	
3511	5	
3512	4	
3513	1	
3514	3	
3515	9	
3516	4	
3517	6	
3518	2	
3519	9	
3520	1	
3521	9	
3522	4	
3523	7	
3524	3	
3525	5	
3526	9	
3527	6	
3528	5	
3529	4	
3530	9	
3531	4	
3532	4	
3533	8	
3534	6	
3535	8	
3536	8	
3537	9	
3538	8	
3539	2	
3540	9	
3541	10	
3542	8	
3543	10	
3544	4	
3545	4	
3546	3	
3547	1	
3548	8	
3549	8	
3550	2	
3551	7	
3552	1	
3553	8	
3554	2	
3555	5	
3556	7	
3557	3	
3558	7	
3559	10	
3560	5	
3561	9	
3562	2	
3563	6	
3564	4	
3565	7	
3566	3	
3567	3	
3568	10	
3569	8	
3570	1	
3571	6	
3572	10	
3573	1	
3574	9	
3575	5	
3576	10	
3577	1	
3578	8	
3579	8	
3580	7	
3581	5	
3582	3	
3583	2	
3584	4	
3585	7	
3586	8	
3587	9	
3588	2	
3589	8	
3590	10	
3591	8	
3592	9	
3593	4	
3594	8	
3595	6	
3596	1	
3597	8	
3598	10	
3599	6	
3600	8	
3601	7	
3602	9	
3603	7	
3604	4	
3605	6	
3606	6	
3607	10	
3608	1	
3609	6	
3610	3	
3611	7	
3612	8	
3613	4	
3614	5	
3615	2	
3616	10	
3617	5	
3618	5	
3619	5	
3620	10	
3621	4	
3622	10	
3623	9	
3624	6	
3625	8	
3626	9	
3627	4	
3628	4	
3629	1	
3630	1	
3631	2	
3632	5	
3633	7	
3634	5	
3635	8	
3636	10	
3637	4	
3638	2	
3639	1	
3640	4	
3641	1	
3642	5	
3643	5	
3644	1	
3645	9	
3646	8	
3647	8	
3648	3	
3649	1	
3650	6	
3651	7	
3652	5	
3653	10	
3654	5	
3655	1	
3656	9	
3657	3	
3658	9	
3659	1	
3660	4	
3661	6	
3662	9	
3663	2	
3664	1	
3665	4	
3666	3	
3667	2	
3668	3	
3669	1	
3670	4	
3671	2	
3672	9	
3673	2	
3674	10	
3675	4	
3676	10	
3677	3	
3678	5	
3679	2	
3680	1	
3681	2	
3682	1	
3683	6	
3684	3	
3685	1	
3686	3	
3687	9	
3688	9	
3689	10	
3690	2	
3691	3	
3692	7	
3693	10	
3694	9	
3695	1	
3696	2	
3697	3	
3698	8	
3699	7	
3700	2	
3701	2	
3702	1	
3703	1	
3704	1	
3705	5	
3706	3	
3707	9	
3708	3	
3709	7	
3710	8	
3711	7	
3712	7	
3713	4	
3714	7	
3715	8	
3716	7	
3717	1	
3718	3	
3719	2	
3720	1	
3721	10	
3722	4	
3723	4	
3724	8	
3725	1	
3726	7	
3727	4	
3728	8	
3729	4	
3730	7	
3731	4	
3732	9	
3733	2	
3734	10	
3735	2	
3736	7	
3737	2	
3738	3	
3739	3	
3740	1	
3741	2	
3742	6	
3743	7	
3744	9	
3745	4	
3746	3	
3747	5	
3748	2	
3749	5	
3750	3	
3751	2	
3752	5	
3753	10	
3754	5	
3755	9	
3756	10	
3757	4	
3758	8	
3759	7	
3760	7	
3761	6	
3762	6	
3763	7	
3764	7	
3765	2	
3766	6	
3767	4	
3768	2	
3769	10	
3770	10	
3771	5	
3772	4	
3773	6	
3774	4	
3775	2	
3776	8	
3777	9	
3778	2	
3779	10	
3780	4	
3781	4	
3782	6	
3783	2	
3784	2	
3785	9	
3786	10	
3787	5	
3788	3	
3789	4	
3790	9	
3791	5	
3792	1	
3793	7	
3794	6	
3795	10	
3796	7	
3797	1	
3798	9	
3799	6	
3800	5	
3801	8	
3802	4	
3803	6	
3804	1	
3805	6	
3806	6	
3807	7	
3808	5	
3809	7	
3810	8	
3811	4	
3812	8	
3813	7	
3814	3	
3815	5	
3816	9	
3817	3	
3818	2	
3819	9	
3820	5	
3821	7	
3822	7	
3823	10	
3824	7	
3825	3	
3826	10	
3827	7	
3828	1	
3829	7	
3830	7	
3831	10	
3832	6	
3833	10	
3834	1	
3835	10	
3836	10	
3837	7	
3838	5	
3839	5	
3840	8	
3841	1	
3842	6	
3843	4	
3844	1	
3845	9	
3846	6	
3847	4	
3848	4	
3849	2	
3850	9	
3851	4	
3852	4	
3853	8	
3854	3	
3855	5	
3856	6	
3857	10	
3858	4	
3859	3	
3860	8	
3861	6	
3862	10	
3863	3	
3864	1	
3865	9	
3866	7	
3867	8	
3868	6	
3869	9	
3870	6	
3871	9	
3872	8	
3873	6	
3874	5	
3875	7	
3876	6	
3877	10	
3878	4	
3879	2	
3880	4	
3881	1	
3882	4	
3883	4	
3884	4	
3885	2	
3886	9	
3887	2	
3888	4	
3889	7	
3890	9	
3891	1	
3892	7	
3893	7	
3894	5	
3895	10	
3896	9	
3897	6	
3898	2	
3899	1	
3900	7	
3901	5	
3902	3	
3903	4	
3904	2	
3905	1	
3906	9	
3907	10	
3908	3	
3909	1	
3910	10	
3911	3	
3912	4	
3913	2	
3914	8	
3915	10	
3916	3	
3917	8	
3918	1	
3919	5	
3920	2	
3921	1	
3922	8	
3923	10	
3924	1	
3925	2	
3926	4	
3927	4	
3928	2	
3929	6	
3930	3	
3931	2	
3932	3	
3933	4	
3934	1	
3935	10	
3936	8	
3937	10	
3938	10	
3939	1	
3940	7	
3941	3	
3942	4	
3943	10	
3944	9	
3945	9	
3946	6	
3947	7	
3948	6	
3949	1	
3950	5	
3951	6	
3952	9	
3953	9	
3954	2	
3955	9	
3956	7	
3957	8	
3958	6	
3959	7	
3960	5	
3961	2	
3962	4	
3963	5	
3964	2	
3965	9	
3966	7	
3967	10	
3968	7	
3969	10	
3970	7	
3971	8	
3972	9	
3973	6	
3974	7	
3975	8	
3976	10	
3977	5	
3978	10	
3979	6	
3980	3	
3981	3	
3982	4	
3983	9	
3984	2	
3985	2	
3986	2	
3987	9	
3988	9	
3989	9	
3990	8	
3991	2	
3992	10	
3993	2	
3994	3	
3995	3	
3996	6	
3997	3	
3998	6	
3999	5	
4000	4	
4001	8	
4002	10	
4003	7	
4004	4	
4005	7	
4006	4	
4007	7	
4008	7	
4009	5	
4010	7	
4011	6	
4012	3	
4013	3	
4014	4	
4015	7	
4016	3	
4017	6	
4018	8	
4019	4	
4020	6	
4021	9	
4022	6	
4023	6	
4024	7	
4025	7	
4026	5	
4027	3	
4028	10	
4029	6	
4030	1	
4031	6	
4032	8	
4033	6	
4034	7	
4035	3	
4036	1	
4037	1	
4038	2	
4039	8	
4040	3	
4041	5	
4042	4	
4043	3	
4044	3	
4045	2	
4046	4	
4047	4	
4048	9	
4049	10	
4050	1	
4051	4	
4052	9	
4053	9	
4054	3	
4055	8	
4056	3	
4057	10	
4058	4	
4059	1	
4060	6	
4061	5	
4062	8	
4063	3	
4064	2	
4065	4	
4066	3	
4067	10	
4068	2	
4069	5	
4070	6	
4071	9	
4072	9	
4073	6	
4074	6	
4075	8	
4076	3	
4077	4	
4078	9	
4079	4	
4080	9	
4081	1	
4082	8	
4083	2	
4084	9	
4085	2	
4086	6	
4087	9	
4088	3	
4089	1	
4090	2	
4091	4	
4092	2	
4093	7	
4094	8	
4095	1	
4096	6	
4097	3	
4098	8	
4099	3	
4100	7	
4101	4	
4102	2	
4103	8	
4104	3	
4105	5	
4106	2	
4107	2	
4108	8	
4109	2	
4110	1	
4111	2	
4112	4	
4113	3	
4114	10	
4115	2	
4116	10	
4117	5	
4118	6	
4119	9	
4120	2	
4121	1	
4122	9	
4123	5	
4124	9	
4125	5	
4126	8	
4127	9	
4128	3	
4129	3	
4130	8	
4131	9	
4132	9	
4133	10	
4134	1	
4135	3	
4136	4	
4137	7	
4138	2	
4139	9	
4140	1	
4141	7	
4142	1	
4143	6	
4144	9	
4145	7	
4146	3	
4147	6	
4148	9	
4149	1	
4150	8	
4151	5	
4152	7	
4153	5	
4154	5	
4155	1	
4156	8	
4157	1	
4158	5	
4159	3	
4160	4	
4161	2	
4162	5	
4163	2	
4164	4	
4165	10	
4166	6	
4167	5	
4168	7	
4169	10	
4170	8	
4171	6	
4172	4	
4173	4	
4174	2	
4175	8	
4176	6	
4177	4	
4178	2	
4179	1	
4180	9	
4181	8	
4182	4	
4183	8	
4184	10	
4185	6	
4186	7	
4187	9	
4188	4	
4189	6	
4190	2	
4191	9	
4192	7	
4193	9	
4194	1	
4195	1	
4196	9	
4197	1	
4198	1	
4199	5	
4200	1	
4201	7	
4202	1	
4203	2	
4204	6	
4205	7	
4206	5	
4207	2	
4208	4	
4209	9	
4210	4	
4211	6	
4212	6	
4213	5	
4214	1	
4215	6	
4216	2	
4217	4	
4218	9	
4219	5	
4220	8	
4221	3	
4222	7	
4223	3	
4224	1	
4225	5	
4226	1	
4227	1	
4228	8	
4229	9	
4230	5	
4231	6	
4232	10	
4233	9	
4234	9	
4235	1	
4236	6	
4237	9	
4238	9	
4239	8	
4240	10	
4241	1	
4242	9	
4243	5	
4244	9	
4245	7	
4246	6	
4247	4	
4248	10	
4249	6	
4250	1	
4251	10	
4252	7	
4253	2	
4254	7	
4255	6	
4256	1	
4257	7	
4258	7	
4259	5	
4260	7	
4261	7	
4262	3	
4263	5	
4264	7	
4265	2	
4266	9	
4267	4	
4268	5	
4269	9	
4270	2	
4271	5	
4272	2	
4273	8	
4274	5	
4275	5	
4276	1	
4277	5	
4278	9	
4279	5	
4280	9	
4281	1	
4282	8	
4283	9	
4284	3	
4285	8	
4286	7	
4287	5	
4288	2	
4289	4	
4290	5	
4291	10	
4292	7	
4293	6	
4294	8	
4295	7	
4296	5	
4297	3	
4298	9	
4299	4	
4300	6	
4301	3	
4302	5	
4303	5	
4304	7	
4305	9	
4306	4	
4307	7	
4308	3	
4309	6	
4310	5	
4311	1	
4312	9	
4313	10	
4314	8	
4315	2	
4316	10	
4317	8	
4318	7	
4319	4	
4320	5	
4321	2	
4322	10	
4323	6	
4324	9	
4325	5	
4326	9	
4327	8	
4328	7	
4329	10	
4330	1	
4331	2	
4332	3	
4333	7	
4334	3	
4335	6	
4336	8	
4337	1	
4338	3	
4339	10	
4340	4	
4341	8	
4342	1	
4343	1	
4344	5	
4345	2	
4346	7	
4347	2	
4348	6	
4349	3	
4350	6	
4351	2	
4352	2	
4353	6	
4354	1	
4355	4	
4356	6	
4357	3	
4358	10	
4359	6	
4360	4	
4361	1	
4362	2	
4363	3	
4364	5	
4365	4	
4366	6	
4367	5	
4368	9	
4369	4	
4370	3	
4371	2	
4372	8	
4373	9	
4374	7	
4375	7	
4376	8	
4377	3	
4378	5	
4379	6	
4380	6	
4381	2	
4382	7	
4383	8	
4384	4	
4385	3	
4386	9	
4387	9	
4388	3	
4389	8	
4390	6	
4391	10	
4392	4	
4393	4	
4394	9	
4395	6	
4396	5	
4397	10	
4398	3	
4399	6	
4400	7	
4401	3	
4402	4	
4403	10	
4404	8	
4405	6	
4406	2	
4407	9	
4408	8	
4409	2	
4410	4	
4411	9	
4412	6	
4413	8	
4414	2	
4415	7	
4416	8	
4417	6	
4418	9	
4419	3	
4420	4	
4421	7	
4422	4	
4423	6	
4424	10	
4425	2	
4426	5	
4427	5	
4428	7	
4429	7	
4430	3	
4431	5	
4432	8	
4433	3	
4434	5	
4435	3	
4436	7	
4437	7	
4438	6	
4439	1	
4440	1	
4441	10	
4442	1	
4443	6	
4444	9	
4445	3	
4446	10	
4447	3	
4448	10	
4449	8	
4450	6	
4451	5	
4452	6	
4453	1	
4454	9	
4455	6	
4456	2	
4457	6	
4458	9	
4459	10	
4460	6	
4461	6	
4462	3	
4463	6	
4464	4	
4465	3	
4466	9	
4467	1	
4468	7	
4469	7	
4470	5	
4471	1	
4472	3	
4473	5	
4474	6	
4475	1	
4476	2	
4477	9	
4478	10	
4479	7	
4480	5	
4481	5	
4482	8	
4483	2	
4484	6	
4485	6	
4486	7	
4487	10	
4488	9	
4489	9	
4490	9	
4491	1	
4492	2	
4493	6	
4494	2	
4495	1	
4496	7	
4497	6	
4498	9	
4499	9	
4500	3	
4501	8	
4502	9	
4503	3	
4504	7	
4505	8	
4506	4	
4507	1	
4508	7	
4509	9	
4510	9	
4511	4	
4512	8	
4513	2	
4514	10	
4515	9	
4516	9	
4517	7	
4518	7	
4519	6	
4520	5	
4521	4	
4522	2	
4523	7	
4524	5	
4525	8	
4526	10	
4527	5	
4528	5	
4529	6	
4530	3	
4531	10	
4532	4	
4533	10	
4534	10	
4535	2	
4536	2	
4537	6	
4538	7	
4539	3	
4540	9	
4541	3	
4542	4	
4543	1	
4544	2	
4545	10	
4546	5	
4547	5	
4548	10	
4549	5	
4550	4	
4551	5	
4552	2	
4553	8	
4554	1	
4555	6	
4556	7	
4557	9	
4558	10	
4559	4	
4560	6	
4561	10	
4562	10	
4563	3	
4564	9	
4565	8	
4566	6	
4567	7	
4568	6	
4569	6	
4570	8	
4571	9	
4572	5	
4573	9	
4574	5	
4575	6	
4576	6	
4577	5	
4578	3	
4579	10	
4580	5	
4581	1	
4582	8	
4583	9	
4584	8	
4585	1	
4586	9	
4587	9	
4588	9	
4589	6	
4590	7	
4591	8	
4592	1	
4593	7	
4594	7	
4595	3	
4596	3	
4597	1	
4598	2	
4599	2	
4600	2	
4601	3	
4602	3	
4603	1	
4604	8	
4605	6	
4606	1	
4607	6	
4608	6	
4609	10	
4610	7	
4611	3	
4612	6	
4613	8	
4614	3	
4615	3	
4616	9	
4617	8	
4618	1	
4619	7	
4620	8	
4621	5	
4622	5	
4623	10	
4624	7	
4625	7	
4626	6	
4627	10	
4628	6	
4629	6	
4630	7	
4631	8	
4632	3	
4633	7	
4634	6	
4635	5	
4636	3	
4637	1	
4638	7	
4639	8	
4640	7	
4641	2	
4642	4	
4643	1	
4644	6	
4645	2	
4646	9	
4647	5	
4648	2	
4649	8	
4650	9	
4651	4	
4652	7	
4653	3	
4654	1	
4655	2	
4656	8	
4657	3	
4658	6	
4659	3	
4660	3	
4661	10	
4662	9	
4663	8	
4664	4	
4665	1	
4666	9	
4667	9	
4668	2	
4669	4	
4670	10	
4671	8	
4672	10	
4673	9	
4674	1	
4675	8	
4676	5	
4677	8	
4678	6	
4679	8	
4680	5	
4681	7	
4682	10	
4683	7	
4684	5	
4685	1	
4686	6	
4687	2	
4688	1	
4689	6	
4690	6	
4691	5	
4692	3	
4693	9	
4694	7	
4695	9	
4696	5	
4697	2	
4698	3	
4699	7	
4700	6	
4701	2	
4702	3	
4703	2	
4704	10	
4705	4	
4706	10	
4707	3	
4708	8	
4709	1	
4710	4	
4711	10	
4712	2	
4713	8	
4714	1	
4715	5	
4716	1	
4717	7	
4718	5	
4719	8	
4720	9	
4721	1	
4722	1	
4723	9	
4724	6	
4725	4	
4726	10	
4727	9	
4728	1	
4729	2	
4730	3	
4731	10	
4732	8	
4733	2	
4734	8	
4735	6	
4736	7	
4737	5	
4738	6	
4739	1	
4740	9	
4741	3	
4742	10	
4743	5	
4744	8	
4745	8	
4746	6	
4747	10	
4748	9	
4749	2	
4750	3	
4751	8	
4752	3	
4753	1	
4754	4	
4755	4	
4756	5	
4757	6	
4758	5	
4759	9	
4760	3	
4761	6	
4762	6	
4763	2	
4764	6	
4765	5	
4766	4	
4767	8	
4768	6	
4769	6	
4770	6	
4771	9	
4772	4	
4773	9	
4774	6	
4775	7	
4776	7	
4777	1	
4778	6	
4779	5	
4780	9	
4781	1	
4782	6	
4783	1	
4784	5	
4785	4	
4786	9	
4787	10	
4788	9	
4789	6	
4790	4	
4791	2	
4792	5	
4793	1	
4794	7	
4795	3	
4796	3	
4797	7	
4798	4	
4799	2	
4800	6	
4801	5	
4802	9	
4803	5	
4804	2	
4805	10	
4806	1	
4807	3	
4808	9	
4809	8	
4810	4	
4811	4	
4812	10	
4813	7	
4814	3	
4815	7	
4816	10	
4817	3	
4818	1	
4819	9	
4820	7	
4821	1	
4822	10	
4823	5	
4824	8	
4825	8	
4826	10	
4827	4	
4828	8	
4829	5	
4830	6	
4831	7	
4832	3	
4833	2	
4834	10	
4835	8	
4836	10	
4837	5	
4838	2	
4839	10	
4840	6	
4841	8	
4842	6	
4843	5	
4844	10	
4845	10	
4846	2	
4847	10	
4848	1	
4849	9	
4850	1	
4851	6	
4852	8	
4853	3	
4854	2	
4855	7	
4856	2	
4857	10	
4858	4	
4859	3	
4860	4	
4861	8	
4862	3	
4863	5	
4864	7	
4865	5	
4866	1	
4867	1	
4868	3	
4869	5	
4870	7	
4871	9	
4872	10	
4873	10	
4874	7	
4875	8	
4876	3	
4877	3	
4878	10	
4879	3	
4880	7	
4881	3	
4882	8	
4883	7	
4884	2	
4885	8	
4886	3	
4887	6	
4888	9	
4889	1	
4890	6	
4891	2	
4892	7	
4893	2	
4894	2	
4895	3	
4896	4	
4897	9	
4898	9	
4899	4	
4900	6	
4901	6	
4902	3	
4903	9	
4904	6	
4905	7	
4906	3	
4907	7	
4908	8	
4909	7	
4910	7	
4911	10	
4912	7	
4913	9	
4914	9	
4915	10	
4916	4	
4917	9	
4918	2	
4919	7	
4920	5	
4921	2	
4922	10	
4923	7	
4924	6	
4925	10	
4926	9	
4927	6	
4928	4	
4929	9	
4930	3	
4931	3	
4932	3	
4933	9	
4934	7	
4935	2	
4936	10	
4937	5	
4938	6	
4939	8	
4940	2	
4941	3	
4942	5	
4943	9	
4944	1	
4945	4	
4946	4	
4947	10	
4948	7	
4949	10	
4950	7	
4951	1	
4952	1	
4953	10	
4954	7	
4955	10	
4956	4	
4957	1	
4958	7	
4959	2	
4960	7	
4961	9	
4962	5	
4963	7	
4964	3	
4965	7	
4966	7	
4967	3	
4968	10	
4969	1	
4970	4	
4971	6	
4972	7	
4973	2	
4974	2	
4975	6	
4976	2	
4977	5	
4978	7	
4979	8	
4980	7	
4981	4	
4982	5	
4983	10	
4984	8	
4985	1	
4986	10	
4987	6	
4988	3	
4989	8	
4990	1	
4991	2	
4992	2	
4993	2	
4994	8	
4995	2	
4996	1	
4997	6	
4998	2	
4999	5	
5000	9	
5001	10	
5002	5	
5003	8	
5004	6	
5005	2	
5006	10	
5007	9	
5008	7	
5009	8	
5010	3	
5011	10	
5012	8	
5013	9	
5014	5	
5015	3	
5016	1	
5017	10	
5018	2	
5019	1	
5020	7	
5021	6	
5022	4	
5023	7	
5024	7	
5025	9	
5026	5	
5027	10	
5028	10	
5029	7	
5030	5	
5031	8	
5032	5	
5033	3	
5034	7	
5035	10	
5036	10	
5037	2	
5038	10	
5039	2	
5040	2	
5041	8	
5042	4	
5043	3	
5044	8	
5045	5	
5046	1	
5047	7	
5048	1	
5049	10	
5050	6	
5051	1	
5052	9	
5053	7	
5054	7	
5055	1	
5056	6	
5057	1	
5058	1	
5059	10	
5060	5	
5061	5	
5062	9	
5063	5	
5064	2	
5065	4	
5066	1	
5067	9	
5068	6	
5069	5	
5070	6	
5071	2	
5072	6	
5073	6	
5074	4	
5075	2	
5076	1	
5077	9	
5078	6	
5079	5	
5080	1	
5081	4	
5082	8	
5083	1	
5084	9	
5085	8	
5086	6	
5087	5	
5088	8	
5089	6	
5090	5	
5091	10	
5092	10	
5093	1	
5094	3	
5095	9	
5096	2	
5097	6	
5098	4	
5099	8	
5100	8	
5101	3	
5102	2	
5103	2	
5104	4	
5105	9	
5106	8	
5107	10	
5108	5	
5109	4	
5110	7	
5111	5	
5112	3	
5113	9	
5114	9	
5115	7	
5116	3	
5117	10	
5118	2	
5119	7	
5120	7	
5121	9	
5122	7	
5123	8	
5124	6	
5125	10	
5126	3	
5127	3	
5128	9	
5129	10	
5130	6	
5131	6	
5132	7	
5133	5	
5134	7	
5135	2	
5136	4	
5137	8	
5138	7	
5139	5	
5140	5	
5141	7	
5142	9	
5143	4	
5144	10	
5145	3	
5146	6	
5147	9	
5148	6	
5149	6	
5150	4	
5151	5	
5152	7	
5153	1	
5154	10	
5155	8	
5156	4	
5157	6	
5158	6	
5159	8	
5160	6	
5161	10	
5162	4	
5163	7	
5164	4	
5165	6	
5166	5	
5167	9	
5168	9	
5169	4	
5170	9	
5171	8	
5172	3	
5173	3	
5174	3	
5175	3	
5176	1	
5177	5	
5178	3	
5179	5	
5180	2	
5181	6	
5182	7	
5183	5	
5184	6	
5185	7	
5186	1	
5187	2	
5188	10	
5189	4	
5190	1	
5191	8	
5192	1	
5193	2	
5194	1	
5195	6	
5196	5	
5197	3	
5198	4	
5199	6	
5200	3	
5201	5	
5202	9	
5203	4	
5204	7	
5205	8	
5206	1	
5207	8	
5208	8	
5209	8	
5210	7	
5211	1	
5212	7	
5213	3	
5214	2	
5215	7	
5216	6	
5217	10	
5218	4	
5219	6	
5220	7	
5221	9	
5222	2	
5223	10	
5224	2	
5225	4	
5226	10	
5227	10	
5228	7	
5229	8	
5230	8	
5231	8	
5232	2	
5233	3	
5234	6	
5235	9	
5236	2	
5237	5	
5238	9	
5239	3	
5240	2	
5241	2	
5242	1	
5243	4	
5244	1	
5245	10	
5246	9	
5247	9	
5248	10	
5249	10	
5250	2	
5251	3	
5252	10	
5253	3	
5254	8	
5255	7	
5256	10	
5257	10	
5258	1	
5259	10	
5260	3	
5261	10	
5262	3	
5263	8	
5264	4	
5265	5	
5266	3	
5267	10	
5268	4	
5269	5	
5270	9	
5271	5	
5272	2	
5273	2	
5274	2	
5275	2	
5276	10	
5277	9	
5278	3	
5279	7	
5280	2	
5281	10	
5282	2	
5283	8	
5284	5	
5285	1	
5286	6	
5287	1	
5288	8	
5289	4	
5290	7	
5291	7	
5292	10	
5293	6	
5294	10	
5295	6	
5296	3	
5297	3	
5298	10	
5299	6	
5300	9	
5301	5	
5302	2	
5303	10	
5304	2	
5305	9	
5306	9	
5307	3	
5308	2	
5309	4	
5310	1	
5311	1	
5312	3	
5313	1	
5314	9	
5315	1	
5316	5	
5317	6	
5318	7	
5319	3	
5320	5	
5321	7	
5322	7	
5323	5	
5324	1	
5325	4	
5326	1	
5327	7	
5328	3	
5329	5	
5330	2	
5331	10	
5332	5	
5333	2	
5334	4	
5335	6	
5336	3	
5337	8	
5338	10	
5339	10	
5340	6	
5341	1	
5342	1	
5343	8	
5344	2	
5345	5	
5346	4	
5347	5	
5348	7	
5349	3	
5350	2	
5351	1	
5352	8	
5353	1	
5354	4	
5355	6	
5356	10	
5357	2	
5358	10	
5359	6	
5360	1	
5361	1	
5362	6	
5363	7	
5364	8	
5365	2	
5366	4	
5367	10	
5368	8	
5369	9	
5370	6	
5371	3	
5372	9	
5373	8	
5374	10	
5375	8	
5376	1	
5377	5	
5378	7	
5379	9	
5380	10	
5381	3	
5382	7	
5383	5	
5384	6	
5385	7	
5386	3	
5387	9	
5388	6	
5389	7	
5390	6	
5391	1	
5392	6	
5393	3	
5394	8	
5395	7	
5396	9	
5397	1	
5398	2	
5399	7	
5400	10	
5401	5	
5402	4	
5403	10	
5404	3	
5405	7	
5406	3	
5407	2	
5408	7	
5409	8	
5410	7	
5411	8	
5412	3	
5413	2	
5414	7	
5415	7	
5416	5	
5417	6	
5418	8	
5419	6	
5420	2	
5421	5	
5422	5	
5423	3	
5424	4	
5425	4	
5426	3	
5427	7	
5428	4	
5429	5	
5430	9	
5431	10	
5432	10	
5433	5	
5434	6	
5435	10	
5436	1	
5437	5	
5438	2	
5439	7	
5440	7	
5441	8	
5442	7	
5443	10	
5444	8	
5445	3	
5446	1	
5447	8	
5448	4	
5449	4	
5450	7	
5451	8	
5452	7	
5453	4	
5454	5	
5455	5	
5456	6	
5457	4	
5458	1	
5459	10	
5460	1	
5461	9	
5462	9	
5463	10	
5464	4	
5465	1	
5466	7	
5467	10	
5468	4	
5469	2	
5470	2	
5471	5	
5472	3	
5473	2	
5474	7	
5475	8	
5476	8	
5477	5	
5478	8	
5479	5	
5480	2	
5481	6	
5482	3	
5483	7	
5484	3	
5485	9	
5486	6	
5487	4	
5488	7	
5489	1	
5490	2	
5491	7	
5492	1	
5493	9	
5494	6	
5495	8	
5496	1	
5497	1	
5498	10	
5499	8	
5500	5	
5501	6	
5502	8	
5503	1	
5504	4	
5505	10	
5506	10	
5507	5	
5508	8	
5509	4	
5510	4	
5511	5	
5512	5	
5513	1	
5514	4	
5515	9	
5516	9	
5517	6	
5518	6	
5519	1	
5520	2	
5521	2	
5522	2	
5523	3	
5524	10	
5525	10	
5526	6	
5527	10	
5528	6	
5529	6	
5530	4	
5531	9	
5532	8	
5533	6	
5534	9	
5535	6	
5536	5	
5537	8	
5538	7	
5539	8	
5540	1	
5541	9	
5542	2	
5543	7	
5544	8	
5545	9	
5546	3	
5547	9	
5548	2	
5549	3	
5550	2	
5551	10	
5552	5	
5553	3	
5554	2	
5555	2	
5556	10	
5557	2	
5558	5	
5559	4	
5560	4	
5561	2	
5562	10	
5563	4	
5564	6	
5565	10	
5566	4	
5567	8	
5568	3	
5569	8	
5570	3	
5571	8	
5572	6	
5573	5	
5574	9	
5575	4	
5576	4	
5577	3	
5578	10	
5579	6	
5580	10	
5581	8	
5582	10	
5583	4	
5584	5	
5585	4	
5586	9	
5587	4	
5588	5	
5589	8	
5590	7	
5591	10	
5592	2	
5593	3	
5594	8	
5595	3	
5596	10	
5597	7	
5598	5	
5599	10	
5600	5	
5601	2	
5602	8	
5603	9	
5604	1	
5605	1	
5606	9	
5607	10	
5608	2	
5609	8	
5610	7	
5611	7	
5612	3	
5613	7	
5614	6	
5615	4	
5616	1	
5617	2	
5618	4	
5619	8	
5620	3	
5621	1	
5622	1	
5623	3	
5624	6	
5625	4	
5626	1	
5627	9	
5628	9	
5629	5	
5630	9	
5631	3	
5632	1	
5633	6	
5634	3	
5635	4	
5636	1	
5637	6	
5638	10	
5639	1	
5640	1	
5641	9	
5642	9	
5643	7	
5644	5	
5645	10	
5646	9	
5647	8	
5648	10	
5649	10	
5650	4	
5651	8	
5652	3	
5653	10	
5654	10	
5655	7	
5656	8	
5657	3	
5658	2	
5659	6	
5660	4	
5661	2	
5662	1	
5663	4	
5664	10	
5665	2	
5666	7	
5667	10	
5668	3	
5669	4	
5670	6	
5671	2	
5672	1	
5673	5	
5674	9	
5675	10	
5676	2	
5677	10	
5678	1	
5679	1	
5680	3	
5681	10	
5682	4	
5683	10	
5684	5	
5685	4	
5686	4	
5687	3	
5688	7	
5689	8	
5690	5	
5691	6	
5692	9	
5693	1	
5694	4	
5695	4	
5696	5	
5697	8	
5698	2	
5699	3	
5700	3	
5701	4	
5702	9	
5703	1	
5704	1	
5705	2	
5706	10	
5707	3	
5708	4	
5709	8	
5710	4	
5711	8	
5712	6	
5713	1	
5714	2	
5715	1	
5716	5	
5717	7	
5718	10	
5719	10	
5720	9	
5721	9	
5722	1	
5723	1	
5724	1	
5725	5	
5726	3	
5727	9	
5728	2	
5729	7	
5730	4	
5731	10	
5732	6	
5733	7	
5734	7	
5735	6	
5736	6	
5737	3	
5738	7	
5739	3	
5740	10	
5741	10	
5742	2	
5743	10	
5744	8	
5745	2	
5746	6	
5747	8	
5748	8	
5749	6	
5750	7	
5751	4	
5752	10	
5753	10	
5754	5	
5755	4	
5756	1	
5757	1	
5758	10	
5759	2	
5760	10	
5761	1	
5762	6	
5763	10	
5764	3	
5765	7	
5766	1	
5767	3	
5768	10	
5769	5	
5770	10	
5771	5	
5772	8	
5773	1	
5774	3	
5775	10	
5776	10	
5777	8	
5778	7	
5779	1	
5780	6	
5781	8	
5782	2	
5783	4	
5784	9	
5785	4	
5786	2	
5787	2	
5788	9	
5789	4	
5790	3	
5791	6	
5792	2	
5793	3	
5794	4	
5795	8	
5796	4	
5797	3	
5798	7	
5799	4	
5800	8	
5801	5	
5802	10	
5803	6	
5804	7	
5805	10	
5806	8	
5807	2	
5808	10	
5809	9	
5810	5	
5811	5	
5812	5	
5813	4	
5814	9	
5815	3	
5816	1	
5817	3	
5818	7	
5819	10	
5820	8	
5821	10	
5822	7	
5823	6	
5824	1	
5825	4	
5826	6	
5827	9	
5828	6	
5829	2	
5830	1	
5831	6	
5832	1	
5833	2	
5834	4	
5835	4	
5836	8	
5837	4	
5838	3	
5839	7	
5840	5	
5841	4	
5842	7	
5843	1	
5844	5	
5845	3	
5846	9	
5847	4	
5848	10	
5849	7	
5850	10	
5851	3	
5852	3	
5853	8	
5854	6	
5855	5	
5856	4	
5857	10	
5858	7	
5859	5	
5860	5	
5861	7	
5862	4	
5863	9	
5864	10	
5865	4	
5866	5	
5867	10	
5868	7	
5869	7	
5870	10	
5871	4	
5872	10	
5873	2	
5874	9	
5875	8	
5876	4	
5877	1	
5878	5	
5879	6	
5880	7	
5881	3	
5882	2	
5883	9	
5884	9	
5885	5	
5886	1	
5887	7	
5888	3	
5889	2	
5890	1	
5891	9	
5892	9	
5893	5	
5894	2	
5895	10	
5896	7	
5897	1	
5898	8	
5899	1	
5900	7	
5901	2	
5902	2	
5903	3	
5904	1	
5905	9	
5906	9	
5907	8	
5908	1	
5909	1	
5910	8	
5911	1	
5912	7	
5913	1	
5914	4	
5915	1	
5916	7	
5917	9	
5918	4	
5919	8	
5920	3	
5921	9	
5922	6	
5923	10	
5924	2	
5925	10	
5926	7	
5927	3	
5928	3	
5929	10	
5930	3	
5931	9	
5932	7	
5933	6	
5934	7	
5935	1	
5936	1	
5937	4	
5938	8	
5939	8	
5940	10	
5941	10	
5942	9	
5943	1	
5944	7	
5945	3	
5946	1	
5947	8	
5948	7	
5949	1	
5950	9	
5951	7	
5952	1	
5953	4	
5954	8	
5955	4	
5956	6	
5957	3	
5958	2	
5959	1	
5960	1	
5961	3	
5962	1	
5963	9	
5964	1	
5965	6	
5966	7	
5967	3	
5968	10	
5969	2	
5970	1	
5971	1	
5972	1	
5973	6	
5974	4	
5975	2	
5976	3	
5977	1	
5978	7	
5979	6	
5980	2	
5981	2	
5982	7	
5983	4	
5984	3	
5985	4	
5986	5	
5987	6	
5988	3	
5989	5	
5990	8	
5991	6	
5992	10	
5993	1	
5994	1	
5995	6	
5996	8	
5997	1	
5998	10	
5999	10	
6000	6	
6001	8	
6002	7	
6003	9	
6004	3	
6005	6	
6006	2	
6007	1	
6008	8	
6009	1	
6010	5	
6011	6	
6012	3	
6013	7	
6014	5	
6015	2	
6016	6	
6017	3	
6018	2	
6019	9	
6020	7	
6021	2	
6022	3	
6023	4	
6024	5	
6025	10	
6026	7	
6027	6	
6028	5	
6029	3	
6030	10	
6031	2	
6032	1	
6033	3	
6034	3	
6035	5	
6036	4	
6037	5	
6038	4	
6039	4	
6040	9	
6041	3	
6042	10	
6043	5	
6044	4	
6045	7	
6046	2	
6047	9	
6048	7	
6049	3	
6050	1	
6051	2	
6052	4	
6053	3	
6054	2	
6055	9	
6056	6	
6057	8	
6058	10	
6059	6	
6060	9	
6061	7	
6062	6	
6063	4	
6064	1	
6065	7	
6066	1	
6067	8	
6068	10	
6069	1	
6070	2	
6071	10	
6072	3	
6073	2	
6074	8	
6075	4	
6076	10	
6077	4	
6078	7	
6079	1	
6080	5	
6081	1	
6082	10	
6083	8	
6084	3	
6085	1	
6086	8	
6087	10	
6088	4	
6089	4	
6090	5	
6091	1	
6092	5	
6093	10	
6094	6	
6095	3	
6096	4	
6097	7	
6098	10	
6099	3	
6100	5	
6101	9	
6102	3	
6103	5	
6104	6	
6105	9	
6106	8	
6107	6	
6108	8	
6109	5	
6110	4	
6111	3	
6112	5	
6113	5	
6114	4	
6115	9	
6116	4	
6117	1	
6118	4	
6119	10	
6120	6	
6121	1	
6122	1	
6123	2	
6124	1	
6125	8	
6126	10	
6127	2	
6128	7	
6129	4	
6130	9	
6131	1	
6132	7	
6133	6	
6134	6	
6135	2	
6136	1	
6137	10	
6138	1	
6139	7	
6140	7	
6141	7	
6142	6	
6143	8	
6144	5	
6145	8	
6146	4	
6147	6	
6148	2	
6149	10	
6150	8	
6151	6	
6152	10	
6153	4	
6154	2	
6155	10	
6156	10	
6157	2	
6158	9	
6159	8	
6160	3	
6161	2	
6162	4	
6163	10	
6164	5	
6165	5	
6166	6	
6167	9	
6168	3	
6169	10	
6170	10	
6171	8	
6172	7	
6173	9	
6174	4	
6175	3	
6176	4	
6177	8	
6178	5	
6179	8	
6180	2	
6181	2	
6182	5	
6183	3	
6184	7	
6185	2	
6186	7	
6187	10	
6188	5	
6189	3	
6190	9	
6191	1	
6192	10	
6193	8	
6194	6	
6195	1	
6196	7	
6197	5	
6198	9	
6199	10	
6200	10	
6201	10	
6202	10	
6203	2	
6204	9	
6205	5	
6206	1	
6207	7	
6208	9	
6209	3	
6210	4	
6211	9	
6212	10	
6213	2	
6214	2	
6215	9	
6216	6	
6217	7	
6218	3	
6219	6	
6220	1	
6221	6	
6222	6	
6223	8	
6224	3	
6225	7	
6226	3	
6227	7	
6228	9	
6229	6	
6230	8	
6231	1	
6232	10	
6233	5	
6234	8	
6235	9	
6236	8	
6237	4	
6238	8	
6239	6	
6240	5	
6241	4	
6242	6	
6243	8	
6244	9	
6245	5	
6246	5	
6247	3	
6248	4	
6249	10	
6250	8	
6251	8	
6252	4	
6253	8	
6254	6	
6255	6	
6256	3	
6257	8	
6258	1	
6259	3	
6260	2	
6261	7	
6262	2	
6263	10	
6264	1	
6265	4	
6266	2	
6267	10	
6268	6	
6269	1	
6270	3	
6271	7	
6272	6	
6273	10	
6274	9	
6275	2	
6276	6	
6277	7	
6278	1	
6279	10	
6280	10	
6281	4	
6282	4	
6283	10	
6284	5	
6285	5	
6286	1	
6287	1	
6288	5	
6289	10	
6290	2	
6291	8	
6292	8	
6293	5	
6294	7	
6295	9	
6296	7	
6297	9	
6298	6	
6299	10	
6300	3	
6301	6	
6302	6	
6303	1	
6304	1	
6305	4	
6306	8	
6307	1	
6308	6	
6309	3	
6310	7	
6311	10	
6312	4	
6313	6	
6314	5	
6315	9	
6316	9	
6317	3	
6318	6	
6319	2	
6320	7	
6321	5	
6322	6	
6323	4	
6324	1	
6325	1	
6326	9	
6327	1	
6328	6	
6329	7	
6330	9	
6331	2	
6332	2	
6333	1	
6334	8	
6335	5	
6336	9	
6337	7	
6338	4	
6339	2	
6340	7	
6341	2	
6342	6	
6343	6	
6344	9	
6345	4	
6346	2	
6347	3	
6348	2	
6349	6	
6350	1	
6351	2	
6352	4	
6353	6	
6354	1	
6355	5	
6356	5	
6357	2	
6358	3	
6359	7	
6360	3	
6361	5	
6362	3	
6363	1	
6364	1	
6365	8	
6366	3	
6367	2	
6368	10	
6369	7	
6370	9	
6371	1	
6372	2	
6373	5	
6374	9	
6375	7	
6376	4	
6377	1	
6378	8	
6379	3	
6380	8	
6381	5	
6382	4	
6383	6	
6384	3	
6385	6	
6386	1	
6387	8	
6388	10	
6389	2	
6390	3	
6391	5	
6392	8	
6393	3	
6394	4	
6395	9	
6396	2	
6397	5	
6398	4	
6399	2	
6400	4	
6401	3	
6402	6	
6403	6	
6404	4	
6405	7	
6406	4	
6407	4	
6408	3	
6409	2	
6410	5	
6411	2	
6412	5	
6413	4	
6414	2	
6415	5	
6416	7	
6417	5	
6418	10	
6419	3	
6420	7	
6421	10	
6422	1	
6423	2	
6424	10	
6425	2	
6426	4	
6427	7	
6428	4	
6429	8	
6430	5	
6431	3	
6432	7	
6433	2	
6434	6	
6435	7	
6436	5	
6437	4	
6438	6	
6439	4	
6440	5	
6441	5	
6442	6	
6443	4	
6444	7	
6445	4	
6446	5	
6447	7	
6448	7	
6449	10	
6450	9	
6451	2	
6452	8	
6453	3	
6454	2	
6455	3	
6456	2	
6457	7	
6458	7	
6459	4	
6460	7	
6461	2	
6462	2	
6463	4	
6464	1	
6465	5	
6466	6	
6467	6	
6468	9	
6469	7	
6470	6	
6471	5	
6472	1	
6473	10	
6474	2	
6475	10	
6476	4	
6477	5	
6478	3	
6479	1	
6480	3	
6481	10	
6482	2	
6483	10	
6484	3	
6485	5	
6486	9	
6487	9	
6488	10	
6489	3	
6490	2	
6491	10	
6492	1	
6493	9	
6494	6	
6495	1	
6496	8	
6497	9	
6498	4	
6499	4	
6500	2	
6501	5	
6502	7	
6503	2	
6504	6	
6505	5	
6506	6	
6507	3	
6508	7	
6509	10	
6510	6	
6511	4	
6512	8	
6513	10	
6514	10	
6515	8	
6516	1	
6517	1	
6518	9	
6519	10	
6520	7	
6521	4	
6522	1	
6523	10	
6524	10	
6525	6	
6526	4	
6527	4	
6528	3	
6529	8	
6530	3	
6531	1	
6532	9	
6533	4	
6534	5	
6535	10	
6536	7	
6537	2	
6538	2	
6539	7	
6540	4	
6541	1	
6542	4	
6543	2	
6544	9	
6545	9	
6546	8	
6547	10	
6548	8	
6549	8	
6550	3	
6551	3	
6552	4	
6553	7	
6554	6	
6555	1	
6556	8	
6557	5	
6558	7	
6559	6	
6560	4	
6561	3	
6562	10	
6563	9	
6564	7	
6565	7	
6566	7	
6567	7	
6568	6	
6569	1	
6570	7	
6571	1	
6572	9	
6573	4	
6574	2	
6575	4	
6576	10	
6577	3	
6578	10	
6579	5	
6580	4	
6581	4	
6582	6	
6583	7	
6584	7	
6585	5	
6586	10	
6587	10	
6588	5	
6589	7	
6590	8	
6591	8	
6592	9	
6593	7	
6594	4	
6595	3	
6596	8	
6597	3	
6598	4	
6599	8	
6600	8	
6601	5	
6602	4	
6603	9	
6604	5	
6605	1	
6606	2	
6607	9	
6608	6	
6609	9	
6610	7	
6611	10	
6612	6	
6613	6	
6614	10	
6615	5	
6616	7	
6617	7	
6618	7	
6619	2	
6620	6	
6621	6	
6622	1	
6623	2	
6624	1	
6625	6	
6626	8	
6627	2	
6628	1	
6629	3	
6630	2	
6631	3	
6632	4	
6633	10	
6634	8	
6635	1	
6636	8	
6637	2	
6638	10	
6639	10	
6640	10	
6641	10	
6642	4	
6643	8	
6644	1	
6645	7	
6646	3	
6647	6	
6648	7	
6649	2	
6650	3	
6651	3	
6652	6	
6653	2	
6654	5	
6655	5	
6656	2	
6657	7	
6658	4	
6659	5	
6660	7	
6661	2	
6662	4	
6663	6	
6664	4	
6665	1	
6666	4	
6667	3	
6668	9	
6669	1	
6670	3	
6671	6	
6672	9	
6673	9	
6674	7	
6675	3	
6676	1	
6677	6	
6678	5	
6679	8	
6680	6	
6681	2	
6682	10	
6683	4	
6684	7	
6685	3	
6686	3	
6687	2	
6688	8	
6689	1	
6690	5	
6691	5	
6692	3	
6693	4	
6694	3	
6695	1	
6696	1	
6697	3	
6698	6	
6699	3	
6700	4	
6701	5	
6702	1	
6703	9	
6704	9	
6705	2	
6706	7	
6707	2	
6708	3	
6709	6	
6710	7	
6711	10	
6712	9	
6713	8	
6714	8	
6715	8	
6716	8	
6717	10	
6718	10	
6719	10	
6720	3	
6721	7	
6722	8	
6723	9	
6724	3	
6725	10	
6726	2	
6727	3	
6728	8	
6729	2	
6730	9	
6731	1	
6732	9	
6733	5	
6734	10	
6735	2	
6736	3	
6737	6	
6738	5	
6739	6	
6740	8	
6741	7	
6742	3	
6743	7	
6744	2	
6745	9	
6746	6	
6747	3	
6748	6	
6749	2	
6750	5	
6751	5	
6752	3	
6753	3	
6754	5	
6755	5	
6756	10	
6757	7	
6758	10	
6759	1	
6760	10	
6761	3	
6762	4	
6763	2	
6764	9	
6765	9	
6766	6	
6767	8	
6768	8	
6769	2	
6770	8	
6771	7	
6772	10	
6773	2	
6774	6	
6775	1	
6776	4	
6777	3	
6778	8	
6779	4	
6780	10	
6781	8	
6782	4	
6783	10	
6784	5	
6785	4	
6786	5	
6787	10	
6788	7	
6789	5	
6790	4	
6791	2	
6792	6	
6793	9	
6794	5	
6795	5	
6796	3	
6797	4	
6798	5	
6799	9	
6800	4	
6801	6	
6802	3	
6803	6	
6804	6	
6805	2	
6806	7	
6807	7	
6808	2	
6809	5	
6810	6	
6811	10	
6812	4	
6813	5	
6814	5	
6815	2	
6816	5	
6817	5	
6818	5	
6819	3	
6820	1	
6821	7	
6822	6	
6823	1	
6824	4	
6825	8	
6826	7	
6827	4	
6828	8	
6829	5	
6830	2	
6831	2	
6832	9	
6833	9	
6834	10	
6835	6	
6836	1	
6837	4	
6838	8	
6839	4	
6840	9	
6841	6	
6842	9	
6843	4	
6844	3	
6845	5	
6846	1	
6847	10	
6848	8	
6849	6	
6850	2	
6851	2	
6852	2	
6853	6	
6854	4	
6855	1	
6856	9	
6857	9	
6858	3	
6859	2	
6860	1	
6861	9	
6862	7	
6863	2	
6864	4	
6865	4	
6866	8	
6867	6	
6868	2	
6869	1	
6870	2	
6871	8	
6872	2	
6873	5	
6874	1	
6875	1	
6876	8	
6877	9	
6878	2	
6879	8	
6880	7	
6881	9	
6882	1	
6883	10	
6884	3	
6885	1	
6886	1	
6887	4	
6888	4	
6889	7	
6890	1	
6891	4	
6892	2	
6893	8	
6894	10	
6895	4	
6896	9	
6897	2	
6898	6	
6899	5	
6900	6	
6901	1	
6902	10	
6903	10	
6904	3	
6905	5	
6906	10	
6907	1	
6908	2	
6909	4	
6910	3	
6911	3	
6912	2	
6913	1	
6914	6	
6915	4	
6916	5	
6917	1	
6918	1	
6919	4	
6920	3	
6921	9	
6922	2	
6923	9	
6924	6	
6925	1	
6926	2	
6927	5	
6928	6	
6929	4	
6930	5	
6931	9	
6932	7	
6933	7	
6934	3	
6935	6	
6936	2	
6937	6	
6938	1	
6939	1	
6940	2	
6941	4	
6942	2	
6943	4	
6944	4	
6945	4	
6946	2	
6947	9	
6948	4	
6949	4	
6950	8	
6951	2	
6952	3	
6953	4	
6954	9	
6955	5	
6956	2	
6957	3	
6958	5	
6959	5	
6960	6	
6961	3	
6962	1	
6963	9	
6964	2	
6965	8	
6966	2	
6967	6	
6968	2	
6969	3	
6970	9	
6971	2	
6972	8	
6973	8	
6974	1	
6975	9	
6976	4	
6977	2	
6978	8	
6979	5	
6980	10	
6981	3	
6982	4	
6983	2	
6984	7	
6985	4	
6986	3	
6987	7	
6988	8	
6989	5	
6990	5	
6991	9	
6992	10	
6993	3	
6994	3	
6995	10	
6996	8	
6997	6	
6998	3	
6999	2	
7000	7	
7001	9	
7002	8	
7003	4	
7004	9	
7005	5	
7006	9	
7007	6	
7008	2	
7009	8	
7010	2	
7011	7	
7012	8	
7013	1	
7014	9	
7015	2	
7016	4	
7017	10	
7018	7	
7019	4	
7020	5	
7021	6	
7022	4	
7023	10	
7024	9	
7025	6	
7026	10	
7027	7	
7028	2	
7029	8	
7030	3	
7031	6	
7032	2	
7033	6	
7034	3	
7035	8	
7036	4	
7037	6	
7038	1	
7039	7	
7040	7	
7041	5	
7042	3	
7043	6	
7044	6	
7045	4	
7046	8	
7047	2	
7048	3	
7049	7	
7050	2	
7051	1	
7052	8	
7053	8	
7054	10	
7055	6	
7056	10	
7057	5	
7058	10	
7059	6	
7060	6	
7061	7	
7062	1	
7063	4	
7064	7	
7065	5	
7066	5	
7067	1	
7068	5	
7069	6	
7070	10	
7071	1	
7072	8	
7073	6	
7074	6	
7075	1	
7076	10	
7077	9	
7078	7	
7079	4	
7080	4	
7081	2	
7082	10	
7083	3	
7084	8	
7085	6	
7086	6	
7087	4	
7088	5	
7089	2	
7090	1	
7091	8	
7092	9	
7093	3	
7094	3	
7095	5	
7096	2	
7097	5	
7098	5	
7099	10	
7100	9	
7101	7	
7102	7	
7103	1	
7104	8	
7105	2	
7106	6	
7107	9	
7108	9	
7109	9	
7110	7	
7111	3	
7112	6	
7113	2	
7114	9	
7115	6	
7116	2	
7117	9	
7118	6	
7119	5	
7120	7	
7121	5	
7122	7	
7123	2	
7124	4	
7125	9	
7126	10	
7127	8	
7128	8	
7129	9	
7130	1	
7131	4	
7132	7	
7133	8	
7134	10	
7135	3	
7136	6	
7137	1	
7138	2	
7139	6	
7140	4	
7141	9	
7142	3	
7143	3	
7144	2	
7145	3	
7146	5	
7147	2	
7148	8	
7149	9	
7150	2	
7151	4	
7152	9	
7153	2	
7154	6	
7155	6	
7156	1	
7157	4	
7158	5	
7159	5	
7160	2	
7161	10	
7162	2	
7163	1	
7164	10	
7165	2	
7166	6	
7167	4	
7168	2	
7169	2	
7170	4	
7171	7	
7172	4	
7173	2	
7174	1	
7175	1	
7176	8	
7177	5	
7178	3	
7179	10	
7180	9	
7181	5	
7182	7	
7183	4	
7184	4	
7185	7	
7186	10	
7187	6	
7188	5	
7189	5	
7190	2	
7191	1	
7192	3	
7193	6	
7194	3	
7195	2	
7196	9	
7197	10	
7198	8	
7199	7	
7200	3	
7201	8	
7202	7	
7203	9	
7204	2	
7205	2	
7206	2	
7207	5	
7208	1	
7209	1	
7210	1	
7211	10	
7212	4	
7213	10	
7214	5	
7215	3	
7216	5	
7217	1	
7218	6	
7219	2	
7220	1	
7221	7	
7222	8	
7223	9	
7224	4	
7225	6	
7226	2	
7227	8	
7228	2	
7229	2	
7230	3	
7231	5	
7232	8	
7233	10	
7234	8	
7235	8	
7236	10	
7237	8	
7238	7	
7239	10	
7240	2	
7241	3	
7242	10	
7243	7	
7244	8	
7245	5	
7246	2	
7247	2	
7248	10	
7249	4	
7250	6	
7251	4	
7252	2	
7253	10	
7254	5	
7255	6	
7256	1	
7257	5	
7258	4	
7259	3	
7260	8	
7261	9	
7262	1	
7263	8	
7264	7	
7265	1	
7266	9	
7267	5	
7268	9	
7269	7	
7270	6	
7271	8	
7272	10	
7273	9	
7274	5	
7275	7	
7276	4	
7277	9	
7278	10	
7279	10	
7280	8	
7281	10	
7282	9	
7283	6	
7284	5	
7285	5	
7286	1	
7287	4	
7288	3	
7289	1	
7290	2	
7291	4	
7292	6	
7293	10	
7294	1	
7295	3	
7296	1	
7297	9	
7298	1	
7299	7	
7300	6	
7301	3	
7302	10	
7303	7	
7304	4	
7305	2	
7306	8	
7307	10	
7308	2	
7309	10	
7310	7	
7311	3	
7312	10	
7313	2	
7314	2	
7315	3	
7316	8	
7317	9	
7318	4	
7319	6	
7320	3	
7321	1	
7322	3	
7323	8	
7324	10	
7325	1	
7326	8	
7327	3	
7328	3	
7329	3	
7330	1	
7331	1	
7332	10	
7333	3	
7334	4	
7335	3	
7336	4	
7337	5	
7338	8	
7339	1	
7340	4	
7341	9	
7342	6	
7343	6	
7344	8	
7345	8	
7346	3	
7347	9	
7348	6	
7349	1	
7350	8	
7351	7	
7352	6	
7353	10	
7354	10	
7355	2	
7356	9	
7357	2	
7358	10	
7359	6	
7360	4	
7361	8	
7362	4	
7363	8	
7364	8	
7365	10	
7366	5	
7367	3	
7368	2	
7369	6	
7370	10	
7371	1	
7372	3	
7373	3	
7374	7	
7375	8	
7376	7	
7377	6	
7378	5	
7379	9	
7380	8	
7381	2	
7382	10	
7383	6	
7384	10	
7385	3	
7386	7	
7387	5	
7388	10	
7389	5	
7390	7	
7391	1	
7392	7	
7393	2	
7394	10	
7395	8	
7396	8	
7397	9	
7398	10	
7399	4	
7400	2	
7401	4	
7402	7	
7403	1	
7404	7	
7405	2	
7406	6	
7407	8	
7408	2	
7409	5	
7410	9	
7411	2	
7412	2	
7413	10	
7414	2	
7415	10	
7416	4	
7417	5	
7418	5	
7419	9	
7420	10	
7421	8	
7422	7	
7423	4	
7424	10	
7425	8	
7426	10	
7427	8	
7428	10	
7429	5	
7430	1	
7431	5	
7432	3	
7433	4	
7434	1	
7435	2	
7436	2	
7437	7	
7438	8	
7439	5	
7440	10	
7441	10	
7442	1	
7443	4	
7444	7	
7445	10	
7446	6	
7447	5	
7448	5	
7449	6	
7450	1	
7451	9	
7452	5	
7453	1	
7454	9	
7455	1	
7456	4	
7457	7	
7458	3	
7459	7	
7460	7	
7461	6	
7462	5	
7463	7	
7464	1	
7465	3	
7466	7	
7467	6	
7468	7	
7469	9	
7470	9	
7471	1	
7472	1	
7473	1	
7474	4	
7475	8	
7476	6	
7477	9	
7478	7	
7479	4	
7480	1	
7481	3	
7482	1	
7483	6	
7484	4	
7485	7	
7486	8	
7487	6	
7488	10	
7489	9	
7490	1	
7491	7	
7492	9	
7493	9	
7494	5	
7495	4	
7496	5	
7497	7	
7498	6	
7499	4	
7500	1	
7501	2	
7502	1	
7503	9	
7504	6	
7505	1	
7506	9	
7507	7	
7508	4	
7509	1	
7510	10	
7511	4	
7512	4	
7513	7	
7514	8	
7515	5	
7516	2	
7517	2	
7518	4	
7519	7	
7520	2	
7521	1	
7522	8	
7523	5	
7524	5	
7525	7	
7526	3	
7527	9	
7528	5	
7529	9	
7530	8	
7531	1	
7532	6	
7533	9	
7534	10	
7535	10	
7536	8	
7537	1	
7538	1	
7539	9	
7540	4	
7541	1	
7542	6	
7543	5	
7544	2	
7545	4	
7546	3	
7547	2	
7548	5	
7549	3	
7550	6	
7551	8	
7552	1	
7553	9	
7554	7	
7555	10	
7556	3	
7557	10	
7558	10	
7559	1	
7560	8	
7561	6	
7562	7	
7563	2	
7564	9	
7565	8	
7566	6	
7567	10	
7568	3	
7569	8	
7570	5	
7571	9	
7572	10	
7573	8	
7574	6	
7575	6	
7576	8	
7577	9	
7578	7	
7579	2	
7580	1	
7581	7	
7582	7	
7583	3	
7584	10	
7585	5	
7586	10	
7587	7	
7588	3	
7589	1	
7590	5	
7591	2	
7592	2	
7593	4	
7594	9	
7595	2	
7596	7	
7597	9	
7598	6	
7599	4	
7600	9	
7601	4	
7602	3	
7603	8	
7604	9	
7605	10	
7606	2	
7607	10	
7608	1	
7609	5	
7610	5	
7611	8	
7612	5	
7613	8	
7614	4	
7615	8	
7616	10	
7617	7	
7618	9	
7619	8	
7620	4	
7621	7	
7622	1	
7623	1	
7624	1	
7625	4	
7626	1	
7627	9	
7628	1	
7629	10	
7630	8	
7631	3	
7632	1	
7633	2	
7634	2	
7635	9	
7636	2	
7637	2	
7638	3	
7639	4	
7640	1	
7641	3	
7642	5	
7643	4	
7644	5	
7645	9	
7646	5	
7647	4	
7648	10	
7649	5	
7650	3	
7651	6	
7652	5	
7653	5	
7654	9	
7655	9	
7656	9	
7657	2	
7658	8	
7659	6	
7660	7	
7661	7	
7662	8	
7663	10	
7664	7	
7665	3	
7666	9	
7667	7	
7668	3	
7669	9	
7670	6	
7671	6	
7672	3	
7673	9	
7674	4	
7675	1	
7676	7	
7677	5	
7678	3	
7679	3	
7680	10	
7681	1	
7682	10	
7683	2	
7684	5	
7685	6	
7686	5	
7687	5	
7688	6	
7689	2	
7690	4	
7691	10	
7692	6	
7693	9	
7694	9	
7695	4	
7696	7	
7697	5	
7698	9	
7699	6	
7700	7	
7701	10	
7702	10	
7703	5	
7704	6	
7705	8	
7706	1	
7707	8	
7708	2	
7709	2	
7710	1	
7711	6	
7712	5	
7713	2	
7714	6	
7715	6	
7716	7	
7717	6	
7718	8	
7719	6	
7720	3	
7721	2	
7722	6	
7723	5	
7724	9	
7725	6	
7726	5	
7727	1	
7728	2	
7729	7	
7730	8	
7731	7	
7732	1	
7733	10	
7734	6	
7735	2	
7736	7	
7737	9	
7738	8	
7739	10	
7740	2	
7741	9	
7742	2	
7743	4	
7744	6	
7745	1	
7746	7	
7747	4	
7748	5	
7749	10	
7750	1	
7751	8	
7752	6	
7753	6	
7754	5	
7755	10	
7756	4	
7757	8	
7758	6	
7759	10	
7760	3	
7761	2	
7762	1	
7763	1	
7764	10	
7765	3	
7766	8	
7767	9	
7768	6	
7769	2	
7770	4	
7771	4	
7772	1	
7773	1	
7774	8	
7775	1	
7776	6	
7777	8	
7778	9	
7779	9	
7780	6	
7781	9	
7782	1	
7783	8	
7784	3	
7785	10	
7786	4	
7787	4	
7788	6	
7789	2	
7790	2	
7791	4	
7792	1	
7793	7	
7794	5	
7795	9	
7796	7	
7797	6	
7798	7	
7799	10	
7800	10	
7801	9	
7802	10	
7803	6	
7804	3	
7805	1	
7806	2	
7807	10	
7808	5	
7809	10	
7810	3	
7811	7	
7812	5	
7813	5	
7814	10	
7815	3	
7816	9	
7817	6	
7818	3	
7819	5	
7820	10	
7821	7	
7822	3	
7823	7	
7824	9	
7825	7	
7826	2	
7827	7	
7828	6	
7829	6	
7830	4	
7831	6	
7832	2	
7833	1	
7834	5	
7835	9	
7836	4	
7837	6	
7838	3	
7839	4	
7840	2	
7841	6	
7842	7	
7843	2	
7844	3	
7845	5	
7846	1	
7847	9	
7848	8	
7849	10	
7850	1	
7851	2	
7852	5	
7853	4	
7854	2	
7855	2	
7856	3	
7857	8	
7858	8	
7859	10	
7860	6	
7861	10	
7862	3	
7863	5	
7864	2	
7865	4	
7866	8	
7867	4	
7868	10	
7869	8	
7870	3	
7871	7	
7872	4	
7873	5	
7874	9	
7875	9	
7876	7	
7877	4	
7878	3	
7879	9	
7880	10	
7881	5	
7882	7	
7883	5	
7884	6	
7885	2	
7886	3	
7887	4	
7888	4	
7889	7	
7890	3	
7891	9	
7892	2	
7893	3	
7894	7	
7895	3	
7896	9	
7897	8	
7898	1	
7899	5	
7900	8	
7901	2	
7902	4	
7903	10	
7904	5	
7905	7	
7906	10	
7907	4	
7908	5	
7909	7	
7910	2	
7911	7	
7912	1	
7913	1	
7914	10	
7915	2	
7916	1	
7917	1	
7918	4	
7919	2	
7920	3	
7921	5	
7922	1	
7923	4	
7924	4	
7925	9	
7926	9	
7927	7	
7928	5	
7929	10	
7930	7	
7931	1	
7932	7	
7933	1	
7934	4	
7935	6	
7936	9	
7937	1	
7938	1	
7939	3	
7940	2	
7941	1	
7942	10	
7943	7	
7944	7	
7945	7	
7946	1	
7947	7	
7948	7	
7949	6	
7950	10	
7951	1	
7952	5	
7953	4	
7954	4	
7955	5	
7956	9	
7957	9	
7958	8	
7959	10	
7960	6	
7961	4	
7962	9	
7963	1	
7964	3	
7965	3	
7966	10	
7967	4	
7968	6	
7969	6	
7970	9	
7971	10	
7972	3	
7973	8	
7974	5	
7975	3	
7976	5	
7977	8	
7978	8	
7979	2	
7980	9	
7981	8	
7982	9	
7983	7	
7984	7	
7985	9	
7986	1	
7987	10	
7988	8	
7989	10	
7990	9	
7991	5	
7992	6	
7993	6	
7994	3	
7995	6	
7996	9	
7997	7	
7998	7	
7999	5	
8000	10	
8001	3	
8002	9	
8003	1	
8004	6	
8005	5	
8006	5	
8007	4	
8008	7	
8009	4	
8010	8	
8011	3	
8012	6	
8013	6	
8014	7	
8015	5	
8016	7	
8017	5	
8018	6	
8019	5	
8020	8	
8021	10	
8022	10	
8023	5	
8024	1	
8025	6	
8026	4	
8027	3	
8028	6	
8029	8	
8030	3	
8031	7	
8032	5	
8033	3	
8034	4	
8035	5	
8036	4	
8037	3	
8038	2	
8039	9	
8040	7	
8041	2	
8042	2	
8043	8	
8044	2	
8045	7	
8046	10	
8047	8	
8048	2	
8049	7	
8050	2	
8051	8	
8052	6	
8053	2	
8054	10	
8055	2	
8056	9	
8057	2	
8058	9	
8059	3	
8060	7	
8061	5	
8062	1	
8063	1	
8064	10	
8065	8	
8066	2	
8067	4	
8068	10	
8069	4	
8070	3	
8071	5	
8072	8	
8073	7	
8074	6	
8075	3	
8076	2	
8077	7	
8078	4	
8079	8	
8080	7	
8081	6	
8082	10	
8083	8	
8084	6	
8085	7	
8086	10	
8087	1	
8088	4	
8089	3	
8090	1	
8091	4	
8092	8	
8093	5	
8094	10	
8095	8	
8096	7	
8097	3	
8098	10	
8099	10	
8100	2	
8101	5	
8102	6	
8103	3	
8104	4	
8105	7	
8106	7	
8107	3	
8108	7	
8109	3	
8110	3	
8111	2	
8112	2	
8113	2	
8114	10	
8115	1	
8116	1	
8117	9	
8118	10	
8119	1	
8120	8	
8121	3	
8122	5	
8123	6	
8124	8	
8125	2	
8126	9	
8127	5	
8128	10	
8129	1	
8130	7	
8131	6	
8132	3	
8133	7	
8134	10	
8135	2	
8136	5	
8137	1	
8138	2	
8139	2	
8140	3	
8141	4	
8142	2	
8143	9	
8144	6	
8145	4	
8146	9	
8147	10	
8148	10	
8149	3	
8150	3	
8151	7	
8152	10	
8153	8	
8154	9	
8155	6	
8156	4	
8157	3	
8158	6	
8159	9	
8160	8	
8161	2	
8162	7	
8163	9	
8164	6	
8165	1	
8166	5	
8167	8	
8168	9	
8169	10	
8170	9	
8171	1	
8172	6	
8173	2	
8174	8	
8175	10	
8176	10	
8177	5	
8178	8	
8179	8	
8180	9	
8181	9	
8182	6	
8183	4	
8184	8	
8185	3	
8186	8	
8187	8	
8188	1	
8189	9	
8190	4	
8191	8	
8192	5	
8193	9	
8194	5	
8195	2	
8196	2	
8197	8	
8198	4	
8199	3	
8200	6	
8201	5	
8202	7	
8203	7	
8204	6	
8205	2	
8206	3	
8207	2	
8208	7	
8209	3	
8210	3	
8211	5	
8212	9	
8213	1	
8214	9	
8215	8	
8216	5	
8217	10	
8218	3	
8219	2	
8220	2	
8221	7	
8222	8	
8223	5	
8224	1	
8225	1	
8226	6	
8227	10	
8228	8	
8229	8	
8230	3	
8231	4	
8232	3	
8233	1	
8234	8	
8235	2	
8236	7	
8237	9	
8238	6	
8239	1	
8240	7	
8241	5	
8242	9	
8243	2	
8244	1	
8245	1	
8246	9	
8247	6	
8248	2	
8249	3	
8250	5	
8251	2	
8252	5	
8253	8	
8254	3	
8255	9	
8256	8	
8257	4	
8258	9	
8259	10	
8260	8	
8261	4	
8262	10	
8263	7	
8264	10	
8265	8	
8266	4	
8267	5	
8268	5	
8269	4	
8270	4	
8271	2	
8272	9	
8273	10	
8274	9	
8275	10	
8276	2	
8277	1	
8278	6	
8279	7	
8280	9	
8281	8	
8282	8	
8283	8	
8284	9	
8285	4	
8286	9	
8287	10	
8288	8	
8289	1	
8290	4	
8291	8	
8292	3	
8293	5	
8294	3	
8295	10	
8296	1	
8297	7	
8298	7	
8299	1	
8300	5	
8301	10	
8302	10	
8303	8	
8304	8	
8305	5	
8306	4	
8307	1	
8308	9	
8309	5	
8310	10	
8311	9	
8312	7	
8313	9	
8314	1	
8315	9	
8316	3	
8317	5	
8318	1	
8319	3	
8320	4	
8321	4	
8322	6	
8323	3	
8324	6	
8325	7	
8326	5	
8327	9	
8328	7	
8329	5	
8330	5	
8331	9	
8332	1	
8333	9	
8334	9	
8335	9	
8336	8	
8337	5	
8338	5	
8339	10	
8340	6	
8341	7	
8342	5	
8343	1	
8344	3	
8345	8	
8346	3	
8347	9	
8348	3	
8349	10	
8350	10	
8351	7	
8352	8	
8353	5	
8354	4	
8355	2	
8356	8	
8357	7	
8358	1	
8359	10	
8360	1	
8361	5	
8362	6	
8363	5	
8364	10	
8365	8	
8366	9	
8367	4	
8368	7	
8369	2	
8370	8	
8371	4	
8372	6	
8373	5	
8374	1	
8375	8	
8376	9	
8377	6	
8378	6	
8379	10	
8380	8	
8381	1	
8382	2	
8383	10	
8384	3	
8385	2	
8386	5	
8387	7	
8388	8	
8389	8	
8390	4	
8391	6	
8392	8	
8393	9	
8394	10	
8395	8	
8396	7	
8397	6	
8398	5	
8399	4	
8400	2	
8401	7	
8402	4	
8403	2	
8404	4	
8405	2	
8406	4	
8407	3	
8408	6	
8409	8	
8410	1	
8411	7	
8412	7	
8413	6	
8414	5	
8415	1	
8416	2	
8417	1	
8418	10	
8419	1	
8420	10	
8421	3	
8422	9	
8423	3	
8424	9	
8425	4	
8426	7	
8427	1	
8428	8	
8429	5	
8430	8	
8431	2	
8432	9	
8433	1	
8434	2	
8435	7	
8436	8	
8437	2	
8438	5	
8439	5	
8440	7	
8441	4	
8442	5	
8443	10	
8444	1	
8445	9	
8446	3	
8447	1	
8448	1	
8449	10	
8450	9	
8451	5	
8452	7	
8453	9	
8454	6	
8455	8	
8456	3	
8457	5	
8458	2	
8459	8	
8460	8	
8461	4	
8462	2	
8463	8	
8464	8	
8465	7	
8466	3	
8467	7	
8468	5	
8469	8	
8470	5	
8471	2	
8472	5	
8473	5	
8474	1	
8475	7	
8476	3	
8477	2	
8478	3	
8479	1	
8480	3	
8481	5	
8482	9	
8483	10	
8484	2	
8485	10	
8486	2	
8487	9	
8488	8	
8489	10	
8490	1	
8491	7	
8492	6	
8493	10	
8494	8	
8495	3	
8496	4	
8497	1	
8498	4	
8499	7	
8500	6	
8501	9	
8502	6	
8503	8	
8504	7	
8505	2	
8506	6	
8507	4	
8508	1	
8509	10	
8510	2	
8511	4	
8512	1	
8513	10	
8514	5	
8515	10	
8516	9	
8517	1	
8518	2	
8519	7	
8520	1	
8521	3	
8522	7	
8523	2	
8524	10	
8525	1	
8526	3	
8527	4	
8528	6	
8529	2	
8530	9	
8531	4	
8532	2	
8533	9	
8534	3	
8535	10	
8536	9	
8537	2	
8538	10	
8539	1	
8540	8	
8541	1	
8542	4	
8543	10	
8544	5	
8545	2	
8546	9	
8547	4	
8548	7	
8549	5	
8550	4	
8551	6	
8552	3	
8553	8	
8554	7	
8555	4	
8556	5	
8557	10	
8558	2	
8559	8	
8560	5	
8561	3	
8562	10	
8563	1	
8564	2	
8565	1	
8566	1	
8567	8	
8568	4	
8569	10	
8570	10	
8571	3	
8572	3	
8573	4	
8574	6	
8575	10	
8576	10	
8577	1	
8578	6	
8579	3	
8580	5	
8581	6	
8582	5	
8583	6	
8584	10	
8585	6	
8586	5	
8587	10	
8588	8	
8589	1	
8590	6	
8591	6	
8592	8	
8593	10	
8594	2	
8595	2	
8596	2	
8597	6	
8598	7	
8599	3	
8600	3	
8601	6	
8602	1	
8603	8	
8604	2	
8605	6	
8606	1	
8607	7	
8608	1	
8609	10	
8610	1	
8611	2	
8612	5	
8613	5	
8614	4	
8615	9	
8616	3	
8617	8	
8618	8	
8619	6	
8620	4	
8621	6	
8622	3	
8623	10	
8624	1	
8625	4	
8626	1	
8627	2	
8628	5	
8629	8	
8630	5	
8631	5	
8632	9	
8633	3	
8634	1	
8635	4	
8636	8	
8637	5	
8638	10	
8639	2	
8640	9	
8641	4	
8642	5	
8643	6	
8644	2	
8645	3	
8646	10	
8647	10	
8648	7	
8649	2	
8650	7	
8651	5	
8652	10	
8653	7	
8654	6	
8655	9	
8656	5	
8657	2	
8658	3	
8659	8	
8660	10	
8661	2	
8662	8	
8663	10	
8664	3	
8665	4	
8666	10	
8667	6	
8668	6	
8669	2	
8670	3	
8671	4	
8672	5	
8673	1	
8674	7	
8675	3	
8676	2	
8677	7	
8678	2	
8679	10	
8680	7	
8681	9	
8682	9	
8683	2	
8684	10	
8685	8	
8686	2	
8687	4	
8688	5	
8689	9	
8690	1	
8691	2	
8692	3	
8693	8	
8694	7	
8695	3	
8696	1	
8697	3	
8698	8	
8699	10	
8700	6	
8701	6	
8702	9	
8703	1	
8704	5	
8705	8	
8706	5	
8707	8	
8708	1	
8709	8	
8710	10	
8711	8	
8712	8	
8713	6	
8714	10	
8715	4	
8716	9	
8717	6	
8718	9	
8719	5	
8720	4	
8721	8	
8722	2	
8723	6	
8724	5	
8725	8	
8726	5	
8727	2	
8728	1	
8729	9	
8730	7	
8731	8	
8732	7	
8733	3	
8734	1	
8735	1	
8736	2	
8737	10	
8738	6	
8739	4	
8740	7	
8741	6	
8742	3	
8743	1	
8744	6	
8745	4	
8746	3	
8747	7	
8748	10	
8749	9	
8750	6	
8751	9	
8752	1	
8753	1	
8754	8	
8755	10	
8756	1	
8757	8	
8758	3	
8759	3	
8760	6	
8761	7	
8762	1	
8763	10	
8764	9	
8765	6	
8766	3	
8767	1	
8768	9	
8769	2	
8770	9	
8771	9	
8772	4	
8773	6	
8774	2	
8775	1	
8776	8	
8777	5	
8778	3	
8779	8	
8780	1	
8781	7	
8782	6	
8783	9	
8784	10	
8785	3	
8786	6	
8787	2	
8788	10	
8789	6	
8790	7	
8791	8	
8792	10	
8793	4	
8794	5	
8795	6	
8796	6	
8797	2	
8798	2	
8799	1	
8800	10	
8801	3	
8802	2	
8803	6	
8804	4	
8805	5	
8806	8	
8807	7	
8808	9	
8809	10	
8810	4	
8811	6	
8812	5	
8813	9	
8814	4	
8815	7	
8816	10	
8817	1	
8818	1	
8819	2	
8820	3	
8821	4	
8822	4	
8823	3	
8824	10	
8825	10	
8826	5	
8827	1	
8828	6	
8829	10	
8830	4	
8831	8	
8832	8	
8833	3	
8834	2	
8835	2	
8836	9	
8837	1	
8838	5	
8839	8	
8840	9	
8841	2	
8842	10	
8843	10	
8844	6	
8845	8	
8846	7	
8847	7	
8848	2	
8849	9	
8850	10	
8851	7	
8852	2	
8853	6	
8854	9	
8855	8	
8856	10	
8857	2	
8858	1	
8859	7	
8860	5	
8861	7	
8862	7	
8863	8	
8864	2	
8865	4	
8866	4	
8867	10	
8868	3	
8869	5	
8870	4	
8871	10	
8872	7	
8873	3	
8874	10	
8875	5	
8876	10	
8877	1	
8878	1	
8879	4	
8880	6	
8881	5	
8882	1	
8883	3	
8884	2	
8885	4	
8886	2	
8887	4	
8888	8	
8889	9	
8890	2	
8891	3	
8892	6	
8893	7	
8894	7	
8895	1	
8896	5	
8897	1	
8898	7	
8899	7	
8900	7	
8901	10	
8902	10	
8903	4	
8904	6	
8905	8	
8906	2	
8907	1	
8908	3	
8909	1	
8910	5	
8911	10	
8912	7	
8913	5	
8914	3	
8915	7	
8916	8	
8917	1	
8918	10	
8919	2	
8920	9	
8921	8	
8922	8	
8923	3	
8924	3	
8925	9	
8926	10	
8927	10	
8928	2	
8929	2	
8930	6	
8931	3	
8932	7	
8933	3	
8934	1	
8935	9	
8936	5	
8937	8	
8938	4	
8939	8	
8940	10	
8941	5	
8942	4	
8943	9	
8944	10	
8945	5	
8946	7	
8947	2	
8948	6	
8949	9	
8950	6	
8951	10	
8952	6	
8953	2	
8954	5	
8955	8	
8956	4	
8957	2	
8958	2	
8959	4	
8960	1	
8961	4	
8962	3	
8963	3	
8964	2	
8965	5	
8966	9	
8967	8	
8968	6	
8969	6	
8970	1	
8971	7	
8972	8	
8973	1	
8974	8	
8975	6	
8976	8	
8977	7	
8978	5	
8979	4	
8980	1	
8981	5	
8982	9	
8983	9	
8984	4	
8985	7	
8986	7	
8987	1	
8988	6	
8989	4	
8990	7	
8991	4	
8992	1	
8993	5	
8994	1	
8995	2	
8996	1	
8997	4	
8998	10	
8999	8	
9000	10	
9001	9	
9002	8	
9003	2	
9004	2	
9005	7	
9006	6	
9007	1	
9008	5	
9009	4	
9010	4	
9011	4	
9012	2	
9013	2	
9014	1	
9015	4	
9016	2	
9017	2	
9018	4	
9019	3	
9020	8	
9021	6	
9022	3	
9023	3	
9024	9	
9025	9	
9026	5	
9027	10	
9028	2	
9029	9	
9030	4	
9031	9	
9032	6	
9033	5	
9034	6	
9035	8	
9036	1	
9037	9	
9038	5	
9039	4	
9040	4	
9041	6	
9042	5	
9043	9	
9044	8	
9045	2	
9046	5	
9047	6	
9048	10	
9049	4	
9050	3	
9051	1	
9052	1	
9053	10	
9054	9	
9055	3	
9056	1	
9057	5	
9058	7	
9059	4	
9060	4	
9061	9	
9062	3	
9063	10	
9064	7	
9065	1	
9066	2	
9067	5	
9068	8	
9069	4	
9070	2	
9071	7	
9072	10	
9073	1	
9074	3	
9075	5	
9076	4	
9077	4	
9078	6	
9079	3	
9080	3	
9081	1	
9082	8	
9083	9	
9084	4	
9085	2	
9086	1	
9087	5	
9088	4	
9089	10	
9090	10	
9091	1	
9092	4	
9093	6	
9094	10	
9095	10	
9096	10	
9097	6	
9098	2	
9099	3	
9100	5	
9101	2	
9102	8	
9103	6	
9104	3	
9105	8	
9106	5	
9107	9	
9108	2	
9109	3	
9110	6	
9111	10	
9112	8	
9113	4	
9114	3	
9115	10	
9116	2	
9117	2	
9118	4	
9119	8	
9120	3	
9121	3	
9122	7	
9123	6	
9124	10	
9125	3	
9126	1	
9127	5	
9128	1	
9129	3	
9130	1	
9131	7	
9132	6	
9133	10	
9134	9	
9135	4	
9136	9	
9137	3	
9138	1	
9139	10	
9140	7	
9141	5	
9142	9	
9143	6	
9144	2	
9145	6	
9146	5	
9147	7	
9148	3	
9149	7	
9150	5	
9151	9	
9152	1	
9153	9	
9154	3	
9155	9	
9156	3	
9157	3	
9158	6	
9159	8	
9160	5	
9161	1	
9162	10	
9163	8	
9164	4	
9165	1	
9166	6	
9167	5	
9168	9	
9169	4	
9170	2	
9171	1	
9172	6	
9173	3	
9174	10	
9175	8	
9176	3	
9177	8	
9178	6	
9179	5	
9180	2	
9181	10	
9182	8	
9183	8	
9184	3	
9185	8	
9186	6	
9187	5	
9188	7	
9189	7	
9190	8	
9191	9	
9192	9	
9193	10	
9194	4	
9195	3	
9196	9	
9197	3	
9198	2	
9199	1	
9200	1	
9201	9	
9202	9	
9203	3	
9204	7	
9205	1	
9206	1	
9207	1	
9208	10	
9209	1	
9210	4	
9211	10	
9212	6	
9213	4	
9214	8	
9215	2	
9216	3	
9217	1	
9218	5	
9219	7	
9220	4	
9221	6	
9222	3	
9223	8	
9224	3	
9225	10	
9226	4	
9227	5	
9228	5	
9229	7	
9230	7	
9231	5	
9232	7	
9233	2	
9234	3	
9235	6	
9236	3	
9237	5	
9238	4	
9239	7	
9240	6	
9241	5	
9242	3	
9243	9	
9244	5	
9245	6	
9246	6	
9247	6	
9248	6	
9249	9	
9250	1	
9251	3	
9252	8	
9253	8	
9254	5	
9255	3	
9256	4	
9257	2	
9258	10	
9259	2	
9260	7	
9261	2	
9262	4	
9263	9	
9264	10	
9265	2	
9266	5	
9267	7	
9268	3	
9269	9	
9270	4	
9271	3	
9272	7	
9273	5	
9274	5	
9275	5	
9276	6	
9277	9	
9278	10	
9279	8	
9280	1	
9281	5	
9282	2	
9283	5	
9284	7	
9285	2	
9286	7	
9287	5	
9288	3	
9289	10	
9290	7	
9291	1	
9292	2	
9293	3	
9294	6	
9295	5	
9296	3	
9297	7	
9298	7	
9299	5	
9300	8	
9301	3	
9302	1	
9303	8	
9304	9	
9305	8	
9306	3	
9307	6	
9308	2	
9309	1	
9310	3	
9311	10	
9312	9	
9313	10	
9314	8	
9315	10	
9316	1	
9317	5	
9318	4	
9319	5	
9320	1	
9321	3	
9322	4	
9323	7	
9324	2	
9325	9	
9326	8	
9327	5	
9328	7	
9329	4	
9330	3	
9331	9	
9332	5	
9333	9	
9334	1	
9335	6	
9336	4	
9337	4	
9338	5	
9339	3	
9340	8	
9341	4	
9342	7	
9343	4	
9344	8	
9345	10	
9346	2	
9347	8	
9348	1	
9349	7	
9350	4	
9351	10	
9352	1	
9353	3	
9354	3	
9355	7	
9356	10	
9357	2	
9358	5	
9359	1	
9360	1	
9361	5	
9362	6	
9363	5	
9364	4	
9365	3	
9366	6	
9367	2	
9368	4	
9369	10	
9370	8	
9371	1	
9372	6	
9373	9	
9374	8	
9375	7	
9376	7	
9377	6	
9378	8	
9379	9	
9380	8	
9381	9	
9382	2	
9383	7	
9384	9	
9385	4	
9386	3	
9387	6	
9388	7	
9389	9	
9390	1	
9391	8	
9392	9	
9393	1	
9394	2	
9395	6	
9396	4	
9397	7	
9398	8	
9399	1	
9400	5	
9401	1	
9402	6	
9403	1	
9404	3	
9405	10	
9406	4	
9407	2	
9408	7	
9409	3	
9410	10	
9411	6	
9412	2	
9413	4	
9414	5	
9415	5	
9416	4	
9417	1	
9418	5	
9419	4	
9420	6	
9421	9	
9422	3	
9423	2	
9424	8	
9425	10	
9426	6	
9427	1	
9428	8	
9429	10	
9430	7	
9431	9	
9432	2	
9433	2	
9434	10	
9435	8	
9436	2	
9437	3	
9438	5	
9439	5	
9440	10	
9441	5	
9442	1	
9443	9	
9444	6	
9445	7	
9446	8	
9447	4	
9448	3	
9449	5	
9450	9	
9451	10	
9452	3	
9453	10	
9454	8	
9455	1	
9456	7	
9457	10	
9458	10	
9459	4	
9460	4	
9461	8	
9462	4	
9463	3	
9464	7	
9465	2	
9466	6	
9467	2	
9468	10	
9469	5	
9470	5	
9471	9	
9472	6	
9473	9	
9474	1	
9475	4	
9476	7	
9477	7	
9478	9	
9479	8	
9480	6	
9481	1	
9482	8	
9483	1	
9484	7	
9485	9	
9486	6	
9487	4	
9488	1	
9489	7	
9490	10	
9491	3	
9492	5	
9493	8	
9494	6	
9495	1	
9496	7	
9497	3	
9498	8	
9499	8	
9500	10	
9501	7	
9502	4	
9503	5	
9504	1	
9505	8	
9506	2	
9507	7	
9508	4	
9509	8	
9510	9	
9511	10	
9512	8	
9513	2	
9514	2	
9515	9	
9516	7	
9517	1	
9518	2	
9519	1	
9520	3	
9521	10	
9522	5	
9523	10	
9524	2	
9525	1	
9526	1	
9527	9	
9528	1	
9529	10	
9530	6	
9531	1	
9532	6	
9533	5	
9534	8	
9535	8	
9536	5	
9537	7	
9538	4	
9539	10	
9540	5	
9541	9	
9542	5	
9543	2	
9544	2	
9545	8	
9546	3	
9547	5	
9548	1	
9549	9	
9550	5	
9551	10	
9552	9	
9553	8	
9554	10	
9555	1	
9556	6	
9557	3	
9558	8	
9559	1	
9560	3	
9561	6	
9562	9	
9563	9	
9564	9	
9565	2	
9566	4	
9567	4	
9568	6	
9569	6	
9570	9	
9571	5	
9572	9	
9573	1	
9574	5	
9575	6	
9576	1	
9577	4	
9578	1	
9579	6	
9580	10	
9581	9	
9582	10	
9583	9	
9584	2	
9585	6	
9586	10	
9587	4	
9588	10	
9589	7	
9590	4	
9591	5	
9592	8	
9593	5	
9594	6	
9595	3	
9596	6	
9597	9	
9598	4	
9599	10	
9600	1	
9601	8	
9602	1	
9603	5	
9604	1	
9605	10	
9606	10	
9607	2	
9608	8	
9609	5	
9610	2	
9611	6	
9612	9	
9613	8	
9614	2	
9615	6	
9616	5	
9617	1	
9618	2	
9619	4	
9620	6	
9621	6	
9622	2	
9623	3	
9624	5	
9625	8	
9626	4	
9627	6	
9628	3	
9629	1	
9630	9	
9631	1	
9632	2	
9633	4	
9634	7	
9635	5	
9636	8	
9637	7	
9638	1	
9639	6	
9640	3	
9641	4	
9642	4	
9643	10	
9644	9	
9645	1	
9646	1	
9647	2	
9648	10	
9649	5	
9650	4	
9651	9	
9652	7	
9653	6	
9654	2	
9655	8	
9656	10	
9657	6	
9658	6	
9659	3	
9660	9	
9661	10	
9662	8	
9663	5	
9664	3	
9665	8	
9666	4	
9667	1	
9668	6	
9669	1	
9670	3	
9671	5	
9672	3	
9673	7	
9674	3	
9675	10	
9676	9	
9677	6	
9678	4	
9679	9	
9680	10	
9681	7	
9682	3	
9683	6	
9684	4	
9685	6	
9686	7	
9687	7	
9688	10	
9689	4	
9690	10	
9691	5	
9692	9	
9693	3	
9694	7	
9695	7	
9696	1	
9697	8	
9698	8	
9699	6	
9700	8	
9701	9	
9702	5	
9703	5	
9704	5	
9705	5	
9706	5	
9707	10	
9708	7	
9709	7	
9710	10	
9711	5	
9712	2	
9713	8	
9714	2	
9715	10	
9716	3	
9717	4	
9718	6	
9719	8	
9720	4	
9721	3	
9722	1	
9723	4	
9724	4	
9725	5	
9726	7	
9727	7	
9728	6	
9729	9	
9730	6	
9731	9	
9732	7	
9733	10	
9734	9	
9735	9	
9736	5	
9737	7	
9738	9	
9739	4	
9740	10	
9741	3	
9742	5	
9743	1	
9744	9	
9745	8	
9746	1	
9747	3	
9748	1	
9749	4	
9750	10	
9751	10	
9752	3	
9753	1	
9754	6	
9755	5	
9756	7	
9757	4	
9758	9	
9759	5	
9760	2	
9761	3	
9762	9	
9763	7	
9764	1	
9765	8	
9766	4	
9767	1	
9768	10	
9769	9	
9770	7	
9771	8	
9772	7	
9773	2	
9774	6	
9775	1	
9776	5	
9777	2	
9778	7	
9779	10	
9780	5	
9781	10	
9782	10	
9783	6	
9784	2	
9785	1	
9786	1	
9787	9	
9788	8	
9789	5	
9790	7	
9791	9	
9792	2	
9793	2	
9794	4	
9795	1	
9796	2	
9797	2	
9798	1	
9799	8	
9800	3	
9801	5	
9802	10	
9803	4	
9804	9	
9805	2	
9806	4	
9807	9	
9808	1	
9809	1	
9810	4	
9811	6	
9812	6	
9813	4	
9814	10	
9815	9	
9816	1	
9817	8	
9818	3	
9819	4	
9820	2	
9821	1	
9822	6	
9823	9	
9824	3	
9825	3	
9826	2	
9827	1	
9828	10	
9829	9	
9830	6	
9831	2	
9832	9	
9833	3	
9834	3	
9835	8	
9836	4	
9837	10	
9838	8	
9839	3	
9840	6	
9841	8	
9842	6	
9843	5	
9844	5	
9845	10	
9846	1	
9847	1	
9848	9	
9849	4	
9850	7	
9851	7	
9852	2	
9853	5	
9854	10	
9855	3	
9856	7	
9857	1	
9858	5	
9859	3	
9860	6	
9861	9	
9862	8	
9863	9	
9864	3	
9865	9	
9866	2	
9867	4	
9868	3	
9869	7	
9870	9	
9871	3	
9872	4	
9873	6	
9874	5	
9875	2	
9876	6	
9877	6	
9878	4	
9879	9	
9880	3	
9881	8	
9882	2	
9883	9	
9884	4	
9885	2	
9886	1	
9887	5	
9888	7	
9889	3	
9890	2	
9891	5	
9892	7	
9893	1	
9894	3	
9895	7	
9896	5	
9897	7	
9898	6	
9899	1	
9900	3	
9901	10	
9902	1	
9903	4	
9904	5	
9905	7	
9906	6	
9907	4	
9908	2	
9909	8	
9910	9	
9911	2	
9912	8	
9913	3	
9914	5	
9915	1	
9916	5	
9917	6	
9918	3	
9919	7	
9920	10	
9921	10	
9922	4	
9923	4	
9924	3	
9925	4	
9926	3	
9927	9	
9928	4	
9929	6	
9930	4	
9931	9	
9932	6	
9933	4	
9934	5	
9935	2	
9936	10	
9937	2	
9938	6	
9939	2	
9940	2	
9941	9	
9942	9	
9943	5	
9944	7	
9945	9	
9946	2	
9947	2	
9948	4	
9949	4	
9950	4	
9951	8	
9952	1	
9953	6	
9954	1	
9955	8	
9956	7	
9957	7	
9958	2	
9959	8	
9960	5	
9961	4	
9962	7	
9963	3	
9964	6	
9965	10	
9966	6	
9967	5	
9968	1	
9969	6	
9970	6	
9971	3	
9972	1	
9973	9	
9974	9	
9975	1	
9976	6	
9977	5	
9978	10	
9979	2	
9980	7	
9981	9	
9982	10	
9983	4	
9984	4	
9985	10	
9986	2	
9987	8	
9988	4	
9989	5	
9990	7	
9991	9	
9992	2	
9993	8	
9994	7	
9995	8	
9996	5	
9997	4	
9998	8	
9999	8	
10000	10	
1638
