10000
1	9	
2	1	
3	9	
4	6	
5	1	
6	7	
7	2	
8	7	
9	8	
10	1	
11	5	
12	8	
13	1	
14	7	
15	10	
16	4	
17	6	
18	1	
19	4	
20	1	
21	10	
22	9	
23	7	
24	8	
25	6	
26	7	
27	9	
28	9	
29	9	
30	10	
31	7	
32	3	
33	7	
34	10	
35	1	
36	6	
37	1	
38	8	
39	1	
40	4	
41	8	
42	7	
43	3	
44	3	
45	2	
46	2	
47	7	
48	3	
49	8	
50	7	
51	10	
52	9	
53	10	
54	9	
55	10	
56	5	
57	4	
58	2	
59	3	
60	5	
61	10	
62	8	
63	5	
64	2	
65	7	
66	1	
67	6	
68	6	
69	9	
70	7	
71	7	
72	9	
73	5	
74	8	
75	3	
76	2	
77	8	
78	6	
79	10	
80	10	
81	7	
82	3	
83	2	
84	1	
85	9	
86	3	
87	7	
88	9	
89	1	
90	10	
91	2	
92	6	
93	2	
94	9	
95	5	
96	2	
97	4	
98	4	
99	5	
100	1	
101	4	
102	5	
103	9	
104	1	
105	8	
106	5	
107	8	
108	8	
109	8	
110	8	
111	2	
112	6	
113	2	
114	10	
115	2	
116	2	
117	8	
118	4	
119	10	
120	8	
121	9	
122	2	
123	3	
124	2	
125	4	
126	4	
127	3	
128	3	
129	6	
130	4	
131	9	
132	6	
133	10	
134	7	
135	10	
136	1	
137	6	
138	2	
139	9	
140	3	
141	6	
142	10	
143	6	
144	6	
145	2	
146	7	
147	9	
148	2	
149	8	
150	3	
151	8	
152	4	
153	3	
154	1	
155	1	
156	7	
157	9	
158	6	
159	1	
160	10	
161	4	
162	6	
163	1	
164	1	
165	8	
166	3	
167	4	
168	5	
169	7	
170	8	
171	8	
172	1	
173	4	
174	5	
175	10	
176	10	
177	1	
178	8	
179	9	
180	3	
181	2	
182	10	
183	5	
184	3	
185	10	
186	4	
187	9	
188	10	
189	5	
190	10	
191	1	
192	6	
193	3	
194	5	
195	6	
196	5	
197	7	
198	9	
199	8	
200	4	
201	4	
202	2	
203	8	
204	2	
205	4	
206	6	
207	9	
208	7	
209	2	
210	6	
211	3	
212	3	
213	6	
214	10	
215	1	
216	2	
217	9	
218	7	
219	4	
220	9	
221	3	
222	2	
223	8	
224	9	
225	9	
226	3	
227	10	
228	10	
229	10	
230	2	
231	2	
232	7	
233	4	
234	7	
235	8	
236	3	
237	4	
238	4	
239	4	
240	4	
241	6	
242	8	
243	10	
244	2	
245	9	
246	2	
247	5	
248	5	
249	3	
250	7	
251	8	
252	8	
253	2	
254	9	
255	4	
256	6	
257	3	
258	5	
259	4	
260	8	
261	10	
262	8	
263	10	
264	4	
265	4	
266	3	
267	9	
268	9	
269	6	
270	6	
271	3	
272	2	
273	5	
274	4	
275	8	
276	3	
277	6	
278	9	
279	4	
280	9	
281	8	
282	1	
283	2	
284	10	
285	7	
286	2	
287	2	
288	2	
289	8	
290	4	
291	9	
292	1	
293	1	
294	3	
295	4	
296	8	
297	3	
298	3	
299	7	
300	9	
301	7	
302	6	
303	5	
304	10	
305	8	
306	5	
307	10	
308	2	
309	7	
310	6	
311	7	
312	1	
313	1	
314	7	
315	9	
316	5	
317	8	
318	10	
319	3	
320	10	
321	5	
322	2	
323	9	
324	3	
325	8	
326	4	
327	7	
328	2	
329	1	
330	8	
331	7	
332	4	
333	10	
334	9	
335	5	
336	4	
337	8	
338	4	
339	1	
340	7	
341	8	
342	7	
343	9	
344	9	
345	7	
346	6	
347	3	
348	3	
349	4	
350	4	
351	9	
352	3	
353	7	
354	5	
355	3	
356	4	
357	2	
358	2	
359	10	
360	5	
361	7	
362	2	
363	2	
364	9	
365	1	
366	10	
367	6	
368	3	
369	10	
370	2	
371	7	
372	1	
373	7	
374	3	
375	7	
376	4	
377	8	
378	3	
379	5	
380	4	
381	4	
382	2	
383	5	
384	2	
385	2	
386	4	
387	10	
388	5	
389	3	
390	1	
391	2	
392	2	
393	8	
394	9	
395	7	
396	6	
397	7	
398	1	
399	3	
400	4	
401	9	
402	6	
403	7	
404	6	
405	3	
406	5	
407	3	
408	7	
409	9	
410	1	
411	8	
412	10	
413	2	
414	10	
415	4	
416	3	
417	6	
418	5	
419	7	
420	7	
421	10	
422	6	
423	8	
424	1	
425	1	
426	10	
427	7	
428	5	
429	5	
430	5	
431	4	
432	5	
433	1	
434	6	
435	4	
436	10	
437	1	
438	9	
439	5	
440	10	
441	7	
442	1	
443	9	
444	3	
445	6	
446	3	
447	6	
448	10	
449	10	
450	2	
451	4	
452	8	
453	2	
454	2	
455	5	
456	3	
457	8	
458	7	
459	10	
460	5	
461	4	
462	1	
463	10	
464	3	
465	3	
466	3	
467	3	
468	7	
469	7	
470	10	
471	1	
472	10	
473	9	
474	3	
475	1	
476	2	
477	2	
478	5	
479	2	
480	6	
481	2	
482	6	
483	6	
484	9	
485	6	
486	4	
487	7	
488	1	
489	6	
490	10	
491	8	
492	6	
493	6	
494	8	
495	6	
496	7	
497	4	
498	8	
499	1	
500	9	
501	10	
502	9	
503	2	
504	6	
505	4	
506	8	
507	4	
508	4	
509	8	
510	6	
511	3	
512	5	
513	7	
514	1	
515	6	
516	7	
517	9	
518	8	
519	4	
520	1	
521	6	
522	10	
523	5	
524	3	
525	4	
526	9	
527	4	
528	1	
529	10	
530	6	
531	6	
532	5	
533	5	
534	8	
535	8	
536	7	
537	6	
538	1	
539	5	
540	9	
541	2	
542	9	
543	6	
544	7	
545	7	
546	3	
547	4	
548	3	
549	7	
550	3	
551	3	
552	10	
553	2	
554	8	
555	2	
556	2	
557	1	
558	2	
559	1	
560	10	
561	10	
562	10	
563	9	
564	1	
565	9	
566	8	
567	8	
568	10	
569	4	
570	4	
571	5	
572	4	
573	3	
574	1	
575	10	
576	8	
577	10	
578	2	
579	6	
580	3	
581	1	
582	4	
583	10	
584	3	
585	6	
586	5	
587	7	
588	3	
589	2	
590	6	
591	2	
592	4	
593	9	
594	6	
595	7	
596	4	
597	10	
598	1	
599	5	
600	1	
601	7	
602	10	
603	9	
604	6	
605	1	
606	6	
607	7	
608	10	
609	7	
610	6	
611	9	
612	6	
613	6	
614	9	
615	3	
616	9	
617	4	
618	2	
619	5	
620	3	
621	4	
622	4	
623	8	
624	7	
625	8	
626	4	
627	5	
628	4	
629	5	
630	9	
631	7	
632	9	
633	3	
634	6	
635	5	
636	4	
637	4	
638	7	
639	6	
640	8	
641	5	
642	2	
643	3	
644	1	
645	10	
646	5	
647	8	
648	1	
649	1	
650	9	
651	10	
652	3	
653	5	
654	6	
655	10	
656	5	
657	2	
658	7	
659	1	
660	10	
661	9	
662	2	
663	9	
664	3	
665	5	
666	7	
667	2	
668	2	
669	3	
670	3	
671	2	
672	4	
673	3	
674	8	
675	10	
676	3	
677	6	
678	1	
679	1	
680	9	
681	2	
682	5	
683	1	
684	2	
685	6	
686	9	
687	4	
688	10	
689	9	
690	7	
691	6	
692	9	
693	7	
694	6	
695	8	
696	8	
697	10	
698	4	
699	3	
700	1	
701	6	
702	3	
703	2	
704	7	
705	8	
706	10	
707	3	
708	4	
709	5	
710	4	
711	3	
712	10	
713	9	
714	7	
715	5	
716	1	
717	2	
718	6	
719	7	
720	4	
721	4	
722	8	
723	5	
724	4	
725	7	
726	8	
727	5	
728	1	
729	9	
730	3	
731	10	
732	6	
733	6	
734	5	
735	7	
736	9	
737	4	
738	9	
739	8	
740	7	
741	2	
742	7	
743	6	
744	5	
745	9	
746	8	
747	5	
748	8	
749	9	
750	4	
751	8	
752	8	
753	6	
754	7	
755	4	
756	8	
757	6	
758	4	
759	1	
760	10	
761	4	
762	1	
763	2	
764	6	
765	7	
766	10	
767	7	
768	9	
769	8	
770	10	
771	1	
772	1	
773	8	
774	4	
775	5	
776	4	
777	3	
778	5	
779	10	
780	4	
781	6	
782	2	
783	9	
784	5	
785	1	
786	7	
787	9	
788	5	
789	3	
790	2	
791	2	
792	7	
793	10	
794	7	
795	8	
796	10	
797	7	
798	9	
799	3	
800	1	
801	1	
802	6	
803	10	
804	4	
805	5	
806	2	
807	8	
808	8	
809	6	
810	4	
811	10	
812	4	
813	8	
814	8	
815	7	
816	9	
817	2	
818	4	
819	10	
820	8	
821	8	
822	7	
823	8	
824	7	
825	6	
826	1	
827	1	
828	10	
829	9	
830	9	
831	7	
832	7	
833	6	
834	10	
835	7	
836	2	
837	6	
838	8	
839	4	
840	2	
841	8	
842	2	
843	10	
844	8	
845	6	
846	1	
847	9	
848	1	
849	2	
850	7	
851	3	
852	4	
853	3	
854	2	
855	5	
856	10	
857	3	
858	10	
859	10	
860	1	
861	8	
862	10	
863	10	
864	3	
865	10	
866	1	
867	6	
868	7	
869	10	
870	6	
871	5	
872	1	
873	4	
874	2	
875	1	
876	9	
877	3	
878	2	
879	4	
880	8	
881	8	
882	5	
883	10	
884	3	
885	2	
886	10	
887	6	
888	3	
889	6	
890	7	
891	5	
892	2	
893	5	
894	9	
895	4	
896	10	
897	7	
898	5	
899	6	
900	10	
901	7	
902	7	
903	7	
904	8	
905	3	
906	2	
907	2	
908	6	
909	1	
910	3	
911	2	
912	5	
913	1	
914	7	
915	8	
916	2	
917	6	
918	10	
919	5	
920	10	
921	7	
922	3	
923	7	
924	1	
925	9	
926	7	
927	1	
928	3	
929	4	
930	5	
931	4	
932	10	
933	8	
934	8	
935	8	
936	1	
937	3	
938	7	
939	8	
940	2	
941	10	
942	3	
943	4	
944	8	
945	7	
946	3	
947	5	
948	1	
949	10	
950	10	
951	9	
952	7	
953	7	
954	9	
955	7	
956	9	
957	10	
958	4	
959	9	
960	1	
961	2	
962	4	
963	2	
964	1	
965	6	
966	8	
967	7	
968	5	
969	7	
970	4	
971	7	
972	10	
973	4	
974	1	
975	7	
976	10	
977	7	
978	6	
979	8	
980	2	
981	2	
982	1	
983	4	
984	9	
985	6	
986	9	
987	7	
988	3	
989	3	
990	6	
991	9	
992	3	
993	5	
994	4	
995	5	
996	6	
997	6	
998	2	
999	7	
1000	9	
1001	4	
1002	1	
1003	6	
1004	8	
1005	4	
1006	10	
1007	6	
1008	8	
1009	6	
1010	7	
1011	4	
1012	3	
1013	5	
1014	2	
1015	1	
1016	3	
1017	7	
1018	6	
1019	10	
1020	2	
1021	9	
1022	5	
1023	8	
1024	5	
1025	10	
1026	10	
1027	4	
1028	6	
1029	3	
1030	8	
1031	9	
1032	7	
1033	3	
1034	9	
1035	6	
1036	7	
1037	4	
1038	3	
1039	10	
1040	3	
1041	5	
1042	8	
1043	3	
1044	7	
1045	2	
1046	10	
1047	6	
1048	2	
1049	2	
1050	7	
1051	9	
1052	7	
1053	4	
1054	4	
1055	3	
1056	8	
1057	2	
1058	3	
1059	8	
1060	6	
1061	5	
1062	5	
1063	6	
1064	6	
1065	5	
1066	6	
1067	9	
1068	4	
1069	5	
1070	8	
1071	9	
1072	2	
1073	8	
1074	6	
1075	10	
1076	9	
1077	8	
1078	8	
1079	9	
1080	3	
1081	7	
1082	1	
1083	3	
1084	10	
1085	3	
1086	10	
1087	1	
1088	3	
1089	4	
1090	8	
1091	7	
1092	10	
1093	9	
1094	6	
1095	8	
1096	5	
1097	8	
1098	2	
1099	8	
1100	8	
1101	9	
1102	2	
1103	6	
1104	1	
1105	8	
1106	4	
1107	6	
1108	8	
1109	3	
1110	2	
1111	8	
1112	6	
1113	2	
1114	4	
1115	5	
1116	6	
1117	3	
1118	9	
1119	4	
1120	6	
1121	10	
1122	5	
1123	2	
1124	5	
1125	10	
1126	2	
1127	6	
1128	1	
1129	1	
1130	3	
1131	6	
1132	4	
1133	7	
1134	4	
1135	10	
1136	9	
1137	4	
1138	9	
1139	5	
1140	9	
1141	8	
1142	9	
1143	1	
1144	10	
1145	1	
1146	5	
1147	10	
1148	4	
1149	7	
1150	4	
1151	1	
1152	6	
1153	7	
1154	3	
1155	4	
1156	10	
1157	10	
1158	8	
1159	5	
1160	8	
1161	9	
1162	9	
1163	9	
1164	6	
1165	5	
1166	6	
1167	5	
1168	1	
1169	2	
1170	4	
1171	8	
1172	10	
1173	6	
1174	6	
1175	8	
1176	4	
1177	7	
1178	7	
1179	10	
1180	2	
1181	2	
1182	6	
1183	3	
1184	2	
1185	6	
1186	9	
1187	4	
1188	10	
1189	8	
1190	10	
1191	7	
1192	1	
1193	9	
1194	6	
1195	2	
1196	4	
1197	5	
1198	1	
1199	4	
1200	9	
1201	9	
1202	7	
1203	2	
1204	10	
1205	4	
1206	7	
1207	4	
1208	7	
1209	2	
1210	6	
1211	9	
1212	3	
1213	8	
1214	6	
1215	3	
1216	7	
1217	5	
1218	6	
1219	1	
1220	2	
1221	1	
1222	10	
1223	1	
1224	9	
1225	2	
1226	6	
1227	9	
1228	1	
1229	7	
1230	4	
1231	10	
1232	10	
1233	8	
1234	9	
1235	6	
1236	6	
1237	4	
1238	3	
1239	10	
1240	9	
1241	8	
1242	5	
1243	2	
1244	4	
1245	8	
1246	4	
1247	2	
1248	6	
1249	6	
1250	3	
1251	1	
1252	8	
1253	4	
1254	3	
1255	4	
1256	3	
1257	4	
1258	7	
1259	6	
1260	7	
1261	3	
1262	8	
1263	2	
1264	9	
1265	2	
1266	5	
1267	3	
1268	6	
1269	9	
1270	9	
1271	10	
1272	3	
1273	8	
1274	7	
1275	3	
1276	7	
1277	1	
1278	1	
1279	10	
1280	5	
1281	6	
1282	4	
1283	9	
1284	2	
1285	2	
1286	7	
1287	1	
1288	8	
1289	5	
1290	4	
1291	1	
1292	4	
1293	3	
1294	4	
1295	3	
1296	4	
1297	10	
1298	2	
1299	9	
1300	1	
1301	4	
1302	6	
1303	5	
1304	2	
1305	2	
1306	5	
1307	10	
1308	7	
1309	2	
1310	10	
1311	7	
1312	7	
1313	7	
1314	10	
1315	6	
1316	5	
1317	7	
1318	8	
1319	7	
1320	6	
1321	8	
1322	9	
1323	10	
1324	6	
1325	10	
1326	8	
1327	1	
1328	10	
1329	7	
1330	1	
1331	3	
1332	2	
1333	5	
1334	5	
1335	4	
1336	2	
1337	2	
1338	10	
1339	1	
1340	8	
1341	5	
1342	2	
1343	8	
1344	5	
1345	5	
1346	8	
1347	8	
1348	5	
1349	2	
1350	8	
1351	10	
1352	8	
1353	9	
1354	7	
1355	1	
1356	3	
1357	3	
1358	9	
1359	5	
1360	5	
1361	5	
1362	6	
1363	2	
1364	2	
1365	8	
1366	4	
1367	4	
1368	3	
1369	10	
1370	5	
1371	4	
1372	4	
1373	9	
1374	7	
1375	1	
1376	7	
1377	1	
1378	10	
1379	8	
1380	9	
1381	8	
1382	7	
1383	3	
1384	4	
1385	7	
1386	7	
1387	3	
1388	4	
1389	6	
1390	8	
1391	4	
1392	3	
1393	10	
1394	5	
1395	1	
1396	8	
1397	9	
1398	4	
1399	1	
1400	3	
1401	8	
1402	8	
1403	10	
1404	3	
1405	9	
1406	8	
1407	9	
1408	10	
1409	8	
1410	9	
1411	1	
1412	7	
1413	7	
1414	10	
1415	3	
1416	1	
1417	6	
1418	5	
1419	9	
1420	7	
1421	8	
1422	9	
1423	8	
1424	10	
1425	3	
1426	1	
1427	10	
1428	10	
1429	5	
1430	4	
1431	10	
1432	4	
1433	7	
1434	1	
1435	3	
1436	7	
1437	3	
1438	4	
1439	2	
1440	1	
1441	3	
1442	6	
1443	10	
1444	5	
1445	8	
1446	1	
1447	2	
1448	3	
1449	6	
1450	2	
1451	1	
1452	9	
1453	2	
1454	7	
1455	10	
1456	6	
1457	2	
1458	6	
1459	4	
1460	3	
1461	5	
1462	8	
1463	2	
1464	10	
1465	9	
1466	9	
1467	7	
1468	5	
1469	5	
1470	3	
1471	2	
1472	3	
1473	7	
1474	10	
1475	4	
1476	8	
1477	4	
1478	3	
1479	1	
1480	10	
1481	8	
1482	5	
1483	10	
1484	7	
1485	3	
1486	5	
1487	1	
1488	5	
1489	9	
1490	6	
1491	8	
1492	2	
1493	7	
1494	5	
1495	8	
1496	6	
1497	6	
1498	2	
1499	5	
1500	5	
1501	1	
1502	9	
1503	2	
1504	1	
1505	10	
1506	6	
1507	1	
1508	7	
1509	8	
1510	5	
1511	4	
1512	2	
1513	3	
1514	3	
1515	9	
1516	5	
1517	9	
1518	4	
1519	2	
1520	2	
1521	4	
1522	4	
1523	6	
1524	5	
1525	2	
1526	8	
1527	7	
1528	4	
1529	9	
1530	8	
1531	3	
1532	9	
1533	5	
1534	10	
1535	3	
1536	1	
1537	7	
1538	10	
1539	2	
1540	5	
1541	3	
1542	7	
1543	7	
1544	7	
1545	8	
1546	6	
1547	7	
1548	6	
1549	9	
1550	1	
1551	8	
1552	2	
1553	3	
1554	3	
1555	4	
1556	5	
1557	9	
1558	1	
1559	5	
1560	5	
1561	3	
1562	3	
1563	9	
1564	8	
1565	7	
1566	9	
1567	4	
1568	8	
1569	9	
1570	3	
1571	2	
1572	5	
1573	7	
1574	4	
1575	2	
1576	6	
1577	4	
1578	1	
1579	8	
1580	1	
1581	8	
1582	8	
1583	9	
1584	5	
1585	3	
1586	3	
1587	4	
1588	1	
1589	5	
1590	7	
1591	7	
1592	4	
1593	5	
1594	1	
1595	9	
1596	5	
1597	4	
1598	9	
1599	10	
1600	5	
1601	1	
1602	10	
1603	1	
1604	9	
1605	9	
1606	3	
1607	2	
1608	7	
1609	1	
1610	9	
1611	9	
1612	10	
1613	7	
1614	2	
1615	6	
1616	6	
1617	6	
1618	1	
1619	8	
1620	4	
1621	6	
1622	4	
1623	4	
1624	9	
1625	10	
1626	3	
1627	5	
1628	3	
1629	4	
1630	8	
1631	1	
1632	3	
1633	2	
1634	1	
1635	8	
1636	6	
1637	2	
1638	6	
1639	4	
1640	8	
1641	4	
1642	2	
1643	1	
1644	8	
1645	9	
1646	4	
1647	10	
1648	2	
1649	6	
1650	6	
1651	10	
1652	1	
1653	9	
1654	8	
1655	2	
1656	9	
1657	3	
1658	5	
1659	8	
1660	5	
1661	2	
1662	5	
1663	6	
1664	2	
1665	4	
1666	1	
1667	10	
1668	3	
1669	8	
1670	6	
1671	3	
1672	10	
1673	8	
1674	4	
1675	1	
1676	8	
1677	2	
1678	6	
1679	5	
1680	10	
1681	2	
1682	1	
1683	3	
1684	8	
1685	9	
1686	3	
1687	6	
1688	5	
1689	6	
1690	1	
1691	2	
1692	4	
1693	7	
1694	5	
1695	6	
1696	1	
1697	4	
1698	7	
1699	8	
1700	5	
1701	8	
1702	6	
1703	10	
1704	3	
1705	10	
1706	2	
1707	9	
1708	7	
1709	5	
1710	5	
1711	10	
1712	4	
1713	10	
1714	4	
1715	5	
1716	2	
1717	7	
1718	3	
1719	5	
1720	3	
1721	8	
1722	6	
1723	5	
1724	4	
1725	1	
1726	9	
1727	10	
1728	5	
1729	1	
1730	8	
1731	9	
1732	7	
1733	7	
1734	3	
1735	4	
1736	3	
1737	10	
1738	4	
1739	4	
1740	6	
1741	7	
1742	2	
1743	10	
1744	5	
1745	6	
1746	6	
1747	7	
1748	2	
1749	5	
1750	10	
1751	9	
1752	8	
1753	10	
1754	8	
1755	8	
1756	8	
1757	5	
1758	3	
1759	4	
1760	8	
1761	3	
1762	5	
1763	5	
1764	9	
1765	2	
1766	10	
1767	1	
1768	8	
1769	3	
1770	2	
1771	3	
1772	5	
1773	4	
1774	8	
1775	6	
1776	6	
1777	4	
1778	2	
1779	9	
1780	8	
1781	4	
1782	5	
1783	5	
1784	4	
1785	2	
1786	3	
1787	3	
1788	5	
1789	10	
1790	6	
1791	5	
1792	2	
1793	5	
1794	2	
1795	10	
1796	2	
1797	2	
1798	3	
1799	1	
1800	4	
1801	6	
1802	3	
1803	4	
1804	9	
1805	1	
1806	2	
1807	5	
1808	6	
1809	4	
1810	10	
1811	10	
1812	1	
1813	3	
1814	1	
1815	1	
1816	3	
1817	9	
1818	3	
1819	6	
1820	5	
1821	4	
1822	9	
1823	2	
1824	7	
1825	10	
1826	10	
1827	6	
1828	3	
1829	1	
1830	1	
1831	7	
1832	10	
1833	3	
1834	4	
1835	7	
1836	7	
1837	3	
1838	4	
1839	7	
1840	6	
1841	9	
1842	1	
1843	8	
1844	8	
1845	8	
1846	6	
1847	1	
1848	5	
1849	4	
1850	6	
1851	7	
1852	1	
1853	8	
1854	5	
1855	1	
1856	3	
1857	2	
1858	8	
1859	8	
1860	4	
1861	4	
1862	9	
1863	5	
1864	8	
1865	2	
1866	6	
1867	1	
1868	8	
1869	9	
1870	3	
1871	9	
1872	4	
1873	5	
1874	5	
1875	7	
1876	8	
1877	1	
1878	9	
1879	1	
1880	9	
1881	8	
1882	5	
1883	2	
1884	6	
1885	9	
1886	2	
1887	8	
1888	4	
1889	4	
1890	8	
1891	2	
1892	6	
1893	2	
1894	7	
1895	9	
1896	4	
1897	3	
1898	10	
1899	4	
1900	6	
1901	6	
1902	8	
1903	4	
1904	3	
1905	1	
1906	6	
1907	7	
1908	6	
1909	8	
1910	3	
1911	1	
1912	6	
1913	3	
1914	8	
1915	8	
1916	7	
1917	4	
1918	1	
1919	7	
1920	5	
1921	8	
1922	3	
1923	9	
1924	10	
1925	3	
1926	4	
1927	7	
1928	7	
1929	6	
1930	8	
1931	10	
1932	8	
1933	10	
1934	5	
1935	6	
1936	2	
1937	8	
1938	10	
1939	5	
1940	6	
1941	2	
1942	3	
1943	1	
1944	7	
1945	8	
1946	7	
1947	3	
1948	8	
1949	2	
1950	5	
1951	3	
1952	8	
1953	4	
1954	6	
1955	5	
1956	2	
1957	8	
1958	7	
1959	9	
1960	9	
1961	1	
1962	5	
1963	10	
1964	5	
1965	2	
1966	3	
1967	10	
1968	1	
1969	2	
1970	6	
1971	2	
1972	9	
1973	4	
1974	3	
1975	10	
1976	5	
1977	8	
1978	7	
1979	6	
1980	10	
1981	7	
1982	8	
1983	9	
1984	3	
1985	6	
1986	8	
1987	7	
1988	1	
1989	2	
1990	1	
1991	8	
1992	10	
1993	5	
1994	6	
1995	7	
1996	1	
1997	3	
1998	9	
1999	7	
2000	7	
2001	8	
2002	1	
2003	3	
2004	4	
2005	8	
2006	8	
2007	7	
2008	5	
2009	2	
2010	8	
2011	9	
2012	2	
2013	4	
2014	10	
2015	3	
2016	7	
2017	6	
2018	5	
2019	7	
2020	10	
2021	4	
2022	9	
2023	2	
2024	6	
2025	6	
2026	2	
2027	10	
2028	4	
2029	1	
2030	4	
2031	4	
2032	5	
2033	5	
2034	2	
2035	1	
2036	5	
2037	1	
2038	9	
2039	10	
2040	7	
2041	1	
2042	6	
2043	7	
2044	9	
2045	8	
2046	3	
2047	6	
2048	8	
2049	10	
2050	8	
2051	1	
2052	10	
2053	1	
2054	1	
2055	6	
2056	1	
2057	7	
2058	6	
2059	4	
2060	4	
2061	1	
2062	1	
2063	6	
2064	3	
2065	5	
2066	2	
2067	10	
2068	1	
2069	10	
2070	7	
2071	6	
2072	8	
2073	3	
2074	10	
2075	3	
2076	2	
2077	3	
2078	7	
2079	5	
2080	8	
2081	5	
2082	4	
2083	9	
2084	10	
2085	7	
2086	10	
2087	6	
2088	3	
2089	9	
2090	6	
2091	5	
2092	1	
2093	10	
2094	4	
2095	1	
2096	8	
2097	1	
2098	2	
2099	1	
2100	3	
2101	10	
2102	9	
2103	10	
2104	9	
2105	5	
2106	5	
2107	8	
2108	5	
2109	4	
2110	10	
2111	9	
2112	1	
2113	4	
2114	5	
2115	7	
2116	8	
2117	7	
2118	1	
2119	7	
2120	3	
2121	4	
2122	7	
2123	4	
2124	5	
2125	8	
2126	4	
2127	6	
2128	6	
2129	2	
2130	4	
2131	3	
2132	4	
2133	7	
2134	5	
2135	1	
2136	6	
2137	4	
2138	9	
2139	1	
2140	1	
2141	10	
2142	9	
2143	8	
2144	9	
2145	5	
2146	1	
2147	2	
2148	5	
2149	2	
2150	3	
2151	1	
2152	10	
2153	3	
2154	4	
2155	8	
2156	7	
2157	2	
2158	4	
2159	4	
2160	3	
2161	3	
2162	8	
2163	4	
2164	9	
2165	6	
2166	6	
2167	5	
2168	2	
2169	10	
2170	5	
2171	2	
2172	9	
2173	10	
2174	4	
2175	9	
2176	9	
2177	7	
2178	7	
2179	2	
2180	4	
2181	10	
2182	4	
2183	10	
2184	4	
2185	9	
2186	1	
2187	2	
2188	3	
2189	8	
2190	10	
2191	5	
2192	7	
2193	3	
2194	5	
2195	7	
2196	2	
2197	4	
2198	9	
2199	9	
2200	4	
2201	4	
2202	2	
2203	10	
2204	1	
2205	1	
2206	8	
2207	3	
2208	9	
2209	7	
2210	1	
2211	1	
2212	6	
2213	6	
2214	9	
2215	10	
2216	2	
2217	8	
2218	7	
2219	1	
2220	4	
2221	10	
2222	5	
2223	10	
2224	2	
2225	8	
2226	9	
2227	6	
2228	8	
2229	10	
2230	8	
2231	6	
2232	10	
2233	1	
2234	7	
2235	4	
2236	8	
2237	5	
2238	2	
2239	4	
2240	6	
2241	4	
2242	1	
2243	4	
2244	10	
2245	3	
2246	7	
2247	8	
2248	7	
2249	7	
2250	9	
2251	5	
2252	10	
2253	2	
2254	4	
2255	8	
2256	6	
2257	1	
2258	5	
2259	9	
2260	4	
2261	8	
2262	2	
2263	5	
2264	9	
2265	4	
2266	4	
2267	9	
2268	1	
2269	7	
2270	4	
2271	5	
2272	7	
2273	8	
2274	2	
2275	6	
2276	8	
2277	8	
2278	10	
2279	1	
2280	2	
2281	1	
2282	3	
2283	9	
2284	4	
2285	8	
2286	10	
2287	4	
2288	6	
2289	9	
2290	7	
2291	2	
2292	4	
2293	1	
2294	2	
2295	5	
2296	8	
2297	2	
2298	6	
2299	5	
2300	1	
2301	6	
2302	3	
2303	4	
2304	4	
2305	2	
2306	4	
2307	10	
2308	5	
2309	10	
2310	2	
2311	10	
2312	10	
2313	9	
2314	6	
2315	8	
2316	10	
2317	5	
2318	8	
2319	5	
2320	7	
2321	6	
2322	9	
2323	2	
2324	1	
2325	10	
2326	3	
2327	8	
2328	10	
2329	1	
2330	6	
2331	7	
2332	9	
2333	3	
2334	6	
2335	3	
2336	6	
2337	7	
2338	5	
2339	7	
2340	2	
2341	1	
2342	1	
2343	4	
2344	3	
2345	2	
2346	8	
2347	6	
2348	2	
2349	3	
2350	10	
2351	7	
2352	9	
2353	9	
2354	2	
2355	8	
2356	8	
2357	7	
2358	6	
2359	7	
2360	4	
2361	4	
2362	8	
2363	8	
2364	9	
2365	7	
2366	3	
2367	8	
2368	8	
2369	2	
2370	1	
2371	6	
2372	1	
2373	8	
2374	5	
2375	1	
2376	4	
2377	4	
2378	1	
2379	10	
2380	2	
2381	2	
2382	3	
2383	9	
2384	7	
2385	7	
2386	3	
2387	3	
2388	4	
2389	2	
2390	3	
2391	9	
2392	8	
2393	4	
2394	5	
2395	6	
2396	10	
2397	4	
2398	5	
2399	1	
2400	8	
2401	4	
2402	8	
2403	1	
2404	7	
2405	6	
2406	2	
2407	6	
2408	2	
2409	4	
2410	9	
2411	7	
2412	5	
2413	3	
2414	8	
2415	8	
2416	2	
2417	5	
2418	5	
2419	2	
2420	10	
2421	9	
2422	8	
2423	4	
2424	5	
2425	3	
2426	4	
2427	2	
2428	9	
2429	2	
2430	10	
2431	8	
2432	7	
2433	7	
2434	7	
2435	7	
2436	5	
2437	5	
2438	3	
2439	2	
2440	3	
2441	3	
2442	2	
2443	1	
2444	6	
2445	1	
2446	9	
2447	2	
2448	7	
2449	10	
2450	9	
2451	6	
2452	8	
2453	1	
2454	10	
2455	3	
2456	8	
2457	10	
2458	2	
2459	9	
2460	6	
2461	4	
2462	10	
2463	9	
2464	8	
2465	6	
2466	8	
2467	1	
2468	9	
2469	2	
2470	10	
2471	5	
2472	6	
2473	6	
2474	4	
2475	3	
2476	4	
2477	9	
2478	9	
2479	8	
2480	8	
2481	4	
2482	1	
2483	1	
2484	5	
2485	3	
2486	1	
2487	5	
2488	8	
2489	4	
2490	8	
2491	10	
2492	10	
2493	2	
2494	3	
2495	2	
2496	10	
2497	2	
2498	3	
2499	7	
2500	2	
2501	6	
2502	3	
2503	2	
2504	10	
2505	4	
2506	4	
2507	4	
2508	8	
2509	6	
2510	9	
2511	1	
2512	8	
2513	4	
2514	6	
2515	7	
2516	2	
2517	5	
2518	6	
2519	5	
2520	8	
2521	2	
2522	2	
2523	10	
2524	8	
2525	8	
2526	9	
2527	6	
2528	2	
2529	5	
2530	5	
2531	8	
2532	2	
2533	10	
2534	1	
2535	8	
2536	6	
2537	1	
2538	7	
2539	9	
2540	4	
2541	2	
2542	6	
2543	4	
2544	2	
2545	3	
2546	9	
2547	9	
2548	9	
2549	6	
2550	1	
2551	9	
2552	10	
2553	9	
2554	3	
2555	1	
2556	6	
2557	6	
2558	6	
2559	9	
2560	4	
2561	2	
2562	5	
2563	7	
2564	3	
2565	9	
2566	8	
2567	2	
2568	7	
2569	7	
2570	9	
2571	7	
2572	3	
2573	10	
2574	9	
2575	8	
2576	7	
2577	5	
2578	5	
2579	7	
2580	1	
2581	7	
2582	8	
2583	2	
2584	8	
2585	1	
2586	6	
2587	2	
2588	3	
2589	2	
2590	10	
2591	2	
2592	1	
2593	10	
2594	8	
2595	1	
2596	3	
2597	3	
2598	10	
2599	7	
2600	1	
2601	9	
2602	7	
2603	6	
2604	6	
2605	3	
2606	8	
2607	1	
2608	10	
2609	5	
2610	2	
2611	4	
2612	7	
2613	5	
2614	4	
2615	1	
2616	1	
2617	3	
2618	5	
2619	10	
2620	7	
2621	3	
2622	5	
2623	2	
2624	8	
2625	9	
2626	5	
2627	10	
2628	4	
2629	1	
2630	8	
2631	1	
2632	1	
2633	5	
2634	2	
2635	1	
2636	1	
2637	4	
2638	8	
2639	6	
2640	5	
2641	4	
2642	1	
2643	4	
2644	8	
2645	6	
2646	9	
2647	2	
2648	3	
2649	6	
2650	3	
2651	5	
2652	2	
2653	9	
2654	4	
2655	3	
2656	7	
2657	2	
2658	9	
2659	9	
2660	6	
2661	2	
2662	5	
2663	9	
2664	2	
2665	6	
2666	1	
2667	1	
2668	5	
2669	4	
2670	2	
2671	8	
2672	9	
2673	7	
2674	3	
2675	9	
2676	7	
2677	1	
2678	5	
2679	3	
2680	10	
2681	2	
2682	3	
2683	2	
2684	4	
2685	3	
2686	5	
2687	2	
2688	9	
2689	3	
2690	10	
2691	9	
2692	9	
2693	6	
2694	7	
2695	10	
2696	4	
2697	4	
2698	4	
2699	9	
2700	3	
2701	7	
2702	2	
2703	3	
2704	1	
2705	1	
2706	2	
2707	2	
2708	10	
2709	5	
2710	6	
2711	1	
2712	5	
2713	10	
2714	2	
2715	8	
2716	1	
2717	8	
2718	1	
2719	2	
2720	7	
2721	8	
2722	1	
2723	1	
2724	7	
2725	4	
2726	3	
2727	4	
2728	10	
2729	3	
2730	8	
2731	4	
2732	2	
2733	6	
2734	1	
2735	10	
2736	9	
2737	10	
2738	4	
2739	4	
2740	6	
2741	1	
2742	4	
2743	6	
2744	5	
2745	5	
2746	1	
2747	8	
2748	6	
2749	4	
2750	9	
2751	3	
2752	8	
2753	9	
2754	1	
2755	4	
2756	7	
2757	5	
2758	4	
2759	6	
2760	9	
2761	2	
2762	2	
2763	10	
2764	1	
2765	10	
2766	8	
2767	8	
2768	10	
2769	7	
2770	9	
2771	8	
2772	4	
2773	10	
2774	1	
2775	4	
2776	6	
2777	8	
2778	4	
2779	1	
2780	7	
2781	2	
2782	9	
2783	4	
2784	5	
2785	2	
2786	8	
2787	8	
2788	7	
2789	4	
2790	1	
2791	6	
2792	8	
2793	2	
2794	7	
2795	10	
2796	6	
2797	9	
2798	6	
2799	6	
2800	1	
2801	3	
2802	9	
2803	9	
2804	2	
2805	6	
2806	10	
2807	4	
2808	3	
2809	10	
2810	10	
2811	7	
2812	8	
2813	1	
2814	4	
2815	8	
2816	2	
2817	9	
2818	1	
2819	10	
2820	10	
2821	2	
2822	4	
2823	10	
2824	7	
2825	6	
2826	2	
2827	9	
2828	6	
2829	6	
2830	4	
2831	3	
2832	10	
2833	2	
2834	2	
2835	1	
2836	1	
2837	5	
2838	6	
2839	1	
2840	5	
2841	9	
2842	8	
2843	9	
2844	10	
2845	7	
2846	7	
2847	8	
2848	2	
2849	4	
2850	1	
2851	1	
2852	3	
2853	3	
2854	10	
2855	10	
2856	5	
2857	9	
2858	7	
2859	3	
2860	10	
2861	4	
2862	8	
2863	5	
2864	2	
2865	7	
2866	3	
2867	9	
2868	4	
2869	8	
2870	7	
2871	8	
2872	7	
2873	10	
2874	2	
2875	2	
2876	2	
2877	7	
2878	2	
2879	9	
2880	6	
2881	1	
2882	9	
2883	3	
2884	2	
2885	2	
2886	10	
2887	1	
2888	1	
2889	1	
2890	8	
2891	7	
2892	1	
2893	2	
2894	1	
2895	3	
2896	9	
2897	4	
2898	8	
2899	6	
2900	10	
2901	3	
2902	6	
2903	4	
2904	9	
2905	8	
2906	1	
2907	10	
2908	3	
2909	4	
2910	8	
2911	7	
2912	10	
2913	3	
2914	1	
2915	9	
2916	2	
2917	2	
2918	2	
2919	10	
2920	4	
2921	7	
2922	4	
2923	6	
2924	8	
2925	1	
2926	10	
2927	8	
2928	5	
2929	3	
2930	4	
2931	4	
2932	6	
2933	5	
2934	6	
2935	2	
2936	8	
2937	5	
2938	10	
2939	6	
2940	10	
2941	7	
2942	3	
2943	5	
2944	5	
2945	8	
2946	10	
2947	10	
2948	8	
2949	3	
2950	3	
2951	4	
2952	7	
2953	4	
2954	1	
2955	6	
2956	1	
2957	5	
2958	3	
2959	6	
2960	8	
2961	6	
2962	10	
2963	8	
2964	10	
2965	2	
2966	10	
2967	4	
2968	1	
2969	4	
2970	6	
2971	7	
2972	6	
2973	3	
2974	7	
2975	2	
2976	2	
2977	9	
2978	1	
2979	5	
2980	6	
2981	8	
2982	4	
2983	2	
2984	2	
2985	6	
2986	6	
2987	6	
2988	8	
2989	7	
2990	1	
2991	8	
2992	6	
2993	2	
2994	2	
2995	6	
2996	7	
2997	2	
2998	8	
2999	8	
3000	6	
3001	4	
3002	2	
3003	10	
3004	9	
3005	6	
3006	8	
3007	3	
3008	2	
3009	3	
3010	3	
3011	7	
3012	9	
3013	10	
3014	2	
3015	7	
3016	4	
3017	10	
3018	5	
3019	10	
3020	6	
3021	8	
3022	1	
3023	7	
3024	3	
3025	6	
3026	7	
3027	4	
3028	6	
3029	2	
3030	1	
3031	2	
3032	10	
3033	10	
3034	2	
3035	2	
3036	7	
3037	1	
3038	2	
3039	1	
3040	2	
3041	2	
3042	1	
3043	4	
3044	9	
3045	4	
3046	6	
3047	3	
3048	8	
3049	4	
3050	6	
3051	2	
3052	3	
3053	4	
3054	4	
3055	8	
3056	4	
3057	1	
3058	4	
3059	2	
3060	9	
3061	1	
3062	2	
3063	7	
3064	5	
3065	8	
3066	1	
3067	9	
3068	4	
3069	9	
3070	3	
3071	2	
3072	6	
3073	7	
3074	5	
3075	3	
3076	6	
3077	5	
3078	6	
3079	6	
3080	8	
3081	8	
3082	2	
3083	2	
3084	3	
3085	6	
3086	1	
3087	10	
3088	6	
3089	6	
3090	9	
3091	9	
3092	9	
3093	2	
3094	8	
3095	5	
3096	1	
3097	3	
3098	2	
3099	6	
3100	5	
3101	8	
3102	5	
3103	9	
3104	7	
3105	3	
3106	8	
3107	5	
3108	10	
3109	1	
3110	5	
3111	7	
3112	1	
3113	6	
3114	2	
3115	2	
3116	9	
3117	5	
3118	4	
3119	1	
3120	5	
3121	9	
3122	9	
3123	4	
3124	7	
3125	8	
3126	10	
3127	7	
3128	6	
3129	4	
3130	5	
3131	4	
3132	6	
3133	7	
3134	10	
3135	1	
3136	8	
3137	9	
3138	5	
3139	6	
3140	9	
3141	3	
3142	4	
3143	6	
3144	6	
3145	6	
3146	1	
3147	10	
3148	2	
3149	3	
3150	2	
3151	8	
3152	10	
3153	3	
3154	9	
3155	10	
3156	6	
3157	7	
3158	2	
3159	2	
3160	4	
3161	1	
3162	9	
3163	1	
3164	8	
3165	6	
3166	7	
3167	4	
3168	10	
3169	4	
3170	6	
3171	3	
3172	5	
3173	6	
3174	6	
3175	5	
3176	8	
3177	2	
3178	10	
3179	5	
3180	6	
3181	5	
3182	4	
3183	8	
3184	4	
3185	5	
3186	10	
3187	2	
3188	3	
3189	4	
3190	1	
3191	8	
3192	3	
3193	10	
3194	5	
3195	6	
3196	6	
3197	5	
3198	6	
3199	7	
3200	3	
3201	10	
3202	2	
3203	1	
3204	10	
3205	6	
3206	5	
3207	10	
3208	6	
3209	4	
3210	7	
3211	2	
3212	8	
3213	5	
3214	10	
3215	9	
3216	6	
3217	3	
3218	9	
3219	9	
3220	6	
3221	8	
3222	6	
3223	10	
3224	9	
3225	4	
3226	10	
3227	8	
3228	6	
3229	10	
3230	2	
3231	1	
3232	4	
3233	1	
3234	10	
3235	9	
3236	2	
3237	10	
3238	6	
3239	3	
3240	8	
3241	8	
3242	5	
3243	3	
3244	9	
3245	1	
3246	3	
3247	6	
3248	2	
3249	5	
3250	10	
3251	1	
3252	2	
3253	4	
3254	9	
3255	1	
3256	8	
3257	7	
3258	7	
3259	2	
3260	9	
3261	10	
3262	2	
3263	2	
3264	10	
3265	2	
3266	1	
3267	3	
3268	6	
3269	9	
3270	2	
3271	3	
3272	3	
3273	7	
3274	5	
3275	1	
3276	6	
3277	3	
3278	2	
3279	6	
3280	7	
3281	1	
3282	6	
3283	2	
3284	8	
3285	9	
3286	3	
3287	4	
3288	5	
3289	5	
3290	2	
3291	7	
3292	6	
3293	6	
3294	10	
3295	7	
3296	9	
3297	3	
3298	4	
3299	6	
3300	8	
3301	2	
3302	3	
3303	6	
3304	8	
3305	7	
3306	2	
3307	1	
3308	3	
3309	3	
3310	10	
3311	10	
3312	8	
3313	7	
3314	8	
3315	7	
3316	4	
3317	5	
3318	5	
3319	2	
3320	8	
3321	1	
3322	4	
3323	1	
3324	10	
3325	1	
3326	1	
3327	1	
3328	5	
3329	9	
3330	5	
3331	7	
3332	7	
3333	6	
3334	6	
3335	1	
3336	7	
3337	7	
3338	3	
3339	2	
3340	1	
3341	4	
3342	2	
3343	7	
3344	4	
3345	3	
3346	3	
3347	4	
3348	5	
3349	6	
3350	10	
3351	9	
3352	2	
3353	5	
3354	6	
3355	7	
3356	8	
3357	4	
3358	8	
3359	5	
3360	10	
3361	4	
3362	5	
3363	6	
3364	4	
3365	1	
3366	10	
3367	4	
3368	9	
3369	6	
3370	10	
3371	2	
3372	3	
3373	8	
3374	4	
3375	9	
3376	4	
3377	2	
3378	7	
3379	6	
3380	10	
3381	3	
3382	10	
3383	3	
3384	8	
3385	7	
3386	1	
3387	4	
3388	10	
3389	2	
3390	7	
3391	8	
3392	10	
3393	10	
3394	7	
3395	7	
3396	3	
3397	4	
3398	4	
3399	2	
3400	3	
3401	10	
3402	4	
3403	4	
3404	7	
3405	7	
3406	3	
3407	4	
3408	6	
3409	6	
3410	5	
3411	1	
3412	8	
3413	6	
3414	8	
3415	4	
3416	4	
3417	1	
3418	3	
3419	2	
3420	3	
3421	1	
3422	1	
3423	10	
3424	7	
3425	2	
3426	1	
3427	3	
3428	1	
3429	4	
3430	7	
3431	7	
3432	10	
3433	2	
3434	4	
3435	7	
3436	2	
3437	2	
3438	10	
3439	2	
3440	7	
3441	1	
3442	2	
3443	9	
3444	8	
3445	8	
3446	3	
3447	1	
3448	1	
3449	9	
3450	5	
3451	6	
3452	6	
3453	5	
3454	8	
3455	2	
3456	8	
3457	7	
3458	8	
3459	6	
3460	3	
3461	3	
3462	4	
3463	9	
3464	7	
3465	7	
3466	2	
3467	10	
3468	7	
3469	10	
3470	7	
3471	2	
3472	2	
3473	8	
3474	10	
3475	9	
3476	4	
3477	1	
3478	3	
3479	10	
3480	10	
3481	2	
3482	2	
3483	1	
3484	3	
3485	9	
3486	10	
3487	5	
3488	9	
3489	6	
3490	7	
3491	6	
3492	4	
3493	6	
3494	1	
3495	8	
3496	6	
3497	5	
3498	9	
3499	5	
3500	1	
3501	10	
3502	5	
3503	6	
3504	1	
3505	9	
3506	5	
3507	8	
3508	7	
3509	3	
3510	8	
3511	10	
3512	1	
3513	8	
3514	4	
3515	6	
3516	3	
3517	5	
3518	5	
3519	6	
3520	8	
3521	10	
3522	1	
3523	8	
3524	6	
3525	8	
3526	8	
3527	1	
3528	10	
3529	3	
3530	2	
3531	7	
3532	7	
3533	7	
3534	9	
3535	3	
3536	3	
3537	8	
3538	5	
3539	5	
3540	6	
3541	1	
3542	9	
3543	5	
3544	7	
3545	7	
3546	10	
3547	4	
3548	1	
3549	9	
3550	1	
3551	6	
3552	4	
3553	3	
3554	3	
3555	10	
3556	6	
3557	10	
3558	2	
3559	1	
3560	2	
3561	6	
3562	5	
3563	5	
3564	7	
3565	2	
3566	2	
3567	4	
3568	7	
3569	5	
3570	4	
3571	1	
3572	7	
3573	2	
3574	4	
3575	8	
3576	9	
3577	8	
3578	5	
3579	3	
3580	6	
3581	6	
3582	4	
3583	1	
3584	7	
3585	6	
3586	5	
3587	10	
3588	7	
3589	7	
3590	7	
3591	7	
3592	6	
3593	5	
3594	7	
3595	3	
3596	10	
3597	3	
3598	5	
3599	9	
3600	1	
3601	2	
3602	6	
3603	6	
3604	7	
3605	1	
3606	1	
3607	3	
3608	10	
3609	5	
3610	2	
3611	10	
3612	1	
3613	5	
3614	8	
3615	1	
3616	3	
3617	4	
3618	10	
3619	2	
3620	7	
3621	5	
3622	1	
3623	4	
3624	3	
3625	7	
3626	10	
3627	5	
3628	5	
3629	8	
3630	2	
3631	1	
3632	6	
3633	8	
3634	4	
3635	5	
3636	5	
3637	1	
3638	7	
3639	10	
3640	9	
3641	6	
3642	4	
3643	10	
3644	10	
3645	6	
3646	7	
3647	3	
3648	10	
3649	2	
3650	5	
3651	6	
3652	8	
3653	9	
3654	6	
3655	4	
3656	2	
3657	8	
3658	2	
3659	4	
3660	3	
3661	1	
3662	2	
3663	1	
3664	2	
3665	1	
3666	8	
3667	9	
3668	8	
3669	4	
3670	3	
3671	7	
3672	10	
3673	5	
3674	3	
3675	9	
3676	5	
3677	6	
3678	6	
3679	9	
3680	8	
3681	5	
3682	10	
3683	5	
3684	6	
3685	10	
3686	2	
3687	4	
3688	10	
3689	1	
3690	9	
3691	10	
3692	10	
3693	3	
3694	2	
3695	2	
3696	5	
3697	10	
3698	7	
3699	4	
3700	3	
3701	9	
3702	8	
3703	6	
3704	8	
3705	8	
3706	2	
3707	8	
3708	10	
3709	2	
3710	7	
3711	10	
3712	4	
3713	1	
3714	10	
3715	1	
3716	6	
3717	8	
3718	6	
3719	7	
3720	4	
3721	3	
3722	5	
3723	5	
3724	5	
3725	10	
3726	10	
3727	1	
3728	5	
3729	5	
3730	2	
3731	7	
3732	4	
3733	9	
3734	7	
3735	7	
3736	2	
3737	9	
3738	6	
3739	10	
3740	8	
3741	1	
3742	7	
3743	10	
3744	10	
3745	9	
3746	6	
3747	2	
3748	5	
3749	4	
3750	8	
3751	9	
3752	10	
3753	9	
3754	8	
3755	4	
3756	7	
3757	9	
3758	7	
3759	6	
3760	10	
3761	7	
3762	3	
3763	8	
3764	8	
3765	1	
3766	1	
3767	9	
3768	3	
3769	9	
3770	7	
3771	6	
3772	9	
3773	5	
3774	3	
3775	7	
3776	9	
3777	6	
3778	5	
3779	5	
3780	5	
3781	7	
3782	7	
3783	9	
3784	9	
3785	8	
3786	1	
3787	10	
3788	4	
3789	3	
3790	2	
3791	2	
3792	8	
3793	10	
3794	5	
3795	7	
3796	4	
3797	2	
3798	6	
3799	9	
3800	6	
3801	1	
3802	7	
3803	7	
3804	6	
3805	9	
3806	7	
3807	6	
3808	6	
3809	8	
3810	1	
3811	3	
3812	9	
3813	4	
3814	10	
3815	4	
3816	6	
3817	8	
3818	3	
3819	8	
3820	6	
3821	2	
3822	10	
3823	7	
3824	4	
3825	2	
3826	9	
3827	6	
3828	4	
3829	6	
3830	6	
3831	9	
3832	3	
3833	9	
3834	10	
3835	1	
3836	3	
3837	2	
3838	10	
3839	8	
3840	3	
3841	8	
3842	1	
3843	7	
3844	8	
3845	10	
3846	1	
3847	7	
3848	7	
3849	3	
3850	10	
3851	7	
3852	9	
3853	7	
3854	2	
3855	4	
3856	7	
3857	1	
3858	3	
3859	4	
3860	1	
3861	3	
3862	3	
3863	2	
3864	6	
3865	2	
3866	10	
3867	9	
3868	5	
3869	6	
3870	9	
3871	4	
3872	3	
3873	3	
3874	10	
3875	4	
3876	3	
3877	5	
3878	5	
3879	9	
3880	7	
3881	2	
3882	9	
3883	5	
3884	3	
3885	7	
3886	8	
3887	7	
3888	5	
3889	8	
3890	10	
3891	4	
3892	2	
3893	8	
3894	2	
3895	1	
3896	4	
3897	9	
3898	7	
3899	2	
3900	8	
3901	2	
3902	10	
3903	3	
3904	7	
3905	8	
3906	8	
3907	9	
3908	8	
3909	4	
3910	9	
3911	6	
3912	1	
3913	3	
3914	3	
3915	1	
3916	2	
3917	7	
3918	8	
3919	6	
3920	3	
3921	2	
3922	3	
3923	9	
3924	10	
3925	9	
3926	5	
3927	5	
3928	5	
3929	3	
3930	6	
3931	7	
3932	4	
3933	7	
3934	2	
3935	7	
3936	5	
3937	3	
3938	7	
3939	8	
3940	2	
3941	10	
3942	1	
3943	5	
3944	10	
3945	4	
3946	9	
3947	10	
3948	5	
3949	8	
3950	6	
3951	1	
3952	10	
3953	8	
3954	7	
3955	4	
3956	8	
3957	5	
3958	5	
3959	6	
3960	4	
3961	5	
3962	1	
3963	10	
3964	3	
3965	4	
3966	6	
3967	5	
3968	6	
3969	5	
3970	8	
3971	5	
3972	8	
3973	5	
3974	10	
3975	7	
3976	5	
3977	2	
3978	1	
3979	3	
3980	10	
3981	6	
3982	1	
3983	4	
3984	1	
3985	3	
3986	3	
3987	10	
3988	6	
3989	2	
3990	1	
3991	9	
3992	3	
3993	1	
3994	4	
3995	4	
3996	7	
3997	4	
3998	3	
3999	2	
4000	3	
4001	1	
4002	1	
4003	2	
4004	1	
4005	2	
4006	9	
4007	4	
4008	2	
4009	8	
4010	8	
4011	1	
4012	10	
4013	6	
4014	3	
4015	4	
4016	8	
4017	1	
4018	9	
4019	3	
4020	5	
4021	8	
4022	7	
4023	5	
4024	8	
4025	8	
4026	6	
4027	6	
4028	5	
4029	9	
4030	10	
4031	9	
4032	1	
4033	5	
4034	4	
4035	10	
4036	8	
4037	2	
4038	1	
4039	3	
4040	6	
4041	8	
4042	9	
4043	4	
4044	2	
4045	1	
4046	7	
4047	7	
4048	4	
4049	7	
4050	8	
4051	3	
4052	10	
4053	2	
4054	4	
4055	7	
4056	4	
4057	9	
4058	5	
4059	4	
4060	1	
4061	8	
4062	9	
4063	4	
4064	5	
4065	1	
4066	4	
4067	3	
4068	5	
4069	8	
4070	7	
4071	2	
4072	4	
4073	1	
4074	3	
4075	9	
4076	8	
4077	7	
4078	10	
4079	1	
4080	10	
4081	10	
4082	9	
4083	9	
4084	8	
4085	3	
4086	9	
4087	2	
4088	4	
4089	10	
4090	1	
4091	9	
4092	3	
4093	6	
4094	1	
4095	6	
4096	1	
4097	10	
4098	3	
4099	8	
4100	4	
4101	5	
4102	1	
4103	7	
4104	2	
4105	10	
4106	9	
4107	5	
4108	7	
4109	5	
4110	4	
4111	3	
4112	1	
4113	10	
4114	9	
4115	7	
4116	7	
4117	8	
4118	5	
4119	10	
4120	5	
4121	10	
4122	10	
4123	4	
4124	10	
4125	6	
4126	3	
4127	8	
4128	2	
4129	8	
4130	9	
4131	10	
4132	6	
4133	9	
4134	6	
4135	8	
4136	1	
4137	10	
4138	1	
4139	2	
4140	2	
4141	6	
4142	10	
4143	9	
4144	2	
4145	2	
4146	10	
4147	1	
4148	2	
4149	2	
4150	5	
4151	2	
4152	8	
4153	4	
4154	2	
4155	8	
4156	5	
4157	4	
4158	4	
4159	4	
4160	5	
4161	5	
4162	4	
4163	1	
4164	7	
4165	3	
4166	5	
4167	2	
4168	10	
4169	7	
4170	9	
4171	9	
4172	1	
4173	9	
4174	7	
4175	3	
4176	3	
4177	1	
4178	5	
4179	2	
4180	10	
4181	3	
4182	7	
4183	7	
4184	9	
4185	9	
4186	4	
4187	8	
4188	9	
4189	3	
4190	5	
4191	6	
4192	10	
4193	2	
4194	8	
4195	6	
4196	8	
4197	6	
4198	6	
4199	10	
4200	10	
4201	8	
4202	10	
4203	3	
4204	5	
4205	2	
4206	8	
4207	1	
4208	5	
4209	4	
4210	7	
4211	5	
4212	7	
4213	8	
4214	6	
4215	5	
4216	1	
4217	7	
4218	8	
4219	2	
4220	9	
4221	8	
4222	10	
4223	10	
4224	8	
4225	2	
4226	10	
4227	2	
4228	5	
4229	4	
4230	6	
4231	3	
4232	9	
4233	6	
4234	2	
4235	2	
4236	3	
4237	6	
4238	10	
4239	1	
4240	7	
4241	2	
4242	4	
4243	4	
4244	2	
4245	6	
4246	1	
4247	5	
4248	3	
4249	9	
4250	10	
4251	5	
4252	10	
4253	7	
4254	10	
4255	3	
4256	2	
4257	8	
4258	4	
4259	4	
4260	8	
4261	2	
4262	2	
4263	2	
4264	10	
4265	9	
4266	8	
4267	1	
4268	8	
4269	10	
4270	5	
4271	2	
4272	1	
4273	9	
4274	2	
4275	8	
4276	8	
4277	6	
4278	6	
4279	6	
4280	4	
4281	4	
4282	9	
4283	10	
4284	8	
4285	7	
4286	10	
4287	6	
4288	5	
4289	5	
4290	8	
4291	5	
4292	8	
4293	9	
4294	3	
4295	2	
4296	6	
4297	10	
4298	2	
4299	5	
4300	1	
4301	2	
4302	10	
4303	4	
4304	8	
4305	2	
4306	1	
4307	8	
4308	2	
4309	3	
4310	2	
4311	10	
4312	10	
4313	9	
4314	9	
4315	1	
4316	3	
4317	5	
4318	6	
4319	7	
4320	6	
4321	1	
4322	5	
4323	9	
4324	8	
4325	6	
4326	4	
4327	5	
4328	8	
4329	9	
4330	4	
4331	7	
4332	4	
4333	10	
4334	10	
4335	3	
4336	3	
4337	6	
4338	8	
4339	7	
4340	7	
4341	9	
4342	10	
4343	2	
4344	8	
4345	1	
4346	2	
4347	1	
4348	9	
4349	8	
4350	1	
4351	9	
4352	7	
4353	5	
4354	4	
4355	5	
4356	9	
4357	8	
4358	1	
4359	5	
4360	7	
4361	10	
4362	9	
4363	10	
4364	8	
4365	9	
4366	5	
4367	8	
4368	6	
4369	7	
4370	10	
4371	9	
4372	3	
4373	10	
4374	4	
4375	8	
4376	9	
4377	4	
4378	6	
4379	7	
4380	7	
4381	1	
4382	2	
4383	3	
4384	3	
4385	4	
4386	2	
4387	4	
4388	2	
4389	1	
4390	5	
4391	3	
4392	5	
4393	5	
4394	10	
4395	9	
4396	4	
4397	7	
4398	4	
4399	1	
4400	4	
4401	8	
4402	9	
4403	1	
4404	1	
4405	7	
4406	9	
4407	10	
4408	5	
4409	7	
4410	1	
4411	10	
4412	9	
4413	7	
4414	7	
4415	2	
4416	7	
4417	1	
4418	10	
4419	4	
4420	5	
4421	4	
4422	7	
4423	9	
4424	3	
4425	9	
4426	6	
4427	10	
4428	2	
4429	6	
4430	4	
4431	4	
4432	1	
4433	6	
4434	4	
4435	4	
4436	4	
4437	2	
4438	9	
4439	10	
4440	4	
4441	7	
4442	6	
4443	3	
4444	4	
4445	4	
4446	9	
4447	2	
4448	3	
4449	7	
4450	9	
4451	10	
4452	3	
4453	2	
4454	6	
4455	1	
4456	5	
4457	5	
4458	4	
4459	7	
4460	1	
4461	3	
4462	4	
4463	3	
4464	5	
4465	2	
4466	2	
4467	10	
4468	8	
4469	6	
4470	4	
4471	8	
4472	6	
4473	8	
4474	5	
4475	2	
4476	5	
4477	6	
4478	1	
4479	6	
4480	2	
4481	8	
4482	7	
4483	9	
4484	5	
4485	3	
4486	4	
4487	9	
4488	4	
4489	2	
4490	2	
4491	10	
4492	9	
4493	5	
4494	1	
4495	10	
4496	10	
4497	1	
4498	8	
4499	6	
4500	6	
4501	7	
4502	10	
4503	2	
4504	8	
4505	1	
4506	3	
4507	6	
4508	8	
4509	8	
4510	8	
4511	5	
4512	7	
4513	7	
4514	5	
4515	10	
4516	10	
4517	10	
4518	4	
4519	9	
4520	6	
4521	9	
4522	7	
4523	4	
4524	10	
4525	5	
4526	3	
4527	4	
4528	10	
4529	9	
4530	10	
4531	1	
4532	1	
4533	9	
4534	3	
4535	9	
4536	1	
4537	9	
4538	6	
4539	2	
4540	8	
4541	8	
4542	5	
4543	2	
4544	7	
4545	1	
4546	4	
4547	6	
4548	9	
4549	4	
4550	5	
4551	6	
4552	7	
4553	3	
4554	8	
4555	3	
4556	2	
4557	6	
4558	9	
4559	5	
4560	9	
4561	1	
4562	1	
4563	4	
4564	10	
4565	3	
4566	3	
4567	6	
4568	7	
4569	9	
4570	1	
4571	6	
4572	2	
4573	6	
4574	2	
4575	1	
4576	9	
4577	6	
4578	8	
4579	9	
4580	2	
4581	8	
4582	3	
4583	10	
4584	7	
4585	4	
4586	8	
4587	6	
4588	4	
4589	3	
4590	4	
4591	1	
4592	4	
4593	2	
4594	10	
4595	4	
4596	10	
4597	2	
4598	5	
4599	7	
4600	3	
4601	2	
4602	2	
4603	10	
4604	5	
4605	9	
4606	10	
4607	5	
4608	1	
4609	7	
4610	10	
4611	10	
4612	1	
4613	5	
4614	6	
4615	8	
4616	6	
4617	7	
4618	4	
4619	6	
4620	7	
4621	2	
4622	2	
4623	1	
4624	4	
4625	8	
4626	9	
4627	9	
4628	1	
4629	1	
4630	8	
4631	9	
4632	4	
4633	4	
4634	7	
4635	2	
4636	4	
4637	8	
4638	2	
4639	5	
4640	10	
4641	9	
4642	3	
4643	4	
4644	7	
4645	7	
4646	6	
4647	6	
4648	5	
4649	7	
4650	10	
4651	9	
4652	10	
4653	2	
4654	2	
4655	1	
4656	5	
4657	6	
4658	3	
4659	4	
4660	10	
4661	7	
4662	8	
4663	1	
4664	9	
4665	2	
4666	2	
4667	2	
4668	7	
4669	7	
4670	5	
4671	7	
4672	3	
4673	6	
4674	4	
4675	3	
4676	6	
4677	5	
4678	1	
4679	3	
4680	4	
4681	2	
4682	5	
4683	4	
4684	8	
4685	4	
4686	7	
4687	3	
4688	6	
4689	5	
4690	1	
4691	6	
4692	8	
4693	8	
4694	4	
4695	10	
4696	4	
4697	5	
4698	4	
4699	2	
4700	1	
4701	3	
4702	10	
4703	5	
4704	7	
4705	9	
4706	7	
4707	8	
4708	1	
4709	2	
4710	7	
4711	3	
4712	9	
4713	7	
4714	2	
4715	10	
4716	8	
4717	10	
4718	10	
4719	5	
4720	4	
4721	8	
4722	10	
4723	10	
4724	3	
4725	5	
4726	5	
4727	8	
4728	2	
4729	3	
4730	8	
4731	1	
4732	7	
4733	1	
4734	1	
4735	7	
4736	6	
4737	6	
4738	5	
4739	6	
4740	8	
4741	10	
4742	1	
4743	10	
4744	5	
4745	3	
4746	1	
4747	3	
4748	6	
4749	3	
4750	10	
4751	7	
4752	8	
4753	8	
4754	3	
4755	7	
4756	10	
4757	7	
4758	6	
4759	4	
4760	4	
4761	3	
4762	7	
4763	7	
4764	5	
4765	4	
4766	5	
4767	7	
4768	7	
4769	5	
4770	7	
4771	8	
4772	3	
4773	2	
4774	3	
4775	8	
4776	2	
4777	6	
4778	7	
4779	4	
4780	10	
4781	6	
4782	9	
4783	6	
4784	8	
4785	7	
4786	10	
4787	5	
4788	10	
4789	9	
4790	3	
4791	3	
4792	10	
4793	6	
4794	2	
4795	8	
4796	10	
4797	10	
4798	7	
4799	1	
4800	1	
4801	6	
4802	4	
4803	8	
4804	7	
4805	1	
4806	4	
4807	10	
4808	10	
4809	1	
4810	9	
4811	3	
4812	5	
4813	2	
4814	6	
4815	8	
4816	7	
4817	10	
4818	6	
4819	10	
4820	4	
4821	6	
4822	5	
4823	4	
4824	1	
4825	9	
4826	7	
4827	3	
4828	1	
4829	10	
4830	9	
4831	4	
4832	2	
4833	1	
4834	1	
4835	9	
4836	5	
4837	2	
4838	9	
4839	3	
4840	7	
4841	5	
4842	1	
4843	6	
4844	3	
4845	5	
4846	9	
4847	7	
4848	6	
4849	2	
4850	6	
4851	7	
4852	7	
4853	10	
4854	1	
4855	2	
4856	3	
4857	7	
4858	5	
4859	2	
4860	7	
4861	9	
4862	10	
4863	6	
4864	2	
4865	4	
4866	4	
4867	6	
4868	6	
4869	6	
4870	6	
4871	2	
4872	7	
4873	7	
4874	8	
4875	3	
4876	8	
4877	2	
4878	5	
4879	10	
4880	10	
4881	2	
4882	7	
4883	8	
4884	5	
4885	5	
4886	4	
4887	1	
4888	10	
4889	10	
4890	1	
4891	7	
4892	4	
4893	3	
4894	3	
4895	6	
4896	7	
4897	8	
4898	2	
4899	3	
4900	3	
4901	5	
4902	10	
4903	6	
4904	7	
4905	6	
4906	4	
4907	4	
4908	1	
4909	10	
4910	2	
4911	3	
4912	2	
4913	4	
4914	2	
4915	5	
4916	9	
4917	10	
4918	9	
4919	4	
4920	6	
4921	7	
4922	5	
4923	8	
4924	5	
4925	1	
4926	6	
4927	9	
4928	3	
4929	4	
4930	8	
4931	2	
4932	4	
4933	2	
4934	2	
4935	1	
4936	7	
4937	6	
4938	1	
4939	5	
4940	5	
4941	6	
4942	6	
4943	8	
4944	6	
4945	3	
4946	1	
4947	1	
4948	6	
4949	5	
4950	4	
4951	2	
4952	8	
4953	3	
4954	8	
4955	9	
4956	7	
4957	8	
4958	10	
4959	9	
4960	4	
4961	8	
4962	8	
4963	10	
4964	6	
4965	4	
4966	8	
4967	2	
4968	1	
4969	4	
4970	9	
4971	1	
4972	2	
4973	5	
4974	9	
4975	7	
4976	5	
4977	8	
4978	2	
4979	5	
4980	2	
4981	5	
4982	2	
4983	9	
4984	7	
4985	2	
4986	9	
4987	5	
4988	10	
4989	3	
4990	8	
4991	5	
4992	9	
4993	3	
4994	7	
4995	7	
4996	8	
4997	3	
4998	5	
4999	10	
5000	4	
5001	9	
5002	6	
5003	1	
5004	5	
5005	3	
5006	7	
5007	6	
5008	2	
5009	9	
5010	10	
5011	9	
5012	3	
5013	6	
5014	4	
5015	6	
5016	2	
5017	3	
5018	7	
5019	2	
5020	4	
5021	1	
5022	7	
5023	10	
5024	4	
5025	8	
5026	6	
5027	3	
5028	1	
5029	10	
5030	2	
5031	3	
5032	6	
5033	10	
5034	6	
5035	3	
5036	3	
5037	1	
5038	7	
5039	3	
5040	7	
5041	5	
5042	3	
5043	2	
5044	7	
5045	10	
5046	6	
5047	6	
5048	10	
5049	3	
5050	3	
5051	10	
5052	6	
5053	8	
5054	4	
5055	8	
5056	3	
5057	6	
5058	4	
5059	3	
5060	2	
5061	4	
5062	2	
5063	4	
5064	3	
5065	1	
5066	6	
5067	4	
5068	1	
5069	6	
5070	3	
5071	9	
5072	9	
5073	1	
5074	1	
5075	1	
5076	8	
5077	6	
5078	3	
5079	6	
5080	6	
5081	9	
5082	1	
5083	4	
5084	2	
5085	7	
5086	5	
5087	4	
5088	1	
5089	3	
5090	6	
5091	1	
5092	5	
5093	4	
5094	2	
5095	2	
5096	5	
5097	1	
5098	1	
5099	3	
5100	7	
5101	10	
5102	3	
5103	9	
5104	1	
5105	4	
5106	5	
5107	5	
5108	6	
5109	5	
5110	8	
5111	8	
5112	4	
5113	6	
5114	6	
5115	2	
5116	6	
5117	3	
5118	3	
5119	10	
5120	2	
5121	10	
5122	2	
5123	5	
5124	3	
5125	1	
5126	6	
5127	6	
5128	8	
5129	3	
5130	3	
5131	5	
5132	8	
5133	4	
5134	2	
5135	1	
5136	1	
5137	7	
5138	8	
5139	6	
5140	8	
5141	2	
5142	4	
5143	1	
5144	3	
5145	8	
5146	7	
5147	6	
5148	7	
5149	5	
5150	1	
5151	2	
5152	4	
5153	10	
5154	1	
5155	1	
5156	7	
5157	9	
5158	7	
5159	7	
5160	5	
5161	3	
5162	7	
5163	8	
5164	3	
5165	9	
5166	4	
5167	2	
5168	4	
5169	7	
5170	10	
5171	3	
5172	2	
5173	6	
5174	2	
5175	4	
5176	4	
5177	6	
5178	8	
5179	4	
5180	7	
5181	9	
5182	2	
5183	10	
5184	1	
5185	2	
5186	8	
5187	9	
5188	5	
5189	7	
5190	6	
5191	7	
5192	10	
5193	7	
5194	10	
5195	7	
5196	8	
5197	6	
5198	5	
5199	9	
5200	2	
5201	10	
5202	6	
5203	5	
5204	4	
5205	1	
5206	2	
5207	1	
5208	3	
5209	7	
5210	10	
5211	6	
5212	4	
5213	10	
5214	9	
5215	10	
5216	7	
5217	1	
5218	1	
5219	3	
5220	10	
5221	4	
5222	3	
5223	5	
5224	7	
5225	9	
5226	9	
5227	5	
5228	2	
5229	5	
5230	3	
5231	3	
5232	3	
5233	6	
5234	1	
5235	6	
5236	5	
5237	4	
5238	2	
5239	6	
5240	3	
5241	1	
5242	10	
5243	7	
5244	8	
5245	1	
5246	6	
5247	4	
5248	7	
5249	7	
5250	3	
5251	10	
5252	1	
5253	10	
5254	9	
5255	6	
5256	3	
5257	5	
5258	4	
5259	9	
5260	2	
5261	1	
5262	8	
5263	3	
5264	5	
5265	2	
5266	6	
5267	3	
5268	1	
5269	2	
5270	10	
5271	6	
5272	7	
5273	9	
5274	5	
5275	1	
5276	9	
5277	6	
5278	6	
5279	10	
5280	1	
5281	1	
5282	9	
5283	3	
5284	8	
5285	2	
5286	7	
5287	8	
5288	1	
5289	3	
5290	2	
5291	2	
5292	9	
5293	1	
5294	7	
5295	5	
5296	10	
5297	4	
5298	9	
5299	5	
5300	2	
5301	2	
5302	1	
5303	3	
5304	9	
5305	2	
5306	4	
5307	4	
5308	1	
5309	5	
5310	8	
5311	6	
5312	10	
5313	2	
5314	8	
5315	8	
5316	2	
5317	9	
5318	6	
5319	8	
5320	10	
5321	4	
5322	10	
5323	6	
5324	6	
5325	1	
5326	6	
5327	10	
5328	2	
5329	10	
5330	9	
5331	9	
5332	6	
5333	5	
5334	7	
5335	9	
5336	4	
5337	1	
5338	1	
5339	9	
5340	9	
5341	10	
5342	4	
5343	5	
5344	1	
5345	8	
5346	1	
5347	4	
5348	4	
5349	6	
5350	7	
5351	4	
5352	3	
5353	8	
5354	7	
5355	5	
5356	9	
5357	5	
5358	1	
5359	5	
5360	2	
5361	4	
5362	1	
5363	10	
5364	1	
5365	3	
5366	1	
5367	5	
5368	3	
5369	4	
5370	7	
5371	2	
5372	6	
5373	5	
5374	5	
5375	3	
5376	4	
5377	2	
5378	4	
5379	8	
5380	9	
5381	10	
5382	4	
5383	4	
5384	9	
5385	10	
5386	8	
5387	6	
5388	5	
5389	6	
5390	1	
5391	10	
5392	3	
5393	4	
5394	1	
5395	6	
5396	6	
5397	6	
5398	7	
5399	10	
5400	7	
5401	2	
5402	1	
5403	1	
5404	8	
5405	2	
5406	6	
5407	3	
5408	2	
5409	5	
5410	2	
5411	9	
5412	6	
5413	1	
5414	4	
5415	10	
5416	10	
5417	3	
5418	1	
5419	1	
5420	9	
5421	2	
5422	2	
5423	6	
5424	5	
5425	1	
5426	6	
5427	2	
5428	9	
5429	8	
5430	10	
5431	7	
5432	1	
5433	2	
5434	9	
5435	3	
5436	6	
5437	8	
5438	7	
5439	6	
5440	6	
5441	7	
5442	6	
5443	5	
5444	7	
5445	2	
5446	2	
5447	9	
5448	9	
5449	7	
5450	6	
5451	1	
5452	2	
5453	7	
5454	8	
5455	2	
5456	1	
5457	9	
5458	8	
5459	9	
5460	8	
5461	4	
5462	8	
5463	7	
5464	9	
5465	10	
5466	6	
5467	5	
5468	5	
5469	9	
5470	3	
5471	8	
5472	4	
5473	3	
5474	4	
5475	5	
5476	5	
5477	10	
5478	1	
5479	4	
5480	5	
5481	9	
5482	6	
5483	10	
5484	6	
5485	6	
5486	3	
5487	7	
5488	8	
5489	2	
5490	3	
5491	10	
5492	8	
5493	2	
5494	5	
5495	1	
5496	8	
5497	8	
5498	7	
5499	7	
5500	8	
5501	5	
5502	9	
5503	8	
5504	1	
5505	7	
5506	5	
5507	4	
5508	9	
5509	3	
5510	1	
5511	10	
5512	10	
5513	2	
5514	3	
5515	8	
5516	10	
5517	5	
5518	3	
5519	8	
5520	9	
5521	5	
5522	3	
5523	10	
5524	3	
5525	7	
5526	5	
5527	1	
5528	3	
5529	1	
5530	3	
5531	8	
5532	7	
5533	3	
5534	2	
5535	1	
5536	10	
5537	7	
5538	8	
5539	1	
5540	8	
5541	10	
5542	1	
5543	8	
5544	3	
5545	6	
5546	10	
5547	8	
5548	5	
5549	8	
5550	5	
5551	3	
5552	6	
5553	8	
5554	5	
5555	7	
5556	7	
5557	9	
5558	10	
5559	9	
5560	7	
5561	5	
5562	1	
5563	3	
5564	1	
5565	3	
5566	3	
5567	1	
5568	2	
5569	9	
5570	2	
5571	9	
5572	7	
5573	6	
5574	2	
5575	7	
5576	5	
5577	10	
5578	3	
5579	3	
5580	5	
5581	9	
5582	3	
5583	9	
5584	6	
5585	9	
5586	6	
5587	1	
5588	4	
5589	9	
5590	2	
5591	7	
5592	7	
5593	8	
5594	9	
5595	4	
5596	9	
5597	4	
5598	2	
5599	1	
5600	4	
5601	9	
5602	7	
5603	2	
5604	2	
5605	10	
5606	2	
5607	1	
5608	7	
5609	7	
5610	4	
5611	2	
5612	6	
5613	8	
5614	3	
5615	7	
5616	8	
5617	9	
5618	9	
5619	3	
5620	6	
5621	10	
5622	4	
5623	6	
5624	3	
5625	5	
5626	2	
5627	2	
5628	10	
5629	2	
5630	6	
5631	10	
5632	2	
5633	5	
5634	2	
5635	7	
5636	8	
5637	3	
5638	7	
5639	6	
5640	2	
5641	2	
5642	8	
5643	6	
5644	8	
5645	5	
5646	6	
5647	5	
5648	5	
5649	1	
5650	5	
5651	7	
5652	6	
5653	7	
5654	9	
5655	4	
5656	9	
5657	4	
5658	9	
5659	5	
5660	9	
5661	9	
5662	8	
5663	7	
5664	1	
5665	7	
5666	2	
5667	9	
5668	6	
5669	7	
5670	9	
5671	5	
5672	4	
5673	8	
5674	2	
5675	9	
5676	5	
5677	3	
5678	2	
5679	8	
5680	8	
5681	7	
5682	3	
5683	5	
5684	2	
5685	3	
5686	5	
5687	6	
5688	2	
5689	7	
5690	10	
5691	3	
5692	4	
5693	8	
5694	5	
5695	5	
5696	10	
5697	3	
5698	7	
5699	8	
5700	10	
5701	3	
5702	2	
5703	8	
5704	4	
5705	1	
5706	1	
5707	2	
5708	9	
5709	1	
5710	3	
5711	7	
5712	1	
5713	8	
5714	7	
5715	6	
5716	8	
5717	8	
5718	5	
5719	1	
5720	4	
5721	4	
5722	4	
5723	6	
5724	2	
5725	8	
5726	6	
5727	8	
5728	5	
5729	6	
5730	7	
5731	3	
5732	7	
5733	10	
5734	4	
5735	7	
5736	9	
5737	4	
5738	2	
5739	8	
5740	5	
5741	9	
5742	1	
5743	3	
5744	3	
5745	3	
5746	3	
5747	1	
5748	9	
5749	3	
5750	10	
5751	5	
5752	1	
5753	5	
5754	6	
5755	3	
5756	8	
5757	10	
5758	7	
5759	9	
5760	7	
5761	10	
5762	5	
5763	5	
5764	10	
5765	4	
5766	2	
5767	8	
5768	1	
5769	8	
5770	9	
5771	10	
5772	1	
5773	6	
5774	4	
5775	1	
5776	7	
5777	9	
5778	10	
5779	10	
5780	9	
5781	7	
5782	3	
5783	7	
5784	10	
5785	1	
5786	3	
5787	5	
5788	8	
5789	7	
5790	4	
5791	3	
5792	7	
5793	10	
5794	3	
5795	5	
5796	7	
5797	4	
5798	6	
5799	5	
5800	1	
5801	10	
5802	1	
5803	1	
5804	8	
5805	9	
5806	5	
5807	7	
5808	9	
5809	8	
5810	4	
5811	10	
5812	6	
5813	7	
5814	2	
5815	6	
5816	6	
5817	4	
5818	10	
5819	7	
5820	1	
5821	7	
5822	2	
5823	5	
5824	10	
5825	1	
5826	3	
5827	8	
5828	9	
5829	5	
5830	6	
5831	3	
5832	2	
5833	5	
5834	3	
5835	5	
5836	5	
5837	9	
5838	4	
5839	10	
5840	6	
5841	9	
5842	10	
5843	4	
5844	8	
5845	4	
5846	2	
5847	9	
5848	9	
5849	10	
5850	3	
5851	8	
5852	6	
5853	7	
5854	5	
5855	6	
5856	1	
5857	1	
5858	6	
5859	8	
5860	10	
5861	6	
5862	1	
5863	6	
5864	1	
5865	9	
5866	2	
5867	9	
5868	2	
5869	4	
5870	1	
5871	3	
5872	7	
5873	1	
5874	10	
5875	9	
5876	5	
5877	10	
5878	2	
5879	7	
5880	10	
5881	4	
5882	1	
5883	2	
5884	8	
5885	8	
5886	10	
5887	4	
5888	4	
5889	3	
5890	4	
5891	8	
5892	10	
5893	8	
5894	5	
5895	9	
5896	2	
5897	10	
5898	3	
5899	10	
5900	8	
5901	5	
5902	3	
5903	4	
5904	2	
5905	2	
5906	8	
5907	3	
5908	6	
5909	2	
5910	7	
5911	6	
5912	2	
5913	2	
5914	1	
5915	10	
5916	8	
5917	4	
5918	5	
5919	7	
5920	2	
5921	2	
5922	7	
5923	3	
5924	7	
5925	9	
5926	2	
5927	6	
5928	10	
5929	3	
5930	4	
5931	2	
5932	10	
5933	1	
5934	10	
5935	2	
5936	6	
5937	5	
5938	5	
5939	3	
5940	1	
5941	7	
5942	2	
5943	6	
5944	10	
5945	6	
5946	8	
5947	9	
5948	8	
5949	2	
5950	6	
5951	10	
5952	2	
5953	1	
5954	7	
5955	3	
5956	9	
5957	8	
5958	5	
5959	6	
5960	6	
5961	8	
5962	10	
5963	10	
5964	6	
5965	7	
5966	10	
5967	8	
5968	3	
5969	9	
5970	2	
5971	4	
5972	4	
5973	5	
5974	7	
5975	1	
5976	8	
5977	6	
5978	10	
5979	7	
5980	3	
5981	5	
5982	2	
5983	5	
5984	4	
5985	1	
5986	8	
5987	3	
5988	10	
5989	6	
5990	1	
5991	5	
5992	9	
5993	4	
5994	8	
5995	1	
5996	3	
5997	4	
5998	5	
5999	5	
6000	5	
6001	9	
6002	4	
6003	6	
6004	8	
6005	5	
6006	1	
6007	6	
6008	9	
6009	4	
6010	6	
6011	5	
6012	10	
6013	8	
6014	4	
6015	1	
6016	9	
6017	6	
6018	3	
6019	2	
6020	8	
6021	3	
6022	4	
6023	5	
6024	4	
6025	3	
6026	10	
6027	3	
6028	2	
6029	6	
6030	5	
6031	1	
6032	8	
6033	10	
6034	6	
6035	8	
6036	1	
6037	4	
6038	1	
6039	1	
6040	6	
6041	8	
6042	3	
6043	4	
6044	9	
6045	2	
6046	1	
6047	8	
6048	10	
6049	4	
6050	2	
6051	1	
6052	5	
6053	4	
6054	3	
6055	8	
6056	9	
6057	3	
6058	7	
6059	5	
6060	4	
6061	4	
6062	1	
6063	7	
6064	10	
6065	4	
6066	8	
6067	7	
6068	3	
6069	6	
6070	1	
6071	7	
6072	6	
6073	1	
6074	1	
6075	7	
6076	5	
6077	7	
6078	2	
6079	8	
6080	4	
6081	4	
6082	9	
6083	3	
6084	4	
6085	4	
6086	3	
6087	3	
6088	9	
6089	9	
6090	2	
6091	2	
6092	2	
6093	5	
6094	1	
6095	2	
6096	1	
6097	4	
6098	5	
6099	2	
6100	6	
6101	4	
6102	8	
6103	6	
6104	3	
6105	4	
6106	3	
6107	5	
6108	5	
6109	4	
6110	3	
6111	8	
6112	2	
6113	6	
6114	5	
6115	8	
6116	7	
6117	10	
6118	3	
6119	1	
6120	5	
6121	2	
6122	2	
6123	9	
6124	2	
6125	3	
6126	1	
6127	9	
6128	4	
6129	9	
6130	6	
6131	4	
6132	6	
6133	9	
6134	9	
6135	5	
6136	8	
6137	7	
6138	6	
6139	8	
6140	6	
6141	8	
6142	5	
6143	9	
6144	4	
6145	7	
6146	1	
6147	1	
6148	7	
6149	3	
6150	7	
6151	1	
6152	9	
6153	5	
6154	1	
6155	3	
6156	9	
6157	9	
6158	6	
6159	3	
6160	6	
6161	7	
6162	7	
6163	5	
6164	10	
6165	4	
6166	7	
6167	2	
6168	4	
6169	5	
6170	1	
6171	9	
6172	4	
6173	10	
6174	5	
6175	4	
6176	5	
6177	5	
6178	6	
6179	1	
6180	9	
6181	5	
6182	2	
6183	6	
6184	4	
6185	7	
6186	6	
6187	7	
6188	4	
6189	2	
6190	8	
6191	10	
6192	5	
6193	1	
6194	3	
6195	10	
6196	10	
6197	4	
6198	4	
6199	9	
6200	9	
6201	7	
6202	7	
6203	3	
6204	8	
6205	10	
6206	10	
6207	4	
6208	4	
6209	2	
6210	7	
6211	4	
6212	5	
6213	9	
6214	5	
6215	8	
6216	7	
6217	4	
6218	2	
6219	3	
6220	8	
6221	5	
6222	5	
6223	9	
6224	2	
6225	6	
6226	8	
6227	6	
6228	6	
6229	3	
6230	7	
6231	8	
6232	7	
6233	2	
6234	9	
6235	6	
6236	5	
6237	5	
6238	3	
6239	3	
6240	10	
6241	5	
6242	5	
6243	7	
6244	4	
6245	6	
6246	10	
6247	2	
6248	9	
6249	5	
6250	9	
6251	5	
6252	1	
6253	3	
6254	1	
6255	7	
6256	10	
6257	3	
6258	2	
6259	8	
6260	1	
6261	4	
6262	5	
6263	3	
6264	8	
6265	3	
6266	3	
6267	7	
6268	5	
6269	4	
6270	6	
6271	8	
6272	9	
6273	1	
6274	4	
6275	1	
6276	5	
6277	6	
6278	2	
6279	7	
6280	3	
6281	1	
6282	5	
6283	5	
6284	2	
6285	10	
6286	10	
6287	6	
6288	8	
6289	5	
6290	5	
6291	3	
6292	3	
6293	10	
6294	6	
6295	10	
6296	10	
6297	6	
6298	1	
6299	9	
6300	4	
6301	9	
6302	9	
6303	8	
6304	4	
6305	7	
6306	7	
6307	8	
6308	7	
6309	4	
6310	2	
6311	7	
6312	3	
6313	3	
6314	2	
6315	4	
6316	2	
6317	2	
6318	7	
6319	5	
6320	8	
6321	8	
6322	7	
6323	1	
6324	4	
6325	8	
6326	4	
6327	8	
6328	3	
6329	4	
6330	8	
6331	9	
6332	1	
6333	10	
6334	9	
6335	10	
6336	8	
6337	2	
6338	3	
6339	9	
6340	4	
6341	9	
6342	7	
6343	7	
6344	2	
6345	7	
6346	3	
6347	10	
6348	1	
6349	5	
6350	8	
6351	7	
6352	5	
6353	5	
6354	2	
6355	10	
6356	6	
6357	3	
6358	6	
6359	6	
6360	8	
6361	6	
6362	4	
6363	10	
6364	8	
6365	5	
6366	10	
6367	5	
6368	1	
6369	8	
6370	10	
6371	4	
6372	3	
6373	2	
6374	4	
6375	4	
6376	9	
6377	10	
6378	1	
6379	6	
6380	9	
6381	2	
6382	1	
6383	5	
6384	4	
6385	3	
6386	8	
6387	7	
6388	7	
6389	7	
6390	8	
6391	4	
6392	5	
6393	6	
6394	1	
6395	8	
6396	7	
6397	4	
6398	3	
6399	1	
6400	3	
6401	2	
6402	7	
6403	3	
6404	7	
6405	8	
6406	5	
6407	9	
6408	2	
6409	3	
6410	8	
6411	7	
6412	2	
6413	5	
6414	5	
6415	8	
6416	10	
6417	6	
6418	9	
6419	4	
6420	2	
6421	1	
6422	4	
6423	5	
6424	7	
6425	7	
6426	9	
6427	6	
6428	5	
6429	1	
6430	6	
6431	8	
6432	8	
6433	1	
6434	5	
6435	6	
6436	6	
6437	3	
6438	1	
6439	5	
6440	4	
6441	2	
6442	3	
6443	7	
6444	8	
6445	3	
6446	8	
6447	6	
6448	6	
6449	1	
6450	10	
6451	3	
6452	1	
6453	2	
6454	7	
6455	6	
6456	3	
6457	6	
6458	8	
6459	1	
6460	8	
6461	5	
6462	9	
6463	3	
6464	2	
6465	2	
6466	7	
6467	7	
6468	2	
6469	8	
6470	5	
6471	10	
6472	10	
6473	3	
6474	7	
6475	1	
6476	3	
6477	8	
6478	10	
6479	6	
6480	6	
6481	1	
6482	7	
6483	3	
6484	8	
6485	4	
6486	8	
6487	2	
6488	1	
6489	10	
6490	5	
6491	9	
6492	4	
6493	4	
6494	9	
6495	10	
6496	1	
6497	2	
6498	5	
6499	9	
6500	5	
6501	6	
6502	4	
6503	9	
6504	5	
6505	4	
6506	7	
6507	2	
6508	4	
6509	9	
6510	1	
6511	1	
6512	3	
6513	3	
6514	7	
6515	5	
6516	2	
6517	4	
6518	8	
6519	1	
6520	6	
6521	9	
6522	8	
6523	3	
6524	5	
6525	1	
6526	5	
6527	7	
6528	4	
6529	1	
6530	4	
6531	2	
6532	4	
6533	7	
6534	2	
6535	9	
6536	4	
6537	3	
6538	7	
6539	4	
6540	7	
6541	2	
6542	3	
6543	9	
6544	4	
6545	4	
6546	1	
6547	7	
6548	9	
6549	7	
6550	10	
6551	8	
6552	3	
6553	8	
6554	9	
6555	4	
6556	1	
6557	4	
6558	6	
6559	7	
6560	3	
6561	8	
6562	5	
6563	2	
6564	8	
6565	10	
6566	10	
6567	10	
6568	9	
6569	2	
6570	8	
6571	2	
6572	8	
6573	9	
6574	3	
6575	7	
6576	3	
6577	6	
6578	7	
6579	4	
6580	9	
6581	1	
6582	7	
6583	10	
6584	2	
6585	10	
6586	3	
6587	9	
6588	2	
6589	4	
6590	5	
6591	1	
6592	6	
6593	4	
6594	5	
6595	2	
6596	7	
6597	8	
6598	9	
6599	5	
6600	1	
6601	4	
6602	3	
6603	6	
6604	6	
6605	10	
6606	3	
6607	4	
6608	1	
6609	10	
6610	6	
6611	9	
6612	3	
6613	5	
6614	5	
6615	2	
6616	10	
6617	8	
6618	6	
6619	3	
6620	3	
6621	5	
6622	6	
6623	9	
6624	4	
6625	3	
6626	3	
6627	7	
6628	2	
6629	8	
6630	5	
6631	2	
6632	1	
6633	9	
6634	3	
6635	10	
6636	7	
6637	5	
6638	7	
6639	3	
6640	7	
6641	5	
6642	3	
6643	7	
6644	6	
6645	2	
6646	6	
6647	9	
6648	8	
6649	3	
6650	8	
6651	6	
6652	7	
6653	9	
6654	8	
6655	8	
6656	9	
6657	8	
6658	3	
6659	2	
6660	4	
6661	5	
6662	5	
6663	3	
6664	7	
6665	10	
6666	9	
6667	4	
6668	4	
6669	6	
6670	4	
6671	7	
6672	10	
6673	4	
6674	8	
6675	10	
6676	10	
6677	1	
6678	2	
6679	1	
6680	3	
6681	9	
6682	3	
6683	1	
6684	2	
6685	4	
6686	4	
6687	9	
6688	1	
6689	2	
6690	6	
6691	8	
6692	2	
6693	9	
6694	6	
6695	6	
6696	10	
6697	4	
6698	1	
6699	2	
6700	3	
6701	6	
6702	4	
6703	2	
6704	2	
6705	5	
6706	6	
6707	7	
6708	6	
6709	3	
6710	2	
6711	3	
6712	8	
6713	9	
6714	1	
6715	1	
6716	1	
6717	3	
6718	7	
6719	3	
6720	8	
6721	4	
6722	5	
6723	8	
6724	10	
6725	3	
6726	3	
6727	10	
6728	9	
6729	1	
6730	6	
6731	10	
6732	10	
6733	2	
6734	7	
6735	7	
6736	4	
6737	1	
6738	2	
6739	5	
6740	5	
6741	2	
6742	6	
6743	10	
6744	7	
6745	8	
6746	1	
6747	6	
6748	1	
6749	9	
6750	6	
6751	10	
6752	10	
6753	10	
6754	4	
6755	4	
6756	5	
6757	6	
6758	3	
6759	4	
6760	1	
6761	10	
6762	5	
6763	3	
6764	10	
6765	4	
6766	7	
6767	5	
6768	7	
6769	3	
6770	5	
6771	2	
6772	1	
6773	9	
6774	9	
6775	4	
6776	9	
6777	4	
6778	7	
6779	1	
6780	5	
6781	9	
6782	7	
6783	5	
6784	4	
6785	3	
6786	2	
6787	3	
6788	6	
6789	8	
6790	5	
6791	7	
6792	3	
6793	2	
6794	8	
6795	2	
6796	8	
6797	9	
6798	10	
6799	8	
6800	1	
6801	1	
6802	2	
6803	3	
6804	3	
6805	5	
6806	6	
6807	8	
6808	1	
6809	8	
6810	7	
6811	9	
6812	1	
6813	4	
6814	8	
6815	3	
6816	4	
6817	2	
6818	10	
6819	8	
6820	4	
6821	10	
6822	7	
6823	10	
6824	1	
6825	5	
6826	10	
6827	1	
6828	5	
6829	10	
6830	1	
6831	9	
6832	10	
6833	6	
6834	7	
6835	1	
6836	6	
6837	7	
6838	5	
6839	9	
6840	10	
6841	9	
6842	2	
6843	3	
6844	8	
6845	2	
6846	2	
6847	1	
6848	5	
6849	1	
6850	5	
6851	5	
6852	9	
6853	7	
6854	3	
6855	4	
6856	6	
6857	2	
6858	6	
6859	5	
6860	4	
6861	6	
6862	10	
6863	7	
6864	5	
6865	9	
6866	9	
6867	9	
6868	5	
6869	2	
6870	5	
6871	7	
6872	5	
6873	2	
6874	10	
6875	8	
6876	9	
6877	8	
6878	5	
6879	5	
6880	4	
6881	2	
6882	8	
6883	3	
6884	6	
6885	6	
6886	6	
6887	5	
6888	3	
6889	10	
6890	4	
6891	1	
6892	1	
6893	1	
6894	7	
6895	3	
6896	6	
6897	1	
6898	3	
6899	6	
6900	5	
6901	4	
6902	7	
6903	3	
6904	4	
6905	10	
6906	1	
6907	8	
6908	1	
6909	3	
6910	6	
6911	6	
6912	5	
6913	8	
6914	9	
6915	5	
6916	4	
6917	10	
6918	10	
6919	9	
6920	2	
6921	10	
6922	1	
6923	10	
6924	1	
6925	10	
6926	1	
6927	10	
6928	9	
6929	5	
6930	6	
6931	2	
6932	6	
6933	8	
6934	10	
6935	1	
6936	7	
6937	1	
6938	2	
6939	2	
6940	5	
6941	9	
6942	1	
6943	7	
6944	5	
6945	3	
6946	3	
6947	2	
6948	1	
6949	3	
6950	3	
6951	3	
6952	8	
6953	3	
6954	10	
6955	2	
6956	3	
6957	4	
6958	4	
6959	2	
6960	7	
6961	4	
6962	2	
6963	2	
6964	5	
6965	1	
6966	9	
6967	3	
6968	5	
6969	8	
6970	8	
6971	9	
6972	7	
6973	1	
6974	2	
6975	2	
6976	1	
6977	5	
6978	3	
6979	4	
6980	1	
6981	4	
6982	7	
6983	3	
6984	4	
6985	5	
6986	4	
6987	10	
6988	1	
6989	4	
6990	2	
6991	2	
6992	9	
6993	2	
6994	8	
6995	1	
6996	1	
6997	9	
6998	6	
6999	7	
7000	8	
7001	8	
7002	1	
7003	3	
7004	4	
7005	10	
7006	6	
7007	1	
7008	3	
7009	5	
7010	5	
7011	8	
7012	5	
7013	10	
7014	10	
7015	3	
7016	7	
7017	5	
7018	10	
7019	7	
7020	6	
7021	3	
7022	7	
7023	9	
7024	2	
7025	7	
7026	1	
7027	2	
7028	3	
7029	7	
7030	2	
7031	7	
7032	3	
7033	3	
7034	10	
7035	7	
7036	7	
7037	3	
7038	10	
7039	2	
7040	4	
7041	2	
7042	6	
7043	3	
7044	5	
7045	1	
7046	9	
7047	5	
7048	4	
7049	8	
7050	9	
7051	2	
7052	7	
7053	5	
7054	5	
7055	3	
7056	3	
7057	10	
7058	3	
7059	3	
7060	3	
7061	6	
7062	6	
7063	3	
7064	4	
7065	2	
7066	4	
7067	8	
7068	10	
7069	3	
7070	5	
7071	2	
7072	9	
7073	1	
7074	7	
7075	4	
7076	7	
7077	4	
7078	10	
7079	7	
7080	3	
7081	7	
7082	5	
7083	6	
7084	1	
7085	5	
7086	1	
7087	9	
7088	4	
7089	3	
7090	10	
7091	5	
7092	2	
7093	2	
7094	6	
7095	8	
7096	5	
7097	4	
7098	4	
7099	5	
7100	8	
7101	4	
7102	2	
7103	10	
7104	3	
7105	7	
7106	3	
7107	8	
7108	2	
7109	8	
7110	6	
7111	6	
7112	1	
7113	7	
7114	8	
7115	9	
7116	7	
7117	4	
7118	7	
7119	6	
7120	4	
7121	4	
7122	6	
7123	1	
7124	1	
7125	4	
7126	3	
7127	7	
7128	1	
7129	6	
7130	2	
7131	1	
7132	4	
7133	1	
7134	9	
7135	10	
7136	3	
7137	10	
7138	5	
7139	1	
7140	9	
7141	4	
7142	4	
7143	2	
7144	3	
7145	2	
7146	8	
7147	7	
7148	5	
7149	6	
7150	3	
7151	9	
7152	4	
7153	9	
7154	3	
7155	5	
7156	4	
7157	3	
7158	6	
7159	4	
7160	1	
7161	1	
7162	7	
7163	10	
7164	3	
7165	3	
7166	1	
7167	9	
7168	3	
7169	1	
7170	3	
7171	2	
7172	1	
7173	3	
7174	6	
7175	6	
7176	7	
7177	8	
7178	2	
7179	9	
7180	2	
7181	4	
7182	6	
7183	1	
7184	9	
7185	2	
7186	9	
7187	3	
7188	6	
7189	4	
7190	5	
7191	8	
7192	8	
7193	5	
7194	4	
7195	7	
7196	10	
7197	7	
7198	3	
7199	10	
7200	4	
7201	5	
7202	10	
7203	8	
7204	1	
7205	9	
7206	9	
7207	8	
7208	4	
7209	10	
7210	8	
7211	5	
7212	3	
7213	1	
7214	6	
7215	8	
7216	4	
7217	8	
7218	3	
7219	7	
7220	2	
7221	4	
7222	7	
7223	8	
7224	5	
7225	1	
7226	7	
7227	7	
7228	3	
7229	7	
7230	10	
7231	10	
7232	1	
7233	9	
7234	1	
7235	7	
7236	9	
7237	1	
7238	8	
7239	7	
7240	9	
7241	4	
7242	1	
7243	10	
7244	5	
7245	8	
7246	1	
7247	9	
7248	3	
7249	9	
7250	7	
7251	1	
7252	5	
7253	3	
7254	4	
7255	3	
7256	8	
7257	4	
7258	3	
7259	2	
7260	1	
7261	8	
7262	4	
7263	9	
7264	2	
7265	6	
7266	10	
7267	2	
7268	10	
7269	4	
7270	7	
7271	1	
7272	3	
7273	6	
7274	6	
7275	4	
7276	1	
7277	2	
7278	1	
7279	3	
7280	7	
7281	1	
7282	6	
7283	7	
7284	4	
7285	4	
7286	4	
7287	7	
7288	2	
7289	2	
7290	5	
7291	3	
7292	3	
7293	5	
7294	10	
7295	8	
7296	4	
7297	8	
7298	2	
7299	8	
7300	1	
7301	8	
7302	3	
7303	2	
7304	3	
7305	7	
7306	1	
7307	9	
7308	5	
7309	7	
7310	4	
7311	6	
7312	1	
7313	9	
7314	7	
7315	8	
7316	1	
7317	10	
7318	3	
7319	3	
7320	2	
7321	10	
7322	4	
7323	7	
7324	9	
7325	2	
7326	3	
7327	4	
7328	6	
7329	4	
7330	4	
7331	10	
7332	3	
7333	8	
7334	3	
7335	8	
7336	3	
7337	10	
7338	3	
7339	2	
7340	5	
7341	6	
7342	1	
7343	9	
7344	9	
7345	5	
7346	6	
7347	10	
7348	5	
7349	4	
7350	7	
7351	6	
7352	7	
7353	5	
7354	5	
7355	3	
7356	4	
7357	1	
7358	5	
7359	1	
7360	9	
7361	7	
7362	3	
7363	3	
7364	1	
7365	3	
7366	10	
7367	2	
7368	9	
7369	9	
7370	1	
7371	4	
7372	4	
7373	6	
7374	4	
7375	3	
7376	8	
7377	1	
7378	10	
7379	10	
7380	3	
7381	5	
7382	1	
7383	7	
7384	7	
7385	6	
7386	2	
7387	10	
7388	9	
7389	2	
7390	10	
7391	8	
7392	8	
7393	3	
7394	5	
7395	5	
7396	9	
7397	4	
7398	7	
7399	1	
7400	1	
7401	9	
7402	10	
7403	6	
7404	8	
7405	7	
7406	9	
7407	3	
7408	1	
7409	8	
7410	6	
7411	3	
7412	9	
7413	1	
7414	9	
7415	1	
7416	5	
7417	2	
7418	10	
7419	6	
7420	7	
7421	3	
7422	10	
7423	9	
7424	9	
7425	9	
7426	7	
7427	1	
7428	1	
7429	4	
7430	10	
7431	4	
7432	4	
7433	5	
7434	2	
7435	3	
7436	5	
7437	8	
7438	9	
7439	2	
7440	3	
7441	3	
7442	6	
7443	3	
7444	6	
7445	1	
7446	9	
7447	8	
7448	10	
7449	1	
7450	6	
7451	4	
7452	10	
7453	6	
7454	10	
7455	10	
7456	3	
7457	10	
7458	8	
7459	10	
7460	6	
7461	9	
7462	8	
7463	2	
7464	6	
7465	4	
7466	10	
7467	7	
7468	8	
7469	4	
7470	10	
7471	6	
7472	2	
7473	8	
7474	7	
7475	1	
7476	5	
7477	8	
7478	8	
7479	1	
7480	8	
7481	8	
7482	8	
7483	5	
7484	7	
7485	4	
7486	9	
7487	5	
7488	5	
7489	8	
7490	2	
7491	8	
7492	2	
7493	8	
7494	2	
7495	3	
7496	6	
7497	4	
7498	1	
7499	1	
7500	10	
7501	7	
7502	2	
7503	8	
7504	1	
7505	2	
7506	6	
7507	4	
7508	3	
7509	8	
7510	7	
7511	3	
7512	9	
7513	4	
7514	7	
7515	8	
7516	1	
7517	1	
7518	1	
7519	8	
7520	3	
7521	2	
7522	5	
7523	6	
7524	2	
7525	6	
7526	8	
7527	6	
7528	6	
7529	8	
7530	9	
7531	2	
7532	3	
7533	2	
7534	5	
7535	9	
7536	7	
7537	4	
7538	6	
7539	8	
7540	3	
7541	6	
7542	5	
7543	10	
7544	9	
7545	1	
7546	10	
7547	9	
7548	10	
7549	8	
7550	9	
7551	5	
7552	2	
7553	2	
7554	4	
7555	9	
7556	2	
7557	1	
7558	9	
7559	2	
7560	5	
7561	3	
7562	2	
7563	7	
7564	6	
7565	5	
7566	5	
7567	5	
7568	4	
7569	7	
7570	2	
7571	2	
7572	1	
7573	1	
7574	1	
7575	3	
7576	9	
7577	2	
7578	10	
7579	5	
7580	6	
7581	10	
7582	4	
7583	8	
7584	7	
7585	2	
7586	1	
7587	10	
7588	4	
7589	6	
7590	2	
7591	7	
7592	1	
7593	3	
7594	4	
7595	1	
7596	4	
7597	10	
7598	9	
7599	9	
7600	10	
7601	5	
7602	6	
7603	7	
7604	6	
7605	1	
7606	9	
7607	9	
7608	6	
7609	6	
7610	10	
7611	3	
7612	8	
7613	1	
7614	3	
7615	1	
7616	1	
7617	2	
7618	4	
7619	1	
7620	7	
7621	10	
7622	10	
7623	8	
7624	2	
7625	1	
7626	8	
7627	2	
7628	4	
7629	7	
7630	5	
7631	10	
7632	2	
7633	3	
7634	9	
7635	10	
7636	7	
7637	3	
7638	6	
7639	9	
7640	8	
7641	4	
7642	4	
7643	5	
7644	4	
7645	4	
7646	2	
7647	3	
7648	1	
7649	8	
7650	6	
7651	1	
7652	2	
7653	10	
7654	4	
7655	4	
7656	6	
7657	7	
7658	1	
7659	9	
7660	6	
7661	4	
7662	7	
7663	9	
7664	10	
7665	6	
7666	4	
7667	6	
7668	4	
7669	2	
7670	9	
7671	5	
7672	4	
7673	8	
7674	3	
7675	4	
7676	2	
7677	6	
7678	6	
7679	10	
7680	5	
7681	10	
7682	5	
7683	3	
7684	6	
7685	7	
7686	4	
7687	2	
7688	5	
7689	9	
7690	5	
7691	7	
7692	9	
7693	10	
7694	4	
7695	7	
7696	8	
7697	6	
7698	8	
7699	1	
7700	6	
7701	5	
7702	7	
7703	2	
7704	3	
7705	5	
7706	10	
7707	3	
7708	1	
7709	1	
7710	6	
7711	7	
7712	6	
7713	1	
7714	5	
7715	1	
7716	10	
7717	3	
7718	9	
7719	1	
7720	2	
7721	5	
7722	3	
7723	4	
7724	8	
7725	9	
7726	10	
7727	8	
7728	7	
7729	2	
7730	1	
7731	2	
7732	6	
7733	7	
7734	7	
7735	3	
7736	6	
7737	6	
7738	5	
7739	5	
7740	7	
7741	2	
7742	7	
7743	5	
7744	5	
7745	4	
7746	8	
7747	1	
7748	2	
7749	3	
7750	2	
7751	3	
7752	3	
7753	7	
7754	8	
7755	9	
7756	7	
7757	3	
7758	3	
7759	1	
7760	8	
7761	9	
7762	10	
7763	2	
7764	7	
7765	6	
7766	1	
7767	2	
7768	9	
7769	1	
7770	3	
7771	3	
7772	4	
7773	8	
7774	9	
7775	8	
7776	9	
7777	5	
7778	8	
7779	2	
7780	9	
7781	8	
7782	2	
7783	7	
7784	2	
7785	5	
7786	3	
7787	1	
7788	9	
7789	9	
7790	7	
7791	3	
7792	8	
7793	10	
7794	2	
7795	2	
7796	4	
7797	7	
7798	10	
7799	1	
7800	7	
7801	2	
7802	7	
7803	9	
7804	6	
7805	8	
7806	1	
7807	9	
7808	4	
7809	3	
7810	10	
7811	6	
7812	2	
7813	6	
7814	3	
7815	2	
7816	10	
7817	3	
7818	2	
7819	2	
7820	3	
7821	2	
7822	6	
7823	4	
7824	10	
7825	10	
7826	7	
7827	8	
7828	1	
7829	5	
7830	3	
7831	3	
7832	5	
7833	2	
7834	4	
7835	2	
7836	1	
7837	5	
7838	8	
7839	7	
7840	7	
7841	7	
7842	10	
7843	3	
7844	2	
7845	2	
7846	8	
7847	4	
7848	3	
7849	1	
7850	6	
7851	9	
7852	4	
7853	9	
7854	9	
7855	1	
7856	10	
7857	9	
7858	3	
7859	3	
7860	9	
7861	1	
7862	6	
7863	10	
7864	5	
7865	1	
7866	1	
7867	1	
7868	5	
7869	5	
7870	8	
7871	6	
7872	3	
7873	2	
7874	8	
7875	4	
7876	4	
7877	3	
7878	6	
7879	6	
7880	9	
7881	4	
7882	4	
7883	8	
7884	3	
7885	5	
7886	10	
7887	7	
7888	5	
7889	8	
7890	4	
7891	2	
7892	3	
7893	8	
7894	8	
7895	4	
7896	2	
7897	3	
7898	8	
7899	4	
7900	5	
7901	1	
7902	3	
7903	7	
7904	10	
7905	8	
7906	5	
7907	3	
7908	8	
7909	2	
7910	9	
7911	8	
7912	4	
7913	6	
7914	9	
7915	7	
7916	4	
7917	2	
7918	9	
7919	7	
7920	4	
7921	6	
7922	4	
7923	1	
7924	7	
7925	2	
7926	6	
7927	10	
7928	10	
7929	5	
7930	10	
7931	10	
7932	4	
7933	10	
7934	1	
7935	3	
7936	10	
7937	10	
7938	6	
7939	2	
7940	3	
7941	8	
7942	5	
7943	4	
7944	6	
7945	8	
7946	4	
7947	8	
7948	10	
7949	5	
7950	7	
7951	8	
7952	8	
7953	3	
7954	5	
7955	10	
7956	4	
7957	10	
7958	3	
7959	3	
7960	5	
7961	5	
7962	4	
7963	2	
7964	4	
7965	2	
7966	9	
7967	9	
7968	3	
7969	7	
7970	10	
7971	3	
7972	10	
7973	3	
7974	8	
7975	8	
7976	6	
7977	7	
7978	1	
7979	9	
7980	2	
7981	7	
7982	6	
7983	8	
7984	8	
7985	6	
7986	8	
7987	1	
7988	7	
7989	5	
7990	2	
7991	6	
7992	1	
7993	1	
7994	6	
7995	9	
7996	4	
7997	4	
7998	10	
7999	8	
8000	3	
8001	4	
8002	10	
8003	4	
8004	9	
8005	4	
8006	8	
8007	7	
8008	4	
8009	5	
8010	5	
8011	6	
8012	3	
8013	1	
8014	8	
8015	2	
8016	8	
8017	8	
8018	7	
8019	4	
8020	7	
8021	1	
8022	3	
8023	4	
8024	2	
8025	1	
8026	7	
8027	10	
8028	1	
8029	7	
8030	4	
8031	6	
8032	4	
8033	4	
8034	9	
8035	6	
8036	7	
8037	2	
8038	9	
8039	6	
8040	10	
8041	5	
8042	9	
8043	9	
8044	7	
8045	2	
8046	1	
8047	9	
8048	5	
8049	4	
8050	7	
8051	9	
8052	9	
8053	5	
8054	9	
8055	7	
8056	4	
8057	7	
8058	2	
8059	10	
8060	4	
8061	4	
8062	2	
8063	10	
8064	3	
8065	3	
8066	7	
8067	5	
8068	3	
8069	9	
8070	8	
8071	10	
8072	7	
8073	10	
8074	5	
8075	4	
8076	9	
8077	2	
8078	9	
8079	1	
8080	6	
8081	3	
8082	1	
8083	7	
8084	7	
8085	4	
8086	5	
8087	10	
8088	9	
8089	8	
8090	8	
8091	7	
8092	5	
8093	6	
8094	3	
8095	3	
8096	8	
8097	6	
8098	3	
8099	7	
8100	3	
8101	4	
8102	5	
8103	8	
8104	5	
8105	6	
8106	10	
8107	10	
8108	2	
8109	8	
8110	8	
8111	5	
8112	7	
8113	9	
8114	1	
8115	2	
8116	10	
8117	4	
8118	9	
8119	10	
8120	7	
8121	4	
8122	2	
8123	3	
8124	9	
8125	7	
8126	4	
8127	2	
8128	7	
8129	2	
8130	10	
8131	3	
8132	2	
8133	6	
8134	3	
8135	5	
8136	6	
8137	10	
8138	3	
8139	9	
8140	4	
8141	1	
8142	1	
8143	10	
8144	9	
8145	1	
8146	8	
8147	3	
8148	1	
8149	2	
8150	8	
8151	2	
8152	7	
8153	1	
8154	4	
8155	5	
8156	7	
8157	2	
8158	5	
8159	10	
8160	1	
8161	1	
8162	4	
8163	10	
8164	9	
8165	8	
8166	6	
8167	5	
8168	4	
8169	9	
8170	6	
8171	4	
8172	7	
8173	5	
8174	3	
8175	3	
8176	9	
8177	10	
8178	3	
8179	3	
8180	2	
8181	8	
8182	9	
8183	9	
8184	3	
8185	10	
8186	1	
8187	1	
8188	2	
8189	6	
8190	9	
8191	7	
8192	4	
8193	2	
8194	10	
8195	3	
8196	5	
8197	7	
8198	7	
8199	6	
8200	9	
8201	4	
8202	8	
8203	8	
8204	9	
8205	7	
8206	6	
8207	1	
8208	10	
8209	2	
8210	8	
8211	2	
8212	2	
8213	4	
8214	10	
8215	9	
8216	8	
8217	3	
8218	6	
8219	1	
8220	1	
8221	4	
8222	9	
8223	2	
8224	10	
8225	4	
8226	3	
8227	7	
8228	1	
8229	9	
8230	10	
8231	5	
8232	6	
8233	8	
8234	5	
8235	9	
8236	10	
8237	2	
8238	1	
8239	10	
8240	8	
8241	10	
8242	2	
8243	3	
8244	6	
8245	10	
8246	4	
8247	3	
8248	1	
8249	10	
8250	4	
8251	9	
8252	2	
8253	3	
8254	10	
8255	4	
8256	1	
8257	5	
8258	2	
8259	3	
8260	7	
8261	5	
8262	9	
8263	2	
8264	1	
8265	7	
8266	7	
8267	10	
8268	6	
8269	7	
8270	3	
8271	5	
8272	2	
8273	3	
8274	8	
8275	9	
8276	7	
8277	4	
8278	3	
8279	2	
8280	10	
8281	3	
8282	7	
8283	7	
8284	4	
8285	3	
8286	2	
8287	3	
8288	9	
8289	2	
8290	9	
8291	5	
8292	6	
8293	4	
8294	2	
8295	7	
8296	8	
8297	10	
8298	2	
8299	8	
8300	6	
8301	7	
8302	5	
8303	3	
8304	5	
8305	2	
8306	7	
8307	4	
8308	8	
8309	8	
8310	3	
8311	2	
8312	6	
8313	8	
8314	8	
8315	10	
8316	4	
8317	8	
8318	8	
8319	2	
8320	5	
8321	3	
8322	3	
8323	6	
8324	3	
8325	4	
8326	10	
8327	10	
8328	6	
8329	10	
8330	8	
8331	2	
8332	4	
8333	10	
8334	2	
8335	8	
8336	1	
8337	6	
8338	2	
8339	5	
8340	1	
8341	6	
8342	4	
8343	4	
8344	2	
8345	1	
8346	10	
8347	6	
8348	8	
8349	1	
8350	9	
8351	10	
8352	5	
8353	8	
8354	1	
8355	1	
8356	9	
8357	8	
8358	4	
8359	1	
8360	8	
8361	2	
8362	7	
8363	10	
8364	5	
8365	7	
8366	10	
8367	7	
8368	10	
8369	9	
8370	7	
8371	7	
8372	9	
8373	4	
8374	8	
8375	5	
8376	10	
8377	3	
8378	5	
8379	5	
8380	7	
8381	4	
8382	3	
8383	3	
8384	8	
8385	9	
8386	6	
8387	10	
8388	5	
8389	1	
8390	5	
8391	9	
8392	5	
8393	4	
8394	3	
8395	5	
8396	4	
8397	7	
8398	4	
8399	9	
8400	9	
8401	2	
8402	3	
8403	7	
8404	9	
8405	1	
8406	5	
8407	6	
8408	9	
8409	5	
8410	8	
8411	10	
8412	4	
8413	5	
8414	6	
8415	10	
8416	9	
8417	8	
8418	1	
8419	10	
8420	5	
8421	10	
8422	10	
8423	10	
8424	8	
8425	7	
8426	2	
8427	6	
8428	5	
8429	10	
8430	9	
8431	5	
8432	10	
8433	4	
8434	1	
8435	2	
8436	3	
8437	3	
8438	2	
8439	8	
8440	8	
8441	7	
8442	4	
8443	3	
8444	8	
8445	6	
8446	10	
8447	10	
8448	6	
8449	9	
8450	4	
8451	10	
8452	4	
8453	8	
8454	1	
8455	1	
8456	4	
8457	10	
8458	5	
8459	3	
8460	1	
8461	7	
8462	1	
8463	7	
8464	9	
8465	6	
8466	6	
8467	4	
8468	2	
8469	3	
8470	6	
8471	1	
8472	2	
8473	4	
8474	4	
8475	6	
8476	10	
8477	1	
8478	4	
8479	2	
8480	6	
8481	8	
8482	8	
8483	7	
8484	3	
8485	1	
8486	5	
8487	6	
8488	9	
8489	7	
8490	10	
8491	4	
8492	3	
8493	5	
8494	7	
8495	10	
8496	7	
8497	10	
8498	7	
8499	2	
8500	3	
8501	10	
8502	3	
8503	7	
8504	6	
8505	9	
8506	3	
8507	3	
8508	10	
8509	3	
8510	5	
8511	1	
8512	8	
8513	7	
8514	10	
8515	3	
8516	10	
8517	2	
8518	9	
8519	8	
8520	8	
8521	6	
8522	2	
8523	3	
8524	7	
8525	10	
8526	2	
8527	7	
8528	1	
8529	5	
8530	8	
8531	3	
8532	9	
8533	6	
8534	10	
8535	3	
8536	2	
8537	3	
8538	5	
8539	6	
8540	9	
8541	6	
8542	3	
8543	3	
8544	2	
8545	5	
8546	2	
8547	1	
8548	2	
8549	6	
8550	5	
8551	9	
8552	2	
8553	1	
8554	8	
8555	7	
8556	8	
8557	3	
8558	7	
8559	9	
8560	10	
8561	8	
8562	3	
8563	2	
8564	5	
8565	2	
8566	10	
8567	5	
8568	3	
8569	3	
8570	7	
8571	4	
8572	4	
8573	1	
8574	1	
8575	1	
8576	7	
8577	10	
8578	3	
8579	10	
8580	2	
8581	9	
8582	6	
8583	7	
8584	3	
8585	3	
8586	8	
8587	1	
8588	7	
8589	8	
8590	7	
8591	9	
8592	3	
8593	7	
8594	1	
8595	3	
8596	1	
8597	7	
8598	4	
8599	8	
8600	8	
8601	3	
8602	10	
8603	3	
8604	3	
8605	5	
8606	4	
8607	2	
8608	2	
8609	1	
8610	10	
8611	1	
8612	10	
8613	8	
8614	5	
8615	6	
8616	4	
8617	7	
8618	7	
8619	1	
8620	7	
8621	3	
8622	8	
8623	3	
8624	6	
8625	7	
8626	2	
8627	3	
8628	2	
8629	9	
8630	8	
8631	8	
8632	8	
8633	4	
8634	10	
8635	5	
8636	5	
8637	6	
8638	9	
8639	1	
8640	2	
8641	3	
8642	2	
8643	5	
8644	3	
8645	8	
8646	5	
8647	5	
8648	2	
8649	1	
8650	2	
8651	6	
8652	1	
8653	8	
8654	1	
8655	4	
8656	2	
8657	9	
8658	8	
8659	1	
8660	3	
8661	1	
8662	3	
8663	1	
8664	2	
8665	9	
8666	9	
8667	5	
8668	5	
8669	5	
8670	10	
8671	5	
8672	10	
8673	10	
8674	8	
8675	6	
8676	9	
8677	6	
8678	1	
8679	9	
8680	8	
8681	2	
8682	10	
8683	9	
8684	5	
8685	1	
8686	3	
8687	1	
8688	10	
8689	6	
8690	10	
8691	9	
8692	6	
8693	3	
8694	10	
8695	8	
8696	6	
8697	8	
8698	3	
8699	3	
8700	3	
8701	5	
8702	2	
8703	10	
8704	6	
8705	7	
8706	10	
8707	9	
8708	4	
8709	1	
8710	5	
8711	3	
8712	9	
8713	5	
8714	9	
8715	7	
8716	6	
8717	3	
8718	8	
8719	10	
8720	9	
8721	9	
8722	3	
8723	5	
8724	10	
8725	7	
8726	2	
8727	1	
8728	4	
8729	8	
8730	4	
8731	1	
8732	8	
8733	2	
8734	2	
8735	2	
8736	7	
8737	9	
8738	5	
8739	9	
8740	6	
8741	3	
8742	4	
8743	6	
8744	5	
8745	1	
8746	4	
8747	4	
8748	5	
8749	10	
8750	7	
8751	10	
8752	6	
8753	10	
8754	5	
8755	3	
8756	2	
8757	9	
8758	2	
8759	10	
8760	1	
8761	2	
8762	6	
8763	7	
8764	4	
8765	9	
8766	6	
8767	8	
8768	8	
8769	5	
8770	6	
8771	4	
8772	3	
8773	1	
8774	3	
8775	2	
8776	5	
8777	10	
8778	4	
8779	3	
8780	4	
8781	4	
8782	3	
8783	2	
8784	3	
8785	6	
8786	9	
8787	1	
8788	3	
8789	1	
8790	10	
8791	9	
8792	5	
8793	7	
8794	8	
8795	9	
8796	3	
8797	9	
8798	1	
8799	8	
8800	7	
8801	4	
8802	9	
8803	3	
8804	3	
8805	8	
8806	5	
8807	8	
8808	8	
8809	7	
8810	1	
8811	5	
8812	6	
8813	2	
8814	5	
8815	8	
8816	5	
8817	10	
8818	2	
8819	1	
8820	2	
8821	1	
8822	9	
8823	2	
8824	5	
8825	5	
8826	10	
8827	8	
8828	7	
8829	5	
8830	1	
8831	9	
8832	1	
8833	4	
8834	9	
8835	5	
8836	2	
8837	4	
8838	10	
8839	5	
8840	10	
8841	5	
8842	7	
8843	3	
8844	3	
8845	9	
8846	4	
8847	8	
8848	5	
8849	4	
8850	1	
8851	2	
8852	1	
8853	5	
8854	8	
8855	9	
8856	9	
8857	5	
8858	4	
8859	2	
8860	8	
8861	10	
8862	4	
8863	1	
8864	1	
8865	3	
8866	9	
8867	5	
8868	4	
8869	10	
8870	5	
8871	1	
8872	8	
8873	4	
8874	7	
8875	2	
8876	7	
8877	2	
8878	2	
8879	1	
8880	7	
8881	2	
8882	6	
8883	4	
8884	1	
8885	3	
8886	1	
8887	9	
8888	9	
8889	4	
8890	5	
8891	8	
8892	7	
8893	10	
8894	8	
8895	8	
8896	6	
8897	4	
8898	4	
8899	4	
8900	10	
8901	1	
8902	7	
8903	5	
8904	3	
8905	5	
8906	5	
8907	2	
8908	10	
8909	2	
8910	4	
8911	3	
8912	10	
8913	2	
8914	2	
8915	8	
8916	3	
8917	2	
8918	3	
8919	3	
8920	6	
8921	5	
8922	3	
8923	2	
8924	10	
8925	2	
8926	7	
8927	9	
8928	9	
8929	5	
8930	3	
8931	10	
8932	8	
8933	2	
8934	2	
8935	8	
8936	6	
8937	1	
8938	1	
8939	5	
8940	1	
8941	10	
8942	5	
8943	10	
8944	1	
8945	2	
8946	8	
8947	7	
8948	7	
8949	4	
8950	5	
8951	5	
8952	9	
8953	9	
8954	10	
8955	9	
8956	3	
8957	1	
8958	5	
8959	3	
8960	8	
8961	7	
8962	10	
8963	10	
8964	1	
8965	6	
8966	4	
8967	7	
8968	3	
8969	7	
8970	2	
8971	8	
8972	5	
8973	4	
8974	5	
8975	3	
8976	7	
8977	10	
8978	10	
8979	1	
8980	8	
8981	2	
8982	6	
8983	10	
8984	3	
8985	2	
8986	6	
8987	10	
8988	9	
8989	9	
8990	6	
8991	1	
8992	2	
8993	10	
8994	4	
8995	3	
8996	2	
8997	9	
8998	3	
8999	5	
9000	5	
9001	2	
9002	1	
9003	1	
9004	3	
9005	6	
9006	1	
9007	6	
9008	6	
9009	9	
9010	5	
9011	9	
9012	5	
9013	1	
9014	2	
9015	5	
9016	7	
9017	5	
9018	3	
9019	8	
9020	3	
9021	1	
9022	10	
9023	4	
9024	10	
9025	2	
9026	4	
9027	9	
9028	5	
9029	10	
9030	7	
9031	2	
9032	7	
9033	8	
9034	7	
9035	1	
9036	8	
9037	10	
9038	2	
9039	5	
9040	3	
9041	9	
9042	2	
9043	6	
9044	9	
9045	7	
9046	8	
9047	7	
9048	9	
9049	9	
9050	10	
9051	4	
9052	2	
9053	7	
9054	6	
9055	10	
9056	4	
9057	4	
9058	4	
9059	5	
9060	7	
9061	2	
9062	8	
9063	5	
9064	6	
9065	4	
9066	5	
9067	2	
9068	1	
9069	9	
9070	3	
9071	8	
9072	7	
9073	6	
9074	10	
9075	10	
9076	5	
9077	5	
9078	7	
9079	10	
9080	10	
9081	8	
9082	7	
9083	2	
9084	9	
9085	7	
9086	6	
9087	6	
9088	1	
9089	5	
9090	1	
9091	2	
9092	9	
9093	5	
9094	9	
9095	3	
9096	3	
9097	5	
9098	7	
9099	4	
9100	8	
9101	5	
9102	7	
9103	5	
9104	2	
9105	9	
9106	6	
9107	10	
9108	5	
9109	10	
9110	3	
9111	9	
9112	5	
9113	9	
9114	10	
9115	7	
9116	7	
9117	5	
9118	5	
9119	3	
9120	4	
9121	6	
9122	4	
9123	5	
9124	7	
9125	10	
9126	6	
9127	10	
9128	2	
9129	8	
9130	4	
9131	4	
9132	9	
9133	5	
9134	6	
9135	7	
9136	6	
9137	8	
9138	6	
9139	5	
9140	8	
9141	2	
9142	4	
9143	9	
9144	3	
9145	3	
9146	2	
9147	4	
9148	10	
9149	4	
9150	2	
9151	2	
9152	8	
9153	10	
9154	6	
9155	6	
9156	4	
9157	6	
9158	3	
9159	1	
9160	10	
9161	6	
9162	5	
9163	5	
9164	5	
9165	2	
9166	1	
9167	4	
9168	6	
9169	3	
9170	5	
9171	10	
9172	7	
9173	10	
9174	5	
9175	9	
9176	8	
9177	1	
9178	7	
9179	8	
9180	5	
9181	3	
9182	1	
9183	9	
9184	10	
9185	1	
9186	5	
9187	10	
9188	6	
9189	8	
9190	3	
9191	8	
9192	8	
9193	5	
9194	7	
9195	2	
9196	10	
9197	4	
9198	9	
9199	10	
9200	10	
9201	2	
9202	4	
9203	10	
9204	6	
9205	2	
9206	6	
9207	10	
9208	7	
9209	10	
9210	7	
9211	5	
9212	9	
9213	7	
9214	3	
9215	1	
9216	6	
9217	10	
9218	4	
9219	4	
9220	1	
9221	1	
9222	2	
9223	9	
9224	6	
9225	9	
9226	9	
9227	6	
9228	4	
9229	2	
9230	6	
9231	4	
9232	4	
9233	7	
9234	2	
9235	3	
9236	6	
9237	2	
9238	7	
9239	8	
9240	3	
9241	10	
9242	10	
9243	8	
9244	8	
9245	3	
9246	3	
9247	3	
9248	5	
9249	10	
9250	2	
9251	6	
9252	3	
9253	1	
9254	2	
9255	4	
9256	1	
9257	9	
9258	5	
9259	1	
9260	8	
9261	5	
9262	3	
9263	2	
9264	7	
9265	7	
9266	6	
9267	10	
9268	8	
9269	4	
9270	5	
9271	6	
9272	2	
9273	8	
9274	6	
9275	6	
9276	5	
9277	10	
9278	5	
9279	9	
9280	2	
9281	2	
9282	5	
9283	10	
9284	2	
9285	7	
9286	8	
9287	6	
9288	2	
9289	9	
9290	4	
9291	6	
9292	5	
9293	10	
9294	7	
9295	10	
9296	4	
9297	2	
9298	6	
9299	8	
9300	3	
9301	10	
9302	10	
9303	1	
9304	2	
9305	5	
9306	10	
9307	5	
9308	3	
9309	4	
9310	4	
9311	3	
9312	2	
9313	5	
9314	9	
9315	3	
9316	2	
9317	10	
9318	1	
9319	2	
9320	6	
9321	4	
9322	3	
9323	10	
9324	3	
9325	2	
9326	9	
9327	10	
9328	8	
9329	3	
9330	4	
9331	4	
9332	10	
9333	10	
9334	8	
9335	5	
9336	9	
9337	3	
9338	6	
9339	2	
9340	1	
9341	9	
9342	10	
9343	5	
9344	3	
9345	5	
9346	5	
9347	9	
9348	4	
9349	6	
9350	1	
9351	5	
9352	8	
9353	2	
9354	10	
9355	2	
9356	9	
9357	9	
9358	4	
9359	4	
9360	4	
9361	6	
9362	5	
9363	8	
9364	5	
9365	2	
9366	5	
9367	9	
9368	9	
9369	3	
9370	1	
9371	4	
9372	1	
9373	6	
9374	9	
9375	10	
9376	6	
9377	3	
9378	1	
9379	8	
9380	5	
9381	10	
9382	1	
9383	4	
9384	8	
9385	7	
9386	4	
9387	5	
9388	6	
9389	4	
9390	8	
9391	7	
9392	4	
9393	10	
9394	5	
9395	1	
9396	5	
9397	8	
9398	1	
9399	6	
9400	2	
9401	2	
9402	3	
9403	8	
9404	8	
9405	9	
9406	1	
9407	1	
9408	10	
9409	4	
9410	3	
9411	5	
9412	9	
9413	1	
9414	2	
9415	10	
9416	7	
9417	2	
9418	8	
9419	1	
9420	5	
9421	10	
9422	8	
9423	3	
9424	7	
9425	9	
9426	9	
9427	8	
9428	1	
9429	7	
9430	10	
9431	2	
9432	7	
9433	7	
9434	1	
9435	5	
9436	1	
9437	10	
9438	2	
9439	4	
9440	7	
9441	8	
9442	8	
9443	8	
9444	3	
9445	10	
9446	1	
9447	1	
9448	8	
9449	2	
9450	6	
9451	3	
9452	10	
9453	9	
9454	7	
9455	10	
9456	6	
9457	5	
9458	5	
9459	9	
9460	1	
9461	5	
9462	5	
9463	4	
9464	6	
9465	3	
9466	5	
9467	1	
9468	3	
9469	4	
9470	8	
9471	10	
9472	3	
9473	10	
9474	2	
9475	1	
9476	4	
9477	10	
9478	2	
9479	1	
9480	3	
9481	4	
9482	3	
9483	10	
9484	8	
9485	6	
9486	7	
9487	3	
9488	6	
9489	6	
9490	3	
9491	8	
9492	8	
9493	9	
9494	9	
9495	6	
9496	4	
9497	10	
9498	3	
9499	9	
9500	3	
9501	4	
9502	7	
9503	6	
9504	6	
9505	1	
9506	9	
9507	6	
9508	1	
9509	7	
9510	2	
9511	9	
9512	9	
9513	7	
9514	7	
9515	10	
9516	4	
9517	10	
9518	1	
9519	2	
9520	10	
9521	3	
9522	8	
9523	3	
9524	7	
9525	10	
9526	6	
9527	6	
9528	8	
9529	1	
9530	5	
9531	6	
9532	9	
9533	8	
9534	7	
9535	1	
9536	8	
9537	10	
9538	1	
9539	1	
9540	8	
9541	4	
9542	2	
9543	5	
9544	1	
9545	1	
9546	8	
9547	10	
9548	10	
9549	8	
9550	8	
9551	5	
9552	10	
9553	7	
9554	9	
9555	2	
9556	7	
9557	4	
9558	9	
9559	8	
9560	2	
9561	5	
9562	2	
9563	4	
9564	10	
9565	7	
9566	9	
9567	7	
9568	3	
9569	3	
9570	10	
9571	6	
9572	8	
9573	8	
9574	4	
9575	5	
9576	2	
9577	3	
9578	4	
9579	9	
9580	5	
9581	2	
9582	5	
9583	10	
9584	1	
9585	5	
9586	5	
9587	1	
9588	5	
9589	8	
9590	7	
9591	4	
9592	7	
9593	6	
9594	7	
9595	4	
9596	9	
9597	4	
9598	3	
9599	1	
9600	8	
9601	3	
9602	6	
9603	8	
9604	10	
9605	7	
9606	5	
9607	3	
9608	3	
9609	2	
9610	5	
9611	9	
9612	6	
9613	7	
9614	5	
9615	3	
9616	8	
9617	10	
9618	7	
9619	9	
9620	1	
9621	9	
9622	9	
9623	8	
9624	10	
9625	1	
9626	7	
9627	9	
9628	4	
9629	2	
9630	2	
9631	8	
9632	5	
9633	5	
9634	4	
9635	10	
9636	5	
9637	2	
9638	8	
9639	3	
9640	10	
9641	7	
9642	1	
9643	1	
9644	4	
9645	10	
9646	8	
9647	3	
9648	7	
9649	6	
9650	3	
9651	8	
9652	8	
9653	9	
9654	1	
9655	5	
9656	9	
9657	9	
9658	7	
9659	8	
9660	4	
9661	5	
9662	9	
9663	2	
9664	2	
9665	3	
9666	7	
9667	2	
9668	3	
9669	2	
9670	4	
9671	8	
9672	10	
9673	8	
9674	8	
9675	5	
9676	4	
9677	3	
9678	7	
9679	10	
9680	5	
9681	10	
9682	6	
9683	9	
9684	1	
9685	5	
9686	2	
9687	4	
9688	5	
9689	5	
9690	1	
9691	2	
9692	2	
9693	10	
9694	8	
9695	8	
9696	6	
9697	9	
9698	7	
9699	7	
9700	3	
9701	2	
9702	6	
9703	8	
9704	6	
9705	8	
9706	6	
9707	7	
9708	6	
9709	10	
9710	5	
9711	6	
9712	3	
9713	1	
9714	7	
9715	5	
9716	6	
9717	3	
9718	1	
9719	7	
9720	1	
9721	4	
9722	2	
9723	5	
9724	7	
9725	2	
9726	2	
9727	8	
9728	9	
9729	2	
9730	3	
9731	10	
9732	8	
9733	7	
9734	4	
9735	10	
9736	4	
9737	4	
9738	8	
9739	5	
9740	5	
9741	2	
9742	8	
9743	6	
9744	8	
9745	1	
9746	2	
9747	6	
9748	8	
9749	9	
9750	9	
9751	1	
9752	10	
9753	6	
9754	1	
9755	10	
9756	6	
9757	7	
9758	8	
9759	6	
9760	7	
9761	6	
9762	6	
9763	2	
9764	6	
9765	7	
9766	7	
9767	2	
9768	3	
9769	6	
9770	2	
9771	1	
9772	6	
9773	3	
9774	1	
9775	2	
9776	4	
9777	9	
9778	8	
9779	1	
9780	8	
9781	9	
9782	7	
9783	7	
9784	7	
9785	8	
9786	4	
9787	6	
9788	9	
9789	6	
9790	10	
9791	4	
9792	7	
9793	7	
9794	7	
9795	2	
9796	9	
9797	1	
9798	2	
9799	3	
9800	8	
9801	6	
9802	9	
9803	5	
9804	4	
9805	3	
9806	1	
9807	4	
9808	8	
9809	2	
9810	1	
9811	3	
9812	9	
9813	3	
9814	5	
9815	8	
9816	6	
9817	5	
9818	4	
9819	1	
9820	9	
9821	4	
9822	5	
9823	6	
9824	8	
9825	2	
9826	9	
9827	6	
9828	1	
9829	8	
9830	1	
9831	3	
9832	4	
9833	6	
9834	10	
9835	9	
9836	7	
9837	1	
9838	5	
9839	2	
9840	1	
9841	3	
9842	9	
9843	10	
9844	10	
9845	7	
9846	8	
9847	6	
9848	6	
9849	5	
9850	2	
9851	6	
9852	7	
9853	2	
9854	5	
9855	2	
9856	10	
9857	2	
9858	4	
9859	10	
9860	9	
9861	8	
9862	7	
9863	8	
9864	8	
9865	2	
9866	5	
9867	3	
9868	8	
9869	6	
9870	6	
9871	10	
9872	3	
9873	5	
9874	4	
9875	9	
9876	7	
9877	7	
9878	5	
9879	4	
9880	8	
9881	7	
9882	7	
9883	4	
9884	1	
9885	1	
9886	2	
9887	8	
9888	6	
9889	4	
9890	7	
9891	2	
9892	6	
9893	10	
9894	10	
9895	4	
9896	8	
9897	10	
9898	7	
9899	4	
9900	2	
9901	5	
9902	10	
9903	7	
9904	6	
9905	4	
9906	3	
9907	9	
9908	3	
9909	1	
9910	8	
9911	3	
9912	3	
9913	10	
9914	10	
9915	2	
9916	6	
9917	9	
9918	2	
9919	8	
9920	5	
9921	3	
9922	7	
9923	1	
9924	8	
9925	9	
9926	8	
9927	4	
9928	7	
9929	7	
9930	5	
9931	6	
9932	5	
9933	9	
9934	10	
9935	1	
9936	1	
9937	9	
9938	7	
9939	9	
9940	9	
9941	2	
9942	2	
9943	4	
9944	4	
9945	10	
9946	7	
9947	1	
9948	7	
9949	7	
9950	9	
9951	7	
9952	10	
9953	5	
9954	8	
9955	9	
9956	4	
9957	4	
9958	7	
9959	5	
9960	10	
9961	7	
9962	2	
9963	6	
9964	1	
9965	9	
9966	7	
9967	10	
9968	6	
9969	5	
9970	5	
9971	2	
9972	8	
9973	8	
9974	2	
9975	4	
9976	5	
9977	8	
9978	1	
9979	1	
9980	6	
9981	4	
9982	9	
9983	3	
9984	1	
9985	1	
9986	3	
9987	1	
9988	5	
9989	10	
9990	10	
9991	10	
9992	9	
9993	3	
9994	4	
9995	5	
9996	2	
9997	3	
9998	5	
9999	7	
10000	9	
5449
