10000
1	22	
2	14	
3	36	
4	81	
5	54	
6	96	
7	11	
8	34	
9	11	
10	44	
11	26	
12	69	
13	46	
14	98	
15	47	
16	31	
17	95	
18	2	
19	55	
20	88	
21	59	
22	30	
23	54	
24	1	
25	35	
26	74	
27	32	
28	62	
29	68	
30	25	
31	60	
32	98	
33	82	
34	23	
35	30	
36	51	
37	62	
38	51	
39	26	
40	97	
41	1	
42	92	
43	20	
44	76	
45	73	
46	17	
47	36	
48	12	
49	17	
50	62	
51	97	
52	42	
53	63	
54	18	
55	27	
56	94	
57	19	
58	1	
59	70	
60	92	
61	47	
62	1	
63	70	
64	89	
65	38	
66	30	
67	47	
68	61	
69	22	
70	76	
71	84	
72	8	
73	24	
74	25	
75	54	
76	67	
77	85	
78	13	
79	75	
80	5	
81	40	
82	24	
83	65	
84	48	
85	68	
86	88	
87	58	
88	50	
89	4	
90	97	
91	7	
92	27	
93	79	
94	94	
95	2	
96	71	
97	47	
98	83	
99	90	
100	58	
101	99	
102	38	
103	28	
104	66	
105	11	
106	16	
107	9	
108	97	
109	69	
110	83	
111	93	
112	77	
113	3	
114	11	
115	71	
116	65	
117	69	
118	83	
119	27	
120	35	
121	98	
122	27	
123	42	
124	17	
125	3	
126	69	
127	54	
128	22	
129	25	
130	45	
131	84	
132	15	
133	89	
134	34	
135	99	
136	60	
137	75	
138	93	
139	56	
140	78	
141	9	
142	63	
143	53	
144	89	
145	63	
146	36	
147	52	
148	85	
149	15	
150	28	
151	51	
152	15	
153	16	
154	14	
155	64	
156	10	
157	16	
158	13	
159	48	
160	71	
161	3	
162	17	
163	76	
164	72	
165	75	
166	72	
167	97	
168	50	
169	12	
170	99	
171	45	
172	24	
173	43	
174	64	
175	73	
176	1	
177	40	
178	99	
179	60	
180	34	
181	57	
182	39	
183	26	
184	78	
185	27	
186	43	
187	24	
188	63	
189	46	
190	11	
191	76	
192	9	
193	62	
194	98	
195	55	
196	76	
197	90	
198	40	
199	25	
200	83	
201	21	
202	99	
203	17	
204	69	
205	69	
206	71	
207	50	
208	36	
209	17	
210	39	
211	2	
212	26	
213	53	
214	83	
215	12	
216	69	
217	94	
218	86	
219	83	
220	44	
221	4	
222	19	
223	67	
224	70	
225	62	
226	38	
227	29	
228	11	
229	13	
230	65	
231	39	
232	56	
233	79	
234	80	
235	71	
236	30	
237	19	
238	7	
239	7	
240	27	
241	67	
242	61	
243	7	
244	25	
245	72	
246	57	
247	52	
248	96	
249	82	
250	30	
251	1	
252	33	
253	31	
254	52	
255	93	
256	67	
257	46	
258	78	
259	13	
260	43	
261	1	
262	15	
263	9	
264	5	
265	85	
266	16	
267	44	
268	70	
269	51	
270	1	
271	30	
272	53	
273	34	
274	17	
275	47	
276	80	
277	81	
278	32	
279	19	
280	38	
281	87	
282	40	
283	1	
284	57	
285	70	
286	7	
287	17	
288	3	
289	51	
290	25	
291	44	
292	38	
293	62	
294	72	
295	89	
296	85	
297	12	
298	88	
299	12	
300	70	
301	34	
302	37	
303	52	
304	11	
305	69	
306	42	
307	69	
308	63	
309	22	
310	45	
311	76	
312	24	
313	12	
314	48	
315	60	
316	100	
317	43	
318	59	
319	32	
320	27	
321	40	
322	61	
323	86	
324	28	
325	59	
326	61	
327	64	
328	85	
329	24	
330	95	
331	38	
332	25	
333	79	
334	38	
335	16	
336	69	
337	49	
338	17	
339	50	
340	26	
341	31	
342	24	
343	40	
344	10	
345	22	
346	97	
347	30	
348	28	
349	43	
350	61	
351	22	
352	70	
353	26	
354	98	
355	14	
356	51	
357	5	
358	5	
359	89	
360	52	
361	96	
362	39	
363	55	
364	88	
365	44	
366	37	
367	27	
368	18	
369	81	
370	93	
371	54	
372	20	
373	86	
374	8	
375	6	
376	43	
377	49	
378	60	
379	98	
380	11	
381	45	
382	69	
383	82	
384	77	
385	89	
386	17	
387	57	
388	48	
389	4	
390	22	
391	57	
392	7	
393	73	
394	4	
395	34	
396	87	
397	82	
398	98	
399	44	
400	59	
401	50	
402	63	
403	52	
404	65	
405	92	
406	46	
407	60	
408	16	
409	16	
410	44	
411	49	
412	81	
413	19	
414	15	
415	53	
416	72	
417	25	
418	38	
419	50	
420	26	
421	11	
422	9	
423	23	
424	54	
425	2	
426	23	
427	40	
428	54	
429	84	
430	4	
431	53	
432	16	
433	100	
434	15	
435	57	
436	59	
437	72	
438	82	
439	60	
440	37	
441	68	
442	54	
443	38	
444	28	
445	5	
446	58	
447	71	
448	7	
449	25	
450	89	
451	3	
452	27	
453	3	
454	61	
455	36	
456	24	
457	17	
458	84	
459	33	
460	60	
461	95	
462	56	
463	87	
464	4	
465	94	
466	32	
467	28	
468	64	
469	12	
470	91	
471	70	
472	81	
473	24	
474	2	
475	82	
476	77	
477	65	
478	26	
479	15	
480	9	
481	17	
482	1	
483	77	
484	68	
485	3	
486	79	
487	48	
488	2	
489	51	
490	19	
491	37	
492	17	
493	31	
494	29	
495	73	
496	68	
497	37	
498	63	
499	30	
500	84	
501	29	
502	42	
503	43	
504	77	
505	89	
506	59	
507	65	
508	71	
509	33	
510	57	
511	98	
512	2	
513	66	
514	6	
515	27	
516	36	
517	44	
518	75	
519	67	
520	4	
521	39	
522	79	
523	26	
524	94	
525	71	
526	60	
527	81	
528	80	
529	53	
530	63	
531	51	
532	96	
533	2	
534	39	
535	51	
536	72	
537	15	
538	90	
539	38	
540	64	
541	81	
542	48	
543	79	
544	28	
545	80	
546	98	
547	7	
548	52	
549	58	
550	36	
551	80	
552	21	
553	67	
554	61	
555	23	
556	95	
557	100	
558	65	
559	92	
560	39	
561	29	
562	25	
563	86	
564	80	
565	52	
566	77	
567	97	
568	67	
569	45	
570	71	
571	62	
572	25	
573	2	
574	30	
575	75	
576	93	
577	43	
578	11	
579	37	
580	92	
581	56	
582	19	
583	55	
584	78	
585	83	
586	48	
587	42	
588	40	
589	81	
590	59	
591	69	
592	53	
593	26	
594	97	
595	96	
596	91	
597	51	
598	56	
599	42	
600	42	
601	8	
602	5	
603	36	
604	17	
605	4	
606	97	
607	62	
608	17	
609	94	
610	57	
611	78	
612	71	
613	63	
614	88	
615	22	
616	46	
617	37	
618	65	
619	28	
620	24	
621	63	
622	47	
623	57	
624	24	
625	43	
626	91	
627	60	
628	59	
629	34	
630	10	
631	22	
632	4	
633	80	
634	17	
635	98	
636	73	
637	55	
638	94	
639	47	
640	49	
641	38	
642	25	
643	30	
644	98	
645	7	
646	74	
647	47	
648	30	
649	6	
650	40	
651	21	
652	80	
653	82	
654	17	
655	27	
656	82	
657	5	
658	74	
659	96	
660	81	
661	78	
662	41	
663	96	
664	18	
665	100	
666	90	
667	41	
668	41	
669	14	
670	76	
671	11	
672	97	
673	50	
674	47	
675	33	
676	28	
677	31	
678	54	
679	50	
680	62	
681	69	
682	44	
683	60	
684	51	
685	49	
686	12	
687	97	
688	59	
689	44	
690	62	
691	5	
692	56	
693	86	
694	25	
695	57	
696	55	
697	13	
698	81	
699	92	
700	44	
701	1	
702	76	
703	37	
704	68	
705	55	
706	71	
707	82	
708	95	
709	16	
710	71	
711	96	
712	1	
713	96	
714	66	
715	94	
716	82	
717	69	
718	37	
719	52	
720	1	
721	71	
722	73	
723	10	
724	93	
725	96	
726	75	
727	92	
728	56	
729	10	
730	98	
731	97	
732	3	
733	45	
734	38	
735	90	
736	72	
737	13	
738	100	
739	5	
740	84	
741	5	
742	42	
743	45	
744	8	
745	100	
746	33	
747	38	
748	25	
749	58	
750	67	
751	95	
752	5	
753	35	
754	44	
755	73	
756	27	
757	33	
758	23	
759	70	
760	13	
761	93	
762	24	
763	21	
764	13	
765	38	
766	53	
767	70	
768	82	
769	71	
770	43	
771	12	
772	50	
773	11	
774	7	
775	56	
776	23	
777	64	
778	14	
779	73	
780	95	
781	35	
782	75	
783	40	
784	74	
785	60	
786	22	
787	10	
788	44	
789	8	
790	53	
791	31	
792	86	
793	39	
794	72	
795	11	
796	43	
797	48	
798	70	
799	8	
800	20	
801	26	
802	79	
803	45	
804	55	
805	14	
806	5	
807	27	
808	13	
809	53	
810	57	
811	27	
812	5	
813	65	
814	17	
815	80	
816	6	
817	33	
818	45	
819	91	
820	37	
821	31	
822	56	
823	39	
824	86	
825	3	
826	46	
827	80	
828	93	
829	54	
830	56	
831	58	
832	94	
833	97	
834	77	
835	92	
836	7	
837	89	
838	13	
839	11	
840	75	
841	71	
842	25	
843	83	
844	43	
845	75	
846	24	
847	66	
848	38	
849	67	
850	66	
851	70	
852	41	
853	30	
854	97	
855	60	
856	49	
857	86	
858	57	
859	83	
860	10	
861	37	
862	45	
863	53	
864	96	
865	17	
866	44	
867	67	
868	48	
869	33	
870	79	
871	86	
872	52	
873	97	
874	51	
875	14	
876	40	
877	26	
878	25	
879	51	
880	65	
881	13	
882	56	
883	7	
884	18	
885	15	
886	39	
887	81	
888	48	
889	27	
890	14	
891	30	
892	79	
893	84	
894	2	
895	83	
896	77	
897	82	
898	70	
899	3	
900	35	
901	66	
902	86	
903	4	
904	69	
905	20	
906	59	
907	43	
908	17	
909	50	
910	16	
911	31	
912	48	
913	52	
914	48	
915	87	
916	21	
917	43	
918	83	
919	12	
920	99	
921	48	
922	72	
923	38	
924	60	
925	56	
926	58	
927	24	
928	66	
929	63	
930	84	
931	11	
932	71	
933	87	
934	31	
935	69	
936	26	
937	100	
938	80	
939	55	
940	25	
941	95	
942	92	
943	69	
944	11	
945	28	
946	74	
947	6	
948	100	
949	69	
950	73	
951	38	
952	86	
953	54	
954	36	
955	74	
956	96	
957	69	
958	3	
959	36	
960	18	
961	29	
962	97	
963	37	
964	14	
965	93	
966	97	
967	24	
968	2	
969	24	
970	63	
971	46	
972	77	
973	87	
974	6	
975	74	
976	25	
977	60	
978	21	
979	71	
980	95	
981	91	
982	8	
983	87	
984	48	
985	25	
986	38	
987	68	
988	96	
989	34	
990	37	
991	66	
992	10	
993	92	
994	75	
995	50	
996	69	
997	15	
998	53	
999	54	
1000	74	
1001	41	
1002	12	
1003	43	
1004	45	
1005	65	
1006	21	
1007	85	
1008	79	
1009	57	
1010	10	
1011	7	
1012	14	
1013	22	
1014	17	
1015	62	
1016	82	
1017	80	
1018	21	
1019	41	
1020	95	
1021	12	
1022	98	
1023	35	
1024	14	
1025	95	
1026	95	
1027	73	
1028	35	
1029	10	
1030	67	
1031	90	
1032	2	
1033	2	
1034	54	
1035	43	
1036	88	
1037	47	
1038	38	
1039	75	
1040	92	
1041	6	
1042	21	
1043	82	
1044	52	
1045	53	
1046	7	
1047	79	
1048	55	
1049	39	
1050	38	
1051	100	
1052	22	
1053	39	
1054	71	
1055	54	
1056	69	
1057	87	
1058	8	
1059	99	
1060	17	
1061	74	
1062	66	
1063	41	
1064	61	
1065	64	
1066	29	
1067	50	
1068	15	
1069	46	
1070	37	
1071	72	
1072	61	
1073	13	
1074	29	
1075	91	
1076	90	
1077	13	
1078	7	
1079	88	
1080	76	
1081	72	
1082	56	
1083	22	
1084	45	
1085	42	
1086	11	
1087	28	
1088	20	
1089	47	
1090	15	
1091	52	
1092	47	
1093	6	
1094	35	
1095	27	
1096	12	
1097	3	
1098	23	
1099	35	
1100	29	
1101	22	
1102	65	
1103	27	
1104	86	
1105	7	
1106	83	
1107	3	
1108	95	
1109	46	
1110	33	
1111	19	
1112	85	
1113	33	
1114	89	
1115	90	
1116	87	
1117	46	
1118	20	
1119	69	
1120	31	
1121	9	
1122	56	
1123	67	
1124	72	
1125	47	
1126	45	
1127	31	
1128	14	
1129	94	
1130	18	
1131	7	
1132	79	
1133	58	
1134	11	
1135	9	
1136	54	
1137	11	
1138	50	
1139	78	
1140	44	
1141	47	
1142	24	
1143	80	
1144	49	
1145	26	
1146	74	
1147	45	
1148	25	
1149	14	
1150	39	
1151	56	
1152	89	
1153	30	
1154	54	
1155	77	
1156	49	
1157	73	
1158	29	
1159	58	
1160	5	
1161	2	
1162	66	
1163	42	
1164	73	
1165	98	
1166	19	
1167	66	
1168	34	
1169	23	
1170	19	
1171	31	
1172	93	
1173	29	
1174	17	
1175	45	
1176	85	
1177	28	
1178	22	
1179	3	
1180	23	
1181	79	
1182	47	
1183	86	
1184	39	
1185	89	
1186	42	
1187	77	
1188	13	
1189	3	
1190	91	
1191	12	
1192	90	
1193	86	
1194	65	
1195	83	
1196	55	
1197	96	
1198	32	
1199	69	
1200	46	
1201	64	
1202	78	
1203	71	
1204	29	
1205	55	
1206	16	
1207	7	
1208	72	
1209	23	
1210	75	
1211	20	
1212	36	
1213	69	
1214	97	
1215	50	
1216	20	
1217	16	
1218	23	
1219	80	
1220	93	
1221	18	
1222	43	
1223	32	
1224	8	
1225	11	
1226	49	
1227	94	
1228	44	
1229	70	
1230	83	
1231	11	
1232	13	
1233	25	
1234	34	
1235	1	
1236	21	
1237	11	
1238	92	
1239	49	
1240	100	
1241	43	
1242	38	
1243	95	
1244	93	
1245	91	
1246	29	
1247	9	
1248	21	
1249	39	
1250	70	
1251	6	
1252	45	
1253	49	
1254	100	
1255	91	
1256	44	
1257	33	
1258	94	
1259	77	
1260	32	
1261	32	
1262	67	
1263	87	
1264	20	
1265	47	
1266	72	
1267	26	
1268	33	
1269	98	
1270	70	
1271	25	
1272	54	
1273	35	
1274	50	
1275	8	
1276	74	
1277	46	
1278	18	
1279	55	
1280	2	
1281	67	
1282	67	
1283	14	
1284	65	
1285	17	
1286	42	
1287	4	
1288	13	
1289	88	
1290	33	
1291	10	
1292	5	
1293	80	
1294	9	
1295	46	
1296	91	
1297	93	
1298	95	
1299	78	
1300	8	
1301	19	
1302	65	
1303	52	
1304	49	
1305	83	
1306	40	
1307	45	
1308	46	
1309	45	
1310	81	
1311	100	
1312	54	
1313	68	
1314	81	
1315	65	
1316	32	
1317	46	
1318	83	
1319	68	
1320	49	
1321	35	
1322	34	
1323	89	
1324	13	
1325	31	
1326	49	
1327	12	
1328	1	
1329	52	
1330	64	
1331	100	
1332	63	
1333	72	
1334	82	
1335	61	
1336	83	
1337	37	
1338	39	
1339	12	
1340	37	
1341	86	
1342	45	
1343	19	
1344	62	
1345	38	
1346	81	
1347	83	
1348	94	
1349	27	
1350	1	
1351	75	
1352	65	
1353	38	
1354	40	
1355	84	
1356	8	
1357	48	
1358	90	
1359	100	
1360	62	
1361	88	
1362	55	
1363	89	
1364	33	
1365	93	
1366	37	
1367	81	
1368	36	
1369	15	
1370	48	
1371	37	
1372	97	
1373	46	
1374	76	
1375	60	
1376	90	
1377	84	
1378	83	
1379	83	
1380	100	
1381	61	
1382	88	
1383	84	
1384	25	
1385	38	
1386	80	
1387	64	
1388	7	
1389	53	
1390	73	
1391	75	
1392	92	
1393	5	
1394	32	
1395	16	
1396	3	
1397	76	
1398	25	
1399	48	
1400	22	
1401	61	
1402	71	
1403	61	
1404	76	
1405	40	
1406	71	
1407	20	
1408	9	
1409	87	
1410	90	
1411	18	
1412	42	
1413	92	
1414	57	
1415	68	
1416	12	
1417	87	
1418	26	
1419	20	
1420	38	
1421	15	
1422	82	
1423	33	
1424	65	
1425	90	
1426	22	
1427	47	
1428	21	
1429	98	
1430	71	
1431	65	
1432	39	
1433	64	
1434	68	
1435	52	
1436	82	
1437	86	
1438	17	
1439	71	
1440	16	
1441	50	
1442	67	
1443	35	
1444	80	
1445	75	
1446	16	
1447	43	
1448	86	
1449	61	
1450	77	
1451	18	
1452	32	
1453	57	
1454	92	
1455	29	
1456	73	
1457	3	
1458	65	
1459	67	
1460	54	
1461	62	
1462	71	
1463	53	
1464	7	
1465	4	
1466	14	
1467	38	
1468	28	
1469	28	
1470	52	
1471	9	
1472	30	
1473	34	
1474	9	
1475	27	
1476	49	
1477	47	
1478	44	
1479	12	
1480	89	
1481	71	
1482	50	
1483	55	
1484	6	
1485	4	
1486	68	
1487	8	
1488	2	
1489	78	
1490	23	
1491	43	
1492	35	
1493	90	
1494	64	
1495	11	
1496	47	
1497	33	
1498	17	
1499	86	
1500	54	
1501	48	
1502	4	
1503	13	
1504	92	
1505	43	
1506	81	
1507	82	
1508	58	
1509	47	
1510	94	
1511	99	
1512	99	
1513	42	
1514	80	
1515	22	
1516	60	
1517	20	
1518	69	
1519	33	
1520	53	
1521	97	
1522	41	
1523	25	
1524	28	
1525	95	
1526	7	
1527	12	
1528	91	
1529	42	
1530	59	
1531	64	
1532	16	
1533	48	
1534	27	
1535	24	
1536	82	
1537	20	
1538	71	
1539	11	
1540	26	
1541	32	
1542	54	
1543	30	
1544	80	
1545	5	
1546	93	
1547	100	
1548	97	
1549	32	
1550	84	
1551	93	
1552	5	
1553	20	
1554	38	
1555	73	
1556	20	
1557	56	
1558	16	
1559	84	
1560	74	
1561	92	
1562	90	
1563	94	
1564	73	
1565	80	
1566	6	
1567	65	
1568	47	
1569	66	
1570	46	
1571	3	
1572	10	
1573	14	
1574	3	
1575	39	
1576	61	
1577	49	
1578	26	
1579	89	
1580	98	
1581	37	
1582	5	
1583	76	
1584	8	
1585	32	
1586	40	
1587	41	
1588	96	
1589	58	
1590	66	
1591	18	
1592	37	
1593	30	
1594	86	
1595	34	
1596	98	
1597	77	
1598	36	
1599	97	
1600	92	
1601	60	
1602	39	
1603	2	
1604	58	
1605	96	
1606	14	
1607	19	
1608	2	
1609	38	
1610	82	
1611	76	
1612	63	
1613	58	
1614	39	
1615	29	
1616	67	
1617	41	
1618	4	
1619	27	
1620	55	
1621	41	
1622	53	
1623	43	
1624	88	
1625	53	
1626	80	
1627	16	
1628	2	
1629	87	
1630	35	
1631	24	
1632	28	
1633	51	
1634	30	
1635	23	
1636	9	
1637	99	
1638	83	
1639	61	
1640	55	
1641	87	
1642	63	
1643	50	
1644	55	
1645	76	
1646	59	
1647	17	
1648	73	
1649	11	
1650	69	
1651	75	
1652	78	
1653	16	
1654	35	
1655	99	
1656	70	
1657	60	
1658	84	
1659	97	
1660	58	
1661	89	
1662	52	
1663	65	
1664	49	
1665	55	
1666	90	
1667	3	
1668	36	
1669	59	
1670	49	
1671	26	
1672	3	
1673	9	
1674	5	
1675	34	
1676	23	
1677	7	
1678	85	
1679	16	
1680	47	
1681	77	
1682	100	
1683	14	
1684	97	
1685	44	
1686	98	
1687	29	
1688	12	
1689	25	
1690	50	
1691	17	
1692	5	
1693	96	
1694	10	
1695	93	
1696	92	
1697	67	
1698	12	
1699	97	
1700	62	
1701	79	
1702	13	
1703	61	
1704	42	
1705	11	
1706	53	
1707	38	
1708	70	
1709	50	
1710	68	
1711	73	
1712	1	
1713	3	
1714	29	
1715	76	
1716	47	
1717	20	
1718	82	
1719	94	
1720	14	
1721	77	
1722	69	
1723	88	
1724	5	
1725	4	
1726	34	
1727	19	
1728	48	
1729	96	
1730	19	
1731	6	
1732	72	
1733	60	
1734	62	
1735	91	
1736	6	
1737	11	
1738	43	
1739	3	
1740	49	
1741	58	
1742	85	
1743	97	
1744	10	
1745	31	
1746	59	
1747	52	
1748	17	
1749	30	
1750	33	
1751	86	
1752	71	
1753	11	
1754	1	
1755	65	
1756	47	
1757	64	
1758	76	
1759	65	
1760	99	
1761	86	
1762	12	
1763	94	
1764	10	
1765	77	
1766	29	
1767	68	
1768	13	
1769	22	
1770	15	
1771	80	
1772	16	
1773	55	
1774	11	
1775	39	
1776	95	
1777	51	
1778	87	
1779	60	
1780	19	
1781	63	
1782	28	
1783	4	
1784	39	
1785	81	
1786	60	
1787	12	
1788	10	
1789	53	
1790	11	
1791	24	
1792	41	
1793	28	
1794	71	
1795	41	
1796	23	
1797	27	
1798	94	
1799	80	
1800	59	
1801	91	
1802	24	
1803	7	
1804	78	
1805	20	
1806	83	
1807	44	
1808	19	
1809	83	
1810	89	
1811	49	
1812	60	
1813	86	
1814	78	
1815	52	
1816	84	
1817	80	
1818	100	
1819	59	
1820	28	
1821	83	
1822	36	
1823	55	
1824	64	
1825	75	
1826	7	
1827	33	
1828	72	
1829	86	
1830	100	
1831	74	
1832	17	
1833	92	
1834	23	
1835	64	
1836	40	
1837	42	
1838	41	
1839	76	
1840	55	
1841	76	
1842	52	
1843	53	
1844	45	
1845	41	
1846	13	
1847	100	
1848	64	
1849	79	
1850	41	
1851	80	
1852	66	
1853	81	
1854	46	
1855	64	
1856	82	
1857	3	
1858	5	
1859	97	
1860	53	
1861	29	
1862	48	
1863	2	
1864	27	
1865	57	
1866	51	
1867	64	
1868	85	
1869	76	
1870	28	
1871	34	
1872	43	
1873	54	
1874	44	
1875	28	
1876	25	
1877	32	
1878	10	
1879	42	
1880	64	
1881	15	
1882	36	
1883	75	
1884	31	
1885	36	
1886	59	
1887	79	
1888	47	
1889	67	
1890	97	
1891	63	
1892	37	
1893	65	
1894	38	
1895	62	
1896	29	
1897	52	
1898	89	
1899	39	
1900	19	
1901	71	
1902	97	
1903	99	
1904	86	
1905	92	
1906	79	
1907	18	
1908	65	
1909	57	
1910	16	
1911	82	
1912	43	
1913	56	
1914	97	
1915	85	
1916	16	
1917	3	
1918	8	
1919	14	
1920	60	
1921	35	
1922	70	
1923	12	
1924	17	
1925	82	
1926	17	
1927	64	
1928	34	
1929	3	
1930	77	
1931	9	
1932	47	
1933	3	
1934	92	
1935	87	
1936	89	
1937	51	
1938	47	
1939	22	
1940	25	
1941	73	
1942	32	
1943	30	
1944	54	
1945	73	
1946	4	
1947	38	
1948	29	
1949	15	
1950	4	
1951	46	
1952	49	
1953	65	
1954	29	
1955	40	
1956	65	
1957	3	
1958	22	
1959	100	
1960	26	
1961	66	
1962	86	
1963	85	
1964	40	
1965	71	
1966	28	
1967	5	
1968	24	
1969	59	
1970	61	
1971	37	
1972	48	
1973	87	
1974	26	
1975	95	
1976	64	
1977	23	
1978	12	
1979	41	
1980	65	
1981	20	
1982	93	
1983	26	
1984	62	
1985	67	
1986	69	
1987	54	
1988	64	
1989	9	
1990	92	
1991	87	
1992	15	
1993	38	
1994	17	
1995	24	
1996	28	
1997	16	
1998	42	
1999	46	
2000	50	
2001	35	
2002	60	
2003	50	
2004	19	
2005	13	
2006	41	
2007	24	
2008	38	
2009	45	
2010	69	
2011	8	
2012	65	
2013	17	
2014	43	
2015	28	
2016	14	
2017	1	
2018	68	
2019	18	
2020	31	
2021	71	
2022	24	
2023	13	
2024	99	
2025	31	
2026	5	
2027	49	
2028	3	
2029	38	
2030	9	
2031	57	
2032	48	
2033	40	
2034	81	
2035	50	
2036	34	
2037	28	
2038	70	
2039	15	
2040	96	
2041	76	
2042	57	
2043	64	
2044	60	
2045	67	
2046	40	
2047	21	
2048	5	
2049	21	
2050	35	
2051	94	
2052	25	
2053	98	
2054	86	
2055	97	
2056	6	
2057	20	
2058	75	
2059	81	
2060	31	
2061	88	
2062	58	
2063	11	
2064	10	
2065	74	
2066	95	
2067	1	
2068	68	
2069	59	
2070	100	
2071	65	
2072	69	
2073	64	
2074	85	
2075	12	
2076	55	
2077	58	
2078	34	
2079	56	
2080	57	
2081	88	
2082	21	
2083	84	
2084	11	
2085	42	
2086	77	
2087	73	
2088	82	
2089	90	
2090	87	
2091	84	
2092	74	
2093	59	
2094	65	
2095	12	
2096	63	
2097	8	
2098	43	
2099	78	
2100	86	
2101	63	
2102	16	
2103	81	
2104	78	
2105	60	
2106	4	
2107	1	
2108	98	
2109	33	
2110	61	
2111	58	
2112	40	
2113	5	
2114	96	
2115	8	
2116	69	
2117	14	
2118	14	
2119	58	
2120	44	
2121	53	
2122	12	
2123	69	
2124	36	
2125	3	
2126	1	
2127	23	
2128	27	
2129	3	
2130	49	
2131	66	
2132	75	
2133	32	
2134	62	
2135	44	
2136	75	
2137	61	
2138	72	
2139	26	
2140	36	
2141	81	
2142	26	
2143	91	
2144	34	
2145	38	
2146	92	
2147	31	
2148	94	
2149	79	
2150	84	
2151	74	
2152	7	
2153	80	
2154	43	
2155	69	
2156	14	
2157	3	
2158	91	
2159	13	
2160	56	
2161	62	
2162	37	
2163	65	
2164	32	
2165	61	
2166	65	
2167	86	
2168	27	
2169	71	
2170	46	
2171	69	
2172	62	
2173	1	
2174	97	
2175	22	
2176	40	
2177	80	
2178	50	
2179	97	
2180	87	
2181	93	
2182	49	
2183	97	
2184	5	
2185	92	
2186	12	
2187	23	
2188	4	
2189	59	
2190	43	
2191	98	
2192	32	
2193	30	
2194	14	
2195	70	
2196	29	
2197	19	
2198	86	
2199	42	
2200	51	
2201	21	
2202	25	
2203	15	
2204	52	
2205	58	
2206	1	
2207	64	
2208	66	
2209	58	
2210	26	
2211	46	
2212	67	
2213	15	
2214	10	
2215	31	
2216	99	
2217	53	
2218	14	
2219	8	
2220	85	
2221	89	
2222	76	
2223	65	
2224	79	
2225	75	
2226	12	
2227	53	
2228	61	
2229	93	
2230	57	
2231	49	
2232	71	
2233	12	
2234	66	
2235	83	
2236	73	
2237	24	
2238	3	
2239	13	
2240	3	
2241	9	
2242	32	
2243	17	
2244	43	
2245	70	
2246	2	
2247	47	
2248	12	
2249	54	
2250	58	
2251	16	
2252	11	
2253	87	
2254	75	
2255	51	
2256	31	
2257	48	
2258	100	
2259	60	
2260	53	
2261	89	
2262	57	
2263	14	
2264	58	
2265	95	
2266	49	
2267	6	
2268	10	
2269	6	
2270	79	
2271	60	
2272	44	
2273	17	
2274	59	
2275	91	
2276	7	
2277	41	
2278	31	
2279	38	
2280	17	
2281	72	
2282	56	
2283	50	
2284	99	
2285	97	
2286	59	
2287	23	
2288	61	
2289	54	
2290	98	
2291	25	
2292	21	
2293	40	
2294	87	
2295	50	
2296	93	
2297	55	
2298	17	
2299	92	
2300	34	
2301	21	
2302	12	
2303	17	
2304	37	
2305	65	
2306	87	
2307	23	
2308	70	
2309	65	
2310	85	
2311	71	
2312	61	
2313	26	
2314	51	
2315	83	
2316	55	
2317	100	
2318	37	
2319	90	
2320	92	
2321	85	
2322	10	
2323	85	
2324	52	
2325	93	
2326	58	
2327	17	
2328	11	
2329	56	
2330	67	
2331	28	
2332	14	
2333	92	
2334	43	
2335	46	
2336	73	
2337	50	
2338	46	
2339	94	
2340	33	
2341	82	
2342	14	
2343	23	
2344	58	
2345	73	
2346	43	
2347	27	
2348	99	
2349	64	
2350	17	
2351	64	
2352	38	
2353	4	
2354	19	
2355	75	
2356	55	
2357	42	
2358	43	
2359	74	
2360	89	
2361	49	
2362	23	
2363	11	
2364	18	
2365	92	
2366	96	
2367	53	
2368	69	
2369	99	
2370	38	
2371	91	
2372	60	
2373	11	
2374	44	
2375	54	
2376	41	
2377	77	
2378	30	
2379	61	
2380	47	
2381	53	
2382	34	
2383	92	
2384	92	
2385	68	
2386	46	
2387	20	
2388	1	
2389	27	
2390	42	
2391	50	
2392	79	
2393	55	
2394	96	
2395	37	
2396	25	
2397	33	
2398	6	
2399	2	
2400	73	
2401	17	
2402	79	
2403	20	
2404	54	
2405	37	
2406	91	
2407	71	
2408	89	
2409	81	
2410	6	
2411	86	
2412	18	
2413	2	
2414	77	
2415	87	
2416	1	
2417	80	
2418	70	
2419	99	
2420	7	
2421	10	
2422	63	
2423	77	
2424	56	
2425	30	
2426	71	
2427	1	
2428	24	
2429	71	
2430	5	
2431	39	
2432	28	
2433	32	
2434	54	
2435	58	
2436	68	
2437	100	
2438	12	
2439	27	
2440	4	
2441	6	
2442	39	
2443	18	
2444	1	
2445	100	
2446	6	
2447	41	
2448	14	
2449	81	
2450	52	
2451	17	
2452	49	
2453	88	
2454	1	
2455	30	
2456	33	
2457	33	
2458	63	
2459	60	
2460	91	
2461	21	
2462	91	
2463	14	
2464	55	
2465	59	
2466	19	
2467	8	
2468	6	
2469	3	
2470	23	
2471	6	
2472	55	
2473	51	
2474	91	
2475	72	
2476	19	
2477	46	
2478	88	
2479	29	
2480	99	
2481	43	
2482	88	
2483	82	
2484	62	
2485	92	
2486	4	
2487	30	
2488	85	
2489	69	
2490	65	
2491	5	
2492	65	
2493	35	
2494	26	
2495	91	
2496	93	
2497	27	
2498	34	
2499	56	
2500	99	
2501	39	
2502	92	
2503	55	
2504	81	
2505	9	
2506	7	
2507	33	
2508	85	
2509	5	
2510	48	
2511	52	
2512	47	
2513	21	
2514	13	
2515	22	
2516	51	
2517	32	
2518	29	
2519	24	
2520	85	
2521	25	
2522	33	
2523	13	
2524	3	
2525	59	
2526	38	
2527	47	
2528	95	
2529	60	
2530	46	
2531	11	
2532	47	
2533	67	
2534	74	
2535	31	
2536	15	
2537	44	
2538	78	
2539	60	
2540	87	
2541	29	
2542	33	
2543	9	
2544	27	
2545	24	
2546	68	
2547	20	
2548	96	
2549	17	
2550	24	
2551	50	
2552	57	
2553	38	
2554	6	
2555	32	
2556	69	
2557	15	
2558	49	
2559	98	
2560	97	
2561	85	
2562	52	
2563	36	
2564	8	
2565	16	
2566	25	
2567	17	
2568	60	
2569	32	
2570	54	
2571	34	
2572	16	
2573	45	
2574	84	
2575	13	
2576	70	
2577	52	
2578	84	
2579	12	
2580	84	
2581	30	
2582	9	
2583	89	
2584	37	
2585	16	
2586	21	
2587	53	
2588	82	
2589	87	
2590	37	
2591	31	
2592	2	
2593	47	
2594	47	
2595	64	
2596	64	
2597	82	
2598	23	
2599	98	
2600	94	
2601	68	
2602	64	
2603	91	
2604	33	
2605	14	
2606	17	
2607	4	
2608	29	
2609	32	
2610	83	
2611	55	
2612	60	
2613	64	
2614	91	
2615	76	
2616	44	
2617	18	
2618	58	
2619	85	
2620	66	
2621	44	
2622	50	
2623	3	
2624	11	
2625	18	
2626	56	
2627	55	
2628	43	
2629	56	
2630	53	
2631	42	
2632	2	
2633	28	
2634	71	
2635	82	
2636	10	
2637	75	
2638	31	
2639	17	
2640	56	
2641	73	
2642	66	
2643	33	
2644	71	
2645	31	
2646	66	
2647	53	
2648	26	
2649	57	
2650	20	
2651	92	
2652	31	
2653	82	
2654	89	
2655	46	
2656	84	
2657	5	
2658	22	
2659	32	
2660	7	
2661	7	
2662	50	
2663	4	
2664	23	
2665	49	
2666	68	
2667	96	
2668	30	
2669	29	
2670	19	
2671	37	
2672	30	
2673	50	
2674	60	
2675	18	
2676	90	
2677	14	
2678	56	
2679	12	
2680	49	
2681	57	
2682	68	
2683	45	
2684	95	
2685	80	
2686	50	
2687	39	
2688	48	
2689	36	
2690	15	
2691	16	
2692	94	
2693	75	
2694	4	
2695	89	
2696	11	
2697	71	
2698	95	
2699	44	
2700	10	
2701	76	
2702	81	
2703	88	
2704	64	
2705	64	
2706	19	
2707	81	
2708	89	
2709	10	
2710	47	
2711	38	
2712	18	
2713	17	
2714	65	
2715	41	
2716	82	
2717	67	
2718	80	
2719	99	
2720	80	
2721	85	
2722	72	
2723	86	
2724	88	
2725	27	
2726	40	
2727	69	
2728	39	
2729	34	
2730	63	
2731	95	
2732	13	
2733	7	
2734	24	
2735	57	
2736	98	
2737	7	
2738	43	
2739	47	
2740	91	
2741	6	
2742	31	
2743	7	
2744	52	
2745	66	
2746	88	
2747	63	
2748	85	
2749	51	
2750	92	
2751	14	
2752	47	
2753	78	
2754	52	
2755	39	
2756	82	
2757	36	
2758	93	
2759	31	
2760	2	
2761	5	
2762	61	
2763	41	
2764	100	
2765	71	
2766	53	
2767	69	
2768	87	
2769	2	
2770	26	
2771	27	
2772	61	
2773	39	
2774	38	
2775	11	
2776	61	
2777	39	
2778	5	
2779	88	
2780	32	
2781	67	
2782	50	
2783	63	
2784	58	
2785	3	
2786	49	
2787	31	
2788	76	
2789	5	
2790	12	
2791	15	
2792	29	
2793	97	
2794	40	
2795	13	
2796	75	
2797	100	
2798	87	
2799	23	
2800	24	
2801	82	
2802	22	
2803	34	
2804	39	
2805	53	
2806	97	
2807	81	
2808	6	
2809	97	
2810	47	
2811	76	
2812	67	
2813	72	
2814	9	
2815	87	
2816	33	
2817	50	
2818	12	
2819	5	
2820	61	
2821	15	
2822	13	
2823	87	
2824	32	
2825	61	
2826	93	
2827	64	
2828	97	
2829	33	
2830	31	
2831	52	
2832	45	
2833	67	
2834	31	
2835	60	
2836	52	
2837	36	
2838	87	
2839	46	
2840	10	
2841	52	
2842	75	
2843	34	
2844	97	
2845	70	
2846	70	
2847	9	
2848	71	
2849	65	
2850	44	
2851	2	
2852	42	
2853	90	
2854	95	
2855	5	
2856	74	
2857	94	
2858	28	
2859	70	
2860	59	
2861	31	
2862	61	
2863	32	
2864	29	
2865	8	
2866	94	
2867	48	
2868	73	
2869	95	
2870	34	
2871	17	
2872	82	
2873	87	
2874	17	
2875	3	
2876	51	
2877	92	
2878	45	
2879	54	
2880	53	
2881	92	
2882	82	
2883	26	
2884	7	
2885	5	
2886	35	
2887	58	
2888	100	
2889	56	
2890	13	
2891	22	
2892	32	
2893	81	
2894	24	
2895	14	
2896	28	
2897	93	
2898	95	
2899	11	
2900	13	
2901	22	
2902	23	
2903	23	
2904	2	
2905	75	
2906	64	
2907	79	
2908	100	
2909	83	
2910	97	
2911	86	
2912	35	
2913	100	
2914	42	
2915	80	
2916	59	
2917	81	
2918	81	
2919	69	
2920	41	
2921	34	
2922	71	
2923	65	
2924	9	
2925	16	
2926	5	
2927	63	
2928	100	
2929	76	
2930	89	
2931	21	
2932	93	
2933	50	
2934	33	
2935	83	
2936	69	
2937	16	
2938	85	
2939	25	
2940	37	
2941	10	
2942	22	
2943	40	
2944	20	
2945	37	
2946	59	
2947	93	
2948	19	
2949	70	
2950	48	
2951	3	
2952	98	
2953	57	
2954	10	
2955	15	
2956	70	
2957	8	
2958	44	
2959	3	
2960	99	
2961	91	
2962	73	
2963	45	
2964	73	
2965	83	
2966	73	
2967	3	
2968	72	
2969	29	
2970	39	
2971	38	
2972	73	
2973	86	
2974	62	
2975	53	
2976	85	
2977	42	
2978	6	
2979	88	
2980	39	
2981	23	
2982	9	
2983	43	
2984	87	
2985	73	
2986	39	
2987	11	
2988	59	
2989	56	
2990	20	
2991	45	
2992	41	
2993	11	
2994	39	
2995	27	
2996	48	
2997	85	
2998	79	
2999	29	
3000	7	
3001	23	
3002	75	
3003	65	
3004	2	
3005	87	
3006	67	
3007	64	
3008	17	
3009	68	
3010	70	
3011	94	
3012	14	
3013	5	
3014	63	
3015	78	
3016	43	
3017	37	
3018	70	
3019	17	
3020	27	
3021	65	
3022	62	
3023	58	
3024	80	
3025	43	
3026	78	
3027	89	
3028	47	
3029	79	
3030	86	
3031	65	
3032	69	
3033	45	
3034	61	
3035	99	
3036	54	
3037	4	
3038	29	
3039	66	
3040	21	
3041	23	
3042	40	
3043	23	
3044	80	
3045	79	
3046	35	
3047	52	
3048	95	
3049	25	
3050	59	
3051	55	
3052	30	
3053	3	
3054	1	
3055	5	
3056	73	
3057	56	
3058	99	
3059	29	
3060	98	
3061	66	
3062	55	
3063	8	
3064	98	
3065	53	
3066	16	
3067	24	
3068	45	
3069	90	
3070	26	
3071	87	
3072	85	
3073	70	
3074	100	
3075	10	
3076	63	
3077	50	
3078	41	
3079	21	
3080	87	
3081	83	
3082	33	
3083	19	
3084	90	
3085	45	
3086	98	
3087	55	
3088	3	
3089	9	
3090	62	
3091	12	
3092	64	
3093	97	
3094	57	
3095	34	
3096	92	
3097	16	
3098	9	
3099	35	
3100	68	
3101	93	
3102	20	
3103	10	
3104	100	
3105	38	
3106	57	
3107	28	
3108	25	
3109	26	
3110	96	
3111	36	
3112	30	
3113	25	
3114	21	
3115	29	
3116	28	
3117	16	
3118	77	
3119	88	
3120	68	
3121	48	
3122	66	
3123	89	
3124	34	
3125	65	
3126	77	
3127	62	
3128	37	
3129	73	
3130	16	
3131	9	
3132	43	
3133	12	
3134	35	
3135	84	
3136	15	
3137	46	
3138	52	
3139	89	
3140	50	
3141	38	
3142	13	
3143	73	
3144	1	
3145	3	
3146	78	
3147	95	
3148	47	
3149	64	
3150	25	
3151	83	
3152	9	
3153	50	
3154	20	
3155	61	
3156	23	
3157	58	
3158	35	
3159	69	
3160	37	
3161	10	
3162	96	
3163	98	
3164	41	
3165	15	
3166	80	
3167	25	
3168	29	
3169	47	
3170	9	
3171	84	
3172	84	
3173	19	
3174	35	
3175	38	
3176	71	
3177	83	
3178	61	
3179	70	
3180	37	
3181	68	
3182	11	
3183	97	
3184	97	
3185	14	
3186	99	
3187	71	
3188	96	
3189	71	
3190	54	
3191	63	
3192	70	
3193	79	
3194	26	
3195	73	
3196	75	
3197	24	
3198	47	
3199	88	
3200	8	
3201	69	
3202	75	
3203	26	
3204	13	
3205	57	
3206	52	
3207	25	
3208	25	
3209	35	
3210	30	
3211	1	
3212	39	
3213	88	
3214	51	
3215	30	
3216	29	
3217	22	
3218	32	
3219	96	
3220	41	
3221	33	
3222	7	
3223	39	
3224	94	
3225	73	
3226	93	
3227	47	
3228	33	
3229	41	
3230	7	
3231	2	
3232	65	
3233	40	
3234	95	
3235	94	
3236	45	
3237	47	
3238	17	
3239	38	
3240	19	
3241	87	
3242	80	
3243	58	
3244	16	
3245	6	
3246	92	
3247	25	
3248	33	
3249	90	
3250	43	
3251	16	
3252	61	
3253	47	
3254	66	
3255	78	
3256	29	
3257	52	
3258	66	
3259	91	
3260	42	
3261	83	
3262	93	
3263	15	
3264	3	
3265	95	
3266	28	
3267	62	
3268	25	
3269	62	
3270	85	
3271	38	
3272	68	
3273	100	
3274	36	
3275	50	
3276	1	
3277	88	
3278	27	
3279	63	
3280	96	
3281	84	
3282	11	
3283	71	
3284	37	
3285	94	
3286	62	
3287	63	
3288	88	
3289	48	
3290	1	
3291	30	
3292	87	
3293	9	
3294	13	
3295	2	
3296	60	
3297	34	
3298	39	
3299	11	
3300	21	
3301	41	
3302	6	
3303	33	
3304	81	
3305	26	
3306	5	
3307	44	
3308	42	
3309	58	
3310	87	
3311	35	
3312	91	
3313	70	
3314	41	
3315	20	
3316	33	
3317	90	
3318	24	
3319	19	
3320	31	
3321	16	
3322	93	
3323	44	
3324	43	
3325	92	
3326	58	
3327	92	
3328	32	
3329	62	
3330	56	
3331	96	
3332	16	
3333	77	
3334	77	
3335	90	
3336	90	
3337	68	
3338	92	
3339	45	
3340	14	
3341	37	
3342	29	
3343	62	
3344	81	
3345	64	
3346	40	
3347	11	
3348	88	
3349	23	
3350	59	
3351	42	
3352	29	
3353	64	
3354	63	
3355	76	
3356	71	
3357	75	
3358	49	
3359	96	
3360	53	
3361	47	
3362	14	
3363	23	
3364	83	
3365	82	
3366	77	
3367	19	
3368	30	
3369	27	
3370	73	
3371	41	
3372	6	
3373	37	
3374	69	
3375	96	
3376	71	
3377	63	
3378	18	
3379	73	
3380	95	
3381	32	
3382	57	
3383	20	
3384	79	
3385	90	
3386	70	
3387	59	
3388	31	
3389	7	
3390	2	
3391	7	
3392	69	
3393	9	
3394	6	
3395	84	
3396	46	
3397	3	
3398	87	
3399	97	
3400	62	
3401	15	
3402	99	
3403	11	
3404	94	
3405	30	
3406	74	
3407	5	
3408	89	
3409	11	
3410	84	
3411	6	
3412	17	
3413	17	
3414	51	
3415	35	
3416	5	
3417	16	
3418	92	
3419	13	
3420	86	
3421	84	
3422	20	
3423	1	
3424	64	
3425	91	
3426	52	
3427	80	
3428	68	
3429	9	
3430	42	
3431	26	
3432	81	
3433	83	
3434	87	
3435	48	
3436	9	
3437	59	
3438	37	
3439	11	
3440	58	
3441	12	
3442	33	
3443	46	
3444	99	
3445	51	
3446	60	
3447	14	
3448	98	
3449	58	
3450	94	
3451	33	
3452	5	
3453	98	
3454	75	
3455	21	
3456	11	
3457	74	
3458	3	
3459	63	
3460	58	
3461	32	
3462	95	
3463	46	
3464	52	
3465	20	
3466	45	
3467	83	
3468	40	
3469	37	
3470	38	
3471	97	
3472	7	
3473	57	
3474	63	
3475	36	
3476	45	
3477	6	
3478	58	
3479	99	
3480	79	
3481	1	
3482	43	
3483	64	
3484	92	
3485	64	
3486	17	
3487	52	
3488	2	
3489	33	
3490	16	
3491	89	
3492	15	
3493	27	
3494	74	
3495	1	
3496	3	
3497	46	
3498	44	
3499	90	
3500	10	
3501	87	
3502	88	
3503	61	
3504	16	
3505	34	
3506	70	
3507	61	
3508	66	
3509	90	
3510	89	
3511	75	
3512	84	
3513	21	
3514	53	
3515	69	
3516	54	
3517	46	
3518	92	
3519	69	
3520	41	
3521	9	
3522	14	
3523	37	
3524	73	
3525	95	
3526	79	
3527	86	
3528	25	
3529	84	
3530	69	
3531	34	
3532	24	
3533	58	
3534	76	
3535	8	
3536	48	
3537	69	
3538	68	
3539	52	
3540	79	
3541	50	
3542	78	
3543	70	
3544	84	
3545	94	
3546	73	
3547	21	
3548	68	
3549	98	
3550	72	
3551	97	
3552	91	
3553	58	
3554	82	
3555	35	
3556	17	
3557	63	
3558	17	
3559	90	
3560	55	
3561	39	
3562	12	
3563	46	
3564	14	
3565	97	
3566	33	
3567	73	
3568	80	
3569	48	
3570	91	
3571	86	
3572	80	
3573	91	
3574	9	
3575	95	
3576	100	
3577	51	
3578	58	
3579	8	
3580	57	
3581	65	
3582	3	
3583	32	
3584	4	
3585	87	
3586	68	
3587	9	
3588	42	
3589	28	
3590	20	
3591	8	
3592	89	
3593	34	
3594	88	
3595	56	
3596	51	
3597	38	
3598	100	
3599	46	
3600	48	
3601	7	
3602	39	
3603	67	
3604	64	
3605	96	
3606	66	
3607	90	
3608	11	
3609	96	
3610	73	
3611	37	
3612	98	
3613	14	
3614	95	
3615	22	
3616	30	
3617	25	
3618	95	
3619	25	
3620	10	
3621	74	
3622	10	
3623	69	
3624	86	
3625	18	
3626	29	
3627	84	
3628	24	
3629	91	
3630	21	
3631	12	
3632	55	
3633	67	
3634	65	
3635	58	
3636	80	
3637	74	
3638	32	
3639	21	
3640	74	
3641	51	
3642	5	
3643	65	
3644	71	
3645	99	
3646	8	
3647	18	
3648	23	
3649	51	
3650	36	
3651	67	
3652	25	
3653	80	
3654	85	
3655	21	
3656	79	
3657	83	
3658	9	
3659	51	
3660	84	
3661	16	
3662	39	
3663	2	
3664	1	
3665	44	
3666	33	
3667	32	
3668	23	
3669	1	
3670	4	
3671	2	
3672	69	
3673	42	
3674	80	
3675	44	
3676	80	
3677	13	
3678	75	
3679	32	
3680	31	
3681	22	
3682	51	
3683	56	
3684	73	
3685	11	
3686	13	
3687	79	
3688	79	
3689	80	
3690	2	
3691	93	
3692	37	
3693	90	
3694	59	
3695	61	
3696	12	
3697	13	
3698	38	
3699	77	
3700	62	
3701	92	
3702	21	
3703	81	
3704	91	
3705	65	
3706	3	
3707	9	
3708	83	
3709	87	
3710	88	
3711	57	
3712	27	
3713	34	
3714	87	
3715	8	
3716	7	
3717	11	
3718	43	
3719	92	
3720	71	
3721	30	
3722	4	
3723	54	
3724	8	
3725	41	
3726	17	
3727	24	
3728	78	
3729	4	
3730	37	
3731	24	
3732	9	
3733	72	
3734	60	
3735	72	
3736	17	
3737	62	
3738	53	
3739	53	
3740	51	
3741	62	
3742	66	
3743	97	
3744	19	
3745	74	
3746	53	
3747	15	
3748	22	
3749	15	
3750	23	
3751	12	
3752	95	
3753	60	
3754	5	
3755	69	
3756	80	
3757	4	
3758	28	
3759	57	
3760	27	
3761	26	
3762	46	
3763	77	
3764	67	
3765	72	
3766	76	
3767	24	
3768	82	
3769	90	
3770	40	
3771	95	
3772	54	
3773	66	
3774	14	
3775	72	
3776	58	
3777	59	
3778	72	
3779	80	
3780	24	
3781	64	
3782	36	
3783	82	
3784	62	
3785	79	
3786	30	
3787	75	
3788	63	
3789	24	
3790	69	
3791	5	
3792	41	
3793	37	
3794	96	
3795	70	
3796	37	
3797	81	
3798	79	
3799	76	
3800	15	
3801	88	
3802	84	
3803	76	
3804	1	
3805	6	
3806	56	
3807	17	
3808	25	
3809	57	
3810	98	
3811	44	
3812	58	
3813	37	
3814	43	
3815	35	
3816	69	
3817	3	
3818	2	
3819	39	
3820	65	
3821	37	
3822	7	
3823	20	
3824	37	
3825	13	
3826	100	
3827	17	
3828	31	
3829	47	
3830	47	
3831	50	
3832	36	
3833	70	
3834	51	
3835	100	
3836	60	
3837	27	
3838	75	
3839	65	
3840	8	
3841	51	
3842	36	
3843	14	
3844	71	
3845	59	
3846	96	
3847	14	
3848	24	
3849	92	
3850	99	
3851	74	
3852	44	
3853	98	
3854	63	
3855	65	
3856	66	
3857	70	
3858	34	
3859	43	
3860	48	
3861	26	
3862	80	
3863	83	
3864	21	
3865	9	
3866	87	
3867	58	
3868	6	
3869	29	
3870	76	
3871	19	
3872	78	
3873	46	
3874	85	
3875	87	
3876	56	
3877	90	
3878	54	
3879	32	
3880	54	
3881	61	
3882	34	
3883	4	
3884	34	
3885	92	
3886	49	
3887	32	
3888	74	
3889	67	
3890	89	
3891	11	
3892	77	
3893	97	
3894	95	
3895	90	
3896	29	
3897	16	
3898	92	
3899	51	
3900	87	
3901	35	
3902	43	
3903	4	
3904	72	
3905	41	
3906	39	
3907	50	
3908	93	
3909	61	
3910	70	
3911	73	
3912	44	
3913	42	
3914	98	
3915	100	
3916	43	
3917	78	
3918	21	
3919	75	
3920	22	
3921	61	
3922	18	
3923	30	
3924	41	
3925	32	
3926	44	
3927	84	
3928	32	
3929	36	
3930	43	
3931	22	
3932	33	
3933	54	
3934	31	
3935	80	
3936	58	
3937	30	
3938	90	
3939	21	
3940	17	
3941	53	
3942	84	
3943	80	
3944	69	
3945	9	
3946	16	
3947	67	
3948	96	
3949	81	
3950	85	
3951	36	
3952	69	
3953	19	
3954	12	
3955	59	
3956	17	
3957	8	
3958	86	
3959	97	
3960	75	
3961	12	
3962	64	
3963	65	
3964	42	
3965	69	
3966	97	
3967	50	
3968	87	
3969	30	
3970	27	
3971	78	
3972	29	
3973	86	
3974	87	
3975	78	
3976	70	
3977	75	
3978	60	
3979	16	
3980	53	
3981	13	
3982	84	
3983	59	
3984	72	
3985	62	
3986	32	
3987	79	
3988	69	
3989	69	
3990	78	
3991	32	
3992	30	
3993	2	
3994	43	
3995	33	
3996	26	
3997	13	
3998	16	
3999	15	
4000	84	
4001	68	
4002	90	
4003	77	
4004	4	
4005	87	
4006	84	
4007	87	
4008	47	
4009	95	
4010	77	
4011	16	
4012	33	
4013	33	
4014	64	
4015	97	
4016	43	
4017	46	
4018	98	
4019	34	
4020	36	
4021	39	
4022	36	
4023	66	
4024	77	
4025	67	
4026	75	
4027	73	
4028	70	
4029	46	
4030	41	
4031	46	
4032	28	
4033	86	
4034	7	
4035	63	
4036	11	
4037	1	
4038	82	
4039	18	
4040	63	
4041	75	
4042	84	
4043	43	
4044	53	
4045	2	
4046	94	
4047	54	
4048	69	
4049	30	
4050	1	
4051	24	
4052	39	
4053	49	
4054	83	
4055	18	
4056	83	
4057	70	
4058	44	
4059	51	
4060	6	
4061	95	
4062	88	
4063	13	
4064	12	
4065	44	
4066	73	
4067	40	
4068	2	
4069	35	
4070	86	
4071	19	
4072	19	
4073	56	
4074	16	
4075	8	
4076	33	
4077	4	
4078	9	
4079	54	
4080	99	
4081	31	
4082	18	
4083	12	
4084	49	
4085	72	
4086	96	
4087	29	
4088	13	
4089	81	
4090	12	
4091	64	
4092	82	
4093	17	
4094	28	
4095	41	
4096	56	
4097	63	
4098	8	
4099	83	
4100	57	
4101	94	
4102	12	
4103	88	
4104	83	
4105	5	
4106	2	
4107	32	
4108	8	
4109	42	
4110	51	
4111	12	
4112	44	
4113	73	
4114	100	
4115	62	
4116	60	
4117	35	
4118	26	
4119	59	
4120	82	
4121	1	
4122	49	
4123	95	
4124	69	
4125	55	
4126	38	
4127	9	
4128	83	
4129	83	
4130	18	
4131	69	
4132	99	
4133	90	
4134	91	
4135	43	
4136	74	
4137	67	
4138	82	
4139	99	
4140	51	
4141	77	
4142	41	
4143	36	
4144	29	
4145	67	
4146	13	
4147	56	
4148	89	
4149	71	
4150	18	
4151	35	
4152	87	
4153	45	
4154	15	
4155	1	
4156	68	
4157	31	
4158	25	
4159	83	
4160	14	
4161	52	
4162	65	
4163	62	
4164	64	
4165	70	
4166	76	
4167	65	
4168	37	
4169	30	
4170	8	
4171	56	
4172	14	
4173	44	
4174	42	
4175	68	
4176	66	
4177	74	
4178	42	
4179	51	
4180	79	
4181	8	
4182	64	
4183	78	
4184	40	
4185	46	
4186	67	
4187	89	
4188	74	
4189	26	
4190	2	
4191	79	
4192	17	
4193	49	
4194	61	
4195	81	
4196	89	
4197	91	
4198	71	
4199	45	
4200	91	
4201	57	
4202	91	
4203	32	
4204	36	
4205	77	
4206	55	
4207	62	
4208	94	
4209	69	
4210	14	
4211	46	
4212	56	
4213	45	
4214	31	
4215	76	
4216	72	
4217	4	
4218	49	
4219	25	
4220	68	
4221	43	
4222	37	
4223	43	
4224	71	
4225	95	
4226	71	
4227	51	
4228	58	
4229	69	
4230	95	
4231	96	
4232	30	
4233	69	
4234	19	
4235	31	
4236	46	
4237	89	
4238	59	
4239	38	
4240	70	
4241	81	
4242	79	
4243	35	
4244	29	
4245	67	
4246	56	
4247	84	
4248	40	
4249	66	
4250	41	
4251	90	
4252	97	
4253	72	
4254	97	
4255	16	
4256	1	
4257	57	
4258	67	
4259	95	
4260	67	
4261	87	
4262	53	
4263	25	
4264	47	
4265	62	
4266	89	
4267	64	
4268	95	
4269	79	
4270	32	
4271	5	
4272	82	
4273	78	
4274	5	
4275	15	
4276	61	
4277	45	
4278	99	
4279	75	
4280	59	
4281	61	
4282	18	
4283	19	
4284	3	
4285	18	
4286	27	
4287	5	
4288	62	
4289	84	
4290	65	
4291	10	
4292	87	
4293	66	
4294	68	
4295	77	
4296	5	
4297	3	
4298	49	
4299	64	
4300	96	
4301	33	
4302	15	
4303	35	
4304	17	
4305	79	
4306	34	
4307	17	
4308	33	
4309	36	
4310	95	
4311	61	
4312	79	
4313	40	
4314	68	
4315	22	
4316	20	
4317	48	
4318	27	
4319	64	
4320	95	
4321	32	
4322	100	
4323	96	
4324	19	
4325	45	
4326	29	
4327	28	
4328	97	
4329	80	
4330	91	
4331	2	
4332	73	
4333	7	
4334	63	
4335	96	
4336	48	
4337	21	
4338	3	
4339	30	
4340	64	
4341	88	
4342	1	
4343	21	
4344	45	
4345	92	
4346	37	
4347	52	
4348	76	
4349	43	
4350	36	
4351	42	
4352	92	
4353	76	
4354	41	
4355	44	
4356	66	
4357	33	
4358	100	
4359	46	
4360	34	
4361	31	
4362	82	
4363	23	
4364	25	
4365	14	
4366	26	
4367	15	
4368	79	
4369	44	
4370	23	
4371	62	
4372	88	
4373	29	
4374	17	
4375	47	
4376	8	
4377	13	
4378	15	
4379	56	
4380	76	
4381	62	
4382	7	
4383	98	
4384	24	
4385	13	
4386	39	
4387	39	
4388	73	
4389	58	
4390	36	
4391	70	
4392	34	
4393	94	
4394	79	
4395	86	
4396	5	
4397	10	
4398	73	
4399	36	
4400	57	
4401	23	
4402	24	
4403	80	
4404	38	
4405	46	
4406	2	
4407	49	
4408	38	
4409	42	
4410	54	
4411	59	
4412	16	
4413	78	
4414	52	
4415	57	
4416	28	
4417	46	
4418	19	
4419	33	
4420	24	
4421	47	
4422	74	
4423	96	
4424	30	
4425	82	
4426	85	
4427	25	
4428	57	
4429	67	
4430	63	
4431	5	
4432	38	
4433	43	
4434	15	
4435	13	
4436	17	
4437	47	
4438	76	
4439	21	
4440	31	
4441	60	
4442	91	
4443	96	
4444	99	
4445	23	
4446	90	
4447	63	
4448	20	
4449	68	
4450	56	
4451	65	
4452	46	
4453	1	
4454	69	
4455	26	
4456	82	
4457	6	
4458	89	
4459	70	
4460	16	
4461	96	
4462	33	
4463	96	
4464	84	
4465	3	
4466	99	
4467	1	
4468	47	
4469	17	
4470	65	
4471	71	
4472	93	
4473	95	
4474	26	
4475	21	
4476	22	
4477	29	
4478	30	
4479	7	
4480	95	
4481	55	
4482	28	
4483	12	
4484	96	
4485	96	
4486	67	
4487	30	
4488	69	
4489	19	
4490	39	
4491	21	
4492	22	
4493	26	
4494	42	
4495	81	
4496	37	
4497	56	
4498	9	
4499	79	
4500	13	
4501	48	
4502	19	
4503	73	
4504	57	
4505	98	
4506	74	
4507	11	
4508	17	
4509	59	
4510	79	
4511	54	
4512	18	
4513	42	
4514	80	
4515	89	
4516	29	
4517	87	
4518	57	
4519	16	
4520	75	
4521	64	
4522	22	
4523	7	
4524	5	
4525	8	
4526	40	
4527	85	
4528	5	
4529	46	
4530	53	
4531	60	
4532	94	
4533	80	
4534	30	
4535	12	
4536	62	
4537	26	
4538	77	
4539	53	
4540	59	
4541	33	
4542	14	
4543	91	
4544	12	
4545	90	
4546	55	
4547	65	
4548	70	
4549	35	
4550	74	
4551	25	
4552	2	
4553	98	
4554	51	
4555	76	
4556	7	
4557	79	
4558	80	
4559	64	
4560	66	
4561	20	
4562	10	
4563	23	
4564	79	
4565	48	
4566	96	
4567	7	
4568	86	
4569	86	
4570	68	
4571	69	
4572	45	
4573	69	
4574	55	
4575	96	
4576	6	
4577	75	
4578	23	
4579	40	
4580	95	
4581	31	
4582	28	
4583	29	
4584	28	
4585	61	
4586	69	
4587	79	
4588	49	
4589	26	
4590	77	
4591	98	
4592	1	
4593	47	
4594	17	
4595	93	
4596	23	
4597	1	
4598	82	
4599	92	
4600	42	
4601	3	
4602	73	
4603	31	
4604	58	
4605	36	
4606	61	
4607	86	
4608	56	
4609	40	
4610	37	
4611	93	
4612	36	
4613	48	
4614	23	
4615	83	
4616	49	
4617	28	
4618	21	
4619	97	
4620	38	
4621	35	
4622	25	
4623	90	
4624	57	
4625	47	
4626	86	
4627	90	
4628	36	
4629	26	
4630	87	
4631	8	
4632	53	
4633	37	
4634	36	
4635	65	
4636	83	
4637	81	
4638	37	
4639	28	
4640	17	
4641	2	
4642	44	
4643	81	
4644	36	
4645	2	
4646	29	
4647	65	
4648	62	
4649	48	
4650	79	
4651	34	
4652	47	
4653	23	
4654	41	
4655	32	
4656	88	
4657	83	
4658	56	
4659	33	
4660	63	
4661	40	
4662	69	
4663	58	
4664	64	
4665	11	
4666	49	
4667	29	
4668	52	
4669	94	
4670	50	
4671	68	
4672	90	
4673	89	
4674	61	
4675	8	
4676	75	
4677	8	
4678	56	
4679	48	
4680	35	
4681	77	
4682	30	
4683	77	
4684	95	
4685	21	
4686	16	
4687	42	
4688	91	
4689	76	
4690	96	
4691	35	
4692	3	
4693	39	
4694	77	
4695	79	
4696	35	
4697	22	
4698	63	
4699	7	
4700	16	
4701	12	
4702	13	
4703	42	
4704	70	
4705	64	
4706	20	
4707	53	
4708	58	
4709	31	
4710	4	
4711	10	
4712	12	
4713	38	
4714	31	
4715	15	
4716	11	
4717	27	
4718	15	
4719	38	
4720	29	
4721	61	
4722	81	
4723	99	
4724	66	
4725	14	
4726	70	
4727	19	
4728	41	
4729	42	
4730	23	
4731	100	
4732	28	
4733	22	
4734	18	
4735	56	
4736	67	
4737	35	
4738	56	
4739	61	
4740	9	
4741	23	
4742	30	
4743	95	
4744	48	
4745	28	
4746	86	
4747	20	
4748	39	
4749	2	
4750	13	
4751	48	
4752	83	
4753	31	
4754	64	
4755	14	
4756	5	
4757	26	
4758	65	
4759	29	
4760	83	
4761	86	
4762	76	
4763	52	
4764	96	
4765	25	
4766	4	
4767	8	
4768	26	
4769	16	
4770	26	
4771	99	
4772	84	
4773	79	
4774	6	
4775	27	
4776	7	
4777	11	
4778	6	
4779	95	
4780	19	
4781	21	
4782	76	
4783	81	
4784	65	
4785	74	
4786	29	
4787	20	
4788	59	
4789	46	
4790	74	
4791	22	
4792	65	
4793	11	
4794	67	
4795	63	
4796	23	
4797	17	
4798	64	
4799	42	
4800	26	
4801	45	
4802	89	
4803	25	
4804	42	
4805	60	
4806	11	
4807	13	
4808	19	
4809	38	
4810	64	
4811	24	
4812	70	
4813	77	
4814	13	
4815	97	
4816	30	
4817	33	
4818	91	
4819	69	
4820	57	
4821	11	
4822	40	
4823	45	
4824	78	
4825	48	
4826	20	
4827	84	
4828	98	
4829	85	
4830	86	
4831	7	
4832	73	
4833	82	
4834	90	
4835	8	
4836	40	
4837	25	
4838	22	
4839	30	
4840	86	
4841	78	
4842	96	
4843	5	
4844	100	
4845	10	
4846	32	
4847	100	
4848	71	
4849	69	
4850	71	
4851	76	
4852	38	
4853	33	
4854	92	
4855	47	
4856	2	
4857	70	
4858	74	
4859	23	
4860	64	
4861	58	
4862	33	
4863	75	
4864	27	
4865	5	
4866	61	
4867	31	
4868	13	
4869	35	
4870	27	
4871	89	
4872	80	
4873	50	
4874	17	
4875	68	
4876	63	
4877	43	
4878	20	
4879	33	
4880	7	
4881	53	
4882	28	
4883	97	
4884	72	
4885	28	
4886	53	
4887	36	
4888	19	
4889	61	
4890	26	
4891	2	
4892	67	
4893	72	
4894	62	
4895	73	
4896	74	
4897	19	
4898	29	
4899	84	
4900	6	
4901	46	
4902	93	
4903	19	
4904	26	
4905	87	
4906	43	
4907	77	
4908	88	
4909	77	
4910	77	
4911	60	
4912	47	
4913	99	
4914	99	
4915	70	
4916	64	
4917	99	
4918	32	
4919	27	
4920	35	
4921	52	
4922	40	
4923	27	
4924	16	
4925	10	
4926	29	
4927	86	
4928	64	
4929	39	
4930	3	
4931	43	
4932	83	
4933	89	
4934	97	
4935	92	
4936	60	
4937	45	
4938	96	
4939	38	
4940	22	
4941	3	
4942	65	
4943	79	
4944	11	
4945	24	
4946	4	
4947	100	
4948	97	
4949	50	
4950	37	
4951	61	
4952	71	
4953	20	
4954	27	
4955	90	
4956	54	
4957	81	
4958	77	
4959	62	
4960	17	
4961	19	
4962	55	
4963	37	
4964	63	
4965	57	
4966	27	
4967	23	
4968	50	
4969	31	
4970	94	
4971	16	
4972	67	
4973	82	
4974	22	
4975	16	
4976	62	
4977	75	
4978	27	
4979	78	
4980	57	
4981	94	
4982	15	
4983	90	
4984	58	
4985	41	
4986	20	
4987	16	
4988	83	
4989	88	
4990	31	
4991	32	
4992	42	
4993	12	
4994	68	
4995	2	
4996	31	
4997	86	
4998	42	
4999	45	
5000	19	
5001	50	
5002	25	
5003	18	
5004	16	
5005	22	
5006	80	
5007	79	
5008	57	
5009	98	
5010	83	
5011	50	
5012	8	
5013	79	
5014	75	
5015	13	
5016	61	
5017	70	
5018	82	
5019	21	
5020	67	
5021	36	
5022	94	
5023	97	
5024	7	
5025	69	
5026	55	
5027	70	
5028	30	
5029	27	
5030	35	
5031	18	
5032	55	
5033	53	
5034	27	
5035	90	
5036	60	
5037	82	
5038	60	
5039	22	
5040	52	
5041	38	
5042	24	
5043	13	
5044	88	
5045	25	
5046	1	
5047	87	
5048	31	
5049	20	
5050	6	
5051	41	
5052	39	
5053	17	
5054	27	
5055	21	
5056	36	
5057	31	
5058	31	
5059	100	
5060	5	
5061	65	
5062	69	
5063	25	
5064	52	
5065	54	
5066	21	
5067	69	
5068	36	
5069	35	
5070	66	
5071	22	
5072	26	
5073	46	
5074	44	
5075	42	
5076	11	
5077	79	
5078	16	
5079	95	
5080	21	
5081	14	
5082	48	
5083	71	
5084	19	
5085	98	
5086	66	
5087	95	
5088	8	
5089	6	
5090	5	
5091	100	
5092	20	
5093	91	
5094	33	
5095	19	
5096	32	
5097	6	
5098	74	
5099	58	
5100	28	
5101	33	
5102	42	
5103	22	
5104	64	
5105	99	
5106	88	
5107	70	
5108	85	
5109	34	
5110	57	
5111	75	
5112	63	
5113	89	
5114	99	
5115	67	
5116	43	
5117	80	
5118	22	
5119	47	
5120	27	
5121	69	
5122	77	
5123	68	
5124	66	
5125	10	
5126	83	
5127	83	
5128	79	
5129	100	
5130	56	
5131	6	
5132	27	
5133	55	
5134	7	
5135	32	
5136	54	
5137	28	
5138	47	
5139	5	
5140	35	
5141	97	
5142	59	
5143	64	
5144	40	
5145	73	
5146	96	
5147	59	
5148	66	
5149	66	
5150	44	
5151	95	
5152	47	
5153	81	
5154	50	
5155	98	
5156	24	
5157	46	
5158	26	
5159	58	
5160	86	
5161	10	
5162	84	
5163	57	
5164	14	
5165	46	
5166	85	
5167	89	
5168	99	
5169	14	
5170	99	
5171	58	
5172	13	
5173	33	
5174	23	
5175	53	
5176	61	
5177	65	
5178	23	
5179	25	
5180	12	
5181	86	
5182	67	
5183	25	
5184	6	
5185	57	
5186	61	
5187	2	
5188	30	
5189	54	
5190	51	
5191	28	
5192	1	
5193	12	
5194	41	
5195	46	
5196	45	
5197	33	
5198	54	
5199	96	
5200	83	
5201	45	
5202	9	
5203	54	
5204	27	
5205	18	
5206	61	
5207	8	
5208	98	
5209	38	
5210	87	
5211	81	
5212	7	
5213	93	
5214	12	
5215	57	
5216	96	
5217	10	
5218	14	
5219	26	
5220	67	
5221	19	
5222	22	
5223	20	
5224	52	
5225	64	
5226	100	
5227	30	
5228	47	
5229	98	
5230	8	
5231	98	
5232	12	
5233	33	
5234	56	
5235	29	
5236	32	
5237	95	
5238	89	
5239	93	
5240	82	
5241	92	
5242	1	
5243	84	
5244	41	
5245	70	
5246	19	
5247	69	
5248	10	
5249	100	
5250	32	
5251	3	
5252	60	
5253	33	
5254	38	
5255	67	
5256	30	
5257	40	
5258	81	
5259	20	
5260	93	
5261	10	
5262	83	
5263	98	
5264	4	
5265	45	
5266	13	
5267	10	
5268	44	
5269	65	
5270	9	
5271	25	
5272	22	
5273	82	
5274	32	
5275	42	
5276	30	
5277	39	
5278	3	
5279	27	
5280	32	
5281	90	
5282	72	
5283	8	
5284	45	
5285	71	
5286	56	
5287	81	
5288	28	
5289	44	
5290	27	
5291	17	
5292	70	
5293	36	
5294	40	
5295	66	
5296	3	
5297	53	
5298	40	
5299	6	
5300	89	
5301	15	
5302	12	
5303	20	
5304	22	
5305	49	
5306	69	
5307	43	
5308	72	
5309	4	
5310	21	
5311	31	
5312	73	
5313	81	
5314	49	
5315	11	
5316	25	
5317	46	
5318	67	
5319	33	
5320	45	
5321	17	
5322	7	
5323	25	
5324	71	
5325	34	
5326	71	
5327	7	
5328	3	
5329	35	
5330	92	
5331	40	
5332	5	
5333	22	
5334	44	
5335	66	
5336	73	
5337	68	
5338	80	
5339	90	
5340	56	
5341	31	
5342	61	
5343	78	
5344	22	
5345	45	
5346	24	
5347	25	
5348	77	
5349	53	
5350	52	
5351	71	
5352	18	
5353	71	
5354	4	
5355	76	
5356	100	
5357	92	
5358	100	
5359	76	
5360	21	
5361	41	
5362	86	
5363	77	
5364	8	
5365	22	
5366	34	
5367	50	
5368	8	
5369	9	
5370	56	
5371	3	
5372	9	
5373	58	
5374	70	
5375	28	
5376	71	
5377	25	
5378	57	
5379	29	
5380	80	
5381	13	
5382	87	
5383	65	
5384	86	
5385	77	
5386	43	
5387	49	
5388	76	
5389	7	
5390	66	
5391	51	
5392	56	
5393	83	
5394	38	
5395	37	
5396	79	
5397	31	
5398	82	
5399	57	
5400	50	
5401	5	
5402	14	
5403	40	
5404	33	
5405	17	
5406	73	
5407	92	
5408	27	
5409	98	
5410	67	
5411	88	
5412	43	
5413	22	
5414	7	
5415	37	
5416	95	
5417	16	
5418	68	
5419	76	
5420	72	
5421	35	
5422	5	
5423	73	
5424	94	
5425	74	
5426	3	
5427	27	
5428	94	
5429	35	
5430	59	
5431	70	
5432	100	
5433	95	
5434	46	
5435	10	
5436	61	
5437	5	
5438	82	
5439	27	
5440	67	
5441	48	
5442	7	
5443	10	
5444	18	
5445	83	
5446	1	
5447	48	
5448	94	
5449	4	
5450	27	
5451	98	
5452	87	
5453	4	
5454	55	
5455	5	
5456	76	
5457	34	
5458	81	
5459	100	
5460	41	
5461	49	
5462	29	
5463	90	
5464	74	
5465	61	
5466	47	
5467	20	
5468	84	
5469	82	
5470	32	
5471	45	
5472	83	
5473	62	
5474	57	
5475	78	
5476	88	
5477	85	
5478	48	
5479	45	
5480	22	
5481	56	
5482	83	
5483	27	
5484	23	
5485	29	
5486	6	
5487	84	
5488	37	
5489	11	
5490	42	
5491	7	
5492	71	
5493	19	
5494	66	
5495	68	
5496	91	
5497	91	
5498	50	
5499	28	
5500	75	
5501	76	
5502	68	
5503	81	
5504	54	
5505	20	
5506	20	
5507	45	
5508	18	
5509	44	
5510	34	
5511	85	
5512	65	
5513	41	
5514	24	
5515	39	
5516	69	
5517	66	
5518	86	
5519	21	
5520	2	
5521	12	
5522	52	
5523	73	
5524	100	
5525	10	
5526	56	
5527	50	
5528	96	
5529	6	
5530	74	
5531	99	
5532	98	
5533	46	
5534	9	
5535	36	
5536	65	
5537	68	
5538	37	
5539	78	
5540	11	
5541	19	
5542	12	
5543	87	
5544	68	
5545	79	
5546	3	
5547	9	
5548	52	
5549	93	
5550	92	
5551	10	
5552	95	
5553	93	
5554	72	
5555	82	
5556	30	
5557	42	
5558	35	
5559	74	
5560	84	
5561	42	
5562	80	
5563	84	
5564	96	
5565	20	
5566	4	
5567	58	
5568	3	
5569	28	
5570	63	
5571	38	
5572	36	
5573	75	
5574	49	
5575	44	
5576	34	
5577	53	
5578	60	
5579	26	
5580	10	
5581	28	
5582	40	
5583	64	
5584	55	
5585	24	
5586	9	
5587	74	
5588	15	
5589	38	
5590	17	
5591	100	
5592	32	
5593	43	
5594	48	
5595	13	
5596	30	
5597	27	
5598	25	
5599	70	
5600	65	
5601	52	
5602	8	
5603	49	
5604	61	
5605	71	
5606	59	
5607	100	
5608	92	
5609	48	
5610	47	
5611	57	
5612	3	
5613	7	
5614	26	
5615	54	
5616	31	
5617	2	
5618	44	
5619	8	
5620	23	
5621	91	
5622	11	
5623	33	
5624	56	
5625	24	
5626	61	
5627	39	
5628	99	
5629	15	
5630	99	
5631	73	
5632	11	
5633	66	
5634	73	
5635	94	
5636	1	
5637	56	
5638	70	
5639	31	
5640	81	
5641	79	
5642	79	
5643	87	
5644	25	
5645	60	
5646	49	
5647	98	
5648	70	
5649	30	
5650	4	
5651	28	
5652	23	
5653	40	
5654	20	
5655	17	
5656	68	
5657	93	
5658	52	
5659	56	
5660	44	
5661	52	
5662	71	
5663	94	
5664	100	
5665	32	
5666	37	
5667	70	
5668	33	
5669	74	
5670	96	
5671	52	
5672	91	
5673	55	
5674	69	
5675	100	
5676	22	
5677	20	
5678	1	
5679	1	
5680	33	
5681	70	
5682	14	
5683	60	
5684	15	
5685	14	
5686	34	
5687	43	
5688	47	
5689	88	
5690	65	
5691	76	
5692	49	
5693	21	
5694	64	
5695	74	
5696	85	
5697	18	
5698	62	
5699	53	
5700	13	
5701	84	
5702	59	
5703	71	
5704	71	
5705	92	
5706	20	
5707	3	
5708	94	
5709	78	
5710	64	
5711	58	
5712	56	
5713	91	
5714	2	
5715	1	
5716	95	
5717	77	
5718	50	
5719	20	
5720	89	
5721	19	
5722	71	
5723	11	
5724	61	
5725	55	
5726	23	
5727	29	
5728	2	
5729	97	
5730	44	
5731	70	
5732	16	
5733	47	
5734	47	
5735	26	
5736	96	
5737	33	
5738	77	
5739	33	
5740	90	
5741	60	
5742	72	
5743	10	
5744	98	
5745	92	
5746	16	
5747	78	
5748	18	
5749	96	
5750	47	
5751	44	
5752	100	
5753	30	
5754	15	
5755	84	
5756	81	
5757	41	
5758	40	
5759	22	
5760	50	
5761	41	
5762	56	
5763	10	
5764	83	
5765	67	
5766	21	
5767	3	
5768	100	
5769	55	
5770	40	
5771	45	
5772	18	
5773	11	
5774	33	
5775	40	
5776	80	
5777	78	
5778	7	
5779	81	
5780	76	
5781	68	
5782	82	
5783	54	
5784	49	
5785	74	
5786	52	
5787	32	
5788	49	
5789	44	
5790	23	
5791	46	
5792	62	
5793	33	
5794	14	
5795	8	
5796	34	
5797	3	
5798	77	
5799	54	
5800	68	
5801	5	
5802	100	
5803	56	
5804	77	
5805	90	
5806	68	
5807	42	
5808	90	
5809	69	
5810	75	
5811	35	
5812	95	
5813	4	
5814	79	
5815	83	
5816	11	
5817	43	
5818	67	
5819	90	
5820	8	
5821	80	
5822	7	
5823	76	
5824	41	
5825	94	
5826	6	
5827	69	
5828	36	
5829	92	
5830	91	
5831	96	
5832	91	
5833	32	
5834	74	
5835	54	
5836	48	
5837	94	
5838	13	
5839	37	
5840	15	
5841	84	
5842	77	
5843	11	
5844	85	
5845	93	
5846	9	
5847	74	
5848	40	
5849	17	
5850	40	
5851	23	
5852	23	
5853	8	
5854	36	
5855	65	
5856	24	
5857	20	
5858	67	
5859	5	
5860	45	
5861	17	
5862	54	
5863	49	
5864	90	
5865	4	
5866	65	
5867	10	
5868	87	
5869	67	
5870	20	
5871	84	
5872	20	
5873	32	
5874	89	
5875	78	
5876	54	
5877	51	
5878	5	
5879	16	
5880	77	
5881	23	
5882	82	
5883	39	
5884	9	
5885	45	
5886	11	
5887	77	
5888	43	
5889	82	
5890	1	
5891	59	
5892	99	
5893	75	
5894	42	
5895	100	
5896	37	
5897	1	
5898	18	
5899	21	
5900	97	
5901	92	
5902	92	
5903	13	
5904	41	
5905	29	
5906	99	
5907	28	
5908	51	
5909	61	
5910	58	
5911	81	
5912	57	
5913	61	
5914	34	
5915	81	
5916	87	
5917	19	
5918	84	
5919	68	
5920	93	
5921	89	
5922	26	
5923	80	
5924	32	
5925	70	
5926	77	
5927	83	
5928	63	
5929	70	
5930	13	
5931	99	
5932	47	
5933	46	
5934	17	
5935	1	
5936	1	
5937	94	
5938	38	
5939	8	
5940	40	
5941	100	
5942	69	
5943	81	
5944	37	
5945	33	
5946	31	
5947	78	
5948	77	
5949	61	
5950	39	
5951	77	
5952	91	
5953	64	
5954	8	
5955	24	
5956	96	
5957	33	
5958	12	
5959	11	
5960	1	
5961	43	
5962	41	
5963	79	
5964	21	
5965	96	
5966	17	
5967	43	
5968	80	
5969	12	
5970	51	
5971	31	
5972	21	
5973	56	
5974	14	
5975	42	
5976	33	
5977	41	
5978	67	
5979	66	
5980	82	
5981	92	
5982	7	
5983	44	
5984	13	
5985	84	
5986	95	
5987	86	
5988	53	
5989	65	
5990	38	
5991	26	
5992	10	
5993	61	
5994	71	
5995	86	
5996	58	
5997	91	
5998	50	
5999	100	
6000	96	
6001	98	
6002	57	
6003	69	
6004	33	
6005	76	
6006	12	
6007	31	
6008	68	
6009	1	
6010	35	
6011	96	
6012	63	
6013	27	
6014	25	
6015	22	
6016	66	
6017	73	
6018	72	
6019	99	
6020	57	
6021	22	
6022	73	
6023	64	
6024	55	
6025	20	
6026	7	
6027	76	
6028	75	
6029	83	
6030	100	
6031	92	
6032	51	
6033	33	
6034	33	
6035	85	
6036	44	
6037	5	
6038	84	
6039	94	
6040	39	
6041	63	
6042	70	
6043	45	
6044	84	
6045	47	
6046	32	
6047	19	
6048	67	
6049	23	
6050	71	
6051	82	
6052	84	
6053	83	
6054	2	
6055	29	
6056	56	
6057	68	
6058	20	
6059	16	
6060	39	
6061	87	
6062	56	
6063	74	
6064	1	
6065	97	
6066	11	
6067	68	
6068	40	
6069	71	
6070	82	
6071	20	
6072	33	
6073	92	
6074	18	
6075	44	
6076	20	
6077	24	
6078	37	
6079	91	
6080	35	
6081	61	
6082	100	
6083	8	
6084	43	
6085	61	
6086	48	
6087	20	
6088	84	
6089	24	
6090	95	
6091	11	
6092	55	
6093	80	
6094	6	
6095	3	
6096	64	
6097	37	
6098	30	
6099	33	
6100	75	
6101	29	
6102	73	
6103	5	
6104	76	
6105	19	
6106	48	
6107	66	
6108	88	
6109	65	
6110	4	
6111	93	
6112	35	
6113	95	
6114	74	
6115	29	
6116	14	
6117	91	
6118	24	
6119	50	
6120	36	
6121	61	
6122	71	
6123	52	
6124	71	
6125	38	
6126	10	
6127	82	
6128	57	
6129	34	
6130	59	
6131	21	
6132	97	
6133	96	
6134	6	
6135	32	
6136	21	
6137	50	
6138	91	
6139	27	
6140	7	
6141	67	
6142	36	
6143	18	
6144	55	
6145	58	
6146	74	
6147	76	
6148	52	
6149	30	
6150	38	
6151	86	
6152	20	
6153	34	
6154	22	
6155	20	
6156	90	
6157	12	
6158	59	
6159	68	
6160	3	
6161	32	
6162	34	
6163	40	
6164	15	
6165	55	
6166	56	
6167	69	
6168	23	
6169	90	
6170	40	
6171	98	
6172	67	
6173	89	
6174	94	
6175	13	
6176	74	
6177	78	
6178	55	
6179	58	
6180	42	
6181	2	
6182	65	
6183	93	
6184	87	
6185	52	
6186	77	
6187	10	
6188	45	
6189	83	
6190	29	
6191	81	
6192	80	
6193	78	
6194	86	
6195	81	
6196	57	
6197	55	
6198	69	
6199	70	
6200	100	
6201	70	
6202	10	
6203	32	
6204	69	
6205	25	
6206	1	
6207	87	
6208	9	
6209	43	
6210	74	
6211	79	
6212	20	
6213	82	
6214	82	
6215	59	
6216	46	
6217	27	
6218	63	
6219	56	
6220	91	
6221	66	
6222	66	
6223	28	
6224	93	
6225	37	
6226	63	
6227	77	
6228	59	
6229	16	
6230	38	
6231	41	
6232	80	
6233	55	
6234	58	
6235	9	
6236	8	
6237	44	
6238	78	
6239	16	
6240	15	
6241	44	
6242	26	
6243	18	
6244	69	
6245	75	
6246	65	
6247	43	
6248	84	
6249	10	
6250	58	
6251	88	
6252	54	
6253	98	
6254	56	
6255	6	
6256	13	
6257	8	
6258	51	
6259	63	
6260	92	
6261	37	
6262	22	
6263	30	
6264	1	
6265	44	
6266	12	
6267	20	
6268	46	
6269	61	
6270	93	
6271	7	
6272	6	
6273	30	
6274	49	
6275	72	
6276	6	
6277	57	
6278	41	
6279	50	
6280	90	
6281	34	
6282	14	
6283	70	
6284	95	
6285	55	
6286	91	
6287	91	
6288	25	
6289	100	
6290	92	
6291	48	
6292	88	
6293	75	
6294	87	
6295	59	
6296	17	
6297	99	
6298	36	
6299	50	
6300	63	
6301	86	
6302	6	
6303	1	
6304	71	
6305	64	
6306	28	
6307	1	
6308	46	
6309	83	
6310	67	
6311	40	
6312	4	
6313	6	
6314	25	
6315	99	
6316	89	
6317	13	
6318	16	
6319	62	
6320	77	
6321	85	
6322	86	
6323	44	
6324	81	
6325	81	
6326	9	
6327	41	
6328	76	
6329	77	
6330	69	
6331	42	
6332	12	
6333	11	
6334	88	
6335	45	
6336	29	
6337	47	
6338	34	
6339	12	
6340	87	
6341	22	
6342	6	
6343	76	
6344	69	
6345	44	
6346	72	
6347	3	
6348	62	
6349	6	
6350	71	
6351	72	
6352	64	
6353	46	
6354	51	
6355	75	
6356	65	
6357	12	
6358	93	
6359	87	
6360	63	
6361	25	
6362	63	
6363	41	
6364	41	
6365	58	
6366	63	
6367	72	
6368	70	
6369	67	
6370	49	
6371	21	
6372	22	
6373	65	
6374	79	
6375	67	
6376	54	
6377	81	
6378	38	
6379	13	
6380	38	
6381	5	
6382	4	
6383	96	
6384	3	
6385	56	
6386	41	
6387	28	
6388	60	
6389	32	
6390	43	
6391	95	
6392	38	
6393	93	
6394	64	
6395	39	
6396	22	
6397	25	
6398	84	
6399	62	
6400	74	
6401	83	
6402	26	
6403	6	
6404	14	
6405	97	
6406	74	
6407	84	
6408	83	
6409	72	
6410	5	
6411	2	
6412	15	
6413	44	
6414	42	
6415	75	
6416	37	
6417	95	
6418	20	
6419	83	
6420	87	
6421	100	
6422	51	
6423	42	
6424	60	
6425	2	
6426	54	
6427	47	
6428	54	
6429	8	
6430	55	
6431	23	
6432	47	
6433	52	
6434	96	
6435	57	
6436	85	
6437	34	
6438	6	
6439	84	
6440	75	
6441	95	
6442	46	
6443	74	
6444	27	
6445	24	
6446	85	
6447	37	
6448	87	
6449	10	
6450	69	
6451	42	
6452	18	
6453	53	
6454	12	
6455	83	
6456	2	
6457	87	
6458	17	
6459	14	
6460	57	
6461	32	
6462	32	
6463	94	
6464	51	
6465	45	
6466	96	
6467	86	
6468	99	
6469	7	
6470	16	
6471	95	
6472	11	
6473	10	
6474	12	
6475	20	
6476	94	
6477	25	
6478	3	
6479	21	
6480	33	
6481	10	
6482	32	
6483	30	
6484	73	
6485	55	
6486	19	
6487	79	
6488	100	
6489	33	
6490	62	
6491	20	
6492	61	
6493	89	
6494	66	
6495	51	
6496	58	
6497	39	
6498	14	
6499	74	
6500	2	
6501	85	
6502	7	
6503	12	
6504	86	
6505	95	
6506	36	
6507	93	
6508	17	
6509	30	
6510	86	
6511	24	
6512	38	
6513	90	
6514	40	
6515	58	
6516	91	
6517	21	
6518	59	
6519	70	
6520	37	
6521	44	
6522	1	
6523	20	
6524	20	
6525	46	
6526	94	
6527	84	
6528	73	
6529	18	
6530	73	
6531	41	
6532	59	
6533	84	
6534	5	
6535	20	
6536	57	
6537	32	
6538	2	
6539	37	
6540	44	
6541	11	
6542	34	
6543	42	
6544	99	
6545	59	
6546	98	
6547	40	
6548	8	
6549	88	
6550	93	
6551	23	
6552	74	
6553	7	
6554	6	
6555	71	
6556	18	
6557	65	
6558	87	
6559	66	
6560	4	
6561	33	
6562	10	
6563	19	
6564	77	
6565	7	
6566	27	
6567	7	
6568	76	
6569	61	
6570	17	
6571	31	
6572	99	
6573	74	
6574	92	
6575	94	
6576	60	
6577	93	
6578	70	
6579	85	
6580	54	
6581	4	
6582	56	
6583	87	
6584	7	
6585	35	
6586	60	
6587	40	
6588	25	
6589	27	
6590	78	
6591	68	
6592	59	
6593	77	
6594	44	
6595	3	
6596	18	
6597	83	
6598	24	
6599	8	
6600	98	
6601	55	
6602	14	
6603	99	
6604	65	
6605	21	
6606	32	
6607	49	
6608	76	
6609	79	
6610	87	
6611	40	
6612	46	
6613	76	
6614	30	
6615	5	
6616	67	
6617	7	
6618	87	
6619	12	
6620	66	
6621	26	
6622	31	
6623	52	
6624	41	
6625	26	
6626	68	
6627	42	
6628	91	
6629	83	
6630	62	
6631	3	
6632	4	
6633	30	
6634	88	
6635	31	
6636	38	
6637	32	
6638	90	
6639	10	
6640	60	
6641	90	
6642	74	
6643	98	
6644	71	
6645	97	
6646	13	
6647	6	
6648	67	
6649	32	
6650	33	
6651	23	
6652	56	
6653	82	
6654	45	
6655	55	
6656	22	
6657	87	
6658	94	
6659	75	
6660	47	
6661	32	
6662	94	
6663	26	
6664	74	
6665	1	
6666	84	
6667	53	
6668	99	
6669	41	
6670	13	
6671	26	
6672	59	
6673	69	
6674	27	
6675	83	
6676	51	
6677	6	
6678	65	
6679	38	
6680	6	
6681	22	
6682	60	
6683	84	
6684	37	
6685	43	
6686	53	
6687	12	
6688	68	
6689	61	
6690	25	
6691	35	
6692	43	
6693	54	
6694	23	
6695	91	
6696	91	
6697	33	
6698	6	
6699	93	
6700	24	
6701	85	
6702	21	
6703	49	
6704	39	
6705	22	
6706	57	
6707	22	
6708	43	
6709	96	
6710	7	
6711	80	
6712	9	
6713	68	
6714	68	
6715	8	
6716	98	
6717	80	
6718	90	
6719	60	
6720	73	
6721	67	
6722	18	
6723	69	
6724	63	
6725	100	
6726	42	
6727	83	
6728	88	
6729	2	
6730	69	
6731	21	
6732	89	
6733	75	
6734	40	
6735	62	
6736	33	
6737	66	
6738	45	
6739	96	
6740	38	
6741	47	
6742	83	
6743	57	
6744	52	
6745	99	
6746	6	
6747	43	
6748	86	
6749	22	
6750	25	
6751	95	
6752	73	
6753	83	
6754	85	
6755	15	
6756	50	
6757	27	
6758	70	
6759	1	
6760	20	
6761	23	
6762	54	
6763	22	
6764	9	
6765	9	
6766	16	
6767	78	
6768	88	
6769	12	
6770	18	
6771	57	
6772	90	
6773	2	
6774	96	
6775	21	
6776	14	
6777	83	
6778	58	
6779	24	
6780	90	
6781	8	
6782	54	
6783	40	
6784	5	
6785	94	
6786	85	
6787	90	
6788	17	
6789	95	
6790	24	
6791	22	
6792	96	
6793	49	
6794	65	
6795	35	
6796	13	
6797	64	
6798	45	
6799	29	
6800	14	
6801	86	
6802	73	
6803	96	
6804	76	
6805	42	
6806	87	
6807	47	
6808	92	
6809	55	
6810	96	
6811	40	
6812	94	
6813	15	
6814	5	
6815	32	
6816	85	
6817	55	
6818	95	
6819	53	
6820	91	
6821	27	
6822	76	
6823	81	
6824	24	
6825	68	
6826	17	
6827	94	
6828	8	
6829	95	
6830	52	
6831	42	
6832	79	
6833	29	
6834	30	
6835	26	
6836	11	
6837	74	
6838	48	
6839	84	
6840	29	
6841	96	
6842	39	
6843	54	
6844	73	
6845	75	
6846	1	
6847	70	
6848	48	
6849	16	
6850	22	
6851	62	
6852	2	
6853	76	
6854	94	
6855	51	
6856	59	
6857	19	
6858	23	
6859	32	
6860	31	
6861	39	
6862	97	
6863	62	
6864	4	
6865	44	
6866	28	
6867	86	
6868	32	
6869	31	
6870	22	
6871	28	
6872	42	
6873	85	
6874	71	
6875	51	
6876	68	
6877	79	
6878	2	
6879	68	
6880	7	
6881	9	
6882	11	
6883	10	
6884	3	
6885	61	
6886	41	
6887	44	
6888	34	
6889	67	
6890	51	
6891	4	
6892	42	
6893	48	
6894	80	
6895	44	
6896	69	
6897	32	
6898	56	
6899	45	
6900	26	
6901	41	
6902	50	
6903	50	
6904	83	
6905	55	
6906	30	
6907	31	
6908	22	
6909	24	
6910	33	
6911	83	
6912	62	
6913	51	
6914	26	
6915	64	
6916	85	
6917	11	
6918	21	
6919	24	
6920	33	
6921	59	
6922	32	
6923	19	
6924	36	
6925	21	
6926	72	
6927	5	
6928	86	
6929	4	
6930	25	
6931	79	
6932	7	
6933	47	
6934	43	
6935	86	
6936	92	
6937	66	
6938	1	
6939	21	
6940	72	
6941	34	
6942	2	
6943	94	
6944	24	
6945	54	
6946	22	
6947	69	
6948	74	
6949	74	
6950	68	
6951	82	
6952	83	
6953	4	
6954	99	
6955	85	
6956	82	
6957	3	
6958	45	
6959	85	
6960	86	
6961	93	
6962	21	
6963	59	
6964	12	
6965	58	
6966	42	
6967	6	
6968	72	
6969	93	
6970	39	
6971	62	
6972	58	
6973	88	
6974	61	
6975	99	
6976	74	
6977	2	
6978	28	
6979	65	
6980	10	
6981	33	
6982	64	
6983	22	
6984	17	
6985	14	
6986	23	
6987	17	
6988	48	
6989	45	
6990	25	
6991	79	
6992	10	
6993	43	
6994	53	
6995	90	
6996	48	
6997	86	
6998	83	
6999	12	
7000	87	
7001	69	
7002	18	
7003	34	
7004	39	
7005	15	
7006	89	
7007	26	
7008	92	
7009	38	
7010	72	
7011	67	
7012	38	
7013	1	
7014	89	
7015	62	
7016	34	
7017	60	
7018	17	
7019	4	
7020	5	
7021	76	
7022	54	
7023	80	
7024	29	
7025	46	
7026	80	
7027	27	
7028	12	
7029	18	
7030	73	
7031	36	
7032	2	
7033	46	
7034	43	
7035	68	
7036	84	
7037	46	
7038	31	
7039	57	
7040	37	
7041	15	
7042	33	
7043	56	
7044	46	
7045	54	
7046	88	
7047	92	
7048	43	
7049	27	
7050	52	
7051	41	
7052	98	
7053	48	
7054	60	
7055	76	
7056	100	
7057	5	
7058	40	
7059	56	
7060	76	
7061	47	
7062	81	
7063	24	
7064	97	
7065	15	
7066	25	
7067	1	
7068	5	
7069	86	
7070	10	
7071	1	
7072	78	
7073	56	
7074	16	
7075	31	
7076	30	
7077	39	
7078	77	
7079	4	
7080	44	
7081	62	
7082	90	
7083	33	
7084	18	
7085	76	
7086	96	
7087	14	
7088	15	
7089	92	
7090	41	
7091	58	
7092	19	
7093	53	
7094	83	
7095	45	
7096	92	
7097	45	
7098	5	
7099	60	
7100	29	
7101	87	
7102	87	
7103	1	
7104	18	
7105	82	
7106	16	
7107	29	
7108	69	
7109	9	
7110	87	
7111	23	
7112	36	
7113	42	
7114	69	
7115	36	
7116	42	
7117	49	
7118	46	
7119	35	
7120	37	
7121	5	
7122	77	
7123	32	
7124	94	
7125	59	
7126	90	
7127	58	
7128	38	
7129	79	
7130	71	
7131	94	
7132	57	
7133	48	
7134	50	
7135	43	
7136	66	
7137	1	
7138	62	
7139	6	
7140	64	
7141	39	
7142	63	
7143	13	
7144	92	
7145	3	
7146	5	
7147	42	
7148	78	
7149	59	
7150	22	
7151	54	
7152	19	
7153	22	
7154	86	
7155	36	
7156	81	
7157	94	
7158	15	
7159	45	
7160	12	
7161	90	
7162	42	
7163	31	
7164	100	
7165	62	
7166	46	
7167	64	
7168	42	
7169	52	
7170	14	
7171	17	
7172	74	
7173	82	
7174	61	
7175	81	
7176	88	
7177	25	
7178	23	
7179	50	
7180	89	
7181	85	
7182	47	
7183	24	
7184	64	
7185	47	
7186	40	
7187	66	
7188	75	
7189	25	
7190	62	
7191	51	
7192	33	
7193	6	
7194	23	
7195	82	
7196	79	
7197	40	
7198	48	
7199	7	
7200	53	
7201	28	
7202	27	
7203	39	
7204	92	
7205	22	
7206	72	
7207	65	
7208	91	
7209	91	
7210	71	
7211	20	
7212	64	
7213	40	
7214	45	
7215	93	
7216	25	
7217	1	
7218	36	
7219	52	
7220	81	
7221	37	
7222	38	
7223	39	
7224	34	
7225	46	
7226	2	
7227	28	
7228	22	
7229	92	
7230	63	
7231	45	
7232	88	
7233	40	
7234	78	
7235	68	
7236	10	
7237	98	
7238	17	
7239	50	
7240	22	
7241	53	
7242	60	
7243	77	
7244	58	
7245	35	
7246	82	
7247	32	
7248	30	
7249	24	
7250	6	
7251	84	
7252	62	
7253	90	
7254	55	
7255	66	
7256	51	
7257	15	
7258	34	
7259	53	
7260	48	
7261	59	
7262	21	
7263	58	
7264	27	
7265	61	
7266	59	
7267	15	
7268	99	
7269	87	
7270	76	
7271	38	
7272	20	
7273	9	
7274	35	
7275	77	
7276	44	
7277	99	
7278	80	
7279	30	
7280	18	
7281	100	
7282	29	
7283	46	
7284	55	
7285	35	
7286	71	
7287	4	
7288	23	
7289	61	
7290	72	
7291	44	
7292	86	
7293	80	
7294	11	
7295	93	
7296	41	
7297	79	
7298	61	
7299	37	
7300	76	
7301	93	
7302	60	
7303	97	
7304	74	
7305	92	
7306	68	
7307	40	
7308	22	
7309	20	
7310	47	
7311	43	
7312	30	
7313	32	
7314	22	
7315	23	
7316	8	
7317	89	
7318	64	
7319	36	
7320	3	
7321	51	
7322	63	
7323	58	
7324	80	
7325	1	
7326	88	
7327	3	
7328	83	
7329	53	
7330	61	
7331	41	
7332	40	
7333	63	
7334	74	
7335	43	
7336	24	
7337	25	
7338	58	
7339	1	
7340	4	
7341	89	
7342	56	
7343	6	
7344	78	
7345	88	
7346	33	
7347	39	
7348	16	
7349	71	
7350	98	
7351	67	
7352	86	
7353	10	
7354	60	
7355	42	
7356	89	
7357	62	
7358	90	
7359	96	
7360	24	
7361	88	
7362	74	
7363	8	
7364	68	
7365	10	
7366	5	
7367	23	
7368	2	
7369	86	
7370	10	
7371	61	
7372	93	
7373	63	
7374	47	
7375	68	
7376	57	
7377	66	
7378	85	
7379	9	
7380	28	
7381	62	
7382	30	
7383	36	
7384	90	
7385	53	
7386	47	
7387	85	
7388	70	
7389	85	
7390	77	
7391	31	
7392	57	
7393	32	
7394	10	
7395	18	
7396	88	
7397	29	
7398	10	
7399	14	
7400	62	
7401	44	
7402	87	
7403	11	
7404	97	
7405	42	
7406	36	
7407	28	
7408	32	
7409	95	
7410	19	
7411	2	
7412	12	
7413	10	
7414	92	
7415	100	
7416	64	
7417	65	
7418	15	
7419	99	
7420	90	
7421	28	
7422	7	
7423	4	
7424	10	
7425	68	
7426	10	
7427	38	
7428	80	
7429	65	
7430	41	
7431	35	
7432	63	
7433	34	
7434	91	
7435	12	
7436	82	
7437	97	
7438	98	
7439	35	
7440	90	
7441	90	
7442	51	
7443	54	
7444	87	
7445	10	
7446	76	
7447	75	
7448	95	
7449	6	
7450	21	
7451	99	
7452	95	
7453	51	
7454	9	
7455	81	
7456	74	
7457	77	
7458	73	
7459	37	
7460	87	
7461	6	
7462	45	
7463	27	
7464	51	
7465	73	
7466	67	
7467	36	
7468	97	
7469	29	
7470	89	
7471	61	
7472	41	
7473	21	
7474	84	
7475	8	
7476	66	
7477	99	
7478	37	
7479	44	
7480	81	
7481	3	
7482	41	
7483	26	
7484	94	
7485	7	
7486	38	
7487	76	
7488	50	
7489	19	
7490	21	
7491	87	
7492	89	
7493	59	
7494	15	
7495	34	
7496	75	
7497	77	
7498	26	
7499	34	
7500	81	
7501	22	
7502	11	
7503	69	
7504	46	
7505	41	
7506	59	
7507	17	
7508	4	
7509	1	
7510	60	
7511	24	
7512	74	
7513	97	
7514	38	
7515	75	
7516	2	
7517	72	
7518	64	
7519	37	
7520	42	
7521	61	
7522	38	
7523	55	
7524	35	
7525	77	
7526	23	
7527	99	
7528	55	
7529	29	
7530	18	
7531	91	
7532	36	
7533	19	
7534	10	
7535	60	
7536	48	
7537	41	
7538	71	
7539	49	
7540	74	
7541	91	
7542	36	
7543	95	
7544	32	
7545	4	
7546	13	
7547	12	
7548	5	
7549	53	
7550	56	
7551	98	
7552	81	
7553	39	
7554	77	
7555	90	
7556	53	
7557	20	
7558	40	
7559	91	
7560	58	
7561	26	
7562	67	
7563	22	
7564	19	
7565	8	
7566	6	
7567	70	
7568	73	
7569	38	
7570	5	
7571	59	
7572	40	
7573	78	
7574	6	
7575	96	
7576	68	
7577	79	
7578	37	
7579	22	
7580	11	
7581	7	
7582	97	
7583	13	
7584	100	
7585	15	
7586	70	
7587	27	
7588	43	
7589	91	
7590	95	
7591	62	
7592	92	
7593	84	
7594	99	
7595	12	
7596	97	
7597	79	
7598	36	
7599	94	
7600	29	
7601	64	
7602	33	
7603	28	
7604	49	
7605	90	
7606	2	
7607	80	
7608	41	
7609	15	
7610	15	
7611	48	
7612	65	
7613	78	
7614	44	
7615	18	
7616	70	
7617	47	
7618	49	
7619	8	
7620	64	
7621	27	
7622	71	
7623	91	
7624	71	
7625	54	
7626	71	
7627	69	
7628	51	
7629	70	
7630	88	
7631	53	
7632	41	
7633	82	
7634	62	
7635	59	
7636	42	
7637	22	
7638	23	
7639	34	
7640	81	
7641	23	
7642	15	
7643	24	
7644	55	
7645	69	
7646	65	
7647	74	
7648	60	
7649	35	
7650	93	
7651	46	
7652	65	
7653	15	
7654	89	
7655	39	
7656	69	
7657	92	
7658	38	
7659	96	
7660	17	
7661	97	
7662	78	
7663	90	
7664	77	
7665	93	
7666	9	
7667	37	
7668	63	
7669	59	
7670	6	
7671	56	
7672	93	
7673	9	
7674	44	
7675	71	
7676	57	
7677	25	
7678	23	
7679	93	
7680	50	
7681	21	
7682	70	
7683	92	
7684	85	
7685	56	
7686	25	
7687	5	
7688	66	
7689	12	
7690	14	
7691	30	
7692	6	
7693	49	
7694	9	
7695	74	
7696	97	
7697	25	
7698	89	
7699	6	
7700	47	
7701	100	
7702	70	
7703	95	
7704	76	
7705	78	
7706	51	
7707	68	
7708	22	
7709	22	
7710	91	
7711	26	
7712	55	
7713	42	
7714	6	
7715	16	
7716	57	
7717	6	
7718	78	
7719	46	
7720	83	
7721	32	
7722	96	
7723	75	
7724	79	
7725	26	
7726	25	
7727	61	
7728	12	
7729	77	
7730	48	
7731	97	
7732	51	
7733	90	
7734	16	
7735	22	
7736	87	
7737	89	
7738	88	
7739	80	
7740	42	
7741	19	
7742	12	
7743	54	
7744	76	
7745	21	
7746	7	
7747	34	
7748	45	
7749	100	
7750	1	
7751	78	
7752	36	
7753	36	
7754	15	
7755	70	
7756	84	
7757	48	
7758	96	
7759	70	
7760	3	
7761	22	
7762	71	
7763	31	
7764	70	
7765	33	
7766	88	
7767	79	
7768	86	
7769	32	
7770	74	
7771	34	
7772	11	
7773	41	
7774	88	
7775	1	
7776	36	
7777	88	
7778	49	
7779	39	
7780	16	
7781	99	
7782	1	
7783	8	
7784	13	
7785	70	
7786	84	
7787	4	
7788	56	
7789	42	
7790	32	
7791	34	
7792	61	
7793	27	
7794	65	
7795	79	
7796	97	
7797	96	
7798	57	
7799	70	
7800	80	
7801	99	
7802	90	
7803	36	
7804	63	
7805	31	
7806	12	
7807	50	
7808	65	
7809	40	
7810	33	
7811	87	
7812	95	
7813	15	
7814	100	
7815	13	
7816	49	
7817	56	
7818	63	
7819	45	
7820	40	
7821	17	
7822	13	
7823	37	
7824	79	
7825	37	
7826	72	
7827	87	
7828	56	
7829	96	
7830	4	
7831	56	
7832	42	
7833	11	
7834	75	
7835	19	
7836	14	
7837	26	
7838	83	
7839	34	
7840	12	
7841	56	
7842	87	
7843	2	
7844	73	
7845	35	
7846	91	
7847	49	
7848	68	
7849	70	
7850	91	
7851	92	
7852	55	
7853	64	
7854	72	
7855	42	
7856	13	
7857	68	
7858	28	
7859	100	
7860	86	
7861	80	
7862	33	
7863	5	
7864	32	
7865	84	
7866	78	
7867	34	
7868	30	
7869	78	
7870	63	
7871	77	
7872	44	
7873	65	
7874	99	
7875	99	
7876	87	
7877	84	
7878	93	
7879	99	
7880	100	
7881	45	
7882	77	
7883	25	
7884	46	
7885	72	
7886	93	
7887	14	
7888	54	
7889	7	
7890	63	
7891	29	
7892	12	
7893	33	
7894	67	
7895	13	
7896	29	
7897	98	
7898	91	
7899	75	
7900	28	
7901	2	
7902	24	
7903	50	
7904	95	
7905	87	
7906	60	
7907	54	
7908	45	
7909	57	
7910	32	
7911	67	
7912	31	
7913	1	
7914	100	
7915	82	
7916	21	
7917	1	
7918	24	
7919	52	
7920	63	
7921	95	
7922	71	
7923	44	
7924	94	
7925	39	
7926	99	
7927	87	
7928	45	
7929	40	
7930	77	
7931	91	
7932	27	
7933	31	
7934	24	
7935	6	
7936	89	
7937	81	
7938	51	
7939	53	
7940	82	
7941	71	
7942	100	
7943	47	
7944	57	
7945	37	
7946	81	
7947	37	
7948	27	
7949	6	
7950	100	
7951	61	
7952	15	
7953	44	
7954	44	
7955	5	
7956	19	
7957	9	
7958	8	
7959	80	
7960	26	
7961	34	
7962	69	
7963	41	
7964	33	
7965	33	
7966	20	
7967	44	
7968	56	
7969	16	
7970	19	
7971	90	
7972	23	
7973	18	
7974	35	
7975	33	
7976	55	
7977	38	
7978	8	
7979	42	
7980	69	
7981	8	
7982	29	
7983	97	
7984	7	
7985	89	
7986	11	
7987	50	
7988	88	
7989	20	
7990	79	
7991	55	
7992	26	
7993	26	
7994	83	
7995	26	
7996	99	
7997	87	
7998	87	
7999	25	
8000	30	
8001	83	
8002	49	
8003	41	
8004	96	
8005	85	
8006	95	
8007	74	
8008	57	
8009	84	
8010	28	
8011	43	
8012	6	
8013	86	
8014	97	
8015	55	
8016	87	
8017	95	
8018	56	
8019	85	
8020	68	
8021	20	
8022	60	
8023	5	
8024	1	
8025	26	
8026	34	
8027	73	
8028	96	
8029	78	
8030	43	
8031	17	
8032	55	
8033	43	
8034	44	
8035	35	
8036	24	
8037	93	
8038	12	
8039	9	
8040	7	
8041	82	
8042	2	
8043	38	
8044	92	
8045	57	
8046	70	
8047	8	
8048	82	
8049	17	
8050	22	
8051	98	
8052	16	
8053	32	
8054	90	
8055	22	
8056	9	
8057	22	
8058	79	
8059	43	
8060	97	
8061	5	
8062	1	
8063	71	
8064	40	
8065	28	
8066	42	
8067	4	
8068	80	
8069	34	
8070	43	
8071	35	
8072	48	
8073	57	
8074	66	
8075	23	
8076	52	
8077	17	
8078	24	
8079	8	
8080	97	
8081	96	
8082	10	
8083	38	
8084	56	
8085	97	
8086	90	
8087	1	
8088	64	
8089	3	
8090	61	
8091	84	
8092	18	
8093	45	
8094	60	
8095	8	
8096	97	
8097	93	
8098	60	
8099	80	
8100	32	
8101	35	
8102	96	
8103	83	
8104	64	
8105	57	
8106	67	
8107	23	
8108	97	
8109	33	
8110	33	
8111	2	
8112	72	
8113	92	
8114	60	
8115	41	
8116	11	
8117	99	
8118	60	
8119	91	
8120	18	
8121	93	
8122	65	
8123	16	
8124	78	
8125	82	
8126	89	
8127	55	
8128	30	
8129	51	
8130	37	
8131	66	
8132	83	
8133	77	
8134	10	
8135	2	
8136	85	
8137	61	
8138	2	
8139	62	
8140	73	
8141	54	
8142	62	
8143	59	
8144	6	
8145	44	
8146	59	
8147	30	
8148	30	
8149	73	
8150	3	
8151	67	
8152	100	
8153	88	
8154	99	
8155	66	
8156	74	
8157	3	
8158	96	
8159	69	
8160	78	
8161	62	
8162	7	
8163	59	
8164	46	
8165	31	
8166	55	
8167	8	
8168	9	
8169	70	
8170	19	
8171	71	
8172	56	
8173	92	
8174	38	
8175	10	
8176	40	
8177	85	
8178	68	
8179	78	
8180	29	
8181	19	
8182	96	
8183	54	
8184	58	
8185	83	
8186	18	
8187	18	
8188	1	
8189	49	
8190	24	
8191	98	
8192	45	
8193	69	
8194	15	
8195	2	
8196	92	
8197	98	
8198	84	
8199	53	
8200	76	
8201	35	
8202	37	
8203	27	
8204	16	
8205	2	
8206	63	
8207	52	
8208	57	
8209	83	
8210	3	
8211	85	
8212	39	
8213	31	
8214	79	
8215	28	
8216	75	
8217	30	
8218	83	
8219	82	
8220	12	
8221	87	
8222	58	
8223	65	
8224	21	
8225	81	
8226	16	
8227	80	
8228	18	
8229	18	
8230	63	
8231	84	
8232	23	
8233	21	
8234	68	
8235	2	
8236	47	
8237	29	
8238	6	
8239	61	
8240	87	
8241	25	
8242	19	
8243	2	
8244	41	
8245	31	
8246	59	
8247	16	
8248	52	
8249	83	
8250	65	
8251	12	
8252	15	
8253	38	
8254	93	
8255	19	
8256	68	
8257	34	
8258	59	
8259	40	
8260	68	
8261	94	
8262	100	
8263	97	
8264	30	
8265	68	
8266	74	
8267	55	
8268	5	
8269	24	
8270	54	
8271	72	
8272	79	
8273	80	
8274	29	
8275	90	
8276	22	
8277	71	
8278	76	
8279	67	
8280	29	
8281	88	
8282	18	
8283	48	
8284	49	
8285	14	
8286	59	
8287	40	
8288	78	
8289	31	
8290	24	
8291	68	
8292	13	
8293	75	
8294	83	
8295	30	
8296	41	
8297	67	
8298	97	
8299	71	
8300	55	
8301	20	
8302	20	
8303	18	
8304	88	
8305	15	
8306	64	
8307	21	
8308	39	
8309	5	
8310	80	
8311	29	
8312	97	
8313	89	
8314	11	
8315	19	
8316	63	
8317	35	
8318	21	
8319	63	
8320	44	
8321	44	
8322	66	
8323	33	
8324	6	
8325	97	
8326	55	
8327	69	
8328	47	
8329	55	
8330	45	
8331	29	
8332	41	
8333	9	
8334	19	
8335	79	
8336	68	
8337	75	
8338	65	
8339	10	
8340	56	
8341	7	
8342	65	
8343	1	
8344	13	
8345	68	
8346	83	
8347	9	
8348	13	
8349	80	
8350	30	
8351	57	
8352	78	
8353	35	
8354	94	
8355	42	
8356	38	
8357	47	
8358	21	
8359	30	
8360	81	
8361	15	
8362	16	
8363	55	
8364	10	
8365	98	
8366	9	
8367	54	
8368	87	
8369	32	
8370	68	
8371	94	
8372	76	
8373	65	
8374	31	
8375	28	
8376	9	
8377	6	
8378	96	
8379	70	
8380	18	
8381	81	
8382	92	
8383	30	
8384	3	
8385	62	
8386	75	
8387	97	
8388	18	
8389	78	
8390	84	
8391	46	
8392	18	
8393	49	
8394	80	
8395	18	
8396	47	
8397	16	
8398	75	
8399	84	
8400	42	
8401	37	
8402	64	
8403	32	
8404	4	
8405	32	
8406	44	
8407	73	
8408	96	
8409	98	
8410	11	
8411	77	
8412	87	
8413	16	
8414	95	
8415	81	
8416	12	
8417	81	
8418	90	
8419	91	
8420	50	
8421	93	
8422	49	
8423	13	
8424	99	
8425	94	
8426	97	
8427	21	
8428	88	
8429	95	
8430	8	
8431	92	
8432	49	
8433	91	
8434	22	
8435	17	
8436	8	
8437	92	
8438	5	
8439	5	
8440	7	
8441	54	
8442	75	
8443	70	
8444	91	
8445	99	
8446	13	
8447	71	
8448	81	
8449	50	
8450	79	
8451	35	
8452	37	
8453	49	
8454	76	
8455	98	
8456	63	
8457	25	
8458	72	
8459	58	
8460	68	
8461	94	
8462	22	
8463	88	
8464	88	
8465	77	
8466	13	
8467	97	
8468	55	
8469	28	
8470	5	
8471	32	
8472	5	
8473	75	
8474	61	
8475	67	
8476	63	
8477	62	
8478	43	
8479	11	
8480	93	
8481	75	
8482	49	
8483	70	
8484	92	
8485	50	
8486	92	
8487	79	
8488	88	
8489	100	
8490	41	
8491	77	
8492	56	
8493	10	
8494	38	
8495	33	
8496	54	
8497	1	
8498	14	
8499	7	
8500	46	
8501	29	
8502	66	
8503	58	
8504	67	
8505	32	
8506	36	
8507	94	
8508	11	
8509	30	
8510	92	
8511	54	
8512	81	
8513	100	
8514	5	
8515	80	
8516	59	
8517	31	
8518	42	
8519	57	
8520	91	
8521	83	
8522	7	
8523	32	
8524	100	
8525	31	
8526	83	
8527	14	
8528	96	
8529	52	
8530	9	
8531	24	
8532	72	
8533	19	
8534	13	
8535	10	
8536	69	
8537	22	
8538	30	
8539	71	
8540	78	
8541	11	
8542	94	
8543	60	
8544	85	
8545	42	
8546	39	
8547	24	
8548	97	
8549	85	
8550	74	
8551	86	
8552	63	
8553	68	
8554	47	
8555	44	
8556	15	
8557	60	
8558	62	
8559	88	
8560	85	
8561	73	
8562	10	
8563	71	
8564	42	
8565	41	
8566	41	
8567	8	
8568	74	
8569	20	
8570	20	
8571	63	
8572	33	
8573	4	
8574	6	
8575	60	
8576	60	
8577	81	
8578	26	
8579	23	
8580	35	
8581	56	
8582	95	
8583	6	
8584	30	
8585	16	
8586	25	
8587	100	
8588	58	
8589	61	
8590	66	
8591	86	
8592	18	
8593	30	
8594	32	
8595	2	
8596	92	
8597	76	
8598	67	
8599	13	
8600	63	
8601	56	
8602	81	
8603	98	
8604	12	
8605	66	
8606	71	
8607	47	
8608	11	
8609	40	
8610	91	
8611	72	
8612	25	
8613	55	
8614	54	
8615	89	
8616	13	
8617	18	
8618	28	
8619	86	
8620	44	
8621	96	
8622	73	
8623	70	
8624	31	
8625	24	
8626	51	
8627	62	
8628	45	
8629	28	
8630	75	
8631	85	
8632	99	
8633	43	
8634	91	
8635	84	
8636	78	
8637	45	
8638	70	
8639	12	
8640	29	
8641	44	
8642	85	
8643	96	
8644	22	
8645	23	
8646	10	
8647	10	
8648	27	
8649	52	
8650	97	
8651	95	
8652	50	
8653	87	
8654	36	
8655	69	
8656	55	
8657	82	
8658	53	
8659	18	
8660	10	
8661	32	
8662	28	
8663	100	
8664	63	
8665	84	
8666	10	
8667	56	
8668	36	
8669	12	
8670	23	
8671	64	
8672	95	
8673	21	
8674	17	
8675	43	
8676	62	
8677	67	
8678	92	
8679	10	
8680	97	
8681	19	
8682	39	
8683	2	
8684	100	
8685	98	
8686	2	
8687	14	
8688	75	
8689	89	
8690	51	
8691	92	
8692	43	
8693	68	
8694	7	
8695	73	
8696	11	
8697	73	
8698	8	
8699	70	
8700	26	
8701	76	
8702	9	
8703	51	
8704	45	
8705	38	
8706	15	
8707	8	
8708	71	
8709	8	
8710	100	
8711	48	
8712	98	
8713	26	
8714	40	
8715	44	
8716	89	
8717	66	
8718	29	
8719	95	
8720	54	
8721	8	
8722	72	
8723	96	
8724	35	
8725	38	
8726	35	
8727	12	
8728	31	
8729	19	
8730	67	
8731	28	
8732	7	
8733	53	
8734	41	
8735	81	
8736	2	
8737	80	
8738	26	
8739	4	
8740	67	
8741	86	
8742	73	
8743	81	
8744	36	
8745	94	
8746	93	
8747	57	
8748	10	
8749	99	
8750	86	
8751	69	
8752	1	
8753	81	
8754	98	
8755	20	
8756	51	
8757	48	
8758	93	
8759	23	
8760	66	
8761	37	
8762	91	
8763	40	
8764	19	
8765	86	
8766	23	
8767	81	
8768	59	
8769	62	
8770	59	
8771	19	
8772	34	
8773	76	
8774	32	
8775	1	
8776	68	
8777	75	
8778	93	
8779	48	
8780	31	
8781	37	
8782	36	
8783	99	
8784	100	
8785	33	
8786	26	
8787	22	
8788	30	
8789	66	
8790	77	
8791	68	
8792	60	
8793	84	
8794	25	
8795	66	
8796	56	
8797	92	
8798	82	
8799	51	
8800	40	
8801	73	
8802	2	
8803	96	
8804	14	
8805	35	
8806	68	
8807	27	
8808	9	
8809	80	
8810	34	
8811	6	
8812	15	
8813	79	
8814	4	
8815	27	
8816	30	
8817	91	
8818	31	
8819	42	
8820	13	
8821	94	
8822	74	
8823	3	
8824	50	
8825	80	
8826	45	
8827	31	
8828	96	
8829	70	
8830	14	
8831	88	
8832	8	
8833	73	
8834	42	
8835	32	
8836	49	
8837	31	
8838	55	
8839	28	
8840	69	
8841	62	
8842	80	
8843	30	
8844	66	
8845	18	
8846	57	
8847	97	
8848	72	
8849	69	
8850	10	
8851	77	
8852	12	
8853	26	
8854	9	
8855	78	
8856	80	
8857	72	
8858	51	
8859	67	
8860	95	
8861	17	
8862	37	
8863	68	
8864	52	
8865	14	
8866	64	
8867	70	
8868	43	
8869	15	
8870	14	
8871	40	
8872	97	
8873	33	
8874	100	
8875	85	
8876	70	
8877	81	
8878	81	
8879	54	
8880	66	
8881	55	
8882	11	
8883	63	
8884	2	
8885	54	
8886	42	
8887	74	
8888	78	
8889	69	
8890	82	
8891	53	
8892	46	
8893	57	
8894	57	
8895	91	
8896	15	
8897	51	
8898	87	
8899	27	
8900	37	
8901	80	
8902	60	
8903	54	
8904	36	
8905	68	
8906	42	
8907	51	
8908	73	
8909	61	
8910	85	
8911	30	
8912	27	
8913	75	
8914	53	
8915	27	
8916	88	
8917	11	
8918	80	
8919	42	
8920	39	
8921	98	
8922	78	
8923	3	
8924	53	
8925	29	
8926	50	
8927	40	
8928	62	
8929	92	
8930	96	
8931	63	
8932	47	
8933	53	
8934	31	
8935	19	
8936	35	
8937	88	
8938	54	
8939	48	
8940	40	
8941	65	
8942	64	
8943	29	
8944	40	
8945	55	
8946	37	
8947	42	
8948	6	
8949	89	
8950	16	
8951	20	
8952	36	
8953	52	
8954	85	
8955	58	
8956	4	
8957	2	
8958	62	
8959	4	
8960	81	
8961	94	
8962	43	
8963	33	
8964	52	
8965	35	
8966	59	
8967	98	
8968	46	
8969	56	
8970	91	
8971	7	
8972	58	
8973	71	
8974	68	
8975	86	
8976	48	
8977	7	
8978	35	
8979	4	
8980	11	
8981	15	
8982	49	
8983	29	
8984	64	
8985	67	
8986	77	
8987	61	
8988	26	
8989	84	
8990	47	
8991	14	
8992	71	
8993	25	
8994	11	
8995	82	
8996	21	
8997	14	
8998	90	
8999	48	
9000	100	
9001	69	
9002	98	
9003	32	
9004	32	
9005	17	
9006	46	
9007	21	
9008	65	
9009	24	
9010	74	
9011	64	
9012	72	
9013	42	
9014	61	
9015	84	
9016	32	
9017	62	
9018	34	
9019	73	
9020	88	
9021	6	
9022	53	
9023	83	
9024	29	
9025	89	
9026	45	
9027	70	
9028	22	
9029	29	
9030	54	
9031	9	
9032	26	
9033	35	
9034	46	
9035	48	
9036	1	
9037	59	
9038	85	
9039	84	
9040	44	
9041	86	
9042	55	
9043	79	
9044	68	
9045	42	
9046	5	
9047	6	
9048	40	
9049	74	
9050	13	
9051	21	
9052	21	
9053	60	
9054	89	
9055	23	
9056	51	
9057	65	
9058	77	
9059	44	
9060	14	
9061	9	
9062	83	
9063	40	
9064	7	
9065	41	
9066	92	
9067	15	
9068	58	
9069	54	
9070	82	
9071	77	
9072	20	
9073	21	
9074	13	
9075	25	
9076	64	
9077	34	
9078	56	
9079	3	
9080	83	
9081	31	
9082	78	
9083	39	
9084	54	
9085	12	
9086	31	
9087	5	
9088	4	
9089	10	
9090	90	
9091	81	
9092	94	
9093	66	
9094	50	
9095	50	
9096	80	
9097	56	
9098	92	
9099	73	
9100	55	
9101	42	
9102	8	
9103	16	
9104	43	
9105	48	
9106	5	
9107	9	
9108	32	
9109	3	
9110	36	
9111	70	
9112	18	
9113	64	
9114	93	
9115	40	
9116	2	
9117	12	
9118	14	
9119	58	
9120	93	
9121	63	
9122	77	
9123	96	
9124	10	
9125	3	
9126	51	
9127	55	
9128	61	
9129	23	
9130	81	
9131	77	
9132	76	
9133	90	
9134	9	
9135	94	
9136	49	
9137	63	
9138	51	
9139	20	
9140	47	
9141	85	
9142	69	
9143	36	
9144	72	
9145	46	
9146	45	
9147	87	
9148	83	
9149	77	
9150	55	
9151	49	
9152	61	
9153	29	
9154	13	
9155	59	
9156	33	
9157	33	
9158	86	
9159	78	
9160	5	
9161	31	
9162	60	
9163	8	
9164	84	
9165	11	
9166	86	
9167	15	
9168	79	
9169	4	
9170	42	
9171	61	
9172	46	
9173	83	
9174	100	
9175	88	
9176	3	
9177	88	
9178	6	
9179	85	
9180	82	
9181	30	
9182	38	
9183	8	
9184	93	
9185	68	
9186	96	
9187	15	
9188	87	
9189	67	
9190	98	
9191	39	
9192	89	
9193	40	
9194	4	
9195	93	
9196	19	
9197	33	
9198	22	
9199	71	
9200	61	
9201	9	
9202	59	
9203	73	
9204	37	
9205	61	
9206	21	
9207	51	
9208	80	
9209	51	
9210	74	
9211	30	
9212	86	
9213	64	
9214	98	
9215	32	
9216	73	
9217	31	
9218	95	
9219	87	
9220	14	
9221	6	
9222	43	
9223	28	
9224	73	
9225	30	
9226	34	
9227	85	
9228	15	
9229	87	
9230	47	
9231	5	
9232	7	
9233	2	
9234	53	
9235	96	
9236	83	
9237	45	
9238	4	
9239	77	
9240	6	
9241	15	
9242	63	
9243	69	
9244	25	
9245	46	
9246	36	
9247	36	
9248	16	
9249	39	
9250	21	
9251	73	
9252	8	
9253	98	
9254	55	
9255	63	
9256	4	
9257	92	
9258	30	
9259	12	
9260	17	
9261	2	
9262	34	
9263	69	
9264	20	
9265	92	
9266	45	
9267	17	
9268	93	
9269	89	
9270	64	
9271	53	
9272	87	
9273	15	
9274	25	
9275	35	
9276	36	
9277	9	
9278	80	
9279	38	
9280	11	
9281	55	
9282	92	
9283	65	
9284	17	
9285	62	
9286	27	
9287	45	
9288	23	
9289	50	
9290	87	
9291	81	
9292	32	
9293	73	
9294	86	
9295	65	
9296	73	
9297	27	
9298	27	
9299	5	
9300	78	
9301	93	
9302	61	
9303	28	
9304	79	
9305	88	
9306	13	
9307	76	
9308	82	
9309	41	
9310	13	
9311	70	
9312	69	
9313	60	
9314	28	
9315	80	
9316	11	
9317	15	
9318	14	
9319	45	
9320	81	
9321	93	
9322	14	
9323	97	
9324	22	
9325	29	
9326	8	
9327	15	
9328	37	
9329	54	
9330	83	
9331	79	
9332	15	
9333	59	
9334	41	
9335	26	
9336	24	
9337	34	
9338	15	
9339	63	
9340	28	
9341	34	
9342	27	
9343	54	
9344	48	
9345	70	
9346	2	
9347	98	
9348	31	
9349	77	
9350	34	
9351	20	
9352	71	
9353	13	
9354	43	
9355	47	
9356	20	
9357	22	
9358	75	
9359	31	
9360	81	
9361	15	
9362	76	
9363	85	
9364	84	
9365	73	
9366	66	
9367	2	
9368	24	
9369	80	
9370	58	
9371	1	
9372	46	
9373	59	
9374	68	
9375	27	
9376	17	
9377	36	
9378	98	
9379	19	
9380	8	
9381	19	
9382	92	
9383	37	
9384	69	
9385	54	
9386	73	
9387	96	
9388	57	
9389	19	
9390	21	
9391	18	
9392	29	
9393	31	
9394	82	
9395	16	
9396	44	
9397	87	
9398	68	
9399	1	
9400	55	
9401	31	
9402	16	
9403	1	
9404	63	
9405	40	
9406	54	
9407	52	
9408	7	
9409	23	
9410	40	
9411	26	
9412	32	
9413	94	
9414	15	
9415	65	
9416	94	
9417	31	
9418	45	
9419	44	
9420	6	
9421	29	
9422	83	
9423	12	
9424	28	
9425	60	
9426	6	
9427	31	
9428	8	
9429	30	
9430	17	
9431	59	
9432	22	
9433	2	
9434	30	
9435	28	
9436	92	
9437	3	
9438	65	
9439	55	
9440	60	
9441	55	
9442	31	
9443	19	
9444	36	
9445	57	
9446	48	
9447	64	
9448	23	
9449	65	
9450	59	
9451	90	
9452	23	
9453	60	
9454	28	
9455	61	
9456	47	
9457	70	
9458	100	
9459	44	
9460	44	
9461	18	
9462	94	
9463	3	
9464	37	
9465	82	
9466	46	
9467	42	
9468	100	
9469	25	
9470	75	
9471	69	
9472	96	
9473	99	
9474	51	
9475	4	
9476	47	
9477	77	
9478	59	
9479	58	
9480	76	
9481	11	
9482	78	
9483	71	
9484	67	
9485	59	
9486	6	
9487	84	
9488	1	
9489	17	
9490	40	
9491	63	
9492	15	
9493	78	
9494	86	
9495	81	
9496	47	
9497	63	
9498	8	
9499	18	
9500	20	
9501	57	
9502	14	
9503	5	
9504	41	
9505	48	
9506	22	
9507	47	
9508	94	
9509	78	
9510	59	
9511	50	
9512	8	
9513	22	
9514	22	
9515	59	
9516	27	
9517	71	
9518	2	
9519	81	
9520	83	
9521	40	
9522	25	
9523	70	
9524	62	
9525	91	
9526	31	
9527	79	
9528	1	
9529	60	
9530	76	
9531	21	
9532	96	
9533	45	
9534	78	
9535	48	
9536	65	
9537	77	
9538	34	
9539	40	
9540	85	
9541	19	
9542	45	
9543	12	
9544	12	
9545	58	
9546	93	
9547	5	
9548	11	
9549	39	
9550	75	
9551	70	
9552	69	
9553	68	
9554	80	
9555	11	
9556	16	
9557	93	
9558	38	
9559	71	
9560	43	
9561	26	
9562	89	
9563	39	
9564	59	
9565	82	
9566	24	
9567	74	
9568	36	
9569	96	
9570	79	
9571	85	
9572	39	
9573	81	
9574	85	
9575	46	
9576	91	
9577	74	
9578	41	
9579	26	
9580	90	
9581	29	
9582	30	
9583	9	
9584	62	
9585	36	
9586	80	
9587	74	
9588	10	
9589	87	
9590	14	
9591	25	
9592	8	
9593	45	
9594	56	
9595	43	
9596	6	
9597	59	
9598	44	
9599	10	
9600	91	
9601	38	
9602	11	
9603	75	
9604	41	
9605	100	
9606	30	
9607	22	
9608	38	
9609	95	
9610	22	
9611	26	
9612	29	
9613	18	
9614	82	
9615	66	
9616	35	
9617	21	
9618	82	
9619	44	
9620	16	
9621	26	
9622	52	
9623	23	
9624	85	
9625	68	
9626	4	
9627	46	
9628	53	
9629	81	
9630	89	
9631	81	
9632	2	
9633	34	
9634	47	
9635	65	
9636	38	
9637	87	
9638	41	
9639	76	
9640	33	
9641	84	
9642	34	
9643	40	
9644	39	
9645	1	
9646	1	
9647	82	
9648	40	
9649	35	
9650	14	
9651	49	
9652	77	
9653	46	
9654	32	
9655	78	
9656	90	
9657	36	
9658	86	
9659	23	
9660	79	
9661	100	
9662	68	
9663	95	
9664	33	
9665	78	
9666	54	
9667	21	
9668	36	
9669	91	
9670	13	
9671	85	
9672	43	
9673	7	
9674	3	
9675	100	
9676	89	
9677	36	
9678	4	
9679	89	
9680	80	
9681	77	
9682	83	
9683	56	
9684	14	
9685	66	
9686	37	
9687	57	
9688	10	
9689	84	
9690	50	
9691	15	
9692	9	
9693	3	
9694	97	
9695	7	
9696	71	
9697	18	
9698	78	
9699	56	
9700	8	
9701	39	
9702	75	
9703	65	
9704	45	
9705	45	
9706	85	
9707	100	
9708	47	
9709	27	
9710	70	
9711	55	
9712	92	
9713	8	
9714	2	
9715	30	
9716	3	
9717	14	
9718	36	
9719	98	
9720	94	
9721	53	
9722	31	
9723	14	
9724	94	
9725	75	
9726	27	
9727	37	
9728	16	
9729	59	
9730	96	
9731	29	
9732	17	
9733	20	
9734	99	
9735	39	
9736	55	
9737	57	
9738	89	
9739	74	
9740	40	
9741	63	
9742	65	
9743	91	
9744	99	
9745	28	
9746	11	
9747	3	
9748	91	
9749	44	
9750	60	
9751	10	
9752	73	
9753	51	
9754	46	
9755	35	
9756	47	
9757	4	
9758	59	
9759	15	
9760	42	
9761	73	
9762	39	
9763	37	
9764	61	
9765	58	
9766	24	
9767	61	
9768	20	
9769	69	
9770	7	
9771	98	
9772	37	
9773	12	
9774	26	
9775	61	
9776	15	
9777	72	
9778	77	
9779	70	
9780	95	
9781	70	
9782	70	
9783	36	
9784	32	
9785	1	
9786	51	
9787	39	
9788	68	
9789	25	
9790	57	
9791	59	
9792	42	
9793	72	
9794	4	
9795	91	
9796	52	
9797	72	
9798	31	
9799	48	
9800	33	
9801	45	
9802	90	
9803	94	
9804	89	
9805	82	
9806	64	
9807	59	
9808	61	
9809	21	
9810	4	
9811	76	
9812	6	
9813	84	
9814	10	
9815	9	
9816	91	
9817	28	
9818	13	
9819	74	
9820	92	
9821	51	
9822	76	
9823	49	
9824	83	
9825	3	
9826	2	
9827	41	
9828	100	
9829	59	
9830	96	
9831	82	
9832	89	
9833	63	
9834	23	
9835	48	
9836	74	
9837	40	
9838	68	
9839	3	
9840	16	
9841	58	
9842	46	
9843	85	
9844	5	
9845	60	
9846	91	
9847	41	
9848	69	
9849	24	
9850	57	
9851	27	
9852	92	
9853	85	
9854	60	
9855	43	
9856	67	
9857	91	
9858	55	
9859	13	
9860	66	
9861	99	
9862	98	
9863	79	
9864	73	
9865	9	
9866	22	
9867	44	
9868	13	
9869	67	
9870	89	
9871	33	
9872	94	
9873	16	
9874	45	
9875	92	
9876	96	
9877	76	
9878	74	
9879	59	
9880	83	
9881	68	
9882	42	
9883	79	
9884	64	
9885	32	
9886	51	
9887	55	
9888	67	
9889	3	
9890	52	
9891	75	
9892	17	
9893	51	
9894	33	
9895	47	
9896	5	
9897	27	
9898	26	
9899	11	
9900	53	
9901	30	
9902	21	
9903	34	
9904	15	
9905	7	
9906	66	
9907	74	
9908	42	
9909	68	
9910	79	
9911	72	
9912	28	
9913	13	
9914	45	
9915	41	
9916	35	
9917	36	
9918	43	
9919	17	
9920	10	
9921	80	
9922	44	
9923	44	
9924	3	
9925	84	
9926	63	
9927	89	
9928	44	
9929	86	
9930	84	
9931	29	
9932	96	
9933	14	
9934	45	
9935	2	
9936	80	
9937	42	
9938	16	
9939	22	
9940	72	
9941	69	
9942	49	
9943	75	
9944	17	
9945	79	
9946	62	
9947	42	
9948	34	
9949	64	
9950	24	
9951	18	
9952	81	
9953	66	
9954	61	
9955	68	
9956	37	
9957	97	
9958	42	
9959	98	
9960	55	
9961	14	
9962	7	
9963	93	
9964	6	
9965	90	
9966	56	
9967	45	
9968	41	
9969	86	
9970	56	
9971	13	
9972	1	
9973	79	
9974	69	
9975	41	
9976	26	
9977	65	
9978	60	
9979	22	
9980	77	
9981	69	
9982	20	
9983	94	
9984	44	
9985	60	
9986	72	
9987	18	
9988	54	
9989	35	
9990	87	
9991	9	
9992	42	
9993	78	
9994	37	
9995	8	
9996	25	
9997	44	
9998	68	
9999	78	
10000	10	
14998
