10000
1	29	
2	73	
3	79	
4	36	
5	41	
6	95	
7	90	
8	81	
9	30	
10	55	
11	41	
12	72	
13	93	
14	25	
15	30	
16	62	
17	42	
18	89	
19	26	
20	19	
21	58	
22	89	
23	1	
24	36	
25	86	
26	53	
27	71	
28	69	
29	55	
30	12	
31	71	
32	89	
33	61	
34	74	
35	69	
36	46	
37	29	
38	14	
39	69	
40	4	
41	64	
42	3	
43	79	
44	43	
45	100	
46	84	
47	3	
48	51	
49	32	
50	93	
51	72	
52	25	
53	30	
54	61	
55	10	
56	69	
57	66	
58	88	
59	53	
60	67	
61	22	
62	60	
63	25	
64	88	
65	25	
66	45	
67	66	
68	60	
69	69	
70	23	
71	43	
72	31	
73	91	
74	32	
75	45	
76	58	
77	100	
78	28	
79	66	
80	64	
81	27	
82	43	
83	52	
84	59	
85	39	
86	27	
87	25	
88	49	
89	55	
90	48	
91	82	
92	70	
93	22	
94	61	
95	17	
96	54	
97	30	
98	6	
99	97	
100	17	
101	18	
102	97	
103	15	
104	93	
105	66	
106	71	
107	12	
108	32	
109	44	
110	90	
111	80	
112	24	
113	62	
114	38	
115	98	
116	16	
117	64	
118	42	
119	82	
120	26	
121	89	
122	2	
123	1	
124	52	
125	54	
126	16	
127	33	
128	21	
129	44	
130	44	
131	3	
132	30	
133	60	
134	97	
135	82	
136	7	
137	30	
138	36	
139	51	
140	5	
141	80	
142	38	
143	40	
144	96	
145	98	
146	11	
147	19	
148	80	
149	46	
150	91	
151	50	
152	90	
153	11	
154	69	
155	95	
156	25	
157	79	
158	100	
159	23	
160	22	
161	98	
162	80	
163	55	
164	31	
165	14	
166	39	
167	100	
168	13	
169	3	
170	22	
171	4	
172	99	
173	62	
174	71	
175	48	
176	40	
177	51	
178	34	
179	35	
180	73	
181	24	
182	98	
183	37	
184	9	
185	14	
186	82	
187	63	
188	10	
189	41	
190	82	
191	63	
192	52	
193	25	
194	37	
195	58	
196	11	
197	5	
198	75	
199	32	
200	38	
201	12	
202	46	
203	60	
204	16	
205	96	
206	58	
207	81	
208	39	
209	60	
210	22	
211	73	
212	45	
213	96	
214	94	
215	59	
216	60	
217	85	
218	9	
219	54	
220	47	
221	15	
222	50	
223	62	
224	49	
225	85	
226	41	
227	40	
228	94	
229	96	
230	40	
231	90	
232	11	
233	62	
234	87	
235	6	
236	93	
237	82	
238	58	
239	46	
240	78	
241	50	
242	4	
243	82	
244	56	
245	67	
246	36	
247	15	
248	79	
249	69	
250	89	
251	76	
252	28	
253	2	
254	11	
255	80	
256	82	
257	73	
258	53	
259	40	
260	38	
261	92	
262	62	
263	52	
264	92	
265	24	
266	19	
267	83	
268	57	
269	38	
270	88	
271	61	
272	92	
273	61	
274	52	
275	2	
276	95	
277	92	
278	3	
279	90	
280	77	
281	86	
282	31	
283	100	
284	100	
285	9	
286	42	
287	56	
288	58	
289	78	
290	4	
291	63	
292	1	
293	29	
294	35	
295	80	
296	16	
297	51	
298	75	
299	3	
300	57	
301	53	
302	64	
303	91	
304	78	
305	52	
306	73	
307	4	
308	78	
309	5	
310	96	
311	51	
312	55	
313	67	
314	71	
315	43	
316	11	
317	26	
318	6	
319	19	
320	26	
321	63	
322	100	
323	41	
324	55	
325	14	
326	44	
327	67	
328	56	
329	79	
330	46	
331	33	
332	4	
333	94	
334	45	
335	15	
336	12	
337	44	
338	76	
339	85	
340	97	
341	78	
342	51	
343	71	
344	57	
345	1	
346	44	
347	5	
348	47	
349	6	
350	92	
351	85	
352	77	
353	93	
354	73	
355	69	
356	34	
357	48	
358	72	
359	72	
360	83	
361	15	
362	86	
363	42	
364	19	
365	39	
366	52	
367	66	
368	89	
369	100	
370	80	
371	25	
372	43	
373	81	
374	19	
375	57	
376	54	
377	48	
378	23	
379	17	
380	94	
381	92	
382	92	
383	81	
384	8	
385	48	
386	80	
387	48	
388	67	
389	75	
390	49	
391	100	
392	50	
393	24	
394	75	
395	53	
396	46	
397	53	
398	33	
399	35	
400	62	
401	5	
402	54	
403	63	
404	32	
405	3	
406	57	
407	47	
408	67	
409	3	
410	15	
411	8	
412	48	
413	62	
414	70	
415	80	
416	95	
417	24	
418	13	
419	33	
420	5	
421	86	
422	32	
423	58	
424	89	
425	85	
426	46	
427	71	
428	85	
429	39	
430	7	
431	44	
432	11	
433	3	
434	58	
435	40	
436	50	
437	59	
438	25	
439	11	
440	40	
441	95	
442	17	
443	29	
444	19	
445	72	
446	25	
447	50	
448	50	
449	16	
450	24	
451	54	
452	30	
453	98	
454	76	
455	7	
456	11	
457	52	
458	83	
459	52	
460	71	
461	6	
462	59	
463	54	
464	7	
465	9	
466	47	
467	31	
468	3	
469	23	
470	2	
471	69	
472	20	
473	63	
474	49	
475	45	
476	96	
477	100	
478	17	
479	58	
480	100	
481	4	
482	68	
483	40	
484	3	
485	74	
486	94	
487	55	
488	81	
489	90	
490	18	
491	68	
492	36	
493	34	
494	4	
495	80	
496	99	
497	80	
498	98	
499	69	
500	35	
501	52	
502	21	
503	30	
504	20	
505	40	
506	70	
507	28	
508	94	
509	40	
510	72	
511	41	
512	21	
513	1	
514	45	
515	18	
516	51	
517	83	
518	54	
519	66	
520	43	
521	6	
522	98	
523	37	
524	65	
525	66	
526	7	
527	20	
528	7	
529	40	
530	82	
531	62	
532	15	
533	61	
534	46	
535	74	
536	15	
537	54	
538	1	
539	81	
540	27	
541	28	
542	71	
543	94	
544	67	
545	19	
546	77	
547	10	
548	87	
549	97	
550	59	
551	87	
552	68	
553	14	
554	68	
555	74	
556	26	
557	3	
558	28	
559	39	
560	42	
561	28	
562	20	
563	77	
564	19	
565	59	
566	32	
567	64	
568	34	
569	24	
570	10	
571	57	
572	36	
573	73	
574	33	
575	66	
576	92	
577	90	
578	70	
579	56	
580	79	
581	67	
582	74	
583	90	
584	9	
585	86	
586	11	
587	41	
588	59	
589	64	
590	10	
591	84	
592	64	
593	5	
594	80	
595	95	
596	38	
597	62	
598	43	
599	65	
600	37	
601	7	
602	4	
603	95	
604	48	
605	95	
606	84	
607	17	
608	20	
609	57	
610	8	
611	89	
612	34	
613	54	
614	75	
615	17	
616	69	
617	52	
618	48	
619	23	
620	75	
621	22	
622	50	
623	80	
624	27	
625	74	
626	50	
627	63	
628	98	
629	89	
630	69	
631	21	
632	63	
633	3	
634	100	
635	37	
636	64	
637	78	
638	57	
639	38	
640	56	
641	25	
642	52	
643	77	
644	53	
645	26	
646	53	
647	38	
648	81	
649	65	
650	59	
651	12	
652	71	
653	69	
654	16	
655	82	
656	17	
657	56	
658	69	
659	23	
660	84	
661	5	
662	24	
663	51	
664	49	
665	27	
666	81	
667	64	
668	48	
669	41	
670	91	
671	86	
672	16	
673	69	
674	62	
675	32	
676	31	
677	66	
678	93	
679	81	
680	57	
681	24	
682	59	
683	87	
684	62	
685	84	
686	91	
687	88	
688	70	
689	39	
690	25	
691	40	
692	91	
693	5	
694	44	
695	52	
696	6	
697	52	
698	56	
699	3	
700	39	
701	20	
702	7	
703	84	
704	55	
705	66	
706	54	
707	13	
708	46	
709	91	
710	50	
711	71	
712	32	
713	83	
714	37	
715	93	
716	57	
717	32	
718	12	
719	67	
720	88	
721	82	
722	60	
723	61	
724	16	
725	63	
726	6	
727	71	
728	95	
729	93	
730	25	
731	40	
732	78	
733	8	
734	81	
735	73	
736	43	
737	80	
738	55	
739	76	
740	75	
741	36	
742	53	
743	20	
744	99	
745	27	
746	16	
747	41	
748	24	
749	45	
750	42	
751	54	
752	72	
753	90	
754	83	
755	16	
756	38	
757	96	
758	98	
759	33	
760	40	
761	28	
762	71	
763	36	
764	24	
765	9	
766	92	
767	89	
768	53	
769	54	
770	50	
771	99	
772	13	
773	98	
774	2	
775	51	
776	30	
777	15	
778	65	
779	56	
780	46	
781	6	
782	90	
783	47	
784	73	
785	31	
786	13	
787	93	
788	87	
789	51	
790	68	
791	34	
792	85	
793	66	
794	59	
795	38	
796	14	
797	7	
798	73	
799	95	
800	63	
801	89	
802	34	
803	40	
804	66	
805	1	
806	48	
807	14	
808	16	
809	40	
810	80	
811	10	
812	52	
813	92	
814	44	
815	19	
816	53	
817	100	
818	16	
819	82	
820	92	
821	26	
822	15	
823	50	
824	13	
825	30	
826	85	
827	47	
828	64	
829	41	
830	31	
831	77	
832	33	
833	56	
834	8	
835	7	
836	82	
837	4	
838	76	
839	22	
840	34	
841	82	
842	20	
843	86	
844	98	
845	46	
846	23	
847	57	
848	97	
849	6	
850	13	
851	53	
852	84	
853	41	
854	16	
855	51	
856	44	
857	53	
858	12	
859	66	
860	89	
861	60	
862	28	
863	48	
864	15	
865	40	
866	47	
867	38	
868	95	
869	44	
870	94	
871	61	
872	59	
873	92	
874	18	
875	93	
876	31	
877	89	
878	44	
879	42	
880	8	
881	56	
882	51	
883	38	
884	65	
885	90	
886	42	
887	32	
888	31	
889	46	
890	49	
891	1	
892	38	
893	11	
894	21	
895	86	
896	8	
897	85	
898	13	
899	34	
900	54	
901	33	
902	49	
903	87	
904	44	
905	91	
906	94	
907	6	
908	40	
909	21	
910	83	
911	6	
912	47	
913	27	
914	35	
915	94	
916	80	
917	70	
918	10	
919	11	
920	14	
921	59	
922	43	
923	13	
924	91	
925	71	
926	73	
927	95	
928	49	
929	14	
930	63	
931	78	
932	54	
933	54	
934	94	
935	64	
936	69	
937	63	
938	83	
939	2	
940	40	
941	50	
942	75	
943	92	
944	98	
945	67	
946	69	
947	37	
948	71	
949	28	
950	20	
951	29	
952	61	
953	73	
954	51	
955	13	
956	59	
957	20	
958	62	
959	19	
960	45	
961	48	
962	28	
963	32	
964	45	
965	96	
966	76	
967	43	
968	93	
969	19	
970	74	
971	73	
972	12	
973	18	
974	57	
975	93	
976	28	
977	95	
978	64	
979	90	
980	22	
981	50	
982	31	
983	22	
984	87	
985	48	
986	1	
987	27	
988	11	
989	29	
990	72	
991	89	
992	81	
993	99	
994	94	
995	85	
996	72	
997	26	
998	24	
999	65	
1000	69	
1001	88	
1002	23	
1003	42	
1004	48	
1005	76	
1006	76	
1007	80	
1008	90	
1009	24	
1010	17	
1011	50	
1012	81	
1013	85	
1014	88	
1015	1	
1016	25	
1017	71	
1018	36	
1019	20	
1020	6	
1021	79	
1022	25	
1023	54	
1024	81	
1025	62	
1026	66	
1027	32	
1028	78	
1029	93	
1030	14	
1031	69	
1032	37	
1033	45	
1034	57	
1035	98	
1036	19	
1037	58	
1038	21	
1039	58	
1040	99	
1041	89	
1042	24	
1043	57	
1044	83	
1045	64	
1046	2	
1047	90	
1048	62	
1049	46	
1050	5	
1051	95	
1052	37	
1053	14	
1054	94	
1055	9	
1056	36	
1057	90	
1058	15	
1059	38	
1060	60	
1061	29	
1062	89	
1063	72	
1064	56	
1065	23	
1066	60	
1067	93	
1068	2	
1069	89	
1070	56	
1071	87	
1072	12	
1073	100	
1074	40	
1075	22	
1076	53	
1077	4	
1078	66	
1079	95	
1080	43	
1081	15	
1082	27	
1083	73	
1084	36	
1085	25	
1086	22	
1087	43	
1088	99	
1089	58	
1090	18	
1091	95	
1092	90	
1093	21	
1094	38	
1095	2	
1096	63	
1097	26	
1098	18	
1099	90	
1100	20	
1101	93	
1102	16	
1103	2	
1104	29	
1105	82	
1106	82	
1107	38	
1108	50	
1109	89	
1110	8	
1111	6	
1112	32	
1113	60	
1114	60	
1115	33	
1116	50	
1117	53	
1118	91	
1119	100	
1120	86	
1121	56	
1122	35	
1123	54	
1124	7	
1125	2	
1126	48	
1127	98	
1128	45	
1129	1	
1130	9	
1131	94	
1132	34	
1133	17	
1134	74	
1135	4	
1136	45	
1137	66	
1138	93	
1139	81	
1140	91	
1141	2	
1142	71	
1143	35	
1144	32	
1145	9	
1146	89	
1147	12	
1148	16	
1149	25	
1150	30	
1151	95	
1152	40	
1153	37	
1154	65	
1155	76	
1156	64	
1157	84	
1158	60	
1159	21	
1160	20	
1161	45	
1162	37	
1163	77	
1164	24	
1165	69	
1166	58	
1167	21	
1168	81	
1169	98	
1170	34	
1171	38	
1172	76	
1173	92	
1174	60	
1175	16	
1176	84	
1177	19	
1178	77	
1179	66	
1180	66	
1181	38	
1182	54	
1183	49	
1184	58	
1185	84	
1186	61	
1187	16	
1188	80	
1189	74	
1190	38	
1191	35	
1192	21	
1193	37	
1194	96	
1195	26	
1196	98	
1197	15	
1198	47	
1199	60	
1200	13	
1201	47	
1202	69	
1203	38	
1204	32	
1205	18	
1206	87	
1207	46	
1208	99	
1209	94	
1210	62	
1211	51	
1212	75	
1213	80	
1214	52	
1215	41	
1216	83	
1217	31	
1218	50	
1219	67	
1220	80	
1221	45	
1222	6	
1223	35	
1224	71	
1225	22	
1226	20	
1227	49	
1228	91	
1229	85	
1230	62	
1231	94	
1232	68	
1233	60	
1234	73	
1235	4	
1236	68	
1237	98	
1238	83	
1239	20	
1240	43	
1241	98	
1242	93	
1243	58	
1244	36	
1245	74	
1246	96	
1247	64	
1248	64	
1249	2	
1250	29	
1251	61	
1252	16	
1253	64	
1254	39	
1255	2	
1256	31	
1257	84	
1258	29	
1259	44	
1260	11	
1261	11	
1262	82	
1263	2	
1264	83	
1265	78	
1266	7	
1267	61	
1268	96	
1269	21	
1270	33	
1271	96	
1272	85	
1273	2	
1274	13	
1275	63	
1276	97	
1277	85	
1278	1	
1279	42	
1280	9	
1281	10	
1282	54	
1283	81	
1284	68	
1285	44	
1286	77	
1287	11	
1288	96	
1289	79	
1290	56	
1291	85	
1292	64	
1293	51	
1294	16	
1295	65	
1296	86	
1297	64	
1298	46	
1299	61	
1300	95	
1301	34	
1302	12	
1303	99	
1304	16	
1305	66	
1306	47	
1307	96	
1308	41	
1309	88	
1310	68	
1311	71	
1312	17	
1313	23	
1314	16	
1315	56	
1316	63	
1317	41	
1318	46	
1319	59	
1320	28	
1321	98	
1322	17	
1323	12	
1324	16	
1325	34	
1326	40	
1327	87	
1328	12	
1329	59	
1330	27	
1331	15	
1332	26	
1333	71	
1334	89	
1335	20	
1336	14	
1337	16	
1338	22	
1339	63	
1340	64	
1341	45	
1342	8	
1343	54	
1344	73	
1345	89	
1346	8	
1347	82	
1348	85	
1349	42	
1350	32	
1351	54	
1352	72	
1353	81	
1354	3	
1355	91	
1356	35	
1357	39	
1358	97	
1359	19	
1360	21	
1361	75	
1362	94	
1363	92	
1364	68	
1365	4	
1366	36	
1367	40	
1368	39	
1369	98	
1370	39	
1371	28	
1372	80	
1373	93	
1374	75	
1375	27	
1376	53	
1377	67	
1378	66	
1379	42	
1380	79	
1381	32	
1382	39	
1383	7	
1384	16	
1385	89	
1386	91	
1387	31	
1388	2	
1389	100	
1390	8	
1391	6	
1392	39	
1393	24	
1394	87	
1395	35	
1396	42	
1397	71	
1398	64	
1399	59	
1400	33	
1401	28	
1402	2	
1403	84	
1404	59	
1405	15	
1406	50	
1407	63	
1408	24	
1409	38	
1410	17	
1411	13	
1412	81	
1413	95	
1414	92	
1415	51	
1416	27	
1417	6	
1418	53	
1419	75	
1420	69	
1421	2	
1422	45	
1423	28	
1424	92	
1425	41	
1426	57	
1427	22	
1428	44	
1429	85	
1430	2	
1431	84	
1432	74	
1433	27	
1434	15	
1435	91	
1436	25	
1437	89	
1438	56	
1439	22	
1440	91	
1441	5	
1442	2	
1443	54	
1444	87	
1445	26	
1446	7	
1447	10	
1448	97	
1449	84	
1450	84	
1451	29	
1452	27	
1453	28	
1454	19	
1455	72	
1456	80	
1457	82	
1458	64	
1459	66	
1460	77	
1461	37	
1462	62	
1463	92	
1464	10	
1465	47	
1466	53	
1467	21	
1468	55	
1469	79	
1470	67	
1471	80	
1472	77	
1473	33	
1474	84	
1475	86	
1476	76	
1477	98	
1478	75	
1479	39	
1480	40	
1481	6	
1482	97	
1483	86	
1484	61	
1485	23	
1486	27	
1487	15	
1488	89	
1489	41	
1490	46	
1491	50	
1492	70	
1493	37	
1494	91	
1495	94	
1496	46	
1497	16	
1498	72	
1499	41	
1500	61	
1501	23	
1502	95	
1503	100	
1504	27	
1505	74	
1506	56	
1507	13	
1508	49	
1509	42	
1510	61	
1511	78	
1512	18	
1513	29	
1514	79	
1515	85	
1516	39	
1517	7	
1518	20	
1519	52	
1520	76	
1521	44	
1522	20	
1523	96	
1524	31	
1525	38	
1526	58	
1527	15	
1528	38	
1529	5	
1530	54	
1531	7	
1532	11	
1533	91	
1534	30	
1535	3	
1536	77	
1537	75	
1538	74	
1539	14	
1540	69	
1541	99	
1542	9	
1543	53	
1544	71	
1545	4	
1546	4	
1547	47	
1548	32	
1549	27	
1550	67	
1551	56	
1552	24	
1553	55	
1554	25	
1555	32	
1556	31	
1557	59	
1558	39	
1559	95	
1560	53	
1561	95	
1562	41	
1563	41	
1564	84	
1565	47	
1566	45	
1567	96	
1568	26	
1569	37	
1570	33	
1571	54	
1572	81	
1573	25	
1574	14	
1575	58	
1576	12	
1577	100	
1578	5	
1579	20	
1580	89	
1581	88	
1582	48	
1583	43	
1584	87	
1585	59	
1586	67	
1587	36	
1588	3	
1589	73	
1590	17	
1591	29	
1592	60	
1593	65	
1594	65	
1595	93	
1596	69	
1597	88	
1598	19	
1599	72	
1600	35	
1601	91	
1602	38	
1603	41	
1604	77	
1605	59	
1606	5	
1607	42	
1608	77	
1609	57	
1610	81	
1611	35	
1612	22	
1613	33	
1614	54	
1615	100	
1616	26	
1617	20	
1618	19	
1619	18	
1620	86	
1621	8	
1622	52	
1623	6	
1624	47	
1625	36	
1626	99	
1627	91	
1628	41	
1629	78	
1630	54	
1631	67	
1632	67	
1633	34	
1634	89	
1635	62	
1636	88	
1637	10	
1638	42	
1639	8	
1640	98	
1641	66	
1642	38	
1643	25	
1644	14	
1645	3	
1646	46	
1647	20	
1648	36	
1649	46	
1650	48	
1651	50	
1652	1	
1653	63	
1654	10	
1655	70	
1656	85	
1657	83	
1658	11	
1659	88	
1660	45	
1661	56	
1662	35	
1663	36	
1664	72	
1665	38	
1666	33	
1667	22	
1668	79	
1669	2	
1670	72	
1671	21	
1672	86	
1673	64	
1674	56	
1675	61	
1676	78	
1677	26	
1678	28	
1679	59	
1680	90	
1681	28	
1682	39	
1683	77	
1684	76	
1685	87	
1686	41	
1687	76	
1688	35	
1689	56	
1690	45	
1691	68	
1692	32	
1693	3	
1694	21	
1695	28	
1696	43	
1697	46	
1698	35	
1699	52	
1700	61	
1701	30	
1702	8	
1703	84	
1704	21	
1705	86	
1706	28	
1707	93	
1708	89	
1709	17	
1710	83	
1711	52	
1712	56	
1713	78	
1714	48	
1715	99	
1716	86	
1717	67	
1718	41	
1719	89	
1720	73	
1721	60	
1722	44	
1723	87	
1724	32	
1725	23	
1726	25	
1727	90	
1728	23	
1729	19	
1730	90	
1731	17	
1732	67	
1733	83	
1734	97	
1735	34	
1736	9	
1737	78	
1738	90	
1739	62	
1740	12	
1741	45	
1742	80	
1743	36	
1744	61	
1745	42	
1746	2	
1747	83	
1748	60	
1749	25	
1750	20	
1751	9	
1752	78	
1753	18	
1754	12	
1755	96	
1756	54	
1757	35	
1758	83	
1759	28	
1760	98	
1761	1	
1762	27	
1763	5	
1764	29	
1765	72	
1766	32	
1767	27	
1768	52	
1769	25	
1770	26	
1771	11	
1772	71	
1773	42	
1774	26	
1775	94	
1776	86	
1777	62	
1778	70	
1779	11	
1780	2	
1781	38	
1782	15	
1783	43	
1784	30	
1785	56	
1786	15	
1787	3	
1788	89	
1789	28	
1790	2	
1791	67	
1792	20	
1793	87	
1794	90	
1795	12	
1796	34	
1797	34	
1798	5	
1799	7	
1800	26	
1801	2	
1802	43	
1803	26	
1804	41	
1805	55	
1806	46	
1807	59	
1808	94	
1809	6	
1810	100	
1811	4	
1812	63	
1813	17	
1814	97	
1815	3	
1816	27	
1817	99	
1818	3	
1819	86	
1820	91	
1821	78	
1822	19	
1823	94	
1824	79	
1825	26	
1826	22	
1827	96	
1828	39	
1829	85	
1830	19	
1831	33	
1832	80	
1833	11	
1834	42	
1835	75	
1836	43	
1837	37	
1838	12	
1839	23	
1840	62	
1841	75	
1842	55	
1843	68	
1844	88	
1845	84	
1846	56	
1847	67	
1848	55	
1849	90	
1850	96	
1851	11	
1852	41	
1853	76	
1854	13	
1855	51	
1856	49	
1857	2	
1858	76	
1859	4	
1860	80	
1861	36	
1862	35	
1863	61	
1864	86	
1865	60	
1866	58	
1867	75	
1868	76	
1869	3	
1870	55	
1871	17	
1872	86	
1873	45	
1874	23	
1875	75	
1876	20	
1877	39	
1878	81	
1879	33	
1880	31	
1881	42	
1882	39	
1883	22	
1884	14	
1885	75	
1886	86	
1887	50	
1888	34	
1889	66	
1890	8	
1891	34	
1892	20	
1893	88	
1894	13	
1895	97	
1896	12	
1897	87	
1898	72	
1899	94	
1900	66	
1901	70	
1902	64	
1903	6	
1904	69	
1905	43	
1906	46	
1907	93	
1908	68	
1909	16	
1910	75	
1911	17	
1912	90	
1913	3	
1914	100	
1915	56	
1916	67	
1917	42	
1918	11	
1919	33	
1920	39	
1921	90	
1922	29	
1923	91	
1924	44	
1925	65	
1926	64	
1927	59	
1928	49	
1929	50	
1930	20	
1931	4	
1932	78	
1933	22	
1934	15	
1935	38	
1936	28	
1937	78	
1938	30	
1939	89	
1940	80	
1941	60	
1942	7	
1943	81	
1944	17	
1945	16	
1946	55	
1947	89	
1948	76	
1949	26	
1950	79	
1951	61	
1952	48	
1953	80	
1954	68	
1955	35	
1956	16	
1957	30	
1958	29	
1959	47	
1960	61	
1961	77	
1962	73	
1963	8	
1964	7	
1965	26	
1966	11	
1967	4	
1968	35	
1969	34	
1970	64	
1971	80	
1972	43	
1973	18	
1974	1	
1975	46	
1976	55	
1977	66	
1978	3	
1979	68	
1980	52	
1981	35	
1982	76	
1983	73	
1984	9	
1985	2	
1986	40	
1987	49	
1988	7	
1989	52	
1990	63	
1991	34	
1992	34	
1993	41	
1994	80	
1995	59	
1996	99	
1997	87	
1998	77	
1999	25	
2000	53	
2001	74	
2002	11	
2003	21	
2004	34	
2005	40	
2006	60	
2007	15	
2008	53	
2009	68	
2010	92	
2011	55	
2012	8	
2013	88	
2014	54	
2015	67	
2016	45	
2017	12	
2018	99	
2019	65	
2020	30	
2021	90	
2022	75	
2023	16	
2024	50	
2025	34	
2026	20	
2027	24	
2028	58	
2029	69	
2030	68	
2031	84	
2032	15	
2033	19	
2034	32	
2035	73	
2036	89	
2037	47	
2038	89	
2039	42	
2040	55	
2041	87	
2042	4	
2043	67	
2044	83	
2045	54	
2046	35	
2047	48	
2048	60	
2049	68	
2050	22	
2051	13	
2052	88	
2053	45	
2054	89	
2055	72	
2056	61	
2057	55	
2058	22	
2059	68	
2060	70	
2061	31	
2062	53	
2063	86	
2064	73	
2065	13	
2066	70	
2067	20	
2068	79	
2069	50	
2070	87	
2071	36	
2072	76	
2073	95	
2074	96	
2075	7	
2076	58	
2077	37	
2078	1	
2079	99	
2080	80	
2081	83	
2082	88	
2083	67	
2084	30	
2085	1	
2086	64	
2087	88	
2088	97	
2089	13	
2090	42	
2091	51	
2092	13	
2093	86	
2094	44	
2095	19	
2096	54	
2097	83	
2098	86	
2099	57	
2100	57	
2101	94	
2102	47	
2103	56	
2104	65	
2105	67	
2106	15	
2107	64	
2108	89	
2109	40	
2110	28	
2111	29	
2112	79	
2113	8	
2114	91	
2115	15	
2116	36	
2117	65	
2118	81	
2119	41	
2120	51	
2121	48	
2122	95	
2123	80	
2124	59	
2125	98	
2126	44	
2127	26	
2128	34	
2129	86	
2130	32	
2131	89	
2132	2	
2133	15	
2134	25	
2135	91	
2136	50	
2137	80	
2138	67	
2139	81	
2140	47	
2141	72	
2142	5	
2143	82	
2144	41	
2145	65	
2146	83	
2147	42	
2148	37	
2149	38	
2150	87	
2151	13	
2152	70	
2153	59	
2154	78	
2155	32	
2156	69	
2157	62	
2158	66	
2159	8	
2160	71	
2161	81	
2162	4	
2163	84	
2164	3	
2165	92	
2166	8	
2167	85	
2168	34	
2169	62	
2170	57	
2171	84	
2172	37	
2173	40	
2174	36	
2175	61	
2176	71	
2177	43	
2178	77	
2179	64	
2180	30	
2181	64	
2182	52	
2183	84	
2184	16	
2185	39	
2186	67	
2187	38	
2188	11	
2189	94	
2190	50	
2191	65	
2192	51	
2193	61	
2194	77	
2195	61	
2196	76	
2197	34	
2198	65	
2199	25	
2200	6	
2201	72	
2202	36	
2203	2	
2204	55	
2205	77	
2206	84	
2207	7	
2208	81	
2209	73	
2210	57	
2211	89	
2212	70	
2213	38	
2214	41	
2215	66	
2216	78	
2217	32	
2218	9	
2219	75	
2220	76	
2221	76	
2222	55	
2223	16	
2224	54	
2225	98	
2226	63	
2227	56	
2228	56	
2229	68	
2230	92	
2231	8	
2232	22	
2233	35	
2234	5	
2235	98	
2236	84	
2237	67	
2238	46	
2239	52	
2240	18	
2241	92	
2242	51	
2243	28	
2244	14	
2245	29	
2246	97	
2247	90	
2248	11	
2249	53	
2250	5	
2251	27	
2252	86	
2253	62	
2254	2	
2255	30	
2256	66	
2257	91	
2258	99	
2259	91	
2260	60	
2261	36	
2262	80	
2263	49	
2264	85	
2265	82	
2266	92	
2267	5	
2268	73	
2269	81	
2270	38	
2271	19	
2272	79	
2273	88	
2274	30	
2275	82	
2276	94	
2277	8	
2278	86	
2279	53	
2280	16	
2281	7	
2282	71	
2283	93	
2284	26	
2285	60	
2286	90	
2287	6	
2288	64	
2289	1	
2290	81	
2291	64	
2292	44	
2293	11	
2294	38	
2295	69	
2296	100	
2297	18	
2298	88	
2299	71	
2300	13	
2301	48	
2302	23	
2303	48	
2304	68	
2305	92	
2306	42	
2307	70	
2308	61	
2309	96	
2310	12	
2311	82	
2312	20	
2313	89	
2314	94	
2315	38	
2316	18	
2317	19	
2318	20	
2319	37	
2320	75	
2321	64	
2322	33	
2323	36	
2324	91	
2325	80	
2326	85	
2327	84	
2328	86	
2329	91	
2330	42	
2331	27	
2332	41	
2333	55	
2334	86	
2335	89	
2336	24	
2337	1	
2338	41	
2339	1	
2340	60	
2341	25	
2342	29	
2343	58	
2344	13	
2345	80	
2346	26	
2347	26	
2348	98	
2349	67	
2350	32	
2351	67	
2352	21	
2353	3	
2354	66	
2355	62	
2356	46	
2357	73	
2358	10	
2359	9	
2360	100	
2361	72	
2362	22	
2363	70	
2364	37	
2365	91	
2366	31	
2367	28	
2368	24	
2369	98	
2370	5	
2371	26	
2372	95	
2373	54	
2374	27	
2375	53	
2376	60	
2377	72	
2378	9	
2379	72	
2380	50	
2381	84	
2382	45	
2383	23	
2384	47	
2385	67	
2386	21	
2387	87	
2388	28	
2389	70	
2390	21	
2391	33	
2392	18	
2393	10	
2394	87	
2395	88	
2396	52	
2397	80	
2398	77	
2399	61	
2400	68	
2401	84	
2402	74	
2403	27	
2404	61	
2405	4	
2406	30	
2407	78	
2408	72	
2409	32	
2410	37	
2411	29	
2412	9	
2413	17	
2414	88	
2415	54	
2416	4	
2417	67	
2418	97	
2419	6	
2420	42	
2421	25	
2422	34	
2423	44	
2424	47	
2425	37	
2426	74	
2427	20	
2428	35	
2429	42	
2430	96	
2431	18	
2432	55	
2433	43	
2434	49	
2435	45	
2436	3	
2437	3	
2438	7	
2439	46	
2440	75	
2441	61	
2442	26	
2443	53	
2444	80	
2445	19	
2446	53	
2447	32	
2448	97	
2449	92	
2450	83	
2451	48	
2452	56	
2453	67	
2454	8	
2455	73	
2456	32	
2457	88	
2458	90	
2459	19	
2460	38	
2461	4	
2462	18	
2463	33	
2464	10	
2465	38	
2466	14	
2467	55	
2468	69	
2469	46	
2470	38	
2471	45	
2472	70	
2473	30	
2474	86	
2475	7	
2476	6	
2477	53	
2478	91	
2479	68	
2480	94	
2481	66	
2482	47	
2483	41	
2484	49	
2485	19	
2486	99	
2487	53	
2488	72	
2489	44	
2490	84	
2491	24	
2492	8	
2493	86	
2494	93	
2495	46	
2496	24	
2497	98	
2498	1	
2499	63	
2500	30	
2501	14	
2502	95	
2503	82	
2504	24	
2505	12	
2506	58	
2507	68	
2508	64	
2509	48	
2510	19	
2511	39	
2512	46	
2513	44	
2514	96	
2515	77	
2516	66	
2517	83	
2518	80	
2519	83	
2520	72	
2521	68	
2522	100	
2523	100	
2524	74	
2525	42	
2526	33	
2527	22	
2528	54	
2529	3	
2530	33	
2531	98	
2532	74	
2533	54	
2534	97	
2535	22	
2536	2	
2537	43	
2538	37	
2539	95	
2540	10	
2541	16	
2542	16	
2543	32	
2544	22	
2545	91	
2546	43	
2547	19	
2548	27	
2549	52	
2550	51	
2551	13	
2552	88	
2553	77	
2554	85	
2555	95	
2556	16	
2557	10	
2558	48	
2559	57	
2560	96	
2561	28	
2562	75	
2563	43	
2564	59	
2565	31	
2566	60	
2567	52	
2568	87	
2569	31	
2570	13	
2571	9	
2572	51	
2573	56	
2574	55	
2575	40	
2576	9	
2577	51	
2578	47	
2579	63	
2580	15	
2581	97	
2582	100	
2583	28	
2584	32	
2585	51	
2586	68	
2587	44	
2588	69	
2589	90	
2590	96	
2591	22	
2592	1	
2593	18	
2594	46	
2595	51	
2596	3	
2597	33	
2598	26	
2599	69	
2600	29	
2601	91	
2602	19	
2603	42	
2604	64	
2605	85	
2606	44	
2607	35	
2608	64	
2609	55	
2610	46	
2611	94	
2612	15	
2613	55	
2614	90	
2615	23	
2616	3	
2617	77	
2618	77	
2619	100	
2620	25	
2621	63	
2622	17	
2623	54	
2624	78	
2625	49	
2626	47	
2627	54	
2628	26	
2629	39	
2630	84	
2631	45	
2632	49	
2633	79	
2634	14	
2635	93	
2636	89	
2637	58	
2638	14	
2639	88	
2640	43	
2641	16	
2642	69	
2643	60	
2644	14	
2645	70	
2646	81	
2647	96	
2648	77	
2649	92	
2650	67	
2651	75	
2652	10	
2653	89	
2654	92	
2655	21	
2656	39	
2657	28	
2658	45	
2659	39	
2660	34	
2661	6	
2662	85	
2663	95	
2664	14	
2665	56	
2666	39	
2667	43	
2668	29	
2669	40	
2670	42	
2671	60	
2672	81	
2673	5	
2674	63	
2675	5	
2676	29	
2677	21	
2678	3	
2679	99	
2680	52	
2681	96	
2682	43	
2683	32	
2684	6	
2685	59	
2686	9	
2687	82	
2688	67	
2689	35	
2690	26	
2691	3	
2692	5	
2693	62	
2694	27	
2695	28	
2696	6	
2697	90	
2698	82	
2699	47	
2700	61	
2701	95	
2702	68	
2703	15	
2704	91	
2705	31	
2706	6	
2707	72	
2708	24	
2709	37	
2710	2	
2711	69	
2712	61	
2713	68	
2714	68	
2715	60	
2716	57	
2717	18	
2718	43	
2719	86	
2720	43	
2721	40	
2722	59	
2723	41	
2724	15	
2725	14	
2726	95	
2727	28	
2728	30	
2729	97	
2730	2	
2731	22	
2732	20	
2733	26	
2734	31	
2735	16	
2736	25	
2737	82	
2738	74	
2739	54	
2740	62	
2741	49	
2742	34	
2743	94	
2744	51	
2745	61	
2746	67	
2747	94	
2748	24	
2749	86	
2750	99	
2751	5	
2752	86	
2753	29	
2754	19	
2755	74	
2756	1	
2757	75	
2758	88	
2759	34	
2760	5	
2761	68	
2762	36	
2763	52	
2764	31	
2765	50	
2766	24	
2767	72	
2768	34	
2769	33	
2770	81	
2771	30	
2772	52	
2773	78	
2774	37	
2775	70	
2776	12	
2777	86	
2778	56	
2779	51	
2780	99	
2781	62	
2782	25	
2783	50	
2784	65	
2785	34	
2786	28	
2787	22	
2788	51	
2789	32	
2790	63	
2791	46	
2792	96	
2793	44	
2794	35	
2795	64	
2796	18	
2797	55	
2798	98	
2799	18	
2800	19	
2801	69	
2802	5	
2803	85	
2804	22	
2805	60	
2806	100	
2807	92	
2808	89	
2809	80	
2810	14	
2811	87	
2812	42	
2813	67	
2814	8	
2815	42	
2816	96	
2817	97	
2818	3	
2819	52	
2820	100	
2821	62	
2822	44	
2823	90	
2824	87	
2825	52	
2826	36	
2827	59	
2828	52	
2829	52	
2830	46	
2831	67	
2832	72	
2833	58	
2834	18	
2835	79	
2836	95	
2837	71	
2838	14	
2839	37	
2840	77	
2841	31	
2842	98	
2843	5	
2844	32	
2845	69	
2846	85	
2847	44	
2848	90	
2849	20	
2850	23	
2851	25	
2852	97	
2853	21	
2854	94	
2855	76	
2856	29	
2857	17	
2858	51	
2859	1	
2860	98	
2861	62	
2862	80	
2863	27	
2864	72	
2865	7	
2866	85	
2867	31	
2868	84	
2869	54	
2870	13	
2871	80	
2872	17	
2873	50	
2874	40	
2875	38	
2876	10	
2877	11	
2878	60	
2879	53	
2880	76	
2881	95	
2882	49	
2883	17	
2884	18	
2885	24	
2886	2	
2887	57	
2888	39	
2889	19	
2890	40	
2891	33	
2892	91	
2893	32	
2894	83	
2895	81	
2896	79	
2897	56	
2898	14	
2899	66	
2900	40	
2901	93	
2902	98	
2903	6	
2904	69	
2905	82	
2906	71	
2907	30	
2908	15	
2909	54	
2910	76	
2911	73	
2912	22	
2913	91	
2914	69	
2915	43	
2916	58	
2917	32	
2918	72	
2919	8	
2920	80	
2921	81	
2922	26	
2923	92	
2924	88	
2925	15	
2926	24	
2927	26	
2928	55	
2929	55	
2930	80	
2931	32	
2932	80	
2933	9	
2934	4	
2935	90	
2936	12	
2937	11	
2938	64	
2939	40	
2940	56	
2941	29	
2942	13	
2943	67	
2944	27	
2945	60	
2946	90	
2947	60	
2948	34	
2949	37	
2950	83	
2951	54	
2952	81	
2953	48	
2954	17	
2955	86	
2956	41	
2957	43	
2958	27	
2959	22	
2960	6	
2961	90	
2962	56	
2963	64	
2964	4	
2965	46	
2966	100	
2967	50	
2968	11	
2969	24	
2970	74	
2971	57	
2972	64	
2973	9	
2974	5	
2975	8	
2976	28	
2977	37	
2978	9	
2979	59	
2980	34	
2981	26	
2982	68	
2983	34	
2984	90	
2985	100	
2986	18	
2987	2	
2988	10	
2989	31	
2990	59	
2991	60	
2992	56	
2993	38	
2994	6	
2995	74	
2996	47	
2997	52	
2998	86	
2999	32	
3000	46	
3001	58	
3002	98	
3003	72	
3004	45	
3005	38	
3006	30	
3007	63	
3008	64	
3009	83	
3010	37	
3011	85	
3012	49	
3013	56	
3014	34	
3015	45	
3016	70	
3017	68	
3018	37	
3019	52	
3020	62	
3021	96	
3022	85	
3023	89	
3024	59	
3025	54	
3026	93	
3027	4	
3028	30	
3029	94	
3030	5	
3031	4	
3032	88	
3033	88	
3034	52	
3035	74	
3036	1	
3037	15	
3038	72	
3039	13	
3040	44	
3041	54	
3042	83	
3043	74	
3044	7	
3045	22	
3046	70	
3047	39	
3048	78	
3049	52	
3050	34	
3051	98	
3052	65	
3053	18	
3054	20	
3055	8	
3056	28	
3057	63	
3058	2	
3059	24	
3060	73	
3061	57	
3062	30	
3063	15	
3064	57	
3065	48	
3066	3	
3067	95	
3068	12	
3069	65	
3070	89	
3071	62	
3072	60	
3073	13	
3074	59	
3075	81	
3076	22	
3077	25	
3078	100	
3079	80	
3080	90	
3081	26	
3082	32	
3083	30	
3084	17	
3085	88	
3086	61	
3087	66	
3088	2	
3089	20	
3090	61	
3091	19	
3092	35	
3093	32	
3094	40	
3095	5	
3096	31	
3097	35	
3098	68	
3099	22	
3100	87	
3101	40	
3102	35	
3103	33	
3104	59	
3105	41	
3106	40	
3107	43	
3108	52	
3109	9	
3110	3	
3111	75	
3112	93	
3113	28	
3114	52	
3115	64	
3116	47	
3117	95	
3118	16	
3119	79	
3120	79	
3121	75	
3122	49	
3123	60	
3124	41	
3125	4	
3126	84	
3127	45	
3128	76	
3129	60	
3130	71	
3131	28	
3132	62	
3133	11	
3134	14	
3135	51	
3136	94	
3137	9	
3138	95	
3139	100	
3140	21	
3141	41	
3142	48	
3143	56	
3144	96	
3145	38	
3146	57	
3147	54	
3148	30	
3149	51	
3150	12	
3151	54	
3152	8	
3153	57	
3154	43	
3155	64	
3156	2	
3157	97	
3158	42	
3159	68	
3160	72	
3161	37	
3162	71	
3163	57	
3164	80	
3165	54	
3166	23	
3167	20	
3168	16	
3169	70	
3170	64	
3171	11	
3172	63	
3173	98	
3174	90	
3175	41	
3176	46	
3177	98	
3178	44	
3179	49	
3180	72	
3181	47	
3182	50	
3183	36	
3184	16	
3185	13	
3186	42	
3187	50	
3188	23	
3189	46	
3190	45	
3191	46	
3192	29	
3193	46	
3194	89	
3195	28	
3196	66	
3197	59	
3198	38	
3199	71	
3200	99	
3201	56	
3202	74	
3203	5	
3204	12	
3205	52	
3206	83	
3207	28	
3208	64	
3209	54	
3210	73	
3211	40	
3212	30	
3213	7	
3214	82	
3215	49	
3216	100	
3217	77	
3218	47	
3219	11	
3220	84	
3221	16	
3222	78	
3223	78	
3224	33	
3225	4	
3226	16	
3227	98	
3228	76	
3229	40	
3230	18	
3231	69	
3232	8	
3233	91	
3234	90	
3235	85	
3236	16	
3237	90	
3238	36	
3239	29	
3240	26	
3241	62	
3242	91	
3243	41	
3244	35	
3245	77	
3246	91	
3247	28	
3248	44	
3249	69	
3250	6	
3251	47	
3252	28	
3253	50	
3254	73	
3255	1	
3256	84	
3257	47	
3258	61	
3259	34	
3260	53	
3261	26	
3262	28	
3263	94	
3264	50	
3265	66	
3266	43	
3267	41	
3268	60	
3269	21	
3270	68	
3271	61	
3272	83	
3273	3	
3274	67	
3275	9	
3276	84	
3277	87	
3278	6	
3279	78	
3280	39	
3281	3	
3282	74	
3283	18	
3284	80	
3285	17	
3286	73	
3287	58	
3288	75	
3289	83	
3290	36	
3291	5	
3292	50	
3293	92	
3294	16	
3295	53	
3296	19	
3297	29	
3298	26	
3299	78	
3300	4	
3301	24	
3302	85	
3303	92	
3304	72	
3305	13	
3306	56	
3307	3	
3308	45	
3309	73	
3310	90	
3311	78	
3312	14	
3313	49	
3314	76	
3315	55	
3316	96	
3317	25	
3318	67	
3319	78	
3320	46	
3321	95	
3322	28	
3323	87	
3324	10	
3325	23	
3326	5	
3327	11	
3328	63	
3329	37	
3330	83	
3331	67	
3332	75	
3333	80	
3334	100	
3335	97	
3336	53	
3337	19	
3338	11	
3339	72	
3340	9	
3341	72	
3342	92	
3343	29	
3344	32	
3345	71	
3346	91	
3347	74	
3348	55	
3349	46	
3350	22	
3351	69	
3352	92	
3353	67	
3354	62	
3355	15	
3356	10	
3357	26	
3358	52	
3359	55	
3360	72	
3361	62	
3362	77	
3363	38	
3364	86	
3365	41	
3366	100	
3367	90	
3368	41	
3369	94	
3370	60	
3371	4	
3372	29	
3373	60	
3374	8	
3375	67	
3376	58	
3377	70	
3378	53	
3379	24	
3380	94	
3381	63	
3382	88	
3383	23	
3384	46	
3385	21	
3386	41	
3387	70	
3388	74	
3389	14	
3390	13	
3391	14	
3392	96	
3393	20	
3394	73	
3395	99	
3396	53	
3397	90	
3398	26	
3399	56	
3400	77	
3401	78	
3402	98	
3403	18	
3404	53	
3405	69	
3406	93	
3407	92	
3408	20	
3409	38	
3410	47	
3411	77	
3412	16	
3413	60	
3414	62	
3415	30	
3416	60	
3417	7	
3418	91	
3419	16	
3420	85	
3421	47	
3422	19	
3423	48	
3424	75	
3425	10	
3426	11	
3427	75	
3428	83	
3429	88	
3430	25	
3431	57	
3432	84	
3433	2	
3434	42	
3435	55	
3436	24	
3437	10	
3438	76	
3439	58	
3440	49	
3441	83	
3442	40	
3443	85	
3444	58	
3445	50	
3446	19	
3447	25	
3448	49	
3449	69	
3450	25	
3451	92	
3452	76	
3453	81	
3454	82	
3455	80	
3456	82	
3457	13	
3458	22	
3459	34	
3460	21	
3461	3	
3462	58	
3463	89	
3464	7	
3465	75	
3466	96	
3467	38	
3468	99	
3469	56	
3470	21	
3471	28	
3472	22	
3473	48	
3474	98	
3475	15	
3476	68	
3477	93	
3478	45	
3479	58	
3480	70	
3481	64	
3482	58	
3483	87	
3484	23	
3485	95	
3486	88	
3487	79	
3488	65	
3489	52	
3490	79	
3491	4	
3492	66	
3493	82	
3494	65	
3495	56	
3496	2	
3497	49	
3498	83	
3499	89	
3500	69	
3501	46	
3502	75	
3503	36	
3504	31	
3505	17	
3506	45	
3507	20	
3508	45	
3509	37	
3510	44	
3511	70	
3512	83	
3513	96	
3514	56	
3515	12	
3516	45	
3517	13	
3518	67	
3519	100	
3520	84	
3521	24	
3522	29	
3523	84	
3524	36	
3525	10	
3526	58	
3527	5	
3528	44	
3529	71	
3530	80	
3531	65	
3532	7	
3533	93	
3534	63	
3535	67	
3536	39	
3537	72	
3538	67	
3539	99	
3540	50	
3541	69	
3542	5	
3543	97	
3544	91	
3545	17	
3546	60	
3547	84	
3548	35	
3549	5	
3550	27	
3551	100	
3552	58	
3553	81	
3554	85	
3555	74	
3556	12	
3557	6	
3558	52	
3559	85	
3560	42	
3561	70	
3562	31	
3563	45	
3564	57	
3565	56	
3566	100	
3567	92	
3568	27	
3569	51	
3570	22	
3571	53	
3572	71	
3573	30	
3574	68	
3575	10	
3576	95	
3577	34	
3578	77	
3579	35	
3580	36	
3581	32	
3582	98	
3583	11	
3584	35	
3585	34	
3586	15	
3587	64	
3588	81	
3589	7	
3590	91	
3591	99	
3592	76	
3593	49	
3594	51	
3595	51	
3596	62	
3597	81	
3598	67	
3599	29	
3600	35	
3601	86	
3602	30	
3603	54	
3604	95	
3605	95	
3606	81	
3607	1	
3608	2	
3609	79	
3610	20	
3611	16	
3612	93	
3613	73	
3614	78	
3615	13	
3616	81	
3617	64	
3618	14	
3619	44	
3620	45	
3621	81	
3622	9	
3623	84	
3624	85	
3625	81	
3626	16	
3627	51	
3628	27	
3629	98	
3630	88	
3631	99	
3632	26	
3633	54	
3634	20	
3635	85	
3636	63	
3637	57	
3638	35	
3639	48	
3640	49	
3641	98	
3642	72	
3643	32	
3644	98	
3645	94	
3646	63	
3647	89	
3648	94	
3649	50	
3650	27	
3651	66	
3652	100	
3653	47	
3654	12	
3655	96	
3656	78	
3657	82	
3658	100	
3659	6	
3660	15	
3661	23	
3662	94	
3663	61	
3664	48	
3665	19	
3666	76	
3667	87	
3668	10	
3669	32	
3670	39	
3671	21	
3672	44	
3673	93	
3674	59	
3675	27	
3676	75	
3677	4	
3678	18	
3679	31	
3680	34	
3681	1	
3682	90	
3683	75	
3684	76	
3685	62	
3686	80	
3687	6	
3688	98	
3689	83	
3690	73	
3691	4	
3692	4	
3693	53	
3694	26	
3695	48	
3696	31	
3697	60	
3698	69	
3699	20	
3700	97	
3701	75	
3702	44	
3703	72	
3704	10	
3705	40	
3706	82	
3707	32	
3708	50	
3709	46	
3710	27	
3711	64	
3712	22	
3713	61	
3714	74	
3715	51	
3716	14	
3717	58	
3718	22	
3719	19	
3720	58	
3721	29	
3722	31	
3723	77	
3724	35	
3725	76	
3726	56	
3727	23	
3728	21	
3729	55	
3730	28	
3731	35	
3732	28	
3733	51	
3734	35	
3735	31	
3736	60	
3737	1	
3738	68	
3739	84	
3740	6	
3741	25	
3742	37	
3743	28	
3744	74	
3745	25	
3746	8	
3747	62	
3748	57	
3749	54	
3750	46	
3751	95	
3752	78	
3753	75	
3754	12	
3755	8	
3756	55	
3757	91	
3758	31	
3759	88	
3760	54	
3761	65	
3762	45	
3763	56	
3764	50	
3765	27	
3766	27	
3767	95	
3768	1	
3769	13	
3770	79	
3771	50	
3772	33	
3773	85	
3774	93	
3775	23	
3776	93	
3777	54	
3778	39	
3779	79	
3780	95	
3781	83	
3782	95	
3783	85	
3784	97	
3785	6	
3786	41	
3787	30	
3788	94	
3789	59	
3790	20	
3791	68	
3792	12	
3793	52	
3794	19	
3795	85	
3796	4	
3797	80	
3798	42	
3799	15	
3800	94	
3801	91	
3802	79	
3803	11	
3804	8	
3805	93	
3806	51	
3807	20	
3808	68	
3809	20	
3810	93	
3811	7	
3812	21	
3813	16	
3814	42	
3815	34	
3816	92	
3817	10	
3818	85	
3819	2	
3820	24	
3821	28	
3822	18	
3823	47	
3824	16	
3825	88	
3826	87	
3827	60	
3828	94	
3829	2	
3830	18	
3831	21	
3832	39	
3833	77	
3834	34	
3835	71	
3836	63	
3837	10	
3838	34	
3839	80	
3840	39	
3841	58	
3842	51	
3843	33	
3844	18	
3845	10	
3846	51	
3847	33	
3848	51	
3849	79	
3850	22	
3851	37	
3852	71	
3853	17	
3854	86	
3855	72	
3856	25	
3857	97	
3858	1	
3859	70	
3860	11	
3861	81	
3862	19	
3863	6	
3864	40	
3865	16	
3866	86	
3867	65	
3868	93	
3869	48	
3870	31	
3871	38	
3872	29	
3873	73	
3874	32	
3875	66	
3876	79	
3877	17	
3878	89	
3879	11	
3880	29	
3881	52	
3882	13	
3883	47	
3884	89	
3885	23	
3886	72	
3887	67	
3888	37	
3889	34	
3890	72	
3891	54	
3892	36	
3893	40	
3894	18	
3895	93	
3896	36	
3897	47	
3898	87	
3899	34	
3900	10	
3901	98	
3902	10	
3903	7	
3904	35	
3905	68	
3906	6	
3907	65	
3908	16	
3909	8	
3910	69	
3911	4	
3912	43	
3913	33	
3914	97	
3915	3	
3916	46	
3917	21	
3918	16	
3919	18	
3920	65	
3921	8	
3922	29	
3923	37	
3924	80	
3925	87	
3926	79	
3927	51	
3928	79	
3929	43	
3930	58	
3931	21	
3932	60	
3933	77	
3934	62	
3935	23	
3936	73	
3937	81	
3938	85	
3939	20	
3940	64	
3941	100	
3942	95	
3943	15	
3944	44	
3945	80	
3946	47	
3947	54	
3948	91	
3949	48	
3950	60	
3951	99	
3952	76	
3953	90	
3954	83	
3955	98	
3956	68	
3957	35	
3958	69	
3959	72	
3960	42	
3961	19	
3962	23	
3963	64	
3964	61	
3965	84	
3966	32	
3967	77	
3968	2	
3969	37	
3970	82	
3971	77	
3972	12	
3973	5	
3974	66	
3975	25	
3976	53	
3977	26	
3978	83	
3979	55	
3980	96	
3981	32	
3982	31	
3983	86	
3984	79	
3985	97	
3986	71	
3987	90	
3988	52	
3989	24	
3990	13	
3991	15	
3992	77	
3993	13	
3994	66	
3995	60	
3996	89	
3997	16	
3998	27	
3999	98	
4000	51	
4001	63	
4002	13	
4003	12	
4004	27	
4005	34	
4006	47	
4007	14	
4008	50	
4009	6	
4010	100	
4011	19	
4012	96	
4013	92	
4014	63	
4015	20	
4016	90	
4017	93	
4018	33	
4019	77	
4020	15	
4021	10	
4022	79	
4023	65	
4024	92	
4025	10	
4026	34	
4027	52	
4028	1	
4029	97	
4030	88	
4031	41	
4032	51	
4033	1	
4034	74	
4035	90	
4036	70	
4037	76	
4038	5	
4039	49	
4040	78	
4041	98	
4042	63	
4043	70	
4044	80	
4045	5	
4046	9	
4047	29	
4048	4	
4049	29	
4050	84	
4051	75	
4052	70	
4053	16	
4054	6	
4055	97	
4056	86	
4057	1	
4058	55	
4059	98	
4060	37	
4061	66	
4062	67	
4063	60	
4064	3	
4065	63	
4066	36	
4067	87	
4068	85	
4069	70	
4070	61	
4071	34	
4072	18	
4073	23	
4074	7	
4075	11	
4076	80	
4077	71	
4078	92	
4079	73	
4080	22	
4081	34	
4082	25	
4083	23	
4084	76	
4085	51	
4086	79	
4087	60	
4088	100	
4089	80	
4090	91	
4091	43	
4092	69	
4093	44	
4094	67	
4095	60	
4096	79	
4097	18	
4098	43	
4099	94	
4100	44	
4101	65	
4102	83	
4103	75	
4104	62	
4105	72	
4106	5	
4107	11	
4108	51	
4109	1	
4110	86	
4111	51	
4112	7	
4113	76	
4114	31	
4115	49	
4116	71	
4117	86	
4118	61	
4119	22	
4120	81	
4121	76	
4122	60	
4123	14	
4124	84	
4125	42	
4126	5	
4127	4	
4128	58	
4129	14	
4130	21	
4131	12	
4132	62	
4133	13	
4134	22	
4135	98	
4136	65	
4137	66	
4138	49	
4139	46	
4140	30	
4141	24	
4142	100	
4143	3	
4144	40	
4145	18	
4146	40	
4147	59	
4148	16	
4149	86	
4150	57	
4151	18	
4152	54	
4153	80	
4154	70	
4155	64	
4156	47	
4157	90	
4158	20	
4159	90	
4160	13	
4161	43	
4162	8	
4163	73	
4164	15	
4165	93	
4166	35	
4167	92	
4168	48	
4169	73	
4170	87	
4171	55	
4172	89	
4173	39	
4174	81	
4175	3	
4176	89	
4177	21	
4178	57	
4179	30	
4180	90	
4181	23	
4182	19	
4183	73	
4184	63	
4185	49	
4186	74	
4187	92	
4188	21	
4189	33	
4190	13	
4191	66	
4192	64	
4193	88	
4194	88	
4195	16	
4196	84	
4197	6	
4198	86	
4199	4	
4200	10	
4201	76	
4202	26	
4203	71	
4204	31	
4205	92	
4206	14	
4207	33	
4208	45	
4209	16	
4210	37	
4211	25	
4212	19	
4213	28	
4214	74	
4215	87	
4216	63	
4217	63	
4218	68	
4219	12	
4220	51	
4221	42	
4222	36	
4223	10	
4224	2	
4225	22	
4226	46	
4227	34	
4228	45	
4229	8	
4230	58	
4231	55	
4232	73	
4233	80	
4234	6	
4235	86	
4236	1	
4237	8	
4238	18	
4239	53	
4240	21	
4241	28	
4242	50	
4243	66	
4244	96	
4245	34	
4246	23	
4247	71	
4248	95	
4249	93	
4250	28	
4251	49	
4252	8	
4253	67	
4254	92	
4255	47	
4256	100	
4257	12	
4258	34	
4259	22	
4260	82	
4261	14	
4262	16	
4263	12	
4264	10	
4265	97	
4266	72	
4267	7	
4268	70	
4269	50	
4270	55	
4271	100	
4272	9	
4273	81	
4274	88	
4275	14	
4276	80	
4277	44	
4278	82	
4279	54	
4280	98	
4281	44	
4282	25	
4283	82	
4284	94	
4285	29	
4286	62	
4287	64	
4288	69	
4289	7	
4290	84	
4291	49	
4292	14	
4293	89	
4294	91	
4295	24	
4296	16	
4297	30	
4298	16	
4299	63	
4300	67	
4301	72	
4302	50	
4303	30	
4304	48	
4305	42	
4306	17	
4307	24	
4308	44	
4309	55	
4310	50	
4311	56	
4312	58	
4313	91	
4314	99	
4315	17	
4316	15	
4317	7	
4318	78	
4319	3	
4320	6	
4321	19	
4322	7	
4323	83	
4324	78	
4325	12	
4326	36	
4327	23	
4328	8	
4329	39	
4330	82	
4331	69	
4332	32	
4333	42	
4334	46	
4335	43	
4336	19	
4337	100	
4338	94	
4339	53	
4340	47	
4341	55	
4342	92	
4343	64	
4344	96	
4345	3	
4346	92	
4347	51	
4348	59	
4349	94	
4350	23	
4351	89	
4352	55	
4353	19	
4354	44	
4355	31	
4356	73	
4357	24	
4358	75	
4359	89	
4360	33	
4361	86	
4362	33	
4363	66	
4364	80	
4365	33	
4366	73	
4367	46	
4368	78	
4369	95	
4370	6	
4371	29	
4372	15	
4373	8	
4374	20	
4375	78	
4376	39	
4377	52	
4378	42	
4379	27	
4380	55	
4381	17	
4382	26	
4383	65	
4384	91	
4385	8	
4386	74	
4387	54	
4388	32	
4389	49	
4390	71	
4391	17	
4392	33	
4393	37	
4394	26	
4395	57	
4396	84	
4397	17	
4398	44	
4399	19	
4400	76	
4401	6	
4402	55	
4403	39	
4404	25	
4405	93	
4406	53	
4407	12	
4408	93	
4409	1	
4410	1	
4411	14	
4412	11	
4413	13	
4414	91	
4415	40	
4416	7	
4417	89	
4418	38	
4419	20	
4420	35	
4421	46	
4422	73	
4423	59	
4424	69	
4425	33	
4426	60	
4427	72	
4428	100	
4429	82	
4430	46	
4431	88	
4432	25	
4433	66	
4434	22	
4435	28	
4436	68	
4437	54	
4438	23	
4439	72	
4440	30	
4441	59	
4442	50	
4443	91	
4444	50	
4445	70	
4446	69	
4447	90	
4448	23	
4449	55	
4450	87	
4451	40	
4452	45	
4453	8	
4454	48	
4455	25	
4456	85	
4457	9	
4458	72	
4459	85	
4460	83	
4461	47	
4462	56	
4463	63	
4464	39	
4465	26	
4466	86	
4467	64	
4468	62	
4469	68	
4470	64	
4471	70	
4472	84	
4473	78	
4474	89	
4475	60	
4476	33	
4477	92	
4478	57	
4479	86	
4480	86	
4481	38	
4482	23	
4483	11	
4484	67	
4485	51	
4486	50	
4487	93	
4488	36	
4489	94	
4490	10	
4491	92	
4492	41	
4493	61	
4494	17	
4495	44	
4496	68	
4497	91	
4498	52	
4499	98	
4500	80	
4501	63	
4502	90	
4503	92	
4504	20	
4505	37	
4506	81	
4507	90	
4508	60	
4509	2	
4510	46	
4511	29	
4512	21	
4513	69	
4514	15	
4515	16	
4516	44	
4517	18	
4518	80	
4519	27	
4520	90	
4521	59	
4522	57	
4523	62	
4524	16	
4525	35	
4526	15	
4527	40	
4528	20	
4529	57	
4530	96	
4531	11	
4532	45	
4533	67	
4534	1	
4535	23	
4536	53	
4537	17	
4538	16	
4539	64	
4540	26	
4541	84	
4542	49	
4543	38	
4544	99	
4545	61	
4546	26	
4547	96	
4548	45	
4549	58	
4550	33	
4551	28	
4552	73	
4553	85	
4554	74	
4555	95	
4556	22	
4557	70	
4558	39	
4559	39	
4560	77	
4561	71	
4562	29	
4563	54	
4564	38	
4565	55	
4566	3	
4567	46	
4568	41	
4569	5	
4570	79	
4571	100	
4572	36	
4573	20	
4574	22	
4575	71	
4576	57	
4577	94	
4578	98	
4579	19	
4580	86	
4581	50	
4582	79	
4583	72	
4584	95	
4585	92	
4586	56	
4587	34	
4588	44	
4589	69	
4590	36	
4591	5	
4592	80	
4593	54	
4594	4	
4595	20	
4596	54	
4597	64	
4598	29	
4599	51	
4600	81	
4601	98	
4602	36	
4603	62	
4604	49	
4605	43	
4606	8	
4607	29	
4608	3	
4609	59	
4610	60	
4611	36	
4612	43	
4613	7	
4614	86	
4615	26	
4616	28	
4617	27	
4618	92	
4619	4	
4620	57	
4621	78	
4622	40	
4623	21	
4624	76	
4625	74	
4626	9	
4627	53	
4628	47	
4629	21	
4630	30	
4631	83	
4632	20	
4633	84	
4634	87	
4635	72	
4636	14	
4637	60	
4638	100	
4639	63	
4640	48	
4641	77	
4642	83	
4643	72	
4644	47	
4645	81	
4646	80	
4647	20	
4648	5	
4649	67	
4650	2	
4651	57	
4652	98	
4653	82	
4654	4	
4655	67	
4656	23	
4657	50	
4658	55	
4659	88	
4660	2	
4661	31	
4662	32	
4663	57	
4664	83	
4665	14	
4666	68	
4667	88	
4668	27	
4669	81	
4670	49	
4671	47	
4672	45	
4673	24	
4674	56	
4675	3	
4676	22	
4677	79	
4678	83	
4679	87	
4680	66	
4681	92	
4682	21	
4683	20	
4684	6	
4685	20	
4686	99	
4687	85	
4688	74	
4689	99	
4690	35	
4691	58	
4692	10	
4693	78	
4694	88	
4695	14	
4696	62	
4697	9	
4698	26	
4699	30	
4700	7	
4701	3	
4702	52	
4703	53	
4704	97	
4705	67	
4706	83	
4707	24	
4708	17	
4709	54	
4710	7	
4711	65	
4712	87	
4713	5	
4714	58	
4715	30	
4716	26	
4717	58	
4718	30	
4719	81	
4720	96	
4721	12	
4722	96	
4723	90	
4724	25	
4725	41	
4726	73	
4727	10	
4728	8	
4729	17	
4730	10	
4731	51	
4732	79	
4733	77	
4734	41	
4735	19	
4736	18	
4737	14	
4738	71	
4739	56	
4740	44	
4741	46	
4742	17	
4743	50	
4744	55	
4745	75	
4746	9	
4747	55	
4748	70	
4749	21	
4750	8	
4751	15	
4752	74	
4753	30	
4754	15	
4755	37	
4756	88	
4757	73	
4758	60	
4759	4	
4760	54	
4761	81	
4762	59	
4763	87	
4764	59	
4765	68	
4766	35	
4767	75	
4768	53	
4769	79	
4770	53	
4771	82	
4772	3	
4773	38	
4774	49	
4775	30	
4776	10	
4777	46	
4778	37	
4779	38	
4780	90	
4781	44	
4782	31	
4783	28	
4784	24	
4785	45	
4786	48	
4787	15	
4788	34	
4789	81	
4790	29	
4791	21	
4792	84	
4793	82	
4794	70	
4795	82	
4796	74	
4797	36	
4798	19	
4799	97	
4800	37	
4801	52	
4802	60	
4803	28	
4804	45	
4805	79	
4806	90	
4807	12	
4808	62	
4809	45	
4810	15	
4811	15	
4812	77	
4813	88	
4814	96	
4815	12	
4816	57	
4817	48	
4818	34	
4819	92	
4820	32	
4821	90	
4822	23	
4823	56	
4824	13	
4825	27	
4826	15	
4827	87	
4828	25	
4829	32	
4830	9	
4831	18	
4832	32	
4833	97	
4834	9	
4835	87	
4836	67	
4837	20	
4838	77	
4839	85	
4840	45	
4841	65	
4842	23	
4843	24	
4844	55	
4845	5	
4846	47	
4847	51	
4848	66	
4849	4	
4850	18	
4851	51	
4852	9	
4853	4	
4854	91	
4855	22	
4856	5	
4857	17	
4858	29	
4859	98	
4860	23	
4861	45	
4862	60	
4863	38	
4864	2	
4865	88	
4866	56	
4867	10	
4868	48	
4869	58	
4870	62	
4871	20	
4872	7	
4873	1	
4874	72	
4875	91	
4876	42	
4877	78	
4878	7	
4879	76	
4880	78	
4881	32	
4882	79	
4883	24	
4884	35	
4885	23	
4886	60	
4887	83	
4888	70	
4889	12	
4890	57	
4891	85	
4892	86	
4893	31	
4894	9	
4895	72	
4896	89	
4897	86	
4898	100	
4899	59	
4900	73	
4901	89	
4902	16	
4903	46	
4904	53	
4905	62	
4906	34	
4907	24	
4908	87	
4909	76	
4910	8	
4911	27	
4912	6	
4913	50	
4914	78	
4915	65	
4916	99	
4917	42	
4918	51	
4919	62	
4920	94	
4921	19	
4922	63	
4923	50	
4924	31	
4925	81	
4926	52	
4927	85	
4928	43	
4929	54	
4930	26	
4931	26	
4932	98	
4933	32	
4934	84	
4935	47	
4936	47	
4937	32	
4938	23	
4939	77	
4940	1	
4941	54	
4942	52	
4943	90	
4944	74	
4945	27	
4946	11	
4947	99	
4948	80	
4949	5	
4950	36	
4951	56	
4952	78	
4953	39	
4954	54	
4955	29	
4956	25	
4957	72	
4958	68	
4959	57	
4960	40	
4961	98	
4962	74	
4963	64	
4964	86	
4965	16	
4966	14	
4967	98	
4968	89	
4969	46	
4970	5	
4971	7	
4972	6	
4973	85	
4974	9	
4975	71	
4976	49	
4977	6	
4978	82	
4979	37	
4980	4	
4981	9	
4982	18	
4983	25	
4984	81	
4985	28	
4986	63	
4987	43	
4988	82	
4989	67	
4990	14	
4991	51	
4992	93	
4993	23	
4994	3	
4995	73	
4996	10	
4997	21	
4998	69	
4999	84	
5000	82	
5001	29	
5002	20	
5003	17	
5004	7	
5005	41	
5006	47	
5007	10	
5008	92	
5009	89	
5010	30	
5011	49	
5012	27	
5013	94	
5014	70	
5015	76	
5016	44	
5017	65	
5018	49	
5019	100	
5020	86	
5021	87	
5022	81	
5023	52	
5024	78	
5025	80	
5026	50	
5027	13	
5028	9	
5029	86	
5030	6	
5031	25	
5032	38	
5033	12	
5034	50	
5035	97	
5036	15	
5037	45	
5038	75	
5039	93	
5040	15	
5041	69	
5042	31	
5043	44	
5044	31	
5045	68	
5046	36	
5047	22	
5048	54	
5049	39	
5050	5	
5051	84	
5052	86	
5053	36	
5054	14	
5055	56	
5056	67	
5057	62	
5058	54	
5059	7	
5060	16	
5061	28	
5062	52	
5063	60	
5064	35	
5065	37	
5066	16	
5067	80	
5068	35	
5069	82	
5070	29	
5071	81	
5072	97	
5073	53	
5074	99	
5075	73	
5076	70	
5077	66	
5078	99	
5079	54	
5080	88	
5081	49	
5082	83	
5083	82	
5084	66	
5085	45	
5086	85	
5087	34	
5088	99	
5089	29	
5090	44	
5091	35	
5092	39	
5093	34	
5094	100	
5095	2	
5096	23	
5097	29	
5098	33	
5099	13	
5100	15	
5101	20	
5102	93	
5103	1	
5104	83	
5105	14	
5106	55	
5107	37	
5108	40	
5109	73	
5110	4	
5111	70	
5112	10	
5113	8	
5114	74	
5115	98	
5116	82	
5117	31	
5118	93	
5119	2	
5120	30	
5121	56	
5122	92	
5123	15	
5124	61	
5125	97	
5126	22	
5127	90	
5128	18	
5129	59	
5130	19	
5131	93	
5132	66	
5133	50	
5134	18	
5135	91	
5136	61	
5137	35	
5138	14	
5139	16	
5140	66	
5141	28	
5142	50	
5143	11	
5144	31	
5145	72	
5146	63	
5147	54	
5148	5	
5149	57	
5150	67	
5151	6	
5152	66	
5153	4	
5154	29	
5155	61	
5156	3	
5157	25	
5158	85	
5159	21	
5160	37	
5161	25	
5162	87	
5163	4	
5164	33	
5165	81	
5166	64	
5167	24	
5168	90	
5169	1	
5170	22	
5171	37	
5172	84	
5173	40	
5174	46	
5175	28	
5176	40	
5177	64	
5178	82	
5179	76	
5180	79	
5181	21	
5182	82	
5183	64	
5184	53	
5185	40	
5186	60	
5187	53	
5188	93	
5189	65	
5190	86	
5191	91	
5192	8	
5193	79	
5194	72	
5195	29	
5196	88	
5197	4	
5198	97	
5199	83	
5200	58	
5201	100	
5202	72	
5203	97	
5204	2	
5205	21	
5206	68	
5207	91	
5208	37	
5209	85	
5210	82	
5211	24	
5212	90	
5213	84	
5214	95	
5215	80	
5216	35	
5217	81	
5218	65	
5219	61	
5220	58	
5221	90	
5222	1	
5223	79	
5224	95	
5225	55	
5226	43	
5227	21	
5228	78	
5229	65	
5230	43	
5231	97	
5232	75	
5233	44	
5234	63	
5235	52	
5236	59	
5237	58	
5238	40	
5239	24	
5240	85	
5241	11	
5242	80	
5243	47	
5244	100	
5245	49	
5246	30	
5247	64	
5248	9	
5249	83	
5250	39	
5251	34	
5252	15	
5253	32	
5254	89	
5255	78	
5256	9	
5257	7	
5258	16	
5259	31	
5260	92	
5261	97	
5262	26	
5263	1	
5264	67	
5265	52	
5266	44	
5267	49	
5268	15	
5269	84	
5270	24	
5271	100	
5272	69	
5273	21	
5274	39	
5275	53	
5276	89	
5277	98	
5278	86	
5279	66	
5280	67	
5281	65	
5282	63	
5283	67	
5284	88	
5285	50	
5286	67	
5287	56	
5288	79	
5289	59	
5290	86	
5291	60	
5292	33	
5293	79	
5294	91	
5295	97	
5296	26	
5297	48	
5298	47	
5299	17	
5300	40	
5301	26	
5302	75	
5303	95	
5304	25	
5305	36	
5306	44	
5307	70	
5308	23	
5309	99	
5310	8	
5311	66	
5312	20	
5313	76	
5314	72	
5315	2	
5316	76	
5317	53	
5318	38	
5319	96	
5320	32	
5321	84	
5322	66	
5323	8	
5324	10	
5325	33	
5326	18	
5327	74	
5328	54	
5329	58	
5330	47	
5331	99	
5332	12	
5333	53	
5334	95	
5335	53	
5336	24	
5337	3	
5338	63	
5339	97	
5340	59	
5341	82	
5342	68	
5343	93	
5344	65	
5345	92	
5346	55	
5347	20	
5348	92	
5349	20	
5350	43	
5351	98	
5352	33	
5353	66	
5354	91	
5355	95	
5356	95	
5357	63	
5358	63	
5359	67	
5360	72	
5361	36	
5362	89	
5363	80	
5364	91	
5365	37	
5366	77	
5367	69	
5368	23	
5369	72	
5370	35	
5371	2	
5372	40	
5373	49	
5374	49	
5375	43	
5376	94	
5377	52	
5378	44	
5379	24	
5380	63	
5381	60	
5382	18	
5383	40	
5384	49	
5385	52	
5386	82	
5387	100	
5388	75	
5389	26	
5390	53	
5391	38	
5392	83	
5393	46	
5394	9	
5395	48	
5396	46	
5397	34	
5398	29	
5399	32	
5400	29	
5401	48	
5402	25	
5403	35	
5404	84	
5405	96	
5406	12	
5407	59	
5408	70	
5409	89	
5410	26	
5411	95	
5412	38	
5413	61	
5414	10	
5415	4	
5416	58	
5417	55	
5418	79	
5419	99	
5420	35	
5421	46	
5422	60	
5423	60	
5424	25	
5425	49	
5426	34	
5427	82	
5428	49	
5429	66	
5430	86	
5431	85	
5432	23	
5433	50	
5434	73	
5435	49	
5436	40	
5437	80	
5438	5	
5439	26	
5440	26	
5441	39	
5442	82	
5443	61	
5444	61	
5445	62	
5446	68	
5447	7	
5448	37	
5449	59	
5450	82	
5451	25	
5452	46	
5453	59	
5454	6	
5455	28	
5456	47	
5457	69	
5458	88	
5459	55	
5460	24	
5461	40	
5462	16	
5463	89	
5464	97	
5465	32	
5466	70	
5467	3	
5468	67	
5469	81	
5470	47	
5471	92	
5472	10	
5473	37	
5474	64	
5475	77	
5476	55	
5477	40	
5478	79	
5479	4	
5480	5	
5481	59	
5482	50	
5483	42	
5484	74	
5485	52	
5486	17	
5487	63	
5488	88	
5489	54	
5490	17	
5491	86	
5492	70	
5493	38	
5494	13	
5495	47	
5496	50	
5497	62	
5498	49	
5499	91	
5500	6	
5501	35	
5502	71	
5503	24	
5504	49	
5505	15	
5506	47	
5507	64	
5508	77	
5509	3	
5510	93	
5511	8	
5512	76	
5513	4	
5514	71	
5515	14	
5516	76	
5517	85	
5518	57	
5519	56	
5520	25	
5521	11	
5522	7	
5523	72	
5524	91	
5525	17	
5526	15	
5527	17	
5528	59	
5529	37	
5530	77	
5531	26	
5532	85	
5533	69	
5534	28	
5535	3	
5536	36	
5537	19	
5538	48	
5539	9	
5540	22	
5541	94	
5542	71	
5543	98	
5544	27	
5545	34	
5546	90	
5547	64	
5548	95	
5549	56	
5550	59	
5551	37	
5552	86	
5553	100	
5554	91	
5555	17	
5556	33	
5557	33	
5558	22	
5559	93	
5560	95	
5561	17	
5562	63	
5563	55	
5564	67	
5565	71	
5566	7	
5567	65	
5568	14	
5569	23	
5570	90	
5571	93	
5572	3	
5573	22	
5574	92	
5575	71	
5576	37	
5577	60	
5578	3	
5579	25	
5580	37	
5581	47	
5582	23	
5583	47	
5584	18	
5585	91	
5586	4	
5587	29	
5588	90	
5589	97	
5590	60	
5591	91	
5592	67	
5593	74	
5594	35	
5595	4	
5596	77	
5597	38	
5598	12	
5599	9	
5600	28	
5601	83	
5602	59	
5603	64	
5604	28	
5605	82	
5606	82	
5607	83	
5608	67	
5609	95	
5610	6	
5611	12	
5612	78	
5613	2	
5614	81	
5615	41	
5616	22	
5617	29	
5618	43	
5619	87	
5620	74	
5621	94	
5622	98	
5623	76	
5624	19	
5625	47	
5626	24	
5627	66	
5628	82	
5629	74	
5630	54	
5631	24	
5632	50	
5633	25	
5634	80	
5635	69	
5636	4	
5637	63	
5638	77	
5639	62	
5640	32	
5641	78	
5642	62	
5643	50	
5644	80	
5645	71	
5646	68	
5647	21	
5648	49	
5649	73	
5650	63	
5651	59	
5652	42	
5653	99	
5654	47	
5655	48	
5656	39	
5657	72	
5658	63	
5659	87	
5660	39	
5661	71	
5662	18	
5663	13	
5664	91	
5665	7	
5666	4	
5667	77	
5668	100	
5669	45	
5670	51	
5671	87	
5672	6	
5673	46	
5674	32	
5675	71	
5676	53	
5677	47	
5678	12	
5679	24	
5680	12	
5681	85	
5682	13	
5683	87	
5684	90	
5685	29	
5686	9	
5687	54	
5688	42	
5689	15	
5690	88	
5691	67	
5692	100	
5693	68	
5694	63	
5695	5	
5696	4	
5697	53	
5698	65	
5699	84	
5700	64	
5701	75	
5702	90	
5703	66	
5704	14	
5705	39	
5706	19	
5707	26	
5708	17	
5709	37	
5710	79	
5711	77	
5712	7	
5713	82	
5714	41	
5715	36	
5716	6	
5717	40	
5718	93	
5719	11	
5720	48	
5721	58	
5722	74	
5723	70	
5724	80	
5725	14	
5726	62	
5727	96	
5728	85	
5729	40	
5730	35	
5731	89	
5732	11	
5733	58	
5734	90	
5735	1	
5736	11	
5737	80	
5738	12	
5739	96	
5740	33	
5741	27	
5742	91	
5743	53	
5744	93	
5745	67	
5746	19	
5747	9	
5748	81	
5749	35	
5750	86	
5751	75	
5752	95	
5753	73	
5754	14	
5755	7	
5756	44	
5757	12	
5758	51	
5759	33	
5760	85	
5761	36	
5762	55	
5763	49	
5764	26	
5765	82	
5766	72	
5767	30	
5768	59	
5769	18	
5770	63	
5771	84	
5772	33	
5773	30	
5774	88	
5775	67	
5776	95	
5777	97	
5778	22	
5779	8	
5780	55	
5781	99	
5782	57	
5783	41	
5784	28	
5785	89	
5786	59	
5787	63	
5788	100	
5789	35	
5790	70	
5791	93	
5792	89	
5793	24	
5794	69	
5795	67	
5796	21	
5797	98	
5798	96	
5799	17	
5800	75	
5801	80	
5802	11	
5803	99	
5804	76	
5805	17	
5806	79	
5807	45	
5808	9	
5809	40	
5810	22	
5811	38	
5812	94	
5813	35	
5814	90	
5815	98	
5816	58	
5817	26	
5818	90	
5819	69	
5820	59	
5821	67	
5822	90	
5823	75	
5824	8	
5825	81	
5826	85	
5827	72	
5828	51	
5829	27	
5830	94	
5831	83	
5832	26	
5833	87	
5834	69	
5835	73	
5836	63	
5837	97	
5838	84	
5839	92	
5840	74	
5841	19	
5842	96	
5843	82	
5844	96	
5845	68	
5846	68	
5847	49	
5848	11	
5849	88	
5850	39	
5851	34	
5852	98	
5853	31	
5854	91	
5855	24	
5856	31	
5857	51	
5858	14	
5859	92	
5860	68	
5861	96	
5862	21	
5863	56	
5864	65	
5865	35	
5866	88	
5867	25	
5868	18	
5869	30	
5870	95	
5871	51	
5872	59	
5873	43	
5874	100	
5875	29	
5876	17	
5877	54	
5878	32	
5879	87	
5880	12	
5881	30	
5882	61	
5883	58	
5884	56	
5885	4	
5886	58	
5887	32	
5888	94	
5889	57	
5890	80	
5891	94	
5892	50	
5893	38	
5894	9	
5895	31	
5896	44	
5897	32	
5898	13	
5899	96	
5900	56	
5901	63	
5902	95	
5903	80	
5904	4	
5905	28	
5906	38	
5907	95	
5908	42	
5909	12	
5910	85	
5911	44	
5912	72	
5913	24	
5914	1	
5915	84	
5916	14	
5917	82	
5918	31	
5919	87	
5920	100	
5921	12	
5922	25	
5923	43	
5924	75	
5925	45	
5926	96	
5927	50	
5928	70	
5929	49	
5930	20	
5931	94	
5932	70	
5933	81	
5934	12	
5935	92	
5936	88	
5937	97	
5938	69	
5939	99	
5940	31	
5941	11	
5942	40	
5943	40	
5944	80	
5945	52	
5946	86	
5947	85	
5948	64	
5949	8	
5950	74	
5951	12	
5952	66	
5953	87	
5954	39	
5955	67	
5956	35	
5957	88	
5958	43	
5959	82	
5960	8	
5961	94	
5962	100	
5963	46	
5964	4	
5965	23	
5966	48	
5967	14	
5968	43	
5969	35	
5970	10	
5971	66	
5972	24	
5973	27	
5974	81	
5975	57	
5976	80	
5977	92	
5978	62	
5979	89	
5980	73	
5981	67	
5982	62	
5983	79	
5984	72	
5985	59	
5986	42	
5987	81	
5988	32	
5989	56	
5990	1	
5991	81	
5992	93	
5993	36	
5994	18	
5995	73	
5996	69	
5997	46	
5998	1	
5999	87	
6000	43	
6001	57	
6002	52	
6003	92	
6004	4	
6005	95	
6006	91	
6007	18	
6008	75	
6009	36	
6010	66	
6011	91	
6012	70	
6013	86	
6014	12	
6015	25	
6016	85	
6017	56	
6018	91	
6019	38	
6020	64	
6021	45	
6022	52	
6023	35	
6024	26	
6025	95	
6026	78	
6027	75	
6028	46	
6029	70	
6030	91	
6031	67	
6032	94	
6033	96	
6034	44	
6035	60	
6036	27	
6037	48	
6038	95	
6039	29	
6040	38	
6041	10	
6042	85	
6043	68	
6044	35	
6045	10	
6046	99	
6047	38	
6048	22	
6049	18	
6050	46	
6051	25	
6052	99	
6053	70	
6054	89	
6055	56	
6056	99	
6057	95	
6058	99	
6059	19	
6060	66	
6061	18	
6062	39	
6063	89	
6064	56	
6065	32	
6066	94	
6067	31	
6068	23	
6069	2	
6070	13	
6071	35	
6072	92	
6073	3	
6074	13	
6075	91	
6076	11	
6077	27	
6078	68	
6079	6	
6080	54	
6081	76	
6082	83	
6083	35	
6084	86	
6085	84	
6086	43	
6087	3	
6088	15	
6089	35	
6090	10	
6091	98	
6092	6	
6093	35	
6094	73	
6095	90	
6096	51	
6097	16	
6098	61	
6099	84	
6100	90	
6101	4	
6102	68	
6103	40	
6104	87	
6105	26	
6106	63	
6107	33	
6108	79	
6109	4	
6110	19	
6111	68	
6112	6	
6113	90	
6114	41	
6115	44	
6116	49	
6117	62	
6118	91	
6119	93	
6120	51	
6121	60	
6122	54	
6123	3	
6124	30	
6125	9	
6126	33	
6127	13	
6128	52	
6129	29	
6130	42	
6131	88	
6132	12	
6133	7	
6134	21	
6135	35	
6136	56	
6137	9	
6138	18	
6139	50	
6140	78	
6141	6	
6142	91	
6143	49	
6144	14	
6145	41	
6146	25	
6147	99	
6148	35	
6149	97	
6150	49	
6151	5	
6152	95	
6153	53	
6154	1	
6155	7	
6156	5	
6157	7	
6158	50	
6159	39	
6160	34	
6161	15	
6162	89	
6163	15	
6164	46	
6165	82	
6166	7	
6167	44	
6168	34	
6169	81	
6170	19	
6171	61	
6172	62	
6173	52	
6174	29	
6175	80	
6176	17	
6177	61	
6178	62	
6179	81	
6180	17	
6181	5	
6182	56	
6183	8	
6184	74	
6185	99	
6186	24	
6187	1	
6188	84	
6189	70	
6190	84	
6191	76	
6192	31	
6193	73	
6194	61	
6195	76	
6196	56	
6197	22	
6198	84	
6199	29	
6200	67	
6201	53	
6202	77	
6203	15	
6204	52	
6205	52	
6206	92	
6207	50	
6208	84	
6209	86	
6210	33	
6211	14	
6212	27	
6213	97	
6214	49	
6215	98	
6216	81	
6217	38	
6218	2	
6219	15	
6220	34	
6221	29	
6222	17	
6223	11	
6224	52	
6225	68	
6226	30	
6227	28	
6228	26	
6229	79	
6230	53	
6231	4	
6232	15	
6233	14	
6234	97	
6235	80	
6236	59	
6237	87	
6238	89	
6239	15	
6240	74	
6241	63	
6242	5	
6243	45	
6244	36	
6245	18	
6246	12	
6247	42	
6248	79	
6249	93	
6250	13	
6251	71	
6252	5	
6253	33	
6254	19	
6255	25	
6256	72	
6257	51	
6258	50	
6259	22	
6260	63	
6261	44	
6262	85	
6263	73	
6264	96	
6265	91	
6266	7	
6267	51	
6268	9	
6269	88	
6270	20	
6271	22	
6272	57	
6273	37	
6274	40	
6275	39	
6276	57	
6277	32	
6278	32	
6279	53	
6280	85	
6281	25	
6282	1	
6283	33	
6284	18	
6285	74	
6286	70	
6287	26	
6288	28	
6289	83	
6290	39	
6291	87	
6292	43	
6293	62	
6294	58	
6295	18	
6296	88	
6297	22	
6298	67	
6299	1	
6300	50	
6301	25	
6302	81	
6303	88	
6304	22	
6305	75	
6306	47	
6307	84	
6308	45	
6309	34	
6310	30	
6311	47	
6312	23	
6313	69	
6314	64	
6315	38	
6316	20	
6317	92	
6318	51	
6319	21	
6320	76	
6321	88	
6322	21	
6323	59	
6324	44	
6325	72	
6326	8	
6327	56	
6328	23	
6329	36	
6330	16	
6331	73	
6332	55	
6333	58	
6334	83	
6335	96	
6336	48	
6337	30	
6338	69	
6339	47	
6340	38	
6341	29	
6342	77	
6343	95	
6344	60	
6345	67	
6346	79	
6347	58	
6348	97	
6349	81	
6350	34	
6351	3	
6352	63	
6353	97	
6354	86	
6355	78	
6356	100	
6357	71	
6358	96	
6359	10	
6360	14	
6361	60	
6362	2	
6363	52	
6364	84	
6365	69	
6366	78	
6367	59	
6368	73	
6369	38	
6370	60	
6371	72	
6372	25	
6373	100	
6374	58	
6375	14	
6376	49	
6377	28	
6378	25	
6379	24	
6380	49	
6381	28	
6382	55	
6383	23	
6384	62	
6385	35	
6386	60	
6387	3	
6388	71	
6389	63	
6390	42	
6391	82	
6392	49	
6393	20	
6394	71	
6395	30	
6396	81	
6397	72	
6398	63	
6399	41	
6400	37	
6401	62	
6402	97	
6403	53	
6404	5	
6405	68	
6406	65	
6407	83	
6408	90	
6409	87	
6410	84	
6411	1	
6412	34	
6413	31	
6414	25	
6415	58	
6416	68	
6417	86	
6418	31	
6419	82	
6420	74	
6421	43	
6422	98	
6423	5	
6424	67	
6425	65	
6426	1	
6427	58	
6428	5	
6429	75	
6430	70	
6431	30	
6432	50	
6433	59	
6434	35	
6435	48	
6436	96	
6437	89	
6438	81	
6439	63	
6440	34	
6441	94	
6442	77	
6443	37	
6444	6	
6445	3	
6446	32	
6447	68	
6448	62	
6449	97	
6450	52	
6451	37	
6452	69	
6453	84	
6454	67	
6455	94	
6456	73	
6457	2	
6458	28	
6459	33	
6460	48	
6461	67	
6462	95	
6463	1	
6464	22	
6465	100	
6466	35	
6467	93	
6468	2	
6469	30	
6470	3	
6471	42	
6472	38	
6473	85	
6474	51	
6475	71	
6476	49	
6477	40	
6478	26	
6479	76	
6480	20	
6481	25	
6482	43	
6483	65	
6484	68	
6485	46	
6486	54	
6487	18	
6488	27	
6489	44	
6490	53	
6491	79	
6492	56	
6493	56	
6494	73	
6495	62	
6496	37	
6497	66	
6498	1	
6499	37	
6500	13	
6501	4	
6502	94	
6503	23	
6504	29	
6505	66	
6506	91	
6507	100	
6508	32	
6509	89	
6510	41	
6511	7	
6512	13	
6513	69	
6514	7	
6515	97	
6516	54	
6517	28	
6518	58	
6519	73	
6520	96	
6521	71	
6522	40	
6523	47	
6524	99	
6525	69	
6526	77	
6527	31	
6528	48	
6529	41	
6530	88	
6531	72	
6532	34	
6533	11	
6534	44	
6535	47	
6536	92	
6537	47	
6538	25	
6539	60	
6540	71	
6541	30	
6542	9	
6543	41	
6544	94	
6545	90	
6546	69	
6547	15	
6548	55	
6549	7	
6550	96	
6551	34	
6552	17	
6553	98	
6554	9	
6555	38	
6556	77	
6557	36	
6558	14	
6559	69	
6560	23	
6561	24	
6562	1	
6563	46	
6564	64	
6565	46	
6566	78	
6567	10	
6568	59	
6569	92	
6570	12	
6571	78	
6572	6	
6573	89	
6574	55	
6575	33	
6576	59	
6577	64	
6578	69	
6579	48	
6580	89	
6581	67	
6582	67	
6583	6	
6584	70	
6585	62	
6586	91	
6587	15	
6588	32	
6589	46	
6590	1	
6591	75	
6592	70	
6593	16	
6594	83	
6595	26	
6596	57	
6597	22	
6598	7	
6599	55	
6600	13	
6601	98	
6602	29	
6603	22	
6604	36	
6605	32	
6606	95	
6607	80	
6608	71	
6609	26	
6610	10	
6611	63	
6612	69	
6613	7	
6614	65	
6615	92	
6616	10	
6617	18	
6618	6	
6619	3	
6620	49	
6621	13	
6622	90	
6623	99	
6624	100	
6625	37	
6626	51	
6627	33	
6628	14	
6629	54	
6630	61	
6631	18	
6632	67	
6633	9	
6634	23	
6635	26	
6636	25	
6637	47	
6638	45	
6639	69	
6640	91	
6641	57	
6642	41	
6643	25	
6644	22	
6645	8	
6646	96	
6647	77	
6648	82	
6649	3	
6650	100	
6651	90	
6652	11	
6653	65	
6654	12	
6655	54	
6656	85	
6657	50	
6658	89	
6659	22	
6660	78	
6661	3	
6662	49	
6663	41	
6664	29	
6665	20	
6666	83	
6667	64	
6668	70	
6669	36	
6670	40	
6671	33	
6672	26	
6673	96	
6674	30	
6675	26	
6676	10	
6677	97	
6678	80	
6679	17	
6680	13	
6681	1	
6682	35	
6683	79	
6684	80	
6685	18	
6686	88	
6687	59	
6688	47	
6689	4	
6690	72	
6691	50	
6692	46	
6693	33	
6694	90	
6695	98	
6696	10	
6697	16	
6698	13	
6699	4	
6700	15	
6701	48	
6702	36	
6703	52	
6704	94	
6705	1	
6706	12	
6707	61	
6708	34	
6709	55	
6710	98	
6711	47	
6712	60	
6713	35	
6714	3	
6715	27	
6716	9	
6717	55	
6718	89	
6719	87	
6720	88	
6721	22	
6722	33	
6723	80	
6724	94	
6725	31	
6726	33	
6727	78	
6728	71	
6729	1	
6730	28	
6731	64	
6732	52	
6733	10	
6734	91	
6735	97	
6736	80	
6737	41	
6738	40	
6739	35	
6740	29	
6741	2	
6742	10	
6743	100	
6744	23	
6745	6	
6746	5	
6747	78	
6748	61	
6749	17	
6750	20	
6751	14	
6752	92	
6753	34	
6754	56	
6755	22	
6756	61	
6757	94	
6758	9	
6759	36	
6760	51	
6761	18	
6762	53	
6763	25	
6764	12	
6765	80	
6766	91	
6767	9	
6768	91	
6769	79	
6770	13	
6771	20	
6772	37	
6773	69	
6774	23	
6775	36	
6776	65	
6777	62	
6778	25	
6779	11	
6780	49	
6781	59	
6782	9	
6783	43	
6784	4	
6785	21	
6786	72	
6787	13	
6788	48	
6789	22	
6790	95	
6791	13	
6792	35	
6793	96	
6794	44	
6795	70	
6796	40	
6797	3	
6798	64	
6799	56	
6800	85	
6801	41	
6802	56	
6803	71	
6804	79	
6805	77	
6806	94	
6807	38	
6808	11	
6809	10	
6810	79	
6811	59	
6812	65	
6813	70	
6814	24	
6815	99	
6816	92	
6817	94	
6818	82	
6819	80	
6820	74	
6821	26	
6822	23	
6823	96	
6824	11	
6825	99	
6826	12	
6827	25	
6828	63	
6829	90	
6830	23	
6831	93	
6832	90	
6833	16	
6834	5	
6835	29	
6836	10	
6837	69	
6838	71	
6839	11	
6840	84	
6841	11	
6842	86	
6843	33	
6844	52	
6845	98	
6846	20	
6847	57	
6848	51	
6849	99	
6850	65	
6851	5	
6852	9	
6853	47	
6854	25	
6855	66	
6856	14	
6857	38	
6858	18	
6859	71	
6860	34	
6861	2	
6862	12	
6863	53	
6864	75	
6865	15	
6866	79	
6867	45	
6868	59	
6869	18	
6870	61	
6871	59	
6872	29	
6873	16	
6874	78	
6875	62	
6876	23	
6877	46	
6878	93	
6879	19	
6880	90	
6881	24	
6882	90	
6883	97	
6884	2	
6885	92	
6886	20	
6887	43	
6888	5	
6889	62	
6890	78	
6891	7	
6892	77	
6893	99	
6894	19	
6895	19	
6896	32	
6897	35	
6898	35	
6899	64	
6900	57	
6901	92	
6902	13	
6903	9	
6904	78	
6905	86	
6906	89	
6907	38	
6908	85	
6909	23	
6910	56	
6911	22	
6912	69	
6913	86	
6914	93	
6915	43	
6916	84	
6917	30	
6918	76	
6919	99	
6920	48	
6921	86	
6922	71	
6923	38	
6924	59	
6925	92	
6926	47	
6927	92	
6928	21	
6929	91	
6930	8	
6931	82	
6932	58	
6933	22	
6934	98	
6935	9	
6936	99	
6937	9	
6938	8	
6939	88	
6940	91	
6941	21	
6942	49	
6943	25	
6944	3	
6945	49	
6946	5	
6947	12	
6948	73	
6949	97	
6950	87	
6951	33	
6952	50	
6953	3	
6954	78	
6955	68	
6956	61	
6957	94	
6958	56	
6959	44	
6960	29	
6961	64	
6962	8	
6963	34	
6964	91	
6965	53	
6966	69	
6967	81	
6968	27	
6969	84	
6970	30	
6971	41	
6972	97	
6973	79	
6974	64	
6975	14	
6976	73	
6977	97	
6978	23	
6979	60	
6980	1	
6981	68	
6982	43	
6983	5	
6984	20	
6985	45	
6986	70	
6987	52	
6988	67	
6989	64	
6990	56	
6991	2	
6992	53	
6993	54	
6994	68	
6995	1	
6996	3	
6997	89	
6998	26	
6999	87	
7000	54	
7001	20	
7002	33	
7003	29	
7004	82	
7005	42	
7006	12	
7007	97	
7008	19	
7009	25	
7010	51	
7011	74	
7012	53	
7013	40	
7014	88	
7015	89	
7016	93	
7017	11	
7018	56	
7019	27	
7020	68	
7021	3	
7022	77	
7023	95	
7024	16	
7025	49	
7026	19	
7027	6	
7028	87	
7029	5	
7030	80	
7031	67	
7032	73	
7033	97	
7034	18	
7035	23	
7036	79	
7037	53	
7038	26	
7039	36	
7040	52	
7041	34	
7042	92	
7043	51	
7044	9	
7045	77	
7046	23	
7047	87	
7048	2	
7049	62	
7050	55	
7051	36	
7052	77	
7053	19	
7054	79	
7055	87	
7056	79	
7057	56	
7058	71	
7059	51	
7060	3	
7061	82	
7062	12	
7063	23	
7064	92	
7065	30	
7066	92	
7067	60	
7068	20	
7069	81	
7070	61	
7071	24	
7072	45	
7073	51	
7074	23	
7075	66	
7076	9	
7077	22	
7078	80	
7079	43	
7080	75	
7081	73	
7082	29	
7083	72	
7084	49	
7085	43	
7086	55	
7087	13	
7088	94	
7089	99	
7090	56	
7091	45	
7092	26	
7093	40	
7094	14	
7095	80	
7096	67	
7097	16	
7098	48	
7099	7	
7100	44	
7101	42	
7102	66	
7103	40	
7104	5	
7105	49	
7106	63	
7107	72	
7108	24	
7109	8	
7110	50	
7111	94	
7112	43	
7113	97	
7114	60	
7115	91	
7116	25	
7117	80	
7118	69	
7119	94	
7120	20	
7121	24	
7122	92	
7123	99	
7124	45	
7125	38	
7126	53	
7127	9	
7128	21	
7129	74	
7130	70	
7131	61	
7132	72	
7133	47	
7134	65	
7135	94	
7136	45	
7137	84	
7138	61	
7139	93	
7140	95	
7141	2	
7142	34	
7143	60	
7144	11	
7145	94	
7146	16	
7147	29	
7148	37	
7149	34	
7150	73	
7151	77	
7152	70	
7153	13	
7154	89	
7155	43	
7156	84	
7157	97	
7158	2	
7159	96	
7160	15	
7161	1	
7162	77	
7163	90	
7164	83	
7165	57	
7166	89	
7167	15	
7168	89	
7169	51	
7170	53	
7171	60	
7172	73	
7173	97	
7174	100	
7175	56	
7176	79	
7177	20	
7178	70	
7179	81	
7180	60	
7181	48	
7182	74	
7183	51	
7184	99	
7185	70	
7186	91	
7187	97	
7188	34	
7189	20	
7190	29	
7191	94	
7192	44	
7193	5	
7194	18	
7195	5	
7196	10	
7197	43	
7198	99	
7199	70	
7200	100	
7201	39	
7202	66	
7203	66	
7204	43	
7205	17	
7206	3	
7207	24	
7208	46	
7209	38	
7210	14	
7211	99	
7212	3	
7213	47	
7214	80	
7215	40	
7216	64	
7217	68	
7218	71	
7219	7	
7220	88	
7221	80	
7222	97	
7223	74	
7224	21	
7225	29	
7226	81	
7227	83	
7228	53	
7229	31	
7230	34	
7231	72	
7232	23	
7233	63	
7234	53	
7235	79	
7236	37	
7237	85	
7238	20	
7239	9	
7240	13	
7241	72	
7242	63	
7243	4	
7244	33	
7245	58	
7246	97	
7247	55	
7248	1	
7249	47	
7250	29	
7251	35	
7252	49	
7253	29	
7254	82	
7255	1	
7256	14	
7257	2	
7258	21	
7259	48	
7260	95	
7261	22	
7262	64	
7263	77	
7264	86	
7265	96	
7266	22	
7267	26	
7268	74	
7269	18	
7270	95	
7271	21	
7272	95	
7273	48	
7274	54	
7275	96	
7276	43	
7277	22	
7278	79	
7279	61	
7280	97	
7281	43	
7282	72	
7283	33	
7284	98	
7285	54	
7286	2	
7287	51	
7288	38	
7289	52	
7290	87	
7291	83	
7292	81	
7293	71	
7294	58	
7295	20	
7296	20	
7297	30	
7298	44	
7299	36	
7300	3	
7301	12	
7302	99	
7303	84	
7304	65	
7305	23	
7306	15	
7307	43	
7308	49	
7309	91	
7310	70	
7311	98	
7312	53	
7313	59	
7314	41	
7315	6	
7316	27	
7317	12	
7318	95	
7319	19	
7320	78	
7321	70	
7322	74	
7323	93	
7324	75	
7325	40	
7326	11	
7327	82	
7328	30	
7329	68	
7330	16	
7331	36	
7332	23	
7333	2	
7334	45	
7335	74	
7336	87	
7337	100	
7338	33	
7339	24	
7340	79	
7341	20	
7342	79	
7343	85	
7344	33	
7345	15	
7346	100	
7347	50	
7348	19	
7349	62	
7350	85	
7351	14	
7352	5	
7353	57	
7354	83	
7355	69	
7356	52	
7357	29	
7358	97	
7359	55	
7360	43	
7361	75	
7362	25	
7363	79	
7364	51	
7365	33	
7366	32	
7367	42	
7368	77	
7369	33	
7370	17	
7371	84	
7372	8	
7373	82	
7374	30	
7375	55	
7376	84	
7377	61	
7378	52	
7379	100	
7380	19	
7381	69	
7382	41	
7383	35	
7384	21	
7385	8	
7386	98	
7387	92	
7388	81	
7389	24	
7390	56	
7391	30	
7392	52	
7393	47	
7394	5	
7395	13	
7396	55	
7397	48	
7398	81	
7399	25	
7400	17	
7401	63	
7402	30	
7403	58	
7404	4	
7405	85	
7406	79	
7407	35	
7408	31	
7409	26	
7410	58	
7411	41	
7412	83	
7413	73	
7414	55	
7415	95	
7416	99	
7417	28	
7418	6	
7419	22	
7420	53	
7421	47	
7422	38	
7423	39	
7424	93	
7425	15	
7426	73	
7427	77	
7428	59	
7429	76	
7430	100	
7431	98	
7432	94	
7433	53	
7434	14	
7435	3	
7436	1	
7437	68	
7438	29	
7439	10	
7440	9	
7441	77	
7442	58	
7443	81	
7444	22	
7445	9	
7446	27	
7447	18	
7448	10	
7449	57	
7450	12	
7451	18	
7452	26	
7453	74	
7454	4	
7455	72	
7456	61	
7457	16	
7458	48	
7459	4	
7460	94	
7461	93	
7462	96	
7463	10	
7464	82	
7465	100	
7466	22	
7467	35	
7468	20	
7469	96	
7470	80	
7471	32	
7472	36	
7473	84	
7474	27	
7475	87	
7476	93	
7477	50	
7478	76	
7479	43	
7480	28	
7481	46	
7482	40	
7483	65	
7484	77	
7485	70	
7486	45	
7487	87	
7488	61	
7489	6	
7490	24	
7491	42	
7492	84	
7493	46	
7494	26	
7495	61	
7496	66	
7497	92	
7498	5	
7499	1	
7500	8	
7501	13	
7502	62	
7503	48	
7504	77	
7505	4	
7506	30	
7507	76	
7508	91	
7509	60	
7510	47	
7511	95	
7512	37	
7513	16	
7514	53	
7515	54	
7516	89	
7517	75	
7518	67	
7519	4	
7520	53	
7521	8	
7522	61	
7523	26	
7524	22	
7525	28	
7526	22	
7527	54	
7528	38	
7529	36	
7530	65	
7531	82	
7532	43	
7533	30	
7534	13	
7535	39	
7536	79	
7537	24	
7538	34	
7539	88	
7540	81	
7541	2	
7542	91	
7543	62	
7544	71	
7545	55	
7546	48	
7547	95	
7548	12	
7549	8	
7550	75	
7551	93	
7552	20	
7553	58	
7554	32	
7555	25	
7556	24	
7557	83	
7558	63	
7559	62	
7560	45	
7561	61	
7562	26	
7563	85	
7564	94	
7565	47	
7566	85	
7567	29	
7568	20	
7569	65	
7570	48	
7571	98	
7572	19	
7573	25	
7574	57	
7575	91	
7576	75	
7577	98	
7578	96	
7579	21	
7580	26	
7581	42	
7582	36	
7583	44	
7584	47	
7585	66	
7586	45	
7587	42	
7588	86	
7589	58	
7590	42	
7591	49	
7592	79	
7593	59	
7594	6	
7595	43	
7596	44	
7597	66	
7598	51	
7599	89	
7600	16	
7601	63	
7602	16	
7603	59	
7604	44	
7605	41	
7606	41	
7607	43	
7608	84	
7609	58	
7610	98	
7611	67	
7612	84	
7613	33	
7614	43	
7615	21	
7616	13	
7617	46	
7618	56	
7619	91	
7620	55	
7621	74	
7622	50	
7623	98	
7624	78	
7625	49	
7626	14	
7627	56	
7628	94	
7629	41	
7630	35	
7631	76	
7632	96	
7633	29	
7634	69	
7635	90	
7636	89	
7637	41	
7638	2	
7639	9	
7640	60	
7641	30	
7642	22	
7643	59	
7644	50	
7645	100	
7646	100	
7647	17	
7648	91	
7649	94	
7650	12	
7651	57	
7652	24	
7653	14	
7654	68	
7655	30	
7656	100	
7657	23	
7658	53	
7659	75	
7660	44	
7661	100	
7662	37	
7663	65	
7664	80	
7665	64	
7666	48	
7667	52	
7668	42	
7669	46	
7670	89	
7671	47	
7672	40	
7673	92	
7674	71	
7675	70	
7676	12	
7677	48	
7678	6	
7679	32	
7680	65	
7681	8	
7682	5	
7683	55	
7684	20	
7685	59	
7686	36	
7687	96	
7688	53	
7689	15	
7690	33	
7691	29	
7692	73	
7693	96	
7694	100	
7695	5	
7696	84	
7697	52	
7698	40	
7699	1	
7700	26	
7701	39	
7702	77	
7703	14	
7704	47	
7705	25	
7706	94	
7707	19	
7708	89	
7709	21	
7710	70	
7711	93	
7712	54	
7713	73	
7714	89	
7715	31	
7716	76	
7717	57	
7718	9	
7719	17	
7720	82	
7721	71	
7722	3	
7723	70	
7724	58	
7725	93	
7726	48	
7727	88	
7728	19	
7729	88	
7730	11	
7731	92	
7732	90	
7733	9	
7734	31	
7735	37	
7736	22	
7737	64	
7738	39	
7739	67	
7740	89	
7741	38	
7742	19	
7743	17	
7744	63	
7745	64	
7746	90	
7747	17	
7748	40	
7749	35	
7750	56	
7751	13	
7752	91	
7753	3	
7754	38	
7755	29	
7756	15	
7757	27	
7758	39	
7759	65	
7760	78	
7761	49	
7762	26	
7763	18	
7764	73	
7765	96	
7766	55	
7767	14	
7768	49	
7769	27	
7770	73	
7771	37	
7772	74	
7773	88	
7774	43	
7775	60	
7776	19	
7777	11	
7778	8	
7779	26	
7780	23	
7781	38	
7782	40	
7783	99	
7784	92	
7785	81	
7786	51	
7787	39	
7788	95	
7789	85	
7790	19	
7791	97	
7792	100	
7793	2	
7794	8	
7795	66	
7796	8	
7797	59	
7798	80	
7799	9	
7800	67	
7801	82	
7802	29	
7803	27	
7804	42	
7805	30	
7806	67	
7807	37	
7808	8	
7809	67	
7810	12	
7811	86	
7812	90	
7813	70	
7814	43	
7815	8	
7816	48	
7817	3	
7818	50	
7819	68	
7820	11	
7821	40	
7822	52	
7823	8	
7824	34	
7825	44	
7826	27	
7827	2	
7828	11	
7829	51	
7830	99	
7831	91	
7832	81	
7833	22	
7834	38	
7835	18	
7836	81	
7837	61	
7838	26	
7839	13	
7840	79	
7841	7	
7842	10	
7843	41	
7844	80	
7845	54	
7846	74	
7847	56	
7848	67	
7849	73	
7850	22	
7851	55	
7852	98	
7853	99	
7854	59	
7855	37	
7856	44	
7857	39	
7858	39	
7859	95	
7860	17	
7861	7	
7862	72	
7863	84	
7864	75	
7865	95	
7866	53	
7867	5	
7868	69	
7869	1	
7870	22	
7871	92	
7872	59	
7873	12	
7874	10	
7875	74	
7876	66	
7877	55	
7878	8	
7879	82	
7880	3	
7881	48	
7882	24	
7883	28	
7884	65	
7885	63	
7886	8	
7887	81	
7888	21	
7889	82	
7890	50	
7891	72	
7892	35	
7893	52	
7894	90	
7895	92	
7896	12	
7897	5	
7898	62	
7899	78	
7900	43	
7901	29	
7902	7	
7903	85	
7904	34	
7905	54	
7906	75	
7907	81	
7908	100	
7909	56	
7910	31	
7911	50	
7912	78	
7913	24	
7914	83	
7915	69	
7916	92	
7917	4	
7918	83	
7919	27	
7920	30	
7921	58	
7922	74	
7923	23	
7924	73	
7925	58	
7926	98	
7927	78	
7928	80	
7929	63	
7930	72	
7931	78	
7932	86	
7933	38	
7934	27	
7935	69	
7936	80	
7937	96	
7938	62	
7939	20	
7940	9	
7941	14	
7942	47	
7943	58	
7944	60	
7945	80	
7946	16	
7947	44	
7948	90	
7949	45	
7950	51	
7951	8	
7952	50	
7953	35	
7954	75	
7955	32	
7956	58	
7957	24	
7958	43	
7959	3	
7960	5	
7961	21	
7962	20	
7963	12	
7964	72	
7965	60	
7966	75	
7967	83	
7968	35	
7969	51	
7970	38	
7971	5	
7972	6	
7973	9	
7974	58	
7975	8	
7976	62	
7977	73	
7978	63	
7979	5	
7980	80	
7981	19	
7982	12	
7983	64	
7984	86	
7985	48	
7986	10	
7987	5	
7988	31	
7989	19	
7990	18	
7991	38	
7992	73	
7993	53	
7994	66	
7995	73	
7996	70	
7997	38	
7998	62	
7999	64	
8000	37	
8001	18	
8002	12	
8003	80	
8004	67	
8005	16	
8006	78	
8007	57	
8008	40	
8009	63	
8010	67	
8011	90	
8012	89	
8013	17	
8014	84	
8015	74	
8016	90	
8017	10	
8018	31	
8019	64	
8020	55	
8021	75	
8022	31	
8023	84	
8024	16	
8025	41	
8026	25	
8027	36	
8028	71	
8029	73	
8030	90	
8031	16	
8032	30	
8033	58	
8034	11	
8035	94	
8036	3	
8037	44	
8038	99	
8039	100	
8040	70	
8041	77	
8042	85	
8043	93	
8044	39	
8045	20	
8046	17	
8047	39	
8048	89	
8049	32	
8050	61	
8051	73	
8052	75	
8053	7	
8054	29	
8055	89	
8056	72	
8057	5	
8058	2	
8059	2	
8060	60	
8061	76	
8062	56	
8063	70	
8064	31	
8065	51	
8066	45	
8067	51	
8068	79	
8069	77	
8070	42	
8071	46	
8072	23	
8073	24	
8074	53	
8075	54	
8076	67	
8077	40	
8078	75	
8079	99	
8080	44	
8081	55	
8082	65	
8083	97	
8084	7	
8085	44	
8086	97	
8087	4	
8088	35	
8089	54	
8090	36	
8091	71	
8092	25	
8093	36	
8094	99	
8095	79	
8096	8	
8097	56	
8098	55	
8099	99	
8100	59	
8101	78	
8102	23	
8103	78	
8104	63	
8105	20	
8106	18	
8107	94	
8108	8	
8109	4	
8110	20	
8111	77	
8112	3	
8113	39	
8114	11	
8115	92	
8116	18	
8117	58	
8118	47	
8119	90	
8120	37	
8121	40	
8122	64	
8123	3	
8124	49	
8125	5	
8126	72	
8127	58	
8128	13	
8129	86	
8130	52	
8131	13	
8132	30	
8133	68	
8134	93	
8135	5	
8136	100	
8137	28	
8138	73	
8139	29	
8140	20	
8141	29	
8142	97	
8143	30	
8144	65	
8145	71	
8146	10	
8147	1	
8148	97	
8149	24	
8150	90	
8151	26	
8152	35	
8153	39	
8154	38	
8155	21	
8156	93	
8157	30	
8158	15	
8159	92	
8160	45	
8161	1	
8162	46	
8163	62	
8164	1	
8165	6	
8166	82	
8167	51	
8168	60	
8169	69	
8170	14	
8171	38	
8172	95	
8173	39	
8174	73	
8175	69	
8176	27	
8177	92	
8178	95	
8179	21	
8180	52	
8181	30	
8182	11	
8183	97	
8184	57	
8185	66	
8186	13	
8187	5	
8188	24	
8189	68	
8190	11	
8191	61	
8192	12	
8193	48	
8194	50	
8195	57	
8196	35	
8197	29	
8198	55	
8199	72	
8200	63	
8201	74	
8202	56	
8203	94	
8204	23	
8205	49	
8206	30	
8207	75	
8208	76	
8209	66	
8210	54	
8211	16	
8212	6	
8213	58	
8214	66	
8215	83	
8216	66	
8217	5	
8218	50	
8219	9	
8220	59	
8221	98	
8222	81	
8223	20	
8224	4	
8225	36	
8226	95	
8227	3	
8228	73	
8229	69	
8230	86	
8231	27	
8232	26	
8233	84	
8234	15	
8235	9	
8236	14	
8237	24	
8238	29	
8239	4	
8240	46	
8241	84	
8242	14	
8243	9	
8244	84	
8245	18	
8246	18	
8247	71	
8248	87	
8249	82	
8250	12	
8251	31	
8252	74	
8253	53	
8254	100	
8255	54	
8256	39	
8257	1	
8258	2	
8259	67	
8260	47	
8261	69	
8262	43	
8263	68	
8264	57	
8265	63	
8266	45	
8267	42	
8268	88	
8269	75	
8270	37	
8271	75	
8272	90	
8273	63	
8274	64	
8275	33	
8276	9	
8277	2	
8278	71	
8279	14	
8280	48	
8281	19	
8282	57	
8283	7	
8284	72	
8285	13	
8286	90	
8287	23	
8288	17	
8289	98	
8290	75	
8291	55	
8292	72	
8293	14	
8294	30	
8295	89	
8296	28	
8297	30	
8298	88	
8299	70	
8300	30	
8301	47	
8302	7	
8303	1	
8304	19	
8305	74	
8306	59	
8307	28	
8308	38	
8309	4	
8310	83	
8311	24	
8312	64	
8313	92	
8314	50	
8315	62	
8316	22	
8317	58	
8318	96	
8319	94	
8320	31	
8321	3	
8322	45	
8323	56	
8324	89	
8325	28	
8326	94	
8327	84	
8328	14	
8329	46	
8330	52	
8331	68	
8332	52	
8333	100	
8334	90	
8335	50	
8336	91	
8337	62	
8338	8	
8339	29	
8340	19	
8341	34	
8342	60	
8343	100	
8344	20	
8345	3	
8346	26	
8347	20	
8348	96	
8349	31	
8350	57	
8351	20	
8352	49	
8353	74	
8354	37	
8355	45	
8356	37	
8357	38	
8358	52	
8359	77	
8360	20	
8361	22	
8362	31	
8363	6	
8364	13	
8365	1	
8366	24	
8367	97	
8368	26	
8369	51	
8370	23	
8371	45	
8372	51	
8373	20	
8374	14	
8375	99	
8376	32	
8377	61	
8378	99	
8379	85	
8380	81	
8381	32	
8382	15	
8383	41	
8384	50	
8385	21	
8386	46	
8387	48	
8388	13	
8389	37	
8390	23	
8391	57	
8392	57	
8393	36	
8394	43	
8395	49	
8396	18	
8397	95	
8398	82	
8399	19	
8400	77	
8401	44	
8402	19	
8403	51	
8404	31	
8405	3	
8406	15	
8407	92	
8408	87	
8409	37	
8410	26	
8411	24	
8412	98	
8413	99	
8414	94	
8415	36	
8416	27	
8417	8	
8418	77	
8419	74	
8420	13	
8421	16	
8422	16	
8423	28	
8424	94	
8425	1	
8426	48	
8427	96	
8428	19	
8429	26	
8430	95	
8431	71	
8432	16	
8433	90	
8434	85	
8435	64	
8436	67	
8437	55	
8438	32	
8439	52	
8440	98	
8441	69	
8442	2	
8443	69	
8444	90	
8445	10	
8446	52	
8447	2	
8448	64	
8449	85	
8450	38	
8451	58	
8452	32	
8453	16	
8454	3	
8455	17	
8456	98	
8457	68	
8458	47	
8459	33	
8460	67	
8461	17	
8462	57	
8463	95	
8464	23	
8465	76	
8466	20	
8467	48	
8468	18	
8469	51	
8470	64	
8471	95	
8472	56	
8473	30	
8474	48	
8475	86	
8476	54	
8477	9	
8478	22	
8479	30	
8480	96	
8481	14	
8482	64	
8483	57	
8484	75	
8485	37	
8486	75	
8487	6	
8488	75	
8489	23	
8490	24	
8491	4	
8492	51	
8493	81	
8494	77	
8495	32	
8496	1	
8497	60	
8498	21	
8499	10	
8500	77	
8501	64	
8502	93	
8503	37	
8504	22	
8505	23	
8506	79	
8507	97	
8508	66	
8509	37	
8510	47	
8511	57	
8512	64	
8513	39	
8514	80	
8515	27	
8516	26	
8517	98	
8518	33	
8519	56	
8520	74	
8521	54	
8522	30	
8523	7	
8524	83	
8525	66	
8526	18	
8527	9	
8528	51	
8529	79	
8530	44	
8531	47	
8532	31	
8533	62	
8534	4	
8535	5	
8536	44	
8537	65	
8538	73	
8539	62	
8540	85	
8541	66	
8542	97	
8543	75	
8544	8	
8545	77	
8546	2	
8547	95	
8548	40	
8549	32	
8550	89	
8551	25	
8552	14	
8553	31	
8554	42	
8555	11	
8556	46	
8557	43	
8558	69	
8559	7	
8560	100	
8561	76	
8562	73	
8563	54	
8564	21	
8565	24	
8566	56	
8567	31	
8568	21	
8569	63	
8570	55	
8571	98	
8572	48	
8573	7	
8574	65	
8575	47	
8576	39	
8577	64	
8578	29	
8579	54	
8580	34	
8581	23	
8582	58	
8583	65	
8584	1	
8585	91	
8586	20	
8587	47	
8588	9	
8589	36	
8590	57	
8591	45	
8592	49	
8593	73	
8594	51	
8595	1	
8596	35	
8597	67	
8598	22	
8599	36	
8600	10	
8601	19	
8602	100	
8603	21	
8604	59	
8605	33	
8606	74	
8607	46	
8608	66	
8609	67	
8610	58	
8611	67	
8612	4	
8613	18	
8614	1	
8615	52	
8616	84	
8617	1	
8618	51	
8619	93	
8620	63	
8621	19	
8622	96	
8623	13	
8624	86	
8625	19	
8626	22	
8627	5	
8628	32	
8629	87	
8630	98	
8631	32	
8632	2	
8633	74	
8634	82	
8635	39	
8636	41	
8637	52	
8638	1	
8639	99	
8640	84	
8641	19	
8642	12	
8643	83	
8644	93	
8645	98	
8646	37	
8647	69	
8648	6	
8649	19	
8650	72	
8651	90	
8652	45	
8653	34	
8654	71	
8655	76	
8656	2	
8657	45	
8658	100	
8659	53	
8660	65	
8661	7	
8662	59	
8663	55	
8664	62	
8665	7	
8666	9	
8667	79	
8668	75	
8669	3	
8670	90	
8671	99	
8672	30	
8673	44	
8674	76	
8675	62	
8676	85	
8677	10	
8678	7	
8679	65	
8680	76	
8681	18	
8682	38	
8683	57	
8684	47	
8685	5	
8686	21	
8687	45	
8688	78	
8689	84	
8690	66	
8691	35	
8692	30	
8693	47	
8694	94	
8695	76	
8696	70	
8697	36	
8698	99	
8699	93	
8700	13	
8701	7	
8702	64	
8703	22	
8704	92	
8705	65	
8706	98	
8707	27	
8708	94	
8709	11	
8710	19	
8711	7	
8712	93	
8713	81	
8714	87	
8715	23	
8716	32	
8717	33	
8718	88	
8719	94	
8720	37	
8721	51	
8722	75	
8723	35	
8724	62	
8725	93	
8726	90	
8727	63	
8728	98	
8729	50	
8730	82	
8731	27	
8732	78	
8733	92	
8734	68	
8735	60	
8736	49	
8737	15	
8738	1	
8739	59	
8740	30	
8741	81	
8742	24	
8743	60	
8744	99	
8745	9	
8746	56	
8747	76	
8748	57	
8749	38	
8750	73	
8751	12	
8752	44	
8753	40	
8754	77	
8755	63	
8756	66	
8757	43	
8758	36	
8759	78	
8760	65	
8761	88	
8762	10	
8763	87	
8764	82	
8765	65	
8766	42	
8767	72	
8768	98	
8769	9	
8770	14	
8771	14	
8772	69	
8773	83	
8774	55	
8775	68	
8776	71	
8777	78	
8778	88	
8779	11	
8780	62	
8781	76	
8782	75	
8783	94	
8784	83	
8785	76	
8786	45	
8787	45	
8788	25	
8789	57	
8790	88	
8791	39	
8792	95	
8793	83	
8794	28	
8795	29	
8796	35	
8797	7	
8798	1	
8799	42	
8800	67	
8801	88	
8802	1	
8803	7	
8804	45	
8805	14	
8806	11	
8807	14	
8808	12	
8809	23	
8810	25	
8811	65	
8812	22	
8813	10	
8814	7	
8815	66	
8816	37	
8817	90	
8818	78	
8819	93	
8820	68	
8821	69	
8822	97	
8823	62	
8824	53	
8825	83	
8826	60	
8827	70	
8828	79	
8829	33	
8830	21	
8831	99	
8832	75	
8833	68	
8834	69	
8835	51	
8836	92	
8837	82	
8838	26	
8839	23	
8840	8	
8841	77	
8842	83	
8843	33	
8844	61	
8845	93	
8846	20	
8847	52	
8848	43	
8849	44	
8850	41	
8851	24	
8852	51	
8853	17	
8854	44	
8855	1	
8856	15	
8857	7	
8858	2	
8859	90	
8860	38	
8861	52	
8862	60	
8863	51	
8864	11	
8865	45	
8866	79	
8867	13	
8868	54	
8869	22	
8870	85	
8871	35	
8872	36	
8873	24	
8874	23	
8875	72	
8876	29	
8877	20	
8878	88	
8879	81	
8880	45	
8881	78	
8882	62	
8883	42	
8884	93	
8885	77	
8886	53	
8887	49	
8888	89	
8889	96	
8890	41	
8891	60	
8892	25	
8893	100	
8894	8	
8895	30	
8896	26	
8897	30	
8898	22	
8899	26	
8900	68	
8901	19	
8902	11	
8903	1	
8904	19	
8905	19	
8906	97	
8907	10	
8908	40	
8909	44	
8910	52	
8911	17	
8912	66	
8913	18	
8914	28	
8915	46	
8916	87	
8917	26	
8918	91	
8919	61	
8920	98	
8921	97	
8922	17	
8923	90	
8924	56	
8925	84	
8926	29	
8927	51	
8928	37	
8929	79	
8930	3	
8931	26	
8932	86	
8933	88	
8934	54	
8935	78	
8936	38	
8937	59	
8938	49	
8939	7	
8940	75	
8941	40	
8942	95	
8943	48	
8944	39	
8945	94	
8946	16	
8947	25	
8948	13	
8949	40	
8950	59	
8951	83	
8952	91	
8953	35	
8954	20	
8955	17	
8956	87	
8957	81	
8958	49	
8959	87	
8960	88	
8961	53	
8962	2	
8963	32	
8964	35	
8965	70	
8966	6	
8967	85	
8968	69	
8969	31	
8970	30	
8971	94	
8972	41	
8973	46	
8974	51	
8975	37	
8976	15	
8977	70	
8978	18	
8979	99	
8980	18	
8981	38	
8982	72	
8983	96	
8984	95	
8985	18	
8986	76	
8987	28	
8988	65	
8989	19	
8990	14	
8991	49	
8992	82	
8993	20	
8994	22	
8995	13	
8996	20	
8997	89	
8998	21	
8999	91	
9000	27	
9001	60	
9002	33	
9003	19	
9004	7	
9005	64	
9006	5	
9007	40	
9008	12	
9009	87	
9010	37	
9011	39	
9012	63	
9013	9	
9014	64	
9015	67	
9016	99	
9017	93	
9018	65	
9019	28	
9020	23	
9021	85	
9022	52	
9023	86	
9024	20	
9025	84	
9026	32	
9027	97	
9028	5	
9029	24	
9030	45	
9031	84	
9032	65	
9033	26	
9034	81	
9035	99	
9036	28	
9037	66	
9038	80	
9039	91	
9040	35	
9041	25	
9042	46	
9043	70	
9044	67	
9045	65	
9046	8	
9047	29	
9048	83	
9049	73	
9050	36	
9051	40	
9052	8	
9053	91	
9054	64	
9055	38	
9056	54	
9057	76	
9058	36	
9059	99	
9060	37	
9061	44	
9062	14	
9063	39	
9064	54	
9065	48	
9066	75	
9067	42	
9068	17	
9069	21	
9070	9	
9071	68	
9072	75	
9073	16	
9074	52	
9075	88	
9076	35	
9077	65	
9078	83	
9079	98	
9080	70	
9081	62	
9082	53	
9083	94	
9084	65	
9085	67	
9086	54	
9087	64	
9088	51	
9089	5	
9090	93	
9091	68	
9092	9	
9093	97	
9094	17	
9095	69	
9096	3	
9097	19	
9098	71	
9099	32	
9100	38	
9101	33	
9102	99	
9103	27	
9104	38	
9105	79	
9106	88	
9107	72	
9108	35	
9109	78	
9110	23	
9111	73	
9112	45	
9113	67	
9114	32	
9115	47	
9116	81	
9117	71	
9118	97	
9119	21	
9120	24	
9121	10	
9122	16	
9123	91	
9124	61	
9125	26	
9126	58	
9127	98	
9128	8	
9129	6	
9130	100	
9131	68	
9132	47	
9133	33	
9134	80	
9135	89	
9136	12	
9137	14	
9138	94	
9139	79	
9140	34	
9141	36	
9142	16	
9143	91	
9144	67	
9145	37	
9146	4	
9147	58	
9148	38	
9149	88	
9150	46	
9151	60	
9152	72	
9153	100	
9154	52	
9155	6	
9156	100	
9157	84	
9158	97	
9159	5	
9160	8	
9161	26	
9162	15	
9163	79	
9164	71	
9165	46	
9166	37	
9167	42	
9168	94	
9169	7	
9170	85	
9171	32	
9172	9	
9173	22	
9174	63	
9175	99	
9176	22	
9177	11	
9178	89	
9179	24	
9180	85	
9181	53	
9182	17	
9183	91	
9184	28	
9185	31	
9186	27	
9187	26	
9188	98	
9189	70	
9190	89	
9191	70	
9192	52	
9193	67	
9194	87	
9195	80	
9196	18	
9197	68	
9198	41	
9199	10	
9200	64	
9201	96	
9202	14	
9203	40	
9204	8	
9205	48	
9206	68	
9207	26	
9208	55	
9209	74	
9210	85	
9211	37	
9212	29	
9213	23	
9214	85	
9215	47	
9216	36	
9217	58	
9218	78	
9219	46	
9220	33	
9221	21	
9222	50	
9223	87	
9224	36	
9225	81	
9226	33	
9227	28	
9228	38	
9229	38	
9230	10	
9231	16	
9232	38	
9233	9	
9234	56	
9235	19	
9236	38	
9237	20	
9238	67	
9239	84	
9240	5	
9241	34	
9242	54	
9243	40	
9244	16	
9245	29	
9246	83	
9247	75	
9248	11	
9249	58	
9250	92	
9251	84	
9252	99	
9253	77	
9254	74	
9255	86	
9256	83	
9257	87	
9258	85	
9259	91	
9260	92	
9261	1	
9262	97	
9263	100	
9264	27	
9265	7	
9266	56	
9267	68	
9268	100	
9269	88	
9270	27	
9271	68	
9272	54	
9273	98	
9274	96	
9275	10	
9276	51	
9277	20	
9278	27	
9279	73	
9280	50	
9281	34	
9282	11	
9283	52	
9284	28	
9285	93	
9286	18	
9287	20	
9288	14	
9289	89	
9290	82	
9291	68	
9292	55	
9293	68	
9294	93	
9295	40	
9296	56	
9297	86	
9298	78	
9299	32	
9300	97	
9301	84	
9302	76	
9303	31	
9304	34	
9305	83	
9306	8	
9307	91	
9308	61	
9309	92	
9310	84	
9311	57	
9312	68	
9313	79	
9314	75	
9315	35	
9316	34	
9317	26	
9318	93	
9319	72	
9320	60	
9321	96	
9322	81	
9323	16	
9324	5	
9325	28	
9326	91	
9327	46	
9328	100	
9329	97	
9330	82	
9331	98	
9332	98	
9333	54	
9334	20	
9335	9	
9336	71	
9337	65	
9338	82	
9339	98	
9340	31	
9341	57	
9342	30	
9343	81	
9344	75	
9345	5	
9346	81	
9347	37	
9348	50	
9349	36	
9350	29	
9351	3	
9352	90	
9353	80	
9354	18	
9355	62	
9356	43	
9357	97	
9358	46	
9359	6	
9360	84	
9361	82	
9362	99	
9363	32	
9364	19	
9365	20	
9366	29	
9367	61	
9368	95	
9369	47	
9370	41	
9371	32	
9372	97	
9373	94	
9374	51	
9375	66	
9376	44	
9377	63	
9378	85	
9379	22	
9380	3	
9381	82	
9382	43	
9383	92	
9384	64	
9385	9	
9386	32	
9387	67	
9388	16	
9389	10	
9390	32	
9391	65	
9392	32	
9393	10	
9394	29	
9395	47	
9396	71	
9397	22	
9398	47	
9399	88	
9400	62	
9401	10	
9402	7	
9403	48	
9404	54	
9405	43	
9406	49	
9407	3	
9408	62	
9409	74	
9410	87	
9411	49	
9412	19	
9413	5	
9414	70	
9415	60	
9416	77	
9417	78	
9418	20	
9419	75	
9420	13	
9421	36	
9422	22	
9423	87	
9424	3	
9425	95	
9426	53	
9427	70	
9428	51	
9429	33	
9430	56	
9431	90	
9432	53	
9433	93	
9434	17	
9435	55	
9436	31	
9437	98	
9438	36	
9439	58	
9440	75	
9441	58	
9442	62	
9443	82	
9444	23	
9445	48	
9446	67	
9447	79	
9448	38	
9449	28	
9450	22	
9451	33	
9452	10	
9453	95	
9454	67	
9455	4	
9456	10	
9457	5	
9458	95	
9459	39	
9460	71	
9461	1	
9462	93	
9463	94	
9464	12	
9465	65	
9466	65	
9467	9	
9468	15	
9469	92	
9470	78	
9471	40	
9472	59	
9473	86	
9474	10	
9475	3	
9476	86	
9477	20	
9478	62	
9479	77	
9480	95	
9481	94	
9482	57	
9483	70	
9484	78	
9485	2	
9486	1	
9487	15	
9488	32	
9489	48	
9490	3	
9491	78	
9492	86	
9493	93	
9494	9	
9495	60	
9496	66	
9497	90	
9498	47	
9499	81	
9500	51	
9501	44	
9502	33	
9503	92	
9504	92	
9505	51	
9506	81	
9507	94	
9508	81	
9509	81	
9510	78	
9511	65	
9512	79	
9513	57	
9514	37	
9515	54	
9516	26	
9517	14	
9518	45	
9519	56	
9520	10	
9521	11	
9522	48	
9523	89	
9524	29	
9525	30	
9526	2	
9527	78	
9528	92	
9529	63	
9530	19	
9531	28	
9532	3	
9533	64	
9534	37	
9535	87	
9536	48	
9537	80	
9538	33	
9539	67	
9540	52	
9541	34	
9542	20	
9543	27	
9544	67	
9545	1	
9546	16	
9547	80	
9548	78	
9549	86	
9550	46	
9551	21	
9552	28	
9553	75	
9554	31	
9555	42	
9556	23	
9557	88	
9558	41	
9559	34	
9560	62	
9561	61	
9562	16	
9563	86	
9564	18	
9565	57	
9566	31	
9567	29	
9568	51	
9569	35	
9570	86	
9571	96	
9572	66	
9573	44	
9574	20	
9575	65	
9576	90	
9577	5	
9578	88	
9579	61	
9580	73	
9581	48	
9582	93	
9583	8	
9584	41	
9585	27	
9586	99	
9587	41	
9588	45	
9589	6	
9590	45	
9591	48	
9592	43	
9593	96	
9594	47	
9595	70	
9596	61	
9597	78	
9598	47	
9599	29	
9600	90	
9601	49	
9602	66	
9603	94	
9604	44	
9605	87	
9606	89	
9607	61	
9608	21	
9609	74	
9610	61	
9611	45	
9612	88	
9613	45	
9614	37	
9615	17	
9616	78	
9617	48	
9618	33	
9619	43	
9620	3	
9621	29	
9622	63	
9623	14	
9624	100	
9625	91	
9626	39	
9627	85	
9628	60	
9629	96	
9630	64	
9631	92	
9632	45	
9633	5	
9634	10	
9635	84	
9636	81	
9637	14	
9638	44	
9639	59	
9640	16	
9641	95	
9642	29	
9643	15	
9644	58	
9645	80	
9646	84	
9647	65	
9648	43	
9649	46	
9650	29	
9651	96	
9652	84	
9653	77	
9654	91	
9655	53	
9656	33	
9657	19	
9658	37	
9659	58	
9660	66	
9661	27	
9662	83	
9663	62	
9664	28	
9665	97	
9666	9	
9667	100	
9668	19	
9669	10	
9670	44	
9671	88	
9672	74	
9673	10	
9674	14	
9675	43	
9676	16	
9677	27	
9678	83	
9679	20	
9680	95	
9681	72	
9682	74	
9683	35	
9684	5	
9685	65	
9686	72	
9687	84	
9688	5	
9689	87	
9690	45	
9691	66	
9692	72	
9693	74	
9694	52	
9695	74	
9696	90	
9697	25	
9698	81	
9699	79	
9700	27	
9701	42	
9702	30	
9703	28	
9704	52	
9705	28	
9706	24	
9707	23	
9708	94	
9709	6	
9710	53	
9711	86	
9712	75	
9713	43	
9714	49	
9715	45	
9716	78	
9717	1	
9718	83	
9719	5	
9720	45	
9721	64	
9722	90	
9723	53	
9724	89	
9725	78	
9726	10	
9727	84	
9728	75	
9729	94	
9730	31	
9731	100	
9732	56	
9733	39	
9734	34	
9735	58	
9736	42	
9737	32	
9738	68	
9739	29	
9740	87	
9741	66	
9742	44	
9743	50	
9744	62	
9745	55	
9746	18	
9747	30	
9748	46	
9749	31	
9750	67	
9751	37	
9752	64	
9753	34	
9754	89	
9755	74	
9756	54	
9757	51	
9758	90	
9759	98	
9760	69	
9761	76	
9762	10	
9763	28	
9764	48	
9765	13	
9766	51	
9767	88	
9768	75	
9769	76	
9770	78	
9771	85	
9772	84	
9773	39	
9774	29	
9775	12	
9776	70	
9777	99	
9778	24	
9779	53	
9780	14	
9781	61	
9782	45	
9783	23	
9784	23	
9785	44	
9786	46	
9787	90	
9788	27	
9789	32	
9790	44	
9791	22	
9792	13	
9793	91	
9794	87	
9795	42	
9796	7	
9797	19	
9798	26	
9799	39	
9800	68	
9801	48	
9802	9	
9803	5	
9804	48	
9805	97	
9806	3	
9807	98	
9808	28	
9809	100	
9810	91	
9811	31	
9812	69	
9813	19	
9814	21	
9815	8	
9816	26	
9817	47	
9818	28	
9819	89	
9820	67	
9821	54	
9822	11	
9823	16	
9824	34	
9825	78	
9826	97	
9827	64	
9828	87	
9829	46	
9830	99	
9831	9	
9832	48	
9833	6	
9834	42	
9835	75	
9836	77	
9837	75	
9838	43	
9839	58	
9840	19	
9841	49	
9842	49	
9843	44	
9844	84	
9845	15	
9846	66	
9847	60	
9848	68	
9849	63	
9850	4	
9851	54	
9852	59	
9853	80	
9854	75	
9855	22	
9856	86	
9857	70	
9858	34	
9859	44	
9860	85	
9861	62	
9862	53	
9863	62	
9864	32	
9865	8	
9866	93	
9867	19	
9868	60	
9869	10	
9870	32	
9871	16	
9872	9	
9873	27	
9874	8	
9875	63	
9876	99	
9877	71	
9878	5	
9879	14	
9880	46	
9881	95	
9882	85	
9883	14	
9884	67	
9885	83	
9886	58	
9887	86	
9888	46	
9889	82	
9890	63	
9891	62	
9892	64	
9893	14	
9894	100	
9895	22	
9896	16	
9897	26	
9898	49	
9899	14	
9900	56	
9901	89	
9902	52	
9903	37	
9904	26	
9905	98	
9906	13	
9907	29	
9908	73	
9909	59	
9910	18	
9911	83	
9912	35	
9913	72	
9914	92	
9915	24	
9916	82	
9917	67	
9918	94	
9919	68	
9920	45	
9921	7	
9922	55	
9923	11	
9924	14	
9925	7	
9926	58	
9927	44	
9928	87	
9929	5	
9930	3	
9931	84	
9932	39	
9933	9	
9934	20	
9935	1	
9936	19	
9937	73	
9938	87	
9939	57	
9940	27	
9941	48	
9942	52	
9943	26	
9944	28	
9945	90	
9946	73	
9947	5	
9948	5	
9949	63	
9950	3	
9951	97	
9952	72	
9953	89	
9954	64	
9955	7	
9956	92	
9957	36	
9958	93	
9959	77	
9960	42	
9961	49	
9962	18	
9963	68	
9964	85	
9965	53	
9966	15	
9967	48	
9968	52	
9969	21	
9970	67	
9971	40	
9972	68	
9973	82	
9974	12	
9975	20	
9976	29	
9977	76	
9978	91	
9979	45	
9980	16	
9981	40	
9982	99	
9983	37	
9984	95	
9985	31	
9986	83	
9987	89	
9988	21	
9989	26	
9990	86	
9991	68	
9992	61	
9993	1	
9994	84	
9995	67	
9996	8	
9997	71	
9998	87	
9999	25	
10000	37	
30513
