10000
1	476	
2	104	
3	814	
4	551	
5	928	
6	462	
7	897	
8	816	
9	289	
10	118	
11	752	
12	487	
13	360	
14	400	
15	153	
16	801	
17	193	
18	444	
19	669	
20	826	
21	25	
22	436	
23	168	
24	107	
25	369	
26	460	
27	342	
28	68	
29	610	
30	99	
31	334	
32	24	
33	136	
34	41	
35	656	
36	781	
37	24	
38	193	
39	88	
40	67	
41	443	
42	750	
43	194	
44	170	
45	523	
46	895	
47	414	
48	238	
49	195	
50	348	
51	347	
52	748	
53	657	
54	112	
55	565	
56	428	
57	933	
58	359	
59	576	
60	342	
61	881	
62	791	
63	356	
64	471	
65	280	
66	256	
67	177	
68	843	
69	536	
70	574	
71	506	
72	122	
73	202	
74	347	
75	164	
76	861	
77	679	
78	207	
79	653	
80	127	
81	714	
82	354	
83	439	
84	190	
85	650	
86	982	
87	252	
88	1000	
89	622	
90	47	
91	657	
92	689	
93	273	
94	788	
95	196	
96	561	
97	469	
98	581	
99	744	
100	432	
101	561	
102	876	
103	686	
104	900	
105	197	
106	70	
107	611	
108	103	
109	787	
110	337	
111	983	
112	659	
113	293	
114	813	
115	673	
116	399	
117	715	
118	789	
119	997	
120	713	
121	292	
122	877	
123	648	
124	507	
125	553	
126	467	
127	840	
128	288	
129	671	
130	511	
131	246	
132	757	
133	219	
134	260	
135	5	
136	858	
137	45	
138	471	
139	170	
140	912	
141	207	
142	781	
143	411	
144	811	
145	437	
146	518	
147	98	
148	415	
149	85	
150	470	
151	249	
152	949	
153	62	
154	600	
155	702	
156	188	
157	242	
158	771	
159	798	
160	905	
161	117	
162	575	
163	794	
164	562	
165	117	
166	734	
167	999	
168	76	
169	490	
170	381	
171	551	
172	690	
173	805	
174	602	
175	339	
176	711	
177	914	
178	405	
179	826	
180	560	
181	735	
182	745	
183	200	
184	364	
185	501	
186	185	
187	34	
188	477	
189	644	
190	141	
191	350	
192	471	
193	536	
194	908	
195	341	
196	134	
197	616	
198	546	
199	763	
200	721	
201	331	
202	897	
203	563	
204	267	
205	203	
206	345	
207	4	
208	454	
209	563	
210	945	
211	632	
212	240	
213	99	
214	141	
215	594	
216	279	
217	72	
218	784	
219	813	
220	446	
221	494	
222	889	
223	513	
224	640	
225	944	
226	40	
227	503	
228	449	
229	819	
230	431	
231	689	
232	610	
233	801	
234	386	
235	461	
236	756	
237	361	
238	41	
239	865	
240	945	
241	905	
242	323	
243	357	
244	263	
245	518	
246	411	
247	910	
248	518	
249	440	
250	20	
251	367	
252	863	
253	761	
254	542	
255	751	
256	493	
257	180	
258	344	
259	815	
260	173	
261	311	
262	13	
263	987	
264	847	
265	795	
266	2	
267	902	
268	12	
269	9	
270	75	
271	400	
272	479	
273	236	
274	523	
275	33	
276	174	
277	787	
278	730	
279	517	
280	680	
281	853	
282	134	
283	783	
284	103	
285	412	
286	397	
287	359	
288	157	
289	637	
290	711	
291	974	
292	864	
293	324	
294	230	
295	351	
296	855	
297	538	
298	862	
299	822	
300	12	
301	96	
302	239	
303	778	
304	521	
305	707	
306	512	
307	627	
308	389	
309	128	
310	995	
311	510	
312	862	
313	566	
314	446	
315	998	
316	342	
317	449	
318	741	
319	874	
320	993	
321	322	
322	3	
323	156	
324	746	
325	945	
326	15	
327	550	
328	899	
329	694	
330	745	
331	100	
332	195	
333	57	
334	660	
335	782	
336	815	
337	895	
338	507	
339	124	
340	356	
341	445	
342	142	
343	394	
344	992	
345	292	
346	379	
347	980	
348	590	
349	85	
350	231	
351	464	
352	208	
353	4	
354	364	
355	600	
356	557	
357	167	
358	499	
359	679	
360	938	
361	742	
362	737	
363	81	
364	258	
365	674	
366	331	
367	653	
368	464	
369	111	
370	35	
371	852	
372	218	
373	948	
374	266	
375	856	
376	133	
377	615	
378	286	
379	528	
380	517	
381	427	
382	235	
383	864	
384	163	
385	211	
386	859	
387	51	
388	78	
389	918	
390	808	
391	219	
392	269	
393	323	
394	750	
395	596	
396	377	
397	980	
398	972	
399	838	
400	445	
401	388	
402	25	
403	442	
404	743	
405	866	
406	120	
407	218	
408	350	
409	558	
410	758	
411	339	
412	91	
413	713	
414	385	
415	355	
416	754	
417	791	
418	488	
419	756	
420	112	
421	229	
422	791	
423	113	
424	260	
425	140	
426	705	
427	478	
428	824	
429	838	
430	622	
431	363	
432	46	
433	670	
434	693	
435	279	
436	869	
437	498	
438	760	
439	326	
440	723	
441	418	
442	980	
443	332	
444	754	
445	815	
446	152	
447	57	
448	301	
449	735	
450	763	
451	437	
452	297	
453	149	
454	55	
455	650	
456	814	
457	75	
458	866	
459	647	
460	718	
461	369	
462	442	
463	49	
464	906	
465	972	
466	158	
467	930	
468	506	
469	802	
470	865	
471	236	
472	91	
473	266	
474	400	
475	540	
476	223	
477	71	
478	520	
479	193	
480	403	
481	675	
482	195	
483	219	
484	442	
485	85	
486	105	
487	70	
488	988	
489	909	
490	201	
491	391	
492	763	
493	117	
494	311	
495	11	
496	338	
497	399	
498	453	
499	772	
500	502	
501	379	
502	860	
503	285	
504	655	
505	255	
506	17	
507	907	
508	37	
509	487	
510	683	
511	860	
512	948	
513	124	
514	48	
515	321	
516	930	
517	486	
518	261	
519	565	
520	814	
521	85	
522	541	
523	500	
524	824	
525	185	
526	974	
527	807	
528	782	
529	127	
530	609	
531	357	
532	626	
533	724	
534	409	
535	833	
536	134	
537	241	
538	880	
539	1000	
540	290	
541	863	
542	646	
543	705	
544	554	
545	90	
546	300	
547	509	
548	226	
549	768	
550	618	
551	118	
552	203	
553	81	
554	415	
555	857	
556	949	
557	286	
558	407	
559	758	
560	357	
561	595	
562	955	
563	396	
564	406	
565	790	
566	63	
567	975	
568	545	
569	615	
570	197	
571	692	
572	999	
573	416	
574	700	
575	985	
576	43	
577	957	
578	917	
579	367	
580	50	
581	762	
582	89	
583	329	
584	300	
585	753	
586	790	
587	92	
588	602	
589	403	
590	377	
591	463	
592	143	
593	612	
594	619	
595	362	
596	289	
597	825	
598	230	
599	408	
600	888	
601	458	
602	655	
603	342	
604	371	
605	130	
606	139	
607	716	
608	951	
609	220	
610	291	
611	768	
612	113	
613	173	
614	946	
615	320	
616	744	
617	247	
618	971	
619	758	
620	974	
621	369	
622	749	
623	107	
624	910	
625	481	
626	297	
627	646	
628	901	
629	588	
630	1000	
631	204	
632	394	
633	546	
634	655	
635	656	
636	583	
637	853	
638	668	
639	441	
640	703	
641	80	
642	343	
643	128	
644	768	
645	553	
646	276	
647	841	
648	664	
649	96	
650	870	
651	815	
652	42	
653	240	
654	867	
655	97	
656	456	
657	171	
658	988	
659	930	
660	783	
661	480	
662	931	
663	666	
664	688	
665	918	
666	268	
667	39	
668	579	
669	64	
670	302	
671	729	
672	475	
673	112	
674	889	
675	999	
676	214	
677	821	
678	464	
679	4	
680	708	
681	23	
682	486	
683	862	
684	941	
685	455	
686	330	
687	491	
688	333	
689	674	
690	588	
691	627	
692	130	
693	932	
694	55	
695	819	
696	321	
697	823	
698	831	
699	582	
700	374	
701	963	
702	130	
703	651	
704	842	
705	797	
706	809	
707	36	
708	29	
709	882	
710	357	
711	162	
712	155	
713	154	
714	596	
715	860	
716	16	
717	95	
718	203	
719	862	
720	959	
721	645	
722	99	
723	28	
724	291	
725	658	
726	845	
727	494	
728	998	
729	348	
730	432	
731	643	
732	737	
733	303	
734	800	
735	512	
736	286	
737	791	
738	238	
739	935	
740	546	
741	559	
742	332	
743	163	
744	886	
745	50	
746	55	
747	240	
748	907	
749	400	
750	317	
751	501	
752	99	
753	237	
754	686	
755	451	
756	501	
757	159	
758	389	
759	644	
760	231	
761	599	
762	438	
763	599	
764	203	
765	652	
766	863	
767	800	
768	196	
769	93	
770	265	
771	170	
772	808	
773	37	
774	637	
775	54	
776	261	
777	398	
778	664	
779	395	
780	829	
781	665	
782	953	
783	510	
784	924	
785	674	
786	832	
787	432	
788	390	
789	270	
790	479	
791	549	
792	852	
793	557	
794	346	
795	961	
796	341	
797	754	
798	272	
799	682	
800	614	
801	552	
802	649	
803	691	
804	229	
805	972	
806	167	
807	869	
808	615	
809	511	
810	55	
811	965	
812	135	
813	883	
814	319	
815	122	
816	904	
817	443	
818	159	
819	301	
820	591	
821	77	
822	962	
823	713	
824	788	
825	921	
826	188	
827	58	
828	591	
829	912	
830	306	
831	304	
832	820	
833	687	
834	47	
835	602	
836	257	
837	515	
838	155	
839	853	
840	965	
841	845	
842	971	
843	501	
844	713	
845	405	
846	758	
847	328	
848	744	
849	809	
850	348	
851	776	
852	487	
853	988	
854	359	
855	486	
856	47	
857	248	
858	611	
859	105	
860	296	
861	287	
862	951	
863	583	
864	374	
865	131	
866	146	
867	281	
868	630	
869	491	
870	305	
871	320	
872	622	
873	727	
874	629	
875	284	
876	834	
877	168	
878	55	
879	961	
880	811	
881	475	
882	254	
883	777	
884	232	
885	781	
886	741	
887	199	
888	670	
889	973	
890	704	
891	176	
892	185	
893	286	
894	532	
895	801	
896	347	
897	684	
898	716	
899	573	
900	849	
901	244	
902	360	
903	110	
904	835	
905	702	
906	933	
907	401	
908	915	
909	180	
910	410	
911	613	
912	130	
913	570	
914	590	
915	257	
916	727	
917	245	
918	117	
919	194	
920	593	
921	22	
922	602	
923	556	
924	114	
925	150	
926	684	
927	222	
928	188	
929	113	
930	970	
931	505	
932	861	
933	749	
934	473	
935	967	
936	172	
937	26	
938	898	
939	853	
940	651	
941	865	
942	382	
943	835	
944	101	
945	838	
946	220	
947	776	
948	414	
949	359	
950	487	
951	248	
952	368	
953	300	
954	546	
955	616	
956	722	
957	519	
958	509	
959	390	
960	720	
961	91	
962	151	
963	483	
964	168	
965	879	
966	483	
967	770	
968	928	
969	186	
970	453	
971	696	
972	899	
973	725	
974	524	
975	420	
976	611	
977	150	
978	367	
979	101	
980	781	
981	697	
982	458	
983	377	
984	258	
985	191	
986	496	
987	858	
988	706	
989	80	
990	959	
991	448	
992	592	
993	930	
994	305	
995	940	
996	571	
997	689	
998	167	
999	496	
1000	504	
1001	39	
1002	686	
1003	25	
1004	931	
1005	923	
1006	907	
1007	999	
1008	469	
1009	467	
1010	32	
1011	369	
1012	676	
1013	596	
1014	15	
1015	20	
1016	376	
1017	158	
1018	531	
1019	611	
1020	353	
1021	74	
1022	532	
1023	797	
1024	692	
1025	173	
1026	393	
1027	363	
1028	813	
1029	916	
1030	749	
1031	160	
1032	876	
1033	280	
1034	356	
1035	297	
1036	842	
1037	705	
1038	44	
1039	981	
1040	914	
1041	228	
1042	23	
1043	916	
1044	290	
1045	927	
1046	421	
1047	137	
1048	361	
1049	777	
1050	532	
1051	498	
1052	232	
1053	5	
1054	169	
1055	940	
1056	179	
1057	973	
1058	246	
1059	409	
1060	495	
1061	976	
1062	564	
1063	11	
1064	91	
1065	870	
1066	783	
1067	728	
1068	41	
1069	808	
1070	367	
1071	382	
1072	411	
1073	787	
1074	603	
1075	445	
1076	648	
1077	139	
1078	813	
1079	810	
1080	638	
1081	218	
1082	402	
1083	656	
1084	255	
1085	432	
1086	785	
1087	22	
1088	374	
1089	153	
1090	201	
1091	814	
1092	193	
1093	100	
1094	453	
1095	761	
1096	30	
1097	385	
1098	537	
1099	605	
1100	423	
1101	120	
1102	83	
1103	993	
1104	632	
1105	325	
1106	349	
1107	93	
1108	765	
1109	208	
1110	167	
1111	509	
1112	567	
1113	983	
1114	687	
1115	436	
1116	245	
1117	100	
1118	634	
1119	739	
1120	501	
1121	707	
1122	474	
1123	625	
1124	546	
1125	401	
1126	247	
1127	25	
1128	668	
1129	800	
1130	680	
1131	49	
1132	333	
1133	848	
1134	185	
1135	223	
1136	480	
1137	765	
1138	212	
1139	180	
1140	258	
1141	501	
1142	122	
1143	282	
1144	339	
1145	32	
1146	152	
1147	39	
1148	419	
1149	904	
1150	365	
1151	514	
1152	623	
1153	384	
1154	728	
1155	643	
1156	259	
1157	831	
1158	283	
1159	900	
1160	15	
1161	780	
1162	396	
1163	500	
1164	323	
1165	712	
1166	129	
1167	552	
1168	900	
1169	857	
1170	313	
1171	985	
1172	31	
1173	555	
1174	479	
1175	443	
1176	435	
1177	238	
1178	992	
1179	745	
1180	185	
1181	901	
1182	569	
1183	828	
1184	101	
1185	19	
1186	572	
1187	771	
1188	659	
1189	533	
1190	473	
1191	578	
1192	844	
1193	636	
1194	119	
1195	413	
1196	233	
1197	642	
1198	258	
1199	195	
1200	724	
1201	970	
1202	772	
1203	733	
1204	763	
1205	113	
1206	846	
1207	517	
1208	806	
1209	737	
1210	933	
1211	74	
1212	446	
1213	43	
1214	951	
1215	160	
1216	646	
1217	994	
1218	541	
1219	338	
1220	467	
1221	220	
1222	585	
1223	634	
1224	518	
1225	385	
1226	863	
1227	164	
1228	774	
1229	380	
1230	69	
1231	33	
1232	599	
1233	599	
1234	676	
1235	487	
1236	719	
1237	785	
1238	902	
1239	931	
1240	862	
1241	913	
1242	208	
1243	137	
1244	523	
1245	713	
1246	407	
1247	663	
1248	67	
1249	981	
1250	292	
1251	976	
1252	643	
1253	643	
1254	194	
1255	581	
1256	186	
1257	883	
1258	884	
1259	923	
1260	786	
1261	118	
1262	161	
1263	97	
1264	478	
1265	33	
1266	146	
1267	16	
1268	707	
1269	496	
1270	928	
1271	723	
1272	8	
1273	813	
1274	192	
1275	678	
1276	688	
1277	640	
1278	72	
1279	113	
1280	740	
1281	645	
1282	241	
1283	60	
1284	867	
1285	851	
1286	732	
1287	626	
1288	435	
1289	466	
1290	247	
1291	728	
1292	295	
1293	578	
1294	863	
1295	676	
1296	905	
1297	391	
1298	13	
1299	568	
1300	766	
1301	329	
1302	947	
1303	350	
1304	927	
1305	421	
1306	494	
1307	195	
1308	260	
1309	607	
1310	171	
1311	814	
1312	528	
1313	906	
1314	987	
1315	359	
1316	618	
1317	244	
1318	25	
1319	346	
1320	367	
1321	93	
1322	656	
1323	187	
1324	347	
1325	349	
1326	527	
1327	978	
1328	975	
1329	58	
1330	822	
1331	94	
1332	305	
1333	554	
1334	320	
1335	283	
1336	937	
1337	491	
1338	529	
1339	262	
1340	855	
1341	192	
1342	887	
1343	725	
1344	136	
1345	356	
1346	483	
1347	465	
1348	888	
1349	837	
1350	455	
1351	29	
1352	719	
1353	332	
1354	382	
1355	790	
1356	542	
1357	26	
1358	512	
1359	114	
1360	968	
1361	546	
1362	981	
1363	259	
1364	907	
1365	883	
1366	471	
1367	987	
1368	38	
1369	637	
1370	26	
1371	15	
1372	419	
1373	944	
1374	742	
1375	838	
1376	148	
1377	106	
1378	521	
1379	505	
1380	270	
1381	607	
1382	622	
1383	466	
1384	419	
1385	272	
1386	738	
1387	958	
1388	937	
1389	551	
1390	363	
1391	829	
1392	374	
1393	567	
1394	586	
1395	894	
1396	645	
1397	390	
1398	951	
1399	990	
1400	512	
1401	755	
1402	425	
1403	359	
1404	998	
1405	658	
1406	341	
1407	482	
1408	203	
1409	437	
1410	892	
1411	48	
1412	252	
1413	578	
1414	447	
1415	122	
1416	522	
1417	217	
1418	828	
1419	6	
1420	508	
1421	173	
1422	24	
1423	363	
1424	583	
1425	608	
1426	44	
1427	481	
1428	119	
1429	224	
1430	641	
1431	979	
1432	429	
1433	590	
1434	966	
1435	678	
1436	544	
1437	372	
1438	527	
1439	521	
1440	566	
1441	652	
1442	941	
1443	397	
1444	834	
1445	877	
1446	242	
1447	805	
1448	60	
1449	943	
1450	731	
1451	308	
1452	878	
1453	139	
1454	726	
1455	59	
1456	611	
1457	773	
1458	131	
1459	665	
1460	536	
1461	12	
1462	397	
1463	163	
1464	725	
1465	566	
1466	208	
1467	460	
1468	162	
1469	462	
1470	946	
1471	539	
1472	828	
1473	16	
1474	843	
1475	617	
1476	351	
1477	465	
1478	398	
1479	898	
1480	339	
1481	161	
1482	248	
1483	25	
1484	960	
1485	250	
1486	142	
1487	646	
1488	860	
1489	704	
1490	89	
1491	681	
1492	225	
1493	504	
1494	314	
1495	133	
1496	297	
1497	939	
1498	887	
1499	240	
1500	492	
1501	882	
1502	430	
1503	455	
1504	598	
1505	81	
1506	447	
1507	652	
1508	452	
1509	661	
1510	172	
1511	969	
1512	661	
1513	600	
1514	146	
1515	564	
1516	746	
1517	546	
1518	687	
1519	779	
1520	951	
1521	479	
1522	443	
1523	39	
1524	946	
1525	741	
1526	257	
1527	698	
1528	489	
1529	100	
1530	373	
1531	642	
1532	430	
1533	310	
1534	45	
1535	294	
1536	380	
1537	390	
1538	673	
1539	229	
1540	504	
1541	994	
1542	308	
1543	828	
1544	858	
1545	587	
1546	83	
1547	14	
1548	587	
1549	978	
1550	906	
1551	35	
1552	783	
1553	10	
1554	396	
1555	363	
1556	226	
1557	826	
1558	298	
1559	274	
1560	660	
1561	610	
1562	992	
1563	908	
1564	279	
1565	626	
1566	932	
1567	919	
1568	733	
1569	96	
1570	472	
1571	453	
1572	156	
1573	904	
1574	293	
1575	601	
1576	27	
1577	67	
1578	728	
1579	543	
1580	108	
1581	571	
1582	951	
1583	38	
1584	778	
1585	234	
1586	58	
1587	671	
1588	850	
1589	968	
1590	716	
1591	892	
1592	19	
1593	620	
1594	256	
1595	108	
1596	112	
1597	535	
1598	542	
1599	331	
1600	386	
1601	430	
1602	405	
1603	828	
1604	104	
1605	822	
1606	808	
1607	617	
1608	752	
1609	600	
1610	164	
1611	598	
1612	253	
1613	676	
1614	733	
1615	627	
1616	57	
1617	511	
1618	14	
1619	321	
1620	609	
1621	135	
1622	319	
1623	769	
1624	494	
1625	675	
1626	126	
1627	34	
1628	928	
1629	565	
1630	649	
1631	170	
1632	922	
1633	89	
1634	536	
1635	433	
1636	827	
1637	589	
1638	805	
1639	659	
1640	201	
1641	257	
1642	829	
1643	132	
1644	77	
1645	494	
1646	933	
1647	403	
1648	331	
1649	401	
1650	87	
1651	825	
1652	728	
1653	214	
1654	917	
1655	729	
1656	796	
1657	126	
1658	2	
1659	407	
1660	248	
1661	867	
1662	758	
1663	595	
1664	847	
1665	993	
1666	368	
1667	365	
1668	998	
1669	821	
1670	131	
1671	672	
1672	525	
1673	447	
1674	739	
1675	384	
1676	677	
1677	969	
1678	31	
1679	478	
1680	193	
1681	295	
1682	726	
1683	272	
1684	383	
1685	790	
1686	460	
1687	59	
1688	878	
1689	295	
1690	164	
1691	235	
1692	207	
1693	634	
1694	300	
1695	615	
1696	726	
1697	437	
1698	678	
1699	199	
1700	928	
1701	797	
1702	843	
1703	543	
1704	244	
1705	577	
1706	671	
1707	876	
1708	748	
1709	428	
1710	378	
1711	843	
1712	371	
1713	553	
1714	891	
1715	958	
1716	5	
1717	534	
1718	988	
1719	408	
1720	4	
1721	467	
1722	235	
1723	438	
1724	455	
1725	834	
1726	212	
1727	733	
1728	914	
1729	678	
1730	217	
1731	496	
1732	802	
1733	542	
1734	836	
1735	337	
1736	8	
1737	873	
1738	441	
1739	309	
1740	691	
1741	248	
1742	815	
1743	891	
1744	712	
1745	721	
1746	21	
1747	690	
1748	979	
1749	160	
1750	7	
1751	352	
1752	493	
1753	533	
1754	559	
1755	735	
1756	885	
1757	394	
1758	198	
1759	807	
1760	865	
1761	612	
1762	722	
1763	384	
1764	356	
1765	407	
1766	799	
1767	790	
1768	855	
1769	692	
1770	673	
1771	150	
1772	402	
1773	429	
1774	621	
1775	309	
1776	505	
1777	541	
1778	693	
1779	894	
1780	657	
1781	929	
1782	954	
1783	930	
1784	265	
1785	747	
1786	730	
1787	206	
1788	12	
1789	819	
1790	889	
1791	218	
1792	443	
1793	534	
1794	201	
1795	55	
1796	581	
1797	865	
1798	668	
1799	830	
1800	153	
1801	581	
1802	254	
1803	53	
1804	736	
1805	378	
1806	141	
1807	538	
1808	285	
1809	533	
1810	763	
1811	735	
1812	694	
1813	140	
1814	240	
1815	686	
1816	762	
1817	710	
1818	786	
1819	245	
1820	170	
1821	845	
1822	342	
1823	913	
1824	658	
1825	941	
1826	301	
1827	59	
1828	934	
1829	268	
1830	346	
1831	896	
1832	743	
1833	522	
1834	169	
1835	154	
1836	942	
1837	256	
1838	671	
1839	674	
1840	93	
1841	242	
1842	254	
1843	463	
1844	891	
1845	103	
1846	759	
1847	678	
1848	958	
1849	85	
1850	327	
1851	234	
1852	416	
1853	527	
1854	556	
1855	690	
1856	844	
1857	169	
1858	535	
1859	335	
1860	455	
1861	167	
1862	690	
1863	524	
1864	233	
1865	643	
1866	889	
1867	438	
1868	595	
1869	694	
1870	962	
1871	156	
1872	289	
1873	748	
1874	214	
1875	894	
1876	239	
1877	802	
1878	640	
1879	336	
1880	758	
1881	217	
1882	538	
1883	141	
1884	853	
1885	778	
1886	261	
1887	709	
1888	521	
1889	665	
1890	471	
1891	377	
1892	559	
1893	547	
1894	404	
1895	252	
1896	135	
1897	410	
1898	679	
1899	793	
1900	449	
1901	21	
1902	175	
1903	553	
1904	392	
1905	626	
1906	189	
1907	684	
1908	51	
1909	463	
1910	938	
1911	356	
1912	241	
1913	970	
1914	715	
1915	615	
1916	466	
1917	629	
1918	142	
1919	76	
1920	162	
1921	805	
1922	76	
1923	682	
1924	335	
1925	320	
1926	199	
1927	78	
1928	928	
1929	501	
1930	755	
1931	907	
1932	301	
1933	933	
1934	558	
1935	721	
1936	131	
1937	285	
1938	953	
1939	400	
1940	127	
1941	563	
1942	966	
1943	980	
1944	880	
1945	519	
1946	170	
1947	456	
1948	511	
1949	889	
1950	922	
1951	756	
1952	815	
1953	343	
1954	87	
1955	154	
1956	399	
1957	437	
1958	460	
1959	82	
1960	316	
1961	772	
1962	876	
1963	851	
1964	618	
1965	357	
1966	334	
1967	355	
1968	698	
1969	509	
1970	347	
1971	99	
1972	410	
1973	641	
1974	644	
1975	813	
1976	258	
1977	17	
1978	638	
1979	775	
1980	523	
1981	230	
1982	999	
1983	640	
1984	344	
1985	341	
1986	583	
1987	368	
1988	126	
1989	803	
1990	690	
1991	769	
1992	877	
1993	424	
1994	275	
1995	98	
1996	926	
1997	414	
1998	448	
1999	32	
2000	268	
2001	561	
2002	594	
2003	980	
2004	629	
2005	831	
2006	819	
2007	586	
2008	464	
2009	911	
2010	951	
2011	406	
2012	943	
2013	131	
2014	701	
2015	38	
2016	284	
2017	207	
2018	422	
2019	100	
2020	981	
2021	617	
2022	242	
2023	915	
2024	433	
2025	617	
2026	15	
2027	983	
2028	257	
2029	176	
2030	331	
2031	991	
2032	842	
2033	258	
2034	15	
2035	548	
2036	72	
2037	142	
2038	500	
2039	33	
2040	986	
2041	82	
2042	623	
2043	882	
2044	242	
2045	625	
2046	870	
2047	455	
2048	259	
2049	103	
2050	393	
2051	824	
2052	867	
2053	112	
2054	588	
2055	31	
2056	176	
2057	926	
2058	857	
2059	139	
2060	373	
2061	618	
2062	472	
2063	945	
2064	236	
2065	600	
2066	761	
2067	331	
2068	810	
2069	469	
2070	774	
2071	995	
2072	223	
2073	634	
2074	43	
2075	974	
2076	373	
2077	176	
2078	112	
2079	434	
2080	607	
2081	34	
2082	483	
2083	706	
2084	41	
2085	664	
2086	335	
2087	983	
2088	924	
2089	488	
2090	441	
2091	246	
2092	784	
2093	261	
2094	951	
2095	334	
2096	41	
2097	258	
2098	705	
2099	864	
2100	300	
2101	101	
2102	738	
2103	15	
2104	320	
2105	614	
2106	894	
2107	543	
2108	776	
2109	303	
2110	971	
2111	688	
2112	966	
2113	907	
2114	442	
2115	930	
2116	231	
2117	464	
2118	508	
2119	680	
2120	114	
2121	167	
2122	918	
2123	175	
2124	986	
2125	833	
2126	295	
2127	309	
2128	497	
2129	441	
2130	55	
2131	348	
2132	77	
2133	854	
2134	888	
2135	558	
2136	93	
2137	223	
2138	518	
2139	496	
2140	242	
2141	175	
2142	712	
2143	769	
2144	488	
2145	88	
2146	686	
2147	521	
2148	724	
2149	401	
2150	202	
2151	284	
2152	781	
2153	282	
2154	665	
2155	327	
2156	68	
2157	493	
2158	841	
2159	927	
2160	982	
2161	908	
2162	715	
2163	695	
2164	830	
2165	47	
2166	111	
2167	952	
2168	981	
2169	765	
2170	804	
2171	279	
2172	212	
2173	111	
2174	607	
2175	132	
2176	494	
2177	522	
2178	584	
2179	191	
2180	665	
2181	907	
2182	635	
2183	555	
2184	779	
2185	306	
2186	498	
2187	949	
2188	174	
2189	265	
2190	949	
2191	492	
2192	646	
2193	252	
2194	724	
2195	64	
2196	327	
2197	929	
2198	72	
2199	964	
2200	321	
2201	623	
2202	383	
2203	189	
2204	54	
2205	704	
2206	839	
2207	226	
2208	560	
2209	584	
2210	880	
2211	340	
2212	669	
2213	13	
2214	564	
2215	637	
2216	285	
2217	7	
2218	744	
2219	186	
2220	879	
2221	847	
2222	594	
2223	683	
2224	729	
2225	89	
2226	146	
2227	439	
2228	959	
2229	659	
2230	915	
2231	571	
2232	305	
2233	94	
2234	392	
2235	161	
2236	831	
2237	202	
2238	433	
2239	139	
2240	997	
2241	315	
2242	862	
2243	375	
2244	241	
2245	376	
2246	632	
2247	641	
2248	794	
2249	320	
2250	340	
2251	390	
2252	129	
2253	453	
2254	577	
2255	669	
2256	137	
2257	626	
2258	334	
2259	230	
2260	791	
2261	671	
2262	823	
2263	172	
2264	76	
2265	537	
2266	495	
2267	140	
2268	168	
2269	340	
2270	869	
2271	750	
2272	118	
2273	747	
2274	905	
2275	185	
2276	565	
2277	451	
2278	901	
2279	848	
2280	851	
2281	78	
2282	782	
2283	528	
2284	433	
2285	507	
2286	713	
2287	761	
2288	163	
2289	568	
2290	936	
2291	483	
2292	687	
2293	770	
2294	253	
2295	664	
2296	331	
2297	681	
2298	115	
2299	694	
2300	136	
2301	255	
2302	186	
2303	555	
2304	891	
2305	367	
2306	873	
2307	337	
2308	96	
2309	103	
2310	19	
2311	761	
2312	167	
2313	352	
2314	397	
2315	137	
2316	97	
2317	962	
2318	627	
2319	704	
2320	898	
2321	155	
2322	392	
2323	903	
2324	478	
2325	735	
2326	76	
2327	295	
2328	829	
2329	246	
2330	285	
2331	78	
2332	648	
2333	250	
2334	537	
2335	108	
2336	675	
2337	568	
2338	376	
2339	432	
2340	235	
2341	844	
2342	940	
2343	597	
2344	528	
2345	895	
2346	65	
2347	793	
2348	481	
2349	866	
2350	527	
2351	450	
2352	476	
2353	2	
2354	117	
2355	833	
2356	565	
2357	828	
2358	821	
2359	264	
2360	763	
2361	831	
2362	757	
2363	101	
2364	464	
2365	774	
2366	2	
2367	903	
2368	55	
2369	581	
2370	100	
2371	365	
2372	982	
2373	673	
2374	550	
2375	404	
2376	787	
2377	123	
2378	316	
2379	535	
2380	49	
2381	507	
2382	708	
2383	30	
2384	362	
2385	318	
2386	712	
2387	914	
2388	19	
2389	273	
2390	344	
2391	588	
2392	205	
2393	309	
2394	674	
2395	771	
2396	759	
2397	715	
2398	20	
2399	292	
2400	103	
2401	511	
2402	893	
2403	858	
2404	192	
2405	199	
2406	217	
2407	725	
2408	195	
2409	731	
2410	628	
2411	332	
2412	512	
2413	44	
2414	267	
2415	749	
2416	19	
2417	454	
2418	488	
2419	537	
2420	897	
2421	304	
2422	709	
2423	339	
2424	650	
2425	184	
2426	157	
2427	447	
2428	14	
2429	553	
2430	383	
2431	309	
2432	978	
2433	390	
2434	868	
2435	300	
2436	58	
2437	486	
2438	358	
2439	305	
2440	918	
2441	392	
2442	297	
2443	808	
2444	703	
2445	646	
2446	20	
2447	935	
2448	720	
2449	355	
2450	390	
2451	271	
2452	519	
2453	990	
2454	571	
2455	924	
2456	531	
2457	919	
2458	797	
2459	850	
2460	405	
2461	775	
2462	141	
2463	344	
2464	425	
2465	329	
2466	65	
2467	406	
2468	780	
2469	165	
2470	749	
2471	816	
2472	949	
2473	305	
2474	621	
2475	346	
2476	893	
2477	184	
2478	390	
2479	955	
2480	745	
2481	341	
2482	994	
2483	788	
2484	420	
2485	694	
2486	234	
2487	912	
2488	343	
2489	419	
2490	827	
2491	683	
2492	811	
2493	669	
2494	820	
2495	445	
2496	547	
2497	457	
2498	28	
2499	878	
2500	685	
2501	405	
2502	862	
2503	89	
2504	343	
2505	311	
2506	525	
2507	939	
2508	787	
2509	899	
2510	562	
2511	794	
2512	13	
2513	619	
2514	67	
2515	576	
2516	345	
2517	198	
2518	563	
2519	430	
2520	927	
2521	771	
2522	327	
2523	339	
2524	33	
2525	397	
2526	100	
2527	229	
2528	17	
2529	6	
2530	588	
2531	885	
2532	965	
2533	141	
2534	56	
2535	725	
2536	357	
2537	26	
2538	284	
2539	466	
2540	369	
2541	271	
2542	839	
2543	891	
2544	757	
2545	302	
2546	634	
2547	986	
2548	318	
2549	391	
2550	158	
2551	408	
2552	827	
2553	664	
2554	976	
2555	474	
2556	735	
2557	661	
2558	215	
2559	704	
2560	547	
2561	847	
2562	618	
2563	258	
2564	326	
2565	926	
2566	499	
2567	91	
2568	510	
2569	130	
2570	376	
2571	368	
2572	774	
2573	803	
2574	214	
2575	599	
2576	328	
2577	686	
2578	358	
2579	362	
2580	922	
2581	576	
2582	203	
2583	315	
2584	451	
2585	306	
2586	735	
2587	647	
2588	724	
2589	773	
2590	443	
2591	541	
2592	752	
2593	277	
2594	397	
2595	438	
2596	190	
2597	632	
2598	425	
2599	812	
2600	900	
2601	566	
2602	618	
2603	341	
2604	555	
2605	128	
2606	719	
2607	142	
2608	751	
2609	146	
2610	841	
2611	81	
2612	846	
2613	274	
2614	57	
2615	474	
2616	734	
2617	608	
2618	772	
2619	779	
2620	72	
2621	574	
2622	744	
2623	837	
2624	857	
2625	672	
2626	134	
2627	905	
2628	581	
2629	178	
2630	575	
2631	944	
2632	732	
2633	62	
2634	201	
2635	56	
2636	80	
2637	613	
2638	353	
2639	247	
2640	946	
2641	3	
2642	768	
2643	335	
2644	633	
2645	173	
2646	576	
2647	915	
2648	644	
2649	931	
2650	318	
2651	446	
2652	333	
2653	136	
2654	375	
2655	912	
2656	438	
2657	687	
2658	804	
2659	538	
2660	509	
2661	5	
2662	640	
2663	582	
2664	817	
2665	803	
2666	350	
2667	162	
2668	28	
2669	587	
2670	317	
2671	987	
2672	864	
2673	720	
2674	94	
2675	460	
2676	348	
2677	584	
2678	938	
2679	270	
2680	319	
2681	499	
2682	718	
2683	87	
2684	369	
2685	266	
2686	288	
2687	485	
2688	894	
2689	202	
2690	905	
2691	874	
2692	852	
2693	33	
2694	818	
2695	215	
2696	625	
2697	533	
2698	185	
2699	530	
2700	560	
2701	122	
2702	523	
2703	122	
2704	482	
2705	58	
2706	361	
2707	191	
2708	263	
2709	628	
2710	133	
2711	108	
2712	980	
2713	319	
2714	867	
2715	903	
2716	100	
2717	517	
2718	738	
2719	357	
2720	722	
2721	939	
2722	762	
2723	456	
2724	738	
2725	253	
2726	894	
2727	507	
2728	549	
2729	292	
2730	257	
2731	545	
2732	283	
2733	137	
2734	778	
2735	579	
2736	816	
2737	857	
2738	297	
2739	817	
2740	937	
2741	568	
2742	617	
2743	349	
2744	718	
2745	664	
2746	974	
2747	349	
2748	511	
2749	625	
2750	46	
2751	408	
2752	457	
2753	928	
2754	762	
2755	45	
2756	960	
2757	162	
2758	107	
2759	233	
2760	604	
2761	47	
2762	479	
2763	415	
2764	654	
2765	657	
2766	699	
2767	271	
2768	385	
2769	140	
2770	80	
2771	961	
2772	787	
2773	765	
2774	520	
2775	17	
2776	411	
2777	221	
2778	639	
2779	562	
2780	626	
2781	397	
2782	84	
2783	805	
2784	180	
2785	657	
2786	535	
2787	609	
2788	358	
2789	639	
2790	162	
2791	369	
2792	991	
2793	311	
2794	186	
2795	579	
2796	769	
2797	386	
2798	661	
2799	285	
2800	54	
2801	540	
2802	44	
2803	152	
2804	45	
2805	891	
2806	631	
2807	887	
2808	444	
2809	103	
2810	325	
2811	566	
2812	285	
2813	218	
2814	507	
2815	773	
2816	875	
2817	16	
2818	306	
2819	3	
2820	171	
2821	797	
2822	683	
2823	373	
2824	86	
2825	187	
2826	355	
2827	310	
2828	883	
2829	195	
2830	425	
2831	694	
2832	79	
2833	929	
2834	773	
2835	190	
2836	630	
2837	58	
2838	89	
2839	472	
2840	104	
2841	470	
2842	673	
2843	632	
2844	887	
2845	520	
2846	180	
2847	383	
2848	517	
2849	851	
2850	962	
2851	84	
2852	896	
2853	628	
2854	877	
2855	35	
2856	176	
2857	276	
2858	26	
2859	240	
2860	85	
2861	469	
2862	375	
2863	162	
2864	307	
2865	258	
2866	988	
2867	186	
2868	863	
2869	801	
2870	20	
2871	675	
2872	472	
2873	713	
2874	499	
2875	609	
2876	457	
2877	54	
2878	471	
2879	388	
2880	203	
2881	610	
2882	576	
2883	620	
2884	165	
2885	435	
2886	929	
2887	940	
2888	926	
2889	82	
2890	47	
2891	80	
2892	638	
2893	415	
2894	614	
2895	576	
2896	162	
2897	367	
2898	457	
2899	165	
2900	47	
2901	736	
2902	273	
2903	361	
2904	996	
2905	497	
2906	818	
2907	513	
2908	210	
2909	597	
2910	499	
2911	244	
2912	709	
2913	910	
2914	892	
2915	522	
2916	425	
2917	715	
2918	191	
2919	495	
2920	583	
2921	148	
2922	25	
2923	383	
2924	479	
2925	50	
2926	735	
2927	889	
2928	670	
2929	762	
2930	115	
2931	111	
2932	951	
2933	72	
2934	831	
2935	537	
2936	147	
2937	230	
2938	839	
2939	919	
2940	683	
2941	340	
2942	16	
2943	174	
2944	258	
2945	351	
2946	429	
2947	639	
2948	645	
2949	948	
2950	638	
2951	453	
2952	620	
2953	51	
2954	248	
2955	29	
2956	384	
2957	814	
2958	682	
2959	165	
2960	853	
2961	425	
2962	395	
2963	207	
2964	327	
2965	441	
2966	607	
2967	101	
2968	582	
2969	575	
2970	345	
2971	84	
2972	883	
2973	68	
2974	424	
2975	907	
2976	147	
2977	372	
2978	92	
2979	402	
2980	169	
2981	709	
2982	647	
2983	637	
2984	173	
2985	191	
2986	109	
2987	273	
2988	993	
2989	490	
2990	46	
2991	355	
2992	751	
2993	829	
2994	817	
2995	709	
2996	214	
2997	531	
2998	201	
2999	731	
3000	917	
3001	45	
3002	273	
3003	271	
3004	948	
3005	837	
3006	177	
3007	914	
3008	631	
3009	78	
3010	448	
3011	556	
3012	188	
3013	639	
3014	977	
3015	824	
3016	745	
3017	775	
3018	848	
3019	891	
3020	801	
3021	703	
3022	460	
3023	412	
3024	182	
3025	333	
3026	956	
3027	899	
3028	285	
3029	389	
3030	700	
3031	923	
3032	415	
3033	391	
3034	271	
3035	233	
3036	652	
3037	510	
3038	275	
3039	380	
3040	487	
3041	677	
3042	218	
3043	573	
3044	182	
3045	25	
3046	909	
3047	294	
3048	585	
3049	27	
3050	209	
3051	517	
3052	304	
3053	197	
3054	363	
3055	591	
3056	927	
3057	610	
3058	101	
3059	943	
3060	564	
3061	344	
3062	321	
3063	62	
3064	236	
3065	967	
3066	690	
3067	122	
3068	707	
3069	24	
3070	552	
3071	321	
3072	667	
3073	832	
3074	674	
3075	556	
3076	569	
3077	300	
3078	163	
3079	943	
3080	805	
3081	645	
3082	599	
3083	309	
3084	224	
3085	323	
3086	572	
3087	445	
3088	85	
3089	867	
3090	44	
3091	266	
3092	410	
3093	371	
3094	495	
3095	164	
3096	302	
3097	346	
3098	731	
3099	793	
3100	746	
3101	691	
3102	630	
3103	208	
3104	90	
3105	224	
3106	247	
3107	538	
3108	259	
3109	448	
3110	618	
3111	362	
3112	988	
3113	995	
3114	275	
3115	3	
3116	174	
3117	386	
3118	519	
3119	950	
3120	726	
3121	98	
3122	672	
3123	587	
3124	656	
3125	191	
3126	815	
3127	884	
3128	363	
3129	515	
3130	554	
3131	839	
3132	89	
3133	46	
3134	37	
3135	730	
3136	717	
3137	372	
3138	514	
3139	447	
3140	780	
3141	324	
3142	187	
3143	663	
3144	431	
3145	877	
3146	380	
3147	817	
3148	253	
3149	954	
3150	51	
3151	913	
3152	659	
3153	588	
3154	418	
3155	763	
3156	709	
3157	868	
3158	705	
3159	735	
3160	43	
3161	312	
3162	246	
3163	420	
3164	551	
3165	625	
3166	342	
3167	239	
3168	571	
3169	429	
3170	979	
3171	986	
3172	70	
3173	889	
3174	821	
3175	440	
3176	221	
3177	309	
3178	899	
3179	372	
3180	995	
3181	138	
3182	737	
3183	39	
3184	675	
3185	180	
3186	193	
3187	57	
3188	330	
3189	321	
3190	948	
3191	269	
3192	792	
3193	441	
3194	168	
3195	527	
3196	685	
3197	230	
3198	441	
3199	926	
3200	286	
3201	827	
3202	825	
3203	780	
3204	711	
3205	55	
3206	322	
3207	227	
3208	767	
3209	865	
3210	576	
3211	727	
3212	433	
3213	618	
3214	305	
3215	160	
3216	543	
3217	8	
3218	958	
3219	806	
3220	503	
3221	455	
3222	721	
3223	765	
3224	336	
3225	743	
3226	391	
3227	881	
3228	227	
3229	691	
3230	165	
3231	912	
3232	243	
3233	190	
3234	525	
3235	372	
3236	959	
3237	741	
3238	647	
3239	416	
3240	589	
3241	121	
3242	986	
3243	64	
3244	878	
3245	804	
3246	658	
3247	659	
3248	207	
3249	992	
3250	369	
3251	402	
3252	923	
3253	549	
3254	704	
3255	944	
3256	515	
3257	82	
3258	812	
3259	369	
3260	48	
3261	145	
3262	99	
3263	133	
3264	117	
3265	509	
3266	822	
3267	548	
3268	399	
3269	252	
3270	607	
3271	304	
3272	78	
3273	286	
3274	690	
3275	656	
3276	507	
3277	86	
3278	845	
3279	105	
3280	474	
3281	646	
3282	337	
3283	653	
3284	215	
3285	860	
3286	936	
3287	477	
3288	562	
3289	738	
3290	175	
3291	880	
3292	429	
3293	31	
3294	715	
3295	604	
3296	666	
3297	232	
3298	813	
3299	857	
3300	143	
3301	395	
3302	808	
3303	939	
3304	59	
3305	168	
3306	423	
3307	382	
3308	560	
3309	768	
3310	657	
3311	681	
3312	689	
3313	440	
3314	447	
3315	126	
3316	243	
3317	780	
3318	754	
3319	525	
3320	757	
3321	118	
3322	951	
3323	806	
3324	537	
3325	246	
3326	956	
3327	838	
3328	154	
3329	912	
3330	106	
3331	710	
3332	422	
3333	795	
3334	59	
3335	528	
3336	132	
3337	518	
3338	722	
3339	163	
3340	860	
3341	443	
3342	255	
3343	940	
3344	131	
3345	734	
3346	690	
3347	37	
3348	982	
3349	373	
3350	117	
3351	776	
3352	587	
3353	382	
3354	245	
3355	402	
3356	581	
3357	909	
3358	551	
3359	986	
3360	31	
3361	173	
3362	724	
3363	833	
3364	853	
3365	188	
3366	791	
3367	817	
3368	704	
3369	289	
3370	699	
3371	599	
3372	488	
3373	503	
3374	111	
3375	226	
3376	329	
3377	785	
3378	708	
3379	475	
3380	177	
3381	302	
3382	427	
3383	454	
3384	525	
3385	628	
3386	200	
3387	117	
3388	409	
3389	45	
3390	476	
3391	729	
3392	871	
3393	183	
3394	684	
3395	778	
3396	500	
3397	445	
3398	45	
3399	19	
3400	104	
3401	41	
3402	81	
3403	633	
3404	716	
3405	340	
3406	104	
3407	547	
3408	227	
3409	329	
3410	994	
3411	704	
3412	683	
3413	895	
3414	25	
3415	181	
3416	307	
3417	278	
3418	674	
3419	831	
3420	484	
3421	526	
3422	386	
3423	483	
3424	122	
3425	37	
3426	242	
3427	210	
3428	778	
3429	511	
3430	364	
3431	80	
3432	899	
3433	429	
3434	573	
3435	370	
3436	319	
3437	625	
3438	179	
3439	709	
3440	968	
3441	526	
3442	671	
3443	972	
3444	189	
3445	601	
3446	82	
3447	520	
3448	348	
3449	148	
3450	464	
3451	655	
3452	719	
3453	520	
3454	313	
3455	927	
3456	225	
3457	816	
3458	181	
3459	993	
3460	584	
3461	546	
3462	253	
3463	24	
3464	722	
3465	790	
3466	311	
3467	153	
3468	578	
3469	799	
3470	376	
3471	835	
3472	1	
3473	367	
3474	569	
3475	638	
3476	143	
3477	764	
3478	732	
3479	5	
3480	89	
3481	775	
3482	869	
3483	646	
3484	162	
3485	18	
3486	163	
3487	686	
3488	644	
3489	495	
3490	590	
3491	599	
3492	965	
3493	629	
3494	952	
3495	387	
3496	469	
3497	748	
3498	454	
3499	672	
3500	116	
3501	709	
3502	662	
3503	611	
3504	926	
3505	740	
3506	120	
3507	751	
3508	352	
3509	72	
3510	375	
3511	805	
3512	882	
3513	487	
3514	439	
3515	131	
3516	764	
3517	756	
3518	342	
3519	623	
3520	403	
3521	419	
3522	324	
3523	19	
3524	299	
3525	489	
3526	365	
3527	448	
3528	355	
3529	326	
3530	411	
3531	804	
3532	430	
3533	980	
3534	734	
3535	630	
3536	126	
3537	71	
3538	918	
3539	350	
3540	977	
3541	396	
3542	996	
3543	288	
3544	622	
3545	260	
3546	599	
3547	247	
3548	246	
3549	920	
3550	26	
3551	699	
3552	885	
3553	740	
3554	200	
3555	645	
3556	263	
3557	325	
3558	307	
3559	488	
3560	829	
3561	677	
3562	958	
3563	496	
3564	144	
3565	587	
3566	79	
3567	819	
3568	794	
3569	150	
3570	129	
3571	980	
3572	658	
3573	417	
3574	283	
3575	205	
3576	998	
3577	373	
3578	988	
3579	442	
3580	927	
3581	827	
3582	617	
3583	202	
3584	658	
3585	417	
3586	450	
3587	63	
3588	900	
3589	714	
3590	18	
3591	786	
3592	563	
3593	128	
3594	46	
3595	186	
3596	825	
3597	884	
3598	194	
3599	252	
3600	90	
3601	361	
3602	233	
3603	57	
3604	386	
3605	46	
3606	476	
3607	380	
3608	705	
3609	34	
3610	255	
3611	539	
3612	528	
3613	520	
3614	585	
3615	316	
3616	748	
3617	835	
3618	273	
3619	455	
3620	816	
3621	312	
3622	476	
3623	463	
3624	836	
3625	976	
3626	987	
3627	562	
3628	10	
3629	461	
3630	583	
3631	102	
3632	285	
3633	225	
3634	967	
3635	908	
3636	402	
3637	412	
3638	718	
3639	71	
3640	224	
3641	565	
3642	815	
3643	659	
3644	473	
3645	29	
3646	346	
3647	232	
3648	521	
3649	217	
3650	230	
3651	517	
3652	659	
3653	174	
3654	487	
3655	303	
3656	945	
3657	765	
3658	735	
3659	705	
3660	138	
3661	54	
3662	93	
3663	692	
3664	99	
3665	910	
3666	179	
3667	318	
3668	297	
3669	923	
3670	210	
3671	532	
3672	803	
3673	844	
3674	582	
3675	866	
3676	810	
3677	675	
3678	637	
3679	598	
3680	249	
3681	124	
3682	561	
3683	986	
3684	559	
3685	45	
3686	475	
3687	713	
3688	225	
3689	198	
3690	1000	
3691	367	
3692	515	
3693	64	
3694	37	
3695	803	
3696	374	
3697	895	
3698	892	
3699	39	
3700	384	
3701	314	
3702	903	
3703	91	
3704	353	
3705	615	
3706	489	
3707	207	
3708	745	
3709	809	
3710	914	
3711	695	
3712	173	
3713	452	
3714	345	
3715	486	
3716	361	
3717	93	
3718	345	
3719	726	
3720	229	
3721	596	
3722	6	
3723	404	
3724	10	
3725	747	
3726	759	
3727	958	
3728	524	
3729	254	
3730	99	
3731	214	
3732	271	
3733	890	
3734	126	
3735	62	
3736	779	
3737	872	
3738	347	
3739	891	
3740	337	
3741	104	
3742	848	
3743	467	
3744	773	
3745	992	
3746	223	
3747	529	
3748	12	
3749	725	
3750	905	
3751	134	
3752	517	
3753	38	
3754	27	
3755	711	
3756	146	
3757	262	
3758	930	
3759	611	
3760	445	
3761	952	
3762	296	
3763	363	
3764	405	
3765	210	
3766	694	
3767	170	
3768	528	
3769	572	
3770	298	
3771	149	
3772	256	
3773	712	
3774	200	
3775	874	
3776	64	
3777	905	
3778	450	
3779	130	
3780	854	
3781	910	
3782	442	
3783	368	
3784	120	
3785	181	
3786	420	
3787	945	
3788	433	
3789	930	
3790	535	
3791	547	
3792	739	
3793	847	
3794	394	
3795	280	
3796	531	
3797	931	
3798	121	
3799	2	
3800	801	
3801	206	
3802	198	
3803	182	
3804	655	
3805	264	
3806	954	
3807	635	
3808	103	
3809	567	
3810	612	
3811	986	
3812	184	
3813	407	
3814	677	
3815	701	
3816	751	
3817	41	
3818	292	
3819	281	
3820	871	
3821	863	
3822	749	
3823	254	
3824	139	
3825	163	
3826	490	
3827	595	
3828	705	
3829	485	
3830	845	
3831	364	
3832	38	
3833	740	
3834	89	
3835	14	
3836	294	
3837	433	
3838	549	
3839	575	
3840	346	
3841	105	
3842	146	
3843	376	
3844	785	
3845	209	
3846	866	
3847	60	
3848	442	
3849	634	
3850	297	
3851	200	
3852	62	
3853	44	
3854	45	
3855	435	
3856	272	
3857	772	
3858	896	
3859	445	
3860	574	
3861	96	
3862	322	
3863	681	
3864	135	
3865	247	
3866	153	
3867	796	
3868	748	
3869	291	
3870	546	
3871	781	
3872	680	
3873	480	
3874	183	
3875	757	
3876	954	
3877	708	
3878	576	
3879	350	
3880	688	
3881	471	
3882	236	
3883	182	
3884	988	
3885	378	
3886	247	
3887	322	
3888	200	
3889	329	
3890	27	
3891	805	
3892	515	
3893	875	
3894	377	
3895	408	
3896	867	
3897	438	
3898	422	
3899	841	
3900	953	
3901	693	
3902	89	
3903	422	
3904	314	
3905	491	
3906	1	
3907	728	
3908	859	
3909	959	
3910	320	
3911	443	
3912	42	
3913	136	
3914	980	
3915	18	
3916	545	
3917	56	
3918	867	
3919	605	
3920	652	
3921	843	
3922	724	
3923	852	
3924	551	
3925	70	
3926	818	
3927	546	
3928	930	
3929	58	
3930	153	
3931	804	
3932	535	
3933	520	
3934	985	
3935	842	
3936	984	
3937	980	
3938	520	
3939	619	
3940	331	
3941	267	
3942	42	
3943	970	
3944	303	
3945	607	
3946	538	
3947	925	
3948	910	
3949	375	
3950	519	
3951	562	
3952	507	
3953	633	
3954	610	
3955	601	
3956	851	
3957	226	
3958	908	
3959	63	
3960	485	
3961	650	
3962	354	
3963	247	
3964	988	
3965	179	
3966	403	
3967	736	
3968	313	
3969	768	
3970	813	
3971	628	
3972	867	
3973	32	
3974	389	
3975	492	
3976	176	
3977	593	
3978	510	
3979	326	
3980	131	
3981	575	
3982	198	
3983	577	
3984	494	
3985	20	
3986	774	
3987	853	
3988	175	
3989	423	
3990	568	
3991	454	
3992	428	
3993	776	
3994	393	
3995	935	
3996	368	
3997	783	
3998	774	
3999	537	
4000	494	
4001	930	
4002	304	
4003	67	
4004	186	
4005	101	
4006	26	
4007	521	
4008	933	
4009	153	
4010	975	
4011	902	
4012	375	
4013	239	
4014	214	
4015	395	
4016	741	
4017	460	
4018	472	
4019	712	
4020	306	
4021	853	
4022	614	
4023	232	
4024	703	
4025	897	
4026	997	
4027	175	
4028	708	
4029	364	
4030	907	
4031	60	
4032	526	
4033	664	
4034	401	
4035	497	
4036	1	
4037	851	
4038	264	
4039	456	
4040	357	
4041	389	
4042	886	
4043	845	
4044	403	
4045	904	
4046	888	
4047	104	
4048	759	
4049	112	
4050	223	
4051	242	
4052	509	
4053	827	
4054	781	
4055	604	
4056	101	
4057	424	
4058	686	
4059	749	
4060	528	
4061	577	
4062	474	
4063	11	
4064	722	
4065	274	
4066	983	
4067	438	
4068	808	
4069	9	
4070	720	
4071	729	
4072	769	
4073	350	
4074	610	
4075	26	
4076	231	
4077	282	
4078	963	
4079	568	
4080	765	
4081	449	
4082	340	
4083	570	
4084	599	
4085	642	
4086	902	
4087	251	
4088	455	
4089	531	
4090	598	
4091	666	
4092	724	
4093	503	
4094	354	
4095	803	
4096	122	
4097	633	
4098	98	
4099	273	
4100	183	
4101	208	
4102	10	
4103	30	
4104	553	
4105	499	
4106	204	
4107	134	
4108	186	
4109	748	
4110	641	
4111	938	
4112	486	
4113	591	
4114	254	
4115	720	
4116	818	
4117	1	
4118	584	
4119	717	
4120	148	
4121	267	
4122	739	
4123	925	
4124	311	
4125	413	
4126	132	
4127	655	
4128	117	
4129	37	
4130	388	
4131	547	
4132	341	
4133	688	
4134	229	
4135	213	
4136	652	
4137	733	
4138	244	
4139	313	
4140	637	
4141	743	
4142	647	
4143	614	
4144	419	
4145	201	
4146	815	
4147	542	
4148	723	
4149	465	
4150	28	
4151	473	
4152	949	
4153	551	
4154	101	
4155	143	
4156	786	
4157	453	
4158	671	
4159	821	
4160	396	
4161	30	
4162	843	
4163	636	
4164	314	
4165	320	
4166	882	
4167	999	
4168	627	
4169	492	
4170	810	
4171	122	
4172	280	
4173	674	
4174	800	
4175	174	
4176	348	
4177	888	
4178	436	
4179	953	
4180	653	
4181	234	
4182	234	
4183	24	
4184	938	
4185	864	
4186	221	
4187	791	
4188	988	
4189	580	
4190	844	
4191	805	
4192	799	
4193	843	
4194	463	
4195	571	
4196	335	
4197	785	
4198	481	
4199	467	
4200	621	
4201	487	
4202	197	
4203	58	
4204	450	
4205	903	
4206	361	
4207	560	
4208	128	
4209	683	
4210	928	
4211	516	
4212	382	
4213	235	
4214	177	
4215	850	
4216	866	
4217	310	
4218	579	
4219	999	
4220	990	
4221	725	
4222	819	
4223	537	
4224	325	
4225	45	
4226	137	
4227	889	
4228	132	
4229	827	
4230	705	
4231	170	
4232	892	
4233	343	
4234	77	
4235	985	
4236	716	
4237	467	
4238	965	
4239	780	
4240	88	
4241	563	
4242	577	
4243	389	
4244	407	
4245	29	
4246	250	
4247	742	
4248	910	
4249	184	
4250	983	
4251	612	
4252	487	
4253	902	
4254	427	
4255	454	
4256	167	
4257	211	
4258	529	
4259	629	
4260	193	
4261	605	
4262	11	
4263	99	
4264	5	
4265	852	
4266	627	
4267	126	
4268	829	
4269	193	
4270	498	
4271	35	
4272	284	
4273	696	
4274	927	
4275	781	
4276	839	
4277	311	
4278	21	
4279	461	
4280	501	
4281	567	
4282	440	
4283	177	
4284	513	
4285	192	
4286	517	
4287	695	
4288	300	
4289	582	
4290	727	
4291	952	
4292	589	
4293	16	
4294	134	
4295	791	
4296	195	
4297	789	
4298	327	
4299	730	
4300	142	
4301	943	
4302	905	
4303	181	
4304	371	
4305	305	
4306	156	
4307	139	
4308	807	
4309	514	
4310	681	
4311	359	
4312	665	
4313	658	
4314	422	
4315	468	
4316	650	
4317	738	
4318	145	
4319	706	
4320	285	
4321	374	
4322	954	
4323	370	
4324	9	
4325	923	
4326	467	
4327	358	
4328	971	
4329	586	
4330	153	
4331	180	
4332	679	
4333	197	
4334	601	
4335	626	
4336	94	
4337	575	
4338	781	
4339	312	
4340	470	
4341	966	
4342	95	
4343	451	
4344	911	
4345	250	
4346	507	
4347	702	
4348	514	
4349	493	
4350	510	
4351	72	
4352	34	
4353	554	
4354	859	
4355	186	
4356	404	
4357	711	
4358	682	
4359	8	
4360	416	
4361	733	
4362	200	
4363	485	
4364	79	
4365	892	
4366	340	
4367	785	
4368	629	
4369	394	
4370	645	
4371	324	
4372	6	
4373	315	
4374	719	
4375	217	
4376	162	
4377	239	
4378	517	
4379	486	
4380	962	
4381	448	
4382	269	
4383	192	
4384	434	
4385	627	
4386	529	
4387	849	
4388	663	
4389	284	
4390	42	
4391	68	
4392	616	
4393	972	
4394	461	
4395	916	
4396	791	
4397	764	
4398	503	
4399	42	
4400	135	
4401	545	
4402	610	
4403	302	
4404	796	
4405	328	
4406	120	
4407	259	
4408	408	
4409	864	
4410	636	
4411	261	
4412	930	
4413	852	
4414	294	
4415	579	
4416	998	
4417	992	
4418	365	
4419	975	
4420	914	
4421	497	
4422	740	
4423	570	
4424	372	
4425	416	
4426	919	
4427	323	
4428	303	
4429	661	
4430	501	
4431	327	
4432	796	
4433	109	
4434	69	
4435	191	
4436	835	
4437	85	
4438	74	
4439	455	
4440	513	
4441	158	
4442	81	
4443	426	
4444	465	
4445	505	
4446	160	
4447	65	
4448	254	
4449	442	
4450	326	
4451	115	
4452	428	
4453	223	
4454	439	
4455	860	
4456	516	
4457	624	
4458	95	
4459	296	
4460	694	
4461	414	
4462	883	
4463	6	
4464	86	
4465	885	
4466	357	
4467	743	
4468	89	
4469	251	
4470	615	
4471	205	
4472	55	
4473	601	
4474	684	
4475	847	
4476	912	
4477	671	
4478	732	
4479	977	
4480	273	
4481	161	
4482	574	
4483	662	
4484	510	
4485	366	
4486	789	
4487	888	
4488	847	
4489	653	
4490	21	
4491	251	
4492	452	
4493	32	
4494	508	
4495	639	
4496	275	
4497	730	
4498	787	
4499	109	
4500	191	
4501	90	
4502	949	
4503	119	
4504	831	
4505	40	
4506	796	
4507	265	
4508	895	
4509	789	
4510	825	
4511	820	
4512	536	
4513	876	
4514	186	
4515	791	
4516	407	
4517	157	
4518	139	
4519	406	
4520	869	
4521	494	
4522	312	
4523	477	
4524	795	
4525	394	
4526	590	
4527	939	
4528	931	
4529	636	
4530	999	
4531	10	
4532	812	
4533	322	
4534	276	
4535	370	
4536	756	
4537	636	
4538	587	
4539	227	
4540	437	
4541	451	
4542	672	
4543	273	
4544	986	
4545	204	
4546	685	
4547	135	
4548	136	
4549	533	
4550	180	
4551	495	
4552	200	
4553	356	
4554	617	
4555	38	
4556	417	
4557	157	
4558	986	
4559	698	
4560	256	
4561	354	
4562	56	
4563	445	
4564	585	
4565	202	
4566	350	
4567	217	
4568	372	
4569	548	
4570	526	
4571	723	
4572	123	
4573	403	
4574	649	
4575	346	
4576	424	
4577	921	
4578	573	
4579	310	
4580	273	
4581	309	
4582	830	
4583	59	
4584	590	
4585	983	
4586	159	
4587	349	
4588	879	
4589	88	
4590	15	
4591	36	
4592	103	
4593	301	
4594	975	
4595	743	
4596	61	
4597	259	
4598	296	
4599	882	
4600	568	
4601	1	
4602	215	
4603	585	
4604	336	
4605	690	
4606	675	
4607	548	
4608	570	
4609	18	
4610	387	
4611	355	
4612	490	
4613	438	
4614	49	
4615	345	
4616	751	
4617	294	
4618	419	
4619	851	
4620	884	
4621	797	
4622	735	
4623	744	
4624	35	
4625	949	
4626	700	
4627	448	
4628	994	
4629	956	
4630	117	
4631	542	
4632	31	
4633	851	
4634	286	
4635	903	
4636	653	
4637	435	
4638	63	
4639	634	
4640	503	
4641	968	
4642	302	
4643	791	
4644	226	
4645	304	
4646	263	
4647	619	
4648	908	
4649	994	
4650	445	
4651	816	
4652	897	
4653	129	
4654	415	
4655	6	
4656	978	
4657	961	
4658	454	
4659	487	
4660	821	
4661	734	
4662	627	
4663	740	
4664	26	
4665	529	
4666	811	
4667	51	
4668	202	
4669	452	
4670	684	
4671	186	
4672	144	
4673	195	
4674	175	
4675	938	
4676	457	
4677	506	
4678	990	
4679	742	
4680	389	
4681	387	
4682	356	
4683	139	
4684	485	
4685	487	
4686	754	
4687	272	
4688	397	
4689	58	
4690	190	
4691	533	
4692	241	
4693	665	
4694	835	
4695	253	
4696	785	
4697	380	
4698	621	
4699	173	
4700	878	
4701	606	
4702	755	
4703	532	
4704	756	
4705	866	
4706	862	
4707	683	
4708	80	
4709	981	
4710	390	
4711	380	
4712	762	
4713	48	
4714	649	
4715	325	
4716	521	
4717	397	
4718	525	
4719	500	
4720	723	
4721	679	
4722	707	
4723	809	
4724	404	
4725	316	
4726	356	
4727	513	
4728	403	
4729	724	
4730	597	
4731	334	
4732	178	
4733	608	
4734	884	
4735	514	
4736	717	
4737	837	
4738	82	
4739	91	
4740	615	
4741	905	
4742	72	
4743	165	
4744	602	
4745	226	
4746	652	
4747	510	
4748	293	
4749	948	
4750	859	
4751	210	
4752	461	
4753	265	
4754	798	
4755	164	
4756	311	
4757	824	
4758	263	
4759	463	
4760	297	
4761	832	
4762	514	
4763	342	
4764	54	
4765	787	
4766	158	
4767	570	
4768	544	
4769	974	
4770	28	
4771	937	
4772	414	
4773	101	
4774	868	
4775	961	
4776	693	
4777	985	
4778	60	
4779	157	
4780	233	
4781	187	
4782	530	
4783	795	
4784	387	
4785	856	
4786	375	
4787	350	
4788	241	
4789	636	
4790	28	
4791	104	
4792	795	
4793	409	
4794	101	
4795	909	
4796	457	
4797	63	
4798	834	
4799	980	
4800	32	
4801	267	
4802	587	
4803	495	
4804	428	
4805	306	
4806	113	
4807	263	
4808	381	
4809	76	
4810	330	
4811	18	
4812	908	
4813	435	
4814	651	
4815	207	
4816	532	
4817	843	
4818	437	
4819	383	
4820	323	
4821	465	
4822	546	
4823	819	
4824	952	
4825	334	
4826	766	
4827	2	
4828	316	
4829	299	
4830	952	
4831	481	
4832	563	
4833	924	
4834	536	
4835	594	
4836	58	
4837	455	
4838	192	
4839	584	
4840	592	
4841	668	
4842	630	
4843	951	
4844	870	
4845	156	
4846	142	
4847	334	
4848	801	
4849	43	
4850	137	
4851	294	
4852	436	
4853	447	
4854	258	
4855	97	
4856	320	
4857	784	
4858	828	
4859	941	
4860	70	
4861	400	
4862	735	
4863	33	
4864	361	
4865	427	
4866	291	
4867	533	
4868	687	
4869	533	
4870	401	
4871	27	
4872	366	
4873	984	
4874	55	
4875	50	
4876	417	
4877	501	
4878	594	
4879	511	
4880	889	
4881	623	
4882	162	
4883	499	
4884	198	
4885	974	
4886	291	
4887	34	
4888	53	
4889	95	
4890	312	
4891	56	
4892	713	
4893	78	
4894	144	
4895	555	
4896	284	
4897	381	
4898	459	
4899	366	
4900	652	
4901	924	
4902	259	
4903	905	
4904	944	
4905	505	
4906	53	
4907	291	
4908	370	
4909	543	
4910	863	
4911	538	
4912	21	
4913	1	
4914	385	
4915	600	
4916	854	
4917	677	
4918	110	
4919	933	
4920	325	
4921	946	
4922	522	
4923	825	
4924	794	
4925	940	
4926	395	
4927	168	
4928	650	
4929	349	
4930	585	
4931	581	
4932	9	
4933	435	
4934	255	
4935	378	
4936	286	
4937	487	
4938	930	
4939	548	
4940	724	
4941	105	
4942	223	
4943	553	
4944	637	
4945	942	
4946	958	
4947	866	
4948	335	
4949	436	
4950	187	
4951	875	
4952	25	
4953	866	
4954	545	
4955	600	
4956	700	
4957	675	
4958	687	
4959	808	
4960	99	
4961	689	
4962	117	
4963	571	
4964	29	
4965	179	
4966	685	
4967	357	
4968	576	
4969	41	
4970	36	
4971	642	
4972	77	
4973	468	
4974	312	
4975	570	
4976	120	
4977	697	
4978	897	
4979	700	
4980	671	
4981	188	
4982	417	
4983	196	
4984	56	
4985	183	
4986	598	
4987	518	
4988	533	
4989	258	
4990	253	
4991	994	
4992	360	
4993	802	
4994	974	
4995	184	
4996	33	
4997	476	
4998	460	
4999	155	
5000	861	
5001	720	
5002	339	
5003	600	
5004	510	
5005	968	
5006	226	
5007	533	
5008	847	
5009	808	
5010	649	
5011	516	
5012	870	
5013	405	
5014	321	
5015	287	
5016	499	
5017	1000	
5018	576	
5019	507	
5020	397	
5021	370	
5022	852	
5023	567	
5024	521	
5025	743	
5026	101	
5027	316	
5028	116	
5029	149	
5030	533	
5031	972	
5032	493	
5033	827	
5034	609	
5035	228	
5036	14	
5037	340	
5038	886	
5039	36	
5040	794	
5041	476	
5042	446	
5043	267	
5044	166	
5045	487	
5046	691	
5047	493	
5048	329	
5049	382	
5050	56	
5051	319	
5052	869	
5053	779	
5054	701	
5055	927	
5056	974	
5057	753	
5058	745	
5059	638	
5060	863	
5061	607	
5062	175	
5063	183	
5064	890	
5065	476	
5066	451	
5067	727	
5068	318	
5069	33	
5070	708	
5071	244	
5072	408	
5073	900	
5074	514	
5075	96	
5076	117	
5077	305	
5078	854	
5079	85	
5080	515	
5081	504	
5082	22	
5083	361	
5084	917	
5085	580	
5086	144	
5087	353	
5088	270	
5089	288	
5090	947	
5091	422	
5092	82	
5093	369	
5094	227	
5095	725	
5096	442	
5097	72	
5098	212	
5099	912	
5100	902	
5101	375	
5102	92	
5103	392	
5104	42	
5105	409	
5106	482	
5107	148	
5108	571	
5109	476	
5110	555	
5111	689	
5112	561	
5113	903	
5114	449	
5115	553	
5116	269	
5117	998	
5118	52	
5119	717	
5120	129	
5121	427	
5122	587	
5123	982	
5124	212	
5125	268	
5126	609	
5127	21	
5128	805	
5129	906	
5130	298	
5131	648	
5132	53	
5133	117	
5134	565	
5135	822	
5136	408	
5137	34	
5138	425	
5139	695	
5140	57	
5141	135	
5142	337	
5143	78	
5144	666	
5145	155	
5146	858	
5147	689	
5148	676	
5149	560	
5150	26	
5151	869	
5152	825	
5153	379	
5154	752	
5155	724	
5156	126	
5157	448	
5158	632	
5159	600	
5160	636	
5161	104	
5162	902	
5163	839	
5164	244	
5165	836	
5166	855	
5167	63	
5168	777	
5169	56	
5170	797	
5171	712	
5172	511	
5173	571	
5174	305	
5175	487	
5176	263	
5177	115	
5178	961	
5179	759	
5180	106	
5181	76	
5182	561	
5183	335	
5184	420	
5185	63	
5186	611	
5187	768	
5188	656	
5189	444	
5190	41	
5191	86	
5192	407	
5193	690	
5194	95	
5195	684	
5196	475	
5197	779	
5198	100	
5199	754	
5200	149	
5201	515	
5202	351	
5203	832	
5204	493	
5205	288	
5206	683	
5207	762	
5208	592	
5209	552	
5210	501	
5211	843	
5212	129	
5213	871	
5214	834	
5215	123	
5216	922	
5217	440	
5218	548	
5219	532	
5220	977	
5221	65	
5222	908	
5223	694	
5224	614	
5225	426	
5226	78	
5227	608	
5228	417	
5229	908	
5230	498	
5231	432	
5232	854	
5233	523	
5234	494	
5235	911	
5236	850	
5237	53	
5238	991	
5239	663	
5240	652	
5241	322	
5242	319	
5243	910	
5244	279	
5245	356	
5246	693	
5247	899	
5248	292	
5249	622	
5250	970	
5251	757	
5252	314	
5253	183	
5254	440	
5255	641	
5256	416	
5257	334	
5258	155	
5259	578	
5260	343	
5261	268	
5262	345	
5263	984	
5264	778	
5265	951	
5266	83	
5267	636	
5268	942	
5269	195	
5270	835	
5271	143	
5272	420	
5273	176	
5274	70	
5275	232	
5276	620	
5277	729	
5278	857	
5279	69	
5280	938	
5281	672	
5282	566	
5283	630	
5284	91	
5285	141	
5286	646	
5287	631	
5288	78	
5289	70	
5290	101	
5291	563	
5292	628	
5293	398	
5294	458	
5295	20	
5296	385	
5297	567	
5298	310	
5299	680	
5300	891	
5301	473	
5302	970	
5303	354	
5304	624	
5305	707	
5306	819	
5307	361	
5308	290	
5309	366	
5310	495	
5311	321	
5312	787	
5313	895	
5314	231	
5315	389	
5316	459	
5317	484	
5318	781	
5319	975	
5320	671	
5321	627	
5322	613	
5323	379	
5324	265	
5325	984	
5326	85	
5327	385	
5328	237	
5329	901	
5330	262	
5331	130	
5332	327	
5333	792	
5334	794	
5335	624	
5336	23	
5337	442	
5338	118	
5339	312	
5340	174	
5341	765	
5342	599	
5343	888	
5344	200	
5345	459	
5346	262	
5347	155	
5348	387	
5349	131	
5350	430	
5351	905	
5352	44	
5353	117	
5354	962	
5355	322	
5356	598	
5357	90	
5358	858	
5359	770	
5360	771	
5361	255	
5362	988	
5363	763	
5364	114	
5365	416	
5366	996	
5367	528	
5368	418	
5369	151	
5370	942	
5371	69	
5372	747	
5373	636	
5374	624	
5375	722	
5376	385	
5377	211	
5378	347	
5379	775	
5380	602	
5381	227	
5382	425	
5383	983	
5384	812	
5385	411	
5386	453	
5387	783	
5388	842	
5389	237	
5390	824	
5391	693	
5392	358	
5393	341	
5394	936	
5395	411	
5396	573	
5397	633	
5398	880	
5399	691	
5400	752	
5401	167	
5402	188	
5403	354	
5404	751	
5405	435	
5406	99	
5407	470	
5408	373	
5409	776	
5410	989	
5411	826	
5412	857	
5413	548	
5414	509	
5415	415	
5416	337	
5417	342	
5418	958	
5419	58	
5420	814	
5421	209	
5422	575	
5423	931	
5424	548	
5425	824	
5426	489	
5427	297	
5428	80	
5429	905	
5430	477	
5431	680	
5432	650	
5433	581	
5434	80	
5435	836	
5436	915	
5437	339	
5438	848	
5439	477	
5440	557	
5441	842	
5442	973	
5443	228	
5444	696	
5445	469	
5446	379	
5447	754	
5448	240	
5449	574	
5450	365	
5451	900	
5452	161	
5453	958	
5454	105	
5455	387	
5456	358	
5457	424	
5458	935	
5459	286	
5460	763	
5461	475	
5462	403	
5463	688	
5464	640	
5465	975	
5466	545	
5467	142	
5468	222	
5469	780	
5470	310	
5471	343	
5472	601	
5473	896	
5474	611	
5475	828	
5476	950	
5477	255	
5478	170	
5479	335	
5480	28	
5481	626	
5482	361	
5483	37	
5484	973	
5485	827	
5486	164	
5487	286	
5488	587	
5489	341	
5490	476	
5491	393	
5492	221	
5493	165	
5494	148	
5495	954	
5496	513	
5497	789	
5498	800	
5499	886	
5500	745	
5501	766	
5502	238	
5503	43	
5504	800	
5505	466	
5506	438	
5507	491	
5508	924	
5509	850	
5510	324	
5511	151	
5512	907	
5513	515	
5514	522	
5515	605	
5516	591	
5517	96	
5518	184	
5519	627	
5520	684	
5521	478	
5522	606	
5523	155	
5524	510	
5525	216	
5526	46	
5527	512	
5528	838	
5529	944	
5530	492	
5531	501	
5532	388	
5533	128	
5534	655	
5535	314	
5536	411	
5537	202	
5538	527	
5539	448	
5540	769	
5541	285	
5542	302	
5543	761	
5544	342	
5545	65	
5546	977	
5547	195	
5548	530	
5549	919	
5550	870	
5551	444	
5552	889	
5553	747	
5554	118	
5555	372	
5556	632	
5557	620	
5558	393	
5559	136	
5560	974	
5561	376	
5562	518	
5563	98	
5564	542	
5565	370	
5566	322	
5567	596	
5568	593	
5569	174	
5570	765	
5571	676	
5572	198	
5573	57	
5574	227	
5575	46	
5576	52	
5577	259	
5578	206	
5579	760	
5580	628	
5581	390	
5582	294	
5583	486	
5584	513	
5585	118	
5586	955	
5587	244	
5588	281	
5589	128	
5590	63	
5591	378	
5592	522	
5593	429	
5594	990	
5595	823	
5596	360	
5597	501	
5598	815	
5599	296	
5600	507	
5601	190	
5602	642	
5603	959	
5604	923	
5605	245	
5606	825	
5607	238	
5608	742	
5609	730	
5610	937	
5611	427	
5612	437	
5613	69	
5614	312	
5615	12	
5616	725	
5617	36	
5618	278	
5619	994	
5620	273	
5621	709	
5622	269	
5623	527	
5624	514	
5625	622	
5626	171	
5627	241	
5628	937	
5629	537	
5630	869	
5631	207	
5632	137	
5633	572	
5634	643	
5635	144	
5636	303	
5637	826	
5638	424	
5639	201	
5640	515	
5641	45	
5642	417	
5643	45	
5644	95	
5645	118	
5646	779	
5647	180	
5648	188	
5649	360	
5650	494	
5651	182	
5652	769	
5653	378	
5654	422	
5655	871	
5656	982	
5657	163	
5658	326	
5659	410	
5660	58	
5661	382	
5662	285	
5663	240	
5664	210	
5665	582	
5666	331	
5667	792	
5668	611	
5669	320	
5670	250	
5671	342	
5672	485	
5673	317	
5674	895	
5675	414	
5676	992	
5677	638	
5678	791	
5679	183	
5680	135	
5681	896	
5682	964	
5683	394	
5684	465	
5685	240	
5686	768	
5687	185	
5688	677	
5689	838	
5690	831	
5691	554	
5692	499	
5693	635	
5694	446	
5695	428	
5696	847	
5697	492	
5698	448	
5699	439	
5700	447	
5701	462	
5702	829	
5703	901	
5704	65	
5705	258	
5706	602	
5707	301	
5708	176	
5709	400	
5710	542	
5711	4	
5712	774	
5713	269	
5714	744	
5715	891	
5716	401	
5717	735	
5718	12	
5719	414	
5720	463	
5721	861	
5722	789	
5723	601	
5724	707	
5725	761	
5726	49	
5727	723	
5728	8	
5729	375	
5730	170	
5731	884	
5732	530	
5733	437	
5734	409	
5735	560	
5736	706	
5737	315	
5738	467	
5739	259	
5740	736	
5741	706	
5742	918	
5743	372	
5744	128	
5745	174	
5746	818	
5747	964	
5748	328	
5749	854	
5750	841	
5751	798	
5752	862	
5753	776	
5754	81	
5755	982	
5756	523	
5757	71	
5758	798	
5759	580	
5760	556	
5761	455	
5762	506	
5763	168	
5764	645	
5765	77	
5766	655	
5767	437	
5768	6	
5769	313	
5770	922	
5771	703	
5772	728	
5773	773	
5774	887	
5775	158	
5776	790	
5777	124	
5778	17	
5779	867	
5780	878	
5781	622	
5782	664	
5783	912	
5784	319	
5785	784	
5786	690	
5787	754	
5788	683	
5789	606	
5790	605	
5791	176	
5792	996	
5793	611	
5794	552	
5795	146	
5796	608	
5797	917	
5798	423	
5799	580	
5800	622	
5801	355	
5802	790	
5803	18	
5804	143	
5805	592	
5806	626	
5807	44	
5808	120	
5809	583	
5810	373	
5811	937	
5812	277	
5813	374	
5814	721	
5815	677	
5816	525	
5817	981	
5818	633	
5819	108	
5820	474	
5821	54	
5822	813	
5823	926	
5824	951	
5825	20	
5826	124	
5827	587	
5828	330	
5829	166	
5830	393	
5831	438	
5832	265	
5833	586	
5834	272	
5835	700	
5836	958	
5837	780	
5838	727	
5839	91	
5840	821	
5841	774	
5842	623	
5843	357	
5844	275	
5845	175	
5846	531	
5847	924	
5848	854	
5849	47	
5850	222	
5851	781	
5852	657	
5853	806	
5854	574	
5855	471	
5856	430	
5857	74	
5858	949	
5859	163	
5860	259	
5861	287	
5862	316	
5863	819	
5864	672	
5865	326	
5866	247	
5867	636	
5868	925	
5869	209	
5870	502	
5871	646	
5872	78	
5873	106	
5874	679	
5875	912	
5876	928	
5877	569	
5878	239	
5879	230	
5880	267	
5881	661	
5882	352	
5883	685	
5884	591	
5885	351	
5886	193	
5887	963	
5888	777	
5889	900	
5890	603	
5891	481	
5892	733	
5893	201	
5894	120	
5895	354	
5896	891	
5897	655	
5898	548	
5899	539	
5900	387	
5901	438	
5902	662	
5903	675	
5904	899	
5905	395	
5906	309	
5907	706	
5908	877	
5909	411	
5910	644	
5911	307	
5912	467	
5913	719	
5914	296	
5915	83	
5916	389	
5917	745	
5918	382	
5919	98	
5920	815	
5921	755	
5922	992	
5923	606	
5924	478	
5925	636	
5926	39	
5927	61	
5928	369	
5929	372	
5930	735	
5931	529	
5932	713	
5933	820	
5934	447	
5935	195	
5936	75	
5937	112	
5938	376	
5939	202	
5940	834	
5941	558	
5942	851	
5943	955	
5944	383	
5945	279	
5946	517	
5947	216	
5948	219	
5949	643	
5950	429	
5951	651	
5952	273	
5953	662	
5954	162	
5955	802	
5956	790	
5957	503	
5958	534	
5959	441	
5960	955	
5961	109	
5962	431	
5963	557	
5964	527	
5965	698	
5966	187	
5967	141	
5968	54	
5969	194	
5970	457	
5971	121	
5972	39	
5973	170	
5974	292	
5975	36	
5976	447	
5977	243	
5978	697	
5979	132	
5980	576	
5981	542	
5982	277	
5983	150	
5984	103	
5985	150	
5986	793	
5987	932	
5988	623	
5989	75	
5990	496	
5991	928	
5992	32	
5993	411	
5994	685	
5995	112	
5996	316	
5997	745	
5998	952	
5999	858	
6000	726	
6001	704	
6002	903	
6003	951	
6004	979	
6005	222	
6006	198	
6007	905	
6008	306	
6009	75	
6010	905	
6011	894	
6012	117	
6013	633	
6014	167	
6015	940	
6016	728	
6017	195	
6018	302	
6019	141	
6020	879	
6021	888	
6022	859	
6023	994	
6024	585	
6025	670	
6026	537	
6027	410	
6028	489	
6029	41	
6030	478	
6031	610	
6032	113	
6033	875	
6034	523	
6035	19	
6036	966	
6037	283	
6038	42	
6039	200	
6040	873	
6041	777	
6042	864	
6043	943	
6044	50	
6045	573	
6046	594	
6047	565	
6048	837	
6049	837	
6050	505	
6051	260	
6052	678	
6053	741	
6054	160	
6055	879	
6056	102	
6057	86	
6058	90	
6059	34	
6060	157	
6061	473	
6062	462	
6063	484	
6064	687	
6065	187	
6066	933	
6067	126	
6068	330	
6069	257	
6070	536	
6071	746	
6072	155	
6073	66	
6074	348	
6075	126	
6076	198	
6077	458	
6078	775	
6079	417	
6080	565	
6081	355	
6082	138	
6083	426	
6084	421	
6085	427	
6086	278	
6087	526	
6088	870	
6089	482	
6090	905	
6091	953	
6092	73	
6093	50	
6094	600	
6095	377	
6096	538	
6097	991	
6098	652	
6099	551	
6100	869	
6101	279	
6102	303	
6103	879	
6104	650	
6105	73	
6106	158	
6107	476	
6108	514	
6109	175	
6110	430	
6111	943	
6112	649	
6113	357	
6114	752	
6115	255	
6116	988	
6117	905	
6118	334	
6119	728	
6120	114	
6121	627	
6122	709	
6123	870	
6124	477	
6125	68	
6126	708	
6127	536	
6128	503	
6129	64	
6130	281	
6131	399	
6132	223	
6133	638	
6134	1000	
6135	518	
6136	827	
6137	156	
6138	109	
6139	825	
6140	21	
6141	93	
6142	774	
6143	472	
6144	545	
6145	780	
6146	708	
6147	42	
6148	274	
6149	208	
6150	496	
6151	700	
6152	2	
6153	280	
6154	208	
6155	178	
6156	616	
6157	358	
6158	937	
6159	850	
6160	225	
6161	54	
6162	588	
6163	190	
6164	153	
6165	789	
6166	106	
6167	319	
6168	113	
6169	68	
6170	826	
6171	756	
6172	97	
6173	347	
6174	368	
6175	891	
6176	52	
6177	800	
6178	893	
6179	708	
6180	808	
6181	88	
6182	643	
6183	587	
6184	661	
6185	450	
6186	207	
6187	188	
6188	771	
6189	873	
6190	15	
6191	327	
6192	46	
6193	208	
6194	636	
6195	27	
6196	323	
6197	565	
6198	279	
6199	276	
6200	194	
6201	192	
6202	556	
6203	638	
6204	291	
6205	59	
6206	395	
6207	945	
6208	259	
6209	305	
6210	596	
6211	469	
6212	574	
6213	392	
6214	760	
6215	269	
6216	420	
6217	801	
6218	773	
6219	94	
6220	837	
6221	108	
6222	400	
6223	318	
6224	999	
6225	591	
6226	809	
6227	311	
6228	221	
6229	958	
6230	964	
6231	283	
6232	470	
6233	345	
6234	84	
6235	807	
6236	142	
6237	274	
6238	336	
6239	498	
6240	989	
6241	390	
6242	696	
6243	420	
6244	747	
6245	353	
6246	479	
6247	393	
6248	830	
6249	732	
6250	712	
6251	894	
6252	288	
6253	272	
6254	282	
6255	952	
6256	419	
6257	154	
6258	117	
6259	785	
6260	6	
6261	391	
6262	580	
6263	324	
6264	247	
6265	374	
6266	426	
6267	774	
6268	704	
6269	179	
6270	311	
6271	301	
6272	924	
6273	952	
6274	11	
6275	866	
6276	640	
6277	323	
6278	535	
6279	952	
6280	604	
6281	428	
6282	256	
6283	12	
6284	577	
6285	717	
6286	861	
6287	997	
6288	459	
6289	906	
6290	390	
6291	74	
6292	958	
6293	849	
6294	301	
6295	865	
6296	947	
6297	897	
6298	622	
6299	884	
6300	705	
6301	212	
6302	40	
6303	675	
6304	573	
6305	654	
6306	658	
6307	839	
6308	612	
6309	885	
6310	193	
6311	194	
6312	350	
6313	648	
6314	783	
6315	809	
6316	875	
6317	99	
6318	290	
6319	468	
6320	343	
6321	919	
6322	708	
6323	554	
6324	207	
6325	859	
6326	7	
6327	151	
6328	242	
6329	15	
6330	199	
6331	696	
6332	90	
6333	341	
6334	602	
6335	211	
6336	875	
6337	753	
6338	640	
6339	602	
6340	305	
6341	176	
6342	820	
6343	22	
6344	331	
6345	10	
6346	610	
6347	373	
6348	52	
6349	224	
6350	713	
6351	910	
6352	830	
6353	80	
6354	425	
6355	361	
6356	239	
6357	502	
6358	363	
6359	785	
6360	981	
6361	883	
6362	789	
6363	115	
6364	403	
6365	416	
6366	573	
6367	630	
6368	988	
6369	481	
6370	323	
6371	587	
6372	908	
6373	171	
6374	897	
6375	381	
6376	84	
6377	247	
6378	196	
6379	503	
6380	828	
6381	687	
6382	738	
6383	530	
6384	409	
6385	758	
6386	819	
6387	846	
6388	918	
6389	570	
6390	825	
6391	253	
6392	196	
6393	595	
6394	418	
6395	949	
6396	212	
6397	907	
6398	370	
6399	548	
6400	416	
6401	453	
6402	140	
6403	188	
6404	224	
6405	127	
6406	768	
6407	534	
6408	705	
6409	266	
6410	107	
6411	384	
6412	645	
6413	702	
6414	948	
6415	713	
6416	991	
6417	489	
6418	594	
6419	649	
6420	61	
6421	46	
6422	249	
6423	268	
6424	614	
6425	928	
6426	52	
6427	621	
6428	204	
6429	86	
6430	97	
6431	861	
6432	633	
6433	174	
6434	954	
6435	51	
6436	275	
6437	988	
6438	656	
6439	570	
6440	881	
6441	745	
6442	800	
6443	632	
6444	629	
6445	342	
6446	199	
6447	275	
6448	521	
6449	168	
6450	7	
6451	740	
6452	36	
6453	91	
6454	482	
6455	773	
6456	732	
6457	113	
6458	307	
6459	444	
6460	251	
6461	706	
6462	474	
6463	448	
6464	965	
6465	915	
6466	638	
6467	808	
6468	317	
6469	705	
6470	58	
6471	209	
6472	61	
6473	844	
6474	954	
6475	254	
6476	996	
6477	719	
6478	69	
6479	391	
6480	791	
6481	804	
6482	538	
6483	604	
6484	403	
6485	49	
6486	277	
6487	921	
6488	502	
6489	991	
6490	472	
6491	210	
6492	275	
6493	183	
6494	804	
6495	325	
6496	860	
6497	157	
6498	856	
6499	900	
6500	392	
6501	231	
6502	933	
6503	186	
6504	364	
6505	693	
6506	538	
6507	763	
6508	843	
6509	336	
6510	156	
6511	846	
6512	688	
6513	292	
6514	602	
6515	116	
6516	449	
6517	959	
6518	225	
6519	440	
6520	227	
6521	962	
6522	795	
6523	638	
6524	722	
6525	212	
6526	784	
6527	766	
6528	839	
6529	884	
6530	815	
6531	311	
6532	209	
6533	902	
6534	515	
6535	70	
6536	463	
6537	674	
6538	968	
6539	719	
6540	962	
6541	41	
6542	116	
6543	24	
6544	429	
6545	697	
6546	528	
6547	306	
6548	6	
6549	334	
6550	495	
6551	81	
6552	836	
6553	17	
6554	276	
6555	849	
6556	424	
6557	779	
6558	589	
6559	384	
6560	934	
6561	143	
6562	636	
6563	737	
6564	419	
6565	549	
6566	729	
6567	693	
6568	430	
6569	331	
6570	531	
6571	313	
6572	921	
6573	668	
6574	550	
6575	36	
6576	926	
6577	91	
6578	668	
6579	943	
6580	644	
6581	846	
6582	830	
6583	333	
6584	249	
6585	869	
6586	482	
6587	522	
6588	847	
6589	889	
6590	860	
6591	790	
6592	817	
6593	335	
6594	870	
6595	385	
6596	428	
6597	525	
6598	130	
6599	974	
6600	792	
6601	833	
6602	540	
6603	681	
6604	295	
6605	695	
6606	42	
6607	835	
6608	306	
6609	361	
6610	85	
6611	538	
6612	528	
6613	630	
6614	520	
6615	931	
6616	713	
6617	397	
6618	517	
6619	306	
6620	4	
6621	168	
6622	669	
6623	382	
6624	63	
6625	484	
6626	990	
6627	320	
6628	789	
6629	581	
6630	844	
6631	529	
6632	446	
6633	700	
6634	578	
6635	777	
6636	980	
6637	826	
6638	576	
6639	516	
6640	698	
6641	284	
6642	436	
6643	100	
6644	389	
6645	503	
6646	219	
6647	636	
6648	109	
6649	362	
6650	311	
6651	801	
6652	58	
6653	304	
6654	623	
6655	937	
6656	864	
6657	645	
6658	492	
6659	789	
6660	901	
6661	662	
6662	32	
6663	136	
6664	944	
6665	147	
6666	366	
6667	95	
6668	897	
6669	71	
6670	215	
6671	664	
6672	221	
6673	803	
6674	297	
6675	261	
6676	441	
6677	384	
6678	391	
6679	440	
6680	812	
6681	324	
6682	110	
6683	30	
6684	999	
6685	577	
6686	11	
6687	526	
6688	654	
6689	523	
6690	207	
6691	745	
6692	461	
6693	424	
6694	901	
6695	345	
6696	637	
6697	639	
6698	944	
6699	667	
6700	718	
6701	843	
6702	231	
6703	719	
6704	709	
6705	224	
6706	459	
6707	964	
6708	637	
6709	986	
6710	717	
6711	758	
6712	359	
6713	530	
6714	242	
6715	122	
6716	604	
6717	130	
6718	672	
6719	278	
6720	399	
6721	237	
6722	528	
6723	643	
6724	101	
6725	738	
6726	452	
6727	829	
6728	678	
6729	352	
6730	359	
6731	783	
6732	563	
6733	281	
6734	258	
6735	552	
6736	463	
6737	16	
6738	491	
6739	306	
6740	416	
6741	117	
6742	301	
6743	703	
6744	950	
6745	605	
6746	788	
6747	733	
6748	520	
6749	268	
6750	487	
6751	825	
6752	403	
6753	117	
6754	599	
6755	437	
6756	308	
6757	389	
6758	964	
6759	875	
6760	690	
6761	253	
6762	620	
6763	40	
6764	495	
6765	407	
6766	350	
6767	716	
6768	806	
6769	190	
6770	448	
6771	399	
6772	372	
6773	896	
6774	198	
6775	915	
6776	880	
6777	669	
6778	868	
6779	366	
6780	580	
6781	958	
6782	608	
6783	126	
6784	371	
6785	696	
6786	11	
6787	956	
6788	187	
6789	513	
6790	454	
6791	500	
6792	706	
6793	447	
6794	967	
6795	841	
6796	931	
6797	622	
6798	907	
6799	379	
6800	360	
6801	272	
6802	611	
6803	146	
6804	878	
6805	532	
6806	209	
6807	657	
6808	222	
6809	609	
6810	786	
6811	270	
6812	8	
6813	601	
6814	67	
6815	910	
6816	791	
6817	281	
6818	469	
6819	971	
6820	313	
6821	709	
6822	858	
6823	175	
6824	198	
6825	22	
6826	647	
6827	432	
6828	478	
6829	509	
6830	266	
6831	860	
6832	421	
6833	503	
6834	780	
6835	228	
6836	345	
6837	304	
6838	230	
6839	418	
6840	431	
6841	506	
6842	437	
6843	524	
6844	75	
6845	357	
6846	647	
6847	912	
6848	766	
6849	822	
6850	68	
6851	856	
6852	208	
6853	306	
6854	848	
6855	61	
6856	245	
6857	865	
6858	253	
6859	758	
6860	465	
6861	981	
6862	91	
6863	40	
6864	718	
6865	642	
6866	778	
6867	292	
6868	850	
6869	573	
6870	164	
6871	182	
6872	500	
6873	839	
6874	741	
6875	225	
6876	670	
6877	441	
6878	612	
6879	86	
6880	929	
6881	303	
6882	729	
6883	68	
6884	69	
6885	999	
6886	543	
6887	910	
6888	448	
6889	97	
6890	785	
6891	90	
6892	548	
6893	614	
6894	790	
6895	662	
6896	11	
6897	634	
6898	926	
6899	875	
6900	980	
6901	291	
6902	508	
6903	556	
6904	797	
6905	793	
6906	820	
6907	285	
6908	480	
6909	574	
6910	347	
6911	125	
6912	800	
6913	741	
6914	4	
6915	934	
6916	835	
6917	941	
6918	207	
6919	474	
6920	511	
6921	61	
6922	458	
6923	349	
6924	118	
6925	135	
6926	138	
6927	679	
6928	676	
6929	646	
6930	663	
6931	65	
6932	341	
6933	481	
6934	29	
6935	868	
6936	930	
6937	528	
6938	839	
6939	199	
6940	34	
6941	508	
6942	668	
6943	448	
6944	410	
6945	800	
6946	628	
6947	415	
6948	624	
6949	556	
6950	730	
6951	232	
6952	977	
6953	470	
6954	185	
6955	207	
6956	384	
6957	713	
6958	519	
6959	323	
6960	16	
6961	207	
6962	663	
6963	893	
6964	814	
6965	872	
6966	528	
6967	472	
6968	226	
6969	771	
6970	833	
6971	264	
6972	468	
6973	298	
6974	231	
6975	893	
6976	656	
6977	616	
6978	858	
6979	663	
6980	620	
6981	507	
6982	550	
6983	976	
6984	103	
6985	684	
6986	21	
6987	991	
6988	10	
6989	675	
6990	263	
6991	329	
6992	488	
6993	717	
6994	163	
6995	880	
6996	302	
6997	904	
6998	45	
6999	662	
7000	365	
7001	803	
7002	312	
7003	280	
7004	685	
7005	249	
7006	371	
7007	524	
7008	394	
7009	828	
7010	958	
7011	605	
7012	864	
7013	227	
7014	555	
7015	364	
7016	656	
7017	326	
7018	359	
7019	502	
7020	963	
7021	326	
7022	168	
7023	74	
7024	187	
7025	464	
7026	206	
7027	897	
7028	46	
7029	592	
7030	795	
7031	806	
7032	332	
7033	280	
7034	909	
7035	238	
7036	598	
7037	416	
7038	745	
7039	159	
7040	447	
7041	45	
7042	839	
7043	386	
7044	788	
7045	820	
7046	946	
7047	322	
7048	965	
7049	333	
7050	254	
7051	555	
7052	684	
7053	546	
7054	722	
7055	734	
7056	786	
7057	255	
7058	310	
7059	186	
7060	662	
7061	953	
7062	203	
7063	90	
7064	927	
7065	41	
7066	871	
7067	91	
7068	815	
7069	432	
7070	528	
7071	99	
7072	456	
7073	586	
7074	838	
7075	421	
7076	832	
7077	61	
7078	195	
7079	130	
7080	598	
7081	504	
7082	500	
7083	159	
7084	404	
7085	22	
7086	286	
7087	948	
7088	901	
7089	314	
7090	419	
7091	800	
7092	573	
7093	43	
7094	605	
7095	519	
7096	542	
7097	759	
7098	767	
7099	374	
7100	55	
7101	73	
7102	641	
7103	27	
7104	892	
7105	476	
7106	530	
7107	607	
7108	323	
7109	775	
7110	845	
7111	653	
7112	474	
7113	912	
7114	663	
7115	290	
7116	548	
7117	619	
7118	244	
7119	341	
7120	259	
7121	35	
7122	55	
7123	694	
7124	228	
7125	261	
7126	216	
7127	792	
7128	144	
7129	625	
7130	621	
7131	856	
7132	367	
7133	314	
7134	476	
7135	261	
7136	436	
7137	123	
7138	628	
7139	664	
7140	750	
7141	65	
7142	593	
7143	243	
7144	538	
7145	797	
7146	447	
7147	300	
7148	468	
7149	9	
7150	772	
7151	120	
7152	837	
7153	400	
7154	488	
7155	690	
7156	299	
7157	864	
7158	957	
7159	179	
7160	230	
7161	64	
7162	32	
7163	521	
7164	606	
7165	76	
7166	592	
7167	882	
7168	224	
7169	318	
7170	324	
7171	463	
7172	224	
7173	108	
7174	503	
7175	147	
7176	582	
7177	39	
7178	205	
7179	404	
7180	19	
7181	343	
7182	349	
7183	774	
7184	554	
7185	913	
7186	774	
7187	204	
7188	481	
7189	387	
7190	540	
7191	513	
7192	39	
7193	356	
7194	785	
7195	448	
7196	533	
7197	342	
7198	214	
7199	465	
7200	935	
7201	502	
7202	953	
7203	789	
7204	226	
7205	968	
7206	726	
7207	887	
7208	445	
7209	173	
7210	417	
7211	674	
7212	290	
7213	62	
7214	351	
7215	791	
7216	235	
7217	495	
7218	642	
7219	822	
7220	519	
7221	799	
7222	228	
7223	897	
7224	276	
7225	468	
7226	904	
7227	30	
7228	876	
7229	250	
7230	861	
7231	379	
7232	978	
7233	938	
7234	628	
7235	658	
7236	244	
7237	156	
7238	135	
7239	540	
7240	16	
7241	799	
7242	730	
7243	295	
7244	424	
7245	501	
7246	908	
7247	530	
7248	776	
7249	290	
7250	756	
7251	302	
7252	420	
7253	932	
7254	341	
7255	572	
7256	93	
7257	505	
7258	324	
7259	267	
7260	546	
7261	917	
7262	967	
7263	288	
7264	49	
7265	451	
7266	317	
7267	789	
7268	749	
7269	625	
7270	922	
7271	892	
7272	254	
7273	719	
7274	265	
7275	139	
7276	342	
7277	765	
7278	146	
7279	768	
7280	336	
7281	330	
7282	75	
7283	388	
7284	417	
7285	865	
7286	841	
7287	802	
7288	801	
7289	771	
7290	182	
7291	454	
7292	416	
7293	658	
7294	625	
7295	327	
7296	843	
7297	129	
7298	651	
7299	103	
7300	494	
7301	855	
7302	702	
7303	655	
7304	368	
7305	162	
7306	182	
7307	142	
7308	740	
7309	918	
7310	929	
7311	97	
7312	628	
7313	166	
7314	352	
7315	529	
7316	654	
7317	239	
7318	118	
7319	858	
7320	921	
7321	281	
7322	253	
7323	64	
7324	526	
7325	743	
7326	854	
7327	489	
7328	681	
7329	179	
7330	831	
7331	71	
7332	478	
7333	373	
7334	588	
7335	381	
7336	366	
7337	459	
7338	808	
7339	999	
7340	170	
7341	327	
7342	338	
7343	292	
7344	932	
7345	174	
7346	611	
7347	213	
7348	618	
7349	349	
7350	940	
7351	733	
7352	716	
7353	708	
7354	826	
7355	960	
7356	331	
7357	140	
7358	644	
7359	918	
7360	154	
7361	514	
7362	608	
7363	390	
7364	774	
7365	908	
7366	523	
7367	453	
7368	352	
7369	384	
7370	32	
7371	127	
7372	87	
7373	625	
7374	469	
7375	242	
7376	559	
7377	196	
7378	763	
7379	919	
7380	654	
7381	100	
7382	772	
7383	2	
7384	828	
7385	123	
7386	965	
7387	639	
7388	328	
7389	995	
7390	563	
7391	765	
7392	871	
7393	726	
7394	424	
7395	748	
7396	150	
7397	491	
7398	124	
7399	288	
7400	548	
7401	706	
7402	549	
7403	125	
7404	235	
7405	988	
7406	498	
7407	82	
7408	398	
7409	717	
7410	377	
7411	928	
7412	626	
7413	868	
7414	950	
7415	714	
7416	222	
7417	7	
7418	93	
7419	381	
7420	532	
7421	890	
7422	229	
7423	310	
7424	632	
7425	550	
7426	452	
7427	80	
7428	182	
7429	139	
7430	247	
7431	93	
7432	533	
7433	64	
7434	489	
7435	322	
7436	928	
7437	511	
7438	952	
7439	301	
7440	552	
7441	748	
7442	5	
7443	688	
7444	845	
7445	276	
7446	178	
7447	21	
7448	5	
7449	224	
7450	899	
7451	313	
7452	633	
7453	617	
7454	23	
7455	459	
7456	700	
7457	19	
7458	623	
7459	515	
7460	109	
7461	964	
7462	947	
7463	949	
7464	673	
7465	875	
7466	537	
7467	302	
7468	363	
7469	723	
7470	599	
7471	459	
7472	655	
7473	63	
7474	830	
7475	910	
7476	968	
7477	533	
7478	63	
7479	594	
7480	895	
7481	149	
7482	39	
7483	36	
7484	884	
7485	449	
7486	860	
7487	866	
7488	340	
7489	693	
7490	839	
7491	341	
7492	251	
7493	549	
7494	873	
7495	984	
7496	185	
7497	203	
7498	928	
7499	328	
7500	215	
7501	432	
7502	545	
7503	355	
7504	32	
7505	15	
7506	173	
7507	707	
7508	746	
7509	439	
7510	550	
7511	138	
7512	916	
7513	527	
7514	864	
7515	861	
7516	144	
7517	490	
7518	666	
7519	315	
7520	432	
7521	43	
7522	820	
7523	885	
7524	561	
7525	127	
7526	457	
7527	685	
7528	861	
7529	783	
7530	500	
7531	401	
7532	290	
7533	709	
7534	644	
7535	630	
7536	902	
7537	547	
7538	313	
7539	159	
7540	396	
7541	249	
7542	390	
7543	573	
7544	942	
7545	422	
7546	303	
7547	318	
7548	643	
7549	123	
7550	618	
7551	728	
7552	423	
7553	101	
7554	447	
7555	12	
7556	751	
7557	778	
7558	722	
7559	605	
7560	132	
7561	16	
7562	157	
7563	448	
7564	885	
7565	618	
7566	776	
7567	460	
7568	655	
7569	772	
7570	467	
7571	385	
7572	526	
7573	692	
7574	824	
7575	426	
7576	906	
7577	841	
7578	59	
7579	804	
7580	437	
7581	781	
7582	507	
7583	951	
7584	714	
7585	133	
7586	536	
7587	121	
7588	21	
7589	485	
7590	61	
7591	736	
7592	382	
7593	166	
7594	53	
7595	966	
7596	863	
7597	321	
7598	30	
7599	924	
7600	171	
7601	330	
7602	139	
7603	882	
7604	679	
7605	824	
7606	44	
7607	490	
7608	587	
7609	977	
7610	21	
7611	978	
7612	711	
7613	32	
7614	94	
7615	704	
7616	248	
7617	345	
7618	303	
7619	414	
7620	474	
7621	809	
7622	457	
7623	445	
7624	893	
7625	584	
7626	33	
7627	627	
7628	297	
7629	384	
7630	854	
7631	935	
7632	43	
7633	380	
7634	216	
7635	713	
7636	440	
7637	868	
7638	809	
7639	684	
7640	583	
7641	245	
7642	637	
7643	230	
7644	401	
7645	707	
7646	355	
7647	436	
7648	314	
7649	441	
7650	555	
7651	120	
7652	855	
7653	765	
7654	791	
7655	733	
7656	807	
7657	678	
7658	132	
7659	798	
7660	19	
7661	599	
7662	768	
7663	372	
7664	63	
7665	323	
7666	203	
7667	431	
7668	449	
7669	433	
7670	160	
7671	650	
7672	975	
7673	647	
7674	146	
7675	953	
7676	27	
7677	223	
7678	713	
7679	203	
7680	960	
7681	863	
7682	444	
7683	2	
7684	491	
7685	674	
7686	999	
7687	583	
7688	124	
7689	314	
7690	244	
7691	328	
7692	84	
7693	231	
7694	987	
7695	596	
7696	455	
7697	543	
7698	139	
7699	36	
7700	33	
7701	342	
7702	376	
7703	25	
7704	74	
7705	92	
7706	429	
7707	786	
7708	84	
7709	588	
7710	593	
7711	588	
7712	321	
7713	696	
7714	428	
7715	642	
7716	319	
7717	624	
7718	32	
7719	44	
7720	733	
7721	658	
7722	850	
7723	537	
7724	149	
7725	304	
7726	607	
7727	295	
7728	650	
7729	135	
7730	306	
7731	127	
7732	345	
7733	620	
7734	810	
7735	516	
7736	609	
7737	239	
7738	822	
7739	354	
7740	756	
7741	81	
7742	50	
7743	464	
7744	566	
7745	967	
7746	545	
7747	472	
7748	891	
7749	974	
7750	603	
7751	868	
7752	522	
7753	998	
7754	165	
7755	176	
7756	54	
7757	618	
7758	758	
7759	284	
7760	753	
7761	124	
7762	373	
7763	689	
7764	872	
7765	91	
7766	966	
7767	753	
7768	412	
7769	878	
7770	324	
7771	152	
7772	485	
7773	255	
7774	742	
7775	791	
7776	342	
7777	554	
7778	555	
7779	597	
7780	870	
7781	109	
7782	727	
7783	302	
7784	699	
7785	176	
7786	278	
7787	894	
7788	782	
7789	620	
7790	606	
7791	476	
7792	619	
7793	477	
7794	527	
7795	953	
7796	455	
7797	354	
7798	971	
7799	480	
7800	906	
7801	705	
7802	1000	
7803	646	
7804	149	
7805	381	
7806	914	
7807	792	
7808	843	
7809	658	
7810	635	
7811	937	
7812	625	
7813	469	
7814	830	
7815	259	
7816	615	
7817	222	
7818	589	
7819	427	
7820	870	
7821	599	
7822	39	
7823	151	
7824	665	
7825	91	
7826	142	
7827	881	
7828	510	
7829	450	
7830	18	
7831	946	
7832	84	
7833	185	
7834	417	
7835	385	
7836	460	
7837	516	
7838	777	
7839	636	
7840	890	
7841	358	
7842	801	
7843	228	
7844	195	
7845	365	
7846	813	
7847	987	
7848	966	
7849	504	
7850	361	
7851	534	
7852	133	
7853	970	
7854	498	
7855	156	
7856	67	
7857	982	
7858	786	
7859	30	
7860	572	
7861	898	
7862	659	
7863	207	
7864	226	
7865	142	
7866	112	
7867	932	
7868	324	
7869	644	
7870	553	
7871	787	
7872	70	
7873	31	
7874	373	
7875	749	
7876	5	
7877	598	
7878	103	
7879	5	
7880	202	
7881	63	
7882	691	
7883	959	
7884	660	
7885	350	
7886	71	
7887	892	
7888	632	
7889	741	
7890	21	
7891	923	
7892	810	
7893	411	
7894	533	
7895	399	
7896	235	
7897	152	
7898	205	
7899	445	
7900	754	
7901	452	
7902	562	
7903	156	
7904	989	
7905	549	
7906	870	
7907	388	
7908	415	
7909	39	
7910	130	
7911	305	
7912	729	
7913	467	
7914	938	
7915	656	
7916	603	
7917	19	
7918	614	
7919	502	
7920	641	
7921	905	
7922	573	
7923	198	
7924	280	
7925	701	
7926	81	
7927	513	
7928	535	
7929	606	
7930	391	
7931	133	
7932	417	
7933	653	
7934	326	
7935	632	
7936	583	
7937	575	
7938	357	
7939	547	
7940	200	
7941	833	
7942	198	
7943	521	
7944	259	
7945	267	
7946	55	
7947	159	
7948	401	
7949	816	
7950	318	
7951	275	
7952	837	
7953	938	
7954	314	
7955	223	
7956	613	
7957	903	
7958	798	
7959	494	
7960	696	
7961	576	
7962	735	
7963	371	
7964	959	
7965	935	
7966	706	
7967	54	
7968	558	
7969	774	
7970	865	
7971	784	
7972	929	
7973	44	
7974	149	
7975	483	
7976	193	
7977	496	
7978	362	
7979	284	
7980	511	
7981	782	
7982	951	
7983	659	
7984	93	
7985	479	
7986	261	
7987	952	
7988	450	
7989	970	
7990	421	
7991	245	
7992	740	
7993	760	
7994	837	
7995	624	
7996	429	
7997	105	
7998	137	
7999	567	
8000	568	
8001	689	
8002	507	
8003	83	
8004	26	
8005	439	
8006	101	
8007	680	
8008	379	
8009	186	
8010	938	
8011	441	
8012	228	
8013	172	
8014	955	
8015	133	
8016	521	
8017	689	
8018	22	
8019	55	
8020	710	
8021	622	
8022	6	
8023	791	
8024	243	
8025	220	
8026	744	
8027	331	
8028	546	
8029	276	
8030	641	
8031	883	
8032	21	
8033	537	
8034	722	
8035	141	
8036	210	
8037	611	
8038	238	
8039	287	
8040	433	
8041	96	
8042	224	
8043	92	
8044	58	
8045	683	
8046	152	
8047	162	
8048	720	
8049	727	
8050	380	
8051	732	
8052	738	
8053	266	
8054	400	
8055	516	
8056	935	
8057	44	
8058	945	
8059	765	
8060	423	
8061	719	
8062	587	
8063	937	
8064	550	
8065	94	
8066	328	
8067	102	
8068	146	
8069	880	
8070	377	
8071	393	
8072	914	
8073	651	
8074	940	
8075	893	
8076	62	
8077	883	
8078	374	
8079	834	
8080	363	
8081	386	
8082	864	
8083	544	
8084	806	
8085	311	
8086	628	
8087	203	
8088	446	
8089	321	
8090	511	
8091	742	
8092	772	
8093	339	
8094	886	
8095	738	
8096	987	
8097	719	
8098	474	
8099	910	
8100	650	
8101	997	
8102	982	
8103	613	
8104	230	
8105	899	
8106	917	
8107	37	
8108	355	
8109	315	
8110	407	
8111	636	
8112	858	
8113	874	
8114	394	
8115	691	
8116	433	
8117	21	
8118	2	
8119	341	
8120	848	
8121	323	
8122	915	
8123	190	
8124	208	
8125	648	
8126	811	
8127	957	
8128	252	
8129	125	
8130	931	
8131	980	
8132	865	
8133	171	
8134	148	
8135	436	
8136	879	
8137	271	
8138	732	
8139	508	
8140	271	
8141	404	
8142	320	
8143	273	
8144	628	
8145	678	
8146	193	
8147	260	
8148	308	
8149	707	
8150	977	
8151	689	
8152	990	
8153	954	
8154	941	
8155	852	
8156	820	
8157	653	
8158	426	
8159	435	
8160	856	
8161	872	
8162	217	
8163	377	
8164	1000	
8165	297	
8166	557	
8167	70	
8168	875	
8169	368	
8170	65	
8171	249	
8172	682	
8173	790	
8174	244	
8175	616	
8176	82	
8177	639	
8178	854	
8179	740	
8180	895	
8181	593	
8182	90	
8183	816	
8184	40	
8185	405	
8186	732	
8187	976	
8188	999	
8189	179	
8190	282	
8191	356	
8192	23	
8193	255	
8194	5	
8195	604	
8196	622	
8197	752	
8198	814	
8199	499	
8200	634	
8201	245	
8202	267	
8203	5	
8204	54	
8205	1000	
8206	41	
8207	50	
8208	419	
8209	821	
8210	721	
8211	739	
8212	417	
8213	649	
8214	637	
8215	82	
8216	701	
8217	780	
8218	177	
8219	84	
8220	594	
8221	761	
8222	324	
8223	335	
8224	259	
8225	35	
8226	486	
8227	662	
8228	572	
8229	152	
8230	345	
8231	562	
8232	709	
8233	263	
8234	434	
8235	256	
8236	225	
8237	259	
8238	88	
8239	191	
8240	593	
8241	463	
8242	833	
8243	24	
8244	403	
8245	921	
8246	81	
8247	702	
8248	342	
8249	633	
8250	131	
8251	942	
8252	805	
8253	848	
8254	647	
8255	309	
8256	698	
8257	796	
8258	189	
8259	958	
8260	138	
8261	728	
8262	262	
8263	595	
8264	548	
8265	366	
8266	504	
8267	529	
8268	643	
8269	390	
8270	776	
8271	758	
8272	769	
8273	86	
8274	135	
8275	68	
8276	380	
8277	841	
8278	22	
8279	965	
8280	275	
8281	58	
8282	628	
8283	454	
8284	215	
8285	280	
8286	397	
8287	446	
8288	204	
8289	793	
8290	874	
8291	894	
8292	735	
8293	801	
8294	965	
8295	168	
8296	167	
8297	993	
8298	259	
8299	921	
8300	621	
8301	154	
8302	578	
8303	824	
8304	174	
8305	153	
8306	594	
8307	559	
8308	5	
8309	387	
8310	614	
8311	359	
8312	59	
8313	407	
8314	569	
8315	813	
8316	569	
8317	849	
8318	587	
8319	617	
8320	786	
8321	250	
8322	636	
8323	299	
8324	612	
8325	35	
8326	597	
8327	711	
8328	325	
8329	833	
8330	83	
8331	471	
8332	447	
8333	919	
8334	317	
8335	509	
8336	782	
8337	817	
8338	827	
8339	472	
8340	582	
8341	557	
8342	463	
8343	667	
8344	367	
8345	858	
8346	229	
8347	267	
8348	219	
8349	714	
8350	532	
8351	783	
8352	276	
8353	977	
8354	756	
8355	144	
8356	704	
8357	141	
8358	175	
8359	728	
8360	375	
8361	21	
8362	258	
8363	621	
8364	112	
8365	116	
8366	651	
8367	700	
8368	929	
8369	294	
8370	506	
8371	760	
8372	310	
8373	767	
8374	169	
8375	626	
8376	407	
8377	592	
8378	598	
8379	280	
8380	76	
8381	83	
8382	190	
8383	288	
8384	217	
8385	836	
8386	89	
8387	147	
8388	164	
8389	200	
8390	810	
8391	788	
8392	260	
8393	607	
8394	590	
8395	56	
8396	545	
8397	202	
8398	329	
8399	574	
8400	832	
8401	191	
8402	750	
8403	246	
8404	38	
8405	746	
8406	758	
8407	435	
8408	906	
8409	308	
8410	821	
8411	291	
8412	645	
8413	454	
8414	361	
8415	67	
8416	722	
8417	131	
8418	148	
8419	13	
8420	392	
8421	891	
8422	311	
8423	723	
8424	597	
8425	332	
8426	663	
8427	587	
8428	626	
8429	233	
8430	450	
8431	194	
8432	427	
8433	357	
8434	64	
8435	731	
8436	982	
8437	750	
8438	739	
8439	703	
8440	417	
8441	164	
8442	425	
8443	52	
8444	389	
8445	873	
8446	271	
8447	825	
8448	887	
8449	424	
8450	853	
8451	517	
8452	683	
8453	695	
8454	694	
8455	444	
8456	737	
8457	871	
8458	222	
8459	924	
8460	834	
8461	944	
8462	780	
8463	210	
8464	10	
8465	327	
8466	551	
8467	231	
8468	597	
8469	394	
8470	611	
8471	374	
8472	123	
8473	761	
8474	819	
8475	397	
8476	941	
8477	244	
8478	229	
8479	657	
8480	711	
8481	217	
8482	491	
8483	860	
8484	198	
8485	892	
8486	846	
8487	913	
8488	730	
8489	782	
8490	779	
8491	379	
8492	386	
8493	856	
8494	648	
8495	515	
8496	252	
8497	407	
8498	268	
8499	441	
8500	884	
8501	935	
8502	852	
8503	144	
8504	321	
8505	26	
8506	698	
8507	212	
8508	997	
8509	768	
8510	46	
8511	756	
8512	803	
8513	710	
8514	55	
8515	394	
8516	321	
8517	993	
8518	920	
8519	423	
8520	613	
8521	681	
8522	173	
8523	714	
8524	522	
8525	937	
8526	741	
8527	944	
8528	666	
8529	586	
8530	783	
8531	506	
8532	378	
8533	981	
8534	191	
8535	324	
8536	51	
8537	552	
8538	776	
8539	33	
8540	700	
8541	181	
8542	512	
8543	970	
8544	67	
8545	664	
8546	265	
8547	38	
8548	859	
8549	567	
8550	116	
8551	512	
8552	797	
8553	210	
8554	709	
8555	822	
8556	1	
8557	66	
8558	116	
8559	934	
8560	795	
8561	859	
8562	184	
8563	361	
8564	928	
8565	595	
8566	483	
8567	674	
8568	104	
8569	66	
8570	10	
8571	437	
8572	11	
8573	906	
8574	396	
8575	218	
8576	230	
8577	919	
8578	728	
8579	777	
8580	285	
8581	734	
8582	305	
8583	12	
8584	176	
8585	782	
8586	539	
8587	298	
8588	976	
8589	227	
8590	876	
8591	808	
8592	856	
8593	792	
8594	278	
8595	568	
8596	270	
8597	186	
8598	153	
8599	795	
8600	777	
8601	298	
8602	811	
8603	864	
8604	210	
8605	528	
8606	289	
8607	229	
8608	765	
8609	842	
8610	253	
8611	418	
8612	943	
8613	981	
8614	936	
8615	131	
8616	743	
8617	440	
8618	326	
8619	940	
8620	606	
8621	262	
8622	655	
8623	316	
8624	401	
8625	538	
8626	665	
8627	292	
8628	571	
8629	434	
8630	489	
8631	783	
8632	701	
8633	213	
8634	385	
8635	538	
8636	904	
8637	767	
8638	240	
8639	186	
8640	183	
8641	210	
8642	719	
8643	154	
8644	336	
8645	373	
8646	128	
8647	332	
8648	881	
8649	14	
8650	47	
8651	309	
8652	812	
8653	769	
8654	410	
8655	923	
8656	485	
8657	824	
8658	819	
8659	208	
8660	480	
8661	298	
8662	666	
8663	502	
8664	829	
8665	766	
8666	876	
8667	354	
8668	246	
8669	422	
8670	17	
8671	938	
8672	485	
8673	703	
8674	623	
8675	89	
8676	344	
8677	245	
8678	218	
8679	296	
8680	983	
8681	801	
8682	589	
8683	540	
8684	714	
8685	36	
8686	848	
8687	52	
8688	861	
8689	435	
8690	329	
8691	354	
8692	901	
8693	586	
8694	165	
8695	359	
8696	385	
8697	899	
8698	486	
8699	736	
8700	468	
8701	230	
8702	563	
8703	765	
8704	927	
8705	440	
8706	421	
8707	438	
8708	337	
8709	294	
8710	862	
8711	270	
8712	144	
8713	312	
8714	322	
8715	130	
8716	151	
8717	176	
8718	335	
8719	729	
8720	560	
8721	786	
8722	758	
8723	506	
8724	569	
8725	324	
8726	321	
8727	346	
8728	25	
8729	173	
8730	77	
8731	294	
8732	921	
8733	279	
8734	143	
8735	467	
8736	700	
8737	302	
8738	544	
8739	474	
8740	25	
8741	632	
8742	107	
8743	151	
8744	494	
8745	420	
8746	867	
8747	687	
8748	708	
8749	525	
8750	144	
8751	999	
8752	263	
8753	471	
8754	168	
8755	866	
8756	893	
8757	494	
8758	271	
8759	809	
8760	316	
8761	355	
8762	937	
8763	554	
8764	845	
8765	688	
8766	269	
8767	659	
8768	469	
8769	160	
8770	329	
8771	549	
8772	640	
8773	514	
8774	730	
8775	363	
8776	654	
8777	877	
8778	555	
8779	74	
8780	353	
8781	547	
8782	194	
8783	161	
8784	522	
8785	711	
8786	688	
8787	304	
8788	760	
8789	344	
8790	567	
8791	898	
8792	666	
8793	350	
8794	395	
8795	92	
8796	826	
8797	202	
8798	428	
8799	629	
8800	874	
8801	799	
8802	152	
8803	270	
8804	968	
8805	221	
8806	130	
8807	169	
8808	11	
8809	42	
8810	312	
8811	396	
8812	637	
8813	817	
8814	822	
8815	653	
8816	784	
8817	141	
8818	629	
8819	876	
8820	851	
8821	844	
8822	56	
8823	109	
8824	36	
8825	782	
8826	755	
8827	741	
8828	734	
8829	396	
8830	668	
8831	162	
8832	2	
8833	787	
8834	476	
8835	646	
8836	695	
8837	849	
8838	85	
8839	674	
8840	995	
8841	172	
8842	882	
8843	964	
8844	512	
8845	400	
8846	699	
8847	51	
8848	554	
8849	319	
8850	464	
8851	191	
8852	622	
8853	920	
8854	915	
8855	676	
8856	986	
8857	746	
8858	553	
8859	949	
8860	473	
8861	391	
8862	319	
8863	274	
8864	958	
8865	868	
8866	574	
8867	732	
8868	917	
8869	69	
8870	928	
8871	254	
8872	823	
8873	27	
8874	66	
8875	459	
8876	60	
8877	7	
8878	19	
8879	788	
8880	536	
8881	37	
8882	529	
8883	449	
8884	496	
8885	36	
8886	816	
8887	924	
8888	268	
8889	403	
8890	204	
8891	107	
8892	932	
8893	235	
8894	691	
8895	101	
8896	805	
8897	953	
8898	693	
8899	361	
8900	75	
8901	506	
8902	78	
8903	436	
8904	958	
8905	686	
8906	296	
8907	73	
8908	719	
8909	199	
8910	995	
8911	488	
8912	969	
8913	721	
8914	119	
8915	689	
8916	970	
8917	553	
8918	22	
8919	88	
8920	345	
8921	832	
8922	788	
8923	145	
8924	255	
8925	199	
8926	920	
8927	514	
8928	128	
8929	450	
8930	602	
8931	205	
8932	873	
8933	559	
8934	629	
8935	509	
8936	321	
8937	870	
8938	700	
8939	86	
8940	546	
8941	15	
8942	934	
8943	991	
8944	6	
8945	497	
8946	723	
8947	248	
8948	628	
8949	591	
8950	678	
8951	246	
8952	106	
8953	874	
8954	875	
8955	564	
8956	26	
8957	172	
8958	904	
8959	242	
8960	687	
8961	616	
8962	933	
8963	383	
8964	390	
8965	957	
8966	573	
8967	224	
8968	928	
8969	690	
8970	317	
8971	649	
8972	380	
8973	705	
8974	90	
8975	920	
8976	110	
8977	181	
8978	941	
8979	534	
8980	365	
8981	397	
8982	247	
8983	607	
8984	318	
8985	569	
8986	127	
8987	623	
8988	68	
8989	890	
8990	609	
8991	604	
8992	745	
8993	171	
8994	253	
8995	352	
8996	587	
8997	164	
8998	760	
8999	526	
9000	34	
9001	795	
9002	172	
9003	74	
9004	814	
9005	883	
9006	968	
9007	235	
9008	963	
9009	766	
9010	132	
9011	714	
9012	398	
9013	852	
9014	163	
9015	274	
9016	110	
9017	932	
9018	304	
9019	543	
9020	694	
9021	208	
9022	835	
9023	401	
9024	423	
9025	419	
9026	235	
9027	688	
9028	128	
9029	643	
9030	932	
9031	543	
9032	136	
9033	297	
9034	368	
9035	498	
9036	887	
9037	381	
9038	415	
9039	922	
9040	738	
9041	228	
9042	33	
9043	557	
9044	550	
9045	308	
9046	439	
9047	704	
9048	602	
9049	108	
9050	695	
9051	167	
9052	679	
9053	398	
9054	55	
9055	233	
9056	737	
9057	39	
9058	551	
9059	446	
9060	412	
9061	499	
9062	921	
9063	674	
9064	289	
9065	979	
9066	98	
9067	401	
9068	880	
9069	232	
9070	984	
9071	771	
9072	190	
9073	951	
9074	707	
9075	351	
9076	678	
9077	804	
9078	558	
9079	649	
9080	209	
9081	969	
9082	644	
9083	693	
9084	96	
9085	598	
9086	997	
9087	211	
9088	718	
9089	440	
9090	160	
9091	123	
9092	688	
9093	620	
9094	512	
9095	112	
9096	46	
9097	514	
9098	746	
9099	279	
9100	593	
9101	452	
9102	202	
9103	190	
9104	989	
9105	302	
9106	43	
9107	919	
9108	950	
9109	253	
9110	494	
9111	788	
9112	452	
9113	850	
9114	103	
9115	394	
9116	704	
9117	334	
9118	252	
9119	400	
9120	447	
9121	261	
9122	87	
9123	894	
9124	444	
9125	85	
9126	105	
9127	217	
9128	191	
9129	845	
9130	127	
9131	155	
9132	906	
9133	384	
9134	223	
9135	108	
9136	391	
9137	881	
9138	697	
9139	310	
9140	389	
9141	719	
9142	183	
9143	90	
9144	786	
9145	624	
9146	983	
9147	701	
9148	369	
9149	151	
9150	149	
9151	55	
9152	235	
9153	959	
9154	939	
9155	641	
9156	695	
9157	135	
9158	460	
9159	396	
9160	907	
9161	61	
9162	530	
9163	22	
9164	826	
9165	69	
9166	452	
9167	717	
9168	405	
9169	922	
9170	188	
9171	691	
9172	220	
9173	425	
9174	26	
9175	730	
9176	181	
9177	554	
9178	644	
9179	927	
9180	568	
9181	496	
9182	424	
9183	946	
9184	483	
9185	542	
9186	750	
9187	473	
9188	961	
9189	753	
9190	424	
9191	9	
9192	931	
9193	474	
9194	610	
9195	767	
9196	985	
9197	707	
9198	84	
9199	497	
9200	279	
9201	767	
9202	429	
9203	567	
9204	51	
9205	619	
9206	119	
9207	517	
9208	530	
9209	249	
9210	664	
9211	584	
9212	880	
9213	986	
9214	972	
9215	358	
9216	799	
9217	865	
9218	317	
9219	177	
9220	676	
9221	516	
9222	613	
9223	834	
9224	247	
9225	964	
9226	16	
9227	663	
9228	513	
9229	553	
9230	605	
9231	79	
9232	845	
9233	40	
9234	755	
9235	794	
9236	337	
9237	295	
9238	46	
9239	99	
9240	4	
9241	693	
9242	441	
9243	983	
9244	535	
9245	468	
9246	402	
9247	246	
9248	862	
9249	601	
9250	635	
9251	263	
9252	686	
9253	352	
9254	669	
9255	29	
9256	822	
9257	122	
9258	516	
9259	598	
9260	351	
9261	968	
9262	392	
9263	207	
9264	774	
9265	302	
9266	519	
9267	267	
9268	631	
9269	339	
9270	822	
9271	747	
9272	281	
9273	21	
9274	255	
9275	269	
9276	262	
9277	999	
9278	794	
9279	112	
9280	537	
9281	357	
9282	54	
9283	939	
9284	375	
9285	748	
9286	237	
9287	779	
9288	17	
9289	476	
9290	333	
9291	739	
9292	198	
9293	319	
9294	508	
9295	315	
9296	211	
9297	449	
9298	945	
9299	523	
9300	740	
9301	671	
9302	271	
9303	446	
9304	481	
9305	618	
9306	643	
9307	954	
9308	668	
9309	843	
9310	243	
9311	628	
9312	151	
9313	174	
9314	126	
9315	934	
9316	809	
9317	505	
9318	984	
9319	195	
9320	199	
9321	163	
9322	508	
9323	759	
9324	460	
9325	911	
9326	362	
9327	769	
9328	147	
9329	432	
9330	249	
9331	841	
9332	337	
9333	573	
9334	795	
9335	964	
9336	822	
9337	588	
9338	277	
9339	421	
9340	314	
9341	216	
9342	797	
9343	756	
9344	82	
9345	60	
9346	4	
9347	640	
9348	377	
9349	767	
9350	580	
9351	726	
9352	33	
9353	975	
9354	409	
9355	857	
9356	18	
9357	472	
9358	89	
9359	865	
9360	767	
9361	893	
9362	374	
9363	783	
9364	942	
9365	403	
9366	808	
9367	892	
9368	70	
9369	858	
9370	164	
9371	287	
9372	864	
9373	165	
9374	306	
9375	69	
9376	967	
9377	70	
9378	456	
9379	521	
9380	954	
9381	77	
9382	242	
9383	123	
9384	215	
9385	208	
9386	563	
9387	810	
9388	247	
9389	497	
9390	979	
9391	548	
9392	815	
9393	349	
9394	880	
9395	354	
9396	762	
9397	345	
9398	854	
9399	359	
9400	377	
9401	533	
9402	410	
9403	431	
9404	741	
9405	842	
9406	400	
9407	170	
9408	361	
9409	725	
9410	738	
9411	24	
9412	122	
9413	868	
9414	601	
9415	195	
9416	232	
9417	829	
9418	995	
9419	282	
9420	12	
9421	267	
9422	677	
9423	394	
9424	762	
9425	66	
9426	504	
9427	725	
9428	502	
9429	248	
9430	759	
9431	245	
9432	560	
9433	228	
9434	588	
9435	478	
9436	402	
9437	449	
9438	463	
9439	73	
9440	470	
9441	41	
9442	785	
9443	461	
9444	562	
9445	819	
9446	10	
9447	190	
9448	333	
9449	207	
9450	585	
9451	584	
9452	513	
9453	366	
9454	554	
9455	339	
9456	889	
9457	660	
9458	630	
9459	974	
9460	730	
9461	656	
9462	560	
9463	13	
9464	755	
9465	488	
9466	276	
9467	4	
9468	110	
9469	87	
9470	977	
9471	499	
9472	38	
9473	641	
9474	557	
9475	154	
9476	641	
9477	171	
9478	293	
9479	20	
9480	406	
9481	101	
9482	932	
9483	221	
9484	157	
9485	521	
9486	320	
9487	838	
9488	387	
9489	787	
9490	266	
9491	573	
9492	45	
9493	472	
9494	252	
9495	751	
9496	225	
9497	297	
9498	602	
9499	544	
9500	90	
9501	831	
9502	476	
9503	847	
9504	507	
9505	966	
9506	760	
9507	429	
9508	384	
9509	780	
9510	521	
9511	876	
9512	122	
9513	512	
9514	132	
9515	121	
9516	177	
9517	301	
9518	864	
9519	531	
9520	617	
9521	38	
9522	339	
9523	316	
9524	440	
9525	1	
9526	129	
9527	477	
9528	195	
9529	78	
9530	654	
9531	275	
9532	534	
9533	807	
9534	368	
9535	790	
9536	419	
9537	447	
9538	416	
9539	942	
9540	647	
9541	29	
9542	295	
9543	222	
9544	698	
9545	904	
9546	875	
9547	355	
9548	621	
9549	369	
9550	457	
9551	820	
9552	275	
9553	990	
9554	314	
9555	265	
9556	938	
9557	955	
9558	408	
9559	813	
9560	73	
9561	32	
9562	207	
9563	253	
9564	465	
9565	32	
9566	662	
9567	944	
9568	462	
9569	838	
9570	301	
9571	559	
9572	741	
9573	823	
9574	991	
9575	292	
9576	157	
9577	228	
9578	39	
9579	900	
9580	312	
9581	175	
9582	356	
9583	759	
9584	232	
9585	330	
9586	494	
9587	268	
9588	316	
9589	317	
9590	400	
9591	7	
9592	514	
9593	495	
9594	550	
9595	861	
9596	276	
9597	321	
9598	662	
9599	172	
9600	589	
9601	80	
9602	697	
9603	789	
9604	843	
9605	674	
9606	920	
9607	548	
9608	860	
9609	565	
9610	264	
9611	772	
9612	851	
9613	620	
9614	536	
9615	700	
9616	881	
9617	139	
9618	816	
9619	326	
9620	790	
9621	712	
9622	10	
9623	85	
9624	879	
9625	618	
9626	794	
9627	172	
9628	175	
9629	59	
9630	871	
9631	139	
9632	48	
9633	648	
9634	105	
9635	795	
9636	200	
9637	221	
9638	643	
9639	414	
9640	55	
9641	26	
9642	80	
9643	722	
9644	101	
9645	171	
9646	823	
9647	420	
9648	742	
9649	25	
9650	792	
9651	631	
9652	447	
9653	500	
9654	622	
9655	444	
9656	952	
9657	442	
9658	820	
9659	329	
9660	137	
9661	118	
9662	162	
9663	789	
9664	863	
9665	940	
9666	424	
9667	407	
9668	958	
9669	737	
9670	767	
9671	803	
9672	581	
9673	925	
9674	293	
9675	846	
9676	775	
9677	514	
9678	390	
9679	343	
9680	390	
9681	691	
9682	661	
9683	758	
9684	408	
9685	432	
9686	827	
9687	191	
9688	740	
9689	454	
9690	764	
9691	733	
9692	235	
9693	617	
9694	151	
9695	369	
9696	801	
9697	556	
9698	780	
9699	306	
9700	538	
9701	173	
9702	29	
9703	723	
9704	783	
9705	499	
9706	295	
9707	698	
9708	929	
9709	729	
9710	776	
9711	325	
9712	482	
9713	898	
9714	216	
9715	940	
9716	137	
9717	756	
9718	250	
9719	852	
9720	612	
9721	543	
9722	137	
9723	840	
9724	708	
9725	261	
9726	949	
9727	735	
9728	622	
9729	649	
9730	286	
9731	459	
9732	943	
9733	250	
9734	805	
9735	685	
9736	797	
9737	207	
9738	575	
9739	828	
9740	538	
9741	481	
9742	851	
9743	165	
9744	857	
9745	446	
9746	833	
9747	321	
9748	777	
9749	402	
9750	930	
9751	828	
9752	567	
9753	973	
9754	492	
9755	577	
9756	469	
9757	218	
9758	13	
9759	905	
9760	576	
9761	891	
9762	53	
9763	531	
9764	419	
9765	160	
9766	942	
9767	379	
9768	990	
9769	975	
9770	605	
9771	372	
9772	819	
9773	714	
9774	712	
9775	511	
9776	501	
9777	774	
9778	359	
9779	108	
9780	641	
9781	664	
9782	436	
9783	694	
9784	958	
9785	863	
9786	365	
9787	673	
9788	758	
9789	447	
9790	15	
9791	885	
9792	172	
9793	650	
9794	10	
9795	441	
9796	822	
9797	702	
9798	577	
9799	10	
9800	723	
9801	963	
9802	120	
9803	68	
9804	811	
9805	908	
9806	422	
9807	901	
9808	355	
9809	307	
9810	378	
9811	62	
9812	664	
9813	806	
9814	368	
9815	475	
9816	881	
9817	990	
9818	707	
9819	784	
9820	358	
9821	237	
9822	866	
9823	643	
9824	749	
9825	669	
9826	148	
9827	7	
9828	58	
9829	701	
9830	198	
9831	100	
9832	611	
9833	109	
9834	185	
9835	66	
9836	692	
9837	414	
9838	134	
9839	189	
9840	518	
9841	636	
9842	332	
9843	7	
9844	423	
9845	630	
9846	941	
9847	419	
9848	719	
9849	850	
9850	471	
9851	461	
9852	486	
9853	115	
9854	470	
9855	229	
9856	529	
9857	477	
9858	925	
9859	267	
9860	428	
9861	557	
9862	284	
9863	1	
9864	111	
9865	891	
9866	352	
9867	310	
9868	827	
9869	129	
9870	951	
9871	655	
9872	820	
9873	690	
9874	787	
9875	606	
9876	766	
9877	190	
9878	428	
9879	445	
9880	9	
9881	170	
9882	104	
9883	753	
9884	182	
9885	266	
9886	573	
9887	393	
9888	953	
9889	889	
9890	810	
9891	301	
9892	199	
9893	709	
9894	195	
9895	513	
9896	663	
9897	109	
9898	140	
9899	697	
9900	155	
9901	652	
9902	875	
9903	668	
9904	605	
9905	685	
9906	496	
9907	644	
9908	596	
9909	246	
9910	805	
9911	746	
9912	566	
9913	151	
9914	959	
9915	531	
9916	317	
9917	506	
9918	277	
9919	351	
9920	916	
9921	298	
9922	686	
9923	438	
9924	9	
9925	550	
9926	693	
9927	875	
9928	690	
9929	532	
9930	430	
9931	515	
9932	874	
9933	544	
9934	895	
9935	668	
9936	490	
9937	580	
9938	546	
9939	328	
9940	442	
9941	455	
9942	367	
9943	409	
9944	175	
9945	969	
9946	20	
9947	84	
9948	516	
9949	930	
9950	478	
9951	288	
9952	275	
9953	648	
9954	863	
9955	894	
9956	723	
9957	7	
9958	592	
9959	616	
9960	329	
9961	88	
9962	765	
9963	427	
9964	592	
9965	548	
9966	62	
9967	247	
9968	147	
9969	392	
9970	130	
9971	99	
9972	711	
9973	697	
9974	315	
9975	843	
9976	428	
9977	23	
9978	430	
9979	620	
9980	987	
9981	67	
9982	506	
9983	772	
9984	262	
9985	842	
9986	246	
9987	748	
9988	316	
9989	97	
9990	869	
9991	15	
9992	956	
9993	392	
9994	867	
9995	498	
9996	847	
9997	730	
9998	398	
9999	660	
10000	760	
247973
