1000
1	6	
2	2	
3	4	
4	1	
5	8	
6	4	
7	9	
8	10	
9	9	
10	4	
11	6	
12	5	
13	10	
14	10	
15	1	
16	3	
17	7	
18	6	
19	7	
20	8	
21	7	
22	6	
23	6	
24	1	
25	9	
26	4	
27	10	
28	8	
29	2	
30	9	
31	10	
32	8	
33	10	
34	7	
35	8	
36	1	
37	6	
38	7	
39	10	
40	9	
41	7	
42	2	
43	8	
44	10	
45	5	
46	3	
47	8	
48	10	
49	9	
50	4	
51	7	
52	10	
53	7	
54	2	
55	5	
56	4	
57	3	
58	3	
59	6	
60	10	
61	9	
62	9	
63	8	
64	5	
65	2	
66	2	
67	7	
68	9	
69	6	
70	8	
71	10	
72	2	
73	6	
74	1	
75	4	
76	7	
77	5	
78	5	
79	5	
80	3	
81	4	
82	4	
83	9	
84	10	
85	10	
86	6	
87	4	
88	8	
89	8	
90	9	
91	7	
92	5	
93	3	
94	8	
95	4	
96	7	
97	3	
98	9	
99	4	
100	6	
101	7	
102	4	
103	10	
104	8	
105	9	
106	4	
107	7	
108	9	
109	9	
110	5	
111	5	
112	1	
113	1	
114	5	
115	7	
116	7	
117	9	
118	1	
119	5	
120	5	
121	2	
122	7	
123	10	
124	7	
125	3	
126	3	
127	2	
128	10	
129	3	
130	1	
131	2	
132	3	
133	9	
134	10	
135	3	
136	2	
137	3	
138	7	
139	6	
140	10	
141	3	
142	3	
143	7	
144	1	
145	1	
146	4	
147	8	
148	5	
149	7	
150	2	
151	9	
152	3	
153	6	
154	2	
155	8	
156	10	
157	2	
158	7	
159	6	
160	3	
161	3	
162	1	
163	2	
164	2	
165	1	
166	6	
167	3	
168	8	
169	4	
170	7	
171	5	
172	2	
173	9	
174	6	
175	1	
176	1	
177	4	
178	1	
179	10	
180	2	
181	3	
182	7	
183	8	
184	10	
185	9	
186	9	
187	10	
188	7	
189	6	
190	1	
191	10	
192	5	
193	6	
194	6	
195	9	
196	6	
197	8	
198	10	
199	9	
200	5	
201	3	
202	3	
203	1	
204	3	
205	3	
206	3	
207	2	
208	2	
209	5	
210	7	
211	4	
212	6	
213	9	
214	5	
215	6	
216	1	
217	6	
218	2	
219	3	
220	8	
221	4	
222	1	
223	9	
224	10	
225	8	
226	2	
227	3	
228	5	
229	1	
230	5	
231	1	
232	6	
233	3	
234	6	
235	3	
236	6	
237	3	
238	9	
239	5	
240	9	
241	3	
242	7	
243	5	
244	9	
245	10	
246	5	
247	10	
248	4	
249	6	
250	8	
251	1	
252	3	
253	1	
254	8	
255	5	
256	7	
257	10	
258	8	
259	9	
260	3	
261	1	
262	9	
263	7	
264	9	
265	3	
266	4	
267	10	
268	4	
269	7	
270	3	
271	2	
272	1	
273	10	
274	5	
275	9	
276	2	
277	3	
278	4	
279	1	
280	4	
281	5	
282	4	
283	7	
284	3	
285	10	
286	7	
287	5	
288	1	
289	5	
290	1	
291	10	
292	2	
293	6	
294	8	
295	3	
296	9	
297	10	
298	2	
299	6	
300	4	
301	10	
302	9	
303	2	
304	5	
305	3	
306	4	
307	1	
308	3	
309	8	
310	7	
311	6	
312	8	
313	10	
314	4	
315	4	
316	4	
317	9	
318	5	
319	6	
320	7	
321	4	
322	7	
323	4	
324	2	
325	9	
326	7	
327	10	
328	7	
329	6	
330	7	
331	6	
332	3	
333	1	
334	2	
335	2	
336	5	
337	9	
338	3	
339	8	
340	8	
341	5	
342	8	
343	2	
344	4	
345	8	
346	9	
347	10	
348	6	
349	1	
350	3	
351	8	
352	4	
353	8	
354	8	
355	4	
356	7	
357	1	
358	9	
359	5	
360	2	
361	4	
362	3	
363	1	
364	10	
365	6	
366	7	
367	3	
368	10	
369	9	
370	7	
371	4	
372	6	
373	4	
374	10	
375	6	
376	3	
377	5	
378	6	
379	6	
380	7	
381	9	
382	3	
383	10	
384	7	
385	5	
386	3	
387	1	
388	6	
389	6	
390	8	
391	1	
392	1	
393	7	
394	6	
395	2	
396	5	
397	4	
398	8	
399	6	
400	7	
401	10	
402	5	
403	6	
404	7	
405	6	
406	8	
407	4	
408	10	
409	2	
410	4	
411	7	
412	5	
413	5	
414	5	
415	7	
416	10	
417	3	
418	10	
419	8	
420	4	
421	3	
422	5	
423	3	
424	2	
425	6	
426	9	
427	2	
428	4	
429	4	
430	10	
431	5	
432	8	
433	6	
434	1	
435	3	
436	1	
437	8	
438	6	
439	2	
440	3	
441	2	
442	2	
443	2	
444	10	
445	9	
446	10	
447	1	
448	3	
449	9	
450	1	
451	7	
452	3	
453	3	
454	1	
455	8	
456	8	
457	9	
458	2	
459	3	
460	2	
461	7	
462	4	
463	3	
464	2	
465	6	
466	4	
467	2	
468	10	
469	6	
470	3	
471	8	
472	9	
473	2	
474	4	
475	8	
476	7	
477	3	
478	8	
479	9	
480	9	
481	1	
482	3	
483	3	
484	8	
485	5	
486	7	
487	2	
488	8	
489	7	
490	5	
491	1	
492	3	
493	9	
494	7	
495	7	
496	8	
497	3	
498	3	
499	6	
500	6	
501	5	
502	8	
503	7	
504	3	
505	1	
506	3	
507	3	
508	7	
509	5	
510	7	
511	2	
512	2	
513	8	
514	4	
515	9	
516	4	
517	2	
518	3	
519	5	
520	2	
521	3	
522	5	
523	8	
524	4	
525	3	
526	6	
527	1	
528	6	
529	7	
530	3	
531	1	
532	6	
533	10	
534	3	
535	7	
536	8	
537	3	
538	2	
539	4	
540	2	
541	5	
542	6	
543	9	
544	4	
545	8	
546	8	
547	3	
548	10	
549	6	
550	2	
551	4	
552	5	
553	9	
554	5	
555	5	
556	5	
557	4	
558	1	
559	8	
560	5	
561	7	
562	5	
563	8	
564	8	
565	8	
566	9	
567	1	
568	1	
569	5	
570	1	
571	10	
572	7	
573	4	
574	6	
575	9	
576	9	
577	7	
578	9	
579	5	
580	4	
581	8	
582	9	
583	7	
584	2	
585	1	
586	4	
587	8	
588	6	
589	9	
590	3	
591	9	
592	5	
593	6	
594	5	
595	4	
596	5	
597	3	
598	10	
599	6	
600	2	
601	6	
602	1	
603	6	
604	9	
605	6	
606	1	
607	4	
608	1	
609	10	
610	9	
611	10	
612	7	
613	5	
614	10	
615	4	
616	4	
617	9	
618	3	
619	10	
620	4	
621	1	
622	3	
623	3	
624	10	
625	5	
626	1	
627	6	
628	7	
629	2	
630	8	
631	10	
632	10	
633	6	
634	1	
635	4	
636	3	
637	9	
638	8	
639	9	
640	5	
641	10	
642	1	
643	4	
644	6	
645	7	
646	10	
647	1	
648	4	
649	2	
650	10	
651	3	
652	2	
653	6	
654	7	
655	5	
656	4	
657	7	
658	4	
659	8	
660	9	
661	4	
662	9	
663	4	
664	2	
665	6	
666	2	
667	7	
668	3	
669	8	
670	6	
671	3	
672	3	
673	8	
674	7	
675	9	
676	4	
677	1	
678	10	
679	4	
680	10	
681	1	
682	4	
683	4	
684	1	
685	7	
686	10	
687	7	
688	3	
689	4	
690	8	
691	5	
692	6	
693	4	
694	5	
695	5	
696	5	
697	1	
698	9	
699	2	
700	6	
701	9	
702	6	
703	1	
704	4	
705	9	
706	7	
707	6	
708	7	
709	6	
710	1	
711	6	
712	3	
713	10	
714	6	
715	2	
716	10	
717	5	
718	7	
719	2	
720	5	
721	5	
722	7	
723	2	
724	1	
725	2	
726	7	
727	8	
728	4	
729	6	
730	10	
731	3	
732	3	
733	1	
734	4	
735	6	
736	2	
737	5	
738	10	
739	7	
740	6	
741	5	
742	6	
743	7	
744	2	
745	4	
746	7	
747	4	
748	3	
749	4	
750	9	
751	5	
752	7	
753	5	
754	2	
755	9	
756	1	
757	9	
758	5	
759	4	
760	9	
761	5	
762	10	
763	3	
764	5	
765	10	
766	1	
767	8	
768	2	
769	7	
770	5	
771	4	
772	6	
773	5	
774	9	
775	6	
776	5	
777	6	
778	6	
779	9	
780	7	
781	7	
782	5	
783	4	
784	4	
785	4	
786	6	
787	8	
788	8	
789	2	
790	3	
791	9	
792	4	
793	1	
794	4	
795	3	
796	5	
797	4	
798	6	
799	2	
800	4	
801	4	
802	1	
803	3	
804	7	
805	6	
806	1	
807	1	
808	7	
809	7	
810	1	
811	5	
812	9	
813	9	
814	1	
815	10	
816	10	
817	7	
818	7	
819	1	
820	7	
821	1	
822	4	
823	1	
824	2	
825	7	
826	4	
827	2	
828	5	
829	10	
830	4	
831	4	
832	4	
833	7	
834	9	
835	2	
836	7	
837	7	
838	7	
839	3	
840	3	
841	1	
842	3	
843	7	
844	3	
845	5	
846	4	
847	8	
848	8	
849	5	
850	2	
851	6	
852	5	
853	10	
854	5	
855	10	
856	1	
857	8	
858	9	
859	9	
860	8	
861	3	
862	1	
863	5	
864	2	
865	1	
866	10	
867	9	
868	2	
869	7	
870	9	
871	4	
872	6	
873	9	
874	5	
875	2	
876	2	
877	2	
878	1	
879	3	
880	1	
881	7	
882	8	
883	9	
884	10	
885	3	
886	7	
887	3	
888	2	
889	3	
890	2	
891	2	
892	9	
893	10	
894	10	
895	9	
896	9	
897	8	
898	8	
899	5	
900	3	
901	10	
902	10	
903	10	
904	9	
905	4	
906	1	
907	9	
908	1	
909	10	
910	10	
911	1	
912	8	
913	2	
914	2	
915	1	
916	9	
917	9	
918	7	
919	8	
920	9	
921	10	
922	2	
923	8	
924	4	
925	8	
926	8	
927	6	
928	2	
929	5	
930	2	
931	3	
932	7	
933	1	
934	7	
935	9	
936	4	
937	6	
938	4	
939	9	
940	5	
941	5	
942	8	
943	7	
944	3	
945	6	
946	4	
947	6	
948	4	
949	9	
950	7	
951	10	
952	6	
953	4	
954	4	
955	2	
956	10	
957	9	
958	1	
959	2	
960	4	
961	7	
962	7	
963	5	
964	4	
965	9	
966	5	
967	4	
968	2	
969	4	
970	5	
971	10	
972	7	
973	9	
974	8	
975	4	
976	3	
977	2	
978	9	
979	9	
980	9	
981	9	
982	6	
983	9	
984	8	
985	9	
986	4	
987	6	
988	8	
989	6	
990	5	
991	10	
992	4	
993	6	
994	3	
995	10	
996	5	
997	9	
998	5	
999	8	
1000	4	
494
