10000
1	182	
2	442	
3	944	
4	921	
5	354	
6	728	
7	883	
8	898	
9	819	
10	192	
11	130	
12	305	
13	626	
14	850	
15	307	
16	571	
17	539	
18	86	
19	983	
20	612	
21	91	
22	942	
23	82	
24	813	
25	403	
26	998	
27	1000	
28	822	
29	252	
30	373	
31	656	
32	602	
33	338	
34	659	
35	482	
36	311	
37	34	
38	435	
39	98	
40	589	
41	685	
42	256	
43	716	
44	716	
45	725	
46	273	
47	192	
48	64	
49	821	
50	886	
51	197	
52	254	
53	403	
54	58	
55	455	
56	710	
57	247	
58	65	
59	130	
60	192	
61	715	
62	129	
63	542	
64	953	
65	570	
66	434	
67	307	
68	725	
69	802	
70	520	
71	828	
72	588	
73	228	
74	69	
75	174	
76	503	
77	73	
78	201	
79	479	
80	201	
81	140	
82	284	
83	465	
84	280	
85	180	
86	224	
87	998	
88	650	
89	40	
90	449	
91	307	
92	203	
93	219	
94	534	
95	790	
96	899	
97	591	
98	31	
99	498	
100	554	
101	675	
102	566	
103	144	
104	334	
105	583	
106	872	
107	813	
108	961	
109	253	
110	891	
111	225	
112	989	
113	783	
114	63	
115	875	
116	633	
117	813	
118	495	
119	367	
120	339	
121	86	
122	527	
123	954	
124	597	
125	803	
126	165	
127	626	
128	954	
129	817	
130	377	
131	360	
132	351	
133	749	
134	934	
135	959	
136	156	
137	463	
138	649	
139	332	
140	746	
141	305	
142	447	
143	269	
144	981	
145	759	
146	152	
147	892	
148	345	
149	807	
150	360	
151	899	
152	31	
153	8	
154	186	
155	640	
156	814	
157	316	
158	629	
159	96	
160	539	
161	279	
162	433	
163	364	
164	852	
165	959	
166	944	
167	401	
168	302	
169	116	
170	15	
171	209	
172	956	
173	367	
174	188	
175	605	
176	121	
177	988	
178	863	
179	44	
180	786	
181	465	
182	851	
183	674	
184	902	
185	175	
186	827	
187	292	
188	943	
189	390	
190	271	
191	424	
192	233	
193	562	
194	766	
195	175	
196	40	
197	642	
198	804	
199	101	
200	107	
201	493	
202	795	
203	557	
204	765	
205	37	
206	619	
207	358	
208	24	
209	109	
210	451	
211	762	
212	2	
213	493	
214	47	
215	324	
216	441	
217	498	
218	34	
219	143	
220	48	
221	384	
222	11	
223	811	
224	210	
225	426	
226	690	
227	529	
228	587	
229	525	
230	97	
231	691	
232	964	
233	923	
234	140	
235	103	
236	630	
237	603	
238	675	
239	875	
240	763	
241	443	
242	885	
243	7	
244	201	
245	264	
246	13	
247	920	
248	992	
249	498	
250	158	
251	233	
252	593	
253	891	
254	280	
255	257	
256	71	
257	214	
258	362	
259	617	
260	503	
261	521	
262	111	
263	917	
264	737	
265	805	
266	988	
267	512	
268	102	
269	67	
270	349	
271	522	
272	505	
273	438	
274	229	
275	171	
276	568	
277	845	
278	476	
279	15	
280	322	
281	519	
282	928	
283	65	
284	297	
285	206	
286	687	
287	353	
288	759	
289	471	
290	697	
291	552	
292	338	
293	134	
294	40	
295	361	
296	777	
297	164	
298	536	
299	784	
300	854	
301	58	
302	689	
303	4	
304	883	
305	45	
306	234	
307	933	
308	215	
309	434	
310	645	
311	592	
312	400	
313	968	
314	744	
315	936	
316	32	
317	603	
318	423	
319	116	
320	859	
321	652	
322	45	
323	574	
324	364	
325	131	
326	721	
327	384	
328	813	
329	464	
330	347	
331	214	
332	613	
333	283	
334	782	
335	48	
336	161	
337	993	
338	845	
339	46	
340	286	
341	911	
342	360	
343	748	
344	322	
345	710	
346	109	
347	230	
348	504	
349	679	
350	401	
351	306	
352	746	
353	382	
354	982	
355	338	
356	311	
357	129	
358	245	
359	617	
360	676	
361	688	
362	235	
363	155	
364	828	
365	556	
366	173	
367	727	
368	962	
369	41	
370	725	
371	198	
372	268	
373	462	
374	972	
375	706	
376	23	
377	129	
378	160	
379	106	
380	671	
381	757	
382	949	
383	546	
384	301	
385	933	
386	301	
387	597	
388	656	
389	32	
390	642	
391	781	
392	831	
393	925	
394	248	
395	558	
396	315	
397	126	
398	246	
399	432	
400	431	
401	374	
402	235	
403	84	
404	921	
405	940	
406	194	
407	676	
408	736	
409	400	
410	272	
411	29	
412	253	
413	459	
414	955	
415	357	
416	588	
417	657	
418	138	
419	662	
420	898	
421	495	
422	73	
423	3	
424	166	
425	678	
426	387	
427	616	
428	394	
429	592	
430	592	
431	725	
432	728	
433	88	
434	23	
435	801	
436	231	
437	972	
438	338	
439	744	
440	357	
441	620	
442	6	
443	278	
444	332	
445	577	
446	146	
447	395	
448	447	
449	697	
450	437	
451	23	
452	315	
453	247	
454	697	
455	164	
456	456	
457	981	
458	700	
459	609	
460	824	
461	643	
462	628	
463	611	
464	308	
465	998	
466	936	
467	980	
468	748	
469	844	
470	339	
471	502	
472	301	
473	660	
474	946	
475	950	
476	321	
477	777	
478	114	
479	771	
480	645	
481	133	
482	789	
483	461	
484	764	
485	615	
486	331	
487	40	
488	574	
489	119	
490	883	
491	297	
492	709	
493	503	
494	545	
495	149	
496	708	
497	361	
498	143	
499	414	
500	720	
501	77	
502	230	
503	175	
504	233	
505	473	
506	875	
507	701	
508	751	
509	41	
510	661	
511	470	
512	646	
513	630	
514	242	
515	315	
516	972	
517	80	
518	847	
519	415	
520	72	
521	279	
522	903	
523	774	
524	554	
525	899	
526	640	
527	785	
528	184	
529	153	
530	107	
531	15	
532	556	
533	846	
534	931	
535	715	
536	96	
537	67	
538	570	
539	162	
540	116	
541	793	
542	696	
543	731	
544	180	
545	348	
546	854	
547	711	
548	748	
549	626	
550	300	
551	456	
552	733	
553	795	
554	721	
555	691	
556	103	
557	520	
558	849	
559	672	
560	727	
561	261	
562	885	
563	558	
564	832	
565	80	
566	601	
567	753	
568	723	
569	985	
570	23	
571	270	
572	73	
573	930	
574	118	
575	347	
576	941	
577	823	
578	23	
579	945	
580	508	
581	820	
582	859	
583	3	
584	870	
585	971	
586	32	
587	390	
588	164	
589	677	
590	195	
591	57	
592	585	
593	350	
594	741	
595	228	
596	987	
597	299	
598	904	
599	522	
600	634	
601	108	
602	353	
603	800	
604	525	
605	708	
606	829	
607	870	
608	337	
609	294	
610	925	
611	10	
612	955	
613	583	
614	404	
615	66	
616	994	
617	457	
618	277	
619	840	
620	624	
621	475	
622	151	
623	605	
624	344	
625	467	
626	803	
627	480	
628	695	
629	590	
630	890	
631	38	
632	932	
633	660	
634	393	
635	466	
636	993	
637	951	
638	494	
639	435	
640	609	
641	170	
642	913	
643	626	
644	786	
645	499	
646	278	
647	635	
648	50	
649	234	
650	800	
651	9	
652	452	
653	298	
654	317	
655	315	
656	730	
657	789	
658	502	
659	764	
660	785	
661	682	
662	669	
663	84	
664	410	
665	536	
666	294	
667	89	
668	765	
669	466	
670	328	
671	795	
672	805	
673	826	
674	883	
675	113	
676	600	
677	111	
678	122	
679	710	
680	854	
681	177	
682	680	
683	264	
684	831	
685	561	
686	900	
687	485	
688	407	
689	404	
690	814	
691	501	
692	204	
693	278	
694	585	
695	333	
696	139	
697	81	
698	529	
699	472	
700	256	
701	725	
702	732	
703	317	
704	668	
705	487	
706	499	
707	190	
708	263	
709	300	
710	95	
711	828	
712	909	
713	212	
714	126	
715	926	
716	98	
717	969	
718	221	
719	872	
720	17	
721	471	
722	173	
723	694	
724	941	
725	420	
726	367	
727	96	
728	992	
729	886	
730	266	
731	37	
732	171	
733	513	
734	962	
735	434	
736	848	
737	369	
738	624	
739	617	
740	156	
741	513	
742	774	
743	429	
744	264	
745	52	
746	777	
747	842	
748	941	
749	442	
750	367	
751	7	
752	493	
753	591	
754	528	
755	781	
756	575	
757	585	
758	7	
759	270	
760	1	
761	857	
762	304	
763	225	
764	445	
765	966	
766	121	
767	578	
768	958	
769	215	
770	835	
771	876	
772	18	
773	911	
774	719	
775	800	
776	799	
777	832	
778	514	
779	117	
780	863	
781	195	
782	579	
783	232	
784	174	
785	140	
786	794	
787	306	
788	784	
789	880	
790	905	
791	319	
792	518	
793	775	
794	220	
795	963	
796	639	
797	860	
798	474	
799	156	
800	560	
801	378	
802	619	
803	37	
804	903	
805	830	
806	729	
807	511	
808	17	
809	369	
810	753	
811	455	
812	617	
813	901	
814	969	
815	316	
816	402	
817	405	
818	673	
819	311	
820	193	
821	423	
822	868	
823	987	
824	990	
825	139	
826	182	
827	236	
828	537	
829	122	
830	556	
831	498	
832	46	
833	177	
834	769	
835	212	
836	307	
837	341	
838	997	
839	343	
840	103	
841	567	
842	317	
843	119	
844	83	
845	535	
846	840	
847	138	
848	50	
849	803	
850	630	
851	930	
852	881	
853	894	
854	673	
855	864	
856	593	
857	658	
858	565	
859	27	
860	882	
861	185	
862	905	
863	465	
864	904	
865	397	
866	348	
867	195	
868	960	
869	949	
870	131	
871	202	
872	944	
873	257	
874	207	
875	102	
876	228	
877	10	
878	233	
879	123	
880	5	
881	837	
882	600	
883	499	
884	346	
885	47	
886	295	
887	465	
888	240	
889	919	
890	242	
891	474	
892	43	
893	488	
894	510	
895	171	
896	317	
897	286	
898	262	
899	895	
900	411	
901	622	
902	186	
903	464	
904	253	
905	432	
906	407	
907	259	
908	813	
909	310	
910	956	
911	47	
912	164	
913	436	
914	80	
915	979	
916	833	
917	647	
918	703	
919	76	
920	35	
921	296	
922	132	
923	222	
924	868	
925	544	
926	262	
927	768	
928	310	
929	763	
930	156	
931	699	
932	599	
933	959	
934	515	
935	113	
936	118	
937	500	
938	716	
939	951	
940	229	
941	835	
942	120	
943	701	
944	743	
945	848	
946	366	
947	346	
948	128	
949	649	
950	153	
951	10	
952	402	
953	846	
954	204	
955	58	
956	396	
957	969	
958	815	
959	96	
960	522	
961	5	
962	353	
963	429	
964	722	
965	513	
966	269	
967	916	
968	706	
969	100	
970	495	
971	298	
972	973	
973	63	
974	590	
975	118	
976	797	
977	40	
978	113	
979	79	
980	415	
981	603	
982	156	
983	467	
984	68	
985	105	
986	906	
987	548	
988	316	
989	778	
990	433	
991	778	
992	122	
993	68	
994	35	
995	230	
996	573	
997	963	
998	481	
999	386	
1000	234	
1001	537	
1002	560	
1003	107	
1004	365	
1005	781	
1006	45	
1007	761	
1008	359	
1009	829	
1010	402	
1011	731	
1012	886	
1013	822	
1014	361	
1015	830	
1016	722	
1017	336	
1018	341	
1019	381	
1020	611	
1021	484	
1022	518	
1023	159	
1024	870	
1025	703	
1026	539	
1027	653	
1028	943	
1029	670	
1030	631	
1031	130	
1032	550	
1033	10	
1034	806	
1035	251	
1036	196	
1037	563	
1038	550	
1039	687	
1040	836	
1041	750	
1042	825	
1043	998	
1044	76	
1045	801	
1046	935	
1047	595	
1048	115	
1049	915	
1050	878	
1051	244	
1052	842	
1053	271	
1054	619	
1055	278	
1056	741	
1057	159	
1058	536	
1059	419	
1060	73	
1061	730	
1062	662	
1063	933	
1064	221	
1065	576	
1066	337	
1067	306	
1068	515	
1069	770	
1070	497	
1071	744	
1072	861	
1073	661	
1074	77	
1075	999	
1076	58	
1077	317	
1078	919	
1079	732	
1080	248	
1081	812	
1082	500	
1083	42	
1084	617	
1085	970	
1086	259	
1087	816	
1088	576	
1089	411	
1090	35	
1091	976	
1092	587	
1093	294	
1094	23	
1095	43	
1096	296	
1097	315	
1098	99	
1099	975	
1100	617	
1101	618	
1102	701	
1103	611	
1104	978	
1105	191	
1106	815	
1107	583	
1108	135	
1109	970	
1110	249	
1111	951	
1112	649	
1113	385	
1114	833	
1115	782	
1116	103	
1117	6	
1118	948	
1119	61	
1120	471	
1121	605	
1122	444	
1123	435	
1124	820	
1125	803	
1126	449	
1127	19	
1128	622	
1129	354	
1130	290	
1131	739	
1132	487	
1133	938	
1134	411	
1135	937	
1136	258	
1137	767	
1138	126	
1139	782	
1140	972	
1141	103	
1142	820	
1143	836	
1144	677	
1145	986	
1146	778	
1147	433	
1148	213	
1149	546	
1150	943	
1151	324	
1152	657	
1153	290	
1154	802	
1155	957	
1156	117	
1157	889	
1158	237	
1159	142	
1160	673	
1161	158	
1162	878	
1163	806	
1164	725	
1165	426	
1166	987	
1167	90	
1168	814	
1169	939	
1170	507	
1171	291	
1172	169	
1173	581	
1174	41	
1175	589	
1176	685	
1177	48	
1178	962	
1179	987	
1180	347	
1181	623	
1182	739	
1183	270	
1184	663	
1185	101	
1186	150	
1187	213	
1188	853	
1189	615	
1190	203	
1191	844	
1192	798	
1193	486	
1194	25	
1195	991	
1196	811	
1197	636	
1198	436	
1199	173	
1200	702	
1201	876	
1202	566	
1203	695	
1204	749	
1205	771	
1206	776	
1207	975	
1208	792	
1209	451	
1210	191	
1211	28	
1212	104	
1213	517	
1214	353	
1215	322	
1216	72	
1217	220	
1218	159	
1219	244	
1220	93	
1221	22	
1222	427	
1223	236	
1224	176	
1225	211	
1226	177	
1227	734	
1228	856	
1229	342	
1230	455	
1231	955	
1232	385	
1233	873	
1234	470	
1235	473	
1236	617	
1237	259	
1238	312	
1239	661	
1240	224	
1241	83	
1242	130	
1243	379	
1244	501	
1245	235	
1246	585	
1247	465	
1248	213	
1249	823	
1250	214	
1251	746	
1252	789	
1253	837	
1254	36	
1255	423	
1256	476	
1257	285	
1258	374	
1259	917	
1260	988	
1261	304	
1262	603	
1263	707	
1264	336	
1265	371	
1266	420	
1267	458	
1268	333	
1269	946	
1270	538	
1271	869	
1272	962	
1273	791	
1274	234	
1275	848	
1276	154	
1277	482	
1278	178	
1279	771	
1280	278	
1281	23	
1282	867	
1283	454	
1284	669	
1285	85	
1286	422	
1287	796	
1288	157	
1289	844	
1290	113	
1291	994	
1292	985	
1293	924	
1294	169	
1295	254	
1296	619	
1297	289	
1298	31	
1299	906	
1300	224	
1301	539	
1302	29	
1303	648	
1304	505	
1305	359	
1306	600	
1307	997	
1308	22	
1309	369	
1310	613	
1311	376	
1312	354	
1313	892	
1314	445	
1315	553	
1316	556	
1317	790	
1318	667	
1319	524	
1320	137	
1321	703	
1322	826	
1323	637	
1324	533	
1325	119	
1326	705	
1327	396	
1328	849	
1329	812	
1330	280	
1331	536	
1332	747	
1333	636	
1334	458	
1335	5	
1336	691	
1337	693	
1338	667	
1339	112	
1340	121	
1341	98	
1342	329	
1343	183	
1344	962	
1345	174	
1346	333	
1347	699	
1348	82	
1349	647	
1350	409	
1351	431	
1352	673	
1353	878	
1354	624	
1355	344	
1356	576	
1357	52	
1358	234	
1359	76	
1360	826	
1361	956	
1362	7	
1363	77	
1364	829	
1365	925	
1366	153	
1367	645	
1368	40	
1369	559	
1370	4	
1371	393	
1372	741	
1373	842	
1374	808	
1375	664	
1376	206	
1377	428	
1378	459	
1379	379	
1380	240	
1381	905	
1382	856	
1383	548	
1384	213	
1385	906	
1386	196	
1387	304	
1388	867	
1389	49	
1390	853	
1391	983	
1392	504	
1393	881	
1394	740	
1395	424	
1396	239	
1397	104	
1398	977	
1399	280	
1400	2	
1401	301	
1402	427	
1403	457	
1404	920	
1405	724	
1406	559	
1407	444	
1408	245	
1409	87	
1410	342	
1411	226	
1412	510	
1413	564	
1414	537	
1415	228	
1416	684	
1417	947	
1418	78	
1419	544	
1420	78	
1421	631	
1422	466	
1423	893	
1424	553	
1425	874	
1426	318	
1427	715	
1428	217	
1429	298	
1430	363	
1431	541	
1432	519	
1433	816	
1434	664	
1435	104	
1436	954	
1437	758	
1438	385	
1439	571	
1440	216	
1441	606	
1442	463	
1443	311	
1444	588	
1445	727	
1446	20	
1447	815	
1448	582	
1449	225	
1450	485	
1451	150	
1452	824	
1453	669	
1454	560	
1455	37	
1456	749	
1457	543	
1458	597	
1459	715	
1460	370	
1461	462	
1462	775	
1463	173	
1464	695	
1465	328	
1466	650	
1467	534	
1468	348	
1469	296	
1470	188	
1471	869	
1472	526	
1473	698	
1474	725	
1475	355	
1476	801	
1477	683	
1478	952	
1479	932	
1480	789	
1481	251	
1482	946	
1483	347	
1484	362	
1485	996	
1486	64	
1487	384	
1488	718	
1489	978	
1490	603	
1491	19	
1492	315	
1493	970	
1494	916	
1495	655	
1496	947	
1497	893	
1498	257	
1499	642	
1500	30	
1501	916	
1502	408	
1503	145	
1504	656	
1505	419	
1506	113	
1507	422	
1508	846	
1509	23	
1510	550	
1511	387	
1512	775	
1513	906	
1514	364	
1515	606	
1516	84	
1517	220	
1518	353	
1519	125	
1520	249	
1521	409	
1522	645	
1523	553	
1524	564	
1525	487	
1526	907	
1527	684	
1528	787	
1529	758	
1530	935	
1531	820	
1532	592	
1533	272	
1534	15	
1535	664	
1536	926	
1537	760	
1538	275	
1539	599	
1540	434	
1541	956	
1542	462	
1543	526	
1544	836	
1545	21	
1546	125	
1547	80	
1548	629	
1549	324	
1550	228	
1551	77	
1552	113	
1553	900	
1554	654	
1555	653	
1556	284	
1557	444	
1558	428	
1559	564	
1560	446	
1561	580	
1562	442	
1563	22	
1564	737	
1565	220	
1566	758	
1567	473	
1568	119	
1569	378	
1570	946	
1571	703	
1572	854	
1573	546	
1574	783	
1575	363	
1576	645	
1577	933	
1578	682	
1579	297	
1580	670	
1581	957	
1582	745	
1583	400	
1584	196	
1585	836	
1586	876	
1587	401	
1588	604	
1589	378	
1590	366	
1591	566	
1592	301	
1593	310	
1594	74	
1595	30	
1596	474	
1597	793	
1598	696	
1599	813	
1600	132	
1601	600	
1602	471	
1603	302	
1604	850	
1605	496	
1606	802	
1607	467	
1608	602	
1609	114	
1610	198	
1611	120	
1612	791	
1613	742	
1614	127	
1615	525	
1616	547	
1617	729	
1618	624	
1619	867	
1620	363	
1621	529	
1622	785	
1623	443	
1624	800	
1625	997	
1626	872	
1627	700	
1628	554	
1629	143	
1630	211	
1631	916	
1632	364	
1633	979	
1634	642	
1635	891	
1636	597	
1637	31	
1638	727	
1639	157	
1640	395	
1641	675	
1642	247	
1643	566	
1644	799	
1645	912	
1646	607	
1647	237	
1648	989	
1649	291	
1650	857	
1651	275	
1652	426	
1653	112	
1654	751	
1655	611	
1656	174	
1657	440	
1658	20	
1659	817	
1660	490	
1661	45	
1662	712	
1663	125	
1664	897	
1665	531	
1666	98	
1667	279	
1668	760	
1669	335	
1670	13	
1671	618	
1672	47	
1673	233	
1674	573	
1675	586	
1676	431	
1677	683	
1678	625	
1679	240	
1680	987	
1681	361	
1682	752	
1683	130	
1684	369	
1685	336	
1686	822	
1687	541	
1688	192	
1689	465	
1690	526	
1691	101	
1692	57	
1693	20	
1694	942	
1695	689	
1696	760	
1697	407	
1698	992	
1699	753	
1700	994	
1701	15	
1702	973	
1703	977	
1704	246	
1705	995	
1706	737	
1707	62	
1708	78	
1709	358	
1710	788	
1711	61	
1712	141	
1713	803	
1714	405	
1715	440	
1716	615	
1717	200	
1718	294	
1719	770	
1720	694	
1721	805	
1722	501	
1723	536	
1724	657	
1725	12	
1726	38	
1727	999	
1728	180	
1729	608	
1730	915	
1731	938	
1732	532	
1733	424	
1734	758	
1735	131	
1736	810	
1737	283	
1738	987	
1739	815	
1740	133	
1741	290	
1742	545	
1743	333	
1744	762	
1745	963	
1746	983	
1747	76	
1748	541	
1749	690	
1750	633	
1751	466	
1752	463	
1753	503	
1754	17	
1755	257	
1756	823	
1757	924	
1758	368	
1759	449	
1760	131	
1761	238	
1762	980	
1763	674	
1764	102	
1765	537	
1766	17	
1767	112	
1768	649	
1769	310	
1770	731	
1771	320	
1772	540	
1773	455	
1774	431	
1775	631	
1776	715	
1777	383	
1778	199	
1779	528	
1780	195	
1781	747	
1782	828	
1783	556	
1784	643	
1785	965	
1786	100	
1787	352	
1788	766	
1789	885	
1790	115	
1791	364	
1792	645	
1793	688	
1794	331	
1795	569	
1796	39	
1797	155	
1798	942	
1799	32	
1800	299	
1801	423	
1802	584	
1803	647	
1804	146	
1805	884	
1806	399	
1807	580	
1808	351	
1809	31	
1810	989	
1811	673	
1812	280	
1813	942	
1814	602	
1815	120	
1816	492	
1817	240	
1818	220	
1819	279	
1820	812	
1821	959	
1822	296	
1823	523	
1824	252	
1825	959	
1826	343	
1827	533	
1828	496	
1829	902	
1830	692	
1831	218	
1832	417	
1833	52	
1834	315	
1835	996	
1836	544	
1837	418	
1838	353	
1839	220	
1840	231	
1841	308	
1842	456	
1843	473	
1844	885	
1845	265	
1846	753	
1847	456	
1848	152	
1849	143	
1850	113	
1851	836	
1852	66	
1853	473	
1854	518	
1855	964	
1856	806	
1857	835	
1858	17	
1859	273	
1860	857	
1861	657	
1862	732	
1863	446	
1864	539	
1865	829	
1866	827	
1867	360	
1868	357	
1869	312	
1870	596	
1871	878	
1872	883	
1873	94	
1874	784	
1875	808	
1876	753	
1877	324	
1878	370	
1879	530	
1880	752	
1881	819	
1882	692	
1883	55	
1884	975	
1885	372	
1886	63	
1887	439	
1888	347	
1889	915	
1890	297	
1891	291	
1892	881	
1893	29	
1894	22	
1895	494	
1896	289	
1897	316	
1898	817	
1899	747	
1900	331	
1901	519	
1902	601	
1903	659	
1904	698	
1905	60	
1906	951	
1907	102	
1908	485	
1909	969	
1910	412	
1911	278	
1912	539	
1913	636	
1914	685	
1915	297	
1916	516	
1917	255	
1918	928	
1919	238	
1920	516	
1921	23	
1922	934	
1923	500	
1924	353	
1925	610	
1926	529	
1927	192	
1928	722	
1929	399	
1930	285	
1931	853	
1932	255	
1933	711	
1934	224	
1935	955	
1936	573	
1937	471	
1938	107	
1939	578	
1940	281	
1941	5	
1942	448	
1943	830	
1944	506	
1945	513	
1946	188	
1947	722	
1948	641	
1949	963	
1950	388	
1951	918	
1952	881	
1953	769	
1954	97	
1955	868	
1956	881	
1957	271	
1958	950	
1959	212	
1960	6	
1961	30	
1962	718	
1963	517	
1964	996	
1965	495	
1966	240	
1967	53	
1968	220	
1969	559	
1970	933	
1971	61	
1972	724	
1973	595	
1974	710	
1975	679	
1976	404	
1977	163	
1978	16	
1979	209	
1980	933	
1981	792	
1982	505	
1983	554	
1984	826	
1985	663	
1986	297	
1987	682	
1988	888	
1989	949	
1990	988	
1991	651	
1992	591	
1993	210	
1994	133	
1995	572	
1996	72	
1997	912	
1998	906	
1999	418	
2000	686	
2001	739	
2002	380	
2003	462	
2004	239	
2005	849	
2006	949	
2007	796	
2008	490	
2009	777	
2010	433	
2011	304	
2012	121	
2013	493	
2014	159	
2015	696	
2016	406	
2017	265	
2018	824	
2019	430	
2020	831	
2021	763	
2022	308	
2023	469	
2024	115	
2025	603	
2026	25	
2027	65	
2028	859	
2029	362	
2030	205	
2031	177	
2032	788	
2033	628	
2034	201	
2035	998	
2036	458	
2037	104	
2038	430	
2039	803	
2040	476	
2041	740	
2042	737	
2043	252	
2044	724	
2045	483	
2046	800	
2047	89	
2048	413	
2049	833	
2050	251	
2051	2	
2052	957	
2053	626	
2054	638	
2055	713	
2056	346	
2057	232	
2058	939	
2059	397	
2060	815	
2061	796	
2062	586	
2063	579	
2064	510	
2065	26	
2066	627	
2067	261	
2068	500	
2069	879	
2070	200	
2071	725	
2072	929	
2073	604	
2074	749	
2075	888	
2076	391	
2077	146	
2078	290	
2079	812	
2080	705	
2081	932	
2082	645	
2083	628	
2084	571	
2085	538	
2086	193	
2087	193	
2088	918	
2089	386	
2090	243	
2091	256	
2092	442	
2093	63	
2094	737	
2095	304	
2096	667	
2097	756	
2098	667	
2099	850	
2100	814	
2101	439	
2102	908	
2103	697	
2104	162	
2105	920	
2106	584	
2107	785	
2108	202	
2109	625	
2110	133	
2111	818	
2112	792	
2113	861	
2114	540	
2115	500	
2116	41	
2117	666	
2118	254	
2119	354	
2120	436	
2121	81	
2122	224	
2123	633	
2124	284	
2125	163	
2126	441	
2127	743	
2128	19	
2129	531	
2130	961	
2131	30	
2132	927	
2133	576	
2134	362	
2135	424	
2136	159	
2137	985	
2138	664	
2139	266	
2140	700	
2141	769	
2142	498	
2143	547	
2144	642	
2145	490	
2146	80	
2147	411	
2148	702	
2149	523	
2150	172	
2151	894	
2152	807	
2153	84	
2154	339	
2155	585	
2156	422	
2157	583	
2158	291	
2159	489	
2160	408	
2161	854	
2162	141	
2163	425	
2164	928	
2165	585	
2166	705	
2167	418	
2168	935	
2169	959	
2170	662	
2171	137	
2172	262	
2173	521	
2174	265	
2175	990	
2176	448	
2177	564	
2178	770	
2179	785	
2180	43	
2181	221	
2182	421	
2183	813	
2184	53	
2185	20	
2186	836	
2187	127	
2188	696	
2189	323	
2190	903	
2191	438	
2192	208	
2193	822	
2194	382	
2195	906	
2196	225	
2197	339	
2198	858	
2199	686	
2200	291	
2201	673	
2202	641	
2203	815	
2204	656	
2205	802	
2206	577	
2207	540	
2208	954	
2209	610	
2210	82	
2211	86	
2212	671	
2213	63	
2214	718	
2215	495	
2216	871	
2217	809	
2218	474	
2219	764	
2220	673	
2221	353	
2222	564	
2223	749	
2224	179	
2225	555	
2226	180	
2227	873	
2228	905	
2229	325	
2230	221	
2231	445	
2232	939	
2233	576	
2234	818	
2235	187	
2236	937	
2237	132	
2238	11	
2239	765	
2240	991	
2241	469	
2242	792	
2243	433	
2244	139	
2245	682	
2246	962	
2247	587	
2248	628	
2249	186	
2250	270	
2251	264	
2252	995	
2253	919	
2254	627	
2255	239	
2256	43	
2257	356	
2258	616	
2259	800	
2260	729	
2261	601	
2262	937	
2263	278	
2264	542	
2265	179	
2266	641	
2267	22	
2268	778	
2269	222	
2270	7	
2271	488	
2272	392	
2273	677	
2274	3	
2275	427	
2276	271	
2277	213	
2278	823	
2279	258	
2280	333	
2281	136	
2282	208	
2283	658	
2284	867	
2285	365	
2286	867	
2287	699	
2288	965	
2289	82	
2290	474	
2291	93	
2292	201	
2293	300	
2294	71	
2295	26	
2296	669	
2297	307	
2298	613	
2299	896	
2300	890	
2301	889	
2302	212	
2303	93	
2304	293	
2305	817	
2306	659	
2307	403	
2308	274	
2309	89	
2310	205	
2311	251	
2312	273	
2313	826	
2314	343	
2315	491	
2316	939	
2317	676	
2318	165	
2319	818	
2320	204	
2321	125	
2322	274	
2323	521	
2324	552	
2325	825	
2326	46	
2327	473	
2328	895	
2329	536	
2330	551	
2331	128	
2332	234	
2333	60	
2334	683	
2335	670	
2336	925	
2337	786	
2338	858	
2339	970	
2340	485	
2341	206	
2342	318	
2343	319	
2344	698	
2345	865	
2346	987	
2347	459	
2348	563	
2349	468	
2350	985	
2351	84	
2352	766	
2353	252	
2354	215	
2355	491	
2356	527	
2357	766	
2358	999	
2359	354	
2360	285	
2361	913	
2362	639	
2363	239	
2364	210	
2365	808	
2366	108	
2367	953	
2368	393	
2369	263	
2370	662	
2371	439	
2372	656	
2373	835	
2374	304	
2375	102	
2376	333	
2377	469	
2378	102	
2379	609	
2380	899	
2381	61	
2382	582	
2383	768	
2384	932	
2385	768	
2386	978	
2387	708	
2388	837	
2389	619	
2390	746	
2391	926	
2392	431	
2393	111	
2394	452	
2395	5	
2396	393	
2397	997	
2398	534	
2399	182	
2400	233	
2401	857	
2402	55	
2403	596	
2404	930	
2405	209	
2406	843	
2407	679	
2408	949	
2409	133	
2410	598	
2411	326	
2412	706	
2413	238	
2414	957	
2415	711	
2416	389	
2417	528	
2418	306	
2419	275	
2420	587	
2421	946	
2422	607	
2423	149	
2424	644	
2425	138	
2426	191	
2427	793	
2428	256	
2429	83	
2430	9	
2431	279	
2432	180	
2433	696	
2434	582	
2435	190	
2436	548	
2437	72	
2438	256	
2439	35	
2440	232	
2441	978	
2442	555	
2443	298	
2444	457	
2445	792	
2446	534	
2447	129	
2448	874	
2449	629	
2450	928	
2451	825	
2452	441	
2453	792	
2454	493	
2455	670	
2456	581	
2457	905	
2458	583	
2459	388	
2460	671	
2461	881	
2462	543	
2463	522	
2464	795	
2465	747	
2466	363	
2467	704	
2468	406	
2469	327	
2470	575	
2471	26	
2472	991	
2473	707	
2474	351	
2475	268	
2476	767	
2477	922	
2478	344	
2479	629	
2480	243	
2481	191	
2482	500	
2483	742	
2484	278	
2485	496	
2486	316	
2487	594	
2488	201	
2489	469	
2490	589	
2491	613	
2492	157	
2493	951	
2494	566	
2495	847	
2496	701	
2497	939	
2498	374	
2499	200	
2500	823	
2501	471	
2502	880	
2503	75	
2504	857	
2505	313	
2506	343	
2507	997	
2508	389	
2509	845	
2510	476	
2511	84	
2512	879	
2513	869	
2514	573	
2515	930	
2516	187	
2517	816	
2518	845	
2519	936	
2520	569	
2521	717	
2522	73	
2523	813	
2524	915	
2525	135	
2526	14	
2527	463	
2528	91	
2529	600	
2530	878	
2531	911	
2532	335	
2533	415	
2534	138	
2535	967	
2536	199	
2537	860	
2538	590	
2539	724	
2540	651	
2541	313	
2542	193	
2543	173	
2544	887	
2545	928	
2546	252	
2547	452	
2548	888	
2549	913	
2550	344	
2551	866	
2552	749	
2553	490	
2554	794	
2555	116	
2556	249	
2557	759	
2558	729	
2559	210	
2560	197	
2561	809	
2562	532	
2563	28	
2564	992	
2565	336	
2566	773	
2567	365	
2568	112	
2569	180	
2570	650	
2571	250	
2572	680	
2573	509	
2574	96	
2575	433	
2576	138	
2577	168	
2578	984	
2579	364	
2580	660	
2581	770	
2582	197	
2583	93	
2584	613	
2585	796	
2586	849	
2587	441	
2588	14	
2589	759	
2590	949	
2591	351	
2592	802	
2593	959	
2594	47	
2595	464	
2596	616	
2597	82	
2598	627	
2599	726	
2600	806	
2601	16	
2602	772	
2603	743	
2604	725	
2605	42	
2606	121	
2607	680	
2608	825	
2609	412	
2610	99	
2611	107	
2612	832	
2613	884	
2614	723	
2615	772	
2616	672	
2617	346	
2618	134	
2619	773	
2620	978	
2621	304	
2622	538	
2623	871	
2624	651	
2625	226	
2626	712	
2627	3	
2628	871	
2629	548	
2630	345	
2631	346	
2632	414	
2633	896	
2634	579	
2635	530	
2636	850	
2637	551	
2638	875	
2639	177	
2640	388	
2641	781	
2642	770	
2643	937	
2644	995	
2645	567	
2646	386	
2647	877	
2648	710	
2649	653	
2650	16	
2651	752	
2652	335	
2653	442	
2654	361	
2655	978	
2656	192	
2657	769	
2658	286	
2659	292	
2660	759	
2661	855	
2662	930	
2663	208	
2664	211	
2665	509	
2666	80	
2667	676	
2668	78	
2669	693	
2670	167	
2671	885	
2672	298	
2673	242	
2674	680	
2675	902	
2676	558	
2677	106	
2678	620	
2679	576	
2680	737	
2681	93	
2682	568	
2683	177	
2684	643	
2685	252	
2686	978	
2687	279	
2688	640	
2689	916	
2690	347	
2691	932	
2692	558	
2693	491	
2694	484	
2695	41	
2696	539	
2697	695	
2698	827	
2699	116	
2700	562	
2701	868	
2702	165	
2703	156	
2704	52	
2705	4	
2706	803	
2707	153	
2708	785	
2709	246	
2710	671	
2711	30	
2712	142	
2713	769	
2714	469	
2715	17	
2716	166	
2717	967	
2718	548	
2719	815	
2720	364	
2721	893	
2722	4	
2723	826	
2724	740	
2725	127	
2726	48	
2727	397	
2728	959	
2729	350	
2730	99	
2731	947	
2732	605	
2733	267	
2734	284	
2735	453	
2736	482	
2737	707	
2738	651	
2739	339	
2740	635	
2741	930	
2742	251	
2743	639	
2744	184	
2745	810	
2746	712	
2747	87	
2748	937	
2749	299	
2750	352	
2751	2	
2752	67	
2753	178	
2754	724	
2755	151	
2756	90	
2757	588	
2758	469	
2759	235	
2760	6	
2761	889	
2762	945	
2763	89	
2764	360	
2765	891	
2766	397	
2767	225	
2768	683	
2769	526	
2770	834	
2771	147	
2772	165	
2773	791	
2774	802	
2775	723	
2776	613	
2777	351	
2778	273	
2779	588	
2780	620	
2781	327	
2782	166	
2783	247	
2784	350	
2785	411	
2786	569	
2787	587	
2788	792	
2789	25	
2790	412	
2791	123	
2792	401	
2793	625	
2794	132	
2795	397	
2796	915	
2797	124	
2798	135	
2799	799	
2800	336	
2801	246	
2802	766	
2803	818	
2804	599	
2805	829	
2806	17	
2807	945	
2808	982	
2809	9	
2810	103	
2811	256	
2812	751	
2813	116	
2814	957	
2815	311	
2816	69	
2817	930	
2818	900	
2819	701	
2820	781	
2821	527	
2822	53	
2823	407	
2824	40	
2825	165	
2826	69	
2827	856	
2828	221	
2829	757	
2830	219	
2831	488	
2832	513	
2833	539	
2834	815	
2835	920	
2836	960	
2837	132	
2838	939	
2839	650	
2840	450	
2841	40	
2842	923	
2843	778	
2844	425	
2845	18	
2846	142	
2847	505	
2848	663	
2849	789	
2850	332	
2851	766	
2852	898	
2853	414	
2854	911	
2855	117	
2856	730	
2857	206	
2858	524	
2859	162	
2860	711	
2861	855	
2862	937	
2863	492	
2864	637	
2865	508	
2866	782	
2867	276	
2868	153	
2869	507	
2870	6	
2871	333	
2872	562	
2873	987	
2874	629	
2875	67	
2876	363	
2877	168	
2878	49	
2879	470	
2880	101	
2881	828	
2882	722	
2883	614	
2884	471	
2885	613	
2886	723	
2887	22	
2888	952	
2889	108	
2890	481	
2891	386	
2892	344	
2893	601	
2894	352	
2895	586	
2896	596	
2897	793	
2898	571	
2899	919	
2900	233	
2901	250	
2902	323	
2903	99	
2904	342	
2905	19	
2906	724	
2907	147	
2908	420	
2909	911	
2910	701	
2911	550	
2912	383	
2913	872	
2914	894	
2915	164	
2916	643	
2917	949	
2918	801	
2919	121	
2920	825	
2921	862	
2922	979	
2923	849	
2924	49	
2925	932	
2926	313	
2927	963	
2928	640	
2929	996	
2930	493	
2931	953	
2932	609	
2933	546	
2934	777	
2935	843	
2936	725	
2937	992	
2938	441	
2939	361	
2940	829	
2941	118	
2942	810	
2943	208	
2944	548	
2945	617	
2946	799	
2947	33	
2948	23	
2949	526	
2950	728	
2951	703	
2952	342	
2953	845	
2954	386	
2955	143	
2956	298	
2957	320	
2958	20	
2959	279	
2960	959	
2961	307	
2962	117	
2963	569	
2964	81	
2965	299	
2966	593	
2967	647	
2968	592	
2969	721	
2970	51	
2971	678	
2972	645	
2973	550	
2974	34	
2975	709	
2976	709	
2977	654	
2978	478	
2979	716	
2980	299	
2981	895	
2982	137	
2983	831	
2984	159	
2985	609	
2986	527	
2987	883	
2988	427	
2989	172	
2990	672	
2991	613	
2992	761	
2993	295	
2994	395	
2995	439	
2996	680	
2997	525	
2998	571	
2999	133	
3000	727	
3001	519	
3002	571	
3003	425	
3004	294	
3005	887	
3006	435	
3007	412	
3008	345	
3009	888	
3010	226	
3011	966	
3012	62	
3013	321	
3014	691	
3015	818	
3016	947	
3017	161	
3018	778	
3019	965	
3020	923	
3021	89	
3022	510	
3023	566	
3024	384	
3025	175	
3026	982	
3027	909	
3028	423	
3029	247	
3030	462	
3031	333	
3032	561	
3033	937	
3034	81	
3035	67	
3036	950	
3037	968	
3038	269	
3039	94	
3040	401	
3041	31	
3042	548	
3043	375	
3044	784	
3045	771	
3046	631	
3047	536	
3048	123	
3049	877	
3050	259	
3051	679	
3052	978	
3053	791	
3054	877	
3055	225	
3056	481	
3057	364	
3058	303	
3059	857	
3060	382	
3061	770	
3062	387	
3063	168	
3064	126	
3065	481	
3066	364	
3067	820	
3068	317	
3069	706	
3070	978	
3071	955	
3072	701	
3073	194	
3074	796	
3075	54	
3076	875	
3077	950	
3078	637	
3079	417	
3080	375	
3081	255	
3082	865	
3083	599	
3084	658	
3085	253	
3086	198	
3087	87	
3088	967	
3089	925	
3090	878	
3091	772	
3092	908	
3093	45	
3094	385	
3095	894	
3096	512	
3097	524	
3098	53	
3099	251	
3100	76	
3101	389	
3102	440	
3103	706	
3104	628	
3105	858	
3106	185	
3107	100	
3108	293	
3109	170	
3110	788	
3111	588	
3112	398	
3113	813	
3114	581	
3115	525	
3116	920	
3117	756	
3118	513	
3119	960	
3120	432	
3121	300	
3122	26	
3123	733	
3124	178	
3125	417	
3126	953	
3127	406	
3128	637	
3129	557	
3130	740	
3131	17	
3132	835	
3133	528	
3134	791	
3135	924	
3136	719	
3137	46	
3138	724	
3139	505	
3140	910	
3141	910	
3142	309	
3143	401	
3144	361	
3145	799	
3146	982	
3147	91	
3148	559	
3149	196	
3150	925	
3151	595	
3152	909	
3153	926	
3154	668	
3155	717	
3156	647	
3157	278	
3158	827	
3159	753	
3160	349	
3161	514	
3162	296	
3163	694	
3164	809	
3165	635	
3166	504	
3167	201	
3168	461	
3169	711	
3170	349	
3171	36	
3172	656	
3173	107	
3174	759	
3175	42	
3176	223	
3177	87	
3178	837	
3179	926	
3180	101	
3181	956	
3182	315	
3183	881	
3184	5	
3185	446	
3186	739	
3187	643	
3188	716	
3189	819	
3190	342	
3191	375	
3192	914	
3193	603	
3194	810	
3195	281	
3196	895	
3197	488	
3198	435	
3199	264	
3200	712	
3201	85	
3202	323	
3203	382	
3204	161	
3205	1	
3206	492	
3207	877	
3208	209	
3209	643	
3210	322	
3211	153	
3212	627	
3213	396	
3214	259	
3215	890	
3216	305	
3217	146	
3218	984	
3219	264	
3220	713	
3221	977	
3222	635	
3223	791	
3224	930	
3225	113	
3226	489	
3227	915	
3228	173	
3229	541	
3230	671	
3231	474	
3232	21	
3233	240	
3234	255	
3235	798	
3236	673	
3237	487	
3238	425	
3239	242	
3240	711	
3241	603	
3242	444	
3243	370	
3244	440	
3245	550	
3246	324	
3247	245	
3248	681	
3249	746	
3250	195	
3251	740	
3252	85	
3253	951	
3254	642	
3255	258	
3256	53	
3257	412	
3258	310	
3259	899	
3260	506	
3261	907	
3262	757	
3263	303	
3264	583	
3265	23	
3266	616	
3267	134	
3268	121	
3269	790	
3270	329	
3271	970	
3272	288	
3273	272	
3274	844	
3275	562	
3276	413	
3277	136	
3278	815	
3279	699	
3280	404	
3281	560	
3282	363	
3283	535	
3284	745	
3285	326	
3286	10	
3287	39	
3288	388	
3289	228	
3290	97	
3291	482	
3292	871	
3293	353	
3294	717	
3295	654	
3296	972	
3297	978	
3298	287	
3299	651	
3300	665	
3301	101	
3302	362	
3303	645	
3304	637	
3305	610	
3306	41	
3307	672	
3308	130	
3309	378	
3310	75	
3311	27	
3312	987	
3313	858	
3314	153	
3315	632	
3316	901	
3317	470	
3318	332	
3319	831	
3320	383	
3321	472	
3322	457	
3323	768	
3324	131	
3325	400	
3326	454	
3327	984	
3328	324	
3329	162	
3330	308	
3331	824	
3332	528	
3333	613	
3334	941	
3335	66	
3336	174	
3337	168	
3338	652	
3339	333	
3340	406	
3341	549	
3342	929	
3343	318	
3344	933	
3345	856	
3346	692	
3347	311	
3348	928	
3349	71	
3350	527	
3351	562	
3352	397	
3353	752	
3354	927	
3355	428	
3356	839	
3357	143	
3358	953	
3359	276	
3360	961	
3361	351	
3362	782	
3363	443	
3364	671	
3365	742	
3366	457	
3367	163	
3368	178	
3369	699	
3370	573	
3371	209	
3372	370	
3373	17	
3374	105	
3375	508	
3376	587	
3377	555	
3378	350	
3379	725	
3380	211	
3381	472	
3382	549	
3383	640	
3384	719	
3385	966	
3386	730	
3387	623	
3388	187	
3389	583	
3390	798	
3391	451	
3392	273	
3393	457	
3394	862	
3395	772	
3396	206	
3397	687	
3398	855	
3399	93	
3400	498	
3401	267	
3402	315	
3403	955	
3404	638	
3405	798	
3406	34	
3407	437	
3408	413	
3409	899	
3410	52	
3411	850	
3412	949	
3413	273	
3414	699	
3415	279	
3416	661	
3417	688	
3418	156	
3419	649	
3420	334	
3421	568	
3422	252	
3423	165	
3424	228	
3425	783	
3426	532	
3427	540	
3428	836	
3429	665	
3430	934	
3431	986	
3432	517	
3433	975	
3434	959	
3435	740	
3436	329	
3437	243	
3438	621	
3439	207	
3440	778	
3441	440	
3442	57	
3443	998	
3444	527	
3445	899	
3446	404	
3447	578	
3448	750	
3449	590	
3450	434	
3451	977	
3452	833	
3453	242	
3454	251	
3455	633	
3456	139	
3457	858	
3458	711	
3459	675	
3460	858	
3461	460	
3462	511	
3463	754	
3464	92	
3465	312	
3466	129	
3467	675	
3468	68	
3469	361	
3470	514	
3471	773	
3472	595	
3473	377	
3474	275	
3475	240	
3476	441	
3477	374	
3478	406	
3479	311	
3480	299	
3481	601	
3482	647	
3483	728	
3484	132	
3485	220	
3486	661	
3487	720	
3488	286	
3489	457	
3490	216	
3491	361	
3492	15	
3493	183	
3494	730	
3495	173	
3496	935	
3497	350	
3498	712	
3499	106	
3500	822	
3501	31	
3502	288	
3503	61	
3504	336	
3505	46	
3506	570	
3507	689	
3508	138	
3509	954	
3510	713	
3511	535	
3512	532	
3513	553	
3514	73	
3515	293	
3516	174	
3517	918	
3518	440	
3519	825	
3520	565	
3521	77	
3522	334	
3523	301	
3524	325	
3525	483	
3526	751	
3527	762	
3528	133	
3529	616	
3530	901	
3531	326	
3532	784	
3533	854	
3534	192	
3535	904	
3536	552	
3537	25	
3538	616	
3539	448	
3540	475	
3541	542	
3542	862	
3543	506	
3544	160	
3545	926	
3546	273	
3547	521	
3548	24	
3549	442	
3550	428	
3551	853	
3552	879	
3553	22	
3554	370	
3555	303	
3556	161	
3557	887	
3558	997	
3559	634	
3560	655	
3561	415	
3562	904	
3563	346	
3564	922	
3565	725	
3566	673	
3567	765	
3568	660	
3569	552	
3570	715	
3571	774	
3572	436	
3573	443	
3574	205	
3575	215	
3576	744	
3577	95	
3578	966	
3579	276	
3580	697	
3581	437	
3582	579	
3583	572	
3584	964	
3585	699	
3586	580	
3587	665	
3588	910	
3589	948	
3590	316	
3591	364	
3592	989	
3593	170	
3594	456	
3595	668	
3596	499	
3597	30	
3598	188	
3599	606	
3600	932	
3601	163	
3602	427	
3603	499	
3604	356	
3605	544	
3606	886	
3607	22	
3608	499	
3609	772	
3610	585	
3611	741	
3612	258	
3613	626	
3614	323	
3615	110	
3616	14	
3617	645	
3618	3	
3619	633	
3620	522	
3621	650	
3622	942	
3623	257	
3624	286	
3625	34	
3626	245	
3627	988	
3628	44	
3629	983	
3630	793	
3631	544	
3632	215	
3633	883	
3634	921	
3635	310	
3636	524	
3637	950	
3638	952	
3639	73	
3640	74	
3641	79	
3642	977	
3643	453	
3644	475	
3645	959	
3646	332	
3647	194	
3648	267	
3649	883	
3650	224	
3651	967	
3652	693	
3653	320	
3654	289	
3655	337	
3656	11	
3657	999	
3658	713	
3659	859	
3660	692	
3661	592	
3662	647	
3663	382	
3664	45	
3665	976	
3666	125	
3667	704	
3668	171	
3669	693	
3670	268	
3671	510	
3672	885	
3673	694	
3674	784	
3675	188	
3676	740	
3677	85	
3678	951	
3679	712	
3680	867	
3681	126	
3682	971	
3683	116	
3684	193	
3685	679	
3686	685	
3687	547	
3688	371	
3689	568	
3690	298	
3691	41	
3692	93	
3693	290	
3694	615	
3695	845	
3696	136	
3697	425	
3698	846	
3699	201	
3700	658	
3701	836	
3702	985	
3703	253	
3704	67	
3705	865	
3706	723	
3707	57	
3708	955	
3709	683	
3710	540	
3711	833	
3712	519	
3713	422	
3714	403	
3715	416	
3716	267	
3717	223	
3718	347	
3719	160	
3720	87	
3721	214	
3722	8	
3723	102	
3724	460	
3725	605	
3726	353	
3727	640	
3728	70	
3729	104	
3730	509	
3731	656	
3732	585	
3733	660	
3734	392	
3735	800	
3736	341	
3737	330	
3738	741	
3739	629	
3740	523	
3741	346	
3742	378	
3743	389	
3744	575	
3745	658	
3746	241	
3747	795	
3748	150	
3749	335	
3750	987	
3751	856	
3752	239	
3753	464	
3754	549	
3755	705	
3756	12	
3757	320	
3758	732	
3759	165	
3760	263	
3761	778	
3762	394	
3763	949	
3764	95	
3765	996	
3766	560	
3767	468	
3768	674	
3769	254	
3770	708	
3771	551	
3772	810	
3773	906	
3774	186	
3775	524	
3776	922	
3777	851	
3778	228	
3779	628	
3780	584	
3781	608	
3782	148	
3783	954	
3784	26	
3785	831	
3786	710	
3787	515	
3788	603	
3789	788	
3790	753	
3791	389	
3792	837	
3793	457	
3794	492	
3795	642	
3796	277	
3797	181	
3798	963	
3799	28	
3800	787	
3801	576	
3802	912	
3803	440	
3804	609	
3805	322	
3806	500	
3807	253	
3808	433	
3809	825	
3810	326	
3811	380	
3812	858	
3813	425	
3814	159	
3815	615	
3816	33	
3817	131	
3818	30	
3819	123	
3820	577	
3821	41	
3822	439	
3823	40	
3824	693	
3825	165	
3826	332	
3827	373	
3828	531	
3829	271	
3830	943	
3831	878	
3832	640	
3833	62	
3834	827	
3835	328	
3836	80	
3837	539	
3838	71	
3839	233	
3840	732	
3841	211	
3842	756	
3843	338	
3844	451	
3845	459	
3846	236	
3847	6	
3848	460	
3849	476	
3850	947	
3851	74	
3852	880	
3853	390	
3854	927	
3855	357	
3856	978	
3857	222	
3858	306	
3859	47	
3860	848	
3861	466	
3862	564	
3863	979	
3864	297	
3865	585	
3866	419	
3867	134	
3868	438	
3869	605	
3870	716	
3871	495	
3872	930	
3873	66	
3874	81	
3875	375	
3876	652	
3877	726	
3878	850	
3879	920	
3880	970	
3881	881	
3882	990	
3883	912	
3884	190	
3885	716	
3886	945	
3887	812	
3888	274	
3889	491	
3890	317	
3891	351	
3892	5	
3893	205	
3894	259	
3895	378	
3896	405	
3897	8	
3898	152	
3899	179	
3900	667	
3901	351	
3902	483	
3903	40	
3904	756	
3905	693	
3906	11	
3907	154	
3908	325	
3909	257	
3910	770	
3911	413	
3912	692	
3913	82	
3914	814	
3915	788	
3916	99	
3917	834	
3918	613	
3919	983	
3920	830	
3921	725	
3922	582	
3923	822	
3924	961	
3925	656	
3926	740	
3927	908	
3928	828	
3929	228	
3930	11	
3931	238	
3932	737	
3933	634	
3934	139	
3935	804	
3936	762	
3937	382	
3938	250	
3939	69	
3940	645	
3941	333	
3942	900	
3943	60	
3944	185	
3945	153	
3946	508	
3947	983	
3948	72	
3949	721	
3950	801	
3951	388	
3952	45	
3953	747	
3954	508	
3955	595	
3956	285	
3957	396	
3958	582	
3959	481	
3960	247	
3961	588	
3962	492	
3963	881	
3964	134	
3965	189	
3966	461	
3967	370	
3968	91	
3969	458	
3970	951	
3971	326	
3972	805	
3973	626	
3974	791	
3975	958	
3976	82	
3977	11	
3978	808	
3979	984	
3980	909	
3981	537	
3982	464	
3983	947	
3984	464	
3985	326	
3986	616	
3987	479	
3988	81	
3989	777	
3990	258	
3991	776	
3992	726	
3993	450	
3994	691	
3995	937	
3996	962	
3997	401	
3998	432	
3999	59	
4000	456	
4001	444	
4002	970	
4003	357	
4004	868	
4005	15	
4006	68	
4007	507	
4008	119	
4009	459	
4010	225	
4011	888	
4012	417	
4013	897	
4014	464	
4015	293	
4016	791	
4017	774	
4018	594	
4019	642	
4020	476	
4021	967	
4022	544	
4023	898	
4024	81	
4025	75	
4026	119	
4027	777	
4028	894	
4029	630	
4030	821	
4031	222	
4032	376	
4033	690	
4034	147	
4035	83	
4036	539	
4037	149	
4038	298	
4039	642	
4040	951	
4041	455	
4042	440	
4043	247	
4044	405	
4045	258	
4046	82	
4047	402	
4048	649	
4049	346	
4050	745	
4051	860	
4052	79	
4053	605	
4054	431	
4055	238	
4056	271	
4057	378	
4058	376	
4059	247	
4060	498	
4061	507	
4062	260	
4063	509	
4064	684	
4065	652	
4066	441	
4067	736	
4068	362	
4069	83	
4070	2	
4071	739	
4072	67	
4073	144	
4074	604	
4075	996	
4076	529	
4077	660	
4078	669	
4079	730	
4080	479	
4081	667	
4082	462	
4083	28	
4084	401	
4085	612	
4086	656	
4087	421	
4088	297	
4089	981	
4090	32	
4091	420	
4092	366	
4093	737	
4094	180	
4095	517	
4096	588	
4097	3	
4098	388	
4099	115	
4100	257	
4101	722	
4102	108	
4103	320	
4104	723	
4105	493	
4106	206	
4107	536	
4108	164	
4109	454	
4110	331	
4111	964	
4112	528	
4113	9	
4114	608	
4115	178	
4116	676	
4117	19	
4118	490	
4119	527	
4120	414	
4121	85	
4122	581	
4123	655	
4124	505	
4125	919	
4126	126	
4127	353	
4128	999	
4129	839	
4130	6	
4131	477	
4132	783	
4133	986	
4134	615	
4135	183	
4136	30	
4137	551	
4138	254	
4139	427	
4140	23	
4141	57	
4142	401	
4143	392	
4144	461	
4145	483	
4146	465	
4147	928	
4148	157	
4149	307	
4150	686	
4151	211	
4152	911	
4153	409	
4154	687	
4155	985	
4156	756	
4157	175	
4158	569	
4159	159	
4160	478	
4161	856	
4162	421	
4163	910	
4164	316	
4165	18	
4166	636	
4167	585	
4168	69	
4169	854	
4170	612	
4171	940	
4172	498	
4173	204	
4174	10	
4175	480	
4176	230	
4177	554	
4178	878	
4179	555	
4180	527	
4181	60	
4182	204	
4183	922	
4184	36	
4185	234	
4186	727	
4187	593	
4188	302	
4189	86	
4190	934	
4191	679	
4192	681	
4193	85	
4194	713	
4195	861	
4196	433	
4197	179	
4198	291	
4199	141	
4200	151	
4201	617	
4202	655	
4203	284	
4204	212	
4205	529	
4206	619	
4207	58	
4208	562	
4209	997	
4210	794	
4211	686	
4212	256	
4213	773	
4214	923	
4215	324	
4216	60	
4217	816	
4218	557	
4219	25	
4220	264	
4221	559	
4222	701	
4223	83	
4224	479	
4225	247	
4226	555	
4227	579	
4228	558	
4229	837	
4230	163	
4231	292	
4232	406	
4233	265	
4234	135	
4235	387	
4236	486	
4237	397	
4238	471	
4239	374	
4240	306	
4241	645	
4242	523	
4243	543	
4244	185	
4245	39	
4246	844	
4247	448	
4248	328	
4249	602	
4250	473	
4251	486	
4252	329	
4253	232	
4254	957	
4255	992	
4256	233	
4257	13	
4258	339	
4259	815	
4260	171	
4261	775	
4262	669	
4263	325	
4264	215	
4265	742	
4266	717	
4267	888	
4268	63	
4269	259	
4270	412	
4271	517	
4272	334	
4273	466	
4274	449	
4275	47	
4276	769	
4277	177	
4278	143	
4279	647	
4280	495	
4281	121	
4282	562	
4283	587	
4284	875	
4285	866	
4286	807	
4287	785	
4288	438	
4289	832	
4290	289	
4291	146	
4292	391	
4293	514	
4294	800	
4295	257	
4296	685	
4297	623	
4298	905	
4299	396	
4300	640	
4301	953	
4302	995	
4303	527	
4304	525	
4305	779	
4306	478	
4307	61	
4308	481	
4309	244	
4310	267	
4311	105	
4312	51	
4313	76	
4314	376	
4315	166	
4316	828	
4317	876	
4318	563	
4319	148	
4320	175	
4321	664	
4322	60	
4323	444	
4324	547	
4325	949	
4326	557	
4327	440	
4328	197	
4329	140	
4330	163	
4331	710	
4332	585	
4333	287	
4334	539	
4335	108	
4336	792	
4337	977	
4338	207	
4339	794	
4340	824	
4341	192	
4342	689	
4343	429	
4344	729	
4345	708	
4346	277	
4347	152	
4348	204	
4349	895	
4350	384	
4351	554	
4352	876	
4353	332	
4354	29	
4355	428	
4356	342	
4357	737	
4358	516	
4359	970	
4360	298	
4361	287	
4362	18	
4363	847	
4364	233	
4365	822	
4366	406	
4367	507	
4368	127	
4369	396	
4370	967	
4371	334	
4372	24	
4373	701	
4374	121	
4375	987	
4376	916	
4377	65	
4378	167	
4379	568	
4380	148	
4381	186	
4382	183	
4383	586	
4384	596	
4385	789	
4386	67	
4387	259	
4388	953	
4389	462	
4390	900	
4391	766	
4392	298	
4393	902	
4394	543	
4395	198	
4396	377	
4397	918	
4398	233	
4399	348	
4400	265	
4401	267	
4402	348	
4403	224	
4404	454	
4405	810	
4406	386	
4407	917	
4408	530	
4409	538	
4410	366	
4411	215	
4412	644	
4413	974	
4414	88	
4415	349	
4416	368	
4417	938	
4418	711	
4419	265	
4420	204	
4421	195	
4422	806	
4423	396	
4424	814	
4425	250	
4426	801	
4427	973	
4428	849	
4429	103	
4430	391	
4431	449	
4432	854	
4433	823	
4434	175	
4435	417	
4436	453	
4437	575	
4438	572	
4439	689	
4440	195	
4441	608	
4442	819	
4443	556	
4444	83	
4445	387	
4446	930	
4447	915	
4448	240	
4449	668	
4450	648	
4451	765	
4452	62	
4453	545	
4454	209	
4455	742	
4456	902	
4457	42	
4458	801	
4459	474	
4460	72	
4461	832	
4462	981	
4463	768	
4464	240	
4465	719	
4466	215	
4467	785	
4468	683	
4469	285	
4470	265	
4471	887	
4472	65	
4473	555	
4474	142	
4475	873	
4476	154	
4477	313	
4478	182	
4479	147	
4480	451	
4481	315	
4482	472	
4483	512	
4484	824	
4485	688	
4486	311	
4487	346	
4488	177	
4489	135	
4490	951	
4491	181	
4492	230	
4493	90	
4494	526	
4495	697	
4496	861	
4497	204	
4498	565	
4499	487	
4500	769	
4501	884	
4502	279	
4503	713	
4504	457	
4505	82	
4506	766	
4507	267	
4508	825	
4509	167	
4510	619	
4511	438	
4512	354	
4513	110	
4514	692	
4515	393	
4516	433	
4517	479	
4518	421	
4519	848	
4520	311	
4521	24	
4522	2	
4523	447	
4524	237	
4525	28	
4526	440	
4527	541	
4528	157	
4529	478	
4530	945	
4531	660	
4532	430	
4533	12	
4534	774	
4535	228	
4536	750	
4537	798	
4538	997	
4539	701	
4540	463	
4541	517	
4542	378	
4543	355	
4544	412	
4545	118	
4546	615	
4547	105	
4548	954	
4549	831	
4550	486	
4551	513	
4552	146	
4553	366	
4554	683	
4555	752	
4556	427	
4557	335	
4558	540	
4559	332	
4560	498	
4561	388	
4562	202	
4563	15	
4564	291	
4565	956	
4566	56	
4567	227	
4568	710	
4569	310	
4570	32	
4571	877	
4572	701	
4573	437	
4574	795	
4575	796	
4576	890	
4577	267	
4578	823	
4579	680	
4580	251	
4581	239	
4582	680	
4583	837	
4584	600	
4585	353	
4586	1	
4587	519	
4588	409	
4589	50	
4590	105	
4591	374	
4592	905	
4593	855	
4594	433	
4595	945	
4596	599	
4597	869	
4598	210	
4599	820	
4600	394	
4601	347	
4602	257	
4603	339	
4604	914	
4605	244	
4606	341	
4607	510	
4608	84	
4609	348	
4610	285	
4611	517	
4612	44	
4613	576	
4614	923	
4615	307	
4616	905	
4617	760	
4618	165	
4619	957	
4620	230	
4621	759	
4622	745	
4623	698	
4624	165	
4625	151	
4626	366	
4627	706	
4628	100	
4629	486	
4630	495	
4631	424	
4632	9	
4633	917	
4634	88	
4635	593	
4636	23	
4637	37	
4638	289	
4639	140	
4640	241	
4641	634	
4642	312	
4643	553	
4644	116	
4645	258	
4646	897	
4647	21	
4648	102	
4649	740	
4650	359	
4651	698	
4652	699	
4653	283	
4654	41	
4655	728	
4656	668	
4657	739	
4658	304	
4659	289	
4660	631	
4661	928	
4662	685	
4663	822	
4664	340	
4665	899	
4666	973	
4667	373	
4668	852	
4669	310	
4670	766	
4671	156	
4672	98	
4673	53	
4674	489	
4675	468	
4676	139	
4677	452	
4678	24	
4679	784	
4680	743	
4681	397	
4682	134	
4683	701	
4684	727	
4685	353	
4686	244	
4687	450	
4688	103	
4689	492	
4690	632	
4691	783	
4692	531	
4693	891	
4694	693	
4695	975	
4696	787	
4697	438	
4698	231	
4699	239	
4700	288	
4701	200	
4702	949	
4703	774	
4704	790	
4705	868	
4706	104	
4707	565	
4708	2	
4709	479	
4710	424	
4711	150	
4712	564	
4713	810	
4714	67	
4715	535	
4716	531	
4717	119	
4718	735	
4719	62	
4720	717	
4721	297	
4722	285	
4723	419	
4724	294	
4725	918	
4726	742	
4727	907	
4728	965	
4729	358	
4730	823	
4731	968	
4732	228	
4733	746	
4734	998	
4735	724	
4736	567	
4737	439	
4738	660	
4739	621	
4740	273	
4741	787	
4742	314	
4743	935	
4744	308	
4745	676	
4746	918	
4747	400	
4748	447	
4749	294	
4750	605	
4751	620	
4752	887	
4753	747	
4754	432	
4755	462	
4756	617	
4757	770	
4758	809	
4759	97	
4760	163	
4761	378	
4762	604	
4763	432	
4764	912	
4765	549	
4766	312	
4767	980	
4768	410	
4769	432	
4770	430	
4771	475	
4772	592	
4773	823	
4774	430	
4775	947	
4776	279	
4777	859	
4778	814	
4779	471	
4780	899	
4781	253	
4782	884	
4783	109	
4784	261	
4785	386	
4786	121	
4787	80	
4788	475	
4789	926	
4790	30	
4791	786	
4792	173	
4793	355	
4794	87	
4795	407	
4796	339	
4797	209	
4798	52	
4799	766	
4800	690	
4801	989	
4802	733	
4803	113	
4804	14	
4805	652	
4806	715	
4807	161	
4808	695	
4809	614	
4810	348	
4811	212	
4812	798	
4813	941	
4814	941	
4815	665	
4816	982	
4817	53	
4818	431	
4819	649	
4820	989	
4821	667	
4822	500	
4823	893	
4824	626	
4825	320	
4826	464	
4827	220	
4828	134	
4829	213	
4830	866	
4831	3	
4832	253	
4833	118	
4834	482	
4835	780	
4836	876	
4837	185	
4838	162	
4839	738	
4840	298	
4841	910	
4842	64	
4843	897	
4844	40	
4845	502	
4846	952	
4847	768	
4848	531	
4849	717	
4850	651	
4851	560	
4852	734	
4853	161	
4854	972	
4855	147	
4856	890	
4857	250	
4858	430	
4859	607	
4860	728	
4861	442	
4862	585	
4863	243	
4864	195	
4865	749	
4866	469	
4867	487	
4868	961	
4869	383	
4870	323	
4871	613	
4872	1000	
4873	418	
4874	841	
4875	332	
4876	619	
4877	7	
4878	468	
4879	289	
4880	419	
4881	993	
4882	196	
4883	701	
4884	672	
4885	720	
4886	477	
4887	532	
4888	639	
4889	929	
4890	850	
4891	962	
4892	107	
4893	584	
4894	426	
4895	237	
4896	542	
4897	991	
4898	141	
4899	1000	
4900	246	
4901	254	
4902	325	
4903	339	
4904	562	
4905	771	
4906	263	
4907	557	
4908	404	
4909	561	
4910	601	
4911	916	
4912	743	
4913	451	
4914	371	
4915	330	
4916	744	
4917	7	
4918	440	
4919	239	
4920	215	
4921	892	
4922	404	
4923	475	
4924	220	
4925	870	
4926	861	
4927	50	
4928	484	
4929	559	
4930	715	
4931	519	
4932	187	
4933	229	
4934	265	
4935	316	
4936	760	
4937	729	
4938	364	
4939	806	
4940	326	
4941	555	
4942	881	
4943	27	
4944	463	
4945	360	
4946	464	
4947	132	
4948	873	
4949	822	
4950	885	
4951	589	
4952	379	
4953	412	
4954	963	
4955	210	
4956	798	
4957	317	
4958	49	
4959	154	
4960	181	
4961	259	
4962	831	
4963	205	
4964	343	
4965	453	
4966	991	
4967	639	
4968	2	
4969	499	
4970	926	
4971	20	
4972	735	
4973	302	
4974	554	
4975	172	
4976	778	
4977	67	
4978	867	
4979	574	
4980	785	
4981	430	
4982	19	
4983	454	
4984	554	
4985	673	
4986	176	
4987	368	
4988	231	
4989	876	
4990	775	
4991	308	
4992	178	
4993	292	
4994	432	
4995	914	
4996	787	
4997	518	
4998	78	
4999	213	
5000	151	
5001	490	
5002	701	
5003	234	
5004	704	
5005	114	
5006	620	
5007	535	
5008	937	
5009	618	
5010	163	
5011	782	
5012	184	
5013	631	
5014	619	
5015	113	
5016	989	
5017	930	
5018	370	
5019	293	
5020	375	
5021	852	
5022	110	
5023	537	
5024	83	
5025	217	
5026	599	
5027	310	
5028	902	
5029	871	
5030	31	
5031	478	
5032	783	
5033	749	
5034	891	
5035	966	
5036	568	
5037	998	
5038	312	
5039	950	
5040	436	
5041	14	
5042	16	
5043	421	
5044	296	
5045	449	
5046	381	
5047	151	
5048	827	
5049	696	
5050	554	
5051	97	
5052	151	
5053	341	
5054	175	
5055	185	
5056	512	
5057	723	
5058	11	
5059	776	
5060	321	
5061	601	
5062	729	
5063	289	
5064	780	
5065	598	
5066	181	
5067	833	
5068	752	
5069	379	
5070	950	
5071	118	
5072	538	
5073	254	
5074	84	
5075	50	
5076	671	
5077	379	
5078	592	
5079	375	
5080	909	
5081	594	
5082	496	
5083	603	
5084	815	
5085	710	
5086	274	
5087	363	
5088	480	
5089	770	
5090	789	
5091	296	
5092	196	
5093	499	
5094	973	
5095	879	
5096	404	
5097	538	
5098	702	
5099	66	
5100	728	
5101	265	
5102	542	
5103	810	
5104	172	
5105	819	
5106	428	
5107	878	
5108	909	
5109	718	
5110	253	
5111	3	
5112	907	
5113	665	
5114	251	
5115	91	
5116	847	
5117	864	
5118	182	
5119	887	
5120	579	
5121	533	
5122	597	
5123	248	
5124	310	
5125	374	
5126	235	
5127	559	
5128	479	
5129	12	
5130	940	
5131	538	
5132	479	
5133	31	
5134	871	
5135	960	
5136	514	
5137	188	
5138	203	
5139	185	
5140	827	
5141	873	
5142	515	
5143	344	
5144	244	
5145	989	
5146	420	
5147	419	
5148	286	
5149	954	
5150	108	
5151	791	
5152	955	
5153	77	
5154	954	
5155	750	
5156	528	
5157	50	
5158	138	
5159	394	
5160	886	
5161	298	
5162	872	
5163	569	
5164	174	
5165	526	
5166	625	
5167	337	
5168	3	
5169	498	
5170	647	
5171	714	
5172	409	
5173	109	
5174	387	
5175	169	
5176	465	
5177	165	
5178	851	
5179	993	
5180	852	
5181	414	
5182	155	
5183	193	
5184	486	
5185	769	
5186	109	
5187	986	
5188	82	
5189	686	
5190	331	
5191	544	
5192	561	
5193	868	
5194	649	
5195	774	
5196	453	
5197	677	
5198	494	
5199	412	
5200	567	
5201	885	
5202	593	
5203	810	
5204	559	
5205	906	
5206	405	
5207	268	
5208	34	
5209	818	
5210	15	
5211	253	
5212	51	
5213	249	
5214	756	
5215	637	
5216	348	
5217	370	
5218	582	
5219	438	
5220	139	
5221	363	
5222	494	
5223	816	
5224	224	
5225	636	
5226	256	
5227	234	
5228	739	
5229	70	
5230	988	
5231	314	
5232	648	
5233	965	
5234	584	
5235	393	
5236	468	
5237	711	
5238	641	
5239	585	
5240	470	
5241	252	
5242	889	
5243	936	
5244	169	
5245	142	
5246	367	
5247	29	
5248	726	
5249	144	
5250	508	
5251	911	
5252	916	
5253	281	
5254	90	
5255	315	
5256	202	
5257	128	
5258	77	
5259	36	
5260	241	
5261	374	
5262	307	
5263	170	
5264	4	
5265	705	
5266	205	
5267	214	
5268	840	
5269	773	
5270	13	
5271	609	
5272	918	
5273	18	
5274	208	
5275	322	
5276	910	
5277	267	
5278	963	
5279	311	
5280	196	
5281	306	
5282	8	
5283	304	
5284	885	
5285	111	
5286	736	
5287	281	
5288	280	
5289	448	
5290	23	
5291	509	
5292	86	
5293	808	
5294	876	
5295	774	
5296	267	
5297	729	
5298	432	
5299	954	
5300	141	
5301	531	
5302	828	
5303	788	
5304	626	
5305	565	
5306	469	
5307	27	
5308	108	
5309	680	
5310	321	
5311	411	
5312	853	
5313	257	
5314	465	
5315	567	
5316	541	
5317	22	
5318	295	
5319	617	
5320	345	
5321	389	
5322	519	
5323	885	
5324	907	
5325	34	
5326	199	
5327	563	
5328	871	
5329	15	
5330	432	
5331	820	
5332	49	
5333	514	
5334	796	
5335	282	
5336	873	
5337	164	
5338	656	
5339	482	
5340	344	
5341	799	
5342	337	
5343	450	
5344	578	
5345	373	
5346	200	
5347	237	
5348	197	
5349	909	
5350	256	
5351	739	
5352	470	
5353	863	
5354	620	
5355	468	
5356	744	
5357	36	
5358	868	
5359	764	
5360	421	
5361	369	
5362	390	
5363	597	
5364	68	
5365	258	
5366	158	
5367	258	
5368	628	
5369	441	
5370	528	
5371	735	
5372	85	
5373	14	
5374	426	
5375	916	
5376	451	
5377	245	
5378	389	
5379	521	
5380	924	
5381	893	
5382	763	
5383	449	
5384	86	
5385	245	
5386	711	
5387	417	
5388	508	
5389	367	
5390	482	
5391	135	
5392	808	
5393	951	
5394	482	
5395	885	
5396	919	
5397	83	
5398	178	
5399	525	
5400	706	
5401	529	
5402	62	
5403	516	
5404	417	
5405	405	
5406	725	
5407	696	
5408	319	
5409	354	
5410	911	
5411	412	
5412	171	
5413	22	
5414	111	
5415	193	
5416	427	
5417	816	
5418	800	
5419	388	
5420	656	
5421	83	
5422	945	
5423	989	
5424	102	
5425	874	
5426	227	
5427	267	
5428	266	
5429	427	
5430	495	
5431	242	
5432	548	
5433	967	
5434	914	
5435	614	
5436	117	
5437	773	
5438	314	
5439	727	
5440	447	
5441	836	
5442	391	
5443	894	
5444	474	
5445	703	
5446	605	
5447	60	
5448	986	
5449	744	
5450	151	
5451	902	
5452	883	
5453	112	
5454	507	
5455	469	
5456	488	
5457	714	
5458	641	
5459	24	
5460	285	
5461	453	
5462	629	
5463	138	
5464	906	
5465	489	
5466	443	
5467	312	
5468	160	
5469	230	
5470	536	
5471	441	
5472	667	
5473	978	
5474	517	
5475	526	
5476	360	
5477	825	
5478	340	
5479	625	
5480	382	
5481	644	
5482	939	
5483	695	
5484	975	
5485	125	
5486	822	
5487	688	
5488	989	
5489	119	
5490	358	
5491	179	
5492	919	
5493	311	
5494	678	
5495	692	
5496	387	
5497	335	
5498	650	
5499	344	
5500	667	
5501	56	
5502	456	
5503	405	
5504	146	
5505	812	
5506	256	
5507	885	
5508	830	
5509	604	
5510	662	
5511	417	
5512	397	
5513	741	
5514	468	
5515	23	
5516	913	
5517	674	
5518	282	
5519	533	
5520	166	
5521	144	
5522	8	
5523	389	
5524	272	
5525	570	
5526	584	
5527	474	
5528	80	
5529	930	
5530	910	
5531	151	
5532	830	
5533	410	
5534	1	
5535	244	
5536	309	
5537	436	
5538	817	
5539	970	
5540	27	
5541	103	
5542	992	
5543	235	
5544	664	
5545	251	
5546	3	
5547	133	
5548	260	
5549	945	
5550	848	
5551	278	
5552	835	
5553	501	
5554	816	
5555	462	
5556	634	
5557	198	
5558	603	
5559	850	
5560	216	
5561	658	
5562	256	
5563	612	
5564	440	
5565	772	
5566	540	
5567	934	
5568	483	
5569	72	
5570	167	
5571	62	
5572	8	
5573	387	
5574	357	
5575	848	
5576	422	
5577	13	
5578	400	
5579	42	
5580	198	
5581	952	
5582	200	
5583	208	
5584	123	
5585	312	
5586	101	
5587	14	
5588	99	
5589	218	
5590	809	
5591	556	
5592	212	
5593	367	
5594	232	
5595	233	
5596	642	
5597	423	
5598	257	
5599	122	
5600	701	
5601	328	
5602	876	
5603	417	
5604	533	
5605	919	
5606	739	
5607	728	
5608	192	
5609	460	
5610	875	
5611	997	
5612	271	
5613	583	
5614	98	
5615	470	
5616	719	
5617	822	
5618	160	
5619	332	
5620	475	
5621	927	
5622	727	
5623	473	
5624	972	
5625	672	
5626	829	
5627	643	
5628	227	
5629	411	
5630	439	
5631	489	
5632	763	
5633	326	
5634	565	
5635	594	
5636	305	
5637	948	
5638	130	
5639	923	
5640	301	
5641	311	
5642	755	
5643	503	
5644	313	
5645	624	
5646	357	
5647	462	
5648	158	
5649	338	
5650	184	
5651	336	
5652	267	
5653	668	
5654	672	
5655	425	
5656	696	
5657	933	
5658	448	
5659	964	
5660	972	
5661	560	
5662	551	
5663	186	
5664	620	
5665	832	
5666	525	
5667	162	
5668	589	
5669	618	
5670	604	
5671	432	
5672	679	
5673	127	
5674	369	
5675	128	
5676	114	
5677	856	
5678	681	
5679	265	
5680	489	
5681	522	
5682	262	
5683	28	
5684	515	
5685	818	
5686	850	
5687	75	
5688	7	
5689	440	
5690	897	
5691	132	
5692	701	
5693	501	
5694	528	
5695	782	
5696	561	
5697	566	
5698	634	
5699	777	
5700	329	
5701	640	
5702	351	
5703	31	
5704	611	
5705	772	
5706	84	
5707	999	
5708	658	
5709	322	
5710	168	
5711	398	
5712	440	
5713	447	
5714	938	
5715	381	
5716	659	
5717	145	
5718	222	
5719	960	
5720	585	
5721	855	
5722	359	
5723	139	
5724	853	
5725	267	
5726	27	
5727	469	
5728	362	
5729	753	
5730	148	
5731	246	
5732	292	
5733	527	
5734	171	
5735	642	
5736	716	
5737	197	
5738	557	
5739	85	
5740	82	
5741	300	
5742	312	
5743	182	
5744	258	
5745	608	
5746	220	
5747	102	
5748	386	
5749	264	
5750	83	
5751	504	
5752	176	
5753	522	
5754	147	
5755	480	
5756	965	
5757	201	
5758	656	
5759	238	
5760	462	
5761	417	
5762	156	
5763	378	
5764	607	
5765	439	
5766	689	
5767	623	
5768	112	
5769	323	
5770	4	
5771	513	
5772	786	
5773	335	
5774	689	
5775	24	
5776	352	
5777	670	
5778	427	
5779	101	
5780	432	
5781	176	
5782	98	
5783	170	
5784	689	
5785	146	
5786	676	
5787	924	
5788	117	
5789	616	
5790	287	
5791	858	
5792	830	
5793	589	
5794	538	
5795	36	
5796	82	
5797	831	
5798	17	
5799	854	
5800	976	
5801	405	
5802	680	
5803	28	
5804	809	
5805	42	
5806	84	
5807	846	
5808	250	
5809	897	
5810	319	
5811	539	
5812	959	
5813	896	
5814	411	
5815	471	
5816	39	
5817	271	
5818	99	
5819	78	
5820	292	
5821	880	
5822	519	
5823	576	
5824	313	
5825	894	
5826	894	
5827	405	
5828	324	
5829	240	
5830	795	
5831	728	
5832	187	
5833	740	
5834	218	
5835	246	
5836	120	
5837	366	
5838	993	
5839	245	
5840	527	
5841	664	
5842	769	
5843	255	
5844	117	
5845	409	
5846	853	
5847	774	
5848	768	
5849	729	
5850	104	
5851	687	
5852	891	
5853	656	
5854	760	
5855	977	
5856	384	
5857	228	
5858	679	
5859	221	
5860	125	
5861	457	
5862	326	
5863	941	
5864	706	
5865	96	
5866	929	
5867	414	
5868	111	
5869	451	
5870	336	
5871	456	
5872	888	
5873	180	
5874	769	
5875	98	
5876	954	
5877	587	
5878	825	
5879	544	
5880	357	
5881	647	
5882	722	
5883	431	
5884	321	
5885	57	
5886	923	
5887	749	
5888	963	
5889	166	
5890	605	
5891	155	
5892	519	
5893	27	
5894	498	
5895	308	
5896	45	
5897	409	
5898	78	
5899	605	
5900	877	
5901	536	
5902	80	
5903	37	
5904	509	
5905	61	
5906	519	
5907	236	
5908	455	
5909	261	
5910	678	
5911	381	
5912	677	
5913	129	
5914	306	
5915	285	
5916	391	
5917	171	
5918	328	
5919	476	
5920	985	
5921	469	
5922	658	
5923	280	
5924	872	
5925	654	
5926	153	
5927	439	
5928	523	
5929	574	
5930	657	
5931	59	
5932	427	
5933	894	
5934	425	
5935	189	
5936	349	
5937	282	
5938	314	
5939	844	
5940	28	
5941	616	
5942	181	
5943	677	
5944	177	
5945	625	
5946	103	
5947	202	
5948	261	
5949	925	
5950	871	
5951	525	
5952	107	
5953	960	
5954	316	
5955	980	
5956	232	
5957	873	
5958	304	
5959	723	
5960	509	
5961	727	
5962	369	
5963	383	
5964	433	
5965	900	
5966	957	
5967	87	
5968	80	
5969	876	
5970	163	
5971	411	
5972	609	
5973	84	
5974	670	
5975	478	
5976	513	
5977	893	
5978	875	
5979	646	
5980	122	
5981	792	
5982	47	
5983	608	
5984	393	
5985	616	
5986	691	
5987	478	
5988	841	
5989	285	
5990	506	
5991	482	
5992	906	
5993	509	
5994	751	
5995	186	
5996	22	
5997	499	
5998	2	
5999	316	
6000	408	
6001	410	
6002	849	
6003	433	
6004	677	
6005	616	
6006	632	
6007	379	
6008	444	
6009	549	
6010	475	
6011	40	
6012	623	
6013	939	
6014	57	
6015	958	
6016	490	
6017	565	
6018	632	
6019	983	
6020	1	
6021	402	
6022	245	
6023	724	
6024	515	
6025	168	
6026	219	
6027	692	
6028	651	
6029	99	
6030	904	
6031	676	
6032	875	
6033	917	
6034	965	
6035	653	
6036	888	
6037	461	
6038	148	
6039	906	
6040	755	
6041	43	
6042	58	
6043	241	
6044	668	
6045	999	
6046	4	
6047	711	
6048	607	
6049	999	
6050	387	
6051	390	
6052	120	
6053	647	
6054	666	
6055	281	
6056	696	
6057	704	
6058	308	
6059	604	
6060	775	
6061	211	
6062	968	
6063	494	
6064	825	
6065	677	
6066	855	
6067	936	
6068	268	
6069	795	
6070	890	
6071	772	
6072	677	
6073	540	
6074	126	
6075	808	
6076	776	
6077	44	
6078	713	
6079	443	
6080	343	
6081	349	
6082	476	
6083	844	
6084	351	
6085	141	
6086	608	
6087	280	
6088	608	
6089	388	
6090	67	
6091	195	
6092	491	
6093	820	
6094	794	
6095	203	
6096	164	
6097	193	
6098	822	
6099	569	
6100	311	
6101	729	
6102	33	
6103	201	
6104	172	
6105	27	
6106	968	
6107	838	
6108	892	
6109	233	
6110	808	
6111	193	
6112	11	
6113	671	
6114	530	
6115	433	
6116	862	
6117	819	
6118	96	
6119	458	
6120	940	
6121	493	
6122	599	
6123	288	
6124	383	
6125	550	
6126	158	
6127	938	
6128	249	
6129	394	
6130	603	
6131	777	
6132	1	
6133	528	
6134	194	
6135	352	
6136	933	
6137	310	
6138	127	
6139	875	
6140	735	
6141	319	
6142	760	
6143	826	
6144	235	
6145	54	
6146	990	
6147	108	
6148	244	
6149	986	
6150	554	
6151	862	
6152	436	
6153	226	
6154	42	
6155	636	
6156	394	
6157	504	
6158	115	
6159	180	
6160	595	
6161	376	
6162	342	
6163	440	
6164	739	
6165	975	
6166	756	
6167	769	
6168	203	
6169	294	
6170	12	
6171	566	
6172	379	
6173	357	
6174	90	
6175	469	
6176	982	
6177	122	
6178	231	
6179	206	
6180	74	
6181	722	
6182	821	
6183	581	
6184	687	
6185	748	
6186	689	
6187	966	
6188	797	
6189	315	
6190	353	
6191	473	
6192	64	
6193	186	
6194	238	
6195	725	
6196	941	
6197	527	
6198	689	
6199	982	
6200	540	
6201	514	
6202	950	
6203	992	
6204	13	
6205	93	
6206	589	
6207	403	
6208	509	
6209	619	
6210	918	
6211	359	
6212	680	
6213	554	
6214	138	
6215	327	
6216	542	
6217	523	
6218	983	
6219	184	
6220	183	
6221	750	
6222	234	
6223	56	
6224	153	
6225	745	
6226	403	
6227	745	
6228	31	
6229	800	
6230	342	
6231	125	
6232	512	
6233	883	
6234	510	
6235	905	
6236	224	
6237	252	
6238	642	
6239	732	
6240	511	
6241	736	
6242	66	
6243	670	
6244	525	
6245	283	
6246	393	
6247	43	
6248	776	
6249	454	
6250	514	
6251	1000	
6252	722	
6253	346	
6254	908	
6255	298	
6256	773	
6257	748	
6258	983	
6259	659	
6260	920	
6261	897	
6262	390	
6263	70	
6264	593	
6265	456	
6266	788	
6267	176	
6268	114	
6269	997	
6270	329	
6271	743	
6272	190	
6273	874	
6274	221	
6275	212	
6276	674	
6277	941	
6278	281	
6279	554	
6280	918	
6281	822	
6282	298	
6283	254	
6284	859	
6285	431	
6286	831	
6287	503	
6288	245	
6289	412	
6290	888	
6291	452	
6292	528	
6293	723	
6294	615	
6295	171	
6296	429	
6297	595	
6298	960	
6299	918	
6300	347	
6301	38	
6302	274	
6303	701	
6304	223	
6305	496	
6306	988	
6307	377	
6308	478	
6309	735	
6310	267	
6311	700	
6312	96	
6313	890	
6314	793	
6315	667	
6316	813	
6317	285	
6318	412	
6319	926	
6320	609	
6321	905	
6322	982	
6323	564	
6324	681	
6325	837	
6326	857	
6327	561	
6328	156	
6329	905	
6330	281	
6331	698	
6332	268	
6333	23	
6334	164	
6335	29	
6336	69	
6337	659	
6338	98	
6339	492	
6340	923	
6341	130	
6342	734	
6343	568	
6344	741	
6345	724	
6346	748	
6347	743	
6348	94	
6349	690	
6350	755	
6351	296	
6352	496	
6353	914	
6354	347	
6355	547	
6356	561	
6357	592	
6358	981	
6359	83	
6360	847	
6361	989	
6362	815	
6363	189	
6364	765	
6365	74	
6366	535	
6367	688	
6368	758	
6369	395	
6370	997	
6371	405	
6372	542	
6373	77	
6374	67	
6375	47	
6376	614	
6377	561	
6378	54	
6379	345	
6380	118	
6381	569	
6382	20	
6383	116	
6384	915	
6385	312	
6386	749	
6387	112	
6388	376	
6389	108	
6390	459	
6391	759	
6392	54	
6393	797	
6394	724	
6395	559	
6396	750	
6397	637	
6398	356	
6399	534	
6400	258	
6401	823	
6402	606	
6403	518	
6404	186	
6405	457	
6406	162	
6407	232	
6408	275	
6409	460	
6410	61	
6411	18	
6412	23	
6413	760	
6414	102	
6415	603	
6416	297	
6417	435	
6418	268	
6419	315	
6420	935	
6421	640	
6422	347	
6423	542	
6424	320	
6425	554	
6426	702	
6427	295	
6428	254	
6429	664	
6430	691	
6431	999	
6432	267	
6433	544	
6434	164	
6435	245	
6436	165	
6437	190	
6438	906	
6439	156	
6440	987	
6441	843	
6442	954	
6443	442	
6444	631	
6445	312	
6446	113	
6447	813	
6448	403	
6449	274	
6450	297	
6451	486	
6452	302	
6453	29	
6454	452	
6455	615	
6456	662	
6457	291	
6458	797	
6459	774	
6460	845	
6461	180	
6462	516	
6463	554	
6464	279	
6465	685	
6466	680	
6467	930	
6468	487	
6469	555	
6470	348	
6471	723	
6472	663	
6473	726	
6474	548	
6475	688	
6476	150	
6477	313	
6478	535	
6479	161	
6480	249	
6481	46	
6482	396	
6483	878	
6484	733	
6485	243	
6486	783	
6487	315	
6488	904	
6489	649	
6490	434	
6491	500	
6492	789	
6493	577	
6494	742	
6495	399	
6496	262	
6497	175	
6498	898	
6499	374	
6500	834	
6501	777	
6502	407	
6503	260	
6504	942	
6505	391	
6506	892	
6507	685	
6508	669	
6509	242	
6510	926	
6511	968	
6512	538	
6513	94	
6514	412	
6515	726	
6516	859	
6517	297	
6518	539	
6519	258	
6520	517	
6521	180	
6522	237	
6523	256	
6524	876	
6525	878	
6526	322	
6527	48	
6528	257	
6529	798	
6530	809	
6531	681	
6532	259	
6533	520	
6534	573	
6535	872	
6536	369	
6537	668	
6538	834	
6539	1	
6540	380	
6541	571	
6542	550	
6543	858	
6544	359	
6545	283	
6546	810	
6547	772	
6548	152	
6549	680	
6550	497	
6551	139	
6552	950	
6553	27	
6554	694	
6555	227	
6556	282	
6557	693	
6558	39	
6559	354	
6560	464	
6561	105	
6562	614	
6563	555	
6564	461	
6565	591	
6566	379	
6567	279	
6568	536	
6569	901	
6570	445	
6571	595	
6572	491	
6573	462	
6574	560	
6575	478	
6576	792	
6577	837	
6578	318	
6579	201	
6580	934	
6581	688	
6582	656	
6583	279	
6584	291	
6585	703	
6586	452	
6587	156	
6588	817	
6589	3	
6590	142	
6591	112	
6592	75	
6593	945	
6594	296	
6595	267	
6596	838	
6597	319	
6598	636	
6599	288	
6600	786	
6601	411	
6602	118	
6603	963	
6604	625	
6605	369	
6606	500	
6607	373	
6608	836	
6609	443	
6610	783	
6611	236	
6612	10	
6613	784	
6614	210	
6615	5	
6616	307	
6617	887	
6618	47	
6619	700	
6620	542	
6621	58	
6622	959	
6623	664	
6624	185	
6625	142	
6626	112	
6627	946	
6628	639	
6629	727	
6630	726	
6631	107	
6632	888	
6633	870	
6634	868	
6635	475	
6636	22	
6637	620	
6638	962	
6639	822	
6640	436	
6641	678	
6642	646	
6643	950	
6644	455	
6645	761	
6646	773	
6647	318	
6648	103	
6649	492	
6650	489	
6651	579	
6652	612	
6653	226	
6654	1	
6655	619	
6656	506	
6657	255	
6658	638	
6659	255	
6660	255	
6661	144	
6662	418	
6663	698	
6664	914	
6665	941	
6666	200	
6667	985	
6668	243	
6669	201	
6670	617	
6671	2	
6672	583	
6673	637	
6674	915	
6675	39	
6676	531	
6677	810	
6678	417	
6679	394	
6680	166	
6681	878	
6682	160	
6683	528	
6684	9	
6685	59	
6686	517	
6687	992	
6688	992	
6689	437	
6690	489	
6691	155	
6692	431	
6693	442	
6694	879	
6695	499	
6696	31	
6697	593	
6698	882	
6699	941	
6700	712	
6701	853	
6702	289	
6703	537	
6704	279	
6705	426	
6706	813	
6707	806	
6708	183	
6709	324	
6710	79	
6711	536	
6712	609	
6713	740	
6714	116	
6715	684	
6716	262	
6717	380	
6718	306	
6719	96	
6720	425	
6721	959	
6722	138	
6723	517	
6724	439	
6725	524	
6726	662	
6727	775	
6728	616	
6729	450	
6730	97	
6731	345	
6732	189	
6733	987	
6734	276	
6735	242	
6736	345	
6737	666	
6738	637	
6739	764	
6740	194	
6741	87	
6742	119	
6743	97	
6744	96	
6745	559	
6746	222	
6747	823	
6748	954	
6749	414	
6750	801	
6751	803	
6752	981	
6753	951	
6754	513	
6755	7	
6756	814	
6757	799	
6758	6	
6759	349	
6760	460	
6761	983	
6762	286	
6763	858	
6764	729	
6765	953	
6766	832	
6767	502	
6768	624	
6769	168	
6770	578	
6771	89	
6772	502	
6773	842	
6774	200	
6775	309	
6776	498	
6777	255	
6778	30	
6779	456	
6780	318	
6781	160	
6782	762	
6783	312	
6784	237	
6785	746	
6786	285	
6787	870	
6788	357	
6789	731	
6790	184	
6791	126	
6792	764	
6793	745	
6794	769	
6795	947	
6796	149	
6797	832	
6798	21	
6799	781	
6800	258	
6801	258	
6802	349	
6803	748	
6804	880	
6805	422	
6806	379	
6807	267	
6808	352	
6809	163	
6810	924	
6811	600	
6812	570	
6813	939	
6814	829	
6815	536	
6816	145	
6817	155	
6818	943	
6819	941	
6820	283	
6821	191	
6822	740	
6823	817	
6824	872	
6825	976	
6826	225	
6827	570	
6828	48	
6829	423	
6830	380	
6831	878	
6832	711	
6833	329	
6834	182	
6835	430	
6836	27	
6837	82	
6838	512	
6839	52	
6840	985	
6841	516	
6842	935	
6843	694	
6844	29	
6845	239	
6846	393	
6847	802	
6848	384	
6849	928	
6850	14	
6851	602	
6852	162	
6853	836	
6854	602	
6855	471	
6856	383	
6857	11	
6858	383	
6859	384	
6860	451	
6861	23	
6862	885	
6863	266	
6864	584	
6865	940	
6866	628	
6867	550	
6868	68	
6869	863	
6870	406	
6871	536	
6872	558	
6873	593	
6874	63	
6875	899	
6876	224	
6877	251	
6878	622	
6879	304	
6880	51	
6881	497	
6882	499	
6883	726	
6884	535	
6885	985	
6886	497	
6887	376	
6888	362	
6889	827	
6890	619	
6891	76	
6892	6	
6893	832	
6894	848	
6895	928	
6896	453	
6897	836	
6898	144	
6899	5	
6900	934	
6901	341	
6902	166	
6903	862	
6904	959	
6905	379	
6906	510	
6907	191	
6908	538	
6909	24	
6910	213	
6911	567	
6912	538	
6913	31	
6914	382	
6915	704	
6916	685	
6917	471	
6918	945	
6919	524	
6920	737	
6921	863	
6922	284	
6923	279	
6924	800	
6925	849	
6926	356	
6927	353	
6928	214	
6929	688	
6930	953	
6931	299	
6932	575	
6933	163	
6934	815	
6935	950	
6936	668	
6937	890	
6938	577	
6939	425	
6940	196	
6941	582	
6942	182	
6943	954	
6944	396	
6945	698	
6946	182	
6947	209	
6948	722	
6949	990	
6950	444	
6951	282	
6952	571	
6953	336	
6954	371	
6955	729	
6956	386	
6957	923	
6958	993	
6959	13	
6960	394	
6961	473	
6962	105	
6963	527	
6964	216	
6965	386	
6966	762	
6967	690	
6968	180	
6969	597	
6970	27	
6971	18	
6972	678	
6973	660	
6974	849	
6975	487	
6976	690	
6977	730	
6978	588	
6979	809	
6980	230	
6981	829	
6982	336	
6983	682	
6984	289	
6985	54	
6986	719	
6987	465	
6988	772	
6989	5	
6990	401	
6991	827	
6992	618	
6993	391	
6994	973	
6995	570	
6996	104	
6997	74	
6998	655	
6999	912	
7000	343	
7001	637	
7002	506	
7003	778	
7004	231	
7005	483	
7006	453	
7007	470	
7008	796	
7009	270	
7010	944	
7011	791	
7012	890	
7013	453	
7014	821	
7015	566	
7016	530	
7017	144	
7018	801	
7019	352	
7020	973	
7021	728	
7022	634	
7023	116	
7024	445	
7025	234	
7026	32	
7027	715	
7028	528	
7029	218	
7030	965	
7031	576	
7032	662	
7033	762	
7034	375	
7035	760	
7036	112	
7037	138	
7038	907	
7039	313	
7040	409	
7041	23	
7042	945	
7043	68	
7044	830	
7045	886	
7046	652	
7047	452	
7048	87	
7049	991	
7050	456	
7051	917	
7052	70	
7053	244	
7054	84	
7055	592	
7056	124	
7057	257	
7058	232	
7059	268	
7060	96	
7061	811	
7062	373	
7063	756	
7064	809	
7065	667	
7066	665	
7067	629	
7068	625	
7069	178	
7070	994	
7071	149	
7072	634	
7073	516	
7074	360	
7075	711	
7076	186	
7077	231	
7078	965	
7079	156	
7080	752	
7081	194	
7082	558	
7083	585	
7084	342	
7085	216	
7086	424	
7087	430	
7088	87	
7089	836	
7090	245	
7091	290	
7092	927	
7093	885	
7094	175	
7095	993	
7096	992	
7097	473	
7098	81	
7099	688	
7100	833	
7101	411	
7102	243	
7103	901	
7104	166	
7105	870	
7106	196	
7107	385	
7108	277	
7109	641	
7110	503	
7111	135	
7112	964	
7113	682	
7114	457	
7115	44	
7116	854	
7117	541	
7118	294	
7119	847	
7120	581	
7121	165	
7122	81	
7123	504	
7124	110	
7125	815	
7126	490	
7127	226	
7128	698	
7129	171	
7130	671	
7131	66	
7132	777	
7133	732	
7134	302	
7135	479	
7136	854	
7137	645	
7138	246	
7139	874	
7140	288	
7141	491	
7142	923	
7143	925	
7144	484	
7145	791	
7146	937	
7147	358	
7148	6	
7149	459	
7150	422	
7151	586	
7152	103	
7153	26	
7154	90	
7155	796	
7156	69	
7157	482	
7158	847	
7159	613	
7160	648	
7161	338	
7162	522	
7163	811	
7164	360	
7165	38	
7166	338	
7167	148	
7168	706	
7169	784	
7170	134	
7171	409	
7172	322	
7173	286	
7174	545	
7175	13	
7176	976	
7177	553	
7178	135	
7179	158	
7180	701	
7181	153	
7182	599	
7183	376	
7184	444	
7185	779	
7186	408	
7187	942	
7188	787	
7189	101	
7190	918	
7191	875	
7192	897	
7193	406	
7194	499	
7195	714	
7196	687	
7197	344	
7198	832	
7199	75	
7200	217	
7201	176	
7202	331	
7203	191	
7204	260	
7205	714	
7206	128	
7207	809	
7208	799	
7209	303	
7210	963	
7211	876	
7212	964	
7213	984	
7214	809	
7215	241	
7216	245	
7217	441	
7218	548	
7219	592	
7220	57	
7221	561	
7222	518	
7223	3	
7224	318	
7225	790	
7226	58	
7227	584	
7228	830	
7229	60	
7230	559	
7231	813	
7232	668	
7233	236	
7234	678	
7235	948	
7236	230	
7237	614	
7238	153	
7239	278	
7240	10	
7241	145	
7242	148	
7243	113	
7244	42	
7245	615	
7246	734	
7247	428	
7248	274	
7249	956	
7250	254	
7251	920	
7252	878	
7253	726	
7254	575	
7255	478	
7256	935	
7257	747	
7258	566	
7259	429	
7260	44	
7261	575	
7262	561	
7263	618	
7264	923	
7265	941	
7266	927	
7267	463	
7268	47	
7269	563	
7270	68	
7271	798	
7272	736	
7273	977	
7274	595	
7275	453	
7276	792	
7277	479	
7278	812	
7279	954	
7280	506	
7281	508	
7282	621	
7283	30	
7284	531	
7285	595	
7286	363	
7287	100	
7288	227	
7289	381	
7290	240	
7291	664	
7292	898	
7293	884	
7294	891	
7295	161	
7296	197	
7297	179	
7298	789	
7299	369	
7300	512	
7301	369	
7302	744	
7303	265	
7304	762	
7305	884	
7306	896	
7307	896	
7308	958	
7309	616	
7310	811	
7311	299	
7312	878	
7313	152	
7314	130	
7315	435	
7316	800	
7317	137	
7318	472	
7319	380	
7320	587	
7321	211	
7322	343	
7323	122	
7324	424	
7325	585	
7326	120	
7327	675	
7328	979	
7329	957	
7330	249	
7331	553	
7332	968	
7333	831	
7334	902	
7335	119	
7336	560	
7337	293	
7338	458	
7339	849	
7340	788	
7341	665	
7342	68	
7343	478	
7344	134	
7345	8	
7346	589	
7347	687	
7348	572	
7349	975	
7350	630	
7351	847	
7352	446	
7353	6	
7354	892	
7355	378	
7356	773	
7357	566	
7358	550	
7359	192	
7360	732	
7361	988	
7362	842	
7363	720	
7364	128	
7365	358	
7366	741	
7367	983	
7368	402	
7369	482	
7370	954	
7371	441	
7372	729	
7373	587	
7374	991	
7375	916	
7376	161	
7377	126	
7378	341	
7379	329	
7380	832	
7381	638	
7382	262	
7383	668	
7384	966	
7385	341	
7386	31	
7387	993	
7388	786	
7389	653	
7390	949	
7391	47	
7392	233	
7393	368	
7394	738	
7395	678	
7396	512	
7397	605	
7398	838	
7399	162	
7400	86	
7401	20	
7402	159	
7403	391	
7404	221	
7405	182	
7406	308	
7407	636	
7408	312	
7409	87	
7410	387	
7411	354	
7412	140	
7413	478	
7414	608	
7415	76	
7416	928	
7417	849	
7418	319	
7419	663	
7420	174	
7421	404	
7422	599	
7423	816	
7424	154	
7425	632	
7426	894	
7427	722	
7428	984	
7429	213	
7430	601	
7431	751	
7432	303	
7433	994	
7434	339	
7435	332	
7436	274	
7437	577	
7438	506	
7439	367	
7440	914	
7441	406	
7442	359	
7443	274	
7444	151	
7445	742	
7446	628	
7447	815	
7448	15	
7449	490	
7450	525	
7451	875	
7452	619	
7453	883	
7454	785	
7455	237	
7456	574	
7457	613	
7458	673	
7459	693	
7460	479	
7461	622	
7462	397	
7463	719	
7464	643	
7465	677	
7466	907	
7467	968	
7468	77	
7469	517	
7470	609	
7471	205	
7472	417	
7473	305	
7474	224	
7475	512	
7476	218	
7477	967	
7478	889	
7479	92	
7480	761	
7481	495	
7482	89	
7483	294	
7484	422	
7485	691	
7486	382	
7487	556	
7488	982	
7489	319	
7490	409	
7491	943	
7492	365	
7493	391	
7494	131	
7495	786	
7496	195	
7497	229	
7498	882	
7499	922	
7500	1	
7501	194	
7502	331	
7503	541	
7504	370	
7505	641	
7506	87	
7507	245	
7508	436	
7509	929	
7510	592	
7511	852	
7512	358	
7513	705	
7514	442	
7515	647	
7516	786	
7517	908	
7518	868	
7519	93	
7520	74	
7521	725	
7522	902	
7523	215	
7524	235	
7525	377	
7526	139	
7527	271	
7528	215	
7529	889	
7530	182	
7531	611	
7532	196	
7533	951	
7534	430	
7535	200	
7536	456	
7537	101	
7538	603	
7539	969	
7540	366	
7541	155	
7542	392	
7543	551	
7544	200	
7545	688	
7546	945	
7547	824	
7548	933	
7549	893	
7550	380	
7551	658	
7552	465	
7553	15	
7554	169	
7555	86	
7556	849	
7557	988	
7558	404	
7559	671	
7560	358	
7561	506	
7562	495	
7563	674	
7564	951	
7565	476	
7566	746	
7567	598	
7568	937	
7569	358	
7570	829	
7571	163	
7572	312	
7573	406	
7574	490	
7575	956	
7576	92	
7577	603	
7578	381	
7579	286	
7580	263	
7581	55	
7582	965	
7583	337	
7584	780	
7585	551	
7586	754	
7587	315	
7588	751	
7589	479	
7590	575	
7591	810	
7592	824	
7593	200	
7594	759	
7595	320	
7596	177	
7597	963	
7598	272	
7599	54	
7600	213	
7601	796	
7602	293	
7603	36	
7604	809	
7605	10	
7606	38	
7607	748	
7608	333	
7609	91	
7610	127	
7611	756	
7612	9	
7613	234	
7614	344	
7615	738	
7616	778	
7617	395	
7618	657	
7619	168	
7620	36	
7621	91	
7622	891	
7623	351	
7624	415	
7625	714	
7626	195	
7627	285	
7628	291	
7629	898	
7630	768	
7631	17	
7632	397	
7633	78	
7634	370	
7635	419	
7636	490	
7637	814	
7638	995	
7639	734	
7640	337	
7641	367	
7642	7	
7643	688	
7644	99	
7645	293	
7646	45	
7647	550	
7648	268	
7649	347	
7650	117	
7651	642	
7652	793	
7653	463	
7654	545	
7655	775	
7656	145	
7657	16	
7658	326	
7659	1000	
7660	821	
7661	401	
7662	658	
7663	606	
7664	97	
7665	405	
7666	645	
7667	873	
7668	635	
7669	107	
7670	66	
7671	444	
7672	57	
7673	585	
7674	396	
7675	835	
7676	397	
7677	921	
7678	451	
7679	661	
7680	170	
7681	353	
7682	718	
7683	860	
7684	749	
7685	244	
7686	673	
7687	9	
7688	830	
7689	716	
7690	774	
7691	378	
7692	462	
7693	713	
7694	413	
7695	366	
7696	113	
7697	961	
7698	589	
7699	166	
7700	267	
7701	984	
7702	730	
7703	755	
7704	972	
7705	158	
7706	607	
7707	252	
7708	94	
7709	102	
7710	947	
7711	950	
7712	787	
7713	650	
7714	350	
7715	468	
7716	481	
7717	442	
7718	186	
7719	342	
7720	583	
7721	484	
7722	156	
7723	451	
7724	919	
7725	482	
7726	89	
7727	281	
7728	340	
7729	641	
7730	916	
7731	257	
7732	587	
7733	798	
7734	652	
7735	558	
7736	683	
7737	489	
7738	704	
7739	628	
7740	70	
7741	443	
7742	140	
7743	122	
7744	808	
7745	361	
7746	835	
7747	610	
7748	237	
7749	448	
7750	757	
7751	358	
7752	108	
7753	760	
7754	63	
7755	682	
7756	376	
7757	836	
7758	720	
7759	646	
7760	403	
7761	974	
7762	727	
7763	195	
7764	74	
7765	701	
7766	944	
7767	427	
7768	486	
7769	576	
7770	174	
7771	170	
7772	111	
7773	121	
7774	944	
7775	729	
7776	696	
7777	220	
7778	309	
7779	455	
7780	24	
7781	919	
7782	953	
7783	896	
7784	133	
7785	834	
7786	424	
7787	784	
7788	808	
7789	198	
7790	80	
7791	670	
7792	29	
7793	375	
7794	289	
7795	627	
7796	913	
7797	564	
7798	637	
7799	290	
7800	380	
7801	859	
7802	458	
7803	408	
7804	87	
7805	679	
7806	268	
7807	882	
7808	221	
7809	876	
7810	789	
7811	635	
7812	907	
7813	271	
7814	808	
7815	757	
7816	881	
7817	536	
7818	663	
7819	909	
7820	152	
7821	481	
7822	665	
7823	465	
7824	803	
7825	245	
7826	112	
7827	523	
7828	864	
7829	52	
7830	180	
7831	636	
7832	526	
7833	659	
7834	611	
7835	251	
7836	54	
7837	558	
7838	523	
7839	638	
7840	668	
7841	208	
7842	667	
7843	654	
7844	565	
7845	143	
7846	535	
7847	725	
7848	216	
7849	90	
7850	883	
7851	176	
7852	511	
7853	76	
7854	172	
7855	118	
7856	421	
7857	696	
7858	492	
7859	208	
7860	510	
7861	716	
7862	85	
7863	761	
7864	372	
7865	600	
7866	546	
7867	30	
7868	966	
7869	310	
7870	891	
7871	349	
7872	848	
7873	745	
7874	47	
7875	799	
7876	175	
7877	312	
7878	113	
7879	911	
7880	404	
7881	281	
7882	557	
7883	745	
7884	22	
7885	576	
7886	297	
7887	270	
7888	858	
7889	823	
7890	127	
7891	269	
7892	660	
7893	541	
7894	247	
7895	985	
7896	989	
7897	58	
7898	167	
7899	263	
7900	180	
7901	654	
7902	300	
7903	814	
7904	831	
7905	511	
7906	880	
7907	374	
7908	385	
7909	273	
7910	580	
7911	195	
7912	427	
7913	533	
7914	476	
7915	930	
7916	533	
7917	589	
7918	152	
7919	952	
7920	619	
7921	963	
7922	823	
7923	1000	
7924	418	
7925	863	
7926	715	
7927	891	
7928	25	
7929	520	
7930	305	
7931	575	
7932	355	
7933	223	
7934	528	
7935	458	
7936	129	
7937	617	
7938	15	
7939	493	
7940	18	
7941	795	
7942	848	
7943	43	
7944	461	
7945	845	
7946	729	
7947	681	
7948	827	
7949	226	
7950	536	
7951	341	
7952	911	
7953	732	
7954	884	
7955	241	
7956	55	
7957	145	
7958	888	
7959	960	
7960	866	
7961	618	
7962	753	
7963	701	
7964	185	
7965	385	
7966	44	
7967	712	
7968	912	
7969	880	
7970	211	
7971	426	
7972	635	
7973	622	
7974	15	
7975	933	
7976	131	
7977	402	
7978	716	
7979	526	
7980	1	
7981	856	
7982	473	
7983	421	
7984	479	
7985	217	
7986	759	
7987	306	
7988	964	
7989	668	
7990	463	
7991	983	
7992	54	
7993	794	
7994	543	
7995	522	
7996	711	
7997	923	
7998	187	
7999	961	
8000	706	
8001	347	
8002	717	
8003	925	
8004	708	
8005	793	
8006	455	
8007	834	
8008	101	
8009	388	
8010	596	
8011	939	
8012	750	
8013	710	
8014	13	
8015	263	
8016	307	
8017	83	
8018	840	
8019	225	
8020	1000	
8021	776	
8022	104	
8023	225	
8024	37	
8025	614	
8026	506	
8027	189	
8028	996	
8029	222	
8030	939	
8031	397	
8032	439	
8033	979	
8034	700	
8035	47	
8036	596	
8037	229	
8038	312	
8039	865	
8040	507	
8041	10	
8042	946	
8043	446	
8044	572	
8045	109	
8046	234	
8047	516	
8048	458	
8049	289	
8050	990	
8051	614	
8052	612	
8053	148	
8054	210	
8055	310	
8056	361	
8057	966	
8058	859	
8059	39	
8060	849	
8061	233	
8062	925	
8063	603	
8064	912	
8065	760	
8066	114	
8067	648	
8068	12	
8069	226	
8070	659	
8071	299	
8072	132	
8073	845	
8074	566	
8075	63	
8076	224	
8077	949	
8078	576	
8079	212	
8080	477	
8081	724	
8082	818	
8083	450	
8084	656	
8085	577	
8086	766	
8087	205	
8088	176	
8089	739	
8090	513	
8091	600	
8092	326	
8093	485	
8094	312	
8095	420	
8096	477	
8097	793	
8098	188	
8099	88	
8100	116	
8101	159	
8102	216	
8103	343	
8104	496	
8105	741	
8106	719	
8107	751	
8108	813	
8109	45	
8110	81	
8111	670	
8112	996	
8113	804	
8114	28	
8115	941	
8116	755	
8117	895	
8118	692	
8119	991	
8120	778	
8121	5	
8122	613	
8123	216	
8124	738	
8125	762	
8126	981	
8127	759	
8128	574	
8129	647	
8130	125	
8131	846	
8132	395	
8133	565	
8134	38	
8135	22	
8136	321	
8137	633	
8138	62	
8139	502	
8140	369	
8141	206	
8142	426	
8143	187	
8144	550	
8145	464	
8146	627	
8147	942	
8148	534	
8149	741	
8150	51	
8151	963	
8152	480	
8153	172	
8154	135	
8155	990	
8156	166	
8157	455	
8158	956	
8159	349	
8160	234	
8161	330	
8162	875	
8163	347	
8164	754	
8165	963	
8166	359	
8167	432	
8168	493	
8169	218	
8170	411	
8171	27	
8172	108	
8173	288	
8174	350	
8175	522	
8176	772	
8177	993	
8178	288	
8179	950	
8180	209	
8181	667	
8182	284	
8183	578	
8184	322	
8185	527	
8186	246	
8187	234	
8188	49	
8189	957	
8190	692	
8191	614	
8192	849	
8193	641	
8194	895	
8195	158	
8196	400	
8197	706	
8198	96	
8199	445	
8200	892	
8201	55	
8202	197	
8203	783	
8204	192	
8205	498	
8206	619	
8207	948	
8208	733	
8209	959	
8210	787	
8211	693	
8212	995	
8213	267	
8214	295	
8215	84	
8216	879	
8217	678	
8218	971	
8219	534	
8220	524	
8221	483	
8222	38	
8223	57	
8224	797	
8225	789	
8226	104	
8227	344	
8228	926	
8229	738	
8230	227	
8231	492	
8232	943	
8233	305	
8234	948	
8235	962	
8236	803	
8237	389	
8238	218	
8239	969	
8240	499	
8241	753	
8242	947	
8243	946	
8244	413	
8245	563	
8246	155	
8247	288	
8248	984	
8249	331	
8250	245	
8251	720	
8252	543	
8253	458	
8254	753	
8255	799	
8256	380	
8257	158	
8258	167	
8259	376	
8260	908	
8261	210	
8262	176	
8263	741	
8264	614	
8265	712	
8266	386	
8267	155	
8268	733	
8269	408	
8270	498	
8271	192	
8272	811	
8273	640	
8274	793	
8275	246	
8276	390	
8277	963	
8278	368	
8279	663	
8280	821	
8281	380	
8282	238	
8283	408	
8284	681	
8285	346	
8286	183	
8287	600	
8288	630	
8289	155	
8290	276	
8291	368	
8292	457	
8293	475	
8294	895	
8295	58	
8296	441	
8297	867	
8298	669	
8299	819	
8300	639	
8301	940	
8302	188	
8303	930	
8304	712	
8305	643	
8306	372	
8307	697	
8308	871	
8309	69	
8310	400	
8311	289	
8312	821	
8313	977	
8314	579	
8315	559	
8316	675	
8317	915	
8318	653	
8319	571	
8320	428	
8321	156	
8322	254	
8323	213	
8324	518	
8325	173	
8326	191	
8327	705	
8328	351	
8329	259	
8330	21	
8331	113	
8332	505	
8333	329	
8334	663	
8335	839	
8336	48	
8337	659	
8338	789	
8339	986	
8340	208	
8341	559	
8342	409	
8343	133	
8344	473	
8345	748	
8346	975	
8347	373	
8348	573	
8349	300	
8350	382	
8351	857	
8352	774	
8353	419	
8354	518	
8355	946	
8356	370	
8357	935	
8358	281	
8359	426	
8360	217	
8361	175	
8362	452	
8363	839	
8364	962	
8365	334	
8366	245	
8367	694	
8368	971	
8369	408	
8370	92	
8371	778	
8372	944	
8373	121	
8374	307	
8375	172	
8376	857	
8377	378	
8378	200	
8379	490	
8380	334	
8381	333	
8382	288	
8383	394	
8384	731	
8385	958	
8386	3	
8387	349	
8388	510	
8389	522	
8390	236	
8391	678	
8392	854	
8393	465	
8394	848	
8395	394	
8396	43	
8397	388	
8398	235	
8399	264	
8400	922	
8401	945	
8402	888	
8403	608	
8404	624	
8405	460	
8406	24	
8407	197	
8408	868	
8409	366	
8410	183	
8411	5	
8412	103	
8413	192	
8414	427	
8415	5	
8416	284	
8417	933	
8418	6	
8419	487	
8420	34	
8421	589	
8422	473	
8423	885	
8424	343	
8425	670	
8426	281	
8427	653	
8428	564	
8429	819	
8430	692	
8431	796	
8432	5	
8433	623	
8434	58	
8435	45	
8436	104	
8437	160	
8438	325	
8439	1	
8440	227	
8441	22	
8442	827	
8443	734	
8444	39	
8445	195	
8446	281	
8447	579	
8448	993	
8449	946	
8450	175	
8451	199	
8452	229	
8453	889	
8454	912	
8455	142	
8456	259	
8457	617	
8458	872	
8459	390	
8460	700	
8461	42	
8462	286	
8463	180	
8464	684	
8465	425	
8466	489	
8467	465	
8468	239	
8469	460	
8470	317	
8471	416	
8472	341	
8473	99	
8474	677	
8475	927	
8476	119	
8477	574	
8478	415	
8479	803	
8480	81	
8481	59	
8482	285	
8483	102	
8484	952	
8485	734	
8486	752	
8487	299	
8488	172	
8489	664	
8490	269	
8491	629	
8492	68	
8493	554	
8494	306	
8495	549	
8496	150	
8497	513	
8498	22	
8499	627	
8500	22	
8501	593	
8502	86	
8503	730	
8504	323	
8505	268	
8506	860	
8507	830	
8508	735	
8509	506	
8510	600	
8511	758	
8512	325	
8513	568	
8514	705	
8515	908	
8516	283	
8517	555	
8518	698	
8519	889	
8520	935	
8521	227	
8522	39	
8523	548	
8524	844	
8525	595	
8526	47	
8527	274	
8528	436	
8529	620	
8530	305	
8531	388	
8532	332	
8533	143	
8534	969	
8535	438	
8536	85	
8537	330	
8538	522	
8539	43	
8540	22	
8541	351	
8542	530	
8543	180	
8544	149	
8545	738	
8546	939	
8547	600	
8548	21	
8549	249	
8550	910	
8551	690	
8552	831	
8553	100	
8554	623	
8555	400	
8556	539	
8557	20	
8558	470	
8559	680	
8560	605	
8561	893	
8562	210	
8563	99	
8564	714	
8565	501	
8566	77	
8567	540	
8568	586	
8569	460	
8570	52	
8571	559	
8572	637	
8573	508	
8574	934	
8575	524	
8576	448	
8577	857	
8578	730	
8579	931	
8580	983	
8581	912	
8582	163	
8583	718	
8584	274	
8585	848	
8586	253	
8587	844	
8588	594	
8589	493	
8590	286	
8591	330	
8592	42	
8593	754	
8594	272	
8595	34	
8596	600	
8597	996	
8598	739	
8599	877	
8600	291	
8601	540	
8602	941	
8603	530	
8604	556	
8605	538	
8606	659	
8607	463	
8608	919	
8609	444	
8610	263	
8611	716	
8612	913	
8613	655	
8614	866	
8615	773	
8616	73	
8617	314	
8618	24	
8619	94	
8620	920	
8621	128	
8622	385	
8623	510	
8624	171	
8625	452	
8626	931	
8627	70	
8628	445	
8629	340	
8630	555	
8631	81	
8632	703	
8633	983	
8634	179	
8635	540	
8636	730	
8637	489	
8638	10	
8639	12	
8640	537	
8641	428	
8642	905	
8643	860	
8644	250	
8645	223	
8646	98	
8647	206	
8648	483	
8649	424	
8650	697	
8651	71	
8652	726	
8653	851	
8654	684	
8655	277	
8656	567	
8657	866	
8658	333	
8659	298	
8660	298	
8661	116	
8662	252	
8663	256	
8664	295	
8665	248	
8666	990	
8667	252	
8668	656	
8669	432	
8670	363	
8671	612	
8672	175	
8673	937	
8674	529	
8675	587	
8676	626	
8677	223	
8678	396	
8679	234	
8680	769	
8681	683	
8682	239	
8683	326	
8684	180	
8685	574	
8686	794	
8687	590	
8688	447	
8689	933	
8690	555	
8691	116	
8692	759	
8693	756	
8694	623	
8695	993	
8696	107	
8697	725	
8698	712	
8699	450	
8700	558	
8701	784	
8702	565	
8703	79	
8704	609	
8705	890	
8706	727	
8707	768	
8708	51	
8709	328	
8710	376	
8711	344	
8712	842	
8713	50	
8714	452	
8715	68	
8716	113	
8717	738	
8718	41	
8719	11	
8720	66	
8721	516	
8722	592	
8723	716	
8724	203	
8725	262	
8726	259	
8727	580	
8728	19	
8729	127	
8730	287	
8731	160	
8732	835	
8733	905	
8734	545	
8735	453	
8736	198	
8737	376	
8738	10	
8739	444	
8740	283	
8741	978	
8742	693	
8743	969	
8744	352	
8745	846	
8746	93	
8747	265	
8748	806	
8749	951	
8750	250	
8751	177	
8752	625	
8753	361	
8754	586	
8755	660	
8756	87	
8757	592	
8758	201	
8759	195	
8760	414	
8761	21	
8762	435	
8763	620	
8764	71	
8765	890	
8766	15	
8767	237	
8768	479	
8769	658	
8770	499	
8771	679	
8772	898	
8773	52	
8774	380	
8775	125	
8776	440	
8777	679	
8778	869	
8779	900	
8780	923	
8781	357	
8782	4	
8783	275	
8784	492	
8785	841	
8786	450	
8787	586	
8788	938	
8789	970	
8790	609	
8791	228	
8792	572	
8793	816	
8794	213	
8795	766	
8796	844	
8797	164	
8798	422	
8799	607	
8800	260	
8801	377	
8802	2	
8803	792	
8804	322	
8805	807	
8806	92	
8807	611	
8808	13	
8809	4	
8810	490	
8811	86	
8812	7	
8813	803	
8814	192	
8815	279	
8816	338	
8817	391	
8818	575	
8819	910	
8820	837	
8821	694	
8822	586	
8823	415	
8824	270	
8825	584	
8826	765	
8827	199	
8828	424	
8829	222	
8830	774	
8831	588	
8832	796	
8833	549	
8834	62	
8835	208	
8836	289	
8837	315	
8838	567	
8839	420	
8840	21	
8841	230	
8842	484	
8843	550	
8844	58	
8845	34	
8846	741	
8847	653	
8848	484	
8849	369	
8850	218	
8851	305	
8852	232	
8853	314	
8854	973	
8855	526	
8856	644	
8857	220	
8858	3	
8859	79	
8860	3	
8861	865	
8862	601	
8863	380	
8864	712	
8865	422	
8866	384	
8867	694	
8868	591	
8869	223	
8870	394	
8871	816	
8872	849	
8873	621	
8874	732	
8875	685	
8876	798	
8877	33	
8878	805	
8879	774	
8880	506	
8881	719	
8882	795	
8883	35	
8884	890	
8885	270	
8886	290	
8887	774	
8888	558	
8889	389	
8890	126	
8891	861	
8892	518	
8893	765	
8894	525	
8895	359	
8896	295	
8897	707	
8898	999	
8899	443	
8900	661	
8901	132	
8902	896	
8903	918	
8904	480	
8905	704	
8906	450	
8907	395	
8908	713	
8909	689	
8910	557	
8911	746	
8912	811	
8913	667	
8914	737	
8915	851	
8916	4	
8917	547	
8918	112	
8919	634	
8920	699	
8921	914	
8922	646	
8923	835	
8924	457	
8925	169	
8926	938	
8927	988	
8928	946	
8929	908	
8930	756	
8931	247	
8932	899	
8933	417	
8934	479	
8935	199	
8936	355	
8937	1000	
8938	846	
8939	376	
8940	204	
8941	665	
8942	504	
8943	353	
8944	72	
8945	491	
8946	909	
8947	154	
8948	150	
8949	241	
8950	840	
8951	720	
8952	124	
8953	196	
8954	565	
8955	270	
8956	100	
8957	942	
8958	346	
8959	532	
8960	241	
8961	490	
8962	71	
8963	881	
8964	728	
8965	431	
8966	687	
8967	298	
8968	10	
8969	772	
8970	743	
8971	491	
8972	102	
8973	539	
8974	212	
8975	754	
8976	920	
8977	807	
8978	47	
8979	416	
8980	271	
8981	279	
8982	545	
8983	185	
8984	472	
8985	19	
8986	977	
8987	433	
8988	910	
8989	796	
8990	619	
8991	494	
8992	19	
8993	917	
8994	943	
8995	922	
8996	453	
8997	614	
8998	682	
8999	104	
9000	868	
9001	173	
9002	246	
9003	764	
9004	48	
9005	197	
9006	442	
9007	797	
9008	909	
9009	56	
9010	942	
9011	164	
9012	576	
9013	814	
9014	917	
9015	612	
9016	688	
9017	254	
9018	74	
9019	313	
9020	600	
9021	562	
9022	869	
9023	971	
9024	217	
9025	349	
9026	477	
9027	954	
9028	82	
9029	405	
9030	758	
9031	577	
9032	946	
9033	707	
9034	242	
9035	100	
9036	721	
9037	503	
9038	297	
9039	708	
9040	732	
9041	70	
9042	59	
9043	935	
9044	232	
9045	822	
9046	225	
9047	754	
9048	764	
9049	790	
9050	577	
9051	465	
9052	937	
9053	136	
9054	121	
9055	395	
9056	371	
9057	913	
9058	73	
9059	800	
9060	62	
9061	589	
9062	707	
9063	356	
9064	819	
9065	717	
9066	652	
9067	635	
9068	154	
9069	762	
9070	586	
9071	517	
9072	960	
9073	681	
9074	949	
9075	377	
9076	792	
9077	374	
9078	560	
9079	195	
9080	283	
9081	707	
9082	262	
9083	447	
9084	986	
9085	984	
9086	63	
9087	117	
9088	384	
9089	170	
9090	178	
9091	965	
9092	282	
9093	974	
9094	922	
9095	874	
9096	560	
9097	972	
9098	348	
9099	985	
9100	83	
9101	614	
9102	796	
9103	464	
9104	487	
9105	408	
9106	933	
9107	377	
9108	120	
9109	303	
9110	504	
9111	206	
9112	638	
9113	436	
9114	161	
9115	300	
9116	258	
9117	256	
9118	542	
9119	442	
9120	801	
9121	559	
9122	545	
9123	40	
9124	278	
9125	967	
9126	59	
9127	379	
9128	473	
9129	567	
9130	225	
9131	533	
9132	788	
9133	730	
9134	337	
9135	422	
9136	33	
9137	947	
9138	43	
9139	48	
9140	231	
9141	353	
9142	897	
9143	644	
9144	748	
9145	2	
9146	673	
9147	463	
9148	555	
9149	473	
9150	143	
9151	513	
9152	509	
9153	689	
9154	917	
9155	971	
9156	57	
9157	785	
9158	782	
9159	814	
9160	557	
9161	391	
9162	300	
9163	984	
9164	268	
9165	775	
9166	870	
9167	767	
9168	831	
9169	740	
9170	582	
9171	621	
9172	46	
9173	19	
9174	452	
9175	220	
9176	511	
9177	468	
9178	534	
9179	369	
9180	402	
9181	410	
9182	210	
9183	636	
9184	373	
9185	368	
9186	704	
9187	579	
9188	835	
9189	387	
9190	602	
9191	779	
9192	773	
9193	908	
9194	364	
9195	993	
9196	851	
9197	629	
9198	198	
9199	571	
9200	297	
9201	225	
9202	599	
9203	313	
9204	165	
9205	877	
9206	817	
9207	335	
9208	580	
9209	299	
9210	106	
9211	538	
9212	426	
9213	308	
9214	598	
9215	336	
9216	873	
9217	251	
9218	839	
9219	715	
9220	390	
9221	326	
9222	335	
9223	940	
9224	273	
9225	798	
9226	850	
9227	193	
9228	11	
9229	171	
9230	63	
9231	353	
9232	783	
9233	178	
9234	509	
9235	692	
9236	91	
9237	897	
9238	536	
9239	821	
9240	54	
9241	223	
9242	219	
9243	697	
9244	497	
9245	990	
9246	116	
9247	104	
9248	560	
9249	163	
9250	101	
9251	305	
9252	912	
9253	154	
9254	231	
9255	343	
9256	192	
9257	804	
9258	902	
9259	184	
9260	33	
9261	34	
9262	802	
9263	393	
9264	480	
9265	312	
9266	393	
9267	69	
9268	369	
9269	237	
9270	232	
9271	541	
9272	75	
9273	175	
9274	937	
9275	351	
9276	40	
9277	489	
9278	508	
9279	34	
9280	763	
9281	511	
9282	216	
9283	213	
9284	481	
9285	686	
9286	247	
9287	413	
9288	411	
9289	550	
9290	879	
9291	549	
9292	312	
9293	265	
9294	30	
9295	365	
9296	701	
9297	323	
9298	963	
9299	341	
9300	854	
9301	497	
9302	633	
9303	16	
9304	635	
9305	748	
9306	525	
9307	780	
9308	654	
9309	693	
9310	125	
9311	686	
9312	33	
9313	136	
9314	224	
9315	288	
9316	859	
9317	347	
9318	602	
9319	797	
9320	169	
9321	381	
9322	254	
9323	321	
9324	598	
9325	793	
9326	468	
9327	171	
9328	605	
9329	610	
9330	515	
9331	555	
9332	507	
9333	935	
9334	397	
9335	902	
9336	120	
9337	142	
9338	439	
9339	727	
9340	948	
9341	146	
9342	215	
9343	558	
9344	916	
9345	550	
9346	6	
9347	282	
9348	75	
9349	257	
9350	926	
9351	832	
9352	947	
9353	185	
9354	475	
9355	467	
9356	116	
9357	322	
9358	803	
9359	699	
9360	601	
9361	319	
9362	72	
9363	281	
9364	248	
9365	885	
9366	602	
9367	30	
9368	168	
9369	436	
9370	118	
9371	225	
9372	930	
9373	871	
9374	996	
9375	463	
9376	569	
9377	256	
9378	114	
9379	723	
9380	700	
9381	287	
9382	692	
9383	509	
9384	313	
9385	762	
9386	853	
9387	124	
9388	937	
9389	323	
9390	637	
9391	430	
9392	601	
9393	119	
9394	978	
9395	940	
9396	980	
9397	451	
9398	640	
9399	417	
9400	747	
9401	535	
9402	804	
9403	513	
9404	719	
9405	996	
9406	298	
9407	188	
9408	715	
9409	575	
9410	236	
9411	122	
9412	364	
9413	142	
9414	787	
9415	525	
9416	922	
9417	527	
9418	845	
9419	20	
9420	566	
9421	405	
9422	519	
9423	828	
9424	244	
9425	724	
9426	402	
9427	767	
9428	48	
9429	866	
9430	1	
9431	183	
9432	546	
9433	206	
9434	446	
9435	280	
9436	60	
9437	995	
9438	761	
9439	691	
9440	432	
9441	675	
9442	387	
9443	855	
9444	36	
9445	829	
9446	172	
9447	368	
9448	543	
9449	649	
9450	411	
9451	530	
9452	955	
9453	424	
9454	780	
9455	717	
9456	331	
9457	550	
9458	160	
9459	904	
9460	364	
9461	594	
9462	626	
9463	623	
9464	221	
9465	442	
9466	406	
9467	814	
9468	968	
9469	297	
9470	827	
9471	229	
9472	280	
9473	683	
9474	663	
9475	252	
9476	483	
9477	917	
9478	279	
9479	134	
9480	584	
9481	39	
9482	934	
9483	871	
9484	447	
9485	83	
9486	682	
9487	792	
9488	925	
9489	757	
9490	340	
9491	183	
9492	927	
9493	514	
9494	766	
9495	769	
9496	555	
9497	83	
9498	244	
9499	418	
9500	12	
9501	657	
9502	638	
9503	89	
9504	925	
9505	136	
9506	850	
9507	759	
9508	426	
9509	534	
9510	83	
9511	254	
9512	588	
9513	202	
9514	942	
9515	35	
9516	675	
9517	279	
9518	426	
9519	229	
9520	203	
9521	384	
9522	5	
9523	462	
9524	370	
9525	259	
9526	675	
9527	527	
9528	237	
9529	648	
9530	832	
9531	629	
9532	672	
9533	769	
9534	858	
9535	832	
9536	725	
9537	265	
9538	50	
9539	744	
9540	9	
9541	39	
9542	145	
9543	80	
9544	236	
9545	698	
9546	557	
9547	805	
9548	383	
9549	651	
9550	187	
9551	22	
9552	381	
9553	160	
9554	348	
9555	571	
9556	60	
9557	869	
9558	826	
9559	55	
9560	603	
9561	490	
9562	25	
9563	919	
9564	371	
9565	682	
9566	752	
9567	962	
9568	888	
9569	32	
9570	823	
9571	433	
9572	591	
9573	665	
9574	449	
9575	438	
9576	423	
9577	982	
9578	737	
9579	574	
9580	34	
9581	273	
9582	182	
9583	409	
9584	202	
9585	924	
9586	456	
9587	14	
9588	822	
9589	247	
9590	138	
9591	489	
9592	772	
9593	745	
9594	896	
9595	679	
9596	494	
9597	835	
9598	880	
9599	934	
9600	239	
9601	770	
9602	883	
9603	751	
9604	45	
9605	900	
9606	858	
9607	974	
9608	30	
9609	583	
9610	906	
9611	70	
9612	925	
9613	670	
9614	290	
9615	982	
9616	875	
9617	205	
9618	698	
9619	560	
9620	864	
9621	346	
9622	68	
9623	95	
9624	273	
9625	716	
9626	284	
9627	398	
9628	297	
9629	885	
9630	705	
9631	597	
9632	842	
9633	514	
9634	163	
9635	573	
9636	962	
9637	655	
9638	245	
9639	352	
9640	177	
9641	116	
9642	26	
9643	756	
9644	615	
9645	341	
9646	945	
9647	110	
9648	144	
9649	115	
9650	18	
9651	761	
9652	969	
9653	206	
9654	312	
9655	510	
9656	466	
9657	596	
9658	206	
9659	635	
9660	747	
9661	88	
9662	4	
9663	135	
9664	945	
9665	54	
9666	994	
9667	793	
9668	480	
9669	883	
9670	473	
9671	373	
9672	519	
9673	695	
9674	335	
9675	792	
9676	809	
9677	892	
9678	576	
9679	697	
9680	400	
9681	805	
9682	87	
9683	960	
9684	602	
9685	498	
9686	717	
9687	377	
9688	470	
9689	672	
9690	526	
9691	151	
9692	909	
9693	779	
9694	353	
9695	979	
9696	779	
9697	494	
9698	582	
9699	804	
9700	716	
9701	159	
9702	831	
9703	933	
9704	569	
9705	5	
9706	305	
9707	796	
9708	259	
9709	731	
9710	682	
9711	895	
9712	820	
9713	188	
9714	130	
9715	750	
9716	571	
9717	798	
9718	164	
9719	758	
9720	230	
9721	633	
9722	243	
9723	466	
9724	422	
9725	47	
9726	471	
9727	281	
9728	680	
9729	139	
9730	528	
9731	989	
9732	369	
9733	828	
9734	711	
9735	431	
9736	687	
9737	657	
9738	561	
9739	30	
9740	636	
9741	499	
9742	37	
9743	687	
9744	115	
9745	864	
9746	955	
9747	339	
9748	363	
9749	12	
9750	652	
9751	294	
9752	561	
9753	895	
9754	638	
9755	571	
9756	839	
9757	332	
9758	367	
9759	243	
9760	362	
9761	461	
9762	967	
9763	373	
9764	29	
9765	114	
9766	160	
9767	445	
9768	408	
9769	729	
9770	951	
9771	46	
9772	149	
9773	116	
9774	698	
9775	961	
9776	87	
9777	424	
9778	841	
9779	998	
9780	339	
9781	58	
9782	302	
9783	152	
9784	336	
9785	25	
9786	327	
9787	555	
9788	448	
9789	569	
9790	673	
9791	111	
9792	854	
9793	980	
9794	964	
9795	643	
9796	192	
9797	384	
9798	275	
9799	420	
9800	613	
9801	533	
9802	50	
9803	294	
9804	885	
9805	686	
9806	632	
9807	495	
9808	901	
9809	93	
9810	804	
9811	848	
9812	74	
9813	880	
9814	674	
9815	541	
9816	171	
9817	304	
9818	749	
9819	194	
9820	24	
9821	23	
9822	908	
9823	389	
9824	367	
9825	887	
9826	646	
9827	273	
9828	164	
9829	791	
9830	800	
9831	118	
9832	85	
9833	103	
9834	299	
9835	932	
9836	662	
9837	536	
9838	600	
9839	327	
9840	120	
9841	262	
9842	366	
9843	481	
9844	193	
9845	200	
9846	943	
9847	949	
9848	617	
9849	676	
9850	585	
9851	47	
9852	480	
9853	197	
9854	880	
9855	15	
9856	643	
9857	863	
9858	143	
9859	69	
9860	590	
9861	415	
9862	470	
9863	723	
9864	801	
9865	773	
9866	34	
9867	728	
9868	541	
9869	891	
9870	313	
9871	977	
9872	798	
9873	364	
9874	229	
9875	920	
9876	184	
9877	104	
9878	582	
9879	831	
9880	435	
9881	20	
9882	714	
9883	227	
9884	200	
9885	900	
9886	295	
9887	979	
9888	939	
9889	875	
9890	468	
9891	175	
9892	729	
9893	967	
9894	605	
9895	979	
9896	369	
9897	791	
9898	206	
9899	531	
9900	157	
9901	326	
9902	29	
9903	54	
9904	95	
9905	63	
9906	578	
9907	14	
9908	350	
9909	272	
9910	879	
9911	972	
9912	256	
9913	41	
9914	273	
9915	669	
9916	399	
9917	628	
9918	511	
9919	385	
9920	22	
9921	116	
9922	176	
9923	984	
9924	267	
9925	816	
9926	223	
9927	661	
9928	84	
9929	78	
9930	776	
9931	101	
9932	52	
9933	674	
9934	345	
9935	534	
9936	500	
9937	118	
9938	876	
9939	34	
9940	212	
9941	393	
9942	737	
9943	643	
9944	33	
9945	11	
9946	326	
9947	726	
9948	46	
9949	748	
9950	680	
9951	658	
9952	269	
9953	330	
9954	65	
9955	720	
9956	709	
9957	865	
9958	394	
9959	186	
9960	603	
9961	362	
9962	71	
9963	461	
9964	530	
9965	6	
9966	568	
9967	249	
9968	205	
9969	50	
9970	804	
9971	133	
9972	873	
9973	915	
9974	909	
9975	845	
9976	582	
9977	129	
9978	800	
9979	318	
9980	397	
9981	413	
9982	740	
9983	550	
9984	80	
9985	572	
9986	120	
9987	230	
9988	726	
9989	107	
9990	351	
9991	721	
9992	118	
9993	58	
9994	949	
9995	36	
9996	769	
9997	364	
9998	976	
9999	990	
10000	562	
347683
