10000
1	2	
2	2	
3	4	
4	1	
5	4	
6	8	
7	3	
8	8	
9	9	
10	2	
11	10	
12	5	
13	6	
14	10	
15	7	
16	1	
17	9	
18	6	
19	3	
20	2	
21	1	
22	2	
23	2	
24	3	
25	3	
26	8	
27	10	
28	2	
29	2	
30	3	
31	6	
32	2	
33	8	
34	9	
35	2	
36	1	
37	4	
38	5	
39	8	
40	9	
41	5	
42	6	
43	6	
44	6	
45	5	
46	3	
47	2	
48	4	
49	1	
50	6	
51	7	
52	4	
53	3	
54	8	
55	5	
56	10	
57	7	
58	5	
59	10	
60	2	
61	5	
62	9	
63	2	
64	3	
65	10	
66	4	
67	7	
68	5	
69	2	
70	10	
71	8	
72	8	
73	8	
74	9	
75	4	
76	3	
77	3	
78	1	
79	9	
80	1	
81	10	
82	4	
83	5	
84	10	
85	10	
86	4	
87	8	
88	10	
89	10	
90	9	
91	7	
92	3	
93	9	
94	4	
95	10	
96	9	
97	1	
98	1	
99	8	
100	4	
101	5	
102	6	
103	4	
104	4	
105	3	
106	2	
107	3	
108	1	
109	3	
110	1	
111	5	
112	9	
113	3	
114	3	
115	5	
116	3	
117	3	
118	5	
119	7	
120	9	
121	6	
122	7	
123	4	
124	7	
125	3	
126	5	
127	6	
128	4	
129	7	
130	7	
131	10	
132	1	
133	9	
134	4	
135	9	
136	6	
137	3	
138	9	
139	2	
140	6	
141	5	
142	7	
143	9	
144	1	
145	9	
146	2	
147	2	
148	5	
149	7	
150	10	
151	9	
152	1	
153	8	
154	6	
155	10	
156	4	
157	6	
158	9	
159	6	
160	9	
161	9	
162	3	
163	4	
164	2	
165	9	
166	4	
167	1	
168	2	
169	6	
170	5	
171	9	
172	6	
173	7	
174	8	
175	5	
176	1	
177	8	
178	3	
179	4	
180	6	
181	5	
182	1	
183	4	
184	2	
185	5	
186	7	
187	2	
188	3	
189	10	
190	1	
191	4	
192	3	
193	2	
194	6	
195	5	
196	10	
197	2	
198	4	
199	1	
200	7	
201	3	
202	5	
203	7	
204	5	
205	7	
206	9	
207	8	
208	4	
209	9	
210	1	
211	2	
212	2	
213	3	
214	7	
215	4	
216	1	
217	8	
218	4	
219	3	
220	8	
221	4	
222	1	
223	1	
224	10	
225	6	
226	10	
227	9	
228	7	
229	5	
230	7	
231	1	
232	4	
233	3	
234	10	
235	3	
236	10	
237	3	
238	5	
239	5	
240	3	
241	3	
242	5	
243	7	
244	1	
245	4	
246	3	
247	10	
248	2	
249	8	
250	8	
251	3	
252	3	
253	1	
254	10	
255	7	
256	1	
257	4	
258	2	
259	7	
260	3	
261	1	
262	1	
263	7	
264	7	
265	5	
266	8	
267	2	
268	2	
269	7	
270	9	
271	2	
272	5	
273	8	
274	9	
275	1	
276	8	
277	5	
278	6	
279	5	
280	2	
281	9	
282	8	
283	5	
284	7	
285	6	
286	7	
287	3	
288	9	
289	1	
290	7	
291	2	
292	8	
293	4	
294	10	
295	1	
296	7	
297	4	
298	6	
299	4	
300	4	
301	8	
302	9	
303	4	
304	3	
305	5	
306	4	
307	3	
308	5	
309	4	
310	5	
311	2	
312	10	
313	8	
314	4	
315	6	
316	2	
317	3	
318	3	
319	6	
320	9	
321	2	
322	5	
323	4	
324	4	
325	1	
326	1	
327	4	
328	3	
329	4	
330	7	
331	4	
332	3	
333	3	
334	2	
335	8	
336	1	
337	3	
338	5	
339	6	
340	6	
341	1	
342	10	
343	8	
344	2	
345	10	
346	9	
347	10	
348	4	
349	9	
350	1	
351	6	
352	6	
353	2	
354	2	
355	8	
356	1	
357	9	
358	5	
359	7	
360	6	
361	8	
362	5	
363	5	
364	8	
365	6	
366	3	
367	7	
368	2	
369	1	
370	5	
371	8	
372	8	
373	2	
374	2	
375	6	
376	3	
377	9	
378	10	
379	6	
380	1	
381	7	
382	9	
383	6	
384	1	
385	3	
386	1	
387	7	
388	6	
389	2	
390	2	
391	1	
392	1	
393	5	
394	8	
395	8	
396	5	
397	6	
398	6	
399	2	
400	1	
401	4	
402	5	
403	4	
404	1	
405	10	
406	4	
407	6	
408	6	
409	10	
410	2	
411	9	
412	3	
413	9	
414	5	
415	7	
416	8	
417	7	
418	8	
419	2	
420	8	
421	5	
422	3	
423	3	
424	6	
425	8	
426	7	
427	6	
428	4	
429	2	
430	2	
431	5	
432	8	
433	8	
434	3	
435	1	
436	1	
437	2	
438	8	
439	4	
440	7	
441	10	
442	6	
443	8	
444	2	
445	7	
446	6	
447	5	
448	7	
449	7	
450	7	
451	3	
452	5	
453	7	
454	7	
455	4	
456	6	
457	1	
458	10	
459	9	
460	4	
461	3	
462	8	
463	1	
464	8	
465	8	
466	6	
467	10	
468	8	
469	4	
470	9	
471	2	
472	1	
473	10	
474	6	
475	10	
476	1	
477	7	
478	4	
479	1	
480	5	
481	3	
482	9	
483	1	
484	4	
485	5	
486	1	
487	10	
488	4	
489	9	
490	3	
491	7	
492	9	
493	3	
494	5	
495	9	
496	8	
497	1	
498	3	
499	4	
500	10	
501	7	
502	10	
503	5	
504	3	
505	3	
506	5	
507	1	
508	1	
509	1	
510	1	
511	10	
512	6	
513	10	
514	2	
515	5	
516	2	
517	10	
518	7	
519	5	
520	2	
521	9	
522	3	
523	4	
524	4	
525	9	
526	10	
527	5	
528	4	
529	3	
530	7	
531	5	
532	6	
533	6	
534	1	
535	5	
536	6	
537	7	
538	10	
539	2	
540	6	
541	3	
542	6	
543	1	
544	10	
545	8	
546	4	
547	1	
548	8	
549	6	
550	10	
551	6	
552	3	
553	5	
554	1	
555	1	
556	3	
557	10	
558	9	
559	2	
560	7	
561	1	
562	5	
563	8	
564	2	
565	10	
566	1	
567	3	
568	3	
569	5	
570	3	
571	10	
572	3	
573	10	
574	8	
575	7	
576	1	
577	3	
578	3	
579	5	
580	8	
581	10	
582	9	
583	3	
584	10	
585	1	
586	2	
587	10	
588	4	
589	7	
590	5	
591	7	
592	5	
593	10	
594	1	
595	8	
596	7	
597	9	
598	4	
599	2	
600	4	
601	8	
602	3	
603	10	
604	5	
605	8	
606	9	
607	10	
608	7	
609	4	
610	5	
611	10	
612	5	
613	3	
614	4	
615	6	
616	4	
617	7	
618	7	
619	10	
620	4	
621	5	
622	1	
623	5	
624	4	
625	7	
626	3	
627	10	
628	5	
629	10	
630	10	
631	8	
632	2	
633	10	
634	3	
635	6	
636	3	
637	1	
638	4	
639	5	
640	9	
641	10	
642	3	
643	6	
644	6	
645	9	
646	8	
647	5	
648	10	
649	4	
650	10	
651	9	
652	2	
653	8	
654	7	
655	5	
656	10	
657	9	
658	2	
659	4	
660	5	
661	2	
662	9	
663	4	
664	10	
665	6	
666	4	
667	9	
668	5	
669	6	
670	8	
671	5	
672	5	
673	6	
674	3	
675	3	
676	10	
677	1	
678	2	
679	10	
680	4	
681	7	
682	10	
683	4	
684	1	
685	1	
686	10	
687	5	
688	7	
689	4	
690	4	
691	1	
692	4	
693	8	
694	5	
695	3	
696	9	
697	1	
698	9	
699	2	
700	6	
701	5	
702	2	
703	7	
704	8	
705	7	
706	9	
707	10	
708	3	
709	10	
710	5	
711	8	
712	9	
713	2	
714	6	
715	6	
716	8	
717	9	
718	1	
719	2	
720	7	
721	1	
722	3	
723	4	
724	1	
725	10	
726	7	
727	6	
728	2	
729	6	
730	6	
731	7	
732	1	
733	3	
734	2	
735	4	
736	8	
737	9	
738	4	
739	7	
740	6	
741	3	
742	4	
743	9	
744	4	
745	2	
746	7	
747	2	
748	1	
749	2	
750	7	
751	7	
752	3	
753	1	
754	8	
755	1	
756	5	
757	5	
758	7	
759	10	
760	1	
761	7	
762	4	
763	5	
764	5	
765	6	
766	1	
767	8	
768	8	
769	5	
770	5	
771	6	
772	8	
773	1	
774	9	
775	10	
776	9	
777	2	
778	4	
779	7	
780	3	
781	5	
782	9	
783	2	
784	4	
785	10	
786	4	
787	6	
788	4	
789	10	
790	5	
791	9	
792	8	
793	5	
794	10	
795	3	
796	9	
797	10	
798	4	
799	6	
800	10	
801	8	
802	9	
803	7	
804	3	
805	10	
806	9	
807	1	
808	7	
809	9	
810	3	
811	5	
812	7	
813	1	
814	9	
815	6	
816	2	
817	5	
818	3	
819	1	
820	3	
821	3	
822	8	
823	7	
824	10	
825	9	
826	2	
827	6	
828	7	
829	2	
830	6	
831	8	
832	6	
833	7	
834	9	
835	2	
836	7	
837	1	
838	7	
839	3	
840	3	
841	7	
842	7	
843	9	
844	3	
845	5	
846	10	
847	8	
848	10	
849	3	
850	10	
851	10	
852	1	
853	4	
854	3	
855	4	
856	3	
857	8	
858	5	
859	7	
860	2	
861	5	
862	5	
863	5	
864	4	
865	7	
866	8	
867	5	
868	10	
869	9	
870	1	
871	2	
872	4	
873	7	
874	7	
875	2	
876	8	
877	10	
878	3	
879	3	
880	5	
881	7	
882	10	
883	9	
884	6	
885	7	
886	5	
887	5	
888	10	
889	9	
890	2	
891	4	
892	3	
893	8	
894	10	
895	1	
896	7	
897	6	
898	2	
899	5	
900	1	
901	2	
902	6	
903	4	
904	3	
905	2	
906	7	
907	9	
908	3	
909	10	
910	6	
911	7	
912	4	
913	6	
914	10	
915	9	
916	3	
917	7	
918	3	
919	6	
920	5	
921	6	
922	2	
923	2	
924	8	
925	4	
926	2	
927	8	
928	10	
929	3	
930	6	
931	9	
932	9	
933	9	
934	5	
935	3	
936	8	
937	10	
938	6	
939	1	
940	9	
941	5	
942	10	
943	1	
944	3	
945	8	
946	6	
947	6	
948	8	
949	9	
950	3	
951	10	
952	2	
953	6	
954	4	
955	8	
956	6	
957	9	
958	5	
959	6	
960	2	
961	5	
962	3	
963	9	
964	2	
965	3	
966	9	
967	6	
968	6	
969	10	
970	5	
971	8	
972	3	
973	3	
974	10	
975	8	
976	7	
977	10	
978	3	
979	9	
980	5	
981	3	
982	6	
983	7	
984	8	
985	5	
986	6	
987	8	
988	6	
989	8	
990	3	
991	8	
992	2	
993	8	
994	5	
995	10	
996	3	
997	3	
998	1	
999	6	
1000	4	
1001	7	
1002	10	
1003	7	
1004	5	
1005	1	
1006	5	
1007	1	
1008	9	
1009	9	
1010	2	
1011	1	
1012	6	
1013	2	
1014	1	
1015	10	
1016	2	
1017	6	
1018	1	
1019	1	
1020	1	
1021	4	
1022	8	
1023	9	
1024	10	
1025	3	
1026	9	
1027	3	
1028	3	
1029	10	
1030	1	
1031	10	
1032	10	
1033	10	
1034	6	
1035	1	
1036	6	
1037	3	
1038	10	
1039	7	
1040	6	
1041	10	
1042	5	
1043	8	
1044	6	
1045	1	
1046	5	
1047	5	
1048	5	
1049	5	
1050	8	
1051	4	
1052	2	
1053	1	
1054	9	
1055	8	
1056	1	
1057	9	
1058	6	
1059	9	
1060	3	
1061	10	
1062	2	
1063	3	
1064	1	
1065	6	
1066	7	
1067	6	
1068	5	
1069	10	
1070	7	
1071	4	
1072	1	
1073	1	
1074	7	
1075	9	
1076	8	
1077	7	
1078	9	
1079	2	
1080	8	
1081	2	
1082	10	
1083	2	
1084	7	
1085	10	
1086	9	
1087	6	
1088	6	
1089	1	
1090	5	
1091	6	
1092	7	
1093	4	
1094	3	
1095	3	
1096	6	
1097	5	
1098	9	
1099	5	
1100	7	
1101	8	
1102	1	
1103	1	
1104	8	
1105	1	
1106	5	
1107	3	
1108	5	
1109	10	
1110	9	
1111	1	
1112	9	
1113	5	
1114	3	
1115	2	
1116	3	
1117	6	
1118	8	
1119	1	
1120	1	
1121	5	
1122	4	
1123	5	
1124	10	
1125	3	
1126	9	
1127	9	
1128	2	
1129	4	
1130	10	
1131	9	
1132	7	
1133	8	
1134	1	
1135	7	
1136	8	
1137	7	
1138	6	
1139	2	
1140	2	
1141	3	
1142	10	
1143	6	
1144	7	
1145	6	
1146	8	
1147	3	
1148	3	
1149	6	
1150	3	
1151	4	
1152	7	
1153	10	
1154	2	
1155	7	
1156	7	
1157	9	
1158	7	
1159	2	
1160	3	
1161	8	
1162	8	
1163	6	
1164	5	
1165	6	
1166	7	
1167	10	
1168	4	
1169	9	
1170	7	
1171	1	
1172	9	
1173	1	
1174	1	
1175	9	
1176	5	
1177	8	
1178	2	
1179	7	
1180	7	
1181	3	
1182	9	
1183	10	
1184	3	
1185	1	
1186	10	
1187	3	
1188	3	
1189	5	
1190	3	
1191	4	
1192	8	
1193	6	
1194	5	
1195	1	
1196	1	
1197	6	
1198	6	
1199	3	
1200	2	
1201	6	
1202	6	
1203	5	
1204	9	
1205	1	
1206	6	
1207	5	
1208	2	
1209	1	
1210	1	
1211	8	
1212	4	
1213	7	
1214	3	
1215	2	
1216	2	
1217	10	
1218	9	
1219	4	
1220	3	
1221	2	
1222	7	
1223	6	
1224	6	
1225	1	
1226	7	
1227	4	
1228	6	
1229	2	
1230	5	
1231	5	
1232	5	
1233	3	
1234	10	
1235	3	
1236	7	
1237	9	
1238	2	
1239	1	
1240	4	
1241	3	
1242	10	
1243	9	
1244	1	
1245	5	
1246	5	
1247	5	
1248	3	
1249	3	
1250	4	
1251	6	
1252	9	
1253	7	
1254	6	
1255	3	
1256	6	
1257	5	
1258	4	
1259	7	
1260	8	
1261	4	
1262	3	
1263	7	
1264	6	
1265	1	
1266	10	
1267	8	
1268	3	
1269	6	
1270	8	
1271	9	
1272	2	
1273	1	
1274	4	
1275	8	
1276	4	
1277	2	
1278	8	
1279	1	
1280	8	
1281	3	
1282	7	
1283	4	
1284	9	
1285	5	
1286	2	
1287	6	
1288	7	
1289	4	
1290	3	
1291	4	
1292	5	
1293	4	
1294	9	
1295	4	
1296	9	
1297	9	
1298	1	
1299	6	
1300	4	
1301	9	
1302	9	
1303	8	
1304	5	
1305	9	
1306	10	
1307	7	
1308	2	
1309	9	
1310	3	
1311	6	
1312	4	
1313	2	
1314	5	
1315	3	
1316	6	
1317	10	
1318	7	
1319	4	
1320	7	
1321	3	
1322	6	
1323	7	
1324	3	
1325	9	
1326	5	
1327	6	
1328	9	
1329	2	
1330	10	
1331	6	
1332	7	
1333	6	
1334	8	
1335	5	
1336	1	
1337	3	
1338	7	
1339	2	
1340	1	
1341	8	
1342	9	
1343	3	
1344	2	
1345	4	
1346	3	
1347	9	
1348	2	
1349	7	
1350	9	
1351	1	
1352	3	
1353	8	
1354	4	
1355	4	
1356	6	
1357	2	
1358	4	
1359	6	
1360	6	
1361	6	
1362	7	
1363	7	
1364	9	
1365	5	
1366	3	
1367	5	
1368	10	
1369	9	
1370	4	
1371	3	
1372	1	
1373	2	
1374	8	
1375	4	
1376	6	
1377	8	
1378	9	
1379	9	
1380	10	
1381	5	
1382	6	
1383	8	
1384	3	
1385	6	
1386	6	
1387	4	
1388	7	
1389	9	
1390	3	
1391	3	
1392	4	
1393	1	
1394	10	
1395	4	
1396	9	
1397	4	
1398	7	
1399	10	
1400	2	
1401	1	
1402	7	
1403	7	
1404	10	
1405	4	
1406	9	
1407	4	
1408	5	
1409	7	
1410	2	
1411	6	
1412	10	
1413	4	
1414	7	
1415	8	
1416	4	
1417	7	
1418	8	
1419	4	
1420	8	
1421	1	
1422	6	
1423	3	
1424	3	
1425	4	
1426	8	
1427	5	
1428	7	
1429	8	
1430	3	
1431	1	
1432	9	
1433	6	
1434	4	
1435	4	
1436	4	
1437	8	
1438	5	
1439	1	
1440	6	
1441	6	
1442	3	
1443	1	
1444	8	
1445	7	
1446	10	
1447	5	
1448	2	
1449	5	
1450	5	
1451	10	
1452	4	
1453	9	
1454	10	
1455	7	
1456	9	
1457	3	
1458	7	
1459	5	
1460	10	
1461	2	
1462	5	
1463	3	
1464	5	
1465	8	
1466	10	
1467	4	
1468	8	
1469	6	
1470	8	
1471	9	
1472	6	
1473	8	
1474	5	
1475	5	
1476	1	
1477	3	
1478	2	
1479	2	
1480	9	
1481	1	
1482	6	
1483	7	
1484	2	
1485	6	
1486	4	
1487	4	
1488	8	
1489	8	
1490	3	
1491	9	
1492	5	
1493	10	
1494	6	
1495	5	
1496	7	
1497	3	
1498	7	
1499	2	
1500	10	
1501	6	
1502	8	
1503	5	
1504	6	
1505	9	
1506	3	
1507	2	
1508	6	
1509	3	
1510	10	
1511	7	
1512	5	
1513	6	
1514	4	
1515	6	
1516	4	
1517	10	
1518	3	
1519	5	
1520	9	
1521	9	
1522	5	
1523	3	
1524	4	
1525	7	
1526	7	
1527	4	
1528	7	
1529	8	
1530	5	
1531	10	
1532	2	
1533	2	
1534	5	
1535	4	
1536	6	
1537	10	
1538	5	
1539	9	
1540	4	
1541	6	
1542	2	
1543	6	
1544	6	
1545	1	
1546	5	
1547	10	
1548	9	
1549	4	
1550	8	
1551	7	
1552	3	
1553	10	
1554	4	
1555	3	
1556	4	
1557	4	
1558	8	
1559	4	
1560	6	
1561	10	
1562	2	
1563	2	
1564	7	
1565	10	
1566	8	
1567	3	
1568	9	
1569	8	
1570	6	
1571	3	
1572	4	
1573	6	
1574	3	
1575	3	
1576	5	
1577	3	
1578	2	
1579	7	
1580	10	
1581	7	
1582	5	
1583	10	
1584	6	
1585	6	
1586	6	
1587	1	
1588	4	
1589	8	
1590	6	
1591	6	
1592	1	
1593	10	
1594	4	
1595	10	
1596	4	
1597	3	
1598	6	
1599	3	
1600	2	
1601	10	
1602	1	
1603	2	
1604	10	
1605	6	
1606	2	
1607	7	
1608	2	
1609	4	
1610	8	
1611	10	
1612	1	
1613	2	
1614	7	
1615	5	
1616	7	
1617	9	
1618	4	
1619	7	
1620	3	
1621	9	
1622	5	
1623	3	
1624	10	
1625	7	
1626	2	
1627	10	
1628	4	
1629	3	
1630	1	
1631	6	
1632	4	
1633	9	
1634	2	
1635	1	
1636	7	
1637	1	
1638	7	
1639	7	
1640	5	
1641	5	
1642	7	
1643	6	
1644	9	
1645	2	
1646	7	
1647	7	
1648	9	
1649	1	
1650	7	
1651	5	
1652	6	
1653	2	
1654	1	
1655	1	
1656	4	
1657	10	
1658	10	
1659	7	
1660	10	
1661	5	
1662	2	
1663	5	
1664	7	
1665	1	
1666	8	
1667	9	
1668	10	
1669	5	
1670	3	
1671	8	
1672	7	
1673	3	
1674	3	
1675	6	
1676	1	
1677	3	
1678	5	
1679	10	
1680	7	
1681	1	
1682	2	
1683	10	
1684	9	
1685	6	
1686	2	
1687	1	
1688	2	
1689	5	
1690	6	
1691	1	
1692	7	
1693	10	
1694	2	
1695	9	
1696	10	
1697	7	
1698	2	
1699	3	
1700	4	
1701	5	
1702	3	
1703	7	
1704	6	
1705	5	
1706	7	
1707	2	
1708	8	
1709	8	
1710	8	
1711	1	
1712	1	
1713	3	
1714	5	
1715	10	
1716	5	
1717	10	
1718	4	
1719	10	
1720	4	
1721	5	
1722	1	
1723	6	
1724	7	
1725	2	
1726	8	
1727	9	
1728	10	
1729	8	
1730	5	
1731	8	
1732	2	
1733	4	
1734	8	
1735	1	
1736	10	
1737	3	
1738	7	
1739	5	
1740	3	
1741	10	
1742	5	
1743	3	
1744	2	
1745	3	
1746	3	
1747	6	
1748	1	
1749	10	
1750	3	
1751	6	
1752	3	
1753	3	
1754	7	
1755	7	
1756	3	
1757	4	
1758	8	
1759	9	
1760	1	
1761	8	
1762	10	
1763	4	
1764	2	
1765	7	
1766	7	
1767	2	
1768	9	
1769	10	
1770	1	
1771	10	
1772	10	
1773	5	
1774	1	
1775	1	
1776	5	
1777	3	
1778	9	
1779	8	
1780	5	
1781	7	
1782	8	
1783	6	
1784	3	
1785	5	
1786	10	
1787	2	
1788	6	
1789	5	
1790	5	
1791	4	
1792	5	
1793	8	
1794	1	
1795	9	
1796	9	
1797	5	
1798	2	
1799	2	
1800	9	
1801	3	
1802	4	
1803	7	
1804	6	
1805	4	
1806	9	
1807	10	
1808	1	
1809	1	
1810	9	
1811	3	
1812	10	
1813	2	
1814	2	
1815	10	
1816	2	
1817	10	
1818	10	
1819	9	
1820	2	
1821	9	
1822	6	
1823	3	
1824	2	
1825	9	
1826	3	
1827	3	
1828	6	
1829	2	
1830	2	
1831	8	
1832	7	
1833	2	
1834	5	
1835	6	
1836	4	
1837	8	
1838	3	
1839	10	
1840	1	
1841	8	
1842	6	
1843	3	
1844	5	
1845	5	
1846	3	
1847	6	
1848	2	
1849	3	
1850	3	
1851	6	
1852	6	
1853	3	
1854	8	
1855	4	
1856	6	
1857	5	
1858	7	
1859	3	
1860	7	
1861	7	
1862	2	
1863	6	
1864	9	
1865	9	
1866	7	
1867	10	
1868	7	
1869	2	
1870	6	
1871	8	
1872	3	
1873	4	
1874	4	
1875	8	
1876	3	
1877	4	
1878	10	
1879	10	
1880	2	
1881	9	
1882	2	
1883	5	
1884	5	
1885	2	
1886	3	
1887	9	
1888	7	
1889	5	
1890	7	
1891	1	
1892	1	
1893	9	
1894	2	
1895	4	
1896	9	
1897	6	
1898	7	
1899	7	
1900	1	
1901	9	
1902	1	
1903	9	
1904	8	
1905	10	
1906	1	
1907	2	
1908	5	
1909	9	
1910	2	
1911	8	
1912	9	
1913	6	
1914	5	
1915	7	
1916	6	
1917	5	
1918	8	
1919	8	
1920	6	
1921	3	
1922	4	
1923	10	
1924	3	
1925	10	
1926	9	
1927	2	
1928	2	
1929	9	
1930	5	
1931	3	
1932	5	
1933	1	
1934	4	
1935	5	
1936	3	
1937	1	
1938	7	
1939	8	
1940	1	
1941	5	
1942	8	
1943	10	
1944	6	
1945	3	
1946	8	
1947	2	
1948	1	
1949	3	
1950	8	
1951	8	
1952	1	
1953	9	
1954	7	
1955	8	
1956	1	
1957	1	
1958	10	
1959	2	
1960	6	
1961	10	
1962	8	
1963	7	
1964	6	
1965	5	
1966	10	
1967	3	
1968	10	
1969	9	
1970	3	
1971	1	
1972	4	
1973	5	
1974	10	
1975	9	
1976	4	
1977	3	
1978	6	
1979	9	
1980	3	
1981	2	
1982	5	
1983	4	
1984	6	
1985	3	
1986	7	
1987	2	
1988	8	
1989	9	
1990	8	
1991	1	
1992	1	
1993	10	
1994	3	
1995	2	
1996	2	
1997	2	
1998	6	
1999	8	
2000	6	
2001	9	
2002	10	
2003	2	
2004	9	
2005	9	
2006	9	
2007	6	
2008	10	
2009	7	
2010	3	
2011	4	
2012	1	
2013	3	
2014	9	
2015	6	
2016	6	
2017	5	
2018	4	
2019	10	
2020	1	
2021	3	
2022	8	
2023	9	
2024	5	
2025	3	
2026	5	
2027	5	
2028	9	
2029	2	
2030	5	
2031	7	
2032	8	
2033	8	
2034	1	
2035	8	
2036	8	
2037	4	
2038	10	
2039	3	
2040	6	
2041	10	
2042	7	
2043	2	
2044	4	
2045	3	
2046	10	
2047	9	
2048	3	
2049	3	
2050	1	
2051	2	
2052	7	
2053	6	
2054	8	
2055	3	
2056	6	
2057	2	
2058	9	
2059	7	
2060	5	
2061	6	
2062	6	
2063	9	
2064	10	
2065	6	
2066	7	
2067	1	
2068	10	
2069	9	
2070	10	
2071	5	
2072	9	
2073	4	
2074	9	
2075	8	
2076	1	
2077	6	
2078	10	
2079	2	
2080	5	
2081	2	
2082	5	
2083	8	
2084	1	
2085	8	
2086	3	
2087	3	
2088	8	
2089	6	
2090	3	
2091	6	
2092	2	
2093	3	
2094	7	
2095	4	
2096	7	
2097	6	
2098	7	
2099	10	
2100	4	
2101	9	
2102	8	
2103	7	
2104	2	
2105	10	
2106	4	
2107	5	
2108	2	
2109	5	
2110	3	
2111	8	
2112	2	
2113	1	
2114	10	
2115	10	
2116	1	
2117	6	
2118	4	
2119	4	
2120	6	
2121	1	
2122	4	
2123	3	
2124	4	
2125	3	
2126	1	
2127	3	
2128	9	
2129	1	
2130	1	
2131	10	
2132	7	
2133	6	
2134	2	
2135	4	
2136	9	
2137	5	
2138	4	
2139	6	
2140	10	
2141	9	
2142	8	
2143	7	
2144	2	
2145	10	
2146	10	
2147	1	
2148	2	
2149	3	
2150	2	
2151	4	
2152	7	
2153	4	
2154	9	
2155	5	
2156	2	
2157	3	
2158	1	
2159	9	
2160	8	
2161	4	
2162	1	
2163	5	
2164	8	
2165	5	
2166	5	
2167	8	
2168	5	
2169	9	
2170	2	
2171	7	
2172	2	
2173	1	
2174	5	
2175	10	
2176	8	
2177	4	
2178	10	
2179	5	
2180	3	
2181	1	
2182	1	
2183	3	
2184	3	
2185	10	
2186	6	
2187	7	
2188	6	
2189	3	
2190	3	
2191	8	
2192	8	
2193	2	
2194	2	
2195	6	
2196	5	
2197	9	
2198	8	
2199	6	
2200	1	
2201	3	
2202	1	
2203	5	
2204	6	
2205	2	
2206	7	
2207	10	
2208	4	
2209	10	
2210	2	
2211	6	
2212	1	
2213	3	
2214	8	
2215	5	
2216	1	
2217	9	
2218	4	
2219	4	
2220	3	
2221	3	
2222	4	
2223	9	
2224	9	
2225	5	
2226	10	
2227	3	
2228	5	
2229	5	
2230	1	
2231	5	
2232	9	
2233	6	
2234	8	
2235	7	
2236	7	
2237	2	
2238	1	
2239	5	
2240	1	
2241	9	
2242	2	
2243	3	
2244	9	
2245	2	
2246	2	
2247	7	
2248	8	
2249	6	
2250	10	
2251	4	
2252	5	
2253	9	
2254	7	
2255	9	
2256	3	
2257	6	
2258	6	
2259	10	
2260	9	
2261	1	
2262	7	
2263	8	
2264	2	
2265	9	
2266	1	
2267	2	
2268	8	
2269	2	
2270	7	
2271	8	
2272	2	
2273	7	
2274	3	
2275	7	
2276	1	
2277	3	
2278	3	
2279	8	
2280	3	
2281	6	
2282	8	
2283	8	
2284	7	
2285	5	
2286	7	
2287	9	
2288	5	
2289	2	
2290	4	
2291	3	
2292	1	
2293	10	
2294	1	
2295	6	
2296	9	
2297	7	
2298	3	
2299	6	
2300	10	
2301	9	
2302	2	
2303	3	
2304	3	
2305	7	
2306	9	
2307	3	
2308	4	
2309	9	
2310	5	
2311	1	
2312	3	
2313	6	
2314	3	
2315	1	
2316	9	
2317	6	
2318	5	
2319	8	
2320	4	
2321	5	
2322	4	
2323	1	
2324	2	
2325	5	
2326	6	
2327	3	
2328	5	
2329	6	
2330	1	
2331	8	
2332	4	
2333	10	
2334	3	
2335	10	
2336	5	
2337	6	
2338	8	
2339	10	
2340	5	
2341	6	
2342	8	
2343	9	
2344	8	
2345	5	
2346	7	
2347	9	
2348	3	
2349	8	
2350	5	
2351	4	
2352	6	
2353	2	
2354	5	
2355	1	
2356	7	
2357	6	
2358	9	
2359	4	
2360	5	
2361	3	
2362	9	
2363	9	
2364	10	
2365	8	
2366	8	
2367	3	
2368	3	
2369	3	
2370	2	
2371	9	
2372	6	
2373	5	
2374	4	
2375	2	
2376	3	
2377	9	
2378	2	
2379	9	
2380	9	
2381	1	
2382	2	
2383	8	
2384	2	
2385	8	
2386	8	
2387	8	
2388	7	
2389	9	
2390	6	
2391	6	
2392	1	
2393	1	
2394	2	
2395	5	
2396	3	
2397	7	
2398	4	
2399	2	
2400	3	
2401	7	
2402	5	
2403	6	
2404	10	
2405	9	
2406	3	
2407	9	
2408	9	
2409	3	
2410	8	
2411	6	
2412	6	
2413	8	
2414	7	
2415	1	
2416	9	
2417	8	
2418	6	
2419	5	
2420	7	
2421	6	
2422	7	
2423	9	
2424	4	
2425	8	
2426	1	
2427	3	
2428	6	
2429	3	
2430	9	
2431	9	
2432	10	
2433	6	
2434	2	
2435	10	
2436	8	
2437	2	
2438	6	
2439	5	
2440	2	
2441	8	
2442	5	
2443	8	
2444	7	
2445	2	
2446	4	
2447	9	
2448	4	
2449	9	
2450	8	
2451	5	
2452	1	
2453	2	
2454	3	
2455	10	
2456	1	
2457	5	
2458	3	
2459	8	
2460	1	
2461	1	
2462	3	
2463	2	
2464	5	
2465	7	
2466	3	
2467	4	
2468	6	
2469	7	
2470	5	
2471	6	
2472	1	
2473	7	
2474	1	
2475	8	
2476	7	
2477	2	
2478	4	
2479	9	
2480	3	
2481	1	
2482	10	
2483	2	
2484	8	
2485	6	
2486	6	
2487	4	
2488	1	
2489	9	
2490	9	
2491	3	
2492	7	
2493	1	
2494	6	
2495	7	
2496	1	
2497	9	
2498	4	
2499	10	
2500	3	
2501	1	
2502	10	
2503	5	
2504	7	
2505	3	
2506	3	
2507	7	
2508	9	
2509	5	
2510	6	
2511	4	
2512	9	
2513	9	
2514	3	
2515	10	
2516	7	
2517	6	
2518	5	
2519	6	
2520	9	
2521	7	
2522	3	
2523	3	
2524	5	
2525	5	
2526	4	
2527	3	
2528	1	
2529	10	
2530	8	
2531	1	
2532	5	
2533	5	
2534	8	
2535	7	
2536	9	
2537	10	
2538	10	
2539	4	
2540	1	
2541	3	
2542	3	
2543	3	
2544	7	
2545	8	
2546	2	
2547	2	
2548	8	
2549	3	
2550	4	
2551	6	
2552	9	
2553	10	
2554	4	
2555	6	
2556	9	
2557	9	
2558	9	
2559	10	
2560	7	
2561	9	
2562	2	
2563	8	
2564	2	
2565	6	
2566	3	
2567	5	
2568	2	
2569	10	
2570	10	
2571	10	
2572	10	
2573	9	
2574	6	
2575	3	
2576	8	
2577	8	
2578	4	
2579	4	
2580	10	
2581	10	
2582	7	
2583	3	
2584	3	
2585	6	
2586	9	
2587	1	
2588	4	
2589	9	
2590	9	
2591	1	
2592	2	
2593	9	
2594	7	
2595	4	
2596	6	
2597	2	
2598	7	
2599	6	
2600	6	
2601	6	
2602	2	
2603	3	
2604	5	
2605	2	
2606	1	
2607	10	
2608	5	
2609	2	
2610	9	
2611	7	
2612	2	
2613	4	
2614	3	
2615	2	
2616	2	
2617	6	
2618	4	
2619	3	
2620	8	
2621	4	
2622	8	
2623	1	
2624	1	
2625	6	
2626	2	
2627	3	
2628	1	
2629	8	
2630	5	
2631	6	
2632	4	
2633	6	
2634	9	
2635	10	
2636	10	
2637	1	
2638	5	
2639	7	
2640	8	
2641	1	
2642	10	
2643	7	
2644	5	
2645	7	
2646	6	
2647	7	
2648	10	
2649	3	
2650	6	
2651	2	
2652	5	
2653	2	
2654	1	
2655	8	
2656	2	
2657	9	
2658	6	
2659	2	
2660	9	
2661	5	
2662	10	
2663	8	
2664	1	
2665	9	
2666	10	
2667	6	
2668	8	
2669	3	
2670	7	
2671	5	
2672	8	
2673	2	
2674	10	
2675	2	
2676	8	
2677	6	
2678	10	
2679	6	
2680	7	
2681	3	
2682	8	
2683	7	
2684	3	
2685	2	
2686	8	
2687	9	
2688	10	
2689	6	
2690	7	
2691	2	
2692	8	
2693	1	
2694	4	
2695	1	
2696	9	
2697	5	
2698	7	
2699	6	
2700	2	
2701	8	
2702	5	
2703	6	
2704	2	
2705	4	
2706	3	
2707	3	
2708	5	
2709	6	
2710	1	
2711	10	
2712	2	
2713	9	
2714	9	
2715	7	
2716	6	
2717	7	
2718	8	
2719	5	
2720	4	
2721	3	
2722	4	
2723	6	
2724	10	
2725	7	
2726	8	
2727	7	
2728	9	
2729	10	
2730	9	
2731	7	
2732	5	
2733	7	
2734	4	
2735	3	
2736	2	
2737	7	
2738	1	
2739	9	
2740	5	
2741	10	
2742	1	
2743	9	
2744	4	
2745	10	
2746	2	
2747	7	
2748	7	
2749	9	
2750	2	
2751	2	
2752	7	
2753	8	
2754	4	
2755	1	
2756	10	
2757	8	
2758	9	
2759	5	
2760	6	
2761	9	
2762	5	
2763	9	
2764	10	
2765	1	
2766	7	
2767	5	
2768	3	
2769	6	
2770	4	
2771	7	
2772	5	
2773	1	
2774	2	
2775	3	
2776	3	
2777	1	
2778	3	
2779	8	
2780	10	
2781	7	
2782	6	
2783	7	
2784	10	
2785	1	
2786	9	
2787	7	
2788	2	
2789	5	
2790	2	
2791	3	
2792	1	
2793	5	
2794	2	
2795	7	
2796	5	
2797	4	
2798	5	
2799	9	
2800	6	
2801	6	
2802	6	
2803	8	
2804	9	
2805	9	
2806	7	
2807	5	
2808	2	
2809	9	
2810	3	
2811	6	
2812	1	
2813	6	
2814	7	
2815	1	
2816	9	
2817	10	
2818	10	
2819	1	
2820	1	
2821	7	
2822	3	
2823	7	
2824	10	
2825	5	
2826	9	
2827	6	
2828	1	
2829	7	
2830	9	
2831	8	
2832	3	
2833	9	
2834	5	
2835	10	
2836	10	
2837	2	
2838	9	
2839	10	
2840	10	
2841	10	
2842	3	
2843	8	
2844	5	
2845	8	
2846	2	
2847	5	
2848	3	
2849	9	
2850	2	
2851	6	
2852	8	
2853	4	
2854	1	
2855	7	
2856	10	
2857	6	
2858	4	
2859	2	
2860	1	
2861	5	
2862	7	
2863	2	
2864	7	
2865	8	
2866	2	
2867	6	
2868	3	
2869	7	
2870	6	
2871	3	
2872	2	
2873	7	
2874	9	
2875	7	
2876	3	
2877	8	
2878	9	
2879	10	
2880	1	
2881	8	
2882	2	
2883	4	
2884	1	
2885	3	
2886	3	
2887	2	
2888	2	
2889	8	
2890	1	
2891	6	
2892	4	
2893	1	
2894	2	
2895	6	
2896	6	
2897	3	
2898	1	
2899	9	
2900	3	
2901	10	
2902	3	
2903	9	
2904	2	
2905	9	
2906	4	
2907	7	
2908	10	
2909	1	
2910	1	
2911	10	
2912	3	
2913	2	
2914	4	
2915	4	
2916	3	
2917	9	
2918	1	
2919	1	
2920	5	
2921	2	
2922	9	
2923	9	
2924	9	
2925	2	
2926	3	
2927	3	
2928	10	
2929	6	
2930	3	
2931	3	
2932	9	
2933	6	
2934	7	
2935	3	
2936	5	
2937	2	
2938	1	
2939	1	
2940	9	
2941	8	
2942	10	
2943	8	
2944	8	
2945	7	
2946	9	
2947	3	
2948	3	
2949	6	
2950	8	
2951	3	
2952	2	
2953	5	
2954	6	
2955	3	
2956	8	
2957	10	
2958	10	
2959	9	
2960	9	
2961	7	
2962	7	
2963	9	
2964	1	
2965	9	
2966	3	
2967	7	
2968	2	
2969	1	
2970	1	
2971	8	
2972	5	
2973	10	
2974	4	
2975	9	
2976	9	
2977	4	
2978	8	
2979	6	
2980	9	
2981	5	
2982	7	
2983	1	
2984	9	
2985	9	
2986	7	
2987	3	
2988	7	
2989	2	
2990	2	
2991	3	
2992	1	
2993	5	
2994	5	
2995	9	
2996	10	
2997	5	
2998	1	
2999	3	
3000	7	
3001	9	
3002	1	
3003	5	
3004	4	
3005	7	
3006	5	
3007	2	
3008	5	
3009	8	
3010	6	
3011	6	
3012	2	
3013	1	
3014	1	
3015	8	
3016	7	
3017	1	
3018	8	
3019	5	
3020	3	
3021	9	
3022	10	
3023	6	
3024	4	
3025	5	
3026	2	
3027	9	
3028	3	
3029	7	
3030	2	
3031	3	
3032	1	
3033	7	
3034	1	
3035	7	
3036	10	
3037	8	
3038	9	
3039	4	
3040	1	
3041	1	
3042	8	
3043	5	
3044	4	
3045	1	
3046	1	
3047	6	
3048	3	
3049	7	
3050	9	
3051	9	
3052	8	
3053	1	
3054	7	
3055	5	
3056	1	
3057	4	
3058	3	
3059	7	
3060	2	
3061	10	
3062	7	
3063	8	
3064	6	
3065	1	
3066	4	
3067	10	
3068	7	
3069	6	
3070	8	
3071	5	
3072	1	
3073	4	
3074	6	
3075	4	
3076	5	
3077	10	
3078	7	
3079	7	
3080	5	
3081	5	
3082	5	
3083	9	
3084	8	
3085	3	
3086	8	
3087	7	
3088	7	
3089	5	
3090	8	
3091	2	
3092	8	
3093	5	
3094	5	
3095	4	
3096	2	
3097	4	
3098	3	
3099	1	
3100	6	
3101	9	
3102	10	
3103	6	
3104	8	
3105	8	
3106	5	
3107	10	
3108	3	
3109	10	
3110	8	
3111	8	
3112	8	
3113	3	
3114	1	
3115	5	
3116	10	
3117	6	
3118	3	
3119	10	
3120	2	
3121	10	
3122	6	
3123	3	
3124	8	
3125	7	
3126	3	
3127	6	
3128	7	
3129	7	
3130	10	
3131	7	
3132	5	
3133	8	
3134	1	
3135	4	
3136	9	
3137	6	
3138	4	
3139	5	
3140	10	
3141	10	
3142	9	
3143	1	
3144	1	
3145	9	
3146	2	
3147	1	
3148	9	
3149	6	
3150	5	
3151	5	
3152	9	
3153	6	
3154	8	
3155	7	
3156	7	
3157	8	
3158	7	
3159	3	
3160	9	
3161	4	
3162	6	
3163	4	
3164	9	
3165	5	
3166	4	
3167	1	
3168	1	
3169	1	
3170	9	
3171	6	
3172	6	
3173	7	
3174	9	
3175	2	
3176	3	
3177	7	
3178	7	
3179	6	
3180	1	
3181	6	
3182	5	
3183	1	
3184	5	
3185	6	
3186	9	
3187	3	
3188	6	
3189	9	
3190	2	
3191	5	
3192	4	
3193	3	
3194	10	
3195	1	
3196	5	
3197	8	
3198	5	
3199	4	
3200	2	
3201	5	
3202	3	
3203	2	
3204	1	
3205	1	
3206	2	
3207	7	
3208	9	
3209	3	
3210	2	
3211	3	
3212	7	
3213	6	
3214	9	
3215	10	
3216	5	
3217	6	
3218	4	
3219	4	
3220	3	
3221	7	
3222	5	
3223	1	
3224	10	
3225	3	
3226	9	
3227	5	
3228	3	
3229	1	
3230	1	
3231	4	
3232	1	
3233	10	
3234	5	
3235	8	
3236	3	
3237	7	
3238	5	
3239	2	
3240	1	
3241	3	
3242	4	
3243	10	
3244	10	
3245	10	
3246	4	
3247	5	
3248	1	
3249	6	
3250	5	
3251	10	
3252	5	
3253	1	
3254	2	
3255	8	
3256	3	
3257	2	
3258	10	
3259	9	
3260	6	
3261	7	
3262	7	
3263	3	
3264	3	
3265	3	
3266	6	
3267	4	
3268	1	
3269	10	
3270	9	
3271	10	
3272	8	
3273	2	
3274	4	
3275	2	
3276	3	
3277	6	
3278	5	
3279	9	
3280	4	
3281	10	
3282	3	
3283	5	
3284	5	
3285	6	
3286	10	
3287	9	
3288	8	
3289	8	
3290	7	
3291	2	
3292	1	
3293	3	
3294	7	
3295	4	
3296	2	
3297	8	
3298	7	
3299	1	
3300	5	
3301	1	
3302	2	
3303	5	
3304	7	
3305	10	
3306	1	
3307	2	
3308	10	
3309	8	
3310	5	
3311	7	
3312	7	
3313	8	
3314	3	
3315	2	
3316	1	
3317	10	
3318	2	
3319	1	
3320	3	
3321	2	
3322	7	
3323	8	
3324	1	
3325	10	
3326	4	
3327	4	
3328	4	
3329	2	
3330	8	
3331	4	
3332	8	
3333	3	
3334	1	
3335	6	
3336	4	
3337	8	
3338	2	
3339	3	
3340	6	
3341	9	
3342	9	
3343	8	
3344	3	
3345	6	
3346	2	
3347	1	
3348	8	
3349	1	
3350	7	
3351	2	
3352	7	
3353	2	
3354	7	
3355	8	
3356	9	
3357	3	
3358	3	
3359	6	
3360	1	
3361	1	
3362	2	
3363	3	
3364	1	
3365	2	
3366	7	
3367	3	
3368	8	
3369	9	
3370	3	
3371	9	
3372	10	
3373	7	
3374	5	
3375	8	
3376	7	
3377	5	
3378	10	
3379	5	
3380	1	
3381	2	
3382	9	
3383	10	
3384	9	
3385	6	
3386	10	
3387	3	
3388	7	
3389	3	
3390	8	
3391	1	
3392	3	
3393	7	
3394	2	
3395	2	
3396	6	
3397	7	
3398	5	
3399	3	
3400	8	
3401	7	
3402	5	
3403	5	
3404	8	
3405	8	
3406	4	
3407	7	
3408	3	
3409	9	
3410	2	
3411	10	
3412	9	
3413	3	
3414	9	
3415	9	
3416	1	
3417	8	
3418	6	
3419	9	
3420	4	
3421	8	
3422	2	
3423	5	
3424	8	
3425	3	
3426	2	
3427	10	
3428	6	
3429	5	
3430	4	
3431	6	
3432	7	
3433	5	
3434	9	
3435	10	
3436	9	
3437	3	
3438	1	
3439	7	
3440	8	
3441	10	
3442	7	
3443	8	
3444	7	
3445	9	
3446	4	
3447	8	
3448	10	
3449	10	
3450	4	
3451	7	
3452	3	
3453	2	
3454	1	
3455	3	
3456	9	
3457	8	
3458	1	
3459	5	
3460	8	
3461	10	
3462	1	
3463	4	
3464	2	
3465	2	
3466	9	
3467	5	
3468	8	
3469	1	
3470	4	
3471	3	
3472	5	
3473	7	
3474	5	
3475	10	
3476	1	
3477	4	
3478	6	
3479	1	
3480	9	
3481	1	
3482	7	
3483	8	
3484	2	
3485	10	
3486	1	
3487	10	
3488	6	
3489	7	
3490	6	
3491	1	
3492	5	
3493	3	
3494	10	
3495	3	
3496	5	
3497	10	
3498	2	
3499	6	
3500	2	
3501	1	
3502	8	
3503	1	
3504	6	
3505	6	
3506	10	
3507	9	
3508	8	
3509	4	
3510	3	
3511	5	
3512	2	
3513	3	
3514	3	
3515	3	
3516	4	
3517	8	
3518	10	
3519	5	
3520	5	
3521	7	
3522	4	
3523	1	
3524	5	
3525	3	
3526	1	
3527	2	
3528	3	
3529	6	
3530	1	
3531	6	
3532	4	
3533	4	
3534	2	
3535	4	
3536	2	
3537	5	
3538	6	
3539	8	
3540	5	
3541	2	
3542	2	
3543	6	
3544	10	
3545	6	
3546	3	
3547	1	
3548	4	
3549	2	
3550	8	
3551	3	
3552	9	
3553	2	
3554	10	
3555	3	
3556	1	
3557	7	
3558	7	
3559	4	
3560	5	
3561	5	
3562	4	
3563	6	
3564	2	
3565	5	
3566	3	
3567	5	
3568	10	
3569	2	
3570	5	
3571	4	
3572	6	
3573	3	
3574	5	
3575	5	
3576	4	
3577	5	
3578	6	
3579	6	
3580	7	
3581	7	
3582	9	
3583	2	
3584	4	
3585	9	
3586	10	
3587	5	
3588	10	
3589	8	
3590	6	
3591	4	
3592	9	
3593	10	
3594	6	
3595	8	
3596	9	
3597	10	
3598	8	
3599	6	
3600	2	
3601	3	
3602	7	
3603	9	
3604	6	
3605	4	
3606	6	
3607	2	
3608	9	
3609	2	
3610	5	
3611	1	
3612	8	
3613	6	
3614	3	
3615	10	
3616	4	
3617	5	
3618	3	
3619	3	
3620	2	
3621	10	
3622	2	
3623	7	
3624	6	
3625	4	
3626	5	
3627	8	
3628	4	
3629	3	
3630	3	
3631	4	
3632	5	
3633	3	
3634	1	
3635	10	
3636	4	
3637	10	
3638	2	
3639	3	
3640	4	
3641	9	
3642	7	
3643	3	
3644	5	
3645	9	
3646	2	
3647	4	
3648	7	
3649	3	
3650	4	
3651	7	
3652	3	
3653	10	
3654	9	
3655	7	
3656	1	
3657	9	
3658	3	
3659	9	
3660	2	
3661	2	
3662	7	
3663	2	
3664	5	
3665	6	
3666	5	
3667	4	
3668	1	
3669	3	
3670	8	
3671	10	
3672	5	
3673	4	
3674	4	
3675	8	
3676	10	
3677	5	
3678	1	
3679	2	
3680	7	
3681	6	
3682	1	
3683	6	
3684	3	
3685	9	
3686	5	
3687	7	
3688	1	
3689	8	
3690	8	
3691	1	
3692	3	
3693	10	
3694	5	
3695	5	
3696	6	
3697	5	
3698	6	
3699	1	
3700	8	
3701	6	
3702	5	
3703	3	
3704	7	
3705	5	
3706	3	
3707	7	
3708	5	
3709	3	
3710	10	
3711	3	
3712	9	
3713	2	
3714	3	
3715	6	
3716	7	
3717	3	
3718	7	
3719	10	
3720	7	
3721	4	
3722	8	
3723	2	
3724	10	
3725	5	
3726	3	
3727	10	
3728	10	
3729	4	
3730	9	
3731	6	
3732	5	
3733	10	
3734	2	
3735	10	
3736	1	
3737	10	
3738	1	
3739	9	
3740	3	
3741	6	
3742	8	
3743	9	
3744	5	
3745	8	
3746	1	
3747	5	
3748	10	
3749	5	
3750	7	
3751	6	
3752	9	
3753	4	
3754	9	
3755	5	
3756	2	
3757	10	
3758	2	
3759	5	
3760	3	
3761	8	
3762	4	
3763	9	
3764	5	
3765	6	
3766	10	
3767	8	
3768	4	
3769	4	
3770	8	
3771	1	
3772	10	
3773	6	
3774	6	
3775	4	
3776	2	
3777	1	
3778	8	
3779	8	
3780	4	
3781	8	
3782	8	
3783	4	
3784	6	
3785	1	
3786	10	
3787	5	
3788	3	
3789	8	
3790	3	
3791	9	
3792	7	
3793	7	
3794	2	
3795	2	
3796	7	
3797	1	
3798	3	
3799	8	
3800	7	
3801	6	
3802	2	
3803	10	
3804	9	
3805	2	
3806	10	
3807	3	
3808	3	
3809	5	
3810	6	
3811	10	
3812	8	
3813	5	
3814	9	
3815	5	
3816	3	
3817	1	
3818	10	
3819	3	
3820	7	
3821	1	
3822	9	
3823	10	
3824	3	
3825	5	
3826	2	
3827	3	
3828	1	
3829	1	
3830	3	
3831	8	
3832	10	
3833	2	
3834	7	
3835	8	
3836	10	
3837	9	
3838	1	
3839	3	
3840	2	
3841	1	
3842	6	
3843	8	
3844	1	
3845	9	
3846	6	
3847	6	
3848	10	
3849	6	
3850	7	
3851	4	
3852	10	
3853	10	
3854	7	
3855	7	
3856	8	
3857	2	
3858	6	
3859	7	
3860	8	
3861	6	
3862	4	
3863	9	
3864	7	
3865	5	
3866	9	
3867	4	
3868	8	
3869	5	
3870	6	
3871	5	
3872	10	
3873	6	
3874	1	
3875	5	
3876	2	
3877	6	
3878	10	
3879	10	
3880	10	
3881	1	
3882	10	
3883	2	
3884	10	
3885	6	
3886	5	
3887	2	
3888	4	
3889	1	
3890	7	
3891	1	
3892	5	
3893	5	
3894	9	
3895	8	
3896	5	
3897	8	
3898	2	
3899	9	
3900	7	
3901	1	
3902	3	
3903	10	
3904	6	
3905	3	
3906	1	
3907	4	
3908	5	
3909	7	
3910	10	
3911	3	
3912	2	
3913	2	
3914	4	
3915	8	
3916	9	
3917	4	
3918	3	
3919	3	
3920	10	
3921	5	
3922	2	
3923	2	
3924	1	
3925	6	
3926	10	
3927	8	
3928	8	
3929	8	
3930	1	
3931	8	
3932	7	
3933	4	
3934	9	
3935	4	
3936	2	
3937	2	
3938	10	
3939	9	
3940	5	
3941	3	
3942	10	
3943	10	
3944	5	
3945	3	
3946	8	
3947	3	
3948	2	
3949	1	
3950	1	
3951	8	
3952	5	
3953	7	
3954	8	
3955	5	
3956	5	
3957	6	
3958	2	
3959	1	
3960	7	
3961	8	
3962	2	
3963	1	
3964	4	
3965	9	
3966	1	
3967	10	
3968	1	
3969	8	
3970	1	
3971	6	
3972	5	
3973	6	
3974	1	
3975	8	
3976	2	
3977	1	
3978	8	
3979	4	
3980	9	
3981	7	
3982	4	
3983	7	
3984	4	
3985	6	
3986	6	
3987	9	
3988	1	
3989	7	
3990	8	
3991	6	
3992	6	
3993	10	
3994	1	
3995	7	
3996	2	
3997	1	
3998	2	
3999	9	
4000	6	
4001	4	
4002	10	
4003	7	
4004	8	
4005	5	
4006	8	
4007	7	
4008	9	
4009	9	
4010	5	
4011	8	
4012	7	
4013	7	
4014	4	
4015	3	
4016	1	
4017	4	
4018	4	
4019	2	
4020	6	
4021	7	
4022	4	
4023	8	
4024	1	
4025	5	
4026	9	
4027	7	
4028	4	
4029	10	
4030	1	
4031	2	
4032	6	
4033	10	
4034	7	
4035	3	
4036	9	
4037	9	
4038	8	
4039	2	
4040	1	
4041	5	
4042	10	
4043	7	
4044	5	
4045	8	
4046	2	
4047	2	
4048	9	
4049	6	
4050	5	
4051	10	
4052	9	
4053	5	
4054	1	
4055	8	
4056	1	
4057	8	
4058	6	
4059	7	
4060	8	
4061	7	
4062	10	
4063	9	
4064	4	
4065	2	
4066	1	
4067	6	
4068	2	
4069	3	
4070	2	
4071	9	
4072	7	
4073	4	
4074	4	
4075	6	
4076	9	
4077	10	
4078	9	
4079	10	
4080	9	
4081	7	
4082	2	
4083	8	
4084	1	
4085	2	
4086	6	
4087	1	
4088	7	
4089	1	
4090	2	
4091	10	
4092	6	
4093	7	
4094	10	
4095	7	
4096	8	
4097	3	
4098	8	
4099	5	
4100	7	
4101	2	
4102	8	
4103	10	
4104	3	
4105	3	
4106	6	
4107	6	
4108	4	
4109	4	
4110	1	
4111	4	
4112	8	
4113	9	
4114	8	
4115	8	
4116	6	
4117	9	
4118	10	
4119	7	
4120	4	
4121	5	
4122	1	
4123	5	
4124	5	
4125	9	
4126	6	
4127	3	
4128	9	
4129	9	
4130	6	
4131	7	
4132	3	
4133	6	
4134	5	
4135	3	
4136	10	
4137	1	
4138	4	
4139	7	
4140	3	
4141	7	
4142	1	
4143	2	
4144	1	
4145	3	
4146	5	
4147	8	
4148	7	
4149	7	
4150	6	
4151	1	
4152	1	
4153	9	
4154	7	
4155	5	
4156	6	
4157	5	
4158	9	
4159	9	
4160	8	
4161	6	
4162	1	
4163	10	
4164	6	
4165	8	
4166	6	
4167	5	
4168	9	
4169	4	
4170	2	
4171	10	
4172	8	
4173	4	
4174	10	
4175	10	
4176	10	
4177	4	
4178	8	
4179	5	
4180	7	
4181	10	
4182	4	
4183	2	
4184	6	
4185	4	
4186	7	
4187	3	
4188	2	
4189	6	
4190	4	
4191	9	
4192	1	
4193	5	
4194	3	
4195	1	
4196	3	
4197	9	
4198	1	
4199	1	
4200	1	
4201	7	
4202	5	
4203	4	
4204	2	
4205	9	
4206	9	
4207	8	
4208	2	
4209	7	
4210	4	
4211	6	
4212	6	
4213	3	
4214	3	
4215	4	
4216	10	
4217	6	
4218	7	
4219	5	
4220	4	
4221	9	
4222	1	
4223	3	
4224	9	
4225	7	
4226	5	
4227	9	
4228	8	
4229	7	
4230	3	
4231	2	
4232	6	
4233	5	
4234	5	
4235	7	
4236	6	
4237	7	
4238	1	
4239	4	
4240	6	
4241	5	
4242	3	
4243	3	
4244	5	
4245	9	
4246	4	
4247	8	
4248	8	
4249	2	
4250	3	
4251	6	
4252	9	
4253	2	
4254	7	
4255	2	
4256	3	
4257	3	
4258	9	
4259	5	
4260	1	
4261	5	
4262	9	
4263	5	
4264	5	
4265	2	
4266	7	
4267	8	
4268	3	
4269	9	
4270	2	
4271	7	
4272	4	
4273	6	
4274	9	
4275	7	
4276	9	
4277	7	
4278	3	
4279	7	
4280	5	
4281	1	
4282	2	
4283	7	
4284	5	
4285	6	
4286	7	
4287	5	
4288	8	
4289	2	
4290	9	
4291	6	
4292	1	
4293	4	
4294	10	
4295	7	
4296	5	
4297	3	
4298	5	
4299	6	
4300	10	
4301	3	
4302	5	
4303	7	
4304	5	
4305	9	
4306	8	
4307	1	
4308	1	
4309	4	
4310	7	
4311	5	
4312	1	
4313	6	
4314	6	
4315	6	
4316	8	
4317	6	
4318	3	
4319	8	
4320	5	
4321	4	
4322	10	
4323	4	
4324	7	
4325	9	
4326	7	
4327	10	
4328	7	
4329	10	
4330	3	
4331	10	
4332	5	
4333	7	
4334	9	
4335	8	
4336	2	
4337	7	
4338	7	
4339	4	
4340	4	
4341	2	
4342	9	
4343	9	
4344	9	
4345	8	
4346	7	
4347	2	
4348	4	
4349	5	
4350	4	
4351	4	
4352	6	
4353	2	
4354	9	
4355	8	
4356	2	
4357	7	
4358	6	
4359	10	
4360	8	
4361	7	
4362	8	
4363	7	
4364	3	
4365	2	
4366	6	
4367	7	
4368	7	
4369	6	
4370	7	
4371	4	
4372	4	
4373	1	
4374	1	
4375	7	
4376	6	
4377	5	
4378	7	
4379	8	
4380	8	
4381	6	
4382	3	
4383	6	
4384	6	
4385	9	
4386	7	
4387	9	
4388	3	
4389	2	
4390	10	
4391	6	
4392	8	
4393	2	
4394	3	
4395	8	
4396	7	
4397	8	
4398	3	
4399	8	
4400	5	
4401	7	
4402	8	
4403	4	
4404	4	
4405	10	
4406	6	
4407	7	
4408	10	
4409	8	
4410	6	
4411	5	
4412	4	
4413	4	
4414	8	
4415	9	
4416	8	
4417	8	
4418	1	
4419	5	
4420	4	
4421	5	
4422	6	
4423	6	
4424	4	
4425	10	
4426	1	
4427	3	
4428	9	
4429	3	
4430	1	
4431	9	
4432	4	
4433	3	
4434	5	
4435	7	
4436	3	
4437	5	
4438	2	
4439	9	
4440	5	
4441	8	
4442	9	
4443	6	
4444	3	
4445	7	
4446	10	
4447	5	
4448	10	
4449	8	
4450	8	
4451	5	
4452	2	
4453	5	
4454	9	
4455	2	
4456	2	
4457	2	
4458	1	
4459	4	
4460	2	
4461	2	
4462	1	
4463	8	
4464	10	
4465	9	
4466	5	
4467	5	
4468	3	
4469	5	
4470	5	
4471	7	
4472	5	
4473	5	
4474	2	
4475	3	
4476	4	
4477	3	
4478	2	
4479	7	
4480	1	
4481	5	
4482	2	
4483	2	
4484	4	
4485	8	
4486	1	
4487	6	
4488	7	
4489	5	
4490	1	
4491	1	
4492	10	
4493	10	
4494	6	
4495	7	
4496	1	
4497	4	
4498	5	
4499	7	
4500	9	
4501	4	
4502	9	
4503	3	
4504	7	
4505	2	
4506	6	
4507	7	
4508	5	
4509	7	
4510	9	
4511	8	
4512	4	
4513	10	
4514	2	
4515	3	
4516	3	
4517	9	
4518	1	
4519	8	
4520	1	
4521	4	
4522	2	
4523	7	
4524	7	
4525	8	
4526	10	
4527	1	
4528	7	
4529	8	
4530	5	
4531	10	
4532	10	
4533	2	
4534	4	
4535	8	
4536	10	
4537	8	
4538	7	
4539	1	
4540	3	
4541	7	
4542	8	
4543	5	
4544	2	
4545	8	
4546	5	
4547	5	
4548	4	
4549	1	
4550	6	
4551	3	
4552	6	
4553	6	
4554	3	
4555	2	
4556	7	
4557	5	
4558	10	
4559	2	
4560	8	
4561	8	
4562	2	
4563	5	
4564	1	
4565	6	
4566	6	
4567	7	
4568	10	
4569	10	
4570	2	
4571	7	
4572	1	
4573	7	
4574	5	
4575	6	
4576	10	
4577	7	
4578	3	
4579	10	
4580	1	
4581	9	
4582	10	
4583	7	
4584	10	
4585	3	
4586	1	
4587	9	
4588	9	
4589	10	
4590	5	
4591	4	
4592	5	
4593	5	
4594	3	
4595	5	
4596	9	
4597	9	
4598	10	
4599	10	
4600	4	
4601	7	
4602	7	
4603	9	
4604	4	
4605	4	
4606	1	
4607	10	
4608	4	
4609	8	
4610	5	
4611	7	
4612	4	
4613	6	
4614	3	
4615	7	
4616	5	
4617	10	
4618	5	
4619	7	
4620	10	
4621	9	
4622	5	
4623	8	
4624	5	
4625	1	
4626	6	
4627	6	
4628	10	
4629	6	
4630	5	
4631	4	
4632	9	
4633	7	
4634	8	
4635	3	
4636	3	
4637	7	
4638	9	
4639	10	
4640	1	
4641	4	
4642	2	
4643	3	
4644	6	
4645	8	
4646	7	
4647	1	
4648	2	
4649	10	
4650	9	
4651	8	
4652	9	
4653	3	
4654	1	
4655	8	
4656	8	
4657	9	
4658	4	
4659	9	
4660	1	
4661	8	
4662	5	
4663	2	
4664	10	
4665	9	
4666	3	
4667	3	
4668	2	
4669	10	
4670	6	
4671	6	
4672	8	
4673	3	
4674	9	
4675	8	
4676	9	
4677	2	
4678	4	
4679	4	
4680	3	
4681	7	
4682	4	
4683	1	
4684	7	
4685	3	
4686	4	
4687	10	
4688	3	
4689	2	
4690	2	
4691	3	
4692	1	
4693	1	
4694	3	
4695	5	
4696	7	
4697	8	
4698	1	
4699	9	
4700	8	
4701	10	
4702	9	
4703	4	
4704	10	
4705	8	
4706	4	
4707	5	
4708	2	
4709	9	
4710	4	
4711	10	
4712	4	
4713	10	
4714	7	
4715	5	
4716	1	
4717	9	
4718	5	
4719	2	
4720	7	
4721	7	
4722	5	
4723	9	
4724	4	
4725	8	
4726	2	
4727	7	
4728	5	
4729	8	
4730	3	
4731	8	
4732	8	
4733	6	
4734	8	
4735	4	
4736	7	
4737	9	
4738	10	
4739	1	
4740	3	
4741	7	
4742	4	
4743	5	
4744	8	
4745	6	
4746	8	
4747	10	
4748	7	
4749	4	
4750	5	
4751	10	
4752	7	
4753	7	
4754	2	
4755	2	
4756	7	
4757	10	
4758	9	
4759	7	
4760	3	
4761	8	
4762	4	
4763	2	
4764	2	
4765	9	
4766	2	
4767	10	
4768	10	
4769	2	
4770	10	
4771	5	
4772	2	
4773	3	
4774	10	
4775	7	
4776	9	
4777	9	
4778	4	
4779	1	
4780	9	
4781	3	
4782	4	
4783	9	
4784	1	
4785	6	
4786	1	
4787	10	
4788	5	
4789	6	
4790	10	
4791	6	
4792	3	
4793	5	
4794	7	
4795	7	
4796	9	
4797	9	
4798	2	
4799	6	
4800	10	
4801	9	
4802	3	
4803	3	
4804	4	
4805	2	
4806	5	
4807	1	
4808	5	
4809	4	
4810	8	
4811	2	
4812	8	
4813	1	
4814	1	
4815	5	
4816	2	
4817	3	
4818	1	
4819	9	
4820	9	
4821	7	
4822	10	
4823	3	
4824	6	
4825	10	
4826	4	
4827	10	
4828	4	
4829	3	
4830	6	
4831	3	
4832	3	
4833	8	
4834	2	
4835	10	
4836	6	
4837	5	
4838	2	
4839	8	
4840	8	
4841	10	
4842	4	
4843	7	
4844	10	
4845	2	
4846	2	
4847	8	
4848	1	
4849	7	
4850	1	
4851	10	
4852	4	
4853	1	
4854	2	
4855	7	
4856	10	
4857	10	
4858	10	
4859	7	
4860	8	
4861	2	
4862	5	
4863	3	
4864	5	
4865	9	
4866	9	
4867	7	
4868	1	
4869	3	
4870	3	
4871	3	
4872	10	
4873	8	
4874	1	
4875	2	
4876	9	
4877	7	
4878	8	
4879	9	
4880	9	
4881	3	
4882	6	
4883	1	
4884	2	
4885	10	
4886	7	
4887	2	
4888	9	
4889	9	
4890	10	
4891	2	
4892	7	
4893	4	
4894	6	
4895	7	
4896	2	
4897	1	
4898	1	
4899	10	
4900	6	
4901	4	
4902	5	
4903	9	
4904	2	
4905	1	
4906	3	
4907	7	
4908	4	
4909	1	
4910	1	
4911	6	
4912	3	
4913	1	
4914	1	
4915	10	
4916	4	
4917	7	
4918	10	
4919	9	
4920	5	
4921	2	
4922	4	
4923	5	
4924	10	
4925	10	
4926	1	
4927	10	
4928	4	
4929	9	
4930	5	
4931	9	
4932	7	
4933	9	
4934	5	
4935	6	
4936	10	
4937	9	
4938	4	
4939	6	
4940	6	
4941	5	
4942	1	
4943	7	
4944	3	
4945	10	
4946	4	
4947	2	
4948	3	
4949	2	
4950	5	
4951	9	
4952	9	
4953	2	
4954	3	
4955	10	
4956	8	
4957	7	
4958	9	
4959	4	
4960	1	
4961	9	
4962	1	
4963	5	
4964	3	
4965	3	
4966	1	
4967	9	
4968	2	
4969	9	
4970	6	
4971	10	
4972	5	
4973	2	
4974	4	
4975	2	
4976	8	
4977	7	
4978	7	
4979	4	
4980	5	
4981	10	
4982	9	
4983	4	
4984	4	
4985	3	
4986	6	
4987	8	
4988	1	
4989	6	
4990	5	
4991	8	
4992	8	
4993	2	
4994	2	
4995	4	
4996	7	
4997	8	
4998	8	
4999	3	
5000	1	
5001	10	
5002	1	
5003	4	
5004	4	
5005	4	
5006	10	
5007	5	
5008	7	
5009	8	
5010	3	
5011	2	
5012	4	
5013	1	
5014	9	
5015	3	
5016	9	
5017	10	
5018	10	
5019	3	
5020	5	
5021	2	
5022	10	
5023	7	
5024	3	
5025	7	
5026	9	
5027	10	
5028	2	
5029	1	
5030	1	
5031	8	
5032	3	
5033	9	
5034	1	
5035	6	
5036	8	
5037	8	
5038	2	
5039	10	
5040	6	
5041	4	
5042	6	
5043	1	
5044	6	
5045	9	
5046	1	
5047	1	
5048	7	
5049	6	
5050	4	
5051	7	
5052	1	
5053	1	
5054	5	
5055	5	
5056	2	
5057	3	
5058	1	
5059	6	
5060	1	
5061	1	
5062	9	
5063	9	
5064	10	
5065	8	
5066	1	
5067	3	
5068	2	
5069	9	
5070	10	
5071	8	
5072	8	
5073	4	
5074	4	
5075	10	
5076	1	
5077	9	
5078	2	
5079	5	
5080	9	
5081	4	
5082	6	
5083	3	
5084	5	
5085	10	
5086	4	
5087	3	
5088	10	
5089	10	
5090	9	
5091	6	
5092	6	
5093	9	
5094	3	
5095	9	
5096	4	
5097	8	
5098	2	
5099	6	
5100	8	
5101	5	
5102	2	
5103	10	
5104	2	
5105	9	
5106	8	
5107	8	
5108	9	
5109	8	
5110	3	
5111	3	
5112	7	
5113	5	
5114	1	
5115	1	
5116	7	
5117	4	
5118	2	
5119	7	
5120	9	
5121	3	
5122	7	
5123	8	
5124	10	
5125	4	
5126	5	
5127	9	
5128	9	
5129	2	
5130	10	
5131	8	
5132	9	
5133	1	
5134	1	
5135	10	
5136	4	
5137	8	
5138	3	
5139	5	
5140	7	
5141	3	
5142	5	
5143	4	
5144	4	
5145	9	
5146	10	
5147	9	
5148	6	
5149	4	
5150	8	
5151	1	
5152	5	
5153	7	
5154	4	
5155	10	
5156	8	
5157	10	
5158	8	
5159	4	
5160	6	
5161	8	
5162	2	
5163	9	
5164	4	
5165	6	
5166	5	
5167	7	
5168	3	
5169	8	
5170	7	
5171	4	
5172	9	
5173	9	
5174	7	
5175	9	
5176	5	
5177	5	
5178	1	
5179	3	
5180	2	
5181	4	
5182	5	
5183	3	
5184	6	
5185	9	
5186	9	
5187	6	
5188	2	
5189	6	
5190	1	
5191	4	
5192	1	
5193	8	
5194	9	
5195	4	
5196	3	
5197	7	
5198	4	
5199	2	
5200	7	
5201	5	
5202	3	
5203	10	
5204	9	
5205	6	
5206	5	
5207	8	
5208	4	
5209	8	
5210	5	
5211	3	
5212	1	
5213	9	
5214	6	
5215	7	
5216	8	
5217	10	
5218	2	
5219	8	
5220	9	
5221	3	
5222	4	
5223	6	
5224	4	
5225	6	
5226	6	
5227	4	
5228	9	
5229	10	
5230	8	
5231	4	
5232	8	
5233	5	
5234	4	
5235	3	
5236	8	
5237	1	
5238	1	
5239	5	
5240	10	
5241	2	
5242	9	
5243	6	
5244	9	
5245	2	
5246	7	
5247	9	
5248	6	
5249	4	
5250	8	
5251	1	
5252	6	
5253	1	
5254	10	
5255	5	
5256	2	
5257	8	
5258	7	
5259	6	
5260	1	
5261	4	
5262	7	
5263	10	
5264	4	
5265	5	
5266	5	
5267	4	
5268	10	
5269	3	
5270	3	
5271	9	
5272	8	
5273	8	
5274	8	
5275	2	
5276	10	
5277	7	
5278	3	
5279	1	
5280	6	
5281	6	
5282	8	
5283	4	
5284	5	
5285	1	
5286	6	
5287	1	
5288	10	
5289	8	
5290	3	
5291	9	
5292	6	
5293	8	
5294	6	
5295	4	
5296	7	
5297	9	
5298	2	
5299	4	
5300	1	
5301	1	
5302	8	
5303	8	
5304	6	
5305	5	
5306	9	
5307	7	
5308	8	
5309	10	
5310	1	
5311	1	
5312	3	
5313	7	
5314	5	
5315	7	
5316	1	
5317	2	
5318	5	
5319	7	
5320	5	
5321	9	
5322	9	
5323	5	
5324	7	
5325	4	
5326	9	
5327	3	
5328	1	
5329	5	
5330	2	
5331	10	
5332	9	
5333	4	
5334	6	
5335	2	
5336	3	
5337	4	
5338	6	
5339	2	
5340	4	
5341	9	
5342	7	
5343	10	
5344	8	
5345	3	
5346	10	
5347	7	
5348	7	
5349	9	
5350	6	
5351	9	
5352	10	
5353	3	
5354	10	
5355	8	
5356	4	
5357	6	
5358	8	
5359	4	
5360	1	
5361	9	
5362	10	
5363	7	
5364	8	
5365	8	
5366	8	
5367	8	
5368	8	
5369	1	
5370	8	
5371	5	
5372	5	
5373	4	
5374	6	
5375	6	
5376	1	
5377	5	
5378	9	
5379	1	
5380	4	
5381	3	
5382	3	
5383	9	
5384	6	
5385	5	
5386	1	
5387	7	
5388	8	
5389	7	
5390	2	
5391	5	
5392	8	
5393	1	
5394	2	
5395	5	
5396	9	
5397	3	
5398	8	
5399	5	
5400	6	
5401	9	
5402	2	
5403	6	
5404	7	
5405	5	
5406	5	
5407	6	
5408	9	
5409	4	
5410	1	
5411	2	
5412	1	
5413	2	
5414	1	
5415	3	
5416	7	
5417	6	
5418	10	
5419	8	
5420	6	
5421	3	
5422	5	
5423	9	
5424	2	
5425	4	
5426	7	
5427	7	
5428	6	
5429	7	
5430	5	
5431	2	
5432	8	
5433	7	
5434	4	
5435	4	
5436	7	
5437	3	
5438	4	
5439	7	
5440	7	
5441	6	
5442	1	
5443	4	
5444	4	
5445	3	
5446	5	
5447	10	
5448	6	
5449	4	
5450	1	
5451	2	
5452	3	
5453	2	
5454	7	
5455	9	
5456	8	
5457	4	
5458	1	
5459	4	
5460	5	
5461	3	
5462	9	
5463	8	
5464	6	
5465	9	
5466	3	
5467	2	
5468	10	
5469	10	
5470	6	
5471	1	
5472	7	
5473	8	
5474	7	
5475	6	
5476	10	
5477	5	
5478	10	
5479	5	
5480	2	
5481	4	
5482	9	
5483	5	
5484	5	
5485	5	
5486	2	
5487	8	
5488	9	
5489	9	
5490	8	
5491	9	
5492	9	
5493	1	
5494	8	
5495	2	
5496	7	
5497	5	
5498	10	
5499	4	
5500	7	
5501	6	
5502	6	
5503	5	
5504	6	
5505	2	
5506	6	
5507	5	
5508	10	
5509	4	
5510	2	
5511	7	
5512	7	
5513	1	
5514	8	
5515	3	
5516	3	
5517	4	
5518	2	
5519	3	
5520	6	
5521	4	
5522	8	
5523	9	
5524	2	
5525	10	
5526	4	
5527	4	
5528	10	
5529	10	
5530	10	
5531	1	
5532	10	
5533	10	
5534	1	
5535	4	
5536	9	
5537	6	
5538	7	
5539	10	
5540	7	
5541	3	
5542	2	
5543	5	
5544	4	
5545	1	
5546	3	
5547	3	
5548	10	
5549	5	
5550	8	
5551	8	
5552	5	
5553	1	
5554	6	
5555	2	
5556	4	
5557	8	
5558	3	
5559	10	
5560	6	
5561	8	
5562	6	
5563	2	
5564	10	
5565	2	
5566	10	
5567	4	
5568	3	
5569	2	
5570	7	
5571	2	
5572	8	
5573	7	
5574	7	
5575	8	
5576	2	
5577	3	
5578	10	
5579	2	
5580	8	
5581	2	
5582	10	
5583	8	
5584	3	
5585	2	
5586	1	
5587	4	
5588	9	
5589	8	
5590	9	
5591	6	
5592	2	
5593	7	
5594	2	
5595	3	
5596	2	
5597	3	
5598	7	
5599	2	
5600	1	
5601	8	
5602	6	
5603	7	
5604	3	
5605	9	
5606	9	
5607	8	
5608	2	
5609	10	
5610	5	
5611	7	
5612	1	
5613	3	
5614	8	
5615	10	
5616	9	
5617	2	
5618	10	
5619	2	
5620	5	
5621	7	
5622	7	
5623	3	
5624	2	
5625	2	
5626	9	
5627	3	
5628	7	
5629	1	
5630	9	
5631	9	
5632	3	
5633	6	
5634	5	
5635	4	
5636	5	
5637	8	
5638	10	
5639	3	
5640	1	
5641	1	
5642	5	
5643	3	
5644	3	
5645	4	
5646	7	
5647	2	
5648	8	
5649	8	
5650	4	
5651	6	
5652	7	
5653	8	
5654	2	
5655	5	
5656	6	
5657	3	
5658	8	
5659	4	
5660	2	
5661	10	
5662	1	
5663	6	
5664	10	
5665	2	
5666	5	
5667	2	
5668	9	
5669	8	
5670	4	
5671	2	
5672	9	
5673	7	
5674	9	
5675	8	
5676	4	
5677	6	
5678	1	
5679	5	
5680	9	
5681	2	
5682	2	
5683	8	
5684	5	
5685	8	
5686	10	
5687	5	
5688	7	
5689	10	
5690	7	
5691	2	
5692	1	
5693	1	
5694	8	
5695	2	
5696	1	
5697	6	
5698	4	
5699	7	
5700	9	
5701	10	
5702	1	
5703	1	
5704	1	
5705	2	
5706	4	
5707	9	
5708	8	
5709	2	
5710	8	
5711	8	
5712	10	
5713	7	
5714	8	
5715	1	
5716	9	
5717	5	
5718	2	
5719	10	
5720	5	
5721	5	
5722	9	
5723	9	
5724	3	
5725	7	
5726	7	
5727	9	
5728	2	
5729	3	
5730	8	
5731	6	
5732	2	
5733	7	
5734	1	
5735	2	
5736	6	
5737	7	
5738	7	
5739	5	
5740	2	
5741	10	
5742	2	
5743	2	
5744	8	
5745	8	
5746	10	
5747	2	
5748	6	
5749	4	
5750	3	
5751	4	
5752	6	
5753	2	
5754	7	
5755	10	
5756	5	
5757	1	
5758	6	
5759	8	
5760	2	
5761	7	
5762	6	
5763	8	
5764	7	
5765	9	
5766	9	
5767	3	
5768	2	
5769	3	
5770	4	
5771	3	
5772	6	
5773	5	
5774	9	
5775	4	
5776	2	
5777	10	
5778	7	
5779	1	
5780	2	
5781	6	
5782	8	
5783	10	
5784	9	
5785	6	
5786	6	
5787	4	
5788	7	
5789	6	
5790	7	
5791	8	
5792	10	
5793	9	
5794	8	
5795	6	
5796	2	
5797	1	
5798	7	
5799	4	
5800	6	
5801	5	
5802	10	
5803	8	
5804	9	
5805	2	
5806	4	
5807	6	
5808	10	
5809	7	
5810	9	
5811	9	
5812	9	
5813	6	
5814	1	
5815	1	
5816	9	
5817	1	
5818	9	
5819	8	
5820	2	
5821	10	
5822	9	
5823	6	
5824	3	
5825	4	
5826	4	
5827	5	
5828	4	
5829	10	
5830	5	
5831	8	
5832	7	
5833	10	
5834	8	
5835	6	
5836	10	
5837	6	
5838	3	
5839	5	
5840	7	
5841	4	
5842	9	
5843	5	
5844	7	
5845	9	
5846	3	
5847	4	
5848	8	
5849	9	
5850	4	
5851	7	
5852	1	
5853	6	
5854	10	
5855	7	
5856	4	
5857	8	
5858	9	
5859	1	
5860	5	
5861	7	
5862	6	
5863	1	
5864	6	
5865	6	
5866	9	
5867	4	
5868	1	
5869	1	
5870	6	
5871	6	
5872	8	
5873	10	
5874	9	
5875	8	
5876	4	
5877	7	
5878	5	
5879	4	
5880	7	
5881	7	
5882	2	
5883	1	
5884	1	
5885	7	
5886	3	
5887	9	
5888	3	
5889	6	
5890	5	
5891	5	
5892	9	
5893	7	
5894	8	
5895	8	
5896	5	
5897	9	
5898	8	
5899	5	
5900	7	
5901	6	
5902	10	
5903	7	
5904	9	
5905	1	
5906	9	
5907	6	
5908	5	
5909	1	
5910	8	
5911	1	
5912	7	
5913	9	
5914	6	
5915	5	
5916	1	
5917	1	
5918	8	
5919	6	
5920	5	
5921	9	
5922	8	
5923	10	
5924	2	
5925	4	
5926	3	
5927	9	
5928	3	
5929	4	
5930	7	
5931	9	
5932	7	
5933	4	
5934	5	
5935	9	
5936	9	
5937	2	
5938	4	
5939	4	
5940	8	
5941	6	
5942	1	
5943	7	
5944	7	
5945	5	
5946	3	
5947	2	
5948	1	
5949	5	
5950	1	
5951	5	
5952	7	
5953	10	
5954	6	
5955	10	
5956	2	
5957	3	
5958	4	
5959	3	
5960	9	
5961	7	
5962	9	
5963	3	
5964	3	
5965	10	
5966	7	
5967	7	
5968	10	
5969	6	
5970	3	
5971	1	
5972	9	
5973	4	
5974	10	
5975	8	
5976	3	
5977	3	
5978	5	
5979	6	
5980	2	
5981	2	
5982	7	
5983	8	
5984	3	
5985	6	
5986	1	
5987	8	
5988	1	
5989	5	
5990	6	
5991	2	
5992	6	
5993	9	
5994	1	
5995	6	
5996	2	
5997	9	
5998	2	
5999	6	
6000	8	
6001	10	
6002	9	
6003	3	
6004	7	
6005	6	
6006	2	
6007	9	
6008	4	
6009	9	
6010	5	
6011	10	
6012	3	
6013	9	
6014	7	
6015	8	
6016	10	
6017	5	
6018	2	
6019	3	
6020	1	
6021	2	
6022	5	
6023	4	
6024	5	
6025	8	
6026	9	
6027	2	
6028	1	
6029	9	
6030	4	
6031	6	
6032	5	
6033	7	
6034	5	
6035	3	
6036	8	
6037	1	
6038	8	
6039	6	
6040	5	
6041	3	
6042	8	
6043	1	
6044	8	
6045	9	
6046	4	
6047	1	
6048	7	
6049	9	
6050	7	
6051	10	
6052	10	
6053	7	
6054	6	
6055	1	
6056	6	
6057	4	
6058	8	
6059	4	
6060	5	
6061	1	
6062	8	
6063	4	
6064	5	
6065	7	
6066	5	
6067	6	
6068	8	
6069	5	
6070	10	
6071	2	
6072	7	
6073	10	
6074	6	
6075	8	
6076	6	
6077	4	
6078	3	
6079	3	
6080	3	
6081	9	
6082	6	
6083	4	
6084	1	
6085	1	
6086	8	
6087	10	
6088	8	
6089	8	
6090	7	
6091	5	
6092	1	
6093	10	
6094	4	
6095	3	
6096	4	
6097	3	
6098	2	
6099	9	
6100	1	
6101	9	
6102	3	
6103	1	
6104	2	
6105	7	
6106	8	
6107	8	
6108	2	
6109	3	
6110	8	
6111	3	
6112	1	
6113	1	
6114	10	
6115	3	
6116	2	
6117	9	
6118	6	
6119	8	
6120	10	
6121	3	
6122	9	
6123	8	
6124	3	
6125	10	
6126	8	
6127	8	
6128	9	
6129	4	
6130	3	
6131	7	
6132	1	
6133	8	
6134	4	
6135	2	
6136	3	
6137	10	
6138	7	
6139	5	
6140	5	
6141	9	
6142	10	
6143	6	
6144	5	
6145	4	
6146	10	
6147	8	
6148	4	
6149	6	
6150	4	
6151	2	
6152	6	
6153	6	
6154	2	
6155	6	
6156	4	
6157	4	
6158	5	
6159	10	
6160	5	
6161	6	
6162	2	
6163	10	
6164	9	
6165	5	
6166	6	
6167	9	
6168	3	
6169	4	
6170	2	
6171	6	
6172	9	
6173	7	
6174	10	
6175	9	
6176	2	
6177	2	
6178	1	
6179	6	
6180	4	
6181	2	
6182	1	
6183	1	
6184	7	
6185	8	
6186	9	
6187	6	
6188	7	
6189	5	
6190	3	
6191	3	
6192	4	
6193	6	
6194	8	
6195	5	
6196	1	
6197	7	
6198	9	
6199	2	
6200	10	
6201	4	
6202	10	
6203	2	
6204	3	
6205	3	
6206	9	
6207	3	
6208	9	
6209	9	
6210	8	
6211	9	
6212	10	
6213	4	
6214	8	
6215	7	
6216	2	
6217	3	
6218	3	
6219	4	
6220	3	
6221	10	
6222	4	
6223	6	
6224	3	
6225	5	
6226	3	
6227	5	
6228	1	
6229	10	
6230	2	
6231	5	
6232	2	
6233	3	
6234	10	
6235	5	
6236	4	
6237	2	
6238	2	
6239	2	
6240	1	
6241	6	
6242	6	
6243	10	
6244	5	
6245	3	
6246	3	
6247	3	
6248	6	
6249	4	
6250	4	
6251	10	
6252	2	
6253	6	
6254	8	
6255	8	
6256	3	
6257	8	
6258	3	
6259	9	
6260	10	
6261	7	
6262	10	
6263	10	
6264	3	
6265	6	
6266	8	
6267	6	
6268	4	
6269	7	
6270	9	
6271	3	
6272	10	
6273	4	
6274	1	
6275	2	
6276	4	
6277	1	
6278	1	
6279	4	
6280	8	
6281	2	
6282	8	
6283	4	
6284	9	
6285	1	
6286	1	
6287	3	
6288	5	
6289	2	
6290	8	
6291	2	
6292	8	
6293	3	
6294	5	
6295	1	
6296	9	
6297	5	
6298	10	
6299	8	
6300	7	
6301	8	
6302	4	
6303	1	
6304	3	
6305	6	
6306	8	
6307	7	
6308	8	
6309	5	
6310	7	
6311	10	
6312	6	
6313	10	
6314	3	
6315	7	
6316	3	
6317	5	
6318	2	
6319	6	
6320	9	
6321	5	
6322	2	
6323	4	
6324	1	
6325	7	
6326	7	
6327	1	
6328	6	
6329	5	
6330	1	
6331	8	
6332	8	
6333	3	
6334	4	
6335	9	
6336	9	
6337	9	
6338	8	
6339	2	
6340	3	
6341	10	
6342	4	
6343	8	
6344	1	
6345	4	
6346	8	
6347	3	
6348	4	
6349	10	
6350	5	
6351	6	
6352	6	
6353	4	
6354	7	
6355	7	
6356	1	
6357	2	
6358	1	
6359	3	
6360	7	
6361	9	
6362	5	
6363	9	
6364	5	
6365	4	
6366	5	
6367	8	
6368	8	
6369	5	
6370	7	
6371	5	
6372	2	
6373	7	
6374	7	
6375	7	
6376	4	
6377	1	
6378	4	
6379	5	
6380	8	
6381	9	
6382	10	
6383	6	
6384	5	
6385	2	
6386	9	
6387	2	
6388	6	
6389	8	
6390	9	
6391	9	
6392	4	
6393	7	
6394	4	
6395	9	
6396	10	
6397	7	
6398	6	
6399	4	
6400	8	
6401	3	
6402	6	
6403	8	
6404	6	
6405	7	
6406	2	
6407	2	
6408	5	
6409	10	
6410	1	
6411	8	
6412	3	
6413	10	
6414	2	
6415	3	
6416	7	
6417	5	
6418	8	
6419	5	
6420	5	
6421	10	
6422	7	
6423	2	
6424	10	
6425	4	
6426	2	
6427	5	
6428	4	
6429	4	
6430	1	
6431	9	
6432	7	
6433	4	
6434	4	
6435	5	
6436	5	
6437	10	
6438	6	
6439	6	
6440	7	
6441	3	
6442	4	
6443	2	
6444	1	
6445	2	
6446	3	
6447	3	
6448	3	
6449	4	
6450	7	
6451	6	
6452	2	
6453	9	
6454	2	
6455	5	
6456	2	
6457	1	
6458	7	
6459	4	
6460	5	
6461	10	
6462	6	
6463	4	
6464	9	
6465	5	
6466	10	
6467	10	
6468	7	
6469	5	
6470	8	
6471	3	
6472	3	
6473	6	
6474	8	
6475	8	
6476	10	
6477	3	
6478	5	
6479	1	
6480	9	
6481	6	
6482	6	
6483	8	
6484	3	
6485	3	
6486	3	
6487	5	
6488	4	
6489	9	
6490	4	
6491	10	
6492	9	
6493	7	
6494	2	
6495	9	
6496	2	
6497	5	
6498	8	
6499	4	
6500	4	
6501	7	
6502	7	
6503	10	
6504	2	
6505	1	
6506	2	
6507	5	
6508	9	
6509	2	
6510	6	
6511	8	
6512	8	
6513	4	
6514	2	
6515	6	
6516	9	
6517	7	
6518	9	
6519	8	
6520	7	
6521	10	
6522	7	
6523	6	
6524	6	
6525	8	
6526	2	
6527	8	
6528	7	
6529	8	
6530	9	
6531	1	
6532	9	
6533	10	
6534	3	
6535	2	
6536	9	
6537	8	
6538	4	
6539	1	
6540	10	
6541	1	
6542	10	
6543	8	
6544	9	
6545	3	
6546	10	
6547	2	
6548	2	
6549	10	
6550	7	
6551	9	
6552	10	
6553	7	
6554	4	
6555	7	
6556	2	
6557	3	
6558	9	
6559	4	
6560	4	
6561	5	
6562	4	
6563	5	
6564	1	
6565	1	
6566	9	
6567	9	
6568	6	
6569	1	
6570	5	
6571	5	
6572	1	
6573	2	
6574	10	
6575	8	
6576	2	
6577	7	
6578	8	
6579	1	
6580	4	
6581	8	
6582	6	
6583	9	
6584	1	
6585	3	
6586	2	
6587	6	
6588	7	
6589	3	
6590	2	
6591	2	
6592	5	
6593	5	
6594	6	
6595	7	
6596	8	
6597	9	
6598	6	
6599	8	
6600	6	
6601	1	
6602	8	
6603	3	
6604	5	
6605	9	
6606	10	
6607	3	
6608	6	
6609	3	
6610	3	
6611	6	
6612	10	
6613	4	
6614	10	
6615	5	
6616	7	
6617	7	
6618	7	
6619	10	
6620	2	
6621	8	
6622	9	
6623	4	
6624	5	
6625	2	
6626	2	
6627	6	
6628	9	
6629	7	
6630	6	
6631	7	
6632	8	
6633	10	
6634	8	
6635	5	
6636	2	
6637	10	
6638	2	
6639	2	
6640	6	
6641	8	
6642	6	
6643	10	
6644	5	
6645	1	
6646	3	
6647	8	
6648	3	
6649	2	
6650	9	
6651	9	
6652	2	
6653	6	
6654	1	
6655	9	
6656	6	
6657	5	
6658	8	
6659	5	
6660	5	
6661	4	
6662	8	
6663	8	
6664	4	
6665	1	
6666	10	
6667	5	
6668	3	
6669	1	
6670	7	
6671	2	
6672	3	
6673	7	
6674	5	
6675	9	
6676	1	
6677	10	
6678	7	
6679	4	
6680	6	
6681	8	
6682	10	
6683	8	
6684	9	
6685	9	
6686	7	
6687	2	
6688	2	
6689	7	
6690	9	
6691	5	
6692	1	
6693	2	
6694	9	
6695	9	
6696	1	
6697	3	
6698	2	
6699	1	
6700	2	
6701	3	
6702	9	
6703	7	
6704	9	
6705	6	
6706	3	
6707	6	
6708	3	
6709	4	
6710	9	
6711	6	
6712	9	
6713	10	
6714	6	
6715	4	
6716	2	
6717	10	
6718	6	
6719	6	
6720	5	
6721	9	
6722	8	
6723	7	
6724	9	
6725	4	
6726	2	
6727	5	
6728	6	
6729	10	
6730	7	
6731	5	
6732	9	
6733	7	
6734	6	
6735	2	
6736	5	
6737	6	
6738	7	
6739	4	
6740	4	
6741	7	
6742	9	
6743	7	
6744	6	
6745	9	
6746	2	
6747	3	
6748	4	
6749	4	
6750	1	
6751	3	
6752	1	
6753	1	
6754	3	
6755	7	
6756	4	
6757	9	
6758	6	
6759	9	
6760	10	
6761	3	
6762	6	
6763	8	
6764	9	
6765	3	
6766	2	
6767	2	
6768	4	
6769	8	
6770	8	
6771	9	
6772	2	
6773	2	
6774	10	
6775	9	
6776	8	
6777	5	
6778	10	
6779	6	
6780	8	
6781	10	
6782	2	
6783	2	
6784	7	
6785	6	
6786	5	
6787	10	
6788	7	
6789	1	
6790	4	
6791	6	
6792	4	
6793	5	
6794	9	
6795	7	
6796	9	
6797	2	
6798	1	
6799	1	
6800	8	
6801	8	
6802	9	
6803	8	
6804	10	
6805	2	
6806	9	
6807	7	
6808	2	
6809	3	
6810	4	
6811	10	
6812	10	
6813	9	
6814	9	
6815	6	
6816	5	
6817	5	
6818	3	
6819	1	
6820	3	
6821	1	
6822	10	
6823	7	
6824	2	
6825	6	
6826	5	
6827	10	
6828	8	
6829	3	
6830	10	
6831	8	
6832	1	
6833	9	
6834	2	
6835	10	
6836	7	
6837	2	
6838	2	
6839	2	
6840	5	
6841	6	
6842	5	
6843	4	
6844	9	
6845	9	
6846	3	
6847	2	
6848	4	
6849	8	
6850	4	
6851	2	
6852	2	
6853	6	
6854	2	
6855	1	
6856	3	
6857	1	
6858	3	
6859	4	
6860	1	
6861	3	
6862	5	
6863	6	
6864	4	
6865	10	
6866	8	
6867	10	
6868	8	
6869	3	
6870	6	
6871	6	
6872	8	
6873	3	
6874	3	
6875	9	
6876	4	
6877	1	
6878	2	
6879	4	
6880	1	
6881	7	
6882	9	
6883	6	
6884	5	
6885	5	
6886	7	
6887	6	
6888	2	
6889	7	
6890	9	
6891	6	
6892	6	
6893	2	
6894	8	
6895	8	
6896	3	
6897	6	
6898	4	
6899	5	
6900	4	
6901	1	
6902	6	
6903	2	
6904	9	
6905	9	
6906	10	
6907	1	
6908	8	
6909	4	
6910	3	
6911	7	
6912	8	
6913	1	
6914	2	
6915	4	
6916	5	
6917	1	
6918	5	
6919	4	
6920	7	
6921	3	
6922	4	
6923	9	
6924	10	
6925	9	
6926	6	
6927	3	
6928	4	
6929	8	
6930	3	
6931	9	
6932	5	
6933	3	
6934	5	
6935	10	
6936	8	
6937	10	
6938	7	
6939	5	
6940	6	
6941	2	
6942	2	
6943	4	
6944	6	
6945	8	
6946	2	
6947	9	
6948	2	
6949	10	
6950	4	
6951	2	
6952	1	
6953	6	
6954	1	
6955	9	
6956	6	
6957	3	
6958	3	
6959	3	
6960	4	
6961	3	
6962	5	
6963	7	
6964	6	
6965	6	
6966	2	
6967	10	
6968	10	
6969	7	
6970	7	
6971	8	
6972	8	
6973	10	
6974	9	
6975	7	
6976	10	
6977	10	
6978	8	
6979	9	
6980	10	
6981	9	
6982	6	
6983	2	
6984	9	
6985	4	
6986	9	
6987	5	
6988	2	
6989	5	
6990	1	
6991	7	
6992	8	
6993	1	
6994	3	
6995	10	
6996	4	
6997	4	
6998	5	
6999	2	
7000	3	
7001	7	
7002	6	
7003	8	
7004	1	
7005	3	
7006	3	
7007	10	
7008	6	
7009	10	
7010	4	
7011	1	
7012	10	
7013	3	
7014	1	
7015	6	
7016	10	
7017	4	
7018	1	
7019	2	
7020	3	
7021	8	
7022	4	
7023	6	
7024	5	
7025	4	
7026	2	
7027	5	
7028	8	
7029	8	
7030	5	
7031	6	
7032	2	
7033	2	
7034	5	
7035	10	
7036	2	
7037	8	
7038	7	
7039	3	
7040	9	
7041	3	
7042	5	
7043	8	
7044	10	
7045	6	
7046	2	
7047	2	
7048	7	
7049	1	
7050	6	
7051	7	
7052	10	
7053	4	
7054	4	
7055	2	
7056	4	
7057	7	
7058	2	
7059	8	
7060	6	
7061	1	
7062	3	
7063	6	
7064	9	
7065	7	
7066	5	
7067	9	
7068	5	
7069	8	
7070	4	
7071	9	
7072	4	
7073	6	
7074	10	
7075	1	
7076	6	
7077	1	
7078	5	
7079	6	
7080	2	
7081	4	
7082	8	
7083	5	
7084	2	
7085	6	
7086	4	
7087	10	
7088	7	
7089	6	
7090	5	
7091	10	
7092	7	
7093	5	
7094	5	
7095	3	
7096	2	
7097	3	
7098	1	
7099	8	
7100	3	
7101	1	
7102	3	
7103	1	
7104	6	
7105	10	
7106	6	
7107	5	
7108	7	
7109	1	
7110	3	
7111	5	
7112	4	
7113	2	
7114	7	
7115	4	
7116	4	
7117	1	
7118	4	
7119	7	
7120	1	
7121	5	
7122	1	
7123	4	
7124	10	
7125	5	
7126	10	
7127	6	
7128	8	
7129	1	
7130	1	
7131	6	
7132	7	
7133	2	
7134	2	
7135	9	
7136	4	
7137	5	
7138	6	
7139	4	
7140	8	
7141	1	
7142	3	
7143	5	
7144	4	
7145	1	
7146	7	
7147	8	
7148	6	
7149	9	
7150	2	
7151	6	
7152	3	
7153	6	
7154	10	
7155	6	
7156	9	
7157	2	
7158	7	
7159	3	
7160	8	
7161	8	
7162	2	
7163	1	
7164	10	
7165	8	
7166	8	
7167	8	
7168	6	
7169	4	
7170	4	
7171	9	
7172	2	
7173	6	
7174	5	
7175	3	
7176	6	
7177	3	
7178	5	
7179	8	
7180	1	
7181	3	
7182	9	
7183	6	
7184	4	
7185	9	
7186	8	
7187	2	
7188	7	
7189	1	
7190	8	
7191	5	
7192	7	
7193	6	
7194	9	
7195	4	
7196	7	
7197	4	
7198	2	
7199	5	
7200	7	
7201	6	
7202	1	
7203	1	
7204	10	
7205	4	
7206	8	
7207	9	
7208	9	
7209	3	
7210	3	
7211	6	
7212	4	
7213	4	
7214	9	
7215	1	
7216	5	
7217	1	
7218	8	
7219	2	
7220	7	
7221	1	
7222	8	
7223	3	
7224	8	
7225	10	
7226	8	
7227	4	
7228	10	
7229	10	
7230	9	
7231	3	
7232	8	
7233	6	
7234	8	
7235	8	
7236	10	
7237	4	
7238	3	
7239	8	
7240	10	
7241	5	
7242	8	
7243	3	
7244	2	
7245	5	
7246	4	
7247	8	
7248	4	
7249	6	
7250	4	
7251	10	
7252	8	
7253	6	
7254	5	
7255	8	
7256	5	
7257	7	
7258	6	
7259	9	
7260	4	
7261	5	
7262	1	
7263	8	
7264	3	
7265	1	
7266	7	
7267	3	
7268	7	
7269	3	
7270	8	
7271	8	
7272	6	
7273	7	
7274	5	
7275	3	
7276	2	
7277	9	
7278	2	
7279	4	
7280	6	
7281	8	
7282	1	
7283	10	
7284	1	
7285	5	
7286	3	
7287	10	
7288	7	
7289	1	
7290	10	
7291	4	
7292	8	
7293	4	
7294	1	
7295	1	
7296	7	
7297	9	
7298	9	
7299	9	
7300	2	
7301	9	
7302	4	
7303	5	
7304	2	
7305	4	
7306	6	
7307	6	
7308	8	
7309	6	
7310	1	
7311	9	
7312	8	
7313	2	
7314	10	
7315	5	
7316	10	
7317	7	
7318	2	
7319	10	
7320	7	
7321	1	
7322	3	
7323	2	
7324	4	
7325	5	
7326	10	
7327	5	
7328	9	
7329	7	
7330	9	
7331	3	
7332	8	
7333	1	
7334	2	
7335	9	
7336	10	
7337	3	
7338	8	
7339	9	
7340	8	
7341	5	
7342	8	
7343	8	
7344	4	
7345	8	
7346	9	
7347	7	
7348	2	
7349	5	
7350	10	
7351	7	
7352	6	
7353	6	
7354	2	
7355	8	
7356	3	
7357	6	
7358	10	
7359	2	
7360	2	
7361	8	
7362	2	
7363	10	
7364	8	
7365	8	
7366	1	
7367	3	
7368	2	
7369	2	
7370	4	
7371	1	
7372	9	
7373	7	
7374	1	
7375	6	
7376	1	
7377	6	
7378	1	
7379	9	
7380	2	
7381	8	
7382	2	
7383	8	
7384	6	
7385	1	
7386	1	
7387	3	
7388	6	
7389	3	
7390	9	
7391	7	
7392	3	
7393	8	
7394	8	
7395	8	
7396	2	
7397	5	
7398	8	
7399	2	
7400	6	
7401	10	
7402	9	
7403	1	
7404	1	
7405	2	
7406	8	
7407	6	
7408	2	
7409	7	
7410	7	
7411	4	
7412	10	
7413	8	
7414	8	
7415	6	
7416	8	
7417	9	
7418	9	
7419	3	
7420	4	
7421	4	
7422	9	
7423	6	
7424	4	
7425	2	
7426	4	
7427	2	
7428	4	
7429	3	
7430	1	
7431	1	
7432	3	
7433	4	
7434	9	
7435	2	
7436	4	
7437	7	
7438	6	
7439	7	
7440	4	
7441	6	
7442	9	
7443	4	
7444	1	
7445	2	
7446	8	
7447	5	
7448	5	
7449	10	
7450	5	
7451	5	
7452	9	
7453	3	
7454	5	
7455	7	
7456	4	
7457	3	
7458	3	
7459	3	
7460	9	
7461	2	
7462	7	
7463	9	
7464	3	
7465	7	
7466	7	
7467	8	
7468	7	
7469	7	
7470	9	
7471	5	
7472	7	
7473	5	
7474	4	
7475	2	
7476	8	
7477	7	
7478	9	
7479	2	
7480	1	
7481	5	
7482	9	
7483	4	
7484	2	
7485	1	
7486	2	
7487	6	
7488	2	
7489	9	
7490	9	
7491	3	
7492	5	
7493	1	
7494	1	
7495	6	
7496	5	
7497	9	
7498	2	
7499	2	
7500	1	
7501	4	
7502	1	
7503	1	
7504	10	
7505	1	
7506	7	
7507	5	
7508	6	
7509	9	
7510	2	
7511	2	
7512	8	
7513	5	
7514	2	
7515	7	
7516	6	
7517	8	
7518	8	
7519	3	
7520	4	
7521	5	
7522	2	
7523	5	
7524	5	
7525	7	
7526	9	
7527	1	
7528	5	
7529	9	
7530	2	
7531	1	
7532	6	
7533	1	
7534	10	
7535	10	
7536	6	
7537	1	
7538	3	
7539	9	
7540	6	
7541	5	
7542	2	
7543	1	
7544	10	
7545	8	
7546	5	
7547	4	
7548	3	
7549	3	
7550	10	
7551	8	
7552	5	
7553	5	
7554	9	
7555	6	
7556	9	
7557	8	
7558	4	
7559	1	
7560	8	
7561	6	
7562	5	
7563	4	
7564	1	
7565	6	
7566	6	
7567	8	
7568	7	
7569	8	
7570	9	
7571	3	
7572	2	
7573	6	
7574	10	
7575	6	
7576	2	
7577	3	
7578	1	
7579	6	
7580	3	
7581	5	
7582	5	
7583	7	
7584	10	
7585	1	
7586	4	
7587	5	
7588	1	
7589	9	
7590	5	
7591	10	
7592	4	
7593	10	
7594	9	
7595	10	
7596	7	
7597	3	
7598	2	
7599	4	
7600	3	
7601	6	
7602	3	
7603	6	
7604	9	
7605	10	
7606	8	
7607	8	
7608	3	
7609	1	
7610	7	
7611	6	
7612	9	
7613	4	
7614	4	
7615	8	
7616	8	
7617	5	
7618	7	
7619	8	
7620	6	
7621	1	
7622	1	
7623	1	
7624	5	
7625	4	
7626	5	
7627	5	
7628	1	
7629	8	
7630	8	
7631	7	
7632	7	
7633	8	
7634	10	
7635	9	
7636	10	
7637	4	
7638	5	
7639	4	
7640	7	
7641	7	
7642	7	
7643	8	
7644	9	
7645	3	
7646	5	
7647	10	
7648	8	
7649	7	
7650	7	
7651	2	
7652	3	
7653	3	
7654	5	
7655	5	
7656	5	
7657	6	
7658	6	
7659	10	
7660	1	
7661	1	
7662	8	
7663	6	
7664	7	
7665	5	
7666	5	
7667	3	
7668	5	
7669	7	
7670	6	
7671	4	
7672	7	
7673	5	
7674	6	
7675	5	
7676	7	
7677	1	
7678	1	
7679	1	
7680	10	
7681	3	
7682	8	
7683	10	
7684	9	
7685	4	
7686	3	
7687	9	
7688	10	
7689	6	
7690	4	
7691	8	
7692	2	
7693	3	
7694	3	
7695	6	
7696	3	
7697	1	
7698	9	
7699	6	
7700	7	
7701	4	
7702	10	
7703	5	
7704	2	
7705	8	
7706	7	
7707	2	
7708	4	
7709	2	
7710	7	
7711	10	
7712	7	
7713	10	
7714	10	
7715	8	
7716	1	
7717	2	
7718	6	
7719	2	
7720	3	
7721	4	
7722	6	
7723	1	
7724	9	
7725	2	
7726	9	
7727	1	
7728	10	
7729	1	
7730	6	
7731	7	
7732	7	
7733	8	
7734	2	
7735	8	
7736	3	
7737	9	
7738	4	
7739	8	
7740	10	
7741	3	
7742	10	
7743	2	
7744	8	
7745	1	
7746	5	
7747	10	
7748	7	
7749	8	
7750	7	
7751	8	
7752	8	
7753	10	
7754	3	
7755	2	
7756	6	
7757	6	
7758	10	
7759	6	
7760	3	
7761	4	
7762	7	
7763	5	
7764	4	
7765	1	
7766	4	
7767	7	
7768	6	
7769	6	
7770	4	
7771	10	
7772	1	
7773	1	
7774	4	
7775	9	
7776	6	
7777	10	
7778	9	
7779	5	
7780	4	
7781	9	
7782	3	
7783	6	
7784	3	
7785	4	
7786	4	
7787	4	
7788	8	
7789	8	
7790	10	
7791	10	
7792	9	
7793	5	
7794	9	
7795	7	
7796	3	
7797	4	
7798	7	
7799	10	
7800	10	
7801	9	
7802	8	
7803	8	
7804	7	
7805	9	
7806	8	
7807	2	
7808	1	
7809	6	
7810	9	
7811	5	
7812	7	
7813	1	
7814	8	
7815	7	
7816	1	
7817	6	
7818	3	
7819	9	
7820	2	
7821	1	
7822	5	
7823	5	
7824	3	
7825	5	
7826	2	
7827	3	
7828	4	
7829	2	
7830	10	
7831	6	
7832	6	
7833	9	
7834	1	
7835	1	
7836	4	
7837	8	
7838	3	
7839	8	
7840	8	
7841	8	
7842	7	
7843	4	
7844	5	
7845	3	
7846	5	
7847	5	
7848	6	
7849	10	
7850	3	
7851	6	
7852	1	
7853	6	
7854	2	
7855	8	
7856	1	
7857	6	
7858	2	
7859	8	
7860	10	
7861	6	
7862	5	
7863	1	
7864	2	
7865	10	
7866	6	
7867	10	
7868	6	
7869	10	
7870	1	
7871	9	
7872	8	
7873	5	
7874	7	
7875	9	
7876	5	
7877	2	
7878	3	
7879	1	
7880	4	
7881	1	
7882	7	
7883	5	
7884	2	
7885	6	
7886	7	
7887	10	
7888	8	
7889	3	
7890	7	
7891	9	
7892	10	
7893	1	
7894	7	
7895	5	
7896	9	
7897	8	
7898	7	
7899	3	
7900	10	
7901	4	
7902	10	
7903	4	
7904	1	
7905	1	
7906	10	
7907	4	
7908	5	
7909	3	
7910	10	
7911	5	
7912	7	
7913	3	
7914	6	
7915	10	
7916	3	
7917	9	
7918	2	
7919	2	
7920	9	
7921	3	
7922	3	
7923	10	
7924	8	
7925	3	
7926	5	
7927	1	
7928	5	
7929	10	
7930	5	
7931	5	
7932	5	
7933	3	
7934	8	
7935	8	
7936	9	
7937	7	
7938	5	
7939	3	
7940	8	
7941	5	
7942	8	
7943	3	
7944	1	
7945	5	
7946	9	
7947	1	
7948	7	
7949	6	
7950	6	
7951	1	
7952	1	
7953	2	
7954	4	
7955	1	
7956	5	
7957	5	
7958	8	
7959	10	
7960	6	
7961	8	
7962	3	
7963	1	
7964	5	
7965	5	
7966	4	
7967	2	
7968	2	
7969	10	
7970	1	
7971	6	
7972	5	
7973	2	
7974	5	
7975	3	
7976	1	
7977	2	
7978	6	
7979	6	
7980	1	
7981	6	
7982	3	
7983	1	
7984	9	
7985	7	
7986	9	
7987	6	
7988	4	
7989	8	
7990	3	
7991	3	
7992	4	
7993	4	
7994	3	
7995	2	
7996	1	
7997	3	
7998	7	
7999	1	
8000	6	
8001	7	
8002	7	
8003	5	
8004	8	
8005	3	
8006	5	
8007	4	
8008	1	
8009	8	
8010	6	
8011	9	
8012	10	
8013	10	
8014	3	
8015	3	
8016	7	
8017	3	
8018	10	
8019	5	
8020	10	
8021	6	
8022	4	
8023	5	
8024	7	
8025	4	
8026	6	
8027	9	
8028	6	
8029	2	
8030	9	
8031	7	
8032	9	
8033	9	
8034	10	
8035	7	
8036	6	
8037	9	
8038	2	
8039	5	
8040	7	
8041	10	
8042	6	
8043	6	
8044	2	
8045	9	
8046	4	
8047	6	
8048	8	
8049	9	
8050	10	
8051	4	
8052	2	
8053	8	
8054	10	
8055	10	
8056	1	
8057	6	
8058	9	
8059	9	
8060	9	
8061	3	
8062	5	
8063	3	
8064	2	
8065	10	
8066	4	
8067	8	
8068	2	
8069	6	
8070	9	
8071	9	
8072	2	
8073	5	
8074	6	
8075	3	
8076	4	
8077	9	
8078	6	
8079	2	
8080	7	
8081	4	
8082	8	
8083	10	
8084	6	
8085	7	
8086	6	
8087	5	
8088	6	
8089	9	
8090	3	
8091	10	
8092	6	
8093	5	
8094	2	
8095	10	
8096	7	
8097	3	
8098	8	
8099	8	
8100	6	
8101	9	
8102	6	
8103	3	
8104	6	
8105	1	
8106	9	
8107	1	
8108	3	
8109	5	
8110	1	
8111	10	
8112	6	
8113	4	
8114	8	
8115	1	
8116	5	
8117	5	
8118	2	
8119	1	
8120	8	
8121	5	
8122	3	
8123	6	
8124	8	
8125	2	
8126	1	
8127	9	
8128	4	
8129	7	
8130	5	
8131	6	
8132	5	
8133	5	
8134	8	
8135	2	
8136	1	
8137	3	
8138	2	
8139	2	
8140	9	
8141	6	
8142	6	
8143	7	
8144	10	
8145	4	
8146	7	
8147	2	
8148	4	
8149	1	
8150	1	
8151	3	
8152	10	
8153	2	
8154	5	
8155	10	
8156	6	
8157	5	
8158	6	
8159	9	
8160	4	
8161	10	
8162	5	
8163	7	
8164	4	
8165	3	
8166	9	
8167	2	
8168	3	
8169	8	
8170	1	
8171	7	
8172	8	
8173	8	
8174	10	
8175	2	
8176	2	
8177	3	
8178	8	
8179	10	
8180	9	
8181	7	
8182	4	
8183	8	
8184	2	
8185	7	
8186	6	
8187	4	
8188	9	
8189	7	
8190	2	
8191	4	
8192	9	
8193	1	
8194	5	
8195	8	
8196	10	
8197	6	
8198	6	
8199	5	
8200	2	
8201	5	
8202	7	
8203	3	
8204	2	
8205	8	
8206	9	
8207	8	
8208	3	
8209	9	
8210	7	
8211	3	
8212	5	
8213	7	
8214	5	
8215	4	
8216	9	
8217	8	
8218	1	
8219	4	
8220	4	
8221	3	
8222	8	
8223	7	
8224	7	
8225	9	
8226	4	
8227	4	
8228	6	
8229	8	
8230	7	
8231	2	
8232	3	
8233	5	
8234	8	
8235	2	
8236	3	
8237	9	
8238	8	
8239	9	
8240	9	
8241	3	
8242	7	
8243	6	
8244	3	
8245	3	
8246	5	
8247	8	
8248	4	
8249	1	
8250	5	
8251	10	
8252	3	
8253	8	
8254	3	
8255	9	
8256	10	
8257	8	
8258	7	
8259	6	
8260	8	
8261	10	
8262	6	
8263	1	
8264	4	
8265	2	
8266	6	
8267	5	
8268	3	
8269	8	
8270	8	
8271	2	
8272	1	
8273	10	
8274	3	
8275	6	
8276	10	
8277	3	
8278	8	
8279	3	
8280	1	
8281	10	
8282	8	
8283	8	
8284	1	
8285	6	
8286	3	
8287	10	
8288	10	
8289	5	
8290	6	
8291	8	
8292	7	
8293	5	
8294	5	
8295	8	
8296	1	
8297	7	
8298	9	
8299	9	
8300	9	
8301	10	
8302	8	
8303	10	
8304	2	
8305	3	
8306	2	
8307	7	
8308	1	
8309	9	
8310	10	
8311	9	
8312	1	
8313	7	
8314	9	
8315	9	
8316	5	
8317	5	
8318	3	
8319	1	
8320	8	
8321	6	
8322	4	
8323	3	
8324	8	
8325	3	
8326	1	
8327	5	
8328	1	
8329	9	
8330	1	
8331	3	
8332	5	
8333	9	
8334	3	
8335	9	
8336	8	
8337	9	
8338	9	
8339	6	
8340	8	
8341	9	
8342	9	
8343	3	
8344	3	
8345	8	
8346	5	
8347	3	
8348	3	
8349	10	
8350	2	
8351	7	
8352	4	
8353	9	
8354	8	
8355	6	
8356	10	
8357	5	
8358	1	
8359	6	
8360	7	
8361	5	
8362	2	
8363	9	
8364	2	
8365	4	
8366	5	
8367	4	
8368	1	
8369	8	
8370	2	
8371	8	
8372	4	
8373	1	
8374	7	
8375	2	
8376	7	
8377	8	
8378	10	
8379	10	
8380	4	
8381	3	
8382	8	
8383	4	
8384	1	
8385	8	
8386	3	
8387	9	
8388	10	
8389	2	
8390	6	
8391	8	
8392	4	
8393	5	
8394	8	
8395	4	
8396	3	
8397	8	
8398	5	
8399	4	
8400	2	
8401	5	
8402	8	
8403	8	
8404	4	
8405	10	
8406	4	
8407	7	
8408	8	
8409	6	
8410	3	
8411	5	
8412	3	
8413	2	
8414	7	
8415	5	
8416	4	
8417	3	
8418	6	
8419	7	
8420	4	
8421	9	
8422	3	
8423	5	
8424	3	
8425	10	
8426	1	
8427	3	
8428	4	
8429	9	
8430	2	
8431	6	
8432	5	
8433	3	
8434	8	
8435	5	
8436	4	
8437	10	
8438	5	
8439	1	
8440	7	
8441	2	
8442	7	
8443	4	
8444	9	
8445	5	
8446	1	
8447	9	
8448	3	
8449	6	
8450	5	
8451	9	
8452	9	
8453	9	
8454	2	
8455	2	
8456	9	
8457	7	
8458	2	
8459	10	
8460	10	
8461	2	
8462	6	
8463	10	
8464	4	
8465	5	
8466	9	
8467	5	
8468	9	
8469	10	
8470	7	
8471	6	
8472	1	
8473	9	
8474	7	
8475	7	
8476	9	
8477	4	
8478	5	
8479	3	
8480	1	
8481	9	
8482	5	
8483	2	
8484	2	
8485	4	
8486	2	
8487	9	
8488	2	
8489	4	
8490	9	
8491	9	
8492	8	
8493	4	
8494	6	
8495	9	
8496	10	
8497	3	
8498	2	
8499	7	
8500	2	
8501	3	
8502	6	
8503	10	
8504	3	
8505	8	
8506	10	
8507	10	
8508	5	
8509	6	
8510	10	
8511	8	
8512	5	
8513	8	
8514	5	
8515	8	
8516	3	
8517	5	
8518	8	
8519	9	
8520	5	
8521	7	
8522	9	
8523	8	
8524	4	
8525	5	
8526	7	
8527	4	
8528	6	
8529	10	
8530	5	
8531	8	
8532	2	
8533	3	
8534	9	
8535	8	
8536	5	
8537	10	
8538	2	
8539	3	
8540	2	
8541	1	
8542	10	
8543	10	
8544	9	
8545	8	
8546	9	
8547	10	
8548	1	
8549	9	
8550	10	
8551	10	
8552	1	
8553	10	
8554	3	
8555	10	
8556	9	
8557	10	
8558	10	
8559	10	
8560	5	
8561	3	
8562	10	
8563	9	
8564	4	
8565	1	
8566	7	
8567	10	
8568	6	
8569	10	
8570	2	
8571	9	
8572	7	
8573	8	
8574	4	
8575	4	
8576	8	
8577	7	
8578	10	
8579	1	
8580	3	
8581	2	
8582	3	
8583	8	
8584	4	
8585	8	
8586	3	
8587	4	
8588	4	
8589	3	
8590	6	
8591	10	
8592	2	
8593	4	
8594	2	
8595	4	
8596	10	
8597	6	
8598	9	
8599	7	
8600	1	
8601	10	
8602	1	
8603	10	
8604	6	
8605	8	
8606	9	
8607	3	
8608	9	
8609	4	
8610	3	
8611	6	
8612	3	
8613	5	
8614	6	
8615	3	
8616	3	
8617	4	
8618	4	
8619	4	
8620	10	
8621	8	
8622	5	
8623	10	
8624	1	
8625	2	
8626	1	
8627	10	
8628	5	
8629	10	
8630	5	
8631	1	
8632	3	
8633	3	
8634	9	
8635	10	
8636	10	
8637	9	
8638	10	
8639	2	
8640	7	
8641	8	
8642	5	
8643	10	
8644	10	
8645	3	
8646	8	
8647	6	
8648	3	
8649	4	
8650	7	
8651	1	
8652	6	
8653	1	
8654	4	
8655	7	
8656	7	
8657	6	
8658	3	
8659	8	
8660	8	
8661	6	
8662	2	
8663	6	
8664	5	
8665	8	
8666	10	
8667	2	
8668	6	
8669	2	
8670	3	
8671	2	
8672	5	
8673	7	
8674	9	
8675	7	
8676	6	
8677	3	
8678	6	
8679	4	
8680	9	
8681	3	
8682	9	
8683	6	
8684	10	
8685	4	
8686	4	
8687	10	
8688	7	
8689	3	
8690	5	
8691	6	
8692	9	
8693	6	
8694	3	
8695	3	
8696	7	
8697	5	
8698	2	
8699	10	
8700	8	
8701	4	
8702	5	
8703	9	
8704	9	
8705	10	
8706	7	
8707	8	
8708	1	
8709	8	
8710	6	
8711	4	
8712	2	
8713	10	
8714	2	
8715	8	
8716	3	
8717	8	
8718	1	
8719	1	
8720	6	
8721	6	
8722	2	
8723	6	
8724	3	
8725	2	
8726	9	
8727	10	
8728	9	
8729	7	
8730	7	
8731	10	
8732	5	
8733	5	
8734	5	
8735	3	
8736	8	
8737	6	
8738	10	
8739	4	
8740	3	
8741	8	
8742	3	
8743	9	
8744	2	
8745	6	
8746	3	
8747	5	
8748	6	
8749	1	
8750	10	
8751	7	
8752	5	
8753	1	
8754	6	
8755	10	
8756	7	
8757	2	
8758	1	
8759	5	
8760	4	
8761	1	
8762	5	
8763	10	
8764	1	
8765	10	
8766	5	
8767	7	
8768	9	
8769	8	
8770	9	
8771	9	
8772	8	
8773	2	
8774	10	
8775	5	
8776	10	
8777	9	
8778	9	
8779	10	
8780	3	
8781	7	
8782	4	
8783	5	
8784	2	
8785	1	
8786	10	
8787	6	
8788	8	
8789	10	
8790	9	
8791	8	
8792	2	
8793	6	
8794	3	
8795	6	
8796	4	
8797	4	
8798	2	
8799	7	
8800	10	
8801	7	
8802	2	
8803	2	
8804	2	
8805	7	
8806	2	
8807	1	
8808	3	
8809	4	
8810	10	
8811	6	
8812	7	
8813	3	
8814	2	
8815	9	
8816	8	
8817	1	
8818	5	
8819	10	
8820	7	
8821	4	
8822	6	
8823	5	
8824	10	
8825	4	
8826	5	
8827	9	
8828	4	
8829	2	
8830	4	
8831	8	
8832	6	
8833	9	
8834	2	
8835	8	
8836	9	
8837	5	
8838	7	
8839	10	
8840	1	
8841	10	
8842	4	
8843	10	
8844	8	
8845	4	
8846	1	
8847	3	
8848	4	
8849	9	
8850	8	
8851	5	
8852	2	
8853	4	
8854	3	
8855	6	
8856	4	
8857	10	
8858	3	
8859	9	
8860	3	
8861	5	
8862	1	
8863	10	
8864	2	
8865	2	
8866	4	
8867	4	
8868	1	
8869	3	
8870	4	
8871	6	
8872	9	
8873	1	
8874	2	
8875	5	
8876	8	
8877	3	
8878	5	
8879	4	
8880	6	
8881	9	
8882	5	
8883	5	
8884	10	
8885	10	
8886	10	
8887	4	
8888	8	
8889	9	
8890	6	
8891	1	
8892	8	
8893	5	
8894	5	
8895	9	
8896	5	
8897	7	
8898	9	
8899	3	
8900	1	
8901	2	
8902	6	
8903	8	
8904	10	
8905	4	
8906	10	
8907	5	
8908	3	
8909	9	
8910	7	
8911	6	
8912	1	
8913	7	
8914	7	
8915	1	
8916	4	
8917	7	
8918	2	
8919	4	
8920	9	
8921	4	
8922	6	
8923	5	
8924	7	
8925	9	
8926	8	
8927	8	
8928	6	
8929	8	
8930	6	
8931	7	
8932	9	
8933	7	
8934	9	
8935	9	
8936	5	
8937	10	
8938	6	
8939	6	
8940	4	
8941	5	
8942	4	
8943	3	
8944	2	
8945	1	
8946	9	
8947	4	
8948	10	
8949	1	
8950	10	
8951	10	
8952	4	
8953	6	
8954	5	
8955	10	
8956	10	
8957	2	
8958	6	
8959	2	
8960	1	
8961	10	
8962	1	
8963	1	
8964	8	
8965	1	
8966	7	
8967	8	
8968	10	
8969	2	
8970	3	
8971	1	
8972	2	
8973	9	
8974	2	
8975	4	
8976	10	
8977	7	
8978	7	
8979	6	
8980	1	
8981	9	
8982	5	
8983	5	
8984	2	
8985	9	
8986	7	
8987	3	
8988	10	
8989	6	
8990	9	
8991	4	
8992	9	
8993	7	
8994	3	
8995	2	
8996	3	
8997	4	
8998	2	
8999	4	
9000	8	
9001	3	
9002	6	
9003	4	
9004	8	
9005	7	
9006	2	
9007	7	
9008	9	
9009	6	
9010	2	
9011	4	
9012	6	
9013	4	
9014	7	
9015	2	
9016	8	
9017	4	
9018	4	
9019	3	
9020	10	
9021	2	
9022	9	
9023	1	
9024	7	
9025	9	
9026	7	
9027	4	
9028	2	
9029	5	
9030	8	
9031	7	
9032	6	
9033	7	
9034	2	
9035	10	
9036	1	
9037	3	
9038	7	
9039	8	
9040	2	
9041	10	
9042	9	
9043	5	
9044	2	
9045	2	
9046	5	
9047	4	
9048	4	
9049	10	
9050	7	
9051	5	
9052	7	
9053	6	
9054	1	
9055	5	
9056	1	
9057	3	
9058	3	
9059	10	
9060	2	
9061	9	
9062	7	
9063	6	
9064	9	
9065	7	
9066	2	
9067	5	
9068	4	
9069	2	
9070	6	
9071	7	
9072	10	
9073	1	
9074	9	
9075	7	
9076	2	
9077	4	
9078	10	
9079	5	
9080	3	
9081	7	
9082	2	
9083	7	
9084	6	
9085	4	
9086	3	
9087	7	
9088	4	
9089	10	
9090	8	
9091	5	
9092	2	
9093	4	
9094	2	
9095	4	
9096	10	
9097	2	
9098	8	
9099	5	
9100	3	
9101	4	
9102	6	
9103	4	
9104	7	
9105	8	
9106	3	
9107	7	
9108	10	
9109	3	
9110	4	
9111	6	
9112	8	
9113	6	
9114	1	
9115	10	
9116	8	
9117	6	
9118	2	
9119	2	
9120	1	
9121	9	
9122	5	
9123	10	
9124	8	
9125	7	
9126	9	
9127	9	
9128	3	
9129	7	
9130	5	
9131	3	
9132	8	
9133	10	
9134	7	
9135	2	
9136	3	
9137	7	
9138	3	
9139	8	
9140	1	
9141	3	
9142	7	
9143	4	
9144	8	
9145	2	
9146	3	
9147	3	
9148	5	
9149	3	
9150	3	
9151	3	
9152	9	
9153	9	
9154	7	
9155	1	
9156	7	
9157	5	
9158	2	
9159	4	
9160	7	
9161	1	
9162	10	
9163	4	
9164	8	
9165	5	
9166	10	
9167	7	
9168	1	
9169	10	
9170	2	
9171	1	
9172	6	
9173	9	
9174	2	
9175	10	
9176	1	
9177	8	
9178	4	
9179	9	
9180	2	
9181	10	
9182	10	
9183	6	
9184	3	
9185	8	
9186	4	
9187	9	
9188	5	
9189	7	
9190	2	
9191	9	
9192	3	
9193	8	
9194	4	
9195	3	
9196	1	
9197	9	
9198	8	
9199	1	
9200	7	
9201	5	
9202	9	
9203	3	
9204	5	
9205	7	
9206	7	
9207	5	
9208	10	
9209	9	
9210	6	
9211	8	
9212	6	
9213	8	
9214	8	
9215	6	
9216	3	
9217	1	
9218	9	
9219	5	
9220	10	
9221	6	
9222	5	
9223	10	
9224	3	
9225	8	
9226	10	
9227	3	
9228	1	
9229	1	
9230	3	
9231	3	
9232	3	
9233	8	
9234	9	
9235	2	
9236	1	
9237	7	
9238	6	
9239	1	
9240	4	
9241	3	
9242	9	
9243	7	
9244	7	
9245	10	
9246	6	
9247	4	
9248	10	
9249	3	
9250	1	
9251	5	
9252	2	
9253	4	
9254	1	
9255	3	
9256	2	
9257	4	
9258	2	
9259	4	
9260	3	
9261	4	
9262	2	
9263	3	
9264	10	
9265	2	
9266	3	
9267	9	
9268	9	
9269	7	
9270	2	
9271	1	
9272	5	
9273	5	
9274	7	
9275	1	
9276	10	
9277	9	
9278	8	
9279	4	
9280	3	
9281	1	
9282	6	
9283	3	
9284	1	
9285	6	
9286	7	
9287	3	
9288	1	
9289	10	
9290	9	
9291	9	
9292	2	
9293	5	
9294	10	
9295	5	
9296	1	
9297	3	
9298	3	
9299	1	
9300	4	
9301	7	
9302	3	
9303	6	
9304	5	
9305	8	
9306	5	
9307	10	
9308	4	
9309	3	
9310	5	
9311	6	
9312	3	
9313	6	
9314	4	
9315	8	
9316	9	
9317	7	
9318	2	
9319	7	
9320	9	
9321	1	
9322	4	
9323	1	
9324	8	
9325	3	
9326	8	
9327	1	
9328	5	
9329	10	
9330	5	
9331	5	
9332	7	
9333	5	
9334	7	
9335	2	
9336	10	
9337	2	
9338	9	
9339	7	
9340	8	
9341	6	
9342	5	
9343	8	
9344	6	
9345	10	
9346	6	
9347	2	
9348	5	
9349	7	
9350	6	
9351	2	
9352	7	
9353	5	
9354	5	
9355	7	
9356	6	
9357	2	
9358	3	
9359	9	
9360	1	
9361	9	
9362	2	
9363	1	
9364	8	
9365	5	
9366	2	
9367	10	
9368	8	
9369	6	
9370	8	
9371	5	
9372	10	
9373	1	
9374	6	
9375	3	
9376	9	
9377	6	
9378	4	
9379	3	
9380	10	
9381	7	
9382	2	
9383	9	
9384	3	
9385	2	
9386	3	
9387	4	
9388	7	
9389	3	
9390	7	
9391	10	
9392	1	
9393	9	
9394	8	
9395	10	
9396	10	
9397	1	
9398	10	
9399	7	
9400	7	
9401	5	
9402	4	
9403	3	
9404	9	
9405	6	
9406	8	
9407	8	
9408	5	
9409	5	
9410	6	
9411	2	
9412	4	
9413	2	
9414	7	
9415	5	
9416	2	
9417	7	
9418	5	
9419	10	
9420	6	
9421	5	
9422	9	
9423	8	
9424	4	
9425	4	
9426	2	
9427	7	
9428	8	
9429	6	
9430	1	
9431	3	
9432	6	
9433	6	
9434	6	
9435	10	
9436	10	
9437	5	
9438	1	
9439	1	
9440	2	
9441	5	
9442	7	
9443	5	
9444	6	
9445	9	
9446	2	
9447	8	
9448	3	
9449	9	
9450	1	
9451	10	
9452	5	
9453	4	
9454	10	
9455	7	
9456	1	
9457	10	
9458	10	
9459	4	
9460	4	
9461	4	
9462	6	
9463	3	
9464	1	
9465	2	
9466	6	
9467	4	
9468	8	
9469	7	
9470	7	
9471	9	
9472	10	
9473	3	
9474	3	
9475	2	
9476	3	
9477	7	
9478	9	
9479	4	
9480	4	
9481	9	
9482	4	
9483	1	
9484	7	
9485	3	
9486	2	
9487	2	
9488	5	
9489	7	
9490	10	
9491	3	
9492	7	
9493	4	
9494	6	
9495	9	
9496	5	
9497	3	
9498	4	
9499	8	
9500	2	
9501	7	
9502	8	
9503	9	
9504	5	
9505	6	
9506	10	
9507	9	
9508	6	
9509	4	
9510	3	
9511	4	
9512	8	
9513	2	
9514	2	
9515	5	
9516	5	
9517	9	
9518	6	
9519	9	
9520	3	
9521	4	
9522	5	
9523	2	
9524	10	
9525	9	
9526	5	
9527	7	
9528	7	
9529	8	
9530	2	
9531	9	
9532	2	
9533	9	
9534	8	
9535	2	
9536	5	
9537	5	
9538	10	
9539	4	
9540	9	
9541	9	
9542	5	
9543	10	
9544	6	
9545	8	
9546	7	
9547	5	
9548	3	
9549	1	
9550	7	
9551	2	
9552	1	
9553	10	
9554	8	
9555	1	
9556	10	
9557	9	
9558	6	
9559	5	
9560	3	
9561	10	
9562	5	
9563	9	
9564	1	
9565	2	
9566	2	
9567	2	
9568	8	
9569	2	
9570	3	
9571	3	
9572	1	
9573	5	
9574	9	
9575	8	
9576	3	
9577	2	
9578	7	
9579	4	
9580	4	
9581	3	
9582	2	
9583	9	
9584	2	
9585	4	
9586	6	
9587	4	
9588	2	
9589	7	
9590	8	
9591	9	
9592	2	
9593	5	
9594	6	
9595	9	
9596	4	
9597	5	
9598	10	
9599	4	
9600	9	
9601	10	
9602	3	
9603	1	
9604	5	
9605	10	
9606	8	
9607	4	
9608	10	
9609	3	
9610	6	
9611	10	
9612	5	
9613	10	
9614	10	
9615	2	
9616	5	
9617	5	
9618	8	
9619	10	
9620	4	
9621	6	
9622	8	
9623	5	
9624	3	
9625	6	
9626	4	
9627	8	
9628	7	
9629	5	
9630	5	
9631	7	
9632	2	
9633	4	
9634	3	
9635	3	
9636	2	
9637	5	
9638	5	
9639	2	
9640	7	
9641	6	
9642	6	
9643	6	
9644	5	
9645	1	
9646	5	
9647	10	
9648	4	
9649	5	
9650	8	
9651	1	
9652	9	
9653	6	
9654	2	
9655	10	
9656	6	
9657	6	
9658	6	
9659	5	
9660	7	
9661	8	
9662	4	
9663	5	
9664	5	
9665	4	
9666	4	
9667	3	
9668	10	
9669	3	
9670	3	
9671	3	
9672	9	
9673	5	
9674	5	
9675	2	
9676	9	
9677	2	
9678	6	
9679	7	
9680	10	
9681	5	
9682	7	
9683	10	
9684	2	
9685	8	
9686	7	
9687	7	
9688	10	
9689	2	
9690	6	
9691	1	
9692	9	
9693	9	
9694	3	
9695	9	
9696	9	
9697	4	
9698	2	
9699	4	
9700	6	
9701	9	
9702	1	
9703	3	
9704	9	
9705	5	
9706	5	
9707	6	
9708	9	
9709	1	
9710	2	
9711	5	
9712	10	
9713	8	
9714	10	
9715	10	
9716	1	
9717	8	
9718	4	
9719	8	
9720	10	
9721	3	
9722	3	
9723	6	
9724	2	
9725	7	
9726	1	
9727	1	
9728	10	
9729	9	
9730	8	
9731	9	
9732	9	
9733	8	
9734	1	
9735	1	
9736	7	
9737	7	
9738	1	
9739	10	
9740	6	
9741	9	
9742	7	
9743	7	
9744	5	
9745	4	
9746	5	
9747	9	
9748	3	
9749	2	
9750	2	
9751	4	
9752	1	
9753	5	
9754	8	
9755	1	
9756	9	
9757	2	
9758	7	
9759	3	
9760	2	
9761	1	
9762	7	
9763	3	
9764	9	
9765	4	
9766	10	
9767	5	
9768	8	
9769	9	
9770	1	
9771	6	
9772	9	
9773	6	
9774	8	
9775	1	
9776	7	
9777	4	
9778	1	
9779	8	
9780	9	
9781	8	
9782	2	
9783	2	
9784	6	
9785	5	
9786	7	
9787	5	
9788	8	
9789	9	
9790	3	
9791	1	
9792	4	
9793	10	
9794	4	
9795	3	
9796	2	
9797	4	
9798	5	
9799	10	
9800	3	
9801	3	
9802	10	
9803	4	
9804	5	
9805	6	
9806	2	
9807	5	
9808	1	
9809	3	
9810	4	
9811	8	
9812	4	
9813	10	
9814	4	
9815	1	
9816	1	
9817	4	
9818	9	
9819	4	
9820	4	
9821	3	
9822	8	
9823	9	
9824	7	
9825	7	
9826	6	
9827	3	
9828	4	
9829	1	
9830	10	
9831	8	
9832	5	
9833	3	
9834	9	
9835	2	
9836	2	
9837	6	
9838	10	
9839	7	
9840	10	
9841	2	
9842	6	
9843	1	
9844	3	
9845	10	
9846	3	
9847	9	
9848	7	
9849	6	
9850	5	
9851	7	
9852	10	
9853	7	
9854	10	
9855	5	
9856	3	
9857	3	
9858	3	
9859	9	
9860	10	
9861	5	
9862	10	
9863	3	
9864	1	
9865	3	
9866	4	
9867	8	
9868	1	
9869	1	
9870	3	
9871	7	
9872	8	
9873	4	
9874	9	
9875	10	
9876	4	
9877	4	
9878	2	
9879	1	
9880	5	
9881	10	
9882	4	
9883	7	
9884	10	
9885	10	
9886	5	
9887	9	
9888	9	
9889	5	
9890	8	
9891	5	
9892	9	
9893	7	
9894	5	
9895	9	
9896	9	
9897	1	
9898	6	
9899	1	
9900	7	
9901	6	
9902	9	
9903	4	
9904	5	
9905	3	
9906	8	
9907	4	
9908	10	
9909	2	
9910	9	
9911	2	
9912	6	
9913	1	
9914	3	
9915	9	
9916	9	
9917	8	
9918	1	
9919	5	
9920	2	
9921	6	
9922	6	
9923	4	
9924	7	
9925	6	
9926	3	
9927	1	
9928	4	
9929	8	
9930	6	
9931	1	
9932	2	
9933	4	
9934	5	
9935	4	
9936	10	
9937	8	
9938	6	
9939	4	
9940	2	
9941	3	
9942	7	
9943	3	
9944	3	
9945	1	
9946	6	
9947	6	
9948	6	
9949	8	
9950	10	
9951	8	
9952	9	
9953	10	
9954	5	
9955	10	
9956	9	
9957	5	
9958	4	
9959	6	
9960	3	
9961	2	
9962	1	
9963	1	
9964	10	
9965	6	
9966	8	
9967	9	
9968	5	
9969	10	
9970	4	
9971	3	
9972	3	
9973	5	
9974	9	
9975	5	
9976	2	
9977	9	
9978	10	
9979	8	
9980	7	
9981	3	
9982	10	
9983	10	
9984	10	
9985	2	
9986	10	
9987	10	
9988	6	
9989	7	
9990	1	
9991	1	
9992	8	
9993	8	
9994	9	
9995	6	
9996	9	
9997	4	
9998	6	
9999	10	
10000	2	
3857
