10000
1	183	
2	963	
3	9	
4	106	
5	67	
6	361	
7	876	
8	763	
9	260	
10	377	
11	467	
12	890	
13	907	
14	75	
15	884	
16	132	
17	388	
18	231	
19	640	
20	5	
21	124	
22	695	
23	715	
24	342	
25	420	
26	591	
27	329	
28	375	
29	397	
30	686	
31	993	
32	715	
33	763	
34	292	
35	395	
36	576	
37	891	
38	556	
39	779	
40	174	
41	806	
42	9	
43	301	
44	637	
45	150	
46	314	
47	729	
48	977	
49	310	
50	479	
51	622	
52	831	
53	276	
54	355	
55	400	
56	351	
57	80	
58	594	
59	259	
60	265	
61	956	
62	298	
63	959	
64	370	
65	67	
66	523	
67	196	
68	342	
69	435	
70	169	
71	165	
72	645	
73	917	
74	606	
75	855	
76	1000	
77	594	
78	522	
79	392	
80	386	
81	501	
82	573	
83	626	
84	649	
85	269	
86	521	
87	871	
88	299	
89	73	
90	298	
91	132	
92	284	
93	516	
94	55	
95	911	
96	244	
97	152	
98	256	
99	51	
100	939	
101	380	
102	735	
103	873	
104	727	
105	952	
106	273	
107	414	
108	890	
109	662	
110	844	
111	170	
112	654	
113	352	
114	688	
115	300	
116	250	
117	862	
118	848	
119	200	
120	652	
121	335	
122	352	
123	107	
124	142	
125	604	
126	14	
127	19	
128	787	
129	890	
130	810	
131	417	
132	472	
133	190	
134	271	
135	936	
136	805	
137	848	
138	914	
139	765	
140	339	
141	178	
142	104	
143	198	
144	566	
145	920	
146	793	
147	965	
148	810	
149	168	
150	481	
151	548	
152	72	
153	657	
154	155	
155	433	
156	951	
157	205	
158	558	
159	921	
160	356	
161	360	
162	538	
163	973	
164	821	
165	56	
166	401	
167	602	
168	239	
169	781	
170	656	
171	362	
172	765	
173	472	
174	157	
175	414	
176	650	
177	525	
178	592	
179	301	
180	899	
181	154	
182	404	
183	411	
184	495	
185	336	
186	324	
187	421	
188	176	
189	439	
190	160	
191	137	
192	114	
193	899	
194	47	
195	592	
196	169	
197	331	
198	581	
199	270	
200	476	
201	574	
202	244	
203	54	
204	14	
205	630	
206	932	
207	535	
208	809	
209	206	
210	28	
211	3	
212	59	
213	542	
214	352	
215	189	
216	170	
217	211	
218	307	
219	984	
220	497	
221	153	
222	220	
223	460	
224	819	
225	667	
226	691	
227	866	
228	332	
229	54	
230	106	
231	692	
232	965	
233	484	
234	693	
235	248	
236	567	
237	372	
238	492	
239	204	
240	996	
241	388	
242	166	
243	480	
244	994	
245	313	
246	638	
247	425	
248	553	
249	27	
250	79	
251	842	
252	458	
253	132	
254	649	
255	186	
256	8	
257	407	
258	19	
259	842	
260	168	
261	450	
262	160	
263	382	
264	682	
265	134	
266	157	
267	641	
268	647	
269	948	
270	662	
271	731	
272	18	
273	863	
274	758	
275	740	
276	89	
277	550	
278	701	
279	88	
280	467	
281	352	
282	177	
283	530	
284	394	
285	103	
286	832	
287	498	
288	560	
289	64	
290	690	
291	841	
292	75	
293	39	
294	593	
295	42	
296	738	
297	477	
298	49	
299	265	
300	599	
301	715	
302	914	
303	469	
304	740	
305	390	
306	243	
307	262	
308	304	
309	411	
310	646	
311	633	
312	993	
313	169	
314	569	
315	81	
316	553	
317	532	
318	88	
319	61	
320	644	
321	493	
322	742	
323	959	
324	173	
325	900	
326	898	
327	801	
328	270	
329	201	
330	148	
331	95	
332	174	
333	572	
334	167	
335	681	
336	658	
337	690	
338	14	
339	7	
340	927	
341	144	
342	969	
343	925	
344	987	
345	919	
346	974	
347	855	
348	961	
349	800	
350	162	
351	227	
352	515	
353	719	
354	439	
355	707	
356	40	
357	610	
358	118	
359	762	
360	869	
361	161	
362	484	
363	868	
364	789	
365	821	
366	446	
367	440	
368	35	
369	330	
370	422	
371	871	
372	941	
373	543	
374	325	
375	307	
376	144	
377	562	
378	449	
379	395	
380	248	
381	774	
382	806	
383	563	
384	694	
385	470	
386	22	
387	694	
388	297	
389	89	
390	235	
391	710	
392	760	
393	726	
394	673	
395	215	
396	636	
397	551	
398	207	
399	729	
400	248	
401	191	
402	164	
403	405	
404	10	
405	829	
406	731	
407	405	
408	753	
409	145	
410	177	
411	198	
412	158	
413	156	
414	740	
415	182	
416	829	
417	90	
418	963	
419	791	
420	291	
421	304	
422	714	
423	948	
424	295	
425	623	
426	228	
427	9	
428	355	
429	793	
430	577	
431	54	
432	393	
433	473	
434	336	
435	562	
436	560	
437	885	
438	451	
439	777	
440	174	
441	45	
442	695	
443	575	
444	445	
445	634	
446	819	
447	388	
448	344	
449	178	
450	598	
451	640	
452	500	
453	296	
454	370	
455	421	
456	601	
457	110	
458	765	
459	266	
460	729	
461	780	
462	45	
463	68	
464	509	
465	687	
466	825	
467	181	
468	45	
469	365	
470	76	
471	135	
472	230	
473	357	
474	395	
475	303	
476	194	
477	306	
478	411	
479	884	
480	942	
481	862	
482	262	
483	582	
484	925	
485	704	
486	268	
487	25	
488	15	
489	48	
490	900	
491	74	
492	830	
493	520	
494	986	
495	718	
496	717	
497	842	
498	488	
499	559	
500	153	
501	102	
502	239	
503	120	
504	698	
505	258	
506	628	
507	422	
508	960	
509	994	
510	150	
511	951	
512	319	
513	559	
514	339	
515	812	
516	493	
517	25	
518	640	
519	16	
520	553	
521	200	
522	408	
523	911	
524	243	
525	580	
526	473	
527	98	
528	209	
529	314	
530	180	
531	168	
532	845	
533	583	
534	516	
535	156	
536	577	
537	980	
538	91	
539	243	
540	853	
541	610	
542	721	
543	420	
544	141	
545	829	
546	631	
547	312	
548	509	
549	907	
550	141	
551	625	
552	350	
553	828	
554	522	
555	108	
556	328	
557	137	
558	570	
559	305	
560	912	
561	94	
562	350	
563	287	
564	545	
565	49	
566	370	
567	642	
568	812	
569	994	
570	288	
571	735	
572	610	
573	187	
574	151	
575	28	
576	390	
577	256	
578	576	
579	586	
580	237	
581	173	
582	244	
583	516	
584	831	
585	756	
586	153	
587	39	
588	621	
589	638	
590	428	
591	178	
592	954	
593	543	
594	654	
595	661	
596	836	
597	36	
598	417	
599	579	
600	683	
601	757	
602	202	
603	353	
604	102	
605	173	
606	526	
607	623	
608	354	
609	183	
610	742	
611	779	
612	876	
613	464	
614	781	
615	115	
616	619	
617	562	
618	606	
619	705	
620	273	
621	28	
622	352	
623	678	
624	913	
625	460	
626	556	
627	249	
628	240	
629	591	
630	659	
631	103	
632	701	
633	69	
634	938	
635	195	
636	874	
637	176	
638	231	
639	932	
640	562	
641	715	
642	522	
643	875	
644	971	
645	972	
646	103	
647	884	
648	67	
649	803	
650	89	
651	106	
652	333	
653	827	
654	366	
655	100	
656	691	
657	774	
658	583	
659	357	
660	138	
661	107	
662	214	
663	469	
664	771	
665	345	
666	159	
667	114	
668	534	
669	491	
670	17	
671	4	
672	294	
673	331	
674	204	
675	346	
676	617	
677	256	
678	451	
679	887	
680	103	
681	578	
682	601	
683	289	
684	952	
685	290	
686	509	
687	630	
688	296	
689	269	
690	751	
691	262	
692	565	
693	951	
694	26	
695	414	
696	372	
697	210	
698	554	
699	593	
700	521	
701	782	
702	709	
703	798	
704	581	
705	8	
706	492	
707	119	
708	880	
709	509	
710	288	
711	837	
712	286	
713	741	
714	567	
715	959	
716	139	
717	258	
718	230	
719	377	
720	546	
721	208	
722	534	
723	879	
724	766	
725	125	
726	776	
727	73	
728	137	
729	831	
730	859	
731	734	
732	212	
733	266	
734	43	
735	395	
736	305	
737	306	
738	993	
739	106	
740	637	
741	138	
742	495	
743	238	
744	777	
745	877	
746	138	
747	643	
748	606	
749	787	
750	744	
751	112	
752	14	
753	592	
754	625	
755	446	
756	112	
757	122	
758	816	
759	407	
760	210	
761	986	
762	737	
763	714	
764	566	
765	623	
766	602	
767	819	
768	15	
769	776	
770	620	
771	405	
772	123	
773	24	
774	584	
775	849	
776	216	
777	49	
778	115	
779	478	
780	880	
781	636	
782	716	
783	417	
784	975	
785	197	
786	275	
787	67	
788	481	
789	361	
790	794	
791	704	
792	351	
793	384	
794	333	
795	788	
796	112	
797	413	
798	75	
799	69	
800	857	
801	115	
802	956	
803	534	
804	240	
805	407	
806	10	
807	656	
808	866	
809	298	
810	426	
811	200	
812	682	
813	910	
814	146	
815	413	
816	651	
817	710	
818	930	
819	992	
820	994	
821	272	
822	821	
823	124	
824	415	
825	748	
826	679	
827	973	
828	362	
829	51	
830	829	
831	771	
832	159	
833	746	
834	778	
835	517	
836	332	
837	430	
838	918	
839	264	
840	24	
841	104	
842	166	
843	752	
844	268	
845	776	
846	57	
847	867	
848	555	
849	300	
850	95	
851	507	
852	578	
853	847	
854	978	
855	377	
856	42	
857	363	
858	366	
859	988	
860	675	
861	458	
862	234	
863	730	
864	993	
865	854	
866	949	
867	652	
868	977	
869	502	
870	220	
871	643	
872	929	
873	522	
874	496	
875	863	
876	925	
877	931	
878	322	
879	204	
880	454	
881	166	
882	449	
883	860	
884	579	
885	856	
886	896	
887	98	
888	201	
889	40	
890	187	
891	299	
892	796	
893	913	
894	999	
895	4	
896	478	
897	87	
898	359	
899	56	
900	516	
901	311	
902	923	
903	641	
904	462	
905	473	
906	968	
907	364	
908	438	
909	551	
910	229	
911	440	
912	181	
913	45	
914	177	
915	516	
916	386	
917	672	
918	144	
919	693	
920	108	
921	433	
922	573	
923	231	
924	597	
925	65	
926	199	
927	393	
928	871	
929	764	
930	749	
931	620	
932	792	
933	416	
934	36	
935	362	
936	415	
937	237	
938	949	
939	1000	
940	166	
941	820	
942	665	
943	958	
944	888	
945	177	
946	615	
947	955	
948	985	
949	618	
950	986	
951	539	
952	243	
953	471	
954	709	
955	955	
956	733	
957	370	
958	968	
959	273	
960	99	
961	110	
962	130	
963	78	
964	147	
965	682	
966	662	
967	989	
968	419	
969	733	
970	664	
971	275	
972	686	
973	56	
974	623	
975	791	
976	214	
977	337	
978	810	
979	568	
980	408	
981	556	
982	181	
983	12	
984	149	
985	562	
986	259	
987	717	
988	973	
989	627	
990	994	
991	619	
992	563	
993	637	
994	724	
995	375	
996	574	
997	100	
998	138	
999	507	
1000	99	
1001	786	
1002	497	
1003	324	
1004	582	
1005	886	
1006	262	
1007	994	
1008	480	
1009	686	
1010	587	
1011	412	
1012	991	
1013	759	
1014	386	
1015	911	
1016	219	
1017	249	
1018	246	
1019	590	
1020	564	
1021	189	
1022	511	
1023	16	
1024	959	
1025	792	
1026	964	
1027	974	
1028	656	
1029	399	
1030	896	
1031	939	
1032	63	
1033	523	
1034	207	
1035	52	
1036	373	
1037	316	
1038	127	
1039	864	
1040	621	
1041	511	
1042	226	
1043	39	
1044	821	
1045	738	
1046	16	
1047	148	
1048	316	
1049	484	
1050	551	
1051	293	
1052	147	
1053	728	
1054	844	
1055	95	
1056	198	
1057	576	
1058	505	
1059	748	
1060	538	
1061	931	
1062	887	
1063	894	
1064	286	
1065	929	
1066	762	
1067	771	
1068	428	
1069	603	
1070	738	
1071	249	
1072	262	
1073	774	
1074	814	
1075	776	
1076	411	
1077	230	
1078	472	
1079	517	
1080	553	
1081	461	
1082	373	
1083	59	
1084	298	
1085	915	
1086	996	
1087	537	
1088	1	
1089	716	
1090	804	
1091	57	
1092	284	
1093	215	
1094	808	
1095	36	
1096	929	
1097	956	
1098	380	
1099	808	
1100	714	
1101	691	
1102	334	
1103	68	
1104	475	
1105	800	
1106	48	
1107	976	
1108	320	
1109	851	
1110	290	
1111	496	
1112	514	
1113	410	
1114	258	
1115	279	
1116	208	
1117	959	
1118	605	
1119	222	
1120	456	
1121	54	
1122	605	
1123	164	
1124	781	
1125	356	
1126	50	
1127	692	
1128	247	
1129	307	
1130	771	
1131	84	
1132	240	
1133	307	
1134	348	
1135	618	
1136	971	
1137	120	
1138	407	
1139	583	
1140	5	
1141	256	
1142	669	
1143	437	
1144	670	
1145	315	
1146	267	
1147	306	
1148	110	
1149	867	
1150	56	
1151	53	
1152	322	
1153	891	
1154	339	
1155	790	
1156	222	
1157	242	
1158	214	
1159	263	
1160	178	
1161	23	
1162	119	
1163	783	
1164	926	
1165	283	
1166	268	
1167	859	
1168	447	
1169	980	
1170	780	
1171	92	
1172	562	
1173	270	
1174	322	
1175	662	
1176	134	
1177	777	
1178	947	
1179	108	
1180	780	
1181	160	
1182	676	
1183	991	
1184	120	
1185	966	
1186	439	
1187	110	
1188	774	
1189	656	
1190	420	
1191	301	
1192	127	
1193	87	
1194	802	
1195	104	
1196	276	
1197	309	
1198	173	
1199	486	
1200	191	
1201	653	
1202	463	
1203	1000	
1204	566	
1205	276	
1206	417	
1207	56	
1208	433	
1209	308	
1210	968	
1211	5	
1212	785	
1213	254	
1214	554	
1215	403	
1216	961	
1217	157	
1218	968	
1219	373	
1220	406	
1221	599	
1222	348	
1223	389	
1224	681	
1225	948	
1226	482	
1227	519	
1228	721	
1229	647	
1230	648	
1231	916	
1232	954	
1233	834	
1234	15	
1235	290	
1236	418	
1237	172	
1238	193	
1239	350	
1240	257	
1241	668	
1242	915	
1243	500	
1244	166	
1245	996	
1246	674	
1247	218	
1248	110	
1249	744	
1250	351	
1251	131	
1252	862	
1253	110	
1254	781	
1255	344	
1256	973	
1257	134	
1258	767	
1259	590	
1260	765	
1261	897	
1262	324	
1263	12	
1264	441	
1265	364	
1266	381	
1267	3	
1268	470	
1269	171	
1270	491	
1271	942	
1272	939	
1273	280	
1274	755	
1275	433	
1276	211	
1277	579	
1278	555	
1279	100	
1280	47	
1281	888	
1282	180	
1283	975	
1284	70	
1285	878	
1286	767	
1287	381	
1288	518	
1289	357	
1290	370	
1291	803	
1292	154	
1293	597	
1294	970	
1295	543	
1296	300	
1297	562	
1298	864	
1299	251	
1300	953	
1301	644	
1302	894	
1303	297	
1304	794	
1305	504	
1306	801	
1307	398	
1308	255	
1309	250	
1310	158	
1311	833	
1312	91	
1313	61	
1314	822	
1315	2	
1316	349	
1317	239	
1318	636	
1319	789	
1320	346	
1321	8	
1322	587	
1323	862	
1324	950	
1325	152	
1326	618	
1327	253	
1328	786	
1329	13	
1330	833	
1331	609	
1332	468	
1333	853	
1334	27	
1335	542	
1336	68	
1337	470	
1338	412	
1339	361	
1340	930	
1341	699	
1342	50	
1343	560	
1344	699	
1345	407	
1346	758	
1347	964	
1348	531	
1349	552	
1350	386	
1351	808	
1352	474	
1353	975	
1354	745	
1355	945	
1356	769	
1357	565	
1358	419	
1359	733	
1360	579	
1361	485	
1362	520	
1363	662	
1364	790	
1365	446	
1366	170	
1367	798	
1368	41	
1369	168	
1370	317	
1371	906	
1372	902	
1373	291	
1374	841	
1375	753	
1376	911	
1377	589	
1378	252	
1379	316	
1380	49	
1381	730	
1382	473	
1383	941	
1384	110	
1385	723	
1386	749	
1387	977	
1388	332	
1389	298	
1390	598	
1391	560	
1392	921	
1393	538	
1394	141	
1395	513	
1396	184	
1397	785	
1398	138	
1399	601	
1400	923	
1401	574	
1402	604	
1403	682	
1404	881	
1405	933	
1406	520	
1407	925	
1408	766	
1409	88	
1410	919	
1411	491	
1412	639	
1413	381	
1414	730	
1415	957	
1416	589	
1417	636	
1418	55	
1419	961	
1420	687	
1421	360	
1422	187	
1423	158	
1424	362	
1425	507	
1426	279	
1427	156	
1428	442	
1429	659	
1430	724	
1431	998	
1432	64	
1433	753	
1434	513	
1435	817	
1436	835	
1437	127	
1438	666	
1439	772	
1440	41	
1441	759	
1442	224	
1443	416	
1444	141	
1445	328	
1446	733	
1447	320	
1448	519	
1449	866	
1450	38	
1451	71	
1452	473	
1453	110	
1454	153	
1455	702	
1456	318	
1457	752	
1458	830	
1459	916	
1460	611	
1461	687	
1462	640	
1463	502	
1464	680	
1465	209	
1466	547	
1467	895	
1468	589	
1469	713	
1470	309	
1471	710	
1472	375	
1473	715	
1474	166	
1475	724	
1476	378	
1477	116	
1478	729	
1479	125	
1480	190	
1481	148	
1482	147	
1483	508	
1484	915	
1485	869	
1486	201	
1487	753	
1488	647	
1489	115	
1490	212	
1491	540	
1492	212	
1493	851	
1494	893	
1495	416	
1496	596	
1497	222	
1498	442	
1499	843	
1500	447	
1501	757	
1502	721	
1503	842	
1504	185	
1505	412	
1506	770	
1507	631	
1508	543	
1509	56	
1510	239	
1511	596	
1512	480	
1513	235	
1514	797	
1515	127	
1516	77	
1517	733	
1518	538	
1519	446	
1520	74	
1521	874	
1522	422	
1523	810	
1524	197	
1525	536	
1526	908	
1527	501	
1528	436	
1529	263	
1530	216	
1531	85	
1532	25	
1533	753	
1534	1000	
1535	673	
1536	23	
1537	297	
1538	76	
1539	432	
1540	547	
1541	261	
1542	863	
1543	199	
1544	149	
1545	886	
1546	294	
1547	761	
1548	974	
1549	173	
1550	389	
1551	246	
1552	602	
1553	845	
1554	135	
1555	622	
1556	637	
1557	429	
1558	669	
1559	885	
1560	839	
1561	565	
1562	843	
1563	255	
1564	290	
1565	693	
1566	671	
1567	250	
1568	312	
1569	19	
1570	859	
1571	152	
1572	527	
1573	867	
1574	704	
1575	420	
1576	630	
1577	718	
1578	307	
1579	674	
1580	599	
1581	974	
1582	994	
1583	257	
1584	757	
1585	461	
1586	285	
1587	914	
1588	157	
1589	83	
1590	367	
1591	903	
1592	942	
1593	655	
1594	483	
1595	815	
1596	331	
1597	746	
1598	273	
1599	406	
1600	829	
1601	361	
1602	504	
1603	215	
1604	723	
1605	833	
1606	299	
1607	892	
1608	27	
1609	19	
1610	215	
1611	57	
1612	912	
1613	951	
1614	648	
1615	798	
1616	116	
1617	338	
1618	281	
1619	964	
1620	740	
1621	402	
1622	18	
1623	780	
1624	953	
1625	158	
1626	745	
1627	709	
1628	867	
1629	256	
1630	316	
1631	965	
1632	261	
1633	924	
1634	195	
1635	620	
1636	158	
1637	400	
1638	864	
1639	406	
1640	844	
1641	884	
1642	104	
1643	607	
1644	336	
1645	121	
1646	120	
1647	654	
1648	494	
1649	236	
1650	66	
1651	500	
1652	451	
1653	561	
1654	344	
1655	700	
1656	863	
1657	97	
1658	677	
1659	698	
1660	435	
1661	134	
1662	41	
1663	566	
1664	922	
1665	476	
1666	963	
1667	736	
1668	641	
1669	416	
1670	454	
1671	267	
1672	808	
1673	802	
1674	990	
1675	11	
1676	632	
1677	188	
1678	922	
1679	473	
1680	884	
1681	394	
1682	265	
1683	235	
1684	362	
1685	433	
1686	151	
1687	606	
1688	201	
1689	226	
1690	559	
1691	886	
1692	482	
1693	389	
1694	263	
1695	402	
1696	777	
1697	216	
1698	1	
1699	706	
1700	379	
1701	448	
1702	38	
1703	18	
1704	71	
1705	852	
1706	594	
1707	831	
1708	567	
1709	647	
1710	493	
1711	670	
1712	526	
1713	780	
1714	662	
1715	33	
1716	744	
1717	681	
1718	447	
1719	803	
1720	863	
1721	150	
1722	310	
1723	937	
1724	434	
1725	101	
1726	303	
1727	456	
1728	989	
1729	249	
1730	940	
1731	659	
1732	397	
1733	865	
1734	719	
1735	380	
1736	211	
1737	988	
1738	436	
1739	568	
1740	854	
1741	635	
1742	762	
1743	878	
1744	963	
1745	84	
1746	464	
1747	269	
1748	470	
1749	955	
1750	946	
1751	875	
1752	448	
1753	488	
1754	570	
1755	18	
1756	792	
1757	365	
1758	953	
1759	122	
1760	764	
1761	727	
1762	285	
1763	995	
1764	623	
1765	602	
1766	802	
1767	449	
1768	194	
1769	295	
1770	84	
1771	81	
1772	757	
1773	968	
1774	688	
1775	616	
1776	996	
1777	952	
1778	776	
1779	345	
1780	140	
1781	156	
1782	589	
1783	869	
1784	156	
1785	574	
1786	285	
1787	249	
1788	791	
1789	94	
1790	580	
1791	261	
1792	70	
1793	441	
1794	220	
1795	826	
1796	592	
1797	124	
1798	79	
1799	809	
1800	20	
1801	344	
1802	73	
1803	120	
1804	499	
1805	813	
1806	704	
1807	453	
1808	560	
1809	456	
1810	926	
1811	642	
1812	897	
1813	519	
1814	459	
1815	337	
1816	5	
1817	329	
1818	789	
1819	472	
1820	133	
1821	840	
1822	625	
1823	652	
1824	373	
1825	144	
1826	216	
1827	622	
1828	601	
1829	367	
1830	365	
1831	555	
1832	106	
1833	493	
1834	388	
1835	917	
1836	345	
1837	499	
1838	194	
1839	669	
1840	448	
1841	693	
1842	57	
1843	978	
1844	734	
1845	346	
1846	250	
1847	345	
1848	249	
1849	496	
1850	330	
1851	813	
1852	891	
1853	122	
1854	823	
1855	277	
1856	111	
1857	668	
1858	906	
1859	242	
1860	882	
1861	226	
1862	77	
1863	583	
1864	692	
1865	246	
1866	796	
1867	497	
1868	886	
1869	121	
1870	589	
1871	887	
1872	180	
1873	591	
1874	745	
1875	441	
1876	834	
1877	909	
1878	59	
1879	627	
1880	425	
1881	444	
1882	93	
1883	688	
1884	536	
1885	317	
1886	288	
1887	480	
1888	908	
1889	364	
1890	34	
1891	748	
1892	42	
1893	270	
1894	479	
1895	439	
1896	218	
1897	445	
1898	562	
1899	900	
1900	596	
1901	768	
1902	490	
1903	860	
1904	675	
1905	277	
1906	656	
1907	311	
1908	702	
1909	722	
1910	149	
1911	239	
1912	188	
1913	117	
1914	670	
1915	138	
1916	717	
1917	568	
1918	145	
1919	495	
1920	693	
1921	808	
1922	687	
1923	261	
1924	362	
1925	403	
1926	194	
1927	73	
1928	443	
1929	848	
1930	550	
1931	502	
1932	584	
1933	952	
1934	881	
1935	572	
1936	470	
1937	64	
1938	36	
1939	667	
1940	682	
1941	550	
1942	41	
1943	431	
1944	643	
1945	362	
1946	21	
1947	355	
1948	58	
1949	148	
1950	797	
1951	823	
1952	914	
1953	658	
1954	426	
1955	901	
1956	298	
1957	864	
1958	519	
1959	629	
1960	351	
1961	983	
1962	815	
1963	174	
1964	37	
1965	64	
1966	17	
1967	902	
1968	157	
1969	584	
1970	550	
1971	542	
1972	205	
1973	572	
1974	567	
1975	464	
1976	301	
1977	412	
1978	529	
1979	602	
1980	462	
1981	897	
1982	82	
1983	835	
1984	891	
1985	824	
1986	154	
1987	163	
1988	769	
1989	846	
1990	813	
1991	916	
1992	96	
1993	427	
1994	238	
1995	133	
1996	145	
1997	985	
1998	283	
1999	611	
2000	719	
2001	652	
2002	597	
2003	351	
2004	544	
2005	210	
2006	190	
2007	77	
2008	179	
2009	386	
2010	674	
2011	753	
2012	34	
2013	350	
2014	712	
2015	25	
2016	967	
2017	618	
2018	201	
2019	447	
2020	80	
2021	836	
2022	341	
2023	70	
2024	132	
2025	420	
2026	530	
2027	458	
2028	660	
2029	955	
2030	142	
2031	770	
2032	909	
2033	637	
2034	618	
2035	223	
2036	827	
2037	409	
2038	719	
2039	12	
2040	397	
2041	893	
2042	970	
2043	437	
2044	317	
2045	412	
2046	913	
2047	82	
2048	814	
2049	50	
2050	180	
2051	443	
2052	678	
2053	707	
2054	839	
2055	554	
2056	931	
2057	561	
2058	804	
2059	526	
2060	712	
2061	61	
2062	467	
2063	572	
2064	999	
2065	739	
2066	236	
2067	550	
2068	21	
2069	760	
2070	561	
2071	766	
2072	282	
2073	413	
2074	102	
2075	169	
2076	224	
2077	955	
2078	379	
2079	677	
2080	930	
2081	29	
2082	550	
2083	589	
2084	660	
2085	475	
2086	122	
2087	946	
2088	239	
2089	11	
2090	644	
2091	113	
2092	123	
2093	288	
2094	778	
2095	641	
2096	332	
2097	181	
2098	500	
2099	195	
2100	719	
2101	432	
2102	669	
2103	538	
2104	907	
2105	721	
2106	105	
2107	906	
2108	267	
2109	962	
2110	390	
2111	59	
2112	705	
2113	662	
2114	237	
2115	285	
2116	946	
2117	915	
2118	775	
2119	515	
2120	773	
2121	362	
2122	201	
2123	186	
2124	757	
2125	828	
2126	338	
2127	312	
2128	604	
2129	724	
2130	738	
2131	871	
2132	704	
2133	937	
2134	99	
2135	857	
2136	368	
2137	42	
2138	913	
2139	651	
2140	253	
2141	66	
2142	243	
2143	260	
2144	395	
2145	515	
2146	777	
2147	532	
2148	367	
2149	260	
2150	805	
2151	23	
2152	144	
2153	661	
2154	500	
2155	890	
2156	423	
2157	952	
2158	164	
2159	122	
2160	297	
2161	327	
2162	30	
2163	114	
2164	801	
2165	178	
2166	2	
2167	651	
2168	88	
2169	56	
2170	767	
2171	242	
2172	639	
2173	50	
2174	946	
2175	271	
2176	425	
2177	85	
2178	11	
2179	258	
2180	556	
2181	526	
2182	638	
2183	942	
2184	190	
2185	53	
2186	5	
2187	864	
2188	281	
2189	852	
2190	56	
2191	559	
2192	665	
2193	783	
2194	887	
2195	3	
2196	674	
2197	44	
2198	251	
2199	47	
2200	276	
2201	874	
2202	594	
2203	776	
2204	457	
2205	675	
2206	770	
2207	21	
2208	475	
2209	299	
2210	859	
2211	135	
2212	672	
2213	88	
2214	295	
2215	72	
2216	664	
2217	386	
2218	987	
2219	53	
2220	570	
2221	282	
2222	725	
2223	134	
2224	404	
2225	612	
2226	197	
2227	442	
2228	202	
2229	334	
2230	550	
2231	382	
2232	756	
2233	169	
2234	531	
2235	876	
2236	842	
2237	245	
2238	124	
2239	78	
2240	312	
2241	398	
2242	81	
2243	786	
2244	412	
2245	835	
2246	627	
2247	884	
2248	693	
2249	619	
2250	87	
2251	201	
2252	604	
2253	328	
2254	652	
2255	848	
2256	820	
2257	221	
2258	81	
2259	761	
2260	346	
2261	66	
2262	346	
2263	7	
2264	951	
2265	324	
2266	538	
2267	287	
2268	83	
2269	15	
2270	576	
2271	857	
2272	353	
2273	318	
2274	876	
2275	724	
2276	800	
2277	918	
2278	608	
2279	611	
2280	750	
2281	665	
2282	97	
2283	371	
2284	260	
2285	470	
2286	444	
2287	844	
2288	366	
2289	515	
2290	419	
2291	222	
2292	810	
2293	741	
2294	304	
2295	883	
2296	838	
2297	796	
2298	38	
2299	673	
2300	267	
2301	882	
2302	549	
2303	686	
2304	670	
2305	42	
2306	228	
2307	436	
2308	187	
2309	434	
2310	446	
2311	172	
2312	474	
2313	563	
2314	640	
2315	844	
2316	508	
2317	181	
2318	758	
2319	51	
2320	181	
2321	286	
2322	67	
2323	154	
2324	265	
2325	370	
2326	855	
2327	562	
2328	104	
2329	681	
2330	360	
2331	977	
2332	675	
2333	965	
2334	580	
2335	951	
2336	726	
2337	219	
2338	923	
2339	739	
2340	110	
2341	887	
2342	655	
2343	32	
2344	283	
2345	202	
2346	948	
2347	940	
2348	780	
2349	269	
2350	890	
2351	253	
2352	911	
2353	701	
2354	264	
2355	820	
2356	8	
2357	559	
2358	88	
2359	899	
2360	222	
2361	954	
2362	256	
2363	160	
2364	83	
2365	473	
2366	837	
2367	978	
2368	210	
2369	280	
2370	119	
2371	800	
2372	817	
2373	916	
2374	681	
2375	303	
2376	958	
2377	318	
2378	495	
2379	146	
2380	500	
2381	838	
2382	519	
2383	961	
2384	717	
2385	817	
2386	787	
2387	781	
2388	246	
2389	116	
2390	771	
2391	271	
2392	544	
2393	512	
2394	517	
2395	622	
2396	386	
2397	462	
2398	791	
2399	951	
2400	298	
2401	530	
2402	136	
2403	965	
2404	299	
2405	714	
2406	156	
2407	832	
2408	326	
2409	334	
2410	759	
2411	823	
2412	803	
2413	159	
2414	478	
2415	16	
2416	222	
2417	241	
2418	67	
2419	644	
2420	580	
2421	267	
2422	880	
2423	54	
2424	141	
2425	939	
2426	560	
2427	466	
2428	377	
2429	172	
2430	674	
2431	88	
2432	605	
2433	201	
2434	263	
2435	487	
2436	645	
2437	689	
2438	705	
2439	724	
2440	889	
2441	947	
2442	684	
2443	43	
2444	482	
2445	865	
2446	967	
2447	226	
2448	451	
2449	766	
2450	521	
2451	602	
2452	578	
2453	369	
2454	278	
2455	367	
2456	430	
2457	74	
2458	976	
2459	509	
2460	952	
2461	610	
2462	568	
2463	611	
2464	980	
2465	308	
2466	12	
2467	353	
2468	543	
2469	760	
2470	664	
2471	955	
2472	864	
2473	84	
2474	216	
2475	229	
2476	880	
2477	291	
2478	145	
2479	142	
2480	492	
2481	264	
2482	605	
2483	895	
2484	207	
2485	721	
2486	181	
2487	83	
2488	130	
2489	494	
2490	646	
2491	902	
2492	654	
2493	768	
2494	87	
2495	48	
2496	278	
2497	180	
2498	47	
2499	185	
2500	216	
2501	680	
2502	713	
2503	68	
2504	938	
2505	314	
2506	576	
2507	526	
2508	366	
2509	142	
2510	285	
2511	581	
2512	312	
2513	494	
2514	150	
2515	283	
2516	108	
2517	449	
2518	662	
2519	689	
2520	714	
2521	14	
2522	946	
2523	726	
2524	356	
2525	680	
2526	647	
2527	904	
2528	628	
2529	249	
2530	23	
2531	72	
2532	344	
2533	376	
2534	179	
2535	264	
2536	944	
2537	277	
2538	391	
2539	501	
2540	292	
2541	10	
2542	370	
2543	462	
2544	952	
2545	417	
2546	61	
2547	333	
2548	849	
2549	674	
2550	937	
2551	771	
2552	710	
2553	403	
2554	555	
2555	437	
2556	682	
2557	808	
2558	162	
2559	963	
2560	846	
2561	290	
2562	341	
2563	765	
2564	825	
2565	41	
2566	734	
2567	326	
2568	737	
2569	29	
2570	435	
2571	43	
2572	457	
2573	214	
2574	537	
2575	674	
2576	867	
2577	233	
2578	121	
2579	365	
2580	853	
2581	43	
2582	694	
2583	806	
2584	46	
2585	541	
2586	82	
2587	338	
2588	511	
2589	576	
2590	702	
2591	432	
2592	651	
2593	800	
2594	48	
2595	977	
2596	977	
2597	483	
2598	228	
2599	183	
2600	935	
2601	889	
2602	173	
2603	944	
2604	486	
2605	499	
2606	146	
2607	273	
2608	186	
2609	221	
2610	404	
2611	620	
2612	1	
2613	365	
2614	556	
2615	421	
2616	993	
2617	715	
2618	991	
2619	94	
2620	931	
2621	993	
2622	611	
2623	888	
2624	724	
2625	3	
2626	177	
2627	52	
2628	664	
2629	909	
2630	906	
2631	547	
2632	79	
2633	313	
2634	444	
2635	267	
2636	59	
2637	696	
2638	636	
2639	818	
2640	285	
2641	494	
2642	771	
2643	562	
2644	676	
2645	264	
2646	291	
2647	358	
2648	95	
2649	14	
2650	865	
2651	729	
2652	160	
2653	243	
2654	178	
2655	187	
2656	393	
2657	810	
2658	527	
2659	845	
2660	384	
2661	104	
2662	75	
2663	521	
2664	908	
2665	510	
2666	769	
2667	757	
2668	927	
2669	598	
2670	592	
2671	510	
2672	515	
2673	827	
2674	297	
2675	447	
2676	839	
2677	691	
2678	285	
2679	905	
2680	122	
2681	38	
2682	993	
2683	722	
2684	780	
2685	245	
2686	147	
2687	176	
2688	513	
2689	949	
2690	68	
2691	461	
2692	263	
2693	220	
2694	141	
2695	954	
2696	820	
2697	952	
2698	972	
2699	733	
2700	211	
2701	741	
2702	310	
2703	349	
2704	661	
2705	125	
2706	700	
2707	282	
2708	898	
2709	55	
2710	440	
2711	639	
2712	223	
2713	170	
2714	270	
2715	74	
2716	375	
2717	368	
2718	453	
2719	544	
2720	685	
2721	694	
2722	949	
2723	11	
2724	565	
2725	240	
2726	449	
2727	166	
2728	840	
2729	55	
2730	196	
2731	972	
2732	590	
2733	156	
2734	685	
2735	38	
2736	491	
2737	132	
2738	828	
2739	924	
2740	308	
2741	259	
2742	68	
2743	784	
2744	417	
2745	59	
2746	905	
2747	280	
2748	650	
2749	460	
2750	153	
2751	299	
2752	196	
2753	979	
2754	381	
2755	528	
2756	979	
2757	949	
2758	150	
2759	884	
2760	207	
2761	810	
2762	354	
2763	426	
2764	537	
2765	684	
2766	70	
2767	26	
2768	332	
2769	719	
2770	35	
2771	564	
2772	678	
2773	304	
2774	619	
2775	428	
2776	214	
2777	416	
2778	90	
2779	925	
2780	293	
2781	792	
2782	207	
2783	792	
2784	935	
2785	788	
2786	762	
2787	900	
2788	833	
2789	218	
2790	861	
2791	500	
2792	458	
2793	458	
2794	781	
2795	982	
2796	812	
2797	493	
2798	872	
2799	232	
2800	801	
2801	775	
2802	127	
2803	3	
2804	728	
2805	798	
2806	34	
2807	298	
2808	927	
2809	786	
2810	992	
2811	777	
2812	160	
2813	213	
2814	6	
2815	80	
2816	990	
2817	563	
2818	197	
2819	902	
2820	910	
2821	392	
2822	414	
2823	424	
2824	193	
2825	830	
2826	750	
2827	953	
2828	38	
2829	214	
2830	940	
2831	209	
2832	906	
2833	20	
2834	160	
2835	961	
2836	273	
2837	493	
2838	364	
2839	563	
2840	771	
2841	649	
2842	548	
2843	203	
2844	370	
2845	619	
2846	447	
2847	66	
2848	736	
2849	758	
2850	341	
2851	959	
2852	251	
2853	807	
2854	576	
2855	158	
2856	331	
2857	847	
2858	949	
2859	123	
2860	24	
2861	48	
2862	394	
2863	157	
2864	302	
2865	957	
2866	679	
2867	469	
2868	474	
2869	860	
2870	999	
2871	838	
2872	107	
2873	124	
2874	870	
2875	796	
2876	316	
2877	225	
2878	986	
2879	687	
2880	726	
2881	613	
2882	443	
2883	759	
2884	976	
2885	54	
2886	796	
2887	239	
2888	465	
2889	445	
2890	874	
2891	891	
2892	345	
2893	18	
2894	73	
2895	443	
2896	165	
2897	330	
2898	276	
2899	472	
2900	826	
2901	507	
2902	348	
2903	644	
2904	663	
2905	604	
2906	325	
2907	316	
2908	525	
2909	568	
2910	126	
2911	879	
2912	896	
2913	1	
2914	719	
2915	837	
2916	76	
2917	566	
2918	282	
2919	434	
2920	122	
2921	543	
2922	780	
2923	258	
2924	658	
2925	197	
2926	602	
2927	852	
2928	625	
2929	789	
2930	6	
2931	874	
2932	938	
2933	283	
2934	250	
2935	996	
2936	190	
2937	873	
2938	66	
2939	82	
2940	902	
2941	359	
2942	59	
2943	401	
2944	517	
2945	74	
2946	160	
2947	906	
2948	360	
2949	815	
2950	273	
2951	504	
2952	55	
2953	390	
2954	603	
2955	200	
2956	755	
2957	249	
2958	365	
2959	984	
2960	512	
2961	572	
2962	478	
2963	426	
2964	106	
2965	404	
2966	234	
2967	96	
2968	921	
2969	618	
2970	580	
2971	151	
2972	174	
2973	791	
2974	515	
2975	110	
2976	990	
2977	119	
2978	495	
2979	21	
2980	716	
2981	312	
2982	706	
2983	928	
2984	976	
2985	818	
2986	736	
2987	364	
2988	644	
2989	13	
2990	985	
2991	918	
2992	266	
2993	704	
2994	684	
2995	304	
2996	561	
2997	198	
2998	756	
2999	334	
3000	456	
3001	80	
3002	44	
3003	826	
3004	791	
3005	88	
3006	740	
3007	13	
3008	378	
3009	793	
3010	115	
3011	847	
3012	823	
3013	338	
3014	548	
3015	491	
3016	372	
3017	354	
3018	67	
3019	326	
3020	484	
3021	282	
3022	183	
3023	143	
3024	161	
3025	96	
3026	671	
3027	414	
3028	168	
3029	352	
3030	519	
3031	862	
3032	634	
3033	34	
3034	162	
3035	308	
3036	599	
3037	873	
3038	766	
3039	127	
3040	858	
3041	208	
3042	213	
3043	424	
3044	409	
3045	468	
3046	344	
3047	481	
3048	68	
3049	302	
3050	284	
3051	760	
3052	139	
3053	912	
3054	782	
3055	394	
3056	82	
3057	917	
3058	904	
3059	138	
3060	791	
3061	483	
3062	596	
3063	721	
3064	247	
3065	562	
3066	877	
3067	493	
3068	622	
3069	547	
3070	867	
3071	948	
3072	542	
3073	875	
3074	181	
3075	127	
3076	380	
3077	775	
3078	374	
3079	802	
3080	808	
3081	736	
3082	146	
3083	920	
3084	699	
3085	366	
3086	335	
3087	408	
3088	584	
3089	278	
3090	295	
3091	173	
3092	981	
3093	206	
3094	978	
3095	935	
3096	441	
3097	965	
3098	390	
3099	980	
3100	565	
3101	590	
3102	345	
3103	131	
3104	397	
3105	27	
3106	330	
3107	205	
3108	486	
3109	531	
3110	373	
3111	701	
3112	751	
3113	46	
3114	558	
3115	638	
3116	793	
3117	765	
3118	10	
3119	641	
3120	137	
3121	77	
3122	555	
3123	806	
3124	763	
3125	530	
3126	522	
3127	815	
3128	950	
3129	902	
3130	509	
3131	106	
3132	60	
3133	945	
3134	816	
3135	197	
3136	896	
3137	735	
3138	5	
3139	858	
3140	799	
3141	527	
3142	222	
3143	946	
3144	826	
3145	112	
3146	959	
3147	228	
3148	536	
3149	141	
3150	38	
3151	436	
3152	358	
3153	95	
3154	941	
3155	518	
3156	440	
3157	807	
3158	212	
3159	586	
3160	678	
3161	939	
3162	969	
3163	479	
3164	938	
3165	316	
3166	585	
3167	682	
3168	758	
3169	352	
3170	534	
3171	61	
3172	449	
3173	716	
3174	728	
3175	843	
3176	48	
3177	976	
3178	982	
3179	351	
3180	830	
3181	365	
3182	428	
3183	626	
3184	494	
3185	79	
3186	836	
3187	436	
3188	557	
3189	244	
3190	39	
3191	752	
3192	651	
3193	508	
3194	131	
3195	482	
3196	176	
3197	617	
3198	932	
3199	609	
3200	777	
3201	862	
3202	924	
3203	359	
3204	562	
3205	650	
3206	253	
3207	878	
3208	754	
3209	884	
3210	371	
3211	866	
3212	724	
3213	285	
3214	236	
3215	579	
3216	362	
3217	715	
3218	673	
3219	169	
3220	994	
3221	738	
3222	92	
3223	304	
3224	875	
3225	474	
3226	714	
3227	932	
3228	470	
3229	790	
3230	776	
3231	579	
3232	86	
3233	441	
3234	120	
3235	511	
3236	530	
3237	184	
3238	666	
3239	155	
3240	448	
3241	844	
3242	997	
3243	347	
3244	897	
3245	775	
3246	157	
3247	862	
3248	418	
3249	123	
3250	284	
3251	733	
3252	990	
3253	152	
3254	611	
3255	267	
3256	470	
3257	77	
3258	559	
3259	164	
3260	411	
3261	788	
3262	86	
3263	712	
3264	464	
3265	928	
3266	337	
3267	927	
3268	834	
3269	911	
3270	690	
3271	627	
3272	393	
3273	441	
3274	421	
3275	515	
3276	190	
3277	985	
3278	624	
3279	172	
3280	517	
3281	17	
3282	700	
3283	800	
3284	10	
3285	383	
3286	547	
3287	672	
3288	949	
3289	973	
3290	410	
3291	107	
3292	944	
3293	514	
3294	718	
3295	855	
3296	773	
3297	27	
3298	200	
3299	372	
3300	426	
3301	278	
3302	139	
3303	998	
3304	750	
3305	155	
3306	674	
3307	641	
3308	563	
3309	683	
3310	460	
3311	524	
3312	812	
3313	419	
3314	682	
3315	561	
3316	406	
3317	815	
3318	797	
3319	336	
3320	872	
3321	649	
3322	386	
3323	249	
3324	604	
3325	977	
3326	703	
3327	705	
3328	85	
3329	787	
3330	733	
3331	881	
3332	81	
3333	198	
3334	734	
3335	483	
3336	695	
3337	169	
3338	293	
3339	742	
3340	855	
3341	278	
3342	618	
3343	359	
3344	334	
3345	593	
3346	693	
3347	800	
3348	401	
3349	96	
3350	880	
3351	603	
3352	302	
3353	937	
3354	944	
3355	941	
3356	968	
3357	760	
3358	154	
3359	245	
3360	250	
3361	88	
3362	487	
3363	748	
3364	256	
3365	695	
3366	114	
3367	836	
3368	915	
3369	404	
3370	686	
3371	162	
3372	811	
3373	274	
3374	250	
3375	149	
3376	716	
3377	940	
3378	495	
3379	526	
3380	876	
3381	233	
3382	110	
3383	57	
3384	992	
3385	959	
3386	171	
3387	728	
3388	252	
3389	704	
3390	135	
3391	636	
3392	298	
3393	946	
3394	599	
3395	93	
3396	559	
3397	632	
3398	584	
3399	630	
3400	19	
3401	204	
3402	580	
3403	292	
3404	775	
3405	879	
3406	323	
3407	734	
3408	358	
3409	508	
3410	757	
3411	923	
3412	582	
3413	138	
3414	684	
3415	328	
3416	662	
3417	569	
3418	573	
3419	234	
3420	583	
3421	89	
3422	685	
3423	830	
3424	781	
3425	656	
3426	501	
3427	853	
3428	541	
3429	890	
3430	895	
3431	763	
3432	502	
3433	248	
3434	328	
3435	277	
3436	834	
3437	876	
3438	518	
3439	104	
3440	507	
3441	897	
3442	426	
3443	511	
3444	48	
3445	900	
3446	741	
3447	283	
3448	599	
3449	959	
3450	595	
3451	314	
3452	242	
3453	603	
3454	220	
3455	986	
3456	244	
3457	555	
3458	800	
3459	164	
3460	347	
3461	269	
3462	816	
3463	619	
3464	277	
3465	897	
3466	714	
3467	260	
3468	637	
3469	818	
3470	259	
3471	566	
3472	716	
3473	58	
3474	804	
3475	217	
3476	266	
3477	503	
3478	919	
3479	464	
3480	580	
3481	338	
3482	536	
3483	769	
3484	293	
3485	997	
3486	734	
3487	913	
3488	607	
3489	114	
3490	353	
3491	66	
3492	864	
3493	784	
3494	443	
3495	742	
3496	520	
3497	151	
3498	841	
3499	323	
3500	175	
3501	368	
3502	249	
3503	286	
3504	41	
3505	23	
3506	795	
3507	658	
3508	531	
3509	219	
3510	882	
3511	400	
3512	181	
3513	762	
3514	890	
3515	374	
3516	703	
3517	823	
3518	665	
3519	602	
3520	646	
3521	582	
3522	191	
3523	766	
3524	662	
3525	804	
3526	944	
3527	67	
3528	22	
3529	113	
3530	822	
3531	87	
3532	961	
3533	615	
3534	921	
3535	41	
3536	265	
3537	826	
3538	465	
3539	497	
3540	548	
3541	615	
3542	471	
3543	467	
3544	929	
3545	583	
3546	786	
3547	10	
3548	913	
3549	27	
3550	629	
3551	254	
3552	200	
3553	663	
3554	603	
3555	632	
3556	258	
3557	168	
3558	342	
3559	883	
3560	216	
3561	608	
3562	377	
3563	595	
3564	987	
3565	294	
3566	146	
3567	238	
3568	741	
3569	753	
3570	508	
3571	847	
3572	149	
3573	956	
3574	342	
3575	720	
3576	793	
3577	456	
3578	807	
3579	869	
3580	906	
3581	94	
3582	412	
3583	581	
3584	941	
3585	516	
3586	645	
3587	466	
3588	239	
3589	741	
3590	789	
3591	829	
3592	702	
3593	43	
3594	809	
3595	733	
3596	836	
3597	927	
3598	861	
3599	135	
3600	29	
3601	740	
3602	524	
3603	44	
3604	517	
3605	793	
3606	591	
3607	991	
3608	396	
3609	317	
3610	250	
3611	518	
3612	771	
3613	179	
3614	868	
3615	7	
3616	647	
3617	374	
3618	692	
3619	74	
3620	51	
3621	819	
3622	175	
3623	330	
3624	335	
3625	739	
3626	374	
3627	877	
3628	61	
3629	568	
3630	250	
3631	89	
3632	856	
3633	212	
3634	722	
3635	335	
3636	85	
3637	543	
3638	921	
3639	898	
3640	499	
3641	512	
3642	882	
3643	526	
3644	300	
3645	776	
3646	501	
3647	851	
3648	492	
3649	716	
3650	721	
3651	16	
3652	534	
3653	393	
3654	514	
3655	530	
3656	396	
3657	264	
3658	26	
3659	260	
3660	469	
3661	361	
3662	248	
3663	551	
3664	694	
3665	185	
3666	422	
3667	73	
3668	284	
3669	902	
3670	797	
3671	999	
3672	926	
3673	295	
3674	561	
3675	349	
3676	205	
3677	614	
3678	432	
3679	945	
3680	500	
3681	303	
3682	500	
3683	5	
3684	10	
3685	496	
3686	142	
3687	140	
3688	444	
3689	753	
3690	771	
3691	26	
3692	382	
3693	227	
3694	904	
3695	190	
3696	193	
3697	690	
3698	823	
3699	282	
3700	619	
3701	597	
3702	26	
3703	334	
3704	924	
3705	138	
3706	516	
3707	130	
3708	60	
3709	620	
3710	501	
3711	402	
3712	368	
3713	231	
3714	932	
3715	881	
3716	220	
3717	288	
3718	524	
3719	553	
3720	16	
3721	847	
3722	833	
3723	775	
3724	685	
3725	182	
3726	298	
3727	657	
3728	519	
3729	705	
3730	390	
3731	25	
3732	242	
3733	869	
3734	201	
3735	169	
3736	270	
3737	411	
3738	262	
3739	822	
3740	292	
3741	819	
3742	467	
3743	998	
3744	328	
3745	491	
3746	426	
3747	428	
3748	895	
3749	464	
3750	28	
3751	217	
3752	600	
3753	353	
3754	134	
3755	850	
3756	621	
3757	201	
3758	133	
3759	942	
3760	672	
3761	691	
3762	443	
3763	742	
3764	88	
3765	213	
3766	345	
3767	941	
3768	747	
3769	447	
3770	237	
3771	752	
3772	587	
3773	179	
3774	827	
3775	525	
3776	851	
3777	500	
3778	117	
3779	877	
3780	625	
3781	281	
3782	501	
3783	923	
3784	803	
3785	656	
3786	31	
3787	300	
3788	364	
3789	717	
3790	186	
3791	310	
3792	710	
3793	762	
3794	717	
3795	147	
3796	798	
3797	630	
3798	884	
3799	893	
3800	780	
3801	761	
3802	593	
3803	569	
3804	762	
3805	851	
3806	949	
3807	238	
3808	746	
3809	130	
3810	7	
3811	901	
3812	195	
3813	434	
3814	576	
3815	248	
3816	674	
3817	500	
3818	575	
3819	396	
3820	930	
3821	954	
3822	960	
3823	81	
3824	470	
3825	990	
3826	429	
3827	438	
3828	268	
3829	840	
3830	168	
3831	135	
3832	441	
3833	47	
3834	372	
3835	337	
3836	649	
3837	916	
3838	8	
3839	738	
3840	277	
3841	764	
3842	61	
3843	995	
3844	284	
3845	260	
3846	421	
3847	479	
3848	469	
3849	221	
3850	420	
3851	11	
3852	289	
3853	63	
3854	368	
3855	142	
3856	331	
3857	799	
3858	363	
3859	672	
3860	337	
3861	3	
3862	861	
3863	804	
3864	554	
3865	754	
3866	404	
3867	303	
3868	783	
3869	262	
3870	301	
3871	352	
3872	731	
3873	507	
3874	882	
3875	184	
3876	325	
3877	87	
3878	811	
3879	529	
3880	963	
3881	762	
3882	15	
3883	777	
3884	791	
3885	709	
3886	970	
3887	557	
3888	811	
3889	396	
3890	110	
3891	448	
3892	574	
3893	518	
3894	700	
3895	11	
3896	174	
3897	969	
3898	17	
3899	524	
3900	524	
3901	856	
3902	356	
3903	25	
3904	125	
3905	118	
3906	516	
3907	43	
3908	382	
3909	906	
3910	819	
3911	574	
3912	341	
3913	379	
3914	879	
3915	173	
3916	700	
3917	899	
3918	662	
3919	496	
3920	743	
3921	990	
3922	335	
3923	159	
3924	490	
3925	273	
3926	701	
3927	413	
3928	277	
3929	813	
3930	116	
3931	455	
3932	162	
3933	691	
3934	68	
3935	285	
3936	299	
3937	583	
3938	115	
3939	118	
3940	478	
3941	366	
3942	653	
3943	605	
3944	626	
3945	778	
3946	669	
3947	512	
3948	153	
3949	42	
3950	442	
3951	125	
3952	814	
3953	804	
3954	781	
3955	92	
3956	502	
3957	805	
3958	743	
3959	338	
3960	304	
3961	557	
3962	61	
3963	698	
3964	207	
3965	694	
3966	638	
3967	11	
3968	628	
3969	627	
3970	520	
3971	527	
3972	950	
3973	99	
3974	168	
3975	191	
3976	859	
3977	44	
3978	633	
3979	665	
3980	622	
3981	194	
3982	97	
3983	956	
3984	801	
3985	655	
3986	361	
3987	616	
3988	210	
3989	778	
3990	251	
3991	937	
3992	375	
3993	787	
3994	516	
3995	762	
3996	83	
3997	34	
3998	585	
3999	820	
4000	761	
4001	877	
4002	627	
4003	502	
4004	709	
4005	648	
4006	237	
4007	500	
4008	536	
4009	612	
4010	850	
4011	705	
4012	938	
4013	50	
4014	913	
4015	918	
4016	640	
4017	607	
4018	155	
4019	755	
4020	885	
4021	24	
4022	657	
4023	379	
4024	770	
4025	340	
4026	504	
4027	754	
4028	487	
4029	263	
4030	454	
4031	655	
4032	801	
4033	379	
4034	668	
4035	876	
4036	660	
4037	974	
4038	139	
4039	235	
4040	72	
4041	312	
4042	217	
4043	272	
4044	230	
4045	259	
4046	3	
4047	227	
4048	594	
4049	963	
4050	506	
4051	493	
4052	40	
4053	494	
4054	904	
4055	231	
4056	504	
4057	355	
4058	545	
4059	496	
4060	659	
4061	796	
4062	653	
4063	406	
4064	165	
4065	341	
4066	346	
4067	385	
4068	491	
4069	444	
4070	643	
4071	244	
4072	716	
4073	217	
4074	749	
4075	981	
4076	530	
4077	349	
4078	846	
4079	987	
4080	336	
4081	452	
4082	847	
4083	581	
4084	626	
4085	421	
4086	385	
4087	830	
4088	42	
4089	30	
4090	425	
4091	445	
4092	511	
4093	530	
4094	445	
4095	22	
4096	645	
4097	188	
4098	533	
4099	36	
4100	970	
4101	331	
4102	333	
4103	817	
4104	132	
4105	166	
4106	207	
4107	913	
4108	829	
4109	159	
4110	676	
4111	477	
4112	49	
4113	42	
4114	785	
4115	259	
4116	429	
4117	852	
4118	267	
4119	80	
4120	47	
4121	494	
4122	150	
4123	344	
4124	426	
4125	848	
4126	799	
4127	850	
4128	440	
4129	416	
4130	991	
4131	942	
4132	504	
4133	811	
4134	808	
4135	168	
4136	543	
4137	784	
4138	759	
4139	308	
4140	216	
4141	890	
4142	954	
4143	281	
4144	630	
4145	300	
4146	290	
4147	945	
4148	198	
4149	580	
4150	367	
4151	404	
4152	216	
4153	338	
4154	656	
4155	906	
4156	565	
4157	712	
4158	666	
4159	328	
4160	343	
4161	769	
4162	886	
4163	47	
4164	317	
4165	43	
4166	189	
4167	26	
4168	790	
4169	535	
4170	837	
4171	173	
4172	755	
4173	469	
4174	939	
4175	809	
4176	671	
4177	387	
4178	951	
4179	532	
4180	464	
4181	149	
4182	189	
4183	371	
4184	261	
4185	419	
4186	480	
4187	346	
4188	135	
4189	839	
4190	303	
4191	440	
4192	298	
4193	30	
4194	338	
4195	6	
4196	482	
4197	52	
4198	196	
4199	478	
4200	240	
4201	858	
4202	32	
4203	397	
4204	93	
4205	666	
4206	572	
4207	483	
4208	779	
4209	830	
4210	51	
4211	95	
4212	193	
4213	718	
4214	620	
4215	61	
4216	157	
4217	921	
4218	398	
4219	538	
4220	225	
4221	624	
4222	318	
4223	356	
4224	56	
4225	672	
4226	764	
4227	924	
4228	919	
4229	166	
4230	68	
4231	29	
4232	487	
4233	402	
4234	664	
4235	940	
4236	871	
4237	686	
4238	224	
4239	847	
4240	739	
4241	510	
4242	348	
4243	120	
4244	74	
4245	544	
4246	317	
4247	977	
4248	713	
4249	811	
4250	570	
4251	423	
4252	250	
4253	897	
4254	222	
4255	585	
4256	266	
4257	414	
4258	244	
4259	408	
4260	660	
4261	184	
4262	174	
4263	86	
4264	320	
4265	39	
4266	910	
4267	769	
4268	504	
4269	116	
4270	221	
4271	582	
4272	711	
4273	499	
4274	210	
4275	32	
4276	410	
4277	610	
4278	704	
4279	240	
4280	992	
4281	898	
4282	947	
4283	940	
4284	556	
4285	203	
4286	600	
4287	506	
4288	7	
4289	457	
4290	746	
4291	891	
4292	616	
4293	939	
4294	457	
4295	138	
4296	606	
4297	216	
4298	194	
4299	229	
4300	65	
4301	282	
4302	540	
4303	376	
4304	454	
4305	868	
4306	639	
4307	846	
4308	818	
4309	933	
4310	236	
4311	154	
4312	244	
4313	109	
4314	353	
4315	663	
4316	93	
4317	445	
4318	948	
4319	45	
4320	296	
4321	809	
4322	261	
4323	805	
4324	668	
4325	638	
4326	926	
4327	305	
4328	134	
4329	93	
4330	844	
4331	799	
4332	538	
4333	832	
4334	332	
4335	173	
4336	817	
4337	354	
4338	272	
4339	35	
4340	353	
4341	481	
4342	986	
4343	94	
4344	962	
4345	261	
4346	662	
4347	201	
4348	549	
4349	96	
4350	497	
4351	619	
4352	445	
4353	397	
4354	614	
4355	373	
4356	311	
4357	602	
4358	757	
4359	803	
4360	915	
4361	888	
4362	251	
4363	528	
4364	634	
4365	111	
4366	439	
4367	868	
4368	728	
4369	45	
4370	128	
4371	839	
4372	385	
4373	894	
4374	322	
4375	548	
4376	645	
4377	978	
4378	344	
4379	257	
4380	741	
4381	555	
4382	288	
4383	459	
4384	501	
4385	222	
4386	12	
4387	964	
4388	922	
4389	375	
4390	829	
4391	615	
4392	963	
4393	15	
4394	408	
4395	839	
4396	170	
4397	671	
4398	274	
4399	325	
4400	506	
4401	628	
4402	541	
4403	9	
4404	783	
4405	875	
4406	371	
4407	422	
4408	915	
4409	875	
4410	231	
4411	16	
4412	325	
4413	535	
4414	633	
4415	910	
4416	377	
4417	235	
4418	384	
4419	762	
4420	525	
4421	44	
4422	839	
4423	485	
4424	711	
4425	667	
4426	594	
4427	622	
4428	946	
4429	824	
4430	336	
4431	10	
4432	383	
4433	32	
4434	728	
4435	706	
4436	86	
4437	144	
4438	821	
4439	306	
4440	212	
4441	657	
4442	188	
4443	621	
4444	716	
4445	652	
4446	139	
4447	340	
4448	57	
4449	781	
4450	809	
4451	590	
4452	879	
4453	530	
4454	418	
4455	359	
4456	919	
4457	427	
4458	978	
4459	211	
4460	113	
4461	865	
4462	206	
4463	473	
4464	993	
4465	960	
4466	144	
4467	306	
4468	804	
4469	302	
4470	914	
4471	904	
4472	394	
4473	884	
4474	47	
4475	386	
4476	923	
4477	634	
4478	759	
4479	556	
4480	364	
4481	892	
4482	921	
4483	761	
4484	481	
4485	673	
4486	72	
4487	251	
4488	666	
4489	728	
4490	592	
4491	822	
4492	119	
4493	267	
4494	183	
4495	402	
4496	654	
4497	765	
4498	630	
4499	176	
4500	58	
4501	605	
4502	120	
4503	186	
4504	594	
4505	779	
4506	103	
4507	444	
4508	290	
4509	680	
4510	692	
4511	247	
4512	939	
4513	903	
4514	269	
4515	18	
4516	122	
4517	640	
4518	62	
4519	569	
4520	32	
4521	289	
4522	347	
4523	784	
4524	958	
4525	21	
4526	865	
4527	342	
4528	94	
4529	399	
4530	594	
4531	661	
4532	63	
4533	357	
4534	847	
4535	981	
4536	247	
4537	527	
4538	526	
4539	438	
4540	152	
4541	550	
4542	907	
4543	220	
4544	773	
4545	575	
4546	904	
4547	266	
4548	11	
4549	656	
4550	639	
4551	346	
4552	971	
4553	695	
4554	892	
4555	609	
4556	932	
4557	248	
4558	493	
4559	973	
4560	619	
4561	405	
4562	275	
4563	624	
4564	644	
4565	509	
4566	409	
4567	556	
4568	879	
4569	367	
4570	785	
4571	102	
4572	814	
4573	454	
4574	516	
4575	21	
4576	123	
4577	940	
4578	448	
4579	689	
4580	564	
4581	528	
4582	281	
4583	902	
4584	105	
4585	714	
4586	746	
4587	104	
4588	674	
4589	531	
4590	826	
4591	543	
4592	482	
4593	808	
4594	162	
4595	722	
4596	192	
4597	822	
4598	843	
4599	789	
4600	307	
4601	196	
4602	778	
4603	716	
4604	27	
4605	197	
4606	174	
4607	991	
4608	517	
4609	837	
4610	910	
4611	598	
4612	997	
4613	145	
4614	860	
4615	436	
4616	482	
4617	641	
4618	38	
4619	510	
4620	903	
4621	240	
4622	250	
4623	27	
4624	54	
4625	576	
4626	375	
4627	11	
4628	5	
4629	751	
4630	360	
4631	217	
4632	498	
4633	950	
4634	137	
4635	762	
4636	384	
4637	14	
4638	226	
4639	69	
4640	434	
4641	643	
4642	993	
4643	434	
4644	237	
4645	883	
4646	714	
4647	574	
4648	199	
4649	613	
4650	816	
4651	787	
4652	100	
4653	36	
4654	178	
4655	89	
4656	13	
4657	628	
4658	553	
4659	42	
4660	712	
4661	673	
4662	390	
4663	39	
4664	997	
4665	732	
4666	230	
4667	710	
4668	677	
4669	239	
4670	983	
4671	317	
4672	899	
4673	630	
4674	970	
4675	733	
4676	804	
4677	277	
4678	217	
4679	481	
4680	920	
4681	902	
4682	199	
4683	982	
4684	848	
4685	786	
4686	637	
4687	715	
4688	280	
4689	533	
4690	529	
4691	408	
4692	500	
4693	4	
4694	446	
4695	336	
4696	612	
4697	967	
4698	536	
4699	96	
4700	169	
4701	497	
4702	46	
4703	895	
4704	983	
4705	869	
4706	225	
4707	6	
4708	139	
4709	904	
4710	441	
4711	535	
4712	789	
4713	515	
4714	924	
4715	640	
4716	36	
4717	480	
4718	840	
4719	343	
4720	390	
4721	930	
4722	222	
4723	900	
4724	63	
4725	543	
4726	759	
4727	604	
4728	70	
4729	999	
4730	584	
4731	785	
4732	77	
4733	315	
4734	55	
4735	829	
4736	816	
4737	64	
4738	597	
4739	886	
4740	250	
4741	228	
4742	259	
4743	320	
4744	661	
4745	725	
4746	375	
4747	345	
4748	672	
4749	967	
4750	654	
4751	677	
4752	952	
4753	164	
4754	249	
4755	287	
4756	594	
4757	419	
4758	258	
4759	738	
4760	420	
4761	827	
4762	149	
4763	977	
4764	17	
4765	430	
4766	889	
4767	37	
4768	19	
4769	337	
4770	455	
4771	420	
4772	33	
4773	360	
4774	711	
4775	764	
4776	896	
4777	972	
4778	543	
4779	952	
4780	556	
4781	110	
4782	885	
4783	942	
4784	846	
4785	827	
4786	994	
4787	945	
4788	268	
4789	719	
4790	31	
4791	451	
4792	862	
4793	828	
4794	256	
4795	480	
4796	956	
4797	634	
4798	837	
4799	983	
4800	195	
4801	174	
4802	158	
4803	98	
4804	631	
4805	325	
4806	692	
4807	962	
4808	176	
4809	383	
4810	181	
4811	309	
4812	567	
4813	694	
4814	86	
4815	570	
4816	207	
4817	510	
4818	280	
4819	106	
4820	998	
4821	444	
4822	829	
4823	430	
4824	787	
4825	313	
4826	961	
4827	5	
4828	543	
4829	846	
4830	675	
4831	940	
4832	422	
4833	39	
4834	955	
4835	373	
4836	285	
4837	50	
4838	147	
4839	139	
4840	651	
4841	855	
4842	457	
4843	370	
4844	273	
4845	999	
4846	209	
4847	985	
4848	396	
4849	878	
4850	732	
4851	369	
4852	559	
4853	666	
4854	5	
4855	172	
4856	675	
4857	483	
4858	231	
4859	616	
4860	881	
4861	787	
4862	10	
4863	348	
4864	788	
4865	262	
4866	734	
4867	112	
4868	922	
4869	808	
4870	284	
4871	406	
4872	641	
4873	635	
4874	410	
4875	621	
4876	396	
4877	936	
4878	581	
4879	2	
4880	860	
4881	2	
4882	213	
4883	126	
4884	409	
4885	769	
4886	246	
4887	781	
4888	256	
4889	346	
4890	443	
4891	91	
4892	980	
4893	337	
4894	891	
4895	254	
4896	847	
4897	296	
4898	630	
4899	641	
4900	719	
4901	567	
4902	534	
4903	732	
4904	371	
4905	580	
4906	544	
4907	838	
4908	69	
4909	394	
4910	794	
4911	605	
4912	280	
4913	852	
4914	364	
4915	195	
4916	689	
4917	320	
4918	281	
4919	568	
4920	336	
4921	13	
4922	845	
4923	948	
4924	109	
4925	511	
4926	918	
4927	667	
4928	77	
4929	664	
4930	956	
4931	664	
4932	276	
4933	478	
4934	594	
4935	285	
4936	673	
4937	674	
4938	757	
4939	935	
4940	303	
4941	956	
4942	858	
4943	764	
4944	200	
4945	745	
4946	217	
4947	765	
4948	818	
4949	839	
4950	86	
4951	270	
4952	732	
4953	685	
4954	172	
4955	339	
4956	671	
4957	814	
4958	378	
4959	3	
4960	222	
4961	868	
4962	336	
4963	846	
4964	352	
4965	590	
4966	320	
4967	280	
4968	715	
4969	404	
4970	47	
4971	533	
4972	64	
4973	71	
4974	499	
4975	973	
4976	107	
4977	428	
4978	852	
4979	511	
4980	18	
4981	903	
4982	820	
4983	231	
4984	979	
4985	770	
4986	641	
4987	793	
4988	80	
4989	685	
4990	536	
4991	613	
4992	411	
4993	213	
4994	161	
4995	955	
4996	164	
4997	863	
4998	887	
4999	742	
5000	472	
5001	699	
5002	734	
5003	699	
5004	801	
5005	187	
5006	141	
5007	712	
5008	482	
5009	699	
5010	596	
5011	63	
5012	489	
5013	920	
5014	916	
5015	850	
5016	382	
5017	43	
5018	443	
5019	686	
5020	864	
5021	269	
5022	239	
5023	522	
5024	540	
5025	954	
5026	848	
5027	159	
5028	295	
5029	408	
5030	104	
5031	879	
5032	576	
5033	886	
5034	884	
5035	335	
5036	169	
5037	503	
5038	201	
5039	759	
5040	405	
5041	607	
5042	153	
5043	998	
5044	9	
5045	578	
5046	726	
5047	128	
5048	252	
5049	1	
5050	155	
5051	162	
5052	616	
5053	446	
5054	88	
5055	962	
5056	105	
5057	884	
5058	468	
5059	345	
5060	874	
5061	922	
5062	506	
5063	18	
5064	725	
5065	159	
5066	46	
5067	738	
5068	617	
5069	228	
5070	71	
5071	55	
5072	779	
5073	607	
5074	221	
5075	27	
5076	624	
5077	92	
5078	785	
5079	344	
5080	782	
5081	139	
5082	57	
5083	372	
5084	264	
5085	775	
5086	515	
5087	44	
5088	761	
5089	11	
5090	886	
5091	409	
5092	253	
5093	564	
5094	846	
5095	808	
5096	885	
5097	595	
5098	623	
5099	467	
5100	641	
5101	210	
5102	943	
5103	371	
5104	61	
5105	524	
5106	901	
5107	567	
5108	78	
5109	663	
5110	102	
5111	484	
5112	756	
5113	722	
5114	476	
5115	684	
5116	960	
5117	297	
5118	423	
5119	120	
5120	980	
5121	262	
5122	102	
5123	529	
5124	7	
5125	103	
5126	900	
5127	328	
5128	992	
5129	917	
5130	261	
5131	835	
5132	192	
5133	312	
5134	376	
5135	881	
5136	715	
5137	941	
5138	92	
5139	106	
5140	36	
5141	66	
5142	428	
5143	625	
5144	357	
5145	406	
5146	525	
5147	636	
5148	767	
5149	651	
5150	149	
5151	928	
5152	844	
5153	102	
5154	731	
5155	87	
5156	905	
5157	27	
5158	891	
5159	115	
5160	335	
5161	219	
5162	857	
5163	786	
5164	463	
5165	519	
5166	834	
5167	298	
5168	468	
5169	43	
5170	72	
5171	539	
5172	34	
5173	878	
5174	780	
5175	10	
5176	242	
5177	366	
5178	620	
5179	610	
5180	373	
5181	759	
5182	276	
5183	122	
5184	167	
5185	946	
5186	358	
5187	771	
5188	619	
5189	455	
5190	476	
5191	449	
5192	314	
5193	957	
5194	426	
5195	319	
5196	118	
5197	950	
5198	191	
5199	741	
5200	776	
5201	70	
5202	714	
5203	475	
5204	768	
5205	891	
5206	590	
5207	845	
5208	931	
5209	451	
5210	96	
5211	134	
5212	12	
5213	762	
5214	717	
5215	894	
5216	61	
5217	11	
5218	599	
5219	567	
5220	220	
5221	836	
5222	287	
5223	553	
5224	705	
5225	917	
5226	521	
5227	547	
5228	900	
5229	975	
5230	733	
5231	931	
5232	369	
5233	334	
5234	953	
5235	634	
5236	277	
5237	216	
5238	642	
5239	194	
5240	703	
5241	541	
5242	850	
5243	273	
5244	938	
5245	535	
5246	352	
5247	94	
5248	943	
5249	905	
5250	277	
5251	136	
5252	69	
5253	330	
5254	739	
5255	652	
5256	947	
5257	201	
5258	390	
5259	589	
5260	42	
5261	103	
5262	788	
5263	587	
5264	941	
5265	258	
5266	766	
5267	327	
5268	113	
5269	62	
5270	102	
5271	18	
5272	167	
5273	115	
5274	777	
5275	691	
5276	879	
5277	388	
5278	340	
5279	608	
5280	973	
5281	947	
5282	905	
5283	289	
5284	782	
5285	272	
5286	457	
5287	458	
5288	529	
5289	137	
5290	808	
5291	806	
5292	991	
5293	689	
5294	909	
5295	151	
5296	708	
5297	810	
5298	817	
5299	91	
5300	942	
5301	884	
5302	933	
5303	829	
5304	627	
5305	494	
5306	294	
5307	36	
5308	693	
5309	161	
5310	882	
5311	956	
5312	534	
5313	290	
5314	906	
5315	480	
5316	758	
5317	791	
5318	552	
5319	586	
5320	506	
5321	94	
5322	824	
5323	462	
5324	404	
5325	883	
5326	432	
5327	652	
5328	688	
5329	424	
5330	17	
5331	989	
5332	234	
5333	523	
5334	797	
5335	611	
5336	474	
5337	877	
5338	601	
5339	419	
5340	929	
5341	816	
5342	706	
5343	555	
5344	443	
5345	6	
5346	993	
5347	102	
5348	102	
5349	798	
5350	521	
5351	980	
5352	7	
5353	912	
5354	949	
5355	189	
5356	993	
5357	509	
5358	373	
5359	261	
5360	422	
5361	250	
5362	591	
5363	366	
5364	397	
5365	531	
5366	239	
5367	947	
5368	733	
5369	762	
5370	321	
5371	568	
5372	78	
5373	527	
5374	3	
5375	189	
5376	308	
5377	438	
5378	734	
5379	570	
5380	437	
5381	374	
5382	756	
5383	506	
5384	223	
5385	486	
5386	840	
5387	882	
5388	989	
5389	256	
5390	163	
5391	680	
5392	33	
5393	904	
5394	755	
5395	622	
5396	240	
5397	484	
5398	827	
5399	766	
5400	683	
5401	210	
5402	999	
5403	597	
5404	250	
5405	214	
5406	390	
5407	985	
5408	616	
5409	467	
5410	48	
5411	381	
5412	652	
5413	935	
5414	912	
5415	82	
5416	148	
5417	729	
5418	721	
5419	229	
5420	577	
5421	668	
5422	130	
5423	518	
5424	231	
5425	899	
5426	420	
5427	252	
5428	683	
5429	836	
5430	152	
5431	347	
5432	173	
5433	336	
5434	155	
5435	327	
5436	542	
5437	814	
5438	371	
5439	176	
5440	216	
5441	333	
5442	248	
5443	79	
5444	539	
5445	496	
5446	894	
5447	213	
5448	683	
5449	977	
5450	720	
5451	727	
5452	420	
5453	513	
5454	356	
5455	510	
5456	729	
5457	859	
5458	994	
5459	41	
5460	46	
5461	766	
5462	742	
5463	187	
5464	363	
5465	746	
5466	68	
5467	73	
5468	305	
5469	279	
5470	825	
5471	490	
5472	876	
5473	19	
5474	118	
5475	727	
5476	65	
5477	610	
5478	749	
5479	594	
5480	911	
5481	829	
5482	228	
5483	200	
5484	976	
5485	598	
5486	975	
5487	65	
5488	838	
5489	184	
5490	799	
5491	572	
5492	120	
5493	736	
5494	943	
5495	885	
5496	324	
5497	960	
5498	899	
5499	249	
5500	276	
5501	25	
5502	241	
5503	86	
5504	995	
5505	661	
5506	665	
5507	758	
5508	783	
5509	157	
5510	831	
5511	874	
5512	318	
5513	678	
5514	117	
5515	880	
5516	898	
5517	315	
5518	155	
5519	662	
5520	407	
5521	977	
5522	209	
5523	6	
5524	801	
5525	923	
5526	705	
5527	779	
5528	201	
5529	275	
5530	295	
5531	976	
5532	727	
5533	51	
5534	26	
5535	533	
5536	582	
5537	53	
5538	138	
5539	379	
5540	980	
5541	512	
5542	161	
5543	972	
5544	649	
5545	20	
5546	164	
5547	102	
5548	125	
5549	282	
5550	337	
5551	519	
5552	132	
5553	54	
5554	489	
5555	7	
5556	635	
5557	311	
5558	532	
5559	707	
5560	337	
5561	651	
5562	801	
5563	869	
5564	713	
5565	621	
5566	325	
5567	103	
5568	252	
5569	521	
5570	192	
5571	431	
5572	265	
5573	404	
5574	422	
5575	425	
5576	607	
5577	566	
5578	497	
5579	859	
5580	807	
5581	409	
5582	977	
5583	569	
5584	76	
5585	585	
5586	350	
5587	751	
5588	508	
5589	587	
5590	506	
5591	469	
5592	557	
5593	160	
5594	177	
5595	114	
5596	107	
5597	560	
5598	802	
5599	35	
5600	622	
5601	721	
5602	493	
5603	322	
5604	190	
5605	256	
5606	548	
5607	473	
5608	417	
5609	677	
5610	844	
5611	782	
5612	512	
5613	16	
5614	667	
5615	199	
5616	864	
5617	863	
5618	777	
5619	325	
5620	724	
5621	712	
5622	456	
5623	122	
5624	877	
5625	697	
5626	334	
5627	668	
5628	20	
5629	348	
5630	224	
5631	306	
5632	76	
5633	879	
5634	350	
5635	819	
5636	306	
5637	333	
5638	131	
5639	284	
5640	518	
5641	944	
5642	100	
5643	408	
5644	98	
5645	377	
5646	998	
5647	103	
5648	967	
5649	3	
5650	705	
5651	913	
5652	340	
5653	637	
5654	649	
5655	202	
5656	553	
5657	142	
5658	185	
5659	741	
5660	605	
5661	649	
5662	832	
5663	659	
5664	501	
5665	457	
5666	798	
5667	699	
5668	78	
5669	91	
5670	605	
5671	977	
5672	600	
5673	208	
5674	458	
5675	985	
5676	675	
5677	465	
5678	802	
5679	306	
5680	666	
5681	11	
5682	263	
5683	21	
5684	892	
5685	107	
5686	243	
5687	196	
5688	672	
5689	65	
5690	754	
5691	245	
5692	302	
5693	582	
5694	393	
5695	959	
5696	418	
5697	279	
5698	51	
5699	122	
5700	946	
5701	905	
5702	760	
5703	96	
5704	708	
5705	205	
5706	501	
5707	24	
5708	547	
5709	459	
5710	657	
5711	271	
5712	625	
5713	360	
5714	683	
5715	126	
5716	612	
5717	498	
5718	503	
5719	57	
5720	322	
5721	1000	
5722	144	
5723	908	
5724	926	
5725	20	
5726	340	
5727	342	
5728	891	
5729	618	
5730	461	
5731	751	
5732	173	
5733	248	
5734	52	
5735	683	
5736	869	
5737	462	
5738	102	
5739	822	
5740	579	
5741	773	
5742	185	
5743	263	
5744	323	
5745	649	
5746	421	
5747	495	
5748	91	
5749	793	
5750	28	
5751	681	
5752	657	
5753	219	
5754	180	
5755	905	
5756	686	
5757	90	
5758	409	
5759	391	
5760	591	
5761	898	
5762	805	
5763	307	
5764	88	
5765	944	
5766	706	
5767	864	
5768	665	
5769	828	
5770	397	
5771	242	
5772	491	
5773	792	
5774	90	
5775	633	
5776	457	
5777	943	
5778	780	
5779	894	
5780	857	
5781	953	
5782	139	
5783	299	
5784	50	
5785	651	
5786	845	
5787	685	
5788	334	
5789	297	
5790	952	
5791	523	
5792	423	
5793	902	
5794	355	
5795	805	
5796	995	
5797	112	
5798	490	
5799	991	
5800	977	
5801	430	
5802	801	
5803	709	
5804	642	
5805	267	
5806	637	
5807	895	
5808	139	
5809	554	
5810	968	
5811	988	
5812	624	
5813	305	
5814	932	
5815	192	
5816	472	
5817	64	
5818	156	
5819	887	
5820	525	
5821	793	
5822	696	
5823	225	
5824	818	
5825	655	
5826	103	
5827	990	
5828	645	
5829	601	
5830	644	
5831	873	
5832	500	
5833	141	
5834	515	
5835	519	
5836	25	
5837	983	
5838	450	
5839	646	
5840	880	
5841	609	
5842	842	
5843	528	
5844	686	
5845	850	
5846	190	
5847	199	
5848	225	
5849	218	
5850	721	
5851	640	
5852	332	
5853	729	
5854	177	
5855	730	
5856	537	
5857	157	
5858	544	
5859	750	
5860	734	
5861	866	
5862	831	
5863	326	
5864	547	
5865	657	
5866	770	
5867	303	
5868	56	
5869	572	
5870	577	
5871	361	
5872	617	
5873	717	
5874	490	
5875	515	
5876	291	
5877	772	
5878	266	
5879	201	
5880	902	
5881	816	
5882	731	
5883	304	
5884	186	
5885	762	
5886	140	
5887	318	
5888	380	
5889	975	
5890	782	
5891	316	
5892	736	
5893	764	
5894	187	
5895	285	
5896	798	
5897	786	
5898	343	
5899	814	
5900	798	
5901	409	
5902	465	
5903	542	
5904	462	
5905	894	
5906	448	
5907	325	
5908	920	
5909	862	
5910	871	
5911	270	
5912	782	
5913	482	
5914	811	
5915	238	
5916	216	
5917	708	
5918	977	
5919	517	
5920	922	
5921	326	
5922	491	
5923	617	
5924	921	
5925	311	
5926	858	
5927	128	
5928	924	
5929	351	
5930	442	
5931	324	
5932	636	
5933	255	
5934	90	
5935	686	
5936	662	
5937	515	
5938	107	
5939	341	
5940	477	
5941	969	
5942	22	
5943	862	
5944	74	
5945	298	
5946	72	
5947	371	
5948	606	
5949	390	
5950	416	
5951	286	
5952	348	
5953	433	
5954	893	
5955	245	
5956	777	
5957	58	
5958	865	
5959	364	
5960	462	
5961	360	
5962	690	
5963	472	
5964	210	
5965	325	
5966	518	
5967	912	
5968	417	
5969	717	
5970	516	
5971	556	
5972	394	
5973	541	
5974	359	
5975	199	
5976	194	
5977	894	
5978	140	
5979	903	
5980	219	
5981	417	
5982	432	
5983	337	
5984	714	
5985	25	
5986	140	
5987	927	
5988	802	
5989	566	
5990	11	
5991	83	
5992	667	
5993	734	
5994	784	
5995	547	
5996	375	
5997	700	
5998	203	
5999	45	
6000	73	
6001	763	
6002	498	
6003	674	
6004	350	
6005	489	
6006	25	
6007	292	
6008	13	
6009	110	
6010	436	
6011	289	
6012	24	
6013	92	
6014	2	
6015	143	
6016	547	
6017	926	
6018	473	
6019	80	
6020	386	
6021	659	
6022	438	
6023	765	
6024	156	
6025	593	
6026	60	
6027	509	
6028	908	
6029	628	
6030	969	
6031	885	
6032	756	
6033	438	
6034	686	
6035	294	
6036	849	
6037	726	
6038	53	
6039	435	
6040	372	
6041	324	
6042	979	
6043	66	
6044	653	
6045	536	
6046	709	
6047	784	
6048	640	
6049	432	
6050	180	
6051	103	
6052	841	
6053	776	
6054	595	
6055	306	
6056	993	
6057	513	
6058	917	
6059	37	
6060	936	
6061	756	
6062	545	
6063	647	
6064	42	
6065	774	
6066	816	
6067	489	
6068	413	
6069	388	
6070	67	
6071	461	
6072	614	
6073	277	
6074	191	
6075	825	
6076	889	
6077	661	
6078	506	
6079	132	
6080	584	
6081	670	
6082	821	
6083	405	
6084	464	
6085	998	
6086	273	
6087	657	
6088	801	
6089	341	
6090	972	
6091	140	
6092	524	
6093	205	
6094	67	
6095	116	
6096	125	
6097	970	
6098	583	
6099	754	
6100	32	
6101	954	
6102	898	
6103	362	
6104	109	
6105	180	
6106	873	
6107	343	
6108	757	
6109	114	
6110	145	
6111	818	
6112	868	
6113	152	
6114	67	
6115	522	
6116	623	
6117	276	
6118	801	
6119	323	
6120	29	
6121	926	
6122	192	
6123	321	
6124	336	
6125	791	
6126	31	
6127	315	
6128	298	
6129	59	
6130	764	
6131	466	
6132	538	
6133	649	
6134	115	
6135	769	
6136	662	
6137	63	
6138	136	
6139	900	
6140	592	
6141	432	
6142	577	
6143	3	
6144	404	
6145	15	
6146	807	
6147	965	
6148	405	
6149	875	
6150	259	
6151	119	
6152	477	
6153	699	
6154	635	
6155	365	
6156	283	
6157	753	
6158	28	
6159	21	
6160	956	
6161	537	
6162	543	
6163	65	
6164	532	
6165	568	
6166	757	
6167	994	
6168	924	
6169	407	
6170	605	
6171	119	
6172	844	
6173	862	
6174	803	
6175	406	
6176	95	
6177	283	
6178	400	
6179	631	
6180	883	
6181	891	
6182	734	
6183	902	
6184	848	
6185	749	
6186	754	
6187	679	
6188	958	
6189	860	
6190	170	
6191	722	
6192	897	
6193	851	
6194	863	
6195	574	
6196	574	
6197	832	
6198	394	
6199	335	
6200	213	
6201	675	
6202	471	
6203	169	
6204	374	
6205	286	
6206	686	
6207	956	
6208	134	
6209	100	
6210	255	
6211	304	
6212	881	
6213	459	
6214	827	
6215	208	
6216	103	
6217	60	
6218	912	
6219	905	
6220	32	
6221	71	
6222	651	
6223	601	
6224	906	
6225	322	
6226	524	
6227	962	
6228	936	
6229	721	
6230	679	
6231	46	
6232	857	
6233	4	
6234	223	
6235	778	
6236	441	
6237	917	
6238	795	
6239	349	
6240	448	
6241	409	
6242	75	
6243	295	
6244	766	
6245	748	
6246	26	
6247	692	
6248	73	
6249	815	
6250	915	
6251	729	
6252	939	
6253	59	
6254	45	
6255	971	
6256	126	
6257	397	
6258	416	
6259	596	
6260	377	
6261	298	
6262	295	
6263	119	
6264	442	
6265	321	
6266	821	
6267	553	
6268	467	
6269	406	
6270	338	
6271	816	
6272	823	
6273	659	
6274	502	
6275	885	
6276	691	
6277	398	
6278	978	
6279	355	
6280	399	
6281	519	
6282	643	
6283	375	
6284	500	
6285	288	
6286	640	
6287	80	
6288	462	
6289	989	
6290	137	
6291	965	
6292	313	
6293	836	
6294	272	
6295	324	
6296	670	
6297	268	
6298	305	
6299	935	
6300	492	
6301	951	
6302	715	
6303	862	
6304	224	
6305	417	
6306	477	
6307	322	
6308	911	
6309	984	
6310	156	
6311	453	
6312	617	
6313	11	
6314	474	
6315	596	
6316	606	
6317	526	
6318	973	
6319	479	
6320	242	
6321	722	
6322	943	
6323	69	
6324	770	
6325	150	
6326	106	
6327	266	
6328	789	
6329	674	
6330	146	
6331	875	
6332	533	
6333	688	
6334	445	
6335	262	
6336	342	
6337	436	
6338	827	
6339	789	
6340	556	
6341	283	
6342	543	
6343	841	
6344	622	
6345	933	
6346	317	
6347	928	
6348	439	
6349	747	
6350	276	
6351	841	
6352	329	
6353	331	
6354	308	
6355	964	
6356	74	
6357	313	
6358	966	
6359	908	
6360	280	
6361	718	
6362	328	
6363	726	
6364	446	
6365	227	
6366	840	
6367	217	
6368	143	
6369	204	
6370	686	
6371	638	
6372	359	
6373	206	
6374	476	
6375	528	
6376	879	
6377	394	
6378	983	
6379	914	
6380	439	
6381	10	
6382	837	
6383	909	
6384	668	
6385	89	
6386	38	
6387	921	
6388	929	
6389	701	
6390	276	
6391	688	
6392	807	
6393	574	
6394	525	
6395	688	
6396	519	
6397	854	
6398	349	
6399	175	
6400	179	
6401	832	
6402	663	
6403	183	
6404	315	
6405	298	
6406	211	
6407	81	
6408	412	
6409	381	
6410	686	
6411	483	
6412	64	
6413	289	
6414	31	
6415	548	
6416	274	
6417	732	
6418	605	
6419	148	
6420	48	
6421	937	
6422	396	
6423	679	
6424	673	
6425	691	
6426	351	
6427	632	
6428	455	
6429	953	
6430	812	
6431	920	
6432	84	
6433	81	
6434	445	
6435	342	
6436	286	
6437	791	
6438	531	
6439	949	
6440	188	
6441	892	
6442	179	
6443	347	
6444	808	
6445	473	
6446	746	
6447	758	
6448	844	
6449	3	
6450	442	
6451	535	
6452	935	
6453	174	
6454	437	
6455	536	
6456	303	
6457	28	
6458	718	
6459	263	
6460	142	
6461	741	
6462	37	
6463	107	
6464	936	
6465	70	
6466	25	
6467	315	
6468	72	
6469	980	
6470	493	
6471	156	
6472	288	
6473	519	
6474	845	
6475	905	
6476	551	
6477	434	
6478	944	
6479	546	
6480	978	
6481	167	
6482	501	
6483	839	
6484	398	
6485	340	
6486	712	
6487	660	
6488	929	
6489	802	
6490	563	
6491	469	
6492	870	
6493	450	
6494	711	
6495	936	
6496	639	
6497	184	
6498	243	
6499	463	
6500	203	
6501	50	
6502	320	
6503	445	
6504	407	
6505	416	
6506	893	
6507	470	
6508	758	
6509	843	
6510	311	
6511	529	
6512	963	
6513	671	
6514	317	
6515	855	
6516	212	
6517	466	
6518	372	
6519	843	
6520	486	
6521	141	
6522	134	
6523	65	
6524	101	
6525	535	
6526	267	
6527	513	
6528	466	
6529	255	
6530	130	
6531	42	
6532	284	
6533	329	
6534	454	
6535	97	
6536	498	
6537	989	
6538	91	
6539	642	
6540	589	
6541	12	
6542	591	
6543	275	
6544	824	
6545	428	
6546	99	
6547	181	
6548	401	
6549	1	
6550	498	
6551	492	
6552	831	
6553	708	
6554	79	
6555	916	
6556	35	
6557	150	
6558	616	
6559	987	
6560	553	
6561	586	
6562	927	
6563	964	
6564	806	
6565	288	
6566	380	
6567	896	
6568	913	
6569	862	
6570	726	
6571	60	
6572	276	
6573	535	
6574	65	
6575	375	
6576	577	
6577	710	
6578	967	
6579	506	
6580	79	
6581	609	
6582	393	
6583	104	
6584	812	
6585	296	
6586	613	
6587	797	
6588	802	
6589	60	
6590	783	
6591	449	
6592	28	
6593	74	
6594	9	
6595	60	
6596	367	
6597	216	
6598	213	
6599	121	
6600	107	
6601	876	
6602	407	
6603	604	
6604	466	
6605	706	
6606	53	
6607	966	
6608	101	
6609	308	
6610	808	
6611	261	
6612	251	
6613	361	
6614	555	
6615	718	
6616	956	
6617	808	
6618	136	
6619	749	
6620	135	
6621	355	
6622	928	
6623	129	
6624	922	
6625	295	
6626	673	
6627	611	
6628	712	
6629	152	
6630	343	
6631	44	
6632	609	
6633	279	
6634	13	
6635	324	
6636	367	
6637	341	
6638	331	
6639	975	
6640	629	
6641	551	
6642	103	
6643	375	
6644	488	
6645	714	
6646	550	
6647	807	
6648	424	
6649	733	
6650	578	
6651	468	
6652	213	
6653	187	
6654	690	
6655	636	
6656	827	
6657	560	
6658	535	
6659	488	
6660	80	
6661	33	
6662	787	
6663	803	
6664	547	
6665	14	
6666	265	
6667	754	
6668	268	
6669	266	
6670	642	
6671	819	
6672	88	
6673	230	
6674	900	
6675	752	
6676	900	
6677	875	
6678	106	
6679	19	
6680	519	
6681	655	
6682	833	
6683	425	
6684	690	
6685	652	
6686	446	
6687	225	
6688	985	
6689	718	
6690	954	
6691	860	
6692	64	
6693	451	
6694	368	
6695	252	
6696	904	
6697	570	
6698	203	
6699	78	
6700	209	
6701	358	
6702	994	
6703	122	
6704	64	
6705	203	
6706	814	
6707	903	
6708	280	
6709	845	
6710	760	
6711	425	
6712	58	
6713	197	
6714	877	
6715	789	
6716	415	
6717	653	
6718	123	
6719	505	
6720	762	
6721	144	
6722	443	
6723	454	
6724	432	
6725	917	
6726	943	
6727	424	
6728	761	
6729	851	
6730	466	
6731	978	
6732	326	
6733	516	
6734	109	
6735	587	
6736	962	
6737	491	
6738	886	
6739	845	
6740	907	
6741	72	
6742	528	
6743	146	
6744	521	
6745	712	
6746	439	
6747	368	
6748	995	
6749	663	
6750	282	
6751	292	
6752	270	
6753	16	
6754	970	
6755	144	
6756	919	
6757	856	
6758	351	
6759	910	
6760	21	
6761	200	
6762	119	
6763	443	
6764	346	
6765	578	
6766	425	
6767	247	
6768	209	
6769	305	
6770	995	
6771	610	
6772	919	
6773	963	
6774	25	
6775	830	
6776	131	
6777	48	
6778	935	
6779	1	
6780	687	
6781	409	
6782	163	
6783	729	
6784	670	
6785	771	
6786	598	
6787	327	
6788	766	
6789	340	
6790	225	
6791	439	
6792	645	
6793	394	
6794	346	
6795	676	
6796	758	
6797	761	
6798	78	
6799	806	
6800	883	
6801	75	
6802	894	
6803	373	
6804	881	
6805	15	
6806	316	
6807	748	
6808	241	
6809	764	
6810	669	
6811	89	
6812	27	
6813	756	
6814	886	
6815	25	
6816	498	
6817	268	
6818	856	
6819	750	
6820	444	
6821	608	
6822	5	
6823	138	
6824	385	
6825	601	
6826	690	
6827	963	
6828	833	
6829	56	
6830	437	
6831	711	
6832	680	
6833	242	
6834	207	
6835	31	
6836	44	
6837	147	
6838	153	
6839	45	
6840	586	
6841	669	
6842	184	
6843	103	
6844	6	
6845	680	
6846	266	
6847	99	
6848	17	
6849	305	
6850	311	
6851	299	
6852	315	
6853	277	
6854	979	
6855	824	
6856	600	
6857	84	
6858	96	
6859	49	
6860	268	
6861	544	
6862	606	
6863	731	
6864	841	
6865	413	
6866	229	
6867	503	
6868	677	
6869	360	
6870	703	
6871	713	
6872	87	
6873	618	
6874	48	
6875	236	
6876	177	
6877	156	
6878	303	
6879	737	
6880	612	
6881	418	
6882	708	
6883	55	
6884	768	
6885	330	
6886	474	
6887	609	
6888	819	
6889	692	
6890	212	
6891	245	
6892	735	
6893	265	
6894	729	
6895	385	
6896	174	
6897	437	
6898	753	
6899	894	
6900	911	
6901	542	
6902	319	
6903	15	
6904	392	
6905	524	
6906	31	
6907	144	
6908	243	
6909	73	
6910	470	
6911	464	
6912	907	
6913	528	
6914	71	
6915	265	
6916	934	
6917	560	
6918	314	
6919	549	
6920	26	
6921	88	
6922	845	
6923	920	
6924	289	
6925	706	
6926	965	
6927	866	
6928	159	
6929	33	
6930	746	
6931	916	
6932	192	
6933	356	
6934	384	
6935	991	
6936	37	
6937	571	
6938	594	
6939	714	
6940	453	
6941	295	
6942	615	
6943	531	
6944	389	
6945	147	
6946	959	
6947	106	
6948	123	
6949	31	
6950	949	
6951	483	
6952	44	
6953	769	
6954	964	
6955	490	
6956	211	
6957	204	
6958	730	
6959	182	
6960	259	
6961	930	
6962	650	
6963	168	
6964	593	
6965	467	
6966	555	
6967	947	
6968	981	
6969	510	
6970	124	
6971	395	
6972	607	
6973	989	
6974	834	
6975	608	
6976	707	
6977	611	
6978	453	
6979	706	
6980	711	
6981	342	
6982	729	
6983	859	
6984	58	
6985	415	
6986	568	
6987	26	
6988	829	
6989	494	
6990	794	
6991	252	
6992	331	
6993	728	
6994	878	
6995	91	
6996	857	
6997	659	
6998	136	
6999	537	
7000	832	
7001	54	
7002	427	
7003	27	
7004	328	
7005	276	
7006	494	
7007	943	
7008	821	
7009	815	
7010	937	
7011	560	
7012	579	
7013	566	
7014	454	
7015	991	
7016	115	
7017	377	
7018	698	
7019	777	
7020	478	
7021	753	
7022	691	
7023	637	
7024	574	
7025	619	
7026	945	
7027	124	
7028	121	
7029	531	
7030	550	
7031	137	
7032	503	
7033	179	
7034	784	
7035	345	
7036	193	
7037	323	
7038	988	
7039	538	
7040	714	
7041	512	
7042	498	
7043	733	
7044	351	
7045	743	
7046	181	
7047	517	
7048	472	
7049	320	
7050	57	
7051	598	
7052	263	
7053	917	
7054	941	
7055	345	
7056	117	
7057	258	
7058	841	
7059	133	
7060	489	
7061	740	
7062	134	
7063	589	
7064	74	
7065	156	
7066	738	
7067	398	
7068	530	
7069	227	
7070	227	
7071	174	
7072	723	
7073	981	
7074	945	
7075	504	
7076	363	
7077	992	
7078	350	
7079	669	
7080	329	
7081	715	
7082	87	
7083	298	
7084	135	
7085	489	
7086	993	
7087	847	
7088	328	
7089	421	
7090	334	
7091	35	
7092	928	
7093	630	
7094	136	
7095	554	
7096	217	
7097	330	
7098	562	
7099	521	
7100	722	
7101	228	
7102	220	
7103	14	
7104	479	
7105	743	
7106	677	
7107	450	
7108	78	
7109	74	
7110	8	
7111	376	
7112	533	
7113	67	
7114	354	
7115	245	
7116	831	
7117	502	
7118	967	
7119	600	
7120	742	
7121	54	
7122	418	
7123	409	
7124	727	
7125	240	
7126	979	
7127	443	
7128	827	
7129	620	
7130	872	
7131	171	
7132	834	
7133	765	
7134	391	
7135	912	
7136	415	
7137	406	
7138	879	
7139	803	
7140	881	
7141	28	
7142	764	
7143	590	
7144	957	
7145	288	
7146	858	
7147	239	
7148	127	
7149	36	
7150	423	
7151	643	
7152	88	
7153	691	
7154	891	
7155	349	
7156	454	
7157	115	
7158	144	
7159	830	
7160	33	
7161	827	
7162	267	
7163	780	
7164	737	
7165	871	
7166	35	
7167	133	
7168	771	
7169	665	
7170	863	
7171	706	
7172	371	
7173	375	
7174	242	
7175	622	
7176	673	
7177	634	
7178	952	
7179	535	
7180	542	
7181	706	
7182	576	
7183	1	
7184	389	
7185	36	
7186	225	
7187	135	
7188	940	
7189	782	
7190	607	
7191	556	
7192	650	
7193	255	
7194	180	
7195	171	
7196	264	
7197	345	
7198	465	
7199	380	
7200	682	
7201	513	
7202	844	
7203	568	
7204	277	
7205	763	
7206	505	
7207	946	
7208	800	
7209	368	
7210	412	
7211	301	
7212	477	
7213	769	
7214	538	
7215	290	
7216	574	
7217	562	
7218	677	
7219	977	
7220	474	
7221	442	
7222	487	
7223	732	
7224	663	
7225	599	
7226	635	
7227	185	
7228	807	
7229	789	
7230	232	
7231	206	
7232	661	
7233	61	
7234	703	
7235	269	
7236	223	
7237	343	
7238	338	
7239	999	
7240	155	
7241	818	
7242	533	
7243	522	
7244	499	
7245	672	
7246	823	
7247	701	
7248	347	
7249	613	
7250	679	
7251	553	
7252	607	
7253	271	
7254	368	
7255	607	
7256	856	
7257	44	
7258	511	
7259	510	
7260	293	
7261	80	
7262	210	
7263	459	
7264	860	
7265	686	
7266	232	
7267	800	
7268	872	
7269	356	
7270	141	
7271	575	
7272	329	
7273	458	
7274	436	
7275	110	
7276	841	
7277	688	
7278	645	
7279	547	
7280	267	
7281	421	
7282	718	
7283	175	
7284	412	
7285	284	
7286	772	
7287	749	
7288	116	
7289	862	
7290	945	
7291	593	
7292	963	
7293	349	
7294	524	
7295	754	
7296	22	
7297	28	
7298	534	
7299	2	
7300	521	
7301	626	
7302	441	
7303	394	
7304	459	
7305	245	
7306	577	
7307	97	
7308	567	
7309	289	
7310	252	
7311	252	
7312	151	
7313	793	
7314	19	
7315	212	
7316	873	
7317	762	
7318	649	
7319	141	
7320	596	
7321	500	
7322	64	
7323	299	
7324	873	
7325	682	
7326	577	
7327	268	
7328	628	
7329	846	
7330	634	
7331	618	
7332	713	
7333	560	
7334	559	
7335	312	
7336	481	
7337	534	
7338	283	
7339	922	
7340	597	
7341	658	
7342	109	
7343	423	
7344	735	
7345	601	
7346	78	
7347	424	
7348	373	
7349	288	
7350	327	
7351	80	
7352	487	
7353	655	
7354	749	
7355	587	
7356	494	
7357	455	
7358	151	
7359	977	
7360	21	
7361	901	
7362	459	
7363	561	
7364	657	
7365	583	
7366	350	
7367	72	
7368	779	
7369	531	
7370	739	
7371	98	
7372	50	
7373	244	
7374	752	
7375	429	
7376	786	
7377	591	
7378	630	
7379	210	
7380	745	
7381	407	
7382	831	
7383	501	
7384	359	
7385	126	
7386	64	
7387	346	
7388	691	
7389	982	
7390	142	
7391	864	
7392	266	
7393	41	
7394	571	
7395	495	
7396	17	
7397	662	
7398	695	
7399	747	
7400	503	
7401	677	
7402	640	
7403	672	
7404	390	
7405	631	
7406	389	
7407	589	
7408	945	
7409	448	
7410	716	
7411	67	
7412	45	
7413	783	
7414	113	
7415	109	
7416	457	
7417	770	
7418	432	
7419	304	
7420	495	
7421	661	
7422	960	
7423	745	
7424	915	
7425	497	
7426	615	
7427	219	
7428	561	
7429	750	
7430	954	
7431	256	
7432	864	
7433	635	
7434	764	
7435	13	
7436	947	
7437	434	
7438	283	
7439	576	
7440	771	
7441	735	
7442	712	
7443	67	
7444	480	
7445	975	
7446	677	
7447	712	
7448	520	
7449	123	
7450	838	
7451	332	
7452	964	
7453	340	
7454	666	
7455	302	
7456	687	
7457	558	
7458	698	
7459	782	
7460	16	
7461	951	
7462	798	
7463	280	
7464	804	
7465	902	
7466	92	
7467	801	
7468	934	
7469	590	
7470	290	
7471	430	
7472	650	
7473	426	
7474	273	
7475	489	
7476	843	
7477	184	
7478	802	
7479	341	
7480	842	
7481	992	
7482	938	
7483	775	
7484	367	
7485	812	
7486	967	
7487	725	
7488	303	
7489	632	
7490	842	
7491	96	
7492	598	
7493	136	
7494	84	
7495	11	
7496	876	
7497	918	
7498	507	
7499	395	
7500	394	
7501	75	
7502	548	
7503	782	
7504	363	
7505	778	
7506	192	
7507	366	
7508	781	
7509	498	
7510	937	
7511	709	
7512	727	
7513	146	
7514	731	
7515	40	
7516	931	
7517	293	
7518	469	
7519	982	
7520	43	
7521	390	
7522	943	
7523	56	
7524	748	
7525	178	
7526	156	
7527	240	
7528	392	
7529	442	
7530	847	
7531	892	
7532	149	
7533	720	
7534	999	
7535	809	
7536	233	
7537	878	
7538	924	
7539	698	
7540	703	
7541	460	
7542	393	
7543	40	
7544	329	
7545	673	
7546	90	
7547	753	
7548	902	
7549	278	
7550	437	
7551	123	
7552	810	
7553	120	
7554	354	
7555	447	
7556	722	
7557	741	
7558	245	
7559	528	
7560	471	
7561	603	
7562	664	
7563	611	
7564	160	
7565	757	
7566	555	
7567	167	
7568	402	
7569	151	
7570	510	
7571	876	
7572	705	
7573	87	
7574	675	
7575	221	
7576	861	
7577	660	
7578	718	
7579	703	
7580	1000	
7581	16	
7582	694	
7583	882	
7584	461	
7585	584	
7586	363	
7587	236	
7588	264	
7589	152	
7590	656	
7591	523	
7592	369	
7593	41	
7594	760	
7595	497	
7596	10	
7597	108	
7598	745	
7599	119	
7600	558	
7601	29	
7602	222	
7603	613	
7604	226	
7605	427	
7606	535	
7607	701	
7608	30	
7609	972	
7610	504	
7611	645	
7612	482	
7613	187	
7614	793	
7615	755	
7616	43	
7617	244	
7618	10	
7619	897	
7620	965	
7621	908	
7622	284	
7623	952	
7624	1000	
7625	131	
7626	276	
7627	614	
7628	788	
7629	803	
7630	401	
7631	58	
7632	398	
7633	575	
7634	123	
7635	596	
7636	339	
7637	287	
7638	588	
7639	759	
7640	714	
7641	752	
7642	544	
7643	417	
7644	596	
7645	438	
7646	742	
7647	431	
7648	245	
7649	652	
7650	574	
7651	579	
7652	762	
7653	312	
7654	922	
7655	472	
7656	138	
7657	9	
7658	247	
7659	777	
7660	46	
7661	802	
7662	427	
7663	47	
7664	466	
7665	446	
7666	542	
7667	594	
7668	228	
7669	268	
7670	843	
7671	341	
7672	922	
7673	730	
7674	373	
7675	452	
7676	582	
7677	946	
7678	996	
7679	390	
7680	275	
7681	98	
7682	31	
7683	965	
7684	878	
7685	677	
7686	10	
7687	74	
7688	359	
7689	917	
7690	863	
7691	227	
7692	151	
7693	778	
7694	126	
7695	927	
7696	90	
7697	818	
7698	990	
7699	231	
7700	60	
7701	481	
7702	83	
7703	444	
7704	245	
7705	839	
7706	872	
7707	837	
7708	951	
7709	535	
7710	124	
7711	455	
7712	20	
7713	627	
7714	663	
7715	205	
7716	738	
7717	675	
7718	115	
7719	815	
7720	832	
7721	397	
7722	309	
7723	732	
7724	128	
7725	571	
7726	330	
7727	922	
7728	509	
7729	394	
7730	221	
7731	322	
7732	884	
7733	239	
7734	925	
7735	79	
7736	44	
7737	114	
7738	321	
7739	941	
7740	903	
7741	300	
7742	509	
7743	627	
7744	753	
7745	410	
7746	628	
7747	355	
7748	86	
7749	9	
7750	158	
7751	103	
7752	77	
7753	465	
7754	688	
7755	83	
7756	185	
7757	445	
7758	201	
7759	327	
7760	228	
7761	399	
7762	728	
7763	124	
7764	675	
7765	6	
7766	433	
7767	588	
7768	23	
7769	73	
7770	423	
7771	355	
7772	248	
7773	202	
7774	545	
7775	50	
7776	225	
7777	229	
7778	862	
7779	384	
7780	425	
7781	648	
7782	66	
7783	193	
7784	526	
7785	987	
7786	497	
7787	81	
7788	673	
7789	311	
7790	993	
7791	591	
7792	910	
7793	1000	
7794	170	
7795	140	
7796	466	
7797	317	
7798	294	
7799	371	
7800	293	
7801	436	
7802	187	
7803	289	
7804	880	
7805	328	
7806	269	
7807	427	
7808	86	
7809	485	
7810	366	
7811	836	
7812	372	
7813	24	
7814	473	
7815	6	
7816	514	
7817	369	
7818	376	
7819	150	
7820	441	
7821	922	
7822	978	
7823	770	
7824	372	
7825	646	
7826	97	
7827	196	
7828	865	
7829	853	
7830	261	
7831	981	
7832	423	
7833	396	
7834	532	
7835	684	
7836	527	
7837	903	
7838	572	
7839	815	
7840	909	
7841	457	
7842	924	
7843	367	
7844	750	
7845	384	
7846	896	
7847	446	
7848	665	
7849	707	
7850	644	
7851	497	
7852	376	
7853	453	
7854	333	
7855	599	
7856	598	
7857	905	
7858	197	
7859	473	
7860	303	
7861	773	
7862	150	
7863	538	
7864	269	
7865	153	
7866	587	
7867	903	
7868	463	
7869	319	
7870	60	
7871	454	
7872	737	
7873	778	
7874	384	
7875	824	
7876	584	
7877	169	
7878	618	
7879	40	
7880	357	
7881	66	
7882	638	
7883	962	
7884	879	
7885	689	
7886	234	
7887	959	
7888	147	
7889	864	
7890	856	
7891	766	
7892	85	
7893	430	
7894	104	
7895	778	
7896	366	
7897	659	
7898	824	
7899	496	
7900	69	
7901	79	
7902	845	
7903	791	
7904	928	
7905	816	
7906	385	
7907	367	
7908	18	
7909	890	
7910	981	
7911	788	
7912	276	
7913	390	
7914	421	
7915	243	
7916	174	
7917	22	
7918	921	
7919	177	
7920	756	
7921	668	
7922	624	
7923	577	
7924	811	
7925	120	
7926	532	
7927	404	
7928	770	
7929	329	
7930	586	
7931	120	
7932	324	
7933	8	
7934	129	
7935	195	
7936	226	
7937	138	
7938	168	
7939	966	
7940	75	
7941	276	
7942	497	
7943	980	
7944	414	
7945	958	
7946	890	
7947	266	
7948	364	
7949	755	
7950	969	
7951	374	
7952	624	
7953	629	
7954	845	
7955	602	
7956	952	
7957	618	
7958	433	
7959	17	
7960	275	
7961	963	
7962	586	
7963	542	
7964	298	
7965	962	
7966	213	
7967	41	
7968	89	
7969	609	
7970	884	
7971	99	
7972	812	
7973	735	
7974	272	
7975	158	
7976	748	
7977	531	
7978	717	
7979	647	
7980	922	
7981	393	
7982	234	
7983	126	
7984	672	
7985	586	
7986	8	
7987	307	
7988	45	
7989	517	
7990	160	
7991	528	
7992	887	
7993	987	
7994	720	
7995	971	
7996	352	
7997	156	
7998	860	
7999	306	
8000	275	
8001	676	
8002	470	
8003	22	
8004	197	
8005	970	
8006	632	
8007	763	
8008	462	
8009	813	
8010	925	
8011	188	
8012	511	
8013	303	
8014	542	
8015	152	
8016	524	
8017	604	
8018	249	
8019	634	
8020	145	
8021	177	
8022	977	
8023	618	
8024	758	
8025	487	
8026	35	
8027	294	
8028	221	
8029	871	
8030	588	
8031	830	
8032	296	
8033	52	
8034	541	
8035	1000	
8036	141	
8037	214	
8038	25	
8039	978	
8040	44	
8041	291	
8042	307	
8043	447	
8044	653	
8045	646	
8046	99	
8047	45	
8048	827	
8049	394	
8050	119	
8051	407	
8052	197	
8053	941	
8054	939	
8055	383	
8056	898	
8057	575	
8058	668	
8059	176	
8060	386	
8061	490	
8062	94	
8063	436	
8064	593	
8065	417	
8066	331	
8067	97	
8068	797	
8069	723	
8070	476	
8071	252	
8072	389	
8073	766	
8074	879	
8075	824	
8076	129	
8077	806	
8078	177	
8079	725	
8080	710	
8081	245	
8082	619	
8083	403	
8084	257	
8085	858	
8086	687	
8087	558	
8088	217	
8089	772	
8090	338	
8091	529	
8092	279	
8093	382	
8094	25	
8095	261	
8096	398	
8097	330	
8098	869	
8099	529	
8100	525	
8101	240	
8102	9	
8103	208	
8104	129	
8105	662	
8106	768	
8107	256	
8108	366	
8109	86	
8110	594	
8111	511	
8112	389	
8113	269	
8114	845	
8115	742	
8116	740	
8117	832	
8118	389	
8119	640	
8120	67	
8121	22	
8122	814	
8123	377	
8124	179	
8125	171	
8126	742	
8127	160	
8128	735	
8129	760	
8130	46	
8131	927	
8132	12	
8133	262	
8134	983	
8135	639	
8136	394	
8137	138	
8138	903	
8139	175	
8140	418	
8141	431	
8142	155	
8143	644	
8144	687	
8145	505	
8146	844	
8147	783	
8148	823	
8149	758	
8150	764	
8151	100	
8152	225	
8153	605	
8154	880	
8155	559	
8156	839	
8157	32	
8158	45	
8159	806	
8160	923	
8161	411	
8162	204	
8163	980	
8164	955	
8165	972	
8166	584	
8167	113	
8168	126	
8169	819	
8170	260	
8171	916	
8172	821	
8173	537	
8174	727	
8175	475	
8176	469	
8177	346	
8178	329	
8179	231	
8180	218	
8181	204	
8182	205	
8183	107	
8184	139	
8185	88	
8186	327	
8187	363	
8188	722	
8189	846	
8190	221	
8191	919	
8192	938	
8193	186	
8194	840	
8195	759	
8196	465	
8197	683	
8198	385	
8199	270	
8200	21	
8201	784	
8202	838	
8203	320	
8204	761	
8205	99	
8206	908	
8207	573	
8208	38	
8209	704	
8210	820	
8211	670	
8212	284	
8213	76	
8214	624	
8215	437	
8216	792	
8217	303	
8218	44	
8219	759	
8220	341	
8221	20	
8222	895	
8223	242	
8224	742	
8225	990	
8226	265	
8227	185	
8228	927	
8229	355	
8230	668	
8231	957	
8232	560	
8233	826	
8234	381	
8235	963	
8236	92	
8237	102	
8238	459	
8239	682	
8240	452	
8241	722	
8242	828	
8243	731	
8244	94	
8245	708	
8246	692	
8247	257	
8248	129	
8249	532	
8250	478	
8251	609	
8252	912	
8253	763	
8254	954	
8255	544	
8256	221	
8257	663	
8258	832	
8259	585	
8260	117	
8261	803	
8262	457	
8263	814	
8264	823	
8265	561	
8266	475	
8267	116	
8268	278	
8269	241	
8270	859	
8271	409	
8272	332	
8273	769	
8274	122	
8275	511	
8276	719	
8277	172	
8278	217	
8279	512	
8280	94	
8281	541	
8282	367	
8283	561	
8284	738	
8285	379	
8286	576	
8287	529	
8288	343	
8289	660	
8290	477	
8291	281	
8292	994	
8293	988	
8294	360	
8295	827	
8296	754	
8297	804	
8298	550	
8299	620	
8300	648	
8301	981	
8302	317	
8303	307	
8304	657	
8305	212	
8306	437	
8307	266	
8308	952	
8309	86	
8310	969	
8311	754	
8312	526	
8313	410	
8314	908	
8315	256	
8316	228	
8317	772	
8318	862	
8319	548	
8320	573	
8321	109	
8322	63	
8323	670	
8324	647	
8325	566	
8326	136	
8327	26	
8328	40	
8329	324	
8330	990	
8331	610	
8332	858	
8333	210	
8334	336	
8335	680	
8336	505	
8337	404	
8338	270	
8339	243	
8340	345	
8341	384	
8342	58	
8343	366	
8344	26	
8345	693	
8346	24	
8347	278	
8348	102	
8349	917	
8350	159	
8351	394	
8352	847	
8353	316	
8354	399	
8355	347	
8356	203	
8357	184	
8358	658	
8359	275	
8360	314	
8361	928	
8362	725	
8363	272	
8364	563	
8365	119	
8366	366	
8367	191	
8368	668	
8369	465	
8370	61	
8371	611	
8372	585	
8373	122	
8374	700	
8375	797	
8376	82	
8377	947	
8378	1	
8379	595	
8380	639	
8381	134	
8382	513	
8383	947	
8384	164	
8385	695	
8386	460	
8387	598	
8388	359	
8389	859	
8390	949	
8391	799	
8392	151	
8393	394	
8394	153	
8395	387	
8396	116	
8397	981	
8398	188	
8399	609	
8400	467	
8401	498	
8402	105	
8403	465	
8404	65	
8405	317	
8406	481	
8407	254	
8408	997	
8409	247	
8410	688	
8411	686	
8412	656	
8413	737	
8414	460	
8415	622	
8416	389	
8417	158	
8418	935	
8419	48	
8420	3	
8421	262	
8422	378	
8423	790	
8424	392	
8425	839	
8426	914	
8427	510	
8428	357	
8429	964	
8430	637	
8431	773	
8432	942	
8433	608	
8434	379	
8435	878	
8436	841	
8437	865	
8438	118	
8439	650	
8440	308	
8441	127	
8442	204	
8443	751	
8444	688	
8445	532	
8446	610	
8447	956	
8448	370	
8449	707	
8450	512	
8451	688	
8452	678	
8453	162	
8454	521	
8455	815	
8456	372	
8457	314	
8458	345	
8459	799	
8460	485	
8461	267	
8462	215	
8463	165	
8464	845	
8465	826	
8466	458	
8467	82	
8468	560	
8469	317	
8470	670	
8471	289	
8472	774	
8473	916	
8474	606	
8475	16	
8476	32	
8477	591	
8478	8	
8479	876	
8480	266	
8481	156	
8482	6	
8483	47	
8484	329	
8485	479	
8486	529	
8487	492	
8488	717	
8489	105	
8490	662	
8491	254	
8492	733	
8493	227	
8494	987	
8495	566	
8496	599	
8497	714	
8498	575	
8499	396	
8500	415	
8501	922	
8502	879	
8503	171	
8504	324	
8505	565	
8506	941	
8507	815	
8508	104	
8509	875	
8510	201	
8511	759	
8512	86	
8513	497	
8514	530	
8515	989	
8516	588	
8517	660	
8518	411	
8519	122	
8520	96	
8521	500	
8522	296	
8523	141	
8524	5	
8525	924	
8526	24	
8527	587	
8528	821	
8529	461	
8530	66	
8531	181	
8532	485	
8533	224	
8534	682	
8535	319	
8536	278	
8537	395	
8538	219	
8539	724	
8540	7	
8541	936	
8542	715	
8543	933	
8544	190	
8545	451	
8546	628	
8547	57	
8548	102	
8549	914	
8550	631	
8551	603	
8552	848	
8553	221	
8554	904	
8555	689	
8556	132	
8557	349	
8558	823	
8559	553	
8560	510	
8561	262	
8562	547	
8563	644	
8564	459	
8565	278	
8566	198	
8567	149	
8568	651	
8569	157	
8570	397	
8571	120	
8572	126	
8573	309	
8574	703	
8575	853	
8576	409	
8577	2	
8578	731	
8579	508	
8580	832	
8581	1	
8582	268	
8583	71	
8584	147	
8585	57	
8586	934	
8587	293	
8588	579	
8589	302	
8590	167	
8591	267	
8592	987	
8593	235	
8594	945	
8595	267	
8596	913	
8597	77	
8598	708	
8599	918	
8600	724	
8601	661	
8602	830	
8603	187	
8604	405	
8605	395	
8606	844	
8607	728	
8608	320	
8609	69	
8610	768	
8611	13	
8612	722	
8613	344	
8614	683	
8615	94	
8616	914	
8617	75	
8618	49	
8619	847	
8620	225	
8621	737	
8622	426	
8623	959	
8624	556	
8625	733	
8626	388	
8627	135	
8628	558	
8629	293	
8630	412	
8631	730	
8632	704	
8633	544	
8634	76	
8635	541	
8636	819	
8637	674	
8638	219	
8639	925	
8640	538	
8641	685	
8642	146	
8643	389	
8644	59	
8645	648	
8646	907	
8647	791	
8648	460	
8649	129	
8650	522	
8651	304	
8652	7	
8653	716	
8654	997	
8655	630	
8656	432	
8657	387	
8658	414	
8659	843	
8660	883	
8661	173	
8662	45	
8663	457	
8664	176	
8665	137	
8666	223	
8667	877	
8668	185	
8669	113	
8670	36	
8671	773	
8672	520	
8673	378	
8674	482	
8675	660	
8676	267	
8677	888	
8678	485	
8679	203	
8680	162	
8681	300	
8682	240	
8683	543	
8684	61	
8685	343	
8686	267	
8687	183	
8688	64	
8689	830	
8690	844	
8691	997	
8692	688	
8693	165	
8694	352	
8695	162	
8696	644	
8697	462	
8698	825	
8699	659	
8700	103	
8701	561	
8702	918	
8703	736	
8704	274	
8705	467	
8706	704	
8707	257	
8708	260	
8709	345	
8710	633	
8711	529	
8712	691	
8713	419	
8714	869	
8715	861	
8716	594	
8717	843	
8718	42	
8719	828	
8720	643	
8721	29	
8722	9	
8723	645	
8724	196	
8725	879	
8726	876	
8727	197	
8728	340	
8729	104	
8730	392	
8731	593	
8732	644	
8733	218	
8734	570	
8735	446	
8736	447	
8737	737	
8738	419	
8739	429	
8740	588	
8741	827	
8742	310	
8743	378	
8744	457	
8745	735	
8746	30	
8747	554	
8748	855	
8749	664	
8750	979	
8751	442	
8752	306	
8753	130	
8754	147	
8755	909	
8756	8	
8757	641	
8758	314	
8759	564	
8760	463	
8761	206	
8762	508	
8763	301	
8764	8	
8765	667	
8766	240	
8767	350	
8768	808	
8769	907	
8770	84	
8771	744	
8772	675	
8773	173	
8774	853	
8775	830	
8776	9	
8777	728	
8778	350	
8779	637	
8780	884	
8781	86	
8782	733	
8783	508	
8784	653	
8785	906	
8786	507	
8787	227	
8788	203	
8789	635	
8790	130	
8791	69	
8792	349	
8793	49	
8794	798	
8795	455	
8796	205	
8797	469	
8798	95	
8799	920	
8800	453	
8801	666	
8802	251	
8803	729	
8804	499	
8805	600	
8806	573	
8807	156	
8808	366	
8809	485	
8810	403	
8811	255	
8812	544	
8813	796	
8814	25	
8815	592	
8816	291	
8817	840	
8818	224	
8819	927	
8820	654	
8821	471	
8822	27	
8823	216	
8824	239	
8825	985	
8826	270	
8827	280	
8828	769	
8829	959	
8830	975	
8831	125	
8832	517	
8833	430	
8834	855	
8835	313	
8836	938	
8837	548	
8838	808	
8839	469	
8840	534	
8841	935	
8842	285	
8843	167	
8844	507	
8845	675	
8846	262	
8847	806	
8848	125	
8849	394	
8850	595	
8851	538	
8852	361	
8853	11	
8854	502	
8855	951	
8856	973	
8857	781	
8858	52	
8859	320	
8860	268	
8861	426	
8862	242	
8863	757	
8864	265	
8865	199	
8866	289	
8867	175	
8868	280	
8869	976	
8870	451	
8871	449	
8872	362	
8873	270	
8874	741	
8875	446	
8876	519	
8877	546	
8878	374	
8879	415	
8880	667	
8881	560	
8882	780	
8883	828	
8884	587	
8885	711	
8886	27	
8887	199	
8888	879	
8889	30	
8890	263	
8891	414	
8892	311	
8893	30	
8894	294	
8895	488	
8896	216	
8897	732	
8898	328	
8899	660	
8900	454	
8901	445	
8902	129	
8903	983	
8904	241	
8905	537	
8906	851	
8907	380	
8908	386	
8909	434	
8910	662	
8911	875	
8912	908	
8913	316	
8914	546	
8915	756	
8916	21	
8917	868	
8918	481	
8919	907	
8920	52	
8921	131	
8922	575	
8923	532	
8924	58	
8925	154	
8926	947	
8927	725	
8928	3	
8929	637	
8930	509	
8931	768	
8932	412	
8933	994	
8934	904	
8935	368	
8936	372	
8937	241	
8938	95	
8939	345	
8940	533	
8941	490	
8942	465	
8943	858	
8944	105	
8945	988	
8946	502	
8947	931	
8948	735	
8949	242	
8950	921	
8951	809	
8952	309	
8953	357	
8954	910	
8955	623	
8956	461	
8957	151	
8958	243	
8959	325	
8960	194	
8961	75	
8962	992	
8963	482	
8964	73	
8965	992	
8966	920	
8967	11	
8968	51	
8969	813	
8970	456	
8971	236	
8972	463	
8973	780	
8974	773	
8975	819	
8976	825	
8977	944	
8978	424	
8979	681	
8980	224	
8981	720	
8982	370	
8983	122	
8984	49	
8985	420	
8986	226	
8987	338	
8988	7	
8989	573	
8990	476	
8991	439	
8992	156	
8993	614	
8994	464	
8995	883	
8996	886	
8997	839	
8998	291	
8999	569	
9000	461	
9001	686	
9002	607	
9003	109	
9004	489	
9005	30	
9006	179	
9007	254	
9008	558	
9009	377	
9010	847	
9011	389	
9012	489	
9013	119	
9014	118	
9015	957	
9016	329	
9017	415	
9018	283	
9019	698	
9020	377	
9021	739	
9022	886	
9023	404	
9024	466	
9025	814	
9026	422	
9027	763	
9028	59	
9029	638	
9030	671	
9031	418	
9032	27	
9033	588	
9034	3	
9035	549	
9036	314	
9037	888	
9038	562	
9039	277	
9040	229	
9041	167	
9042	924	
9043	448	
9044	897	
9045	431	
9046	442	
9047	779	
9048	845	
9049	807	
9050	18	
9051	938	
9052	714	
9053	329	
9054	330	
9055	300	
9056	540	
9057	850	
9058	10	
9059	801	
9060	887	
9061	134	
9062	452	
9063	373	
9064	436	
9065	86	
9066	781	
9067	428	
9068	939	
9069	851	
9070	211	
9071	214	
9072	345	
9073	546	
9074	246	
9075	714	
9076	201	
9077	335	
9078	385	
9079	644	
9080	996	
9081	900	
9082	71	
9083	648	
9084	107	
9085	1	
9086	920	
9087	70	
9088	217	
9089	35	
9090	11	
9091	710	
9092	755	
9093	151	
9094	627	
9095	931	
9096	817	
9097	877	
9098	325	
9099	338	
9100	828	
9101	695	
9102	93	
9103	601	
9104	384	
9105	785	
9106	878	
9107	282	
9108	705	
9109	328	
9110	833	
9111	591	
9112	879	
9113	53	
9114	690	
9115	253	
9116	683	
9117	393	
9118	335	
9119	611	
9120	330	
9121	208	
9122	626	
9123	289	
9124	695	
9125	408	
9126	212	
9127	460	
9128	290	
9129	928	
9130	98	
9131	46	
9132	229	
9133	579	
9134	42	
9135	903	
9136	354	
9137	332	
9138	540	
9139	417	
9140	976	
9141	818	
9142	930	
9143	245	
9144	581	
9145	515	
9146	842	
9147	520	
9148	324	
9149	810	
9150	288	
9151	66	
9152	294	
9153	730	
9154	230	
9155	636	
9156	562	
9157	786	
9158	119	
9159	23	
9160	558	
9161	56	
9162	685	
9163	641	
9164	813	
9165	304	
9166	255	
9167	792	
9168	720	
9169	325	
9170	631	
9171	910	
9172	783	
9173	316	
9174	989	
9175	789	
9176	1000	
9177	277	
9178	127	
9179	266	
9180	171	
9181	867	
9182	603	
9183	629	
9184	318	
9185	105	
9186	681	
9187	132	
9188	772	
9189	204	
9190	515	
9191	340	
9192	46	
9193	301	
9194	93	
9195	106	
9196	284	
9197	590	
9198	255	
9199	284	
9200	482	
9201	954	
9202	184	
9203	834	
9204	222	
9205	654	
9206	18	
9207	744	
9208	957	
9209	972	
9210	475	
9211	691	
9212	875	
9213	645	
9214	559	
9215	825	
9216	410	
9217	444	
9218	952	
9219	836	
9220	247	
9221	231	
9222	520	
9223	493	
9224	610	
9225	215	
9226	915	
9227	106	
9228	436	
9229	804	
9230	968	
9231	490	
9232	576	
9233	99	
9234	710	
9235	965	
9236	292	
9237	522	
9238	457	
9239	6	
9240	903	
9241	312	
9242	932	
9243	554	
9244	978	
9245	751	
9246	149	
9247	33	
9248	409	
9249	268	
9250	158	
9251	474	
9252	25	
9253	379	
9254	688	
9255	1000	
9256	201	
9257	469	
9258	919	
9259	625	
9260	226	
9261	419	
9262	155	
9263	986	
9264	481	
9265	817	
9266	682	
9267	118	
9268	90	
9269	686	
9270	937	
9271	262	
9272	148	
9273	104	
9274	426	
9275	744	
9276	577	
9277	410	
9278	541	
9279	995	
9280	876	
9281	88	
9282	473	
9283	526	
9284	34	
9285	479	
9286	928	
9287	54	
9288	108	
9289	263	
9290	328	
9291	278	
9292	721	
9293	914	
9294	615	
9295	390	
9296	94	
9297	260	
9298	148	
9299	750	
9300	559	
9301	762	
9302	138	
9303	801	
9304	388	
9305	813	
9306	790	
9307	517	
9308	647	
9309	294	
9310	214	
9311	215	
9312	650	
9313	793	
9314	273	
9315	289	
9316	532	
9317	268	
9318	411	
9319	422	
9320	978	
9321	166	
9322	127	
9323	778	
9324	343	
9325	410	
9326	845	
9327	548	
9328	510	
9329	875	
9330	148	
9331	412	
9332	268	
9333	968	
9334	374	
9335	47	
9336	769	
9337	919	
9338	344	
9339	56	
9340	765	
9341	787	
9342	600	
9343	783	
9344	509	
9345	295	
9346	183	
9347	779	
9348	748	
9349	826	
9350	775	
9351	209	
9352	404	
9353	642	
9354	684	
9355	772	
9356	341	
9357	747	
9358	660	
9359	940	
9360	18	
9361	208	
9362	97	
9363	530	
9364	577	
9365	950	
9366	323	
9367	599	
9368	41	
9369	725	
9370	447	
9371	18	
9372	963	
9373	400	
9374	341	
9375	808	
9376	194	
9377	849	
9378	443	
9379	324	
9380	749	
9381	392	
9382	741	
9383	878	
9384	362	
9385	363	
9386	822	
9387	781	
9388	106	
9389	588	
9390	790	
9391	695	
9392	818	
9393	680	
9394	27	
9395	85	
9396	237	
9397	180	
9398	33	
9399	298	
9400	932	
9401	712	
9402	149	
9403	378	
9404	32	
9405	397	
9406	395	
9407	373	
9408	716	
9409	824	
9410	485	
9411	347	
9412	309	
9413	279	
9414	556	
9415	190	
9416	267	
9417	24	
9418	918	
9419	213	
9420	519	
9421	622	
9422	616	
9423	869	
9424	485	
9425	53	
9426	851	
9427	464	
9428	145	
9429	499	
9430	298	
9431	976	
9432	539	
9433	519	
9434	23	
9435	505	
9436	741	
9437	444	
9438	234	
9439	676	
9440	737	
9441	844	
9442	364	
9443	376	
9444	949	
9445	510	
9446	429	
9447	105	
9448	648	
9449	370	
9450	500	
9451	827	
9452	500	
9453	953	
9454	893	
9455	582	
9456	52	
9457	495	
9458	425	
9459	369	
9460	357	
9461	387	
9462	659	
9463	104	
9464	630	
9465	419	
9466	295	
9467	71	
9468	73	
9469	754	
9470	428	
9471	270	
9472	401	
9473	28	
9474	216	
9475	653	
9476	580	
9477	614	
9478	96	
9479	839	
9480	673	
9481	184	
9482	111	
9483	520	
9484	768	
9485	364	
9486	363	
9487	769	
9488	518	
9489	918	
9490	877	
9491	488	
9492	368	
9493	35	
9494	375	
9495	778	
9496	44	
9497	124	
9498	741	
9499	355	
9500	621	
9501	570	
9502	895	
9503	34	
9504	958	
9505	721	
9506	219	
9507	776	
9508	771	
9509	735	
9510	540	
9511	943	
9512	645	
9513	547	
9514	847	
9515	316	
9516	276	
9517	592	
9518	59	
9519	254	
9520	644	
9521	57	
9522	14	
9523	887	
9524	659	
9525	740	
9526	948	
9527	728	
9528	934	
9529	81	
9530	97	
9531	982	
9532	241	
9533	426	
9534	427	
9535	529	
9536	702	
9537	850	
9538	867	
9539	969	
9540	866	
9541	544	
9542	922	
9543	185	
9544	5	
9545	947	
9546	398	
9547	30	
9548	88	
9549	116	
9550	228	
9551	623	
9552	934	
9553	745	
9554	365	
9555	548	
9556	445	
9557	150	
9558	859	
9559	176	
9560	692	
9561	867	
9562	434	
9563	400	
9564	324	
9565	507	
9566	121	
9567	147	
9568	777	
9569	129	
9570	408	
9571	722	
9572	368	
9573	586	
9574	178	
9575	511	
9576	56	
9577	359	
9578	586	
9579	735	
9580	395	
9581	146	
9582	919	
9583	58	
9584	11	
9585	221	
9586	113	
9587	887	
9588	399	
9589	888	
9590	331	
9591	82	
9592	549	
9593	546	
9594	393	
9595	736	
9596	279	
9597	92	
9598	665	
9599	991	
9600	240	
9601	291	
9602	652	
9603	56	
9604	998	
9605	13	
9606	827	
9607	687	
9608	791	
9609	944	
9610	403	
9611	543	
9612	462	
9613	47	
9614	491	
9615	799	
9616	372	
9617	414	
9618	315	
9619	177	
9620	577	
9621	515	
9622	421	
9623	776	
9624	146	
9625	941	
9626	677	
9627	863	
9628	682	
9629	974	
9630	298	
9631	150	
9632	739	
9633	771	
9634	516	
9635	462	
9636	843	
9637	48	
9638	46	
9639	497	
9640	738	
9641	837	
9642	675	
9643	597	
9644	872	
9645	750	
9646	506	
9647	103	
9648	345	
9649	836	
9650	307	
9651	826	
9652	906	
9653	383	
9654	481	
9655	719	
9656	547	
9657	525	
9658	223	
9659	612	
9660	876	
9661	897	
9662	277	
9663	456	
9664	810	
9665	759	
9666	427	
9667	986	
9668	241	
9669	956	
9670	650	
9671	158	
9672	312	
9673	80	
9674	856	
9675	89	
9676	650	
9677	405	
9678	169	
9679	226	
9680	905	
9681	686	
9682	800	
9683	737	
9684	699	
9685	179	
9686	662	
9687	618	
9688	335	
9689	457	
9690	407	
9691	184	
9692	246	
9693	36	
9694	306	
9695	636	
9696	268	
9697	111	
9698	335	
9699	229	
9700	805	
9701	976	
9702	584	
9703	38	
9704	138	
9705	582	
9706	986	
9707	669	
9708	924	
9709	908	
9710	459	
9711	856	
9712	165	
9713	333	
9714	763	
9715	655	
9716	612	
9717	143	
9718	797	
9719	711	
9720	863	
9721	354	
9722	796	
9723	779	
9724	103	
9725	616	
9726	880	
9727	730	
9728	33	
9729	532	
9730	473	
9731	430	
9732	82	
9733	117	
9734	488	
9735	304	
9736	984	
9737	234	
9738	202	
9739	631	
9740	37	
9741	684	
9742	982	
9743	624	
9744	420	
9745	73	
9746	340	
9747	348	
9748	332	
9749	141	
9750	837	
9751	703	
9752	706	
9753	504	
9754	535	
9755	68	
9756	376	
9757	565	
9758	544	
9759	588	
9760	403	
9761	246	
9762	424	
9763	470	
9764	158	
9765	915	
9766	769	
9767	654	
9768	793	
9769	282	
9770	976	
9771	207	
9772	166	
9773	141	
9774	515	
9775	362	
9776	56	
9777	249	
9778	906	
9779	591	
9780	12	
9781	755	
9782	911	
9783	881	
9784	201	
9785	106	
9786	160	
9787	172	
9788	969	
9789	954	
9790	2	
9791	48	
9792	695	
9793	469	
9794	293	
9795	892	
9796	377	
9797	49	
9798	124	
9799	301	
9800	558	
9801	318	
9802	339	
9803	231	
9804	422	
9805	575	
9806	913	
9807	440	
9808	174	
9809	486	
9810	517	
9811	417	
9812	779	
9813	241	
9814	179	
9815	574	
9816	316	
9817	961	
9818	270	
9819	251	
9820	33	
9821	240	
9822	253	
9823	262	
9824	352	
9825	496	
9826	543	
9827	730	
9828	893	
9829	688	
9830	249	
9831	127	
9832	822	
9833	600	
9834	356	
9835	541	
9836	647	
9837	97	
9838	9	
9839	544	
9840	569	
9841	927	
9842	383	
9843	218	
9844	402	
9845	985	
9846	768	
9847	38	
9848	418	
9849	589	
9850	818	
9851	840	
9852	153	
9853	62	
9854	585	
9855	56	
9856	348	
9857	56	
9858	104	
9859	646	
9860	847	
9861	520	
9862	239	
9863	436	
9864	970	
9865	390	
9866	875	
9867	585	
9868	574	
9869	124	
9870	994	
9871	138	
9872	935	
9873	701	
9874	950	
9875	577	
9876	569	
9877	385	
9878	159	
9879	848	
9880	972	
9881	445	
9882	195	
9883	140	
9884	385	
9885	717	
9886	480	
9887	772	
9888	932	
9889	868	
9890	621	
9891	288	
9892	994	
9893	272	
9894	310	
9895	388	
9896	722	
9897	808	
9898	63	
9899	300	
9900	510	
9901	663	
9902	606	
9903	71	
9904	16	
9905	576	
9906	443	
9907	199	
9908	727	
9909	785	
9910	592	
9911	909	
9912	425	
9913	810	
9914	106	
9915	414	
9916	264	
9917	837	
9918	128	
9919	754	
9920	399	
9921	525	
9922	97	
9923	905	
9924	220	
9925	273	
9926	488	
9927	878	
9928	781	
9929	351	
9930	449	
9931	70	
9932	317	
9933	739	
9934	570	
9935	967	
9936	181	
9937	711	
9938	717	
9939	563	
9940	597	
9941	186	
9942	922	
9943	260	
9944	786	
9945	180	
9946	479	
9947	47	
9948	487	
9949	981	
9950	457	
9951	667	
9952	766	
9953	171	
9954	666	
9955	633	
9956	878	
9957	794	
9958	795	
9959	795	
9960	916	
9961	323	
9962	576	
9963	302	
9964	323	
9965	911	
9966	321	
9967	250	
9968	910	
9969	27	
9970	141	
9971	326	
9972	778	
9973	700	
9974	558	
9975	22	
9976	983	
9977	682	
9978	161	
9979	343	
9980	926	
9981	438	
9982	533	
9983	615	
9984	313	
9985	261	
9986	57	
9987	471	
9988	783	
9989	788	
9990	768	
9991	74	
9992	375	
9993	67	
9994	814	
9995	805	
9996	730	
9997	357	
9998	617	
9999	655	
10000	787	
395882
