10000
1	5	
2	3	
3	1	
4	6	
5	5	
6	9	
7	4	
8	9	
9	10	
10	1	
11	5	
12	2	
13	9	
14	3	
15	4	
16	10	
17	4	
18	9	
19	2	
20	1	
21	2	
22	3	
23	7	
24	8	
25	2	
26	7	
27	1	
28	5	
29	3	
30	8	
31	7	
32	1	
33	9	
34	6	
35	3	
36	6	
37	9	
38	2	
39	7	
40	2	
41	2	
42	5	
43	7	
44	9	
45	8	
46	6	
47	5	
48	5	
49	6	
50	5	
51	2	
52	9	
53	4	
54	5	
55	10	
56	5	
57	10	
58	10	
59	7	
60	7	
61	8	
62	2	
63	9	
64	6	
65	5	
66	9	
67	6	
68	6	
69	3	
70	5	
71	9	
72	5	
73	3	
74	10	
75	5	
76	4	
77	8	
78	4	
79	8	
80	10	
81	3	
82	3	
83	8	
84	9	
85	9	
86	5	
87	1	
88	9	
89	9	
90	6	
91	2	
92	8	
93	6	
94	7	
95	3	
96	6	
97	8	
98	8	
99	1	
100	5	
101	6	
102	7	
103	7	
104	9	
105	10	
106	7	
107	10	
108	4	
109	8	
110	6	
111	8	
112	2	
113	2	
114	6	
115	6	
116	2	
117	6	
118	6	
119	2	
120	10	
121	5	
122	2	
123	5	
124	2	
125	4	
126	8	
127	7	
128	5	
129	8	
130	8	
131	1	
132	6	
133	10	
134	1	
135	6	
136	9	
137	10	
138	6	
139	7	
140	1	
141	2	
142	2	
143	2	
144	4	
145	6	
146	7	
147	5	
148	10	
149	4	
150	9	
151	10	
152	8	
153	5	
154	3	
155	7	
156	9	
157	3	
158	2	
159	3	
160	8	
161	4	
162	10	
163	5	
164	3	
165	10	
166	7	
167	8	
168	7	
169	7	
170	10	
171	8	
172	3	
173	10	
174	3	
175	2	
176	10	
177	7	
178	6	
179	9	
180	7	
181	6	
182	2	
183	3	
184	1	
185	10	
186	10	
187	5	
188	6	
189	5	
190	2	
191	9	
192	10	
193	9	
194	7	
195	2	
196	5	
197	9	
198	9	
199	4	
200	2	
201	2	
202	8	
203	4	
204	8	
205	2	
206	4	
207	7	
208	1	
209	4	
210	6	
211	3	
212	3	
213	2	
214	6	
215	9	
216	8	
217	7	
218	1	
219	4	
220	5	
221	5	
222	8	
223	6	
224	9	
225	3	
226	9	
227	6	
228	4	
229	10	
230	4	
231	10	
232	9	
233	10	
234	3	
235	6	
236	9	
237	10	
238	4	
239	6	
240	10	
241	10	
242	2	
243	2	
244	8	
245	1	
246	4	
247	7	
248	7	
249	1	
250	1	
251	8	
252	8	
253	2	
254	3	
255	2	
256	4	
257	7	
258	7	
259	10	
260	8	
261	2	
262	4	
263	2	
264	10	
265	6	
266	3	
267	3	
268	5	
269	10	
270	4	
271	9	
272	6	
273	9	
274	6	
275	4	
276	1	
277	4	
278	5	
279	4	
280	5	
281	10	
282	7	
283	8	
284	4	
285	7	
286	2	
287	4	
288	4	
289	4	
290	8	
291	3	
292	5	
293	7	
294	7	
295	10	
296	4	
297	5	
298	9	
299	3	
300	7	
301	9	
302	4	
303	5	
304	6	
305	2	
306	1	
307	8	
308	10	
309	1	
310	4	
311	9	
312	7	
313	3	
314	3	
315	5	
316	1	
317	10	
318	6	
319	9	
320	10	
321	1	
322	8	
323	1	
324	7	
325	6	
326	8	
327	1	
328	2	
329	9	
330	6	
331	9	
332	4	
333	8	
334	5	
335	9	
336	6	
337	6	
338	6	
339	3	
340	7	
341	2	
342	3	
343	7	
344	5	
345	1	
346	2	
347	5	
348	5	
349	4	
350	10	
351	3	
352	9	
353	5	
354	7	
355	1	
356	8	
357	6	
358	6	
359	4	
360	5	
361	9	
362	8	
363	8	
364	7	
365	9	
366	8	
367	10	
368	1	
369	2	
370	8	
371	9	
372	3	
373	7	
374	3	
375	7	
376	4	
377	2	
378	9	
379	9	
380	10	
381	2	
382	6	
383	9	
384	10	
385	6	
386	8	
387	4	
388	7	
389	1	
390	5	
391	8	
392	8	
393	4	
394	7	
395	1	
396	6	
397	5	
398	1	
399	1	
400	6	
401	9	
402	4	
403	1	
404	4	
405	9	
406	3	
407	9	
408	3	
409	1	
410	1	
411	8	
412	6	
413	6	
414	10	
415	10	
416	3	
417	8	
418	3	
419	7	
420	9	
421	10	
422	10	
423	8	
424	1	
425	7	
426	4	
427	3	
428	5	
429	7	
430	9	
431	4	
432	1	
433	5	
434	10	
435	8	
436	10	
437	5	
438	7	
439	3	
440	6	
441	3	
442	1	
443	5	
444	1	
445	10	
446	9	
447	4	
448	4	
449	4	
450	10	
451	10	
452	2	
453	10	
454	2	
455	3	
456	9	
457	6	
458	1	
459	10	
460	3	
461	2	
462	3	
463	2	
464	5	
465	3	
466	1	
467	9	
468	1	
469	3	
470	8	
471	3	
472	2	
473	1	
474	1	
475	7	
476	10	
477	4	
478	3	
479	10	
480	6	
481	6	
482	4	
483	8	
484	1	
485	4	
486	8	
487	5	
488	5	
489	10	
490	6	
491	4	
492	10	
493	10	
494	10	
495	2	
496	9	
497	8	
498	8	
499	7	
500	9	
501	4	
502	1	
503	8	
504	10	
505	2	
506	2	
507	6	
508	10	
509	6	
510	6	
511	9	
512	5	
513	5	
514	1	
515	4	
516	9	
517	1	
518	8	
519	6	
520	3	
521	2	
522	6	
523	3	
524	5	
525	2	
526	1	
527	4	
528	5	
529	6	
530	6	
531	4	
532	5	
533	7	
534	4	
535	2	
536	3	
537	8	
538	9	
539	9	
540	1	
541	6	
542	3	
543	8	
544	1	
545	1	
546	5	
547	8	
548	5	
549	7	
550	7	
551	9	
552	6	
553	8	
554	4	
555	10	
556	2	
557	7	
558	6	
559	5	
560	4	
561	2	
562	10	
563	7	
564	3	
565	1	
566	4	
567	6	
568	6	
569	4	
570	4	
571	7	
572	2	
573	9	
574	5	
575	6	
576	4	
577	6	
578	4	
579	6	
580	1	
581	9	
582	4	
583	6	
584	9	
585	8	
586	9	
587	1	
588	7	
589	2	
590	2	
591	10	
592	4	
593	9	
594	8	
595	9	
596	10	
597	8	
598	9	
599	9	
600	9	
601	7	
602	4	
603	9	
604	4	
605	7	
606	2	
607	3	
608	4	
609	3	
610	4	
611	9	
612	2	
613	2	
614	7	
615	1	
616	9	
617	2	
618	2	
619	3	
620	5	
621	6	
622	8	
623	2	
624	1	
625	8	
626	4	
627	7	
628	6	
629	5	
630	1	
631	9	
632	3	
633	7	
634	2	
635	7	
636	2	
637	8	
638	1	
639	4	
640	2	
641	5	
642	4	
643	9	
644	3	
645	10	
646	1	
647	4	
648	7	
649	5	
650	1	
651	8	
652	1	
653	1	
654	8	
655	2	
656	5	
657	8	
658	7	
659	9	
660	2	
661	5	
662	6	
663	1	
664	7	
665	9	
666	3	
667	4	
668	10	
669	9	
670	3	
671	10	
672	6	
673	7	
674	8	
675	6	
676	5	
677	6	
678	3	
679	7	
680	1	
681	10	
682	5	
683	7	
684	10	
685	8	
686	1	
687	4	
688	6	
689	9	
690	1	
691	6	
692	9	
693	9	
694	4	
695	8	
696	8	
697	2	
698	6	
699	3	
700	9	
701	6	
702	3	
703	10	
704	1	
705	6	
706	6	
707	9	
708	2	
709	5	
710	4	
711	5	
712	8	
713	5	
714	7	
715	7	
716	3	
717	6	
718	6	
719	7	
720	10	
721	8	
722	6	
723	3	
724	8	
725	1	
726	6	
727	9	
728	3	
729	3	
730	1	
731	4	
732	4	
733	10	
734	9	
735	1	
736	9	
737	2	
738	9	
739	4	
740	5	
741	2	
742	1	
743	4	
744	1	
745	5	
746	4	
747	9	
748	2	
749	5	
750	2	
751	8	
752	8	
753	6	
754	1	
755	6	
756	4	
757	2	
758	2	
759	7	
760	2	
761	10	
762	7	
763	10	
764	4	
765	5	
766	4	
767	9	
768	9	
769	2	
770	8	
771	1	
772	5	
773	4	
774	2	
775	5	
776	2	
777	1	
778	5	
779	4	
780	2	
781	6	
782	4	
783	5	
784	3	
785	7	
786	1	
787	1	
788	3	
789	9	
790	10	
791	6	
792	9	
793	8	
794	3	
795	6	
796	6	
797	1	
798	1	
799	9	
800	7	
801	3	
802	4	
803	4	
804	2	
805	3	
806	6	
807	4	
808	4	
809	2	
810	2	
811	10	
812	10	
813	4	
814	2	
815	7	
816	5	
817	8	
818	2	
819	2	
820	8	
821	10	
822	9	
823	6	
824	1	
825	2	
826	1	
827	9	
828	6	
829	3	
830	1	
831	1	
832	7	
833	6	
834	8	
835	7	
836	2	
837	6	
838	4	
839	2	
840	4	
841	8	
842	4	
843	8	
844	8	
845	6	
846	1	
847	7	
848	1	
849	2	
850	1	
851	7	
852	10	
853	3	
854	4	
855	3	
856	8	
857	1	
858	8	
859	4	
860	3	
861	2	
862	2	
863	8	
864	5	
865	4	
866	5	
867	4	
868	5	
869	6	
870	6	
871	7	
872	7	
873	2	
874	10	
875	3	
876	7	
877	7	
878	4	
879	10	
880	2	
881	4	
882	5	
883	8	
884	1	
885	4	
886	10	
887	4	
888	9	
889	10	
890	9	
891	3	
892	2	
893	9	
894	1	
895	8	
896	6	
897	3	
898	7	
899	4	
900	2	
901	5	
902	3	
903	1	
904	8	
905	1	
906	10	
907	8	
908	2	
909	9	
910	9	
911	2	
912	5	
913	1	
914	3	
915	2	
916	4	
917	8	
918	6	
919	9	
920	10	
921	5	
922	3	
923	7	
924	7	
925	9	
926	5	
927	7	
928	7	
929	4	
930	7	
931	4	
932	6	
933	2	
934	2	
935	8	
936	5	
937	7	
938	5	
939	4	
940	4	
941	10	
942	7	
943	6	
944	6	
945	9	
946	1	
947	7	
948	7	
949	8	
950	6	
951	9	
952	7	
953	7	
954	1	
955	9	
956	5	
957	10	
958	6	
959	3	
960	3	
961	6	
962	4	
963	6	
964	1	
965	10	
966	10	
967	7	
968	5	
969	5	
970	4	
971	1	
972	8	
973	2	
974	9	
975	7	
976	2	
977	5	
978	8	
979	10	
980	8	
981	4	
982	3	
983	2	
984	7	
985	2	
986	3	
987	7	
988	1	
989	1	
990	8	
991	7	
992	1	
993	1	
994	4	
995	5	
996	10	
997	2	
998	10	
999	5	
1000	9	
1001	10	
1002	9	
1003	10	
1004	4	
1005	8	
1006	8	
1007	6	
1008	10	
1009	2	
1010	5	
1011	8	
1012	9	
1013	9	
1014	2	
1015	1	
1016	9	
1017	3	
1018	6	
1019	2	
1020	10	
1021	9	
1022	9	
1023	2	
1024	3	
1025	4	
1026	8	
1027	2	
1028	10	
1029	7	
1030	2	
1031	9	
1032	3	
1033	7	
1034	5	
1035	6	
1036	5	
1037	10	
1038	5	
1039	4	
1040	9	
1041	7	
1042	2	
1043	5	
1044	5	
1045	10	
1046	10	
1047	4	
1048	8	
1049	8	
1050	9	
1051	9	
1052	7	
1053	8	
1054	6	
1055	3	
1056	4	
1057	6	
1058	7	
1059	8	
1060	10	
1061	5	
1062	1	
1063	10	
1064	6	
1065	7	
1066	6	
1067	5	
1068	8	
1069	7	
1070	6	
1071	7	
1072	2	
1073	6	
1074	6	
1075	8	
1076	5	
1077	6	
1078	10	
1079	3	
1080	1	
1081	9	
1082	9	
1083	9	
1084	6	
1085	7	
1086	8	
1087	9	
1088	7	
1089	10	
1090	2	
1091	3	
1092	4	
1093	7	
1094	8	
1095	8	
1096	5	
1097	4	
1098	4	
1099	10	
1100	6	
1101	7	
1102	8	
1103	4	
1104	5	
1105	6	
1106	6	
1107	8	
1108	10	
1109	7	
1110	6	
1111	4	
1112	10	
1113	8	
1114	4	
1115	7	
1116	2	
1117	7	
1118	7	
1119	8	
1120	6	
1121	8	
1122	5	
1123	6	
1124	3	
1125	8	
1126	6	
1127	2	
1128	1	
1129	7	
1130	9	
1131	2	
1132	10	
1133	9	
1134	8	
1135	2	
1136	7	
1137	2	
1138	1	
1139	9	
1140	5	
1141	10	
1142	3	
1143	1	
1144	4	
1145	3	
1146	3	
1147	8	
1148	2	
1149	3	
1150	2	
1151	5	
1152	6	
1153	1	
1154	1	
1155	10	
1156	4	
1157	6	
1158	6	
1159	9	
1160	10	
1161	7	
1162	7	
1163	1	
1164	4	
1165	5	
1166	10	
1167	3	
1168	7	
1169	4	
1170	10	
1171	2	
1172	8	
1173	6	
1174	8	
1175	8	
1176	6	
1177	9	
1178	7	
1179	4	
1180	4	
1181	6	
1182	4	
1183	7	
1184	4	
1185	4	
1186	3	
1187	4	
1188	6	
1189	4	
1190	6	
1191	1	
1192	7	
1193	5	
1194	2	
1195	8	
1196	10	
1197	9	
1198	9	
1199	2	
1200	5	
1201	1	
1202	5	
1203	6	
1204	6	
1205	10	
1206	7	
1207	6	
1208	5	
1209	10	
1210	4	
1211	7	
1212	5	
1213	6	
1214	10	
1215	1	
1216	7	
1217	5	
1218	2	
1219	9	
1220	4	
1221	3	
1222	4	
1223	3	
1224	3	
1225	8	
1226	6	
1227	9	
1228	9	
1229	5	
1230	6	
1231	2	
1232	2	
1233	6	
1234	9	
1235	8	
1236	10	
1237	4	
1238	3	
1239	10	
1240	1	
1241	8	
1242	3	
1243	6	
1244	8	
1245	2	
1246	8	
1247	10	
1248	10	
1249	10	
1250	5	
1251	1	
1252	8	
1253	10	
1254	7	
1255	10	
1256	9	
1257	4	
1258	9	
1259	10	
1260	9	
1261	5	
1262	10	
1263	2	
1264	5	
1265	10	
1266	3	
1267	1	
1268	10	
1269	1	
1270	5	
1271	8	
1272	1	
1273	4	
1274	1	
1275	3	
1276	1	
1277	3	
1278	5	
1279	4	
1280	1	
1281	10	
1282	10	
1283	7	
1284	6	
1285	8	
1286	7	
1287	9	
1288	4	
1289	1	
1290	10	
1291	9	
1292	6	
1293	5	
1294	2	
1295	5	
1296	2	
1297	8	
1298	10	
1299	3	
1300	7	
1301	4	
1302	10	
1303	1	
1304	8	
1305	6	
1306	3	
1307	6	
1308	7	
1309	6	
1310	6	
1311	7	
1312	1	
1313	7	
1314	10	
1315	2	
1316	5	
1317	5	
1318	4	
1319	1	
1320	8	
1321	10	
1322	5	
1323	2	
1324	10	
1325	6	
1326	2	
1327	9	
1328	8	
1329	5	
1330	9	
1331	1	
1332	4	
1333	9	
1334	1	
1335	8	
1336	10	
1337	4	
1338	4	
1339	3	
1340	6	
1341	9	
1342	6	
1343	8	
1344	9	
1345	1	
1346	6	
1347	8	
1348	1	
1349	2	
1350	8	
1351	2	
1352	8	
1353	5	
1354	1	
1355	7	
1356	1	
1357	3	
1358	7	
1359	7	
1360	5	
1361	7	
1362	8	
1363	4	
1364	6	
1365	4	
1366	4	
1367	4	
1368	7	
1369	6	
1370	1	
1371	2	
1372	8	
1373	5	
1374	9	
1375	9	
1376	5	
1377	5	
1378	8	
1379	8	
1380	9	
1381	4	
1382	5	
1383	5	
1384	2	
1385	5	
1386	5	
1387	7	
1388	2	
1389	2	
1390	8	
1391	2	
1392	7	
1393	2	
1394	5	
1395	5	
1396	10	
1397	9	
1398	8	
1399	9	
1400	1	
1401	2	
1402	8	
1403	6	
1404	7	
1405	9	
1406	10	
1407	1	
1408	10	
1409	6	
1410	7	
1411	3	
1412	3	
1413	9	
1414	2	
1415	5	
1416	7	
1417	6	
1418	3	
1419	7	
1420	9	
1421	4	
1422	3	
1423	8	
1424	4	
1425	5	
1426	3	
1427	8	
1428	6	
1429	1	
1430	10	
1431	2	
1432	4	
1433	3	
1434	7	
1435	5	
1436	3	
1437	3	
1438	6	
1439	10	
1440	1	
1441	1	
1442	8	
1443	10	
1444	3	
1445	6	
1446	9	
1447	10	
1448	3	
1449	2	
1450	10	
1451	9	
1452	1	
1453	8	
1454	5	
1455	4	
1456	2	
1457	4	
1458	8	
1459	6	
1460	5	
1461	7	
1462	4	
1463	2	
1464	2	
1465	5	
1466	1	
1467	9	
1468	9	
1469	5	
1470	3	
1471	8	
1472	9	
1473	9	
1474	10	
1475	6	
1476	4	
1477	10	
1478	1	
1479	5	
1480	8	
1481	6	
1482	9	
1483	6	
1484	7	
1485	7	
1486	5	
1487	7	
1488	1	
1489	5	
1490	2	
1491	2	
1492	10	
1493	1	
1494	9	
1495	2	
1496	8	
1497	10	
1498	2	
1499	9	
1500	3	
1501	1	
1502	7	
1503	10	
1504	1	
1505	6	
1506	10	
1507	3	
1508	5	
1509	10	
1510	3	
1511	8	
1512	6	
1513	1	
1514	3	
1515	3	
1516	3	
1517	3	
1518	2	
1519	6	
1520	8	
1521	4	
1522	8	
1523	2	
1524	3	
1525	2	
1526	8	
1527	9	
1528	10	
1529	7	
1530	2	
1531	7	
1532	7	
1533	9	
1534	2	
1535	5	
1536	1	
1537	5	
1538	2	
1539	6	
1540	1	
1541	7	
1542	5	
1543	5	
1544	3	
1545	2	
1546	2	
1547	3	
1548	2	
1549	9	
1550	5	
1551	4	
1552	4	
1553	5	
1554	7	
1555	2	
1556	3	
1557	1	
1558	7	
1559	3	
1560	7	
1561	7	
1562	1	
1563	7	
1564	6	
1565	3	
1566	9	
1567	2	
1568	10	
1569	7	
1570	9	
1571	4	
1572	3	
1573	5	
1574	4	
1575	6	
1576	4	
1577	2	
1578	3	
1579	6	
1580	9	
1581	4	
1582	4	
1583	1	
1584	7	
1585	7	
1586	9	
1587	6	
1588	7	
1589	3	
1590	5	
1591	5	
1592	8	
1593	5	
1594	5	
1595	1	
1596	5	
1597	10	
1598	5	
1599	8	
1600	9	
1601	9	
1602	2	
1603	5	
1604	1	
1605	3	
1606	1	
1607	4	
1608	7	
1609	5	
1610	7	
1611	1	
1612	2	
1613	7	
1614	2	
1615	2	
1616	8	
1617	10	
1618	9	
1619	4	
1620	2	
1621	4	
1622	6	
1623	2	
1624	1	
1625	4	
1626	3	
1627	5	
1628	5	
1629	2	
1630	2	
1631	1	
1632	5	
1633	4	
1634	3	
1635	2	
1636	8	
1637	10	
1638	10	
1639	10	
1640	2	
1641	8	
1642	2	
1643	1	
1644	10	
1645	5	
1646	2	
1647	6	
1648	8	
1649	6	
1650	8	
1651	10	
1652	3	
1653	5	
1654	6	
1655	10	
1656	9	
1657	7	
1658	3	
1659	6	
1660	3	
1661	8	
1662	9	
1663	6	
1664	4	
1665	8	
1666	5	
1667	10	
1668	7	
1669	10	
1670	10	
1671	3	
1672	4	
1673	8	
1674	2	
1675	9	
1676	4	
1677	2	
1678	4	
1679	7	
1680	4	
1681	10	
1682	3	
1683	9	
1684	10	
1685	1	
1686	9	
1687	4	
1688	1	
1689	6	
1690	1	
1691	2	
1692	2	
1693	5	
1694	1	
1695	4	
1696	9	
1697	8	
1698	9	
1699	8	
1700	5	
1701	2	
1702	8	
1703	2	
1704	9	
1705	8	
1706	2	
1707	7	
1708	9	
1709	9	
1710	3	
1711	4	
1712	6	
1713	8	
1714	6	
1715	7	
1716	6	
1717	1	
1718	5	
1719	7	
1720	3	
1721	2	
1722	8	
1723	7	
1724	10	
1725	3	
1726	7	
1727	6	
1728	7	
1729	7	
1730	2	
1731	5	
1732	7	
1733	1	
1734	3	
1735	10	
1736	7	
1737	8	
1738	2	
1739	6	
1740	10	
1741	3	
1742	10	
1743	4	
1744	1	
1745	2	
1746	10	
1747	7	
1748	8	
1749	5	
1750	6	
1751	3	
1752	6	
1753	6	
1754	6	
1755	6	
1756	6	
1757	5	
1758	1	
1759	6	
1760	2	
1761	5	
1762	7	
1763	5	
1764	3	
1765	2	
1766	4	
1767	5	
1768	8	
1769	7	
1770	8	
1771	9	
1772	3	
1773	8	
1774	6	
1775	4	
1776	4	
1777	10	
1778	6	
1779	7	
1780	2	
1781	2	
1782	1	
1783	7	
1784	2	
1785	10	
1786	5	
1787	9	
1788	7	
1789	2	
1790	4	
1791	1	
1792	8	
1793	1	
1794	10	
1795	8	
1796	6	
1797	6	
1798	1	
1799	5	
1800	2	
1801	10	
1802	3	
1803	10	
1804	1	
1805	9	
1806	6	
1807	5	
1808	8	
1809	8	
1810	6	
1811	8	
1812	7	
1813	3	
1814	5	
1815	9	
1816	9	
1817	1	
1818	7	
1819	2	
1820	9	
1821	4	
1822	3	
1823	4	
1824	7	
1825	8	
1826	8	
1827	2	
1828	7	
1829	3	
1830	3	
1831	1	
1832	4	
1833	1	
1834	6	
1835	5	
1836	1	
1837	3	
1838	2	
1839	5	
1840	4	
1841	9	
1842	3	
1843	8	
1844	4	
1845	2	
1846	10	
1847	9	
1848	1	
1849	2	
1850	10	
1851	7	
1852	1	
1853	8	
1854	1	
1855	7	
1856	7	
1857	6	
1858	4	
1859	6	
1860	8	
1861	8	
1862	5	
1863	7	
1864	10	
1865	6	
1866	10	
1867	1	
1868	4	
1869	5	
1870	9	
1871	5	
1872	10	
1873	1	
1874	3	
1875	1	
1876	8	
1877	7	
1878	1	
1879	9	
1880	5	
1881	10	
1882	7	
1883	8	
1884	2	
1885	3	
1886	4	
1887	10	
1888	10	
1889	6	
1890	4	
1891	10	
1892	8	
1893	6	
1894	5	
1895	7	
1896	6	
1897	1	
1898	4	
1899	10	
1900	4	
1901	10	
1902	6	
1903	2	
1904	3	
1905	9	
1906	4	
1907	7	
1908	2	
1909	10	
1910	1	
1911	5	
1912	2	
1913	9	
1914	2	
1915	6	
1916	7	
1917	6	
1918	5	
1919	9	
1920	7	
1921	10	
1922	3	
1923	3	
1924	6	
1925	7	
1926	2	
1927	7	
1928	7	
1929	2	
1930	2	
1931	8	
1932	4	
1933	2	
1934	1	
1935	4	
1936	4	
1937	2	
1938	6	
1939	1	
1940	6	
1941	8	
1942	3	
1943	9	
1944	3	
1945	10	
1946	7	
1947	3	
1948	6	
1949	2	
1950	3	
1951	1	
1952	2	
1953	4	
1954	8	
1955	1	
1956	2	
1957	4	
1958	1	
1959	5	
1960	1	
1961	9	
1962	1	
1963	2	
1964	9	
1965	10	
1966	5	
1967	4	
1968	1	
1969	4	
1970	10	
1971	8	
1972	9	
1973	4	
1974	5	
1975	10	
1976	1	
1977	10	
1978	5	
1979	4	
1980	4	
1981	5	
1982	10	
1983	9	
1984	9	
1985	10	
1986	6	
1987	5	
1988	5	
1989	6	
1990	5	
1991	2	
1992	2	
1993	5	
1994	2	
1995	7	
1996	1	
1997	9	
1998	1	
1999	9	
2000	5	
2001	8	
2002	7	
2003	1	
2004	4	
2005	2	
2006	10	
2007	5	
2008	5	
2009	2	
2010	10	
2011	7	
2012	10	
2013	4	
2014	8	
2015	7	
2016	3	
2017	4	
2018	5	
2019	3	
2020	10	
2021	4	
2022	9	
2023	4	
2024	6	
2025	10	
2026	10	
2027	10	
2028	6	
2029	3	
2030	6	
2031	8	
2032	9	
2033	9	
2034	8	
2035	5	
2036	3	
2037	5	
2038	9	
2039	4	
2040	5	
2041	9	
2042	10	
2043	9	
2044	1	
2045	6	
2046	5	
2047	4	
2048	8	
2049	6	
2050	4	
2051	5	
2052	6	
2053	1	
2054	7	
2055	10	
2056	1	
2057	9	
2058	2	
2059	10	
2060	8	
2061	3	
2062	9	
2063	2	
2064	9	
2065	7	
2066	2	
2067	2	
2068	9	
2069	10	
2070	3	
2071	6	
2072	10	
2073	5	
2074	8	
2075	3	
2076	10	
2077	7	
2078	3	
2079	9	
2080	2	
2081	7	
2082	6	
2083	5	
2084	10	
2085	7	
2086	6	
2087	8	
2088	3	
2089	3	
2090	8	
2091	9	
2092	5	
2093	4	
2094	8	
2095	7	
2096	6	
2097	3	
2098	4	
2099	1	
2100	3	
2101	6	
2102	7	
2103	2	
2104	5	
2105	3	
2106	3	
2107	2	
2108	1	
2109	8	
2110	6	
2111	7	
2112	3	
2113	6	
2114	5	
2115	5	
2116	6	
2117	3	
2118	7	
2119	9	
2120	9	
2121	6	
2122	9	
2123	2	
2124	1	
2125	8	
2126	8	
2127	2	
2128	2	
2129	8	
2130	6	
2131	7	
2132	10	
2133	3	
2134	9	
2135	7	
2136	4	
2137	8	
2138	9	
2139	1	
2140	9	
2141	8	
2142	9	
2143	4	
2144	5	
2145	3	
2146	9	
2147	10	
2148	9	
2149	6	
2150	9	
2151	5	
2152	4	
2153	7	
2154	4	
2155	4	
2156	5	
2157	2	
2158	6	
2159	4	
2160	3	
2161	5	
2162	6	
2163	4	
2164	5	
2165	4	
2166	4	
2167	9	
2168	10	
2169	8	
2170	9	
2171	4	
2172	7	
2173	10	
2174	8	
2175	3	
2176	7	
2177	1	
2178	1	
2179	8	
2180	2	
2181	10	
2182	8	
2183	6	
2184	2	
2185	3	
2186	1	
2187	10	
2188	9	
2189	8	
2190	6	
2191	1	
2192	9	
2193	1	
2194	9	
2195	7	
2196	8	
2197	4	
2198	9	
2199	3	
2200	6	
2201	2	
2202	10	
2203	8	
2204	3	
2205	1	
2206	6	
2207	5	
2208	7	
2209	5	
2210	3	
2211	3	
2212	8	
2213	8	
2214	7	
2215	8	
2216	2	
2217	10	
2218	9	
2219	7	
2220	2	
2221	8	
2222	5	
2223	10	
2224	4	
2225	2	
2226	9	
2227	10	
2228	10	
2229	2	
2230	6	
2231	6	
2232	8	
2233	3	
2234	9	
2235	2	
2236	8	
2237	7	
2238	8	
2239	6	
2240	4	
2241	6	
2242	3	
2243	10	
2244	6	
2245	3	
2246	7	
2247	4	
2248	7	
2249	7	
2250	3	
2251	3	
2252	10	
2253	6	
2254	2	
2255	10	
2256	10	
2257	1	
2258	7	
2259	1	
2260	2	
2261	4	
2262	4	
2263	3	
2264	7	
2265	2	
2266	8	
2267	3	
2268	3	
2269	9	
2270	10	
2271	9	
2272	5	
2273	8	
2274	2	
2275	8	
2276	6	
2277	6	
2278	6	
2279	3	
2280	4	
2281	1	
2282	3	
2283	5	
2284	2	
2285	2	
2286	6	
2287	6	
2288	2	
2289	7	
2290	1	
2291	4	
2292	8	
2293	1	
2294	10	
2295	7	
2296	2	
2297	2	
2298	10	
2299	9	
2300	1	
2301	4	
2302	9	
2303	10	
2304	4	
2305	2	
2306	4	
2307	4	
2308	3	
2309	8	
2310	8	
2311	2	
2312	4	
2313	3	
2314	8	
2315	4	
2316	6	
2317	7	
2318	2	
2319	1	
2320	9	
2321	4	
2322	1	
2323	8	
2324	5	
2325	8	
2326	7	
2327	6	
2328	10	
2329	1	
2330	6	
2331	7	
2332	7	
2333	5	
2334	10	
2335	7	
2336	4	
2337	5	
2338	1	
2339	3	
2340	8	
2341	3	
2342	3	
2343	4	
2344	3	
2345	10	
2346	4	
2347	10	
2348	6	
2349	5	
2350	2	
2351	3	
2352	3	
2353	3	
2354	8	
2355	4	
2356	6	
2357	5	
2358	2	
2359	9	
2360	6	
2361	10	
2362	10	
2363	10	
2364	1	
2365	9	
2366	5	
2367	8	
2368	8	
2369	4	
2370	3	
2371	2	
2372	1	
2373	2	
2374	1	
2375	5	
2376	4	
2377	6	
2378	3	
2379	8	
2380	8	
2381	10	
2382	1	
2383	5	
2384	7	
2385	7	
2386	5	
2387	3	
2388	10	
2389	6	
2390	9	
2391	5	
2392	2	
2393	8	
2394	9	
2395	4	
2396	8	
2397	10	
2398	3	
2399	1	
2400	8	
2401	10	
2402	2	
2403	9	
2404	3	
2405	2	
2406	4	
2407	2	
2408	6	
2409	2	
2410	7	
2411	3	
2412	5	
2413	3	
2414	8	
2415	2	
2416	4	
2417	1	
2418	9	
2419	8	
2420	2	
2421	1	
2422	6	
2423	2	
2424	3	
2425	3	
2426	8	
2427	4	
2428	3	
2429	2	
2430	10	
2431	8	
2432	3	
2433	5	
2434	7	
2435	5	
2436	3	
2437	7	
2438	1	
2439	6	
2440	1	
2441	5	
2442	8	
2443	3	
2444	6	
2445	3	
2446	9	
2447	8	
2448	3	
2449	8	
2450	5	
2451	4	
2452	4	
2453	5	
2454	6	
2455	7	
2456	2	
2457	2	
2458	4	
2459	9	
2460	4	
2461	8	
2462	6	
2463	3	
2464	10	
2465	8	
2466	8	
2467	7	
2468	3	
2469	4	
2470	2	
2471	7	
2472	6	
2473	8	
2474	6	
2475	3	
2476	2	
2477	5	
2478	9	
2479	2	
2480	8	
2481	8	
2482	1	
2483	5	
2484	1	
2485	9	
2486	9	
2487	1	
2488	4	
2489	4	
2490	10	
2491	4	
2492	2	
2493	2	
2494	9	
2495	2	
2496	10	
2497	6	
2498	5	
2499	3	
2500	2	
2501	6	
2502	7	
2503	8	
2504	2	
2505	10	
2506	10	
2507	2	
2508	10	
2509	2	
2510	5	
2511	7	
2512	10	
2513	4	
2514	10	
2515	3	
2516	4	
2517	5	
2518	6	
2519	7	
2520	10	
2521	2	
2522	4	
2523	6	
2524	2	
2525	2	
2526	9	
2527	8	
2528	2	
2529	7	
2530	3	
2531	2	
2532	6	
2533	10	
2534	5	
2535	8	
2536	10	
2537	9	
2538	1	
2539	9	
2540	8	
2541	4	
2542	10	
2543	10	
2544	2	
2545	3	
2546	5	
2547	3	
2548	7	
2549	10	
2550	7	
2551	3	
2552	8	
2553	1	
2554	5	
2555	3	
2556	2	
2557	4	
2558	2	
2559	1	
2560	8	
2561	6	
2562	1	
2563	1	
2564	1	
2565	1	
2566	6	
2567	8	
2568	5	
2569	1	
2570	9	
2571	5	
2572	5	
2573	10	
2574	3	
2575	6	
2576	9	
2577	9	
2578	1	
2579	3	
2580	9	
2581	3	
2582	6	
2583	2	
2584	8	
2585	1	
2586	4	
2587	10	
2588	7	
2589	4	
2590	10	
2591	2	
2592	3	
2593	6	
2594	6	
2595	7	
2596	7	
2597	3	
2598	4	
2599	5	
2600	1	
2601	3	
2602	7	
2603	10	
2604	4	
2605	1	
2606	2	
2607	7	
2608	10	
2609	9	
2610	6	
2611	8	
2612	9	
2613	5	
2614	4	
2615	5	
2616	5	
2617	7	
2618	5	
2619	6	
2620	9	
2621	3	
2622	1	
2623	10	
2624	4	
2625	5	
2626	9	
2627	4	
2628	8	
2629	7	
2630	4	
2631	3	
2632	7	
2633	5	
2634	6	
2635	9	
2636	9	
2637	8	
2638	2	
2639	8	
2640	1	
2641	8	
2642	7	
2643	10	
2644	2	
2645	6	
2646	1	
2647	4	
2648	9	
2649	10	
2650	9	
2651	9	
2652	8	
2653	5	
2654	6	
2655	3	
2656	7	
2657	6	
2658	3	
2659	5	
2660	2	
2661	6	
2662	5	
2663	7	
2664	10	
2665	2	
2666	9	
2667	9	
2668	9	
2669	2	
2670	4	
2671	2	
2672	7	
2673	5	
2674	7	
2675	3	
2676	9	
2677	9	
2678	3	
2679	1	
2680	4	
2681	2	
2682	3	
2683	2	
2684	2	
2685	3	
2686	9	
2687	6	
2688	1	
2689	9	
2690	6	
2691	5	
2692	9	
2693	4	
2694	1	
2695	2	
2696	2	
2697	6	
2698	10	
2699	1	
2700	9	
2701	9	
2702	6	
2703	1	
2704	3	
2705	7	
2706	4	
2707	2	
2708	10	
2709	9	
2710	6	
2711	9	
2712	9	
2713	8	
2714	6	
2715	6	
2716	1	
2717	6	
2718	3	
2719	8	
2720	1	
2721	6	
2722	7	
2723	1	
2724	3	
2725	10	
2726	1	
2727	8	
2728	10	
2729	9	
2730	10	
2731	10	
2732	8	
2733	6	
2734	5	
2735	4	
2736	7	
2737	2	
2738	10	
2739	2	
2740	4	
2741	7	
2742	8	
2743	2	
2744	5	
2745	5	
2746	1	
2747	6	
2748	8	
2749	4	
2750	5	
2751	1	
2752	6	
2753	9	
2754	7	
2755	8	
2756	1	
2757	9	
2758	4	
2759	2	
2760	3	
2761	6	
2762	10	
2763	8	
2764	7	
2765	4	
2766	6	
2767	10	
2768	6	
2769	7	
2770	9	
2771	4	
2772	4	
2773	2	
2774	5	
2775	4	
2776	10	
2777	4	
2778	2	
2779	5	
2780	5	
2781	2	
2782	1	
2783	10	
2784	5	
2785	10	
2786	2	
2787	6	
2788	7	
2789	8	
2790	3	
2791	2	
2792	6	
2793	8	
2794	7	
2795	6	
2796	2	
2797	7	
2798	4	
2799	4	
2800	9	
2801	1	
2802	3	
2803	9	
2804	6	
2805	2	
2806	4	
2807	4	
2808	1	
2809	6	
2810	6	
2811	5	
2812	6	
2813	9	
2814	8	
2815	4	
2816	4	
2817	3	
2818	9	
2819	4	
2820	10	
2821	2	
2822	2	
2823	4	
2824	3	
2825	4	
2826	4	
2827	3	
2828	4	
2829	8	
2830	2	
2831	3	
2832	6	
2833	8	
2834	6	
2835	9	
2836	7	
2837	7	
2838	2	
2839	9	
2840	3	
2841	1	
2842	8	
2843	9	
2844	2	
2845	9	
2846	5	
2847	10	
2848	4	
2849	4	
2850	3	
2851	3	
2852	3	
2853	3	
2854	10	
2855	4	
2856	5	
2857	5	
2858	3	
2859	1	
2860	2	
2861	6	
2862	8	
2863	7	
2864	2	
2865	7	
2866	1	
2867	3	
2868	4	
2869	8	
2870	7	
2871	10	
2872	7	
2873	4	
2874	8	
2875	2	
2876	4	
2877	7	
2878	4	
2879	1	
2880	8	
2881	5	
2882	5	
2883	3	
2884	10	
2885	4	
2886	8	
2887	3	
2888	3	
2889	3	
2890	4	
2891	7	
2892	5	
2893	8	
2894	5	
2895	1	
2896	5	
2897	10	
2898	2	
2899	2	
2900	4	
2901	9	
2902	8	
2903	6	
2904	5	
2905	10	
2906	7	
2907	6	
2908	5	
2909	10	
2910	4	
2911	5	
2912	6	
2913	9	
2914	7	
2915	1	
2916	2	
2917	8	
2918	10	
2919	2	
2920	6	
2921	7	
2922	4	
2923	4	
2924	10	
2925	3	
2926	6	
2927	10	
2928	5	
2929	9	
2930	2	
2931	2	
2932	2	
2933	5	
2934	6	
2935	4	
2936	2	
2937	9	
2938	2	
2939	6	
2940	10	
2941	1	
2942	9	
2943	3	
2944	9	
2945	4	
2946	8	
2947	6	
2948	8	
2949	9	
2950	3	
2951	2	
2952	9	
2953	4	
2954	9	
2955	2	
2956	7	
2957	5	
2958	7	
2959	10	
2960	2	
2961	8	
2962	4	
2963	2	
2964	10	
2965	8	
2966	4	
2967	2	
2968	1	
2969	8	
2970	8	
2971	1	
2972	4	
2973	7	
2974	3	
2975	4	
2976	6	
2977	7	
2978	3	
2979	5	
2980	4	
2981	2	
2982	8	
2983	10	
2984	4	
2985	2	
2986	10	
2987	2	
2988	6	
2989	9	
2990	3	
2991	10	
2992	6	
2993	10	
2994	8	
2995	4	
2996	1	
2997	8	
2998	4	
2999	10	
3000	8	
3001	4	
3002	10	
3003	8	
3004	9	
3005	8	
3006	2	
3007	3	
3008	10	
3009	3	
3010	9	
3011	5	
3012	5	
3013	2	
3014	10	
3015	1	
3016	8	
3017	10	
3018	9	
3019	10	
3020	8	
3021	10	
3022	7	
3023	5	
3024	5	
3025	2	
3026	7	
3027	4	
3028	10	
3029	4	
3030	3	
3031	4	
3032	2	
3033	4	
3034	2	
3035	2	
3036	3	
3037	7	
3038	6	
3039	9	
3040	10	
3041	10	
3042	3	
3043	4	
3044	7	
3045	6	
3046	6	
3047	7	
3048	10	
3049	10	
3050	4	
3051	6	
3052	1	
3053	6	
3054	8	
3055	2	
3056	6	
3057	7	
3058	10	
3059	10	
3060	5	
3061	9	
3062	4	
3063	9	
3064	7	
3065	4	
3066	9	
3067	9	
3068	2	
3069	1	
3070	3	
3071	8	
3072	6	
3073	1	
3074	7	
3075	3	
3076	6	
3077	5	
3078	8	
3079	8	
3080	2	
3081	4	
3082	6	
3083	8	
3084	3	
3085	8	
3086	5	
3087	4	
3088	10	
3089	2	
3090	7	
3091	3	
3092	7	
3093	8	
3094	10	
3095	5	
3096	3	
3097	5	
3098	6	
3099	4	
3100	7	
3101	2	
3102	5	
3103	3	
3104	9	
3105	5	
3106	2	
3107	3	
3108	6	
3109	7	
3110	1	
3111	9	
3112	3	
3113	10	
3114	8	
3115	10	
3116	1	
3117	7	
3118	2	
3119	9	
3120	1	
3121	3	
3122	3	
3123	2	
3124	9	
3125	8	
3126	6	
3127	3	
3128	10	
3129	8	
3130	5	
3131	10	
3132	6	
3133	9	
3134	2	
3135	7	
3136	2	
3137	3	
3138	3	
3139	2	
3140	1	
3141	5	
3142	4	
3143	8	
3144	6	
3145	4	
3146	3	
3147	10	
3148	6	
3149	9	
3150	8	
3151	4	
3152	8	
3153	9	
3154	5	
3155	2	
3156	6	
3157	9	
3158	10	
3159	2	
3160	6	
3161	5	
3162	1	
3163	5	
3164	10	
3165	4	
3166	1	
3167	6	
3168	4	
3169	8	
3170	4	
3171	9	
3172	7	
3173	8	
3174	4	
3175	9	
3176	6	
3177	10	
3178	6	
3179	7	
3180	6	
3181	9	
3182	4	
3183	4	
3184	6	
3185	7	
3186	6	
3187	4	
3188	9	
3189	6	
3190	1	
3191	10	
3192	7	
3193	6	
3194	7	
3195	6	
3196	6	
3197	3	
3198	4	
3199	3	
3200	1	
3201	8	
3202	4	
3203	3	
3204	2	
3205	6	
3206	1	
3207	6	
3208	2	
3209	4	
3210	7	
3211	4	
3212	6	
3213	7	
3214	8	
3215	9	
3216	6	
3217	9	
3218	9	
3219	1	
3220	2	
3221	4	
3222	4	
3223	2	
3224	1	
3225	4	
3226	8	
3227	4	
3228	10	
3229	2	
3230	2	
3231	7	
3232	10	
3233	9	
3234	10	
3235	9	
3236	2	
3237	4	
3238	6	
3239	1	
3240	4	
3241	10	
3242	3	
3243	5	
3244	3	
3245	1	
3246	5	
3247	2	
3248	10	
3249	7	
3250	10	
3251	9	
3252	8	
3253	8	
3254	5	
3255	5	
3256	6	
3257	7	
3258	3	
3259	4	
3260	5	
3261	4	
3262	2	
3263	4	
3264	6	
3265	2	
3266	9	
3267	5	
3268	8	
3269	3	
3270	6	
3271	7	
3272	3	
3273	7	
3274	3	
3275	3	
3276	10	
3277	7	
3278	6	
3279	4	
3280	1	
3281	9	
3282	8	
3283	6	
3284	2	
3285	1	
3286	9	
3287	6	
3288	9	
3289	3	
3290	2	
3291	5	
3292	8	
3293	10	
3294	4	
3295	3	
3296	3	
3297	3	
3298	2	
3299	4	
3300	2	
3301	8	
3302	1	
3303	6	
3304	6	
3305	1	
3306	10	
3307	3	
3308	7	
3309	3	
3310	2	
3311	2	
3312	6	
3313	9	
3314	10	
3315	9	
3316	8	
3317	5	
3318	9	
3319	2	
3320	10	
3321	1	
3322	2	
3323	5	
3324	4	
3325	9	
3326	7	
3327	5	
3328	3	
3329	7	
3330	1	
3331	3	
3332	9	
3333	2	
3334	8	
3335	9	
3336	1	
3337	9	
3338	1	
3339	4	
3340	3	
3341	4	
3342	6	
3343	1	
3344	10	
3345	9	
3346	1	
3347	10	
3348	1	
3349	8	
3350	2	
3351	5	
3352	4	
3353	9	
3354	8	
3355	9	
3356	2	
3357	2	
3358	10	
3359	7	
3360	2	
3361	6	
3362	9	
3363	8	
3364	8	
3365	5	
3366	4	
3367	2	
3368	7	
3369	4	
3370	6	
3371	4	
3372	7	
3373	6	
3374	4	
3375	5	
3376	10	
3377	8	
3378	3	
3379	4	
3380	2	
3381	3	
3382	6	
3383	7	
3384	2	
3385	3	
3386	1	
3387	4	
3388	4	
3389	6	
3390	9	
3391	2	
3392	6	
3393	6	
3394	5	
3395	5	
3396	9	
3397	10	
3398	6	
3399	2	
3400	3	
3401	2	
3402	4	
3403	6	
3404	1	
3405	9	
3406	3	
3407	10	
3408	2	
3409	10	
3410	9	
3411	9	
3412	10	
3413	2	
3414	8	
3415	4	
3416	6	
3417	7	
3418	9	
3419	8	
3420	5	
3421	5	
3422	3	
3423	8	
3424	9	
3425	4	
3426	1	
3427	5	
3428	3	
3429	6	
3430	3	
3431	3	
3432	4	
3433	6	
3434	4	
3435	3	
3436	4	
3437	2	
3438	2	
3439	10	
3440	9	
3441	9	
3442	2	
3443	9	
3444	8	
3445	2	
3446	7	
3447	7	
3448	7	
3449	9	
3450	5	
3451	10	
3452	2	
3453	9	
3454	4	
3455	4	
3456	8	
3457	1	
3458	2	
3459	2	
3460	5	
3461	9	
3462	10	
3463	9	
3464	7	
3465	5	
3466	8	
3467	8	
3468	9	
3469	4	
3470	1	
3471	2	
3472	8	
3473	8	
3474	10	
3475	1	
3476	10	
3477	5	
3478	1	
3479	2	
3480	10	
3481	8	
3482	2	
3483	5	
3484	3	
3485	1	
3486	10	
3487	5	
3488	3	
3489	8	
3490	3	
3491	4	
3492	6	
3493	8	
3494	9	
3495	10	
3496	6	
3497	7	
3498	3	
3499	7	
3500	3	
3501	4	
3502	9	
3503	6	
3504	1	
3505	1	
3506	5	
3507	2	
3508	9	
3509	5	
3510	8	
3511	10	
3512	3	
3513	10	
3514	2	
3515	10	
3516	5	
3517	1	
3518	7	
3519	6	
3520	2	
3521	4	
3522	9	
3523	2	
3524	2	
3525	6	
3526	2	
3527	3	
3528	6	
3529	9	
3530	10	
3531	3	
3532	1	
3533	9	
3534	5	
3535	3	
3536	1	
3537	10	
3538	7	
3539	1	
3540	4	
3541	3	
3542	7	
3543	9	
3544	3	
3545	3	
3546	6	
3547	10	
3548	7	
3549	3	
3550	5	
3551	8	
3552	4	
3553	9	
3554	5	
3555	4	
3556	4	
3557	4	
3558	2	
3559	9	
3560	8	
3561	2	
3562	5	
3563	5	
3564	9	
3565	6	
3566	6	
3567	6	
3568	3	
3569	9	
3570	6	
3571	7	
3572	3	
3573	4	
3574	6	
3575	10	
3576	9	
3577	2	
3578	7	
3579	1	
3580	6	
3581	10	
3582	4	
3583	1	
3584	1	
3585	2	
3586	3	
3587	2	
3588	1	
3589	1	
3590	3	
3591	1	
3592	2	
3593	5	
3594	3	
3595	1	
3596	8	
3597	5	
3598	1	
3599	3	
3600	3	
3601	4	
3602	6	
3603	2	
3604	5	
3605	5	
3606	1	
3607	9	
3608	8	
3609	9	
3610	8	
3611	2	
3612	3	
3613	7	
3614	10	
3615	9	
3616	3	
3617	6	
3618	4	
3619	6	
3620	7	
3621	3	
3622	3	
3623	10	
3624	7	
3625	3	
3626	8	
3627	3	
3628	1	
3629	6	
3630	6	
3631	7	
3632	6	
3633	6	
3634	6	
3635	3	
3636	1	
3637	9	
3638	9	
3639	6	
3640	9	
3641	2	
3642	10	
3643	8	
3644	8	
3645	4	
3646	7	
3647	5	
3648	6	
3649	4	
3650	3	
3651	6	
3652	8	
3653	3	
3654	2	
3655	2	
3656	2	
3657	8	
3658	2	
3659	2	
3660	1	
3661	5	
3662	10	
3663	1	
3664	10	
3665	1	
3666	10	
3667	1	
3668	6	
3669	2	
3670	1	
3671	1	
3672	10	
3673	3	
3674	7	
3675	5	
3676	5	
3677	4	
3678	6	
3679	5	
3680	6	
3681	7	
3682	10	
3683	7	
3684	10	
3685	8	
3686	10	
3687	2	
3688	2	
3689	5	
3690	7	
3691	10	
3692	6	
3693	7	
3694	8	
3695	8	
3696	7	
3697	8	
3698	5	
3699	8	
3700	3	
3701	3	
3702	2	
3703	2	
3704	8	
3705	10	
3706	6	
3707	4	
3708	8	
3709	4	
3710	1	
3711	6	
3712	4	
3713	3	
3714	6	
3715	1	
3716	10	
3717	6	
3718	10	
3719	5	
3720	10	
3721	3	
3722	9	
3723	9	
3724	3	
3725	10	
3726	4	
3727	1	
3728	5	
3729	5	
3730	8	
3731	3	
3732	4	
3733	1	
3734	9	
3735	3	
3736	8	
3737	1	
3738	4	
3739	8	
3740	8	
3741	3	
3742	7	
3743	8	
3744	2	
3745	7	
3746	8	
3747	8	
3748	7	
3749	6	
3750	4	
3751	3	
3752	6	
3753	9	
3754	10	
3755	6	
3756	7	
3757	3	
3758	9	
3759	4	
3760	6	
3761	9	
3762	5	
3763	10	
3764	2	
3765	1	
3766	1	
3767	7	
3768	5	
3769	1	
3770	9	
3771	6	
3772	1	
3773	9	
3774	7	
3775	3	
3776	7	
3777	6	
3778	1	
3779	9	
3780	3	
3781	7	
3782	9	
3783	9	
3784	1	
3785	4	
3786	9	
3787	10	
3788	4	
3789	3	
3790	2	
3791	6	
3792	6	
3793	2	
3794	1	
3795	5	
3796	10	
3797	10	
3798	10	
3799	9	
3800	8	
3801	3	
3802	7	
3803	3	
3804	2	
3805	5	
3806	5	
3807	2	
3808	10	
3809	2	
3810	9	
3811	5	
3812	7	
3813	8	
3814	10	
3815	8	
3816	10	
3817	2	
3818	7	
3819	10	
3820	8	
3821	10	
3822	8	
3823	1	
3824	4	
3825	8	
3826	5	
3827	2	
3828	8	
3829	6	
3830	10	
3831	7	
3832	7	
3833	5	
3834	4	
3835	7	
3836	7	
3837	6	
3838	2	
3839	10	
3840	3	
3841	4	
3842	1	
3843	1	
3844	4	
3845	8	
3846	1	
3847	7	
3848	3	
3849	9	
3850	4	
3851	3	
3852	3	
3853	1	
3854	4	
3855	10	
3856	9	
3857	5	
3858	9	
3859	8	
3860	7	
3861	1	
3862	5	
3863	6	
3864	8	
3865	8	
3866	10	
3867	7	
3868	3	
3869	4	
3870	1	
3871	4	
3872	9	
3873	7	
3874	4	
3875	6	
3876	1	
3877	9	
3878	5	
3879	1	
3880	5	
3881	2	
3882	1	
3883	9	
3884	5	
3885	5	
3886	2	
3887	7	
3888	1	
3889	2	
3890	4	
3891	8	
3892	6	
3893	2	
3894	6	
3895	5	
3896	8	
3897	7	
3898	7	
3899	6	
3900	4	
3901	10	
3902	6	
3903	9	
3904	3	
3905	6	
3906	4	
3907	9	
3908	10	
3909	10	
3910	9	
3911	2	
3912	3	
3913	9	
3914	5	
3915	5	
3916	4	
3917	1	
3918	8	
3919	10	
3920	7	
3921	6	
3922	1	
3923	5	
3924	10	
3925	1	
3926	7	
3927	9	
3928	1	
3929	3	
3930	8	
3931	9	
3932	10	
3933	1	
3934	8	
3935	1	
3936	7	
3937	1	
3938	5	
3939	10	
3940	8	
3941	6	
3942	9	
3943	5	
3944	10	
3945	2	
3946	7	
3947	6	
3948	9	
3949	2	
3950	6	
3951	5	
3952	8	
3953	6	
3954	7	
3955	6	
3956	4	
3957	7	
3958	7	
3959	4	
3960	10	
3961	1	
3962	5	
3963	2	
3964	5	
3965	4	
3966	6	
3967	3	
3968	6	
3969	9	
3970	6	
3971	7	
3972	4	
3973	9	
3974	4	
3975	9	
3976	9	
3977	10	
3978	5	
3979	5	
3980	8	
3981	10	
3982	7	
3983	8	
3984	9	
3985	1	
3986	9	
3987	6	
3988	6	
3989	2	
3990	3	
3991	3	
3992	9	
3993	9	
3994	8	
3995	10	
3996	7	
3997	8	
3998	9	
3999	6	
4000	9	
4001	9	
4002	7	
4003	2	
4004	5	
4005	8	
4006	5	
4007	10	
4008	4	
4009	8	
4010	2	
4011	3	
4012	4	
4013	6	
4014	5	
4015	2	
4016	2	
4017	9	
4018	9	
4019	9	
4020	5	
4021	6	
4022	9	
4023	9	
4024	6	
4025	2	
4026	2	
4027	10	
4028	5	
4029	9	
4030	4	
4031	7	
4032	3	
4033	5	
4034	10	
4035	4	
4036	10	
4037	6	
4038	3	
4039	1	
4040	4	
4041	2	
4042	1	
4043	10	
4044	8	
4045	3	
4046	5	
4047	9	
4048	4	
4049	7	
4050	2	
4051	7	
4052	10	
4053	8	
4054	8	
4055	1	
4056	8	
4057	7	
4058	5	
4059	10	
4060	7	
4061	6	
4062	1	
4063	2	
4064	3	
4065	3	
4066	8	
4067	9	
4068	9	
4069	8	
4070	9	
4071	4	
4072	8	
4073	7	
4074	3	
4075	3	
4076	2	
4077	3	
4078	6	
4079	1	
4080	6	
4081	6	
4082	3	
4083	7	
4084	4	
4085	1	
4086	3	
4087	10	
4088	8	
4089	2	
4090	5	
4091	9	
4092	7	
4093	10	
4094	1	
4095	8	
4096	5	
4097	8	
4098	3	
4099	2	
4100	10	
4101	1	
4102	5	
4103	3	
4104	2	
4105	6	
4106	3	
4107	9	
4108	3	
4109	5	
4110	6	
4111	5	
4112	5	
4113	8	
4114	7	
4115	1	
4116	5	
4117	8	
4118	5	
4119	4	
4120	5	
4121	10	
4122	10	
4123	4	
4124	10	
4125	4	
4126	1	
4127	8	
4128	6	
4129	10	
4130	3	
4131	4	
4132	10	
4133	5	
4134	4	
4135	8	
4136	9	
4137	10	
4138	7	
4139	2	
4140	4	
4141	10	
4142	4	
4143	5	
4144	8	
4145	4	
4146	10	
4147	3	
4148	2	
4149	2	
4150	9	
4151	10	
4152	2	
4153	4	
4154	4	
4155	2	
4156	7	
4157	8	
4158	2	
4159	2	
4160	1	
4161	7	
4162	10	
4163	9	
4164	5	
4165	5	
4166	9	
4167	8	
4168	8	
4169	1	
4170	5	
4171	9	
4172	3	
4173	9	
4174	1	
4175	7	
4176	7	
4177	7	
4178	3	
4179	8	
4180	6	
4181	7	
4182	9	
4183	5	
4184	5	
4185	1	
4186	10	
4187	10	
4188	7	
4189	9	
4190	3	
4191	2	
4192	2	
4193	6	
4194	6	
4195	6	
4196	8	
4197	2	
4198	6	
4199	2	
4200	2	
4201	6	
4202	10	
4203	5	
4204	7	
4205	6	
4206	8	
4207	5	
4208	1	
4209	10	
4210	1	
4211	5	
4212	5	
4213	10	
4214	8	
4215	3	
4216	9	
4217	7	
4218	8	
4219	8	
4220	9	
4221	10	
4222	4	
4223	6	
4224	8	
4225	10	
4226	10	
4227	6	
4228	1	
4229	8	
4230	10	
4231	3	
4232	1	
4233	6	
4234	8	
4235	4	
4236	1	
4237	8	
4238	2	
4239	9	
4240	3	
4241	6	
4242	2	
4243	2	
4244	8	
4245	2	
4246	9	
4247	3	
4248	5	
4249	5	
4250	8	
4251	7	
4252	8	
4253	7	
4254	2	
4255	1	
4256	4	
4257	8	
4258	4	
4259	6	
4260	4	
4261	6	
4262	6	
4263	8	
4264	2	
4265	7	
4266	4	
4267	5	
4268	6	
4269	6	
4270	9	
4271	10	
4272	7	
4273	3	
4274	6	
4275	8	
4276	10	
4277	8	
4278	10	
4279	8	
4280	4	
4281	10	
4282	3	
4283	2	
4284	4	
4285	5	
4286	2	
4287	4	
4288	1	
4289	9	
4290	2	
4291	7	
4292	4	
4293	1	
4294	5	
4295	10	
4296	4	
4297	6	
4298	8	
4299	7	
4300	9	
4301	2	
4302	10	
4303	2	
4304	4	
4305	6	
4306	5	
4307	4	
4308	10	
4309	5	
4310	4	
4311	10	
4312	2	
4313	3	
4314	5	
4315	1	
4316	5	
4317	7	
4318	10	
4319	1	
4320	4	
4321	7	
4322	3	
4323	9	
4324	8	
4325	4	
4326	8	
4327	3	
4328	4	
4329	3	
4330	2	
4331	1	
4332	6	
4333	2	
4334	8	
4335	1	
4336	1	
4337	8	
4338	6	
4339	1	
4340	3	
4341	7	
4342	8	
4343	6	
4344	8	
4345	5	
4346	2	
4347	1	
4348	1	
4349	4	
4350	9	
4351	7	
4352	3	
4353	9	
4354	4	
4355	9	
4356	5	
4357	6	
4358	1	
4359	7	
4360	1	
4361	2	
4362	5	
4363	4	
4364	6	
4365	3	
4366	7	
4367	6	
4368	8	
4369	3	
4370	4	
4371	7	
4372	7	
4373	2	
4374	8	
4375	8	
4376	5	
4377	6	
4378	10	
4379	7	
4380	9	
4381	9	
4382	2	
4383	1	
4384	9	
4385	6	
4386	4	
4387	4	
4388	2	
4389	1	
4390	5	
4391	9	
4392	1	
4393	9	
4394	6	
4395	5	
4396	8	
4397	1	
4398	4	
4399	5	
4400	6	
4401	4	
4402	7	
4403	7	
4404	7	
4405	1	
4406	5	
4407	4	
4408	3	
4409	9	
4410	9	
4411	10	
4412	7	
4413	1	
4414	9	
4415	8	
4416	9	
4417	5	
4418	2	
4419	8	
4420	5	
4421	6	
4422	7	
4423	3	
4424	5	
4425	9	
4426	6	
4427	4	
4428	4	
4429	8	
4430	8	
4431	6	
4432	7	
4433	10	
4434	6	
4435	2	
4436	10	
4437	6	
4438	5	
4439	8	
4440	8	
4441	9	
4442	10	
4443	1	
4444	2	
4445	8	
4446	9	
4447	10	
4448	7	
4449	1	
4450	7	
4451	10	
4452	3	
4453	6	
4454	10	
4455	3	
4456	9	
4457	1	
4458	6	
4459	9	
4460	5	
4461	9	
4462	8	
4463	1	
4464	5	
4465	4	
4466	8	
4467	2	
4468	8	
4469	4	
4470	4	
4471	8	
4472	4	
4473	4	
4474	1	
4475	4	
4476	1	
4477	10	
4478	5	
4479	6	
4480	8	
4481	2	
4482	7	
4483	3	
4484	3	
4485	1	
4486	8	
4487	3	
4488	8	
4489	10	
4490	10	
4491	2	
4492	1	
4493	5	
4494	9	
4495	6	
4496	2	
4497	7	
4498	4	
4499	10	
4500	2	
4501	9	
4502	8	
4503	6	
4504	4	
4505	5	
4506	9	
4507	8	
4508	10	
4509	4	
4510	2	
4511	3	
4512	3	
4513	5	
4514	9	
4515	6	
4516	8	
4517	8	
4518	8	
4519	5	
4520	6	
4521	9	
4522	7	
4523	2	
4524	4	
4525	1	
4526	5	
4527	8	
4528	4	
4529	5	
4530	10	
4531	9	
4532	7	
4533	5	
4534	3	
4535	5	
4536	9	
4537	5	
4538	6	
4539	10	
4540	8	
4541	6	
4542	3	
4543	8	
4544	5	
4545	7	
4546	6	
4547	4	
4548	9	
4549	8	
4550	7	
4551	10	
4552	7	
4553	7	
4554	8	
4555	3	
4556	2	
4557	2	
4558	3	
4559	7	
4560	5	
4561	7	
4562	3	
4563	4	
4564	2	
4565	1	
4566	7	
4567	8	
4568	5	
4569	1	
4570	3	
4571	6	
4572	8	
4573	6	
4574	8	
4575	1	
4576	9	
4577	8	
4578	8	
4579	9	
4580	8	
4581	10	
4582	9	
4583	4	
4584	5	
4585	2	
4586	4	
4587	4	
4588	4	
4589	7	
4590	6	
4591	7	
4592	6	
4593	10	
4594	6	
4595	8	
4596	8	
4597	6	
4598	5	
4599	1	
4600	5	
4601	2	
4602	4	
4603	8	
4604	3	
4605	9	
4606	4	
4607	7	
4608	9	
4609	9	
4610	2	
4611	4	
4612	9	
4613	7	
4614	2	
4615	4	
4616	6	
4617	1	
4618	6	
4619	10	
4620	1	
4621	6	
4622	10	
4623	7	
4624	6	
4625	4	
4626	3	
4627	3	
4628	9	
4629	1	
4630	2	
4631	1	
4632	2	
4633	8	
4634	7	
4635	4	
4636	4	
4637	8	
4638	4	
4639	7	
4640	10	
4641	1	
4642	3	
4643	2	
4644	7	
4645	7	
4646	6	
4647	8	
4648	1	
4649	1	
4650	6	
4651	5	
4652	8	
4653	6	
4654	8	
4655	5	
4656	3	
4657	2	
4658	5	
4659	6	
4660	2	
4661	7	
4662	4	
4663	5	
4664	9	
4665	4	
4666	6	
4667	6	
4668	7	
4669	3	
4670	7	
4671	7	
4672	3	
4673	8	
4674	4	
4675	3	
4676	10	
4677	1	
4678	7	
4679	5	
4680	2	
4681	2	
4682	3	
4683	8	
4684	6	
4685	4	
4686	1	
4687	7	
4688	10	
4689	7	
4690	3	
4691	8	
4692	2	
4693	2	
4694	2	
4695	2	
4696	10	
4697	1	
4698	6	
4699	4	
4700	7	
4701	9	
4702	10	
4703	3	
4704	3	
4705	5	
4706	1	
4707	4	
4708	3	
4709	6	
4710	1	
4711	5	
4712	7	
4713	3	
4714	10	
4715	10	
4716	6	
4717	8	
4718	10	
4719	9	
4720	10	
4721	4	
4722	10	
4723	10	
4724	5	
4725	9	
4726	9	
4727	6	
4728	6	
4729	3	
4730	6	
4731	7	
4732	9	
4733	9	
4734	5	
4735	1	
4736	8	
4737	2	
4738	3	
4739	6	
4740	6	
4741	4	
4742	5	
4743	10	
4744	9	
4745	7	
4746	3	
4747	5	
4748	6	
4749	5	
4750	10	
4751	3	
4752	6	
4753	8	
4754	1	
4755	9	
4756	2	
4757	5	
4758	4	
4759	10	
4760	10	
4761	5	
4762	9	
4763	7	
4764	9	
4765	6	
4766	1	
4767	3	
4768	5	
4769	1	
4770	1	
4771	4	
4772	3	
4773	4	
4774	7	
4775	4	
4776	4	
4777	2	
4778	3	
4779	6	
4780	6	
4781	8	
4782	9	
4783	4	
4784	2	
4785	5	
4786	2	
4787	5	
4788	10	
4789	1	
4790	7	
4791	9	
4792	4	
4793	6	
4794	4	
4795	6	
4796	10	
4797	10	
4798	9	
4799	1	
4800	9	
4801	2	
4802	4	
4803	10	
4804	1	
4805	3	
4806	8	
4807	2	
4808	10	
4809	7	
4810	7	
4811	1	
4812	9	
4813	10	
4814	8	
4815	2	
4816	7	
4817	8	
4818	8	
4819	6	
4820	6	
4821	8	
4822	7	
4823	2	
4824	9	
4825	1	
4826	9	
4827	9	
4828	7	
4829	8	
4830	5	
4831	4	
4832	2	
4833	3	
4834	3	
4835	1	
4836	9	
4837	10	
4838	7	
4839	1	
4840	9	
4841	3	
4842	9	
4843	8	
4844	5	
4845	9	
4846	7	
4847	7	
4848	6	
4849	2	
4850	4	
4851	5	
4852	1	
4853	10	
4854	5	
4855	2	
4856	5	
4857	3	
4858	5	
4859	2	
4860	7	
4861	3	
4862	10	
4863	10	
4864	8	
4865	6	
4866	6	
4867	6	
4868	6	
4869	10	
4870	10	
4871	4	
4872	3	
4873	7	
4874	6	
4875	9	
4876	10	
4877	2	
4878	3	
4879	8	
4880	8	
4881	2	
4882	5	
4883	4	
4884	1	
4885	5	
4886	2	
4887	5	
4888	6	
4889	8	
4890	9	
4891	9	
4892	10	
4893	5	
4894	7	
4895	10	
4896	9	
4897	6	
4898	10	
4899	5	
4900	9	
4901	1	
4902	10	
4903	2	
4904	5	
4905	6	
4906	2	
4907	8	
4908	5	
4909	10	
4910	10	
4911	9	
4912	4	
4913	10	
4914	2	
4915	5	
4916	9	
4917	4	
4918	1	
4919	6	
4920	4	
4921	5	
4922	1	
4923	10	
4924	5	
4925	9	
4926	6	
4927	3	
4928	7	
4929	4	
4930	4	
4931	6	
4932	2	
4933	8	
4934	6	
4935	1	
4936	3	
4937	2	
4938	7	
4939	7	
4940	7	
4941	4	
4942	4	
4943	6	
4944	10	
4945	9	
4946	7	
4947	3	
4948	2	
4949	9	
4950	8	
4951	4	
4952	2	
4953	3	
4954	6	
4955	1	
4956	7	
4957	8	
4958	8	
4959	1	
4960	8	
4961	10	
4962	2	
4963	10	
4964	10	
4965	2	
4966	6	
4967	4	
4968	3	
4969	6	
4970	5	
4971	9	
4972	6	
4973	9	
4974	7	
4975	9	
4976	1	
4977	6	
4978	2	
4979	3	
4980	8	
4981	7	
4982	6	
4983	9	
4984	3	
4985	6	
4986	5	
4987	1	
4988	2	
4989	7	
4990	2	
4991	9	
4992	5	
4993	1	
4994	7	
4995	3	
4996	8	
4997	1	
4998	1	
4999	4	
5000	10	
5001	1	
5002	6	
5003	5	
5004	3	
5005	5	
5006	3	
5007	6	
5008	2	
5009	7	
5010	6	
5011	3	
5012	3	
5013	8	
5014	2	
5015	10	
5016	4	
5017	5	
5018	3	
5019	4	
5020	6	
5021	3	
5022	3	
5023	2	
5024	4	
5025	6	
5026	4	
5027	9	
5028	3	
5029	4	
5030	8	
5031	1	
5032	10	
5033	10	
5034	8	
5035	9	
5036	1	
5037	7	
5038	9	
5039	9	
5040	3	
5041	1	
5042	1	
5043	10	
5044	3	
5045	6	
5046	6	
5047	6	
5048	6	
5049	7	
5050	7	
5051	6	
5052	4	
5053	4	
5054	8	
5055	10	
5056	1	
5057	2	
5058	8	
5059	9	
5060	8	
5061	6	
5062	8	
5063	4	
5064	7	
5065	5	
5066	6	
5067	2	
5068	3	
5069	4	
5070	7	
5071	9	
5072	7	
5073	7	
5074	9	
5075	9	
5076	4	
5077	2	
5078	1	
5079	4	
5080	4	
5081	9	
5082	9	
5083	2	
5084	8	
5085	3	
5086	5	
5087	4	
5088	9	
5089	7	
5090	2	
5091	1	
5092	7	
5093	4	
5094	6	
5095	6	
5096	3	
5097	3	
5098	3	
5099	9	
5100	1	
5101	10	
5102	3	
5103	1	
5104	3	
5105	4	
5106	9	
5107	9	
5108	2	
5109	1	
5110	6	
5111	8	
5112	2	
5113	6	
5114	4	
5115	10	
5116	6	
5117	5	
5118	3	
5119	2	
5120	8	
5121	8	
5122	2	
5123	9	
5124	5	
5125	9	
5126	6	
5127	2	
5128	2	
5129	3	
5130	7	
5131	3	
5132	10	
5133	6	
5134	2	
5135	1	
5136	7	
5137	1	
5138	6	
5139	6	
5140	6	
5141	2	
5142	4	
5143	7	
5144	3	
5145	10	
5146	1	
5147	4	
5148	5	
5149	3	
5150	5	
5151	2	
5152	6	
5153	4	
5154	7	
5155	7	
5156	1	
5157	1	
5158	9	
5159	9	
5160	7	
5161	3	
5162	9	
5163	2	
5164	5	
5165	1	
5166	4	
5167	2	
5168	2	
5169	9	
5170	2	
5171	5	
5172	6	
5173	2	
5174	4	
5175	4	
5176	8	
5177	4	
5178	2	
5179	2	
5180	5	
5181	1	
5182	8	
5183	4	
5184	9	
5185	4	
5186	2	
5187	5	
5188	7	
5189	5	
5190	6	
5191	3	
5192	4	
5193	1	
5194	8	
5195	9	
5196	10	
5197	6	
5198	1	
5199	5	
5200	10	
5201	10	
5202	10	
5203	7	
5204	6	
5205	3	
5206	6	
5207	5	
5208	5	
5209	9	
5210	8	
5211	2	
5212	8	
5213	6	
5214	3	
5215	4	
5216	9	
5217	1	
5218	1	
5219	5	
5220	6	
5221	2	
5222	5	
5223	7	
5224	3	
5225	5	
5226	3	
5227	5	
5228	8	
5229	3	
5230	3	
5231	5	
5232	3	
5233	2	
5234	5	
5235	10	
5236	1	
5237	8	
5238	10	
5239	2	
5240	7	
5241	1	
5242	10	
5243	3	
5244	10	
5245	3	
5246	6	
5247	4	
5248	7	
5249	1	
5250	1	
5251	10	
5252	3	
5253	2	
5254	9	
5255	4	
5256	3	
5257	1	
5258	2	
5259	3	
5260	2	
5261	9	
5262	4	
5263	7	
5264	1	
5265	8	
5266	2	
5267	3	
5268	7	
5269	4	
5270	6	
5271	4	
5272	1	
5273	9	
5274	1	
5275	3	
5276	9	
5277	8	
5278	10	
5279	4	
5280	1	
5281	1	
5282	9	
5283	5	
5284	2	
5285	10	
5286	7	
5287	6	
5288	7	
5289	1	
5290	4	
5291	4	
5292	3	
5293	7	
5294	5	
5295	3	
5296	4	
5297	4	
5298	5	
5299	3	
5300	10	
5301	8	
5302	5	
5303	1	
5304	3	
5305	8	
5306	4	
5307	2	
5308	5	
5309	5	
5310	4	
5311	6	
5312	4	
5313	4	
5314	10	
5315	6	
5316	2	
5317	5	
5318	4	
5319	4	
5320	8	
5321	2	
5322	10	
5323	2	
5324	8	
5325	5	
5326	2	
5327	6	
5328	10	
5329	2	
5330	7	
5331	9	
5332	2	
5333	3	
5334	5	
5335	5	
5336	4	
5337	9	
5338	3	
5339	5	
5340	1	
5341	8	
5342	10	
5343	3	
5344	7	
5345	8	
5346	7	
5347	10	
5348	2	
5349	2	
5350	7	
5351	4	
5352	7	
5353	10	
5354	3	
5355	9	
5356	9	
5357	5	
5358	5	
5359	3	
5360	10	
5361	4	
5362	7	
5363	6	
5364	7	
5365	3	
5366	5	
5367	9	
5368	3	
5369	10	
5370	9	
5371	6	
5372	4	
5373	3	
5374	7	
5375	9	
5376	8	
5377	8	
5378	2	
5379	6	
5380	1	
5381	6	
5382	10	
5383	4	
5384	3	
5385	8	
5386	2	
5387	6	
5388	9	
5389	8	
5390	5	
5391	8	
5392	3	
5393	8	
5394	1	
5395	4	
5396	2	
5397	2	
5398	1	
5399	8	
5400	5	
5401	6	
5402	1	
5403	1	
5404	6	
5405	6	
5406	6	
5407	1	
5408	4	
5409	1	
5410	2	
5411	7	
5412	4	
5413	5	
5414	8	
5415	6	
5416	6	
5417	9	
5418	9	
5419	7	
5420	3	
5421	2	
5422	10	
5423	2	
5424	1	
5425	9	
5426	6	
5427	2	
5428	3	
5429	6	
5430	8	
5431	5	
5432	5	
5433	4	
5434	9	
5435	3	
5436	8	
5437	6	
5438	1	
5439	6	
5440	6	
5441	5	
5442	4	
5443	3	
5444	3	
5445	6	
5446	10	
5447	1	
5448	3	
5449	9	
5450	6	
5451	3	
5452	4	
5453	5	
5454	4	
5455	6	
5456	7	
5457	9	
5458	4	
5459	7	
5460	2	
5461	2	
5462	10	
5463	9	
5464	1	
5465	8	
5466	2	
5467	1	
5468	7	
5469	1	
5470	1	
5471	4	
5472	2	
5473	5	
5474	10	
5475	9	
5476	3	
5477	10	
5478	9	
5479	6	
5480	9	
5481	1	
5482	2	
5483	2	
5484	4	
5485	4	
5486	9	
5487	1	
5488	8	
5489	6	
5490	3	
5491	10	
5492	2	
5493	2	
5494	3	
5495	1	
5496	8	
5497	4	
5498	1	
5499	3	
5500	6	
5501	5	
5502	3	
5503	2	
5504	1	
5505	9	
5506	9	
5507	8	
5508	1	
5509	7	
5510	3	
5511	2	
5512	6	
5513	8	
5514	3	
5515	6	
5516	4	
5517	5	
5518	9	
5519	8	
5520	3	
5521	5	
5522	5	
5523	8	
5524	9	
5525	3	
5526	5	
5527	5	
5528	7	
5529	9	
5530	7	
5531	4	
5532	3	
5533	7	
5534	2	
5535	5	
5536	8	
5537	5	
5538	8	
5539	9	
5540	4	
5541	6	
5542	1	
5543	4	
5544	5	
5545	8	
5546	4	
5547	6	
5548	7	
5549	2	
5550	1	
5551	3	
5552	2	
5553	4	
5554	5	
5555	7	
5556	1	
5557	7	
5558	4	
5559	1	
5560	5	
5561	3	
5562	3	
5563	1	
5564	9	
5565	9	
5566	9	
5567	7	
5568	4	
5569	7	
5570	10	
5571	7	
5572	1	
5573	10	
5574	4	
5575	9	
5576	9	
5577	6	
5578	7	
5579	3	
5580	9	
5581	5	
5582	7	
5583	5	
5584	8	
5585	7	
5586	8	
5587	9	
5588	4	
5589	7	
5590	4	
5591	3	
5592	7	
5593	6	
5594	3	
5595	4	
5596	5	
5597	4	
5598	10	
5599	3	
5600	6	
5601	5	
5602	5	
5603	4	
5604	6	
5605	8	
5606	6	
5607	5	
5608	7	
5609	3	
5610	6	
5611	2	
5612	4	
5613	8	
5614	3	
5615	3	
5616	8	
5617	3	
5618	1	
5619	1	
5620	4	
5621	4	
5622	10	
5623	10	
5624	1	
5625	7	
5626	6	
5627	4	
5628	4	
5629	10	
5630	4	
5631	10	
5632	4	
5633	9	
5634	8	
5635	9	
5636	2	
5637	1	
5638	3	
5639	10	
5640	8	
5641	2	
5642	4	
5643	10	
5644	10	
5645	3	
5646	8	
5647	9	
5648	9	
5649	5	
5650	3	
5651	5	
5652	6	
5653	9	
5654	7	
5655	4	
5656	5	
5657	2	
5658	9	
5659	3	
5660	5	
5661	1	
5662	4	
5663	7	
5664	1	
5665	7	
5666	8	
5667	7	
5668	2	
5669	7	
5670	7	
5671	7	
5672	4	
5673	6	
5674	8	
5675	7	
5676	3	
5677	9	
5678	10	
5679	2	
5680	8	
5681	9	
5682	3	
5683	3	
5684	10	
5685	3	
5686	5	
5687	4	
5688	2	
5689	3	
5690	2	
5691	9	
5692	10	
5693	4	
5694	1	
5695	1	
5696	10	
5697	9	
5698	1	
5699	6	
5700	10	
5701	7	
5702	10	
5703	6	
5704	8	
5705	5	
5706	7	
5707	8	
5708	5	
5709	5	
5710	3	
5711	1	
5712	1	
5713	6	
5714	9	
5715	6	
5716	8	
5717	2	
5718	1	
5719	7	
5720	6	
5721	6	
5722	6	
5723	2	
5724	4	
5725	8	
5726	6	
5727	10	
5728	9	
5729	2	
5730	7	
5731	7	
5732	7	
5733	6	
5734	8	
5735	9	
5736	1	
5737	8	
5738	2	
5739	10	
5740	7	
5741	3	
5742	5	
5743	1	
5744	3	
5745	3	
5746	7	
5747	1	
5748	3	
5749	5	
5750	4	
5751	1	
5752	1	
5753	7	
5754	8	
5755	9	
5756	2	
5757	2	
5758	3	
5759	5	
5760	9	
5761	2	
5762	7	
5763	9	
5764	4	
5765	2	
5766	8	
5767	6	
5768	3	
5769	10	
5770	1	
5771	4	
5772	3	
5773	6	
5774	4	
5775	9	
5776	5	
5777	1	
5778	2	
5779	4	
5780	3	
5781	5	
5782	3	
5783	3	
5784	8	
5785	9	
5786	1	
5787	3	
5788	6	
5789	5	
5790	8	
5791	1	
5792	3	
5793	8	
5794	3	
5795	7	
5796	7	
5797	6	
5798	10	
5799	3	
5800	1	
5801	10	
5802	9	
5803	7	
5804	10	
5805	5	
5806	3	
5807	3	
5808	1	
5809	6	
5810	4	
5811	6	
5812	2	
5813	5	
5814	10	
5815	6	
5816	2	
5817	8	
5818	6	
5819	9	
5820	1	
5821	3	
5822	4	
5823	5	
5824	6	
5825	7	
5826	5	
5827	4	
5828	9	
5829	3	
5830	2	
5831	1	
5832	2	
5833	5	
5834	3	
5835	7	
5836	3	
5837	1	
5838	10	
5839	8	
5840	8	
5841	9	
5842	10	
5843	4	
5844	4	
5845	4	
5846	4	
5847	9	
5848	7	
5849	8	
5850	7	
5851	8	
5852	4	
5853	3	
5854	5	
5855	8	
5856	7	
5857	7	
5858	2	
5859	4	
5860	2	
5861	8	
5862	9	
5863	4	
5864	1	
5865	5	
5866	6	
5867	9	
5868	2	
5869	8	
5870	1	
5871	9	
5872	9	
5873	9	
5874	10	
5875	5	
5876	1	
5877	6	
5878	8	
5879	3	
5880	2	
5881	2	
5882	1	
5883	2	
5884	4	
5885	8	
5886	6	
5887	6	
5888	10	
5889	1	
5890	6	
5891	10	
5892	6	
5893	4	
5894	1	
5895	7	
5896	10	
5897	8	
5898	3	
5899	10	
5900	6	
5901	5	
5902	7	
5903	8	
5904	6	
5905	2	
5906	8	
5907	7	
5908	4	
5909	10	
5910	1	
5911	8	
5912	2	
5913	6	
5914	9	
5915	2	
5916	2	
5917	6	
5918	3	
5919	7	
5920	8	
5921	6	
5922	9	
5923	7	
5924	9	
5925	9	
5926	2	
5927	2	
5928	6	
5929	7	
5930	8	
5931	4	
5932	4	
5933	7	
5934	2	
5935	8	
5936	4	
5937	7	
5938	1	
5939	5	
5940	7	
5941	5	
5942	10	
5943	8	
5944	4	
5945	6	
5946	10	
5947	7	
5948	4	
5949	6	
5950	4	
5951	8	
5952	2	
5953	9	
5954	5	
5955	7	
5956	3	
5957	8	
5958	3	
5959	2	
5960	4	
5961	6	
5962	10	
5963	8	
5964	8	
5965	1	
5966	6	
5967	6	
5968	7	
5969	3	
5970	4	
5971	6	
5972	6	
5973	3	
5974	3	
5975	5	
5976	6	
5977	2	
5978	2	
5979	5	
5980	9	
5981	7	
5982	2	
5983	1	
5984	2	
5985	3	
5986	4	
5987	5	
5988	2	
5989	4	
5990	3	
5991	7	
5992	1	
5993	6	
5994	4	
5995	9	
5996	1	
5997	2	
5998	1	
5999	9	
6000	1	
6001	1	
6002	4	
6003	10	
6004	6	
6005	9	
6006	5	
6007	4	
6008	7	
6009	4	
6010	4	
6011	5	
6012	4	
6013	10	
6014	10	
6015	7	
6016	1	
6017	4	
6018	1	
6019	6	
6020	4	
6021	1	
6022	6	
6023	5	
6024	6	
6025	5	
6026	8	
6027	3	
6028	2	
6029	2	
6030	5	
6031	1	
6032	2	
6033	4	
6034	4	
6035	6	
6036	5	
6037	10	
6038	7	
6039	3	
6040	6	
6041	6	
6042	3	
6043	10	
6044	7	
6045	4	
6046	7	
6047	2	
6048	2	
6049	4	
6050	2	
6051	7	
6052	5	
6053	2	
6054	1	
6055	4	
6056	3	
6057	7	
6058	1	
6059	1	
6060	8	
6061	10	
6062	3	
6063	9	
6064	10	
6065	2	
6066	2	
6067	3	
6068	5	
6069	4	
6070	9	
6071	9	
6072	10	
6073	9	
6074	3	
6075	9	
6076	5	
6077	1	
6078	2	
6079	8	
6080	4	
6081	2	
6082	5	
6083	7	
6084	6	
6085	8	
6086	3	
6087	7	
6088	7	
6089	9	
6090	10	
6091	6	
6092	8	
6093	5	
6094	9	
6095	6	
6096	5	
6097	4	
6098	1	
6099	6	
6100	8	
6101	4	
6102	8	
6103	6	
6104	3	
6105	2	
6106	3	
6107	1	
6108	1	
6109	4	
6110	3	
6111	8	
6112	2	
6113	6	
6114	3	
6115	6	
6116	7	
6117	8	
6118	9	
6119	5	
6120	5	
6121	4	
6122	6	
6123	7	
6124	4	
6125	9	
6126	3	
6127	9	
6128	4	
6129	9	
6130	10	
6131	10	
6132	4	
6133	7	
6134	9	
6135	1	
6136	10	
6137	3	
6138	10	
6139	2	
6140	4	
6141	10	
6142	5	
6143	5	
6144	4	
6145	9	
6146	1	
6147	3	
6148	3	
6149	9	
6150	1	
6151	3	
6152	1	
6153	7	
6154	5	
6155	9	
6156	9	
6157	9	
6158	4	
6159	9	
6160	4	
6161	3	
6162	5	
6163	5	
6164	10	
6165	6	
6166	5	
6167	4	
6168	2	
6169	3	
6170	3	
6171	1	
6172	2	
6173	4	
6174	5	
6175	2	
6176	7	
6177	9	
6178	4	
6179	3	
6180	9	
6181	9	
6182	8	
6183	6	
6184	8	
6185	1	
6186	2	
6187	3	
6188	8	
6189	8	
6190	6	
6191	8	
6192	3	
6193	3	
6194	1	
6195	8	
6196	10	
6197	10	
6198	4	
6199	3	
6200	3	
6201	1	
6202	3	
6203	1	
6204	10	
6205	6	
6206	8	
6207	2	
6208	4	
6209	4	
6210	9	
6211	4	
6212	3	
6213	7	
6214	1	
6215	8	
6216	7	
6217	4	
6218	2	
6219	5	
6220	8	
6221	7	
6222	3	
6223	3	
6224	6	
6225	4	
6226	6	
6227	4	
6228	6	
6229	7	
6230	5	
6231	2	
6232	5	
6233	4	
6234	1	
6235	2	
6236	5	
6237	9	
6238	1	
6239	3	
6240	2	
6241	7	
6242	5	
6243	5	
6244	8	
6245	10	
6246	8	
6247	4	
6248	3	
6249	1	
6250	1	
6251	5	
6252	1	
6253	9	
6254	3	
6255	9	
6256	6	
6257	5	
6258	4	
6259	10	
6260	9	
6261	10	
6262	7	
6263	7	
6264	10	
6265	9	
6266	3	
6267	7	
6268	1	
6269	10	
6270	2	
6271	10	
6272	9	
6273	7	
6274	10	
6275	3	
6276	3	
6277	4	
6278	8	
6279	1	
6280	3	
6281	1	
6282	9	
6283	1	
6284	6	
6285	2	
6286	10	
6287	10	
6288	2	
6289	7	
6290	1	
6291	1	
6292	3	
6293	6	
6294	4	
6295	2	
6296	8	
6297	4	
6298	9	
6299	7	
6300	8	
6301	9	
6302	7	
6303	2	
6304	2	
6305	3	
6306	7	
6307	6	
6308	9	
6309	4	
6310	4	
6311	3	
6312	7	
6313	7	
6314	4	
6315	8	
6316	2	
6317	6	
6318	7	
6319	5	
6320	10	
6321	2	
6322	7	
6323	9	
6324	8	
6325	4	
6326	8	
6327	6	
6328	9	
6329	6	
6330	4	
6331	9	
6332	5	
6333	6	
6334	1	
6335	8	
6336	2	
6337	6	
6338	3	
6339	7	
6340	10	
6341	3	
6342	3	
6343	9	
6344	10	
6345	1	
6346	1	
6347	8	
6348	7	
6349	5	
6350	2	
6351	7	
6352	7	
6353	3	
6354	4	
6355	4	
6356	8	
6357	1	
6358	8	
6359	2	
6360	6	
6361	4	
6362	6	
6363	8	
6364	2	
6365	3	
6366	8	
6367	1	
6368	3	
6369	4	
6370	6	
6371	4	
6372	1	
6373	4	
6374	8	
6375	10	
6376	9	
6377	4	
6378	7	
6379	4	
6380	9	
6381	6	
6382	1	
6383	9	
6384	6	
6385	3	
6386	10	
6387	7	
6388	3	
6389	7	
6390	8	
6391	4	
6392	3	
6393	8	
6394	7	
6395	10	
6396	1	
6397	2	
6398	7	
6399	5	
6400	5	
6401	4	
6402	3	
6403	3	
6404	5	
6405	6	
6406	1	
6407	5	
6408	8	
6409	5	
6410	2	
6411	7	
6412	4	
6413	3	
6414	1	
6415	10	
6416	4	
6417	2	
6418	7	
6419	6	
6420	10	
6421	7	
6422	10	
6423	9	
6424	3	
6425	1	
6426	3	
6427	4	
6428	3	
6429	7	
6430	6	
6431	2	
6432	6	
6433	7	
6434	5	
6435	4	
6436	4	
6437	5	
6438	1	
6439	7	
6440	8	
6441	4	
6442	3	
6443	7	
6444	4	
6445	3	
6446	8	
6447	10	
6448	8	
6449	9	
6450	2	
6451	1	
6452	1	
6453	6	
6454	7	
6455	4	
6456	3	
6457	6	
6458	8	
6459	5	
6460	4	
6461	3	
6462	3	
6463	5	
6464	8	
6465	10	
6466	3	
6467	3	
6468	2	
6469	10	
6470	3	
6471	6	
6472	6	
6473	1	
6474	7	
6475	7	
6476	5	
6477	8	
6478	10	
6479	6	
6480	2	
6481	1	
6482	5	
6483	1	
6484	8	
6485	2	
6486	8	
6487	6	
6488	5	
6489	6	
6490	1	
6491	9	
6492	2	
6493	10	
6494	5	
6495	8	
6496	3	
6497	8	
6498	9	
6499	1	
6500	1	
6501	8	
6502	10	
6503	9	
6504	9	
6505	8	
6506	7	
6507	8	
6508	6	
6509	3	
6510	1	
6511	5	
6512	3	
6513	5	
6514	5	
6515	7	
6516	6	
6517	10	
6518	2	
6519	5	
6520	6	
6521	3	
6522	8	
6523	9	
6524	7	
6525	3	
6526	9	
6527	9	
6528	2	
6529	5	
6530	4	
6531	2	
6532	4	
6533	3	
6534	6	
6535	5	
6536	4	
6537	3	
6538	9	
6539	8	
6540	3	
6541	10	
6542	5	
6543	9	
6544	4	
6545	4	
6546	9	
6547	9	
6548	7	
6549	1	
6550	4	
6551	8	
6552	5	
6553	8	
6554	1	
6555	10	
6556	1	
6557	2	
6558	4	
6559	1	
6560	3	
6561	4	
6562	3	
6563	8	
6564	2	
6565	4	
6566	8	
6567	6	
6568	3	
6569	2	
6570	10	
6571	8	
6572	4	
6573	5	
6574	5	
6575	9	
6576	3	
6577	6	
6578	9	
6579	10	
6580	9	
6581	5	
6582	3	
6583	10	
6584	8	
6585	6	
6586	1	
6587	1	
6588	2	
6589	4	
6590	9	
6591	3	
6592	2	
6593	6	
6594	7	
6595	4	
6596	7	
6597	8	
6598	1	
6599	1	
6600	9	
6601	8	
6602	3	
6603	10	
6604	6	
6605	8	
6606	7	
6607	2	
6608	1	
6609	4	
6610	10	
6611	3	
6612	7	
6613	3	
6614	5	
6615	8	
6616	6	
6617	6	
6618	6	
6619	9	
6620	1	
6621	3	
6622	10	
6623	7	
6624	8	
6625	9	
6626	9	
6627	5	
6628	6	
6629	6	
6630	7	
6631	2	
6632	5	
6633	9	
6634	3	
6635	10	
6636	5	
6637	3	
6638	7	
6639	3	
6640	3	
6641	3	
6642	9	
6643	5	
6644	6	
6645	10	
6646	2	
6647	7	
6648	8	
6649	3	
6650	2	
6651	2	
6652	7	
6653	3	
6654	4	
6655	2	
6656	3	
6657	2	
6658	3	
6659	8	
6660	4	
6661	3	
6662	3	
6663	1	
6664	9	
6665	4	
6666	1	
6667	4	
6668	2	
6669	6	
6670	10	
6671	5	
6672	6	
6673	2	
6674	2	
6675	8	
6676	10	
6677	1	
6678	4	
6679	5	
6680	9	
6681	9	
6682	5	
6683	3	
6684	8	
6685	6	
6686	2	
6687	5	
6688	1	
6689	2	
6690	10	
6691	10	
6692	8	
6693	5	
6694	2	
6695	4	
6696	4	
6697	10	
6698	5	
6699	10	
6700	1	
6701	8	
6702	6	
6703	4	
6704	4	
6705	9	
6706	8	
6707	7	
6708	10	
6709	5	
6710	6	
6711	9	
6712	10	
6713	3	
6714	1	
6715	5	
6716	1	
6717	5	
6718	7	
6719	9	
6720	2	
6721	2	
6722	3	
6723	6	
6724	6	
6725	3	
6726	3	
6727	2	
6728	3	
6729	1	
6730	8	
6731	2	
6732	6	
6733	2	
6734	3	
6735	7	
6736	8	
6737	1	
6738	4	
6739	5	
6740	1	
6741	2	
6742	2	
6743	4	
6744	5	
6745	2	
6746	3	
6747	8	
6748	7	
6749	1	
6750	6	
6751	4	
6752	4	
6753	10	
6754	2	
6755	2	
6756	5	
6757	2	
6758	7	
6759	2	
6760	1	
6761	8	
6762	7	
6763	5	
6764	6	
6765	2	
6766	9	
6767	1	
6768	3	
6769	1	
6770	3	
6771	8	
6772	5	
6773	5	
6774	1	
6775	4	
6776	7	
6777	6	
6778	3	
6779	9	
6780	9	
6781	9	
6782	7	
6783	7	
6784	8	
6785	1	
6786	8	
6787	7	
6788	8	
6789	4	
6790	5	
6791	7	
6792	5	
6793	8	
6794	2	
6795	4	
6796	2	
6797	3	
6798	10	
6799	4	
6800	7	
6801	5	
6802	8	
6803	1	
6804	7	
6805	7	
6806	2	
6807	8	
6808	3	
6809	8	
6810	1	
6811	9	
6812	1	
6813	4	
6814	10	
6815	1	
6816	8	
6817	8	
6818	6	
6819	2	
6820	2	
6821	4	
6822	1	
6823	4	
6824	5	
6825	5	
6826	2	
6827	7	
6828	3	
6829	6	
6830	9	
6831	5	
6832	10	
6833	2	
6834	5	
6835	7	
6836	8	
6837	9	
6838	9	
6839	7	
6840	10	
6841	1	
6842	8	
6843	5	
6844	8	
6845	6	
6846	4	
6847	5	
6848	3	
6849	5	
6850	1	
6851	9	
6852	5	
6853	7	
6854	1	
6855	6	
6856	8	
6857	2	
6858	8	
6859	5	
6860	8	
6861	10	
6862	8	
6863	7	
6864	1	
6865	9	
6866	9	
6867	9	
6868	1	
6869	6	
6870	9	
6871	5	
6872	1	
6873	2	
6874	6	
6875	8	
6876	9	
6877	4	
6878	1	
6879	3	
6880	8	
6881	10	
6882	10	
6883	9	
6884	6	
6885	4	
6886	6	
6887	7	
6888	1	
6889	2	
6890	4	
6891	1	
6892	9	
6893	1	
6894	9	
6895	3	
6896	10	
6897	3	
6898	5	
6899	4	
6900	3	
6901	10	
6902	5	
6903	3	
6904	6	
6905	8	
6906	9	
6907	4	
6908	5	
6909	5	
6910	10	
6911	8	
6912	1	
6913	6	
6914	5	
6915	3	
6916	4	
6917	10	
6918	10	
6919	9	
6920	2	
6921	4	
6922	5	
6923	8	
6924	7	
6925	8	
6926	1	
6927	6	
6928	1	
6929	1	
6930	10	
6931	6	
6932	4	
6933	10	
6934	2	
6935	7	
6936	1	
6937	7	
6938	10	
6939	10	
6940	9	
6941	7	
6942	5	
6943	1	
6944	7	
6945	1	
6946	1	
6947	6	
6948	3	
6949	5	
6950	5	
6951	3	
6952	6	
6953	7	
6954	2	
6955	6	
6956	9	
6957	4	
6958	2	
6959	4	
6960	1	
6961	10	
6962	8	
6963	10	
6964	9	
6965	9	
6966	5	
6967	5	
6968	5	
6969	8	
6970	6	
6971	9	
6972	7	
6973	7	
6974	6	
6975	10	
6976	1	
6977	3	
6978	3	
6979	4	
6980	1	
6981	6	
6982	7	
6983	9	
6984	4	
6985	5	
6986	2	
6987	8	
6988	3	
6989	4	
6990	10	
6991	4	
6992	5	
6993	10	
6994	8	
6995	9	
6996	9	
6997	9	
6998	4	
6999	7	
7000	6	
7001	6	
7002	1	
7003	3	
7004	8	
7005	6	
7006	10	
7007	9	
7008	7	
7009	3	
7010	5	
7011	6	
7012	7	
7013	4	
7014	2	
7015	9	
7016	1	
7017	3	
7018	4	
7019	9	
7020	10	
7021	1	
7022	1	
7023	3	
7024	8	
7025	9	
7026	3	
7027	8	
7028	3	
7029	1	
7030	10	
7031	7	
7032	3	
7033	3	
7034	10	
7035	3	
7036	5	
7037	1	
7038	4	
7039	4	
7040	2	
7041	4	
7042	6	
7043	1	
7044	7	
7045	1	
7046	7	
7047	7	
7048	10	
7049	6	
7050	3	
7051	2	
7052	1	
7053	3	
7054	5	
7055	1	
7056	3	
7057	4	
7058	1	
7059	1	
7060	9	
7061	4	
7062	2	
7063	7	
7064	2	
7065	2	
7066	8	
7067	10	
7068	10	
7069	5	
7070	3	
7071	4	
7072	7	
7073	1	
7074	1	
7075	6	
7076	7	
7077	10	
7078	2	
7079	7	
7080	1	
7081	3	
7082	9	
7083	6	
7084	1	
7085	9	
7086	7	
7087	1	
7088	8	
7089	7	
7090	10	
7091	3	
7092	2	
7093	8	
7094	4	
7095	6	
7096	7	
7097	2	
7098	6	
7099	3	
7100	8	
7101	6	
7102	4	
7103	4	
7104	1	
7105	5	
7106	9	
7107	4	
7108	10	
7109	2	
7110	2	
7111	4	
7112	5	
7113	7	
7114	6	
7115	7	
7116	9	
7117	8	
7118	1	
7119	8	
7120	8	
7121	4	
7122	6	
7123	7	
7124	1	
7125	4	
7126	7	
7127	5	
7128	5	
7129	8	
7130	10	
7131	9	
7132	2	
7133	1	
7134	7	
7135	6	
7136	7	
7137	2	
7138	5	
7139	5	
7140	7	
7141	6	
7142	4	
7143	8	
7144	5	
7145	10	
7146	6	
7147	1	
7148	7	
7149	4	
7150	3	
7151	1	
7152	2	
7153	5	
7154	7	
7155	7	
7156	4	
7157	9	
7158	10	
7159	2	
7160	7	
7161	7	
7162	7	
7163	10	
7164	7	
7165	3	
7166	3	
7167	9	
7168	7	
7169	5	
7170	3	
7171	6	
7172	3	
7173	1	
7174	6	
7175	10	
7176	5	
7177	8	
7178	10	
7179	7	
7180	10	
7181	10	
7182	2	
7183	9	
7184	9	
7185	4	
7186	7	
7187	9	
7188	8	
7189	6	
7190	1	
7191	2	
7192	6	
7193	7	
7194	4	
7195	1	
7196	6	
7197	1	
7198	1	
7199	10	
7200	8	
7201	5	
7202	10	
7203	4	
7204	9	
7205	1	
7206	9	
7207	2	
7208	4	
7209	8	
7210	8	
7211	7	
7212	7	
7213	7	
7214	2	
7215	2	
7216	4	
7217	4	
7218	5	
7219	7	
7220	10	
7221	8	
7222	7	
7223	8	
7224	9	
7225	7	
7226	9	
7227	9	
7228	9	
7229	1	
7230	6	
7231	6	
7232	3	
7233	3	
7234	3	
7235	9	
7236	3	
7237	7	
7238	10	
7239	9	
7240	9	
7241	6	
7242	5	
7243	6	
7244	7	
7245	2	
7246	9	
7247	7	
7248	3	
7249	3	
7250	1	
7251	9	
7252	1	
7253	7	
7254	8	
7255	5	
7256	2	
7257	10	
7258	9	
7259	4	
7260	7	
7261	2	
7262	10	
7263	7	
7264	4	
7265	6	
7266	4	
7267	2	
7268	4	
7269	10	
7270	9	
7271	5	
7272	1	
7273	10	
7274	4	
7275	2	
7276	3	
7277	6	
7278	3	
7279	3	
7280	7	
7281	5	
7282	6	
7283	3	
7284	6	
7285	6	
7286	10	
7287	3	
7288	2	
7289	10	
7290	7	
7291	3	
7292	1	
7293	3	
7294	4	
7295	4	
7296	8	
7297	10	
7298	6	
7299	10	
7300	5	
7301	10	
7302	7	
7303	6	
7304	1	
7305	1	
7306	1	
7307	1	
7308	1	
7309	5	
7310	8	
7311	4	
7312	5	
7313	5	
7314	3	
7315	10	
7316	1	
7317	4	
7318	1	
7319	7	
7320	2	
7321	10	
7322	2	
7323	5	
7324	7	
7325	8	
7326	5	
7327	6	
7328	2	
7329	2	
7330	6	
7331	6	
7332	5	
7333	4	
7334	1	
7335	8	
7336	5	
7337	6	
7338	3	
7339	4	
7340	3	
7341	2	
7342	7	
7343	9	
7344	9	
7345	1	
7346	2	
7347	6	
7348	7	
7349	6	
7350	3	
7351	10	
7352	5	
7353	9	
7354	9	
7355	1	
7356	10	
7357	1	
7358	3	
7359	3	
7360	3	
7361	1	
7362	1	
7363	9	
7364	5	
7365	5	
7366	4	
7367	2	
7368	7	
7369	5	
7370	5	
7371	10	
7372	4	
7373	10	
7374	8	
7375	1	
7376	2	
7377	1	
7378	4	
7379	10	
7380	1	
7381	1	
7382	1	
7383	9	
7384	5	
7385	8	
7386	10	
7387	6	
7388	3	
7389	6	
7390	10	
7391	8	
7392	8	
7393	5	
7394	1	
7395	3	
7396	5	
7397	6	
7398	7	
7399	1	
7400	1	
7401	1	
7402	8	
7403	4	
7404	6	
7405	9	
7406	7	
7407	9	
7408	5	
7409	6	
7410	8	
7411	5	
7412	9	
7413	5	
7414	7	
7415	1	
7416	3	
7417	6	
7418	10	
7419	10	
7420	1	
7421	5	
7422	8	
7423	3	
7424	1	
7425	3	
7426	1	
7427	5	
7428	7	
7429	2	
7430	4	
7431	10	
7432	2	
7433	3	
7434	4	
7435	1	
7436	5	
7437	4	
7438	5	
7439	4	
7440	5	
7441	9	
7442	4	
7443	7	
7444	6	
7445	3	
7446	7	
7447	4	
7448	10	
7449	9	
7450	6	
7451	6	
7452	8	
7453	10	
7454	10	
7455	4	
7456	7	
7457	4	
7458	8	
7459	6	
7460	2	
7461	5	
7462	6	
7463	8	
7464	2	
7465	10	
7466	2	
7467	9	
7468	4	
7469	2	
7470	8	
7471	4	
7472	2	
7473	2	
7474	3	
7475	3	
7476	1	
7477	6	
7478	10	
7479	5	
7480	2	
7481	10	
7482	10	
7483	5	
7484	9	
7485	8	
7486	5	
7487	7	
7488	1	
7489	10	
7490	4	
7491	8	
7492	10	
7493	4	
7494	8	
7495	9	
7496	6	
7497	6	
7498	3	
7499	5	
7500	2	
7501	3	
7502	8	
7503	2	
7504	9	
7505	8	
7506	6	
7507	6	
7508	1	
7509	10	
7510	5	
7511	1	
7512	5	
7513	6	
7514	7	
7515	8	
7516	9	
7517	5	
7518	5	
7519	6	
7520	3	
7521	6	
7522	9	
7523	4	
7524	8	
7525	8	
7526	10	
7527	8	
7528	4	
7529	10	
7530	3	
7531	10	
7532	9	
7533	8	
7534	7	
7535	9	
7536	5	
7537	8	
7538	2	
7539	8	
7540	9	
7541	4	
7542	9	
7543	4	
7544	3	
7545	7	
7546	8	
7547	9	
7548	4	
7549	8	
7550	3	
7551	3	
7552	8	
7553	6	
7554	2	
7555	1	
7556	6	
7557	5	
7558	1	
7559	8	
7560	1	
7561	1	
7562	6	
7563	1	
7564	6	
7565	9	
7566	7	
7567	9	
7568	8	
7569	9	
7570	6	
7571	2	
7572	3	
7573	1	
7574	9	
7575	1	
7576	7	
7577	6	
7578	2	
7579	7	
7580	10	
7581	10	
7582	6	
7583	8	
7584	3	
7585	8	
7586	7	
7587	10	
7588	8	
7589	4	
7590	8	
7591	3	
7592	7	
7593	5	
7594	2	
7595	9	
7596	10	
7597	6	
7598	7	
7599	9	
7600	4	
7601	7	
7602	10	
7603	5	
7604	4	
7605	7	
7606	9	
7607	5	
7608	10	
7609	6	
7610	2	
7611	7	
7612	8	
7613	9	
7614	5	
7615	5	
7616	3	
7617	6	
7618	2	
7619	5	
7620	5	
7621	2	
7622	4	
7623	4	
7624	6	
7625	9	
7626	2	
7627	8	
7628	8	
7629	7	
7630	1	
7631	4	
7632	2	
7633	1	
7634	3	
7635	6	
7636	1	
7637	5	
7638	6	
7639	9	
7640	8	
7641	8	
7642	10	
7643	1	
7644	2	
7645	4	
7646	10	
7647	5	
7648	7	
7649	8	
7650	10	
7651	3	
7652	6	
7653	6	
7654	6	
7655	6	
7656	4	
7657	5	
7658	1	
7659	1	
7660	4	
7661	8	
7662	7	
7663	1	
7664	4	
7665	4	
7666	6	
7667	8	
7668	6	
7669	2	
7670	3	
7671	3	
7672	10	
7673	2	
7674	9	
7675	6	
7676	2	
7677	8	
7678	8	
7679	2	
7680	5	
7681	6	
7682	1	
7683	7	
7684	4	
7685	1	
7686	2	
7687	8	
7688	5	
7689	3	
7690	3	
7691	9	
7692	5	
7693	6	
7694	4	
7695	5	
7696	6	
7697	4	
7698	10	
7699	1	
7700	10	
7701	5	
7702	3	
7703	6	
7704	1	
7705	1	
7706	6	
7707	1	
7708	7	
7709	5	
7710	6	
7711	1	
7712	8	
7713	9	
7714	7	
7715	5	
7716	4	
7717	9	
7718	5	
7719	1	
7720	2	
7721	5	
7722	9	
7723	6	
7724	8	
7725	5	
7726	6	
7727	2	
7728	1	
7729	10	
7730	3	
7731	2	
7732	8	
7733	9	
7734	7	
7735	3	
7736	8	
7737	4	
7738	5	
7739	1	
7740	3	
7741	6	
7742	1	
7743	9	
7744	1	
7745	8	
7746	2	
7747	9	
7748	4	
7749	3	
7750	2	
7751	3	
7752	5	
7753	3	
7754	10	
7755	3	
7756	3	
7757	7	
7758	7	
7759	1	
7760	8	
7761	7	
7762	2	
7763	10	
7764	1	
7765	8	
7766	7	
7767	10	
7768	3	
7769	9	
7770	3	
7771	7	
7772	8	
7773	4	
7774	9	
7775	10	
7776	3	
7777	5	
7778	2	
7779	8	
7780	9	
7781	8	
7782	4	
7783	5	
7784	6	
7785	3	
7786	5	
7787	9	
7788	9	
7789	7	
7790	5	
7791	5	
7792	10	
7793	2	
7794	6	
7795	2	
7796	2	
7797	1	
7798	4	
7799	9	
7800	3	
7801	8	
7802	9	
7803	7	
7804	6	
7805	10	
7806	3	
7807	5	
7808	10	
7809	9	
7810	10	
7811	6	
7812	10	
7813	8	
7814	5	
7815	10	
7816	2	
7817	9	
7818	6	
7819	6	
7820	9	
7821	8	
7822	6	
7823	4	
7824	8	
7825	10	
7826	7	
7827	8	
7828	7	
7829	7	
7830	7	
7831	1	
7832	9	
7833	8	
7834	6	
7835	2	
7836	7	
7837	1	
7838	10	
7839	1	
7840	1	
7841	7	
7842	4	
7843	5	
7844	8	
7845	6	
7846	2	
7847	8	
7848	7	
7849	7	
7850	2	
7851	3	
7852	10	
7853	3	
7854	5	
7855	5	
7856	10	
7857	5	
7858	1	
7859	5	
7860	9	
7861	9	
7862	6	
7863	2	
7864	9	
7865	9	
7866	9	
7867	9	
7868	7	
7869	5	
7870	4	
7871	2	
7872	1	
7873	8	
7874	6	
7875	4	
7876	6	
7877	1	
7878	8	
7879	6	
7880	1	
7881	8	
7882	8	
7883	2	
7884	3	
7885	7	
7886	2	
7887	3	
7888	3	
7889	10	
7890	2	
7891	6	
7892	7	
7893	2	
7894	6	
7895	6	
7896	6	
7897	1	
7898	8	
7899	10	
7900	7	
7901	7	
7902	9	
7903	9	
7904	2	
7905	2	
7906	5	
7907	7	
7908	10	
7909	4	
7910	1	
7911	2	
7912	10	
7913	8	
7914	3	
7915	5	
7916	2	
7917	4	
7918	5	
7919	7	
7920	2	
7921	10	
7922	2	
7923	1	
7924	7	
7925	6	
7926	6	
7927	10	
7928	10	
7929	7	
7930	8	
7931	8	
7932	6	
7933	8	
7934	5	
7935	3	
7936	6	
7937	2	
7938	4	
7939	6	
7940	1	
7941	2	
7942	9	
7943	4	
7944	8	
7945	2	
7946	2	
7947	2	
7948	4	
7949	7	
7950	5	
7951	4	
7952	6	
7953	1	
7954	3	
7955	4	
7956	6	
7957	10	
7958	3	
7959	7	
7960	5	
7961	9	
7962	2	
7963	2	
7964	6	
7965	10	
7966	9	
7967	3	
7968	3	
7969	5	
7970	2	
7971	1	
7972	10	
7973	1	
7974	2	
7975	8	
7976	4	
7977	7	
7978	1	
7979	3	
7980	10	
7981	5	
7982	10	
7983	2	
7984	10	
7985	8	
7986	10	
7987	1	
7988	9	
7989	9	
7990	4	
7991	10	
7992	7	
7993	7	
7994	10	
7995	5	
7996	10	
7997	10	
7998	2	
7999	2	
8000	9	
8001	10	
8002	2	
8003	6	
8004	5	
8005	2	
8006	4	
8007	3	
8008	8	
8009	1	
8010	7	
8011	2	
8012	7	
8013	9	
8014	6	
8015	4	
8016	4	
8017	6	
8018	5	
8019	4	
8020	3	
8021	1	
8022	3	
8023	8	
8024	2	
8025	7	
8026	3	
8027	8	
8028	1	
8029	7	
8030	2	
8031	10	
8032	2	
8033	6	
8034	3	
8035	8	
8036	7	
8037	6	
8038	5	
8039	2	
8040	4	
8041	5	
8042	3	
8043	1	
8044	5	
8045	6	
8046	5	
8047	5	
8048	1	
8049	2	
8050	1	
8051	1	
8052	3	
8053	3	
8054	9	
8055	5	
8056	6	
8057	3	
8058	8	
8059	10	
8060	4	
8061	2	
8062	10	
8063	4	
8064	1	
8065	7	
8066	9	
8067	3	
8068	3	
8069	1	
8070	10	
8071	8	
8072	7	
8073	10	
8074	7	
8075	4	
8076	7	
8077	6	
8078	3	
8079	1	
8080	10	
8081	7	
8082	3	
8083	1	
8084	5	
8085	8	
8086	9	
8087	2	
8088	5	
8089	8	
8090	6	
8091	3	
8092	9	
8093	2	
8094	3	
8095	9	
8096	8	
8097	10	
8098	1	
8099	1	
8100	1	
8101	6	
8102	9	
8103	8	
8104	7	
8105	8	
8106	6	
8107	10	
8108	2	
8109	4	
8110	6	
8111	3	
8112	5	
8113	9	
8114	7	
8115	2	
8116	8	
8117	6	
8118	5	
8119	2	
8120	9	
8121	8	
8122	4	
8123	9	
8124	9	
8125	9	
8126	10	
8127	6	
8128	1	
8129	4	
8130	8	
8131	7	
8132	10	
8133	4	
8134	5	
8135	9	
8136	6	
8137	6	
8138	1	
8139	5	
8140	2	
8141	9	
8142	1	
8143	6	
8144	1	
8145	5	
8146	6	
8147	9	
8148	9	
8149	10	
8150	6	
8151	4	
8152	5	
8153	1	
8154	4	
8155	5	
8156	7	
8157	8	
8158	5	
8159	6	
8160	7	
8161	1	
8162	6	
8163	2	
8164	7	
8165	10	
8166	10	
8167	9	
8168	2	
8169	9	
8170	8	
8171	10	
8172	9	
8173	1	
8174	7	
8175	3	
8176	7	
8177	8	
8178	1	
8179	9	
8180	6	
8181	6	
8182	7	
8183	5	
8184	3	
8185	4	
8186	9	
8187	7	
8188	6	
8189	8	
8190	3	
8191	3	
8192	4	
8193	2	
8194	10	
8195	3	
8196	7	
8197	5	
8198	5	
8199	6	
8200	5	
8201	4	
8202	6	
8203	6	
8204	5	
8205	1	
8206	2	
8207	5	
8208	4	
8209	8	
8210	6	
8211	2	
8212	8	
8213	10	
8214	8	
8215	1	
8216	8	
8217	5	
8218	6	
8219	9	
8220	7	
8221	4	
8222	7	
8223	10	
8224	6	
8225	2	
8226	5	
8227	1	
8228	9	
8229	5	
8230	4	
8231	9	
8232	2	
8233	2	
8234	1	
8235	3	
8236	6	
8237	4	
8238	7	
8239	6	
8240	10	
8241	4	
8242	2	
8243	9	
8244	2	
8245	6	
8246	6	
8247	5	
8248	7	
8249	4	
8250	8	
8251	1	
8252	6	
8253	3	
8254	6	
8255	4	
8256	9	
8257	9	
8258	4	
8259	9	
8260	7	
8261	5	
8262	1	
8263	10	
8264	9	
8265	7	
8266	5	
8267	8	
8268	10	
8269	7	
8270	5	
8271	1	
8272	10	
8273	9	
8274	8	
8275	3	
8276	1	
8277	10	
8278	3	
8279	6	
8280	2	
8281	7	
8282	7	
8283	1	
8284	6	
8285	7	
8286	4	
8287	9	
8288	1	
8289	6	
8290	3	
8291	1	
8292	8	
8293	8	
8294	10	
8295	9	
8296	4	
8297	4	
8298	8	
8299	10	
8300	4	
8301	3	
8302	9	
8303	5	
8304	1	
8305	4	
8306	9	
8307	10	
8308	2	
8309	10	
8310	7	
8311	4	
8312	4	
8313	4	
8314	10	
8315	6	
8316	6	
8317	2	
8318	10	
8319	10	
8320	1	
8321	7	
8322	5	
8323	2	
8324	3	
8325	2	
8326	2	
8327	10	
8328	6	
8329	8	
8330	4	
8331	6	
8332	4	
8333	10	
8334	4	
8335	10	
8336	5	
8337	10	
8338	6	
8339	7	
8340	5	
8341	2	
8342	4	
8343	4	
8344	6	
8345	3	
8346	10	
8347	2	
8348	10	
8349	7	
8350	7	
8351	4	
8352	1	
8353	2	
8354	5	
8355	3	
8356	1	
8357	4	
8358	8	
8359	9	
8360	8	
8361	8	
8362	7	
8363	8	
8364	1	
8365	1	
8366	10	
8367	1	
8368	2	
8369	9	
8370	7	
8371	7	
8372	9	
8373	6	
8374	6	
8375	1	
8376	4	
8377	5	
8378	7	
8379	5	
8380	3	
8381	2	
8382	5	
8383	5	
8384	4	
8385	9	
8386	2	
8387	8	
8388	7	
8389	3	
8390	7	
8391	7	
8392	5	
8393	8	
8394	5	
8395	3	
8396	2	
8397	9	
8398	8	
8399	9	
8400	7	
8401	8	
8402	3	
8403	9	
8404	7	
8405	9	
8406	1	
8407	10	
8408	7	
8409	9	
8410	6	
8411	10	
8412	2	
8413	1	
8414	8	
8415	10	
8416	7	
8417	6	
8418	9	
8419	2	
8420	1	
8421	8	
8422	6	
8423	8	
8424	8	
8425	3	
8426	10	
8427	10	
8428	3	
8429	8	
8430	5	
8431	7	
8432	8	
8433	4	
8434	3	
8435	10	
8436	5	
8437	7	
8438	6	
8439	4	
8440	6	
8441	9	
8442	10	
8443	5	
8444	10	
8445	6	
8446	2	
8447	8	
8448	8	
8449	1	
8450	6	
8451	6	
8452	6	
8453	2	
8454	5	
8455	1	
8456	6	
8457	2	
8458	7	
8459	7	
8460	1	
8461	9	
8462	1	
8463	5	
8464	9	
8465	6	
8466	2	
8467	4	
8468	6	
8469	7	
8470	8	
8471	3	
8472	8	
8473	4	
8474	10	
8475	6	
8476	8	
8477	7	
8478	6	
8479	4	
8480	6	
8481	2	
8482	10	
8483	5	
8484	1	
8485	7	
8486	9	
8487	10	
8488	5	
8489	1	
8490	6	
8491	2	
8492	1	
8493	3	
8494	7	
8495	10	
8496	3	
8497	4	
8498	7	
8499	4	
8500	9	
8501	6	
8502	9	
8503	1	
8504	10	
8505	9	
8506	7	
8507	9	
8508	10	
8509	9	
8510	3	
8511	5	
8512	2	
8513	1	
8514	10	
8515	3	
8516	6	
8517	8	
8518	5	
8519	10	
8520	2	
8521	8	
8522	4	
8523	3	
8524	1	
8525	8	
8526	2	
8527	9	
8528	1	
8529	5	
8530	10	
8531	5	
8532	5	
8533	10	
8534	6	
8535	3	
8536	10	
8537	7	
8538	7	
8539	2	
8540	3	
8541	6	
8542	7	
8543	5	
8544	6	
8545	3	
8546	6	
8547	1	
8548	8	
8549	10	
8550	5	
8551	9	
8552	10	
8553	9	
8554	8	
8555	3	
8556	8	
8557	9	
8558	5	
8559	1	
8560	10	
8561	10	
8562	7	
8563	6	
8564	5	
8565	8	
8566	2	
8567	5	
8568	9	
8569	7	
8570	5	
8571	6	
8572	2	
8573	5	
8574	5	
8575	9	
8576	9	
8577	6	
8578	7	
8579	10	
8580	4	
8581	5	
8582	10	
8583	9	
8584	3	
8585	5	
8586	8	
8587	9	
8588	1	
8589	10	
8590	7	
8591	3	
8592	3	
8593	1	
8594	5	
8595	5	
8596	7	
8597	5	
8598	6	
8599	4	
8600	6	
8601	7	
8602	10	
8603	5	
8604	1	
8605	1	
8606	4	
8607	2	
8608	4	
8609	5	
8610	6	
8611	1	
8612	4	
8613	2	
8614	9	
8615	10	
8616	4	
8617	9	
8618	1	
8619	9	
8620	1	
8621	3	
8622	4	
8623	9	
8624	6	
8625	5	
8626	8	
8627	7	
8628	8	
8629	1	
8630	2	
8631	4	
8632	10	
8633	4	
8634	8	
8635	5	
8636	5	
8637	10	
8638	1	
8639	3	
8640	10	
8641	3	
8642	6	
8643	5	
8644	9	
8645	8	
8646	9	
8647	5	
8648	4	
8649	9	
8650	2	
8651	8	
8652	1	
8653	2	
8654	7	
8655	2	
8656	10	
8657	3	
8658	6	
8659	3	
8660	5	
8661	1	
8662	3	
8663	1	
8664	6	
8665	5	
8666	3	
8667	9	
8668	7	
8669	1	
8670	4	
8671	7	
8672	10	
8673	2	
8674	10	
8675	6	
8676	3	
8677	2	
8678	1	
8679	9	
8680	10	
8681	6	
8682	8	
8683	1	
8684	3	
8685	7	
8686	5	
8687	9	
8688	4	
8689	8	
8690	10	
8691	3	
8692	2	
8693	7	
8694	6	
8695	10	
8696	8	
8697	10	
8698	1	
8699	9	
8700	3	
8701	3	
8702	10	
8703	8	
8704	2	
8705	3	
8706	2	
8707	7	
8708	8	
8709	7	
8710	5	
8711	5	
8712	5	
8713	3	
8714	5	
8715	7	
8716	10	
8717	1	
8718	2	
8719	2	
8720	1	
8721	1	
8722	9	
8723	5	
8724	8	
8725	7	
8726	4	
8727	9	
8728	4	
8729	6	
8730	2	
8731	1	
8732	4	
8733	6	
8734	6	
8735	4	
8736	1	
8737	1	
8738	5	
8739	9	
8740	2	
8741	3	
8742	10	
8743	2	
8744	1	
8745	3	
8746	10	
8747	6	
8748	9	
8749	2	
8750	5	
8751	4	
8752	2	
8753	10	
8754	9	
8755	7	
8756	2	
8757	7	
8758	8	
8759	10	
8760	7	
8761	10	
8762	4	
8763	1	
8764	6	
8765	1	
8766	6	
8767	4	
8768	8	
8769	1	
8770	4	
8771	4	
8772	3	
8773	5	
8774	5	
8775	8	
8776	5	
8777	6	
8778	4	
8779	7	
8780	2	
8781	8	
8782	5	
8783	10	
8784	1	
8785	8	
8786	3	
8787	3	
8788	5	
8789	1	
8790	8	
8791	7	
8792	9	
8793	7	
8794	10	
8795	5	
8796	5	
8797	7	
8798	5	
8799	4	
8800	3	
8801	10	
8802	3	
8803	3	
8804	1	
8805	8	
8806	9	
8807	4	
8808	10	
8809	1	
8810	7	
8811	5	
8812	10	
8813	4	
8814	9	
8815	10	
8816	3	
8817	2	
8818	10	
8819	9	
8820	2	
8821	9	
8822	5	
8823	6	
8824	7	
8825	1	
8826	10	
8827	10	
8828	1	
8829	7	
8830	7	
8831	5	
8832	1	
8833	6	
8834	5	
8835	9	
8836	8	
8837	6	
8838	6	
8839	7	
8840	2	
8841	7	
8842	1	
8843	7	
8844	5	
8845	9	
8846	8	
8847	8	
8848	3	
8849	4	
8850	7	
8851	8	
8852	1	
8853	3	
8854	8	
8855	3	
8856	7	
8857	3	
8858	2	
8859	8	
8860	8	
8861	8	
8862	8	
8863	7	
8864	5	
8865	1	
8866	9	
8867	1	
8868	10	
8869	8	
8870	1	
8871	1	
8872	10	
8873	10	
8874	7	
8875	8	
8876	1	
8877	4	
8878	10	
8879	7	
8880	5	
8881	6	
8882	4	
8883	6	
8884	9	
8885	5	
8886	9	
8887	9	
8888	7	
8889	2	
8890	7	
8891	6	
8892	9	
8893	2	
8894	4	
8895	10	
8896	6	
8897	8	
8898	6	
8899	4	
8900	10	
8901	3	
8902	3	
8903	9	
8904	7	
8905	1	
8906	3	
8907	8	
8908	6	
8909	6	
8910	10	
8911	9	
8912	2	
8913	2	
8914	2	
8915	4	
8916	5	
8917	2	
8918	1	
8919	5	
8920	2	
8921	5	
8922	7	
8923	10	
8924	4	
8925	4	
8926	1	
8927	7	
8928	1	
8929	1	
8930	9	
8931	4	
8932	10	
8933	10	
8934	6	
8935	8	
8936	4	
8937	9	
8938	3	
8939	7	
8940	7	
8941	10	
8942	3	
8943	6	
8944	3	
8945	2	
8946	10	
8947	1	
8948	1	
8949	10	
8950	7	
8951	7	
8952	1	
8953	3	
8954	10	
8955	1	
8956	5	
8957	1	
8958	7	
8959	9	
8960	4	
8961	1	
8962	2	
8963	2	
8964	7	
8965	6	
8966	2	
8967	1	
8968	7	
8969	7	
8970	4	
8971	2	
8972	9	
8973	4	
8974	9	
8975	3	
8976	3	
8977	4	
8978	2	
8979	9	
8980	4	
8981	6	
8982	4	
8983	8	
8984	1	
8985	8	
8986	6	
8987	6	
8988	3	
8989	3	
8990	2	
8991	9	
8992	8	
8993	4	
8994	2	
8995	3	
8996	4	
8997	9	
8998	9	
8999	3	
9000	3	
9001	2	
9002	9	
9003	9	
9004	3	
9005	10	
9006	3	
9007	8	
9008	4	
9009	5	
9010	7	
9011	9	
9012	5	
9013	7	
9014	2	
9015	9	
9016	1	
9017	1	
9018	5	
9019	8	
9020	7	
9021	3	
9022	8	
9023	8	
9024	6	
9025	4	
9026	10	
9027	9	
9028	9	
9029	10	
9030	9	
9031	10	
9032	5	
9033	6	
9034	7	
9035	9	
9036	4	
9037	4	
9038	10	
9039	3	
9040	1	
9041	1	
9042	8	
9043	4	
9044	5	
9045	9	
9046	2	
9047	1	
9048	1	
9049	1	
9050	4	
9051	4	
9052	10	
9053	3	
9054	8	
9055	8	
9056	10	
9057	2	
9058	4	
9059	5	
9060	7	
9061	4	
9062	6	
9063	7	
9064	4	
9065	10	
9066	9	
9067	8	
9068	5	
9069	3	
9070	7	
9071	4	
9072	5	
9073	6	
9074	10	
9075	2	
9076	1	
9077	5	
9078	1	
9079	2	
9080	6	
9081	4	
9082	7	
9083	10	
9084	5	
9085	1	
9086	10	
9087	8	
9088	5	
9089	5	
9090	5	
9091	8	
9092	5	
9093	3	
9094	5	
9095	7	
9096	7	
9097	1	
9098	9	
9099	6	
9100	8	
9101	1	
9102	5	
9103	3	
9104	10	
9105	5	
9106	10	
9107	4	
9108	7	
9109	8	
9110	5	
9111	5	
9112	9	
9113	1	
9114	2	
9115	3	
9116	7	
9117	9	
9118	9	
9119	9	
9120	10	
9121	2	
9122	8	
9123	5	
9124	7	
9125	4	
9126	4	
9127	6	
9128	6	
9129	4	
9130	4	
9131	2	
9132	5	
9133	7	
9134	6	
9135	7	
9136	10	
9137	6	
9138	10	
9139	9	
9140	2	
9141	2	
9142	10	
9143	9	
9144	3	
9145	9	
9146	4	
9147	4	
9148	2	
9149	4	
9150	2	
9151	2	
9152	8	
9153	10	
9154	6	
9155	6	
9156	8	
9157	4	
9158	3	
9159	7	
9160	6	
9161	6	
9162	5	
9163	5	
9164	9	
9165	10	
9166	9	
9167	10	
9168	8	
9169	9	
9170	1	
9171	2	
9172	3	
9173	8	
9174	9	
9175	9	
9176	2	
9177	5	
9178	9	
9179	2	
9180	9	
9181	9	
9182	1	
9183	3	
9184	8	
9185	5	
9186	3	
9187	8	
9188	4	
9189	6	
9190	1	
9191	10	
9192	10	
9193	3	
9194	3	
9195	6	
9196	2	
9197	4	
9198	7	
9199	4	
9200	6	
9201	8	
9202	4	
9203	6	
9204	4	
9205	10	
9206	10	
9207	10	
9208	5	
9209	6	
9210	3	
9211	3	
9212	3	
9213	1	
9214	1	
9215	1	
9216	10	
9217	2	
9218	6	
9219	8	
9220	9	
9221	1	
9222	8	
9223	1	
9224	10	
9225	7	
9226	9	
9227	8	
9228	10	
9229	10	
9230	2	
9231	2	
9232	10	
9233	1	
9234	4	
9235	1	
9236	4	
9237	10	
9238	5	
9239	2	
9240	5	
9241	4	
9242	8	
9243	6	
9244	4	
9245	7	
9246	9	
9247	5	
9248	5	
9249	6	
9250	8	
9251	4	
9252	3	
9253	5	
9254	2	
9255	10	
9256	3	
9257	7	
9258	9	
9259	5	
9260	8	
9261	5	
9262	9	
9263	2	
9264	1	
9265	7	
9266	2	
9267	6	
9268	2	
9269	8	
9270	9	
9271	6	
9272	10	
9273	4	
9274	6	
9275	6	
9276	5	
9277	10	
9278	1	
9279	9	
9280	4	
9281	2	
9282	9	
9283	8	
9284	10	
9285	5	
9286	8	
9287	8	
9288	10	
9289	3	
9290	6	
9291	10	
9292	9	
9293	2	
9294	3	
9295	10	
9296	8	
9297	4	
9298	10	
9299	4	
9300	3	
9301	6	
9302	6	
9303	3	
9304	10	
9305	3	
9306	8	
9307	5	
9308	5	
9309	2	
9310	4	
9311	9	
9312	6	
9313	7	
9314	7	
9315	3	
9316	6	
9317	6	
9318	3	
9319	10	
9320	10	
9321	8	
9322	7	
9323	2	
9324	5	
9325	6	
9326	5	
9327	2	
9328	2	
9329	7	
9330	6	
9331	6	
9332	6	
9333	2	
9334	8	
9335	9	
9336	3	
9337	1	
9338	10	
9339	2	
9340	5	
9341	5	
9342	2	
9343	9	
9344	1	
9345	5	
9346	9	
9347	5	
9348	4	
9349	6	
9350	3	
9351	7	
9352	8	
9353	8	
9354	2	
9355	2	
9356	3	
9357	7	
9358	2	
9359	2	
9360	8	
9361	4	
9362	9	
9363	4	
9364	3	
9365	8	
9366	7	
9367	3	
9368	7	
9369	9	
9370	5	
9371	4	
9372	9	
9373	6	
9374	1	
9375	4	
9376	2	
9377	9	
9378	7	
9379	10	
9380	7	
9381	4	
9382	3	
9383	6	
9384	8	
9385	5	
9386	2	
9387	3	
9388	8	
9389	4	
9390	4	
9391	3	
9392	6	
9393	10	
9394	1	
9395	1	
9396	3	
9397	6	
9398	1	
9399	10	
9400	2	
9401	8	
9402	3	
9403	6	
9404	8	
9405	1	
9406	3	
9407	5	
9408	8	
9409	4	
9410	9	
9411	1	
9412	7	
9413	1	
9414	4	
9415	10	
9416	7	
9417	10	
9418	10	
9419	7	
9420	9	
9421	8	
9422	10	
9423	3	
9424	9	
9425	7	
9426	5	
9427	8	
9428	5	
9429	5	
9430	4	
9431	2	
9432	5	
9433	5	
9434	9	
9435	3	
9436	1	
9437	2	
9438	8	
9439	10	
9440	5	
9441	2	
9442	8	
9443	10	
9444	9	
9445	8	
9446	5	
9447	3	
9448	8	
9449	6	
9450	6	
9451	7	
9452	8	
9453	9	
9454	1	
9455	6	
9456	8	
9457	5	
9458	5	
9459	9	
9460	7	
9461	3	
9462	7	
9463	4	
9464	6	
9465	9	
9466	5	
9467	9	
9468	5	
9469	10	
9470	6	
9471	10	
9472	7	
9473	6	
9474	4	
9475	3	
9476	4	
9477	4	
9478	6	
9479	5	
9480	7	
9481	6	
9482	5	
9483	2	
9484	8	
9485	10	
9486	9	
9487	1	
9488	4	
9489	8	
9490	7	
9491	8	
9492	6	
9493	9	
9494	3	
9495	2	
9496	6	
9497	4	
9498	5	
9499	7	
9500	1	
9501	10	
9502	9	
9503	10	
9504	4	
9505	3	
9506	1	
9507	2	
9508	9	
9509	9	
9510	4	
9511	7	
9512	5	
9513	7	
9514	7	
9515	10	
9516	6	
9517	6	
9518	3	
9519	6	
9520	4	
9521	3	
9522	2	
9523	3	
9524	1	
9525	10	
9526	4	
9527	8	
9528	8	
9529	5	
9530	9	
9531	4	
9532	5	
9533	10	
9534	9	
9535	5	
9536	2	
9537	2	
9538	9	
9539	5	
9540	10	
9541	4	
9542	10	
9543	7	
9544	1	
9545	7	
9546	4	
9547	10	
9548	6	
9549	4	
9550	6	
9551	1	
9552	2	
9553	3	
9554	7	
9555	8	
9556	1	
9557	4	
9558	3	
9559	2	
9560	4	
9561	3	
9562	8	
9563	2	
9564	2	
9565	7	
9566	3	
9567	9	
9568	5	
9569	3	
9570	4	
9571	2	
9572	6	
9573	2	
9574	2	
9575	9	
9576	4	
9577	1	
9578	10	
9579	9	
9580	1	
9581	2	
9582	7	
9583	8	
9584	3	
9585	3	
9586	7	
9587	5	
9588	9	
9589	6	
9590	7	
9591	6	
9592	7	
9593	6	
9594	3	
9595	2	
9596	1	
9597	6	
9598	9	
9599	7	
9600	10	
9601	9	
9602	10	
9603	2	
9604	2	
9605	3	
9606	9	
9607	5	
9608	9	
9609	4	
9610	9	
9611	9	
9612	4	
9613	3	
9614	3	
9615	3	
9616	4	
9617	10	
9618	9	
9619	1	
9620	9	
9621	3	
9622	5	
9623	4	
9624	6	
9625	3	
9626	9	
9627	9	
9628	8	
9629	10	
9630	10	
9631	6	
9632	1	
9633	1	
9634	2	
9635	4	
9636	9	
9637	8	
9638	2	
9639	1	
9640	4	
9641	5	
9642	3	
9643	1	
9644	6	
9645	10	
9646	2	
9647	7	
9648	1	
9649	6	
9650	3	
9651	6	
9652	2	
9653	3	
9654	1	
9655	7	
9656	1	
9657	3	
9658	3	
9659	2	
9660	8	
9661	9	
9662	9	
9663	8	
9664	8	
9665	5	
9666	9	
9667	4	
9668	7	
9669	4	
9670	10	
9671	10	
9672	8	
9673	2	
9674	2	
9675	7	
9676	2	
9677	9	
9678	7	
9679	6	
9680	5	
9681	8	
9682	8	
9683	3	
9684	1	
9685	9	
9686	2	
9687	10	
9688	5	
9689	9	
9690	1	
9691	10	
9692	6	
9693	10	
9694	8	
9695	2	
9696	10	
9697	7	
9698	9	
9699	1	
9700	7	
9701	6	
9702	6	
9703	10	
9704	4	
9705	2	
9706	4	
9707	5	
9708	4	
9709	4	
9710	7	
9711	6	
9712	7	
9713	3	
9714	3	
9715	5	
9716	6	
9717	1	
9718	7	
9719	9	
9720	9	
9721	2	
9722	4	
9723	7	
9724	5	
9725	2	
9726	8	
9727	6	
9728	9	
9729	4	
9730	1	
9731	10	
9732	10	
9733	9	
9734	8	
9735	2	
9736	10	
9737	2	
9738	2	
9739	7	
9740	9	
9741	8	
9742	8	
9743	8	
9744	2	
9745	7	
9746	6	
9747	2	
9748	8	
9749	3	
9750	5	
9751	9	
9752	10	
9753	2	
9754	3	
9755	2	
9756	4	
9757	7	
9758	6	
9759	10	
9760	5	
9761	6	
9762	6	
9763	4	
9764	10	
9765	9	
9766	3	
9767	10	
9768	5	
9769	2	
9770	10	
9771	1	
9772	4	
9773	9	
9774	5	
9775	10	
9776	2	
9777	9	
9778	2	
9779	5	
9780	8	
9781	7	
9782	9	
9783	5	
9784	5	
9785	2	
9786	2	
9787	6	
9788	7	
9789	10	
9790	6	
9791	8	
9792	3	
9793	1	
9794	3	
9795	2	
9796	7	
9797	7	
9798	10	
9799	9	
9800	8	
9801	8	
9802	1	
9803	1	
9804	6	
9805	9	
9806	3	
9807	6	
9808	4	
9809	4	
9810	5	
9811	5	
9812	9	
9813	5	
9814	5	
9815	2	
9816	6	
9817	3	
9818	6	
9819	9	
9820	1	
9821	10	
9822	1	
9823	2	
9824	6	
9825	2	
9826	1	
9827	8	
9828	9	
9829	6	
9830	7	
9831	1	
9832	4	
9833	10	
9834	8	
9835	7	
9836	9	
9837	3	
9838	7	
9839	10	
9840	7	
9841	3	
9842	5	
9843	2	
9844	4	
9845	5	
9846	6	
9847	10	
9848	8	
9849	7	
9850	8	
9851	8	
9852	5	
9853	10	
9854	5	
9855	6	
9856	4	
9857	4	
9858	4	
9859	10	
9860	3	
9861	4	
9862	5	
9863	10	
9864	2	
9865	6	
9866	3	
9867	1	
9868	4	
9869	8	
9870	10	
9871	4	
9872	1	
9873	3	
9874	6	
9875	9	
9876	1	
9877	9	
9878	1	
9879	8	
9880	10	
9881	3	
9882	3	
9883	10	
9884	9	
9885	9	
9886	6	
9887	8	
9888	10	
9889	6	
9890	7	
9891	8	
9892	4	
9893	6	
9894	8	
9895	6	
9896	10	
9897	2	
9898	3	
9899	8	
9900	4	
9901	5	
9902	8	
9903	1	
9904	6	
9905	2	
9906	1	
9907	9	
9908	9	
9909	1	
9910	2	
9911	9	
9912	7	
9913	2	
9914	6	
9915	6	
9916	10	
9917	7	
9918	10	
9919	4	
9920	9	
9921	9	
9922	5	
9923	7	
9924	6	
9925	1	
9926	8	
9927	8	
9928	3	
9929	9	
9930	7	
9931	6	
9932	9	
9933	9	
9934	10	
9935	5	
9936	9	
9937	5	
9938	7	
9939	9	
9940	7	
9941	2	
9942	4	
9943	2	
9944	10	
9945	10	
9946	7	
9947	3	
9948	5	
9949	7	
9950	1	
9951	7	
9952	8	
9953	7	
9954	2	
9955	1	
9956	6	
9957	6	
9958	3	
9959	7	
9960	8	
9961	7	
9962	10	
9963	6	
9964	9	
9965	3	
9966	9	
9967	6	
9968	4	
9969	5	
9970	3	
9971	6	
9972	6	
9973	4	
9974	8	
9975	8	
9976	7	
9977	8	
9978	1	
9979	7	
9980	8	
9981	2	
9982	3	
9983	7	
9984	7	
9985	1	
9986	9	
9987	7	
9988	9	
9989	6	
9990	4	
9991	2	
9992	9	
9993	5	
9994	2	
9995	7	
9996	6	
9997	7	
9998	7	
9999	5	
10000	5	
2195
