10000
1	36	
2	32	
3	74	
4	91	
5	28	
6	94	
7	69	
8	80	
9	49	
10	14	
11	56	
12	75	
13	40	
14	100	
15	61	
16	93	
17	37	
18	76	
19	97	
20	98	
21	57	
22	96	
23	96	
24	71	
25	89	
26	84	
27	10	
28	28	
29	42	
30	99	
31	30	
32	28	
33	40	
34	77	
35	8	
36	41	
37	96	
38	77	
39	60	
40	59	
41	27	
42	62	
43	38	
44	10	
45	75	
46	3	
47	18	
48	90	
49	99	
50	24	
51	47	
52	60	
53	97	
54	52	
55	45	
56	44	
57	13	
58	23	
59	36	
60	90	
61	49	
62	19	
63	28	
64	35	
65	12	
66	12	
67	37	
68	59	
69	16	
70	18	
71	50	
72	2	
73	6	
74	91	
75	84	
76	97	
77	15	
78	95	
79	5	
80	23	
81	14	
82	14	
83	39	
84	70	
85	10	
86	66	
87	44	
88	48	
89	58	
90	99	
91	57	
92	65	
93	13	
94	28	
95	84	
96	37	
97	13	
98	29	
99	4	
100	76	
101	37	
102	4	
103	50	
104	68	
105	69	
106	74	
107	67	
108	19	
109	19	
110	45	
111	15	
112	71	
113	21	
114	65	
115	77	
116	67	
117	59	
118	1	
119	85	
120	65	
121	32	
122	77	
123	60	
124	87	
125	53	
126	63	
127	12	
128	20	
129	63	
130	91	
131	22	
132	93	
133	79	
134	60	
135	13	
136	2	
137	33	
138	27	
139	46	
140	80	
141	3	
142	13	
143	27	
144	51	
145	81	
146	34	
147	38	
148	75	
149	77	
150	2	
151	49	
152	13	
153	6	
154	72	
155	78	
156	40	
157	42	
158	87	
159	46	
160	73	
161	93	
162	91	
163	82	
164	42	
165	1	
166	6	
167	3	
168	28	
169	94	
170	97	
171	15	
172	22	
173	29	
174	26	
175	71	
176	31	
177	14	
178	21	
179	10	
180	12	
181	43	
182	57	
183	48	
184	40	
185	49	
186	69	
187	50	
188	57	
189	36	
190	1	
191	50	
192	95	
193	36	
194	76	
195	9	
196	46	
197	68	
198	10	
199	39	
200	45	
201	3	
202	93	
203	51	
204	63	
205	23	
206	93	
207	12	
208	42	
209	55	
210	57	
211	44	
212	16	
213	39	
214	5	
215	6	
216	51	
217	76	
218	32	
219	73	
220	98	
221	74	
222	81	
223	9	
224	80	
225	8	
226	92	
227	3	
228	25	
229	31	
230	15	
231	41	
232	66	
233	93	
234	46	
235	93	
236	56	
237	93	
238	9	
239	85	
240	29	
241	33	
242	47	
243	5	
244	39	
245	10	
246	15	
247	30	
248	14	
249	56	
250	48	
251	51	
252	23	
253	21	
254	18	
255	15	
256	97	
257	100	
258	28	
259	19	
260	33	
261	31	
262	9	
263	47	
264	79	
265	63	
266	74	
267	70	
268	44	
269	77	
270	23	
271	92	
272	31	
273	40	
274	35	
275	9	
276	62	
277	3	
278	74	
279	61	
280	64	
281	85	
282	74	
283	47	
284	43	
285	100	
286	77	
287	95	
288	61	
289	5	
290	31	
291	30	
292	12	
293	96	
294	98	
295	23	
296	99	
297	90	
298	62	
299	46	
300	44	
301	20	
302	39	
303	82	
304	45	
305	83	
306	4	
307	91	
308	93	
309	88	
310	47	
311	26	
312	38	
313	70	
314	94	
315	74	
316	74	
317	9	
318	5	
319	6	
320	77	
321	34	
322	87	
323	44	
324	82	
325	69	
326	27	
327	70	
328	27	
329	86	
330	97	
331	76	
332	83	
333	61	
334	52	
335	62	
336	55	
337	39	
338	83	
339	68	
340	68	
341	25	
342	78	
343	2	
344	4	
345	28	
346	39	
347	80	
348	66	
349	21	
350	23	
351	48	
352	84	
353	8	
354	48	
355	24	
356	17	
357	91	
358	39	
359	55	
360	62	
361	34	
362	33	
363	81	
364	50	
365	86	
366	67	
367	53	
368	60	
369	19	
370	67	
371	44	
372	66	
373	24	
374	30	
375	56	
376	13	
377	95	
378	86	
379	36	
380	77	
381	39	
382	63	
383	80	
384	87	
385	55	
386	43	
387	91	
388	86	
389	46	
390	28	
391	91	
392	41	
393	27	
394	46	
395	72	
396	5	
397	24	
398	68	
399	26	
400	17	
401	60	
402	45	
403	26	
404	47	
405	66	
406	68	
407	34	
408	70	
409	42	
410	34	
411	67	
412	15	
413	5	
414	25	
415	7	
416	70	
417	23	
418	40	
419	68	
420	84	
421	13	
422	55	
423	93	
424	72	
425	16	
426	69	
427	2	
428	64	
429	94	
430	10	
431	35	
432	58	
433	6	
434	1	
435	23	
436	41	
437	98	
438	16	
439	62	
440	43	
441	22	
442	32	
443	72	
444	10	
445	39	
446	40	
447	81	
448	93	
449	59	
450	11	
451	57	
452	33	
453	93	
454	91	
455	78	
456	98	
457	39	
458	82	
459	23	
460	82	
461	17	
462	14	
463	73	
464	62	
465	76	
466	14	
467	82	
468	90	
469	86	
470	13	
471	68	
472	59	
473	2	
474	44	
475	8	
476	67	
477	83	
478	8	
479	49	
480	39	
481	91	
482	83	
483	3	
484	38	
485	45	
486	57	
487	62	
488	8	
489	77	
490	65	
491	51	
492	3	
493	89	
494	27	
495	87	
496	78	
497	23	
498	33	
499	56	
500	86	
501	75	
502	48	
503	17	
504	63	
505	91	
506	33	
507	43	
508	17	
509	95	
510	87	
511	32	
512	92	
513	88	
514	84	
515	9	
516	14	
517	22	
518	33	
519	65	
520	82	
521	73	
522	65	
523	48	
524	84	
525	13	
526	6	
527	11	
528	86	
529	27	
530	53	
531	21	
532	86	
533	20	
534	53	
535	97	
536	58	
537	93	
538	12	
539	24	
540	42	
541	75	
542	46	
543	9	
544	54	
545	58	
546	8	
547	13	
548	70	
549	36	
550	82	
551	94	
552	15	
553	9	
554	75	
555	25	
556	5	
557	54	
558	91	
559	38	
560	45	
561	27	
562	15	
563	68	
564	58	
565	18	
566	39	
567	31	
568	1	
569	55	
570	1	
571	100	
572	47	
573	44	
574	36	
575	9	
576	39	
577	37	
578	29	
579	75	
580	14	
581	78	
582	29	
583	77	
584	92	
585	41	
586	74	
587	88	
588	26	
589	99	
590	13	
591	99	
592	75	
593	36	
594	15	
595	94	
596	85	
597	73	
598	30	
599	36	
600	32	
601	6	
602	51	
603	6	
604	79	
605	86	
606	71	
607	24	
608	71	
609	20	
610	59	
611	100	
612	97	
613	45	
614	10	
615	64	
616	44	
617	19	
618	83	
619	70	
620	74	
621	81	
622	53	
623	3	
624	30	
625	5	
626	61	
627	66	
628	37	
629	92	
630	28	
631	20	
632	70	
633	26	
634	31	
635	24	
636	3	
637	49	
638	68	
639	29	
640	15	
641	60	
642	31	
643	24	
644	56	
645	97	
646	80	
647	81	
648	84	
649	72	
650	30	
651	3	
652	62	
653	56	
654	67	
655	85	
656	4	
657	7	
658	64	
659	98	
660	39	
661	84	
662	59	
663	54	
664	32	
665	6	
666	72	
667	87	
668	3	
669	68	
670	6	
671	13	
672	83	
673	88	
674	77	
675	79	
676	34	
677	1	
678	80	
679	64	
680	100	
681	31	
682	74	
683	14	
684	21	
685	67	
686	70	
687	27	
688	33	
689	34	
690	88	
691	75	
692	26	
693	24	
694	15	
695	95	
696	5	
697	91	
698	79	
699	62	
700	86	
701	39	
702	86	
703	31	
704	94	
705	29	
706	37	
707	96	
708	97	
709	66	
710	81	
711	46	
712	63	
713	70	
714	56	
715	92	
716	80	
717	95	
718	87	
719	82	
720	75	
721	45	
722	47	
723	12	
724	91	
725	82	
726	37	
727	98	
728	34	
729	76	
730	100	
731	83	
732	53	
733	71	
734	24	
735	56	
736	62	
737	95	
738	10	
739	47	
740	66	
741	15	
742	16	
743	47	
744	42	
745	54	
746	47	
747	44	
748	23	
749	84	
750	69	
751	65	
752	87	
753	45	
754	22	
755	59	
756	1	
757	59	
758	25	
759	44	
760	19	
761	15	
762	70	
763	3	
764	35	
765	80	
766	31	
767	8	
768	72	
769	37	
770	5	
771	34	
772	76	
773	85	
774	49	
775	46	
776	85	
777	66	
778	16	
779	39	
780	97	
781	77	
782	5	
783	54	
784	24	
785	54	
786	56	
787	28	
788	78	
789	42	
790	83	
791	89	
792	84	
793	41	
794	94	
795	13	
796	85	
797	14	
798	76	
799	82	
800	54	
801	4	
802	41	
803	83	
804	77	
805	36	
806	91	
807	1	
808	67	
809	27	
810	51	
811	45	
812	99	
813	19	
814	71	
815	10	
816	100	
817	67	
818	87	
819	21	
820	47	
821	21	
822	74	
823	61	
824	92	
825	57	
826	24	
827	62	
828	35	
829	80	
830	54	
831	44	
832	24	
833	67	
834	39	
835	22	
836	57	
837	67	
838	87	
839	33	
840	93	
841	41	
842	63	
843	37	
844	53	
845	65	
846	74	
847	48	
848	8	
849	45	
850	12	
851	36	
852	75	
853	100	
854	35	
855	90	
856	91	
857	68	
858	19	
859	49	
860	68	
861	83	
862	11	
863	95	
864	82	
865	11	
866	50	
867	9	
868	42	
869	7	
870	9	
871	84	
872	66	
873	39	
874	85	
875	72	
876	22	
877	52	
878	11	
879	33	
880	51	
881	47	
882	98	
883	69	
884	60	
885	13	
886	97	
887	83	
888	62	
889	13	
890	32	
891	72	
892	49	
893	90	
894	40	
895	89	
896	39	
897	88	
898	8	
899	65	
900	73	
901	100	
902	60	
903	70	
904	19	
905	14	
906	81	
907	69	
908	11	
909	40	
910	50	
911	81	
912	98	
913	2	
914	22	
915	1	
916	39	
917	49	
918	37	
919	58	
920	29	
921	70	
922	62	
923	88	
924	74	
925	38	
926	88	
927	66	
928	32	
929	65	
930	42	
931	93	
932	37	
933	21	
934	57	
935	59	
936	64	
937	26	
938	34	
939	49	
940	55	
941	5	
942	58	
943	67	
944	33	
945	6	
946	64	
947	16	
948	94	
949	39	
950	67	
951	20	
952	36	
953	44	
954	14	
955	52	
956	70	
957	19	
958	21	
959	2	
960	24	
961	67	
962	7	
963	75	
964	24	
965	99	
966	55	
967	14	
968	32	
969	14	
970	85	
971	100	
972	47	
973	49	
974	8	
975	64	
976	83	
977	82	
978	59	
979	9	
980	49	
981	9	
982	6	
983	9	
984	78	
985	19	
986	64	
987	86	
988	78	
989	76	
990	55	
991	60	
992	4	
993	6	
994	13	
995	20	
996	75	
997	89	
998	95	
999	28	
1000	64	
1001	35	
1002	34	
1003	41	
1004	99	
1005	39	
1006	31	
1007	75	
1008	49	
1009	91	
1010	72	
1011	93	
1012	96	
1013	48	
1014	59	
1015	40	
1016	16	
1017	14	
1018	51	
1019	51	
1020	69	
1021	94	
1022	4	
1023	21	
1024	48	
1025	81	
1026	37	
1027	43	
1028	21	
1029	76	
1030	13	
1031	100	
1032	24	
1033	88	
1034	8	
1035	53	
1036	50	
1037	21	
1038	56	
1039	41	
1040	6	
1041	72	
1042	27	
1043	80	
1044	14	
1045	75	
1046	97	
1047	53	
1048	69	
1049	53	
1050	24	
1051	42	
1052	52	
1053	37	
1054	69	
1055	64	
1056	3	
1057	93	
1058	74	
1059	77	
1060	51	
1061	84	
1062	12	
1063	55	
1064	51	
1065	82	
1066	39	
1067	84	
1068	41	
1069	84	
1070	27	
1071	54	
1072	11	
1073	87	
1074	99	
1075	53	
1076	16	
1077	95	
1078	25	
1079	54	
1080	58	
1081	58	
1082	98	
1083	76	
1084	79	
1085	8	
1086	33	
1087	10	
1088	78	
1089	69	
1090	21	
1091	86	
1092	33	
1093	88	
1094	41	
1095	77	
1096	62	
1097	97	
1098	61	
1099	93	
1100	11	
1101	16	
1102	19	
1103	77	
1104	24	
1105	9	
1106	81	
1107	21	
1108	53	
1109	32	
1110	31	
1111	93	
1112	31	
1113	35	
1114	31	
1115	28	
1116	13	
1117	60	
1118	62	
1119	83	
1120	41	
1121	3	
1122	14	
1123	93	
1124	42	
1125	57	
1126	51	
1127	13	
1128	24	
1129	8	
1130	52	
1131	81	
1132	41	
1133	28	
1134	85	
1135	99	
1136	36	
1137	21	
1138	88	
1139	84	
1140	86	
1141	57	
1142	18	
1143	90	
1144	15	
1145	92	
1146	56	
1147	27	
1148	7	
1149	36	
1150	21	
1151	82	
1152	39	
1153	44	
1154	76	
1155	23	
1156	27	
1157	95	
1158	91	
1159	84	
1160	83	
1161	36	
1162	60	
1163	12	
1164	75	
1165	88	
1166	97	
1167	76	
1168	80	
1169	21	
1170	1	
1171	45	
1172	7	
1173	7	
1174	55	
1175	35	
1176	83	
1177	58	
1178	32	
1179	29	
1180	61	
1181	45	
1182	61	
1183	12	
1184	25	
1185	31	
1186	80	
1187	7	
1188	47	
1189	97	
1190	85	
1191	58	
1192	4	
1193	88	
1194	79	
1195	69	
1196	41	
1197	82	
1198	62	
1199	51	
1200	80	
1201	82	
1202	60	
1203	57	
1204	83	
1205	81	
1206	58	
1207	85	
1208	26	
1209	65	
1210	97	
1211	82	
1212	14	
1213	91	
1214	55	
1215	32	
1216	98	
1217	46	
1218	77	
1219	2	
1220	19	
1221	24	
1222	69	
1223	90	
1224	86	
1225	85	
1226	39	
1227	4	
1228	86	
1229	52	
1230	41	
1231	29	
1232	71	
1233	47	
1234	12	
1235	59	
1236	67	
1237	33	
1238	22	
1239	91	
1240	38	
1241	53	
1242	100	
1243	21	
1244	31	
1245	57	
1246	63	
1247	19	
1248	7	
1249	65	
1250	88	
1251	16	
1252	35	
1253	31	
1254	78	
1255	65	
1256	18	
1257	35	
1258	12	
1259	63	
1260	42	
1261	90	
1262	97	
1263	17	
1264	94	
1265	9	
1266	42	
1267	48	
1268	7	
1269	44	
1270	96	
1271	67	
1272	16	
1273	69	
1274	76	
1275	18	
1276	68	
1277	76	
1278	84	
1279	81	
1280	16	
1281	53	
1282	41	
1283	48	
1284	71	
1285	19	
1286	12	
1287	66	
1288	27	
1289	22	
1290	27	
1291	12	
1292	75	
1293	70	
1294	23	
1295	32	
1296	33	
1297	35	
1298	49	
1299	96	
1300	82	
1301	49	
1302	59	
1303	46	
1304	83	
1305	49	
1306	54	
1307	99	
1308	36	
1309	31	
1310	3	
1311	90	
1312	80	
1313	30	
1314	51	
1315	99	
1316	42	
1317	88	
1318	57	
1319	2	
1320	7	
1321	13	
1322	48	
1323	87	
1324	67	
1325	37	
1326	83	
1327	62	
1328	23	
1329	66	
1330	38	
1331	30	
1332	89	
1333	18	
1334	96	
1335	27	
1336	45	
1337	95	
1338	57	
1339	62	
1340	39	
1341	52	
1342	71	
1343	89	
1344	36	
1345	92	
1346	83	
1347	81	
1348	28	
1349	57	
1350	11	
1351	85	
1352	27	
1353	72	
1354	66	
1355	98	
1356	10	
1357	78	
1358	4	
1359	38	
1360	32	
1361	14	
1362	33	
1363	47	
1364	51	
1365	67	
1366	87	
1367	51	
1368	42	
1369	29	
1370	82	
1371	71	
1372	63	
1373	40	
1374	74	
1375	42	
1376	64	
1377	50	
1378	97	
1379	53	
1380	10	
1381	3	
1382	90	
1383	82	
1384	7	
1385	40	
1386	54	
1387	50	
1388	49	
1389	47	
1390	43	
1391	37	
1392	86	
1393	43	
1394	42	
1395	2	
1396	81	
1397	18	
1398	51	
1399	22	
1400	44	
1401	47	
1402	81	
1403	55	
1404	42	
1405	90	
1406	29	
1407	6	
1408	87	
1409	37	
1410	44	
1411	56	
1412	68	
1413	50	
1414	75	
1415	34	
1416	94	
1417	77	
1418	80	
1419	30	
1420	48	
1421	89	
1422	8	
1423	23	
1424	71	
1425	40	
1426	40	
1427	49	
1428	15	
1429	72	
1430	33	
1431	3	
1432	9	
1433	90	
1434	62	
1435	30	
1436	16	
1437	44	
1438	95	
1439	73	
1440	66	
1441	60	
1442	85	
1443	73	
1444	42	
1445	29	
1446	98	
1447	25	
1448	56	
1449	55	
1450	39	
1451	92	
1452	70	
1453	51	
1454	46	
1455	15	
1456	87	
1457	13	
1458	63	
1459	65	
1460	52	
1461	60	
1462	53	
1463	83	
1464	65	
1465	38	
1466	92	
1467	56	
1468	82	
1469	78	
1470	82	
1471	51	
1472	24	
1473	32	
1474	59	
1475	93	
1476	3	
1477	1	
1478	6	
1479	18	
1480	91	
1481	93	
1482	96	
1483	69	
1484	16	
1485	90	
1486	38	
1487	22	
1488	76	
1489	52	
1490	69	
1491	9	
1492	57	
1493	84	
1494	18	
1495	77	
1496	45	
1497	99	
1498	27	
1499	44	
1500	16	
1501	98	
1502	86	
1503	87	
1504	62	
1505	57	
1506	79	
1507	92	
1508	40	
1509	37	
1510	76	
1511	5	
1512	37	
1513	64	
1514	30	
1515	48	
1516	70	
1517	46	
1518	71	
1519	19	
1520	99	
1521	39	
1522	47	
1523	67	
1524	82	
1525	33	
1526	9	
1527	18	
1528	85	
1529	16	
1530	97	
1531	50	
1532	6	
1533	34	
1534	85	
1535	82	
1536	72	
1537	82	
1538	77	
1539	17	
1540	12	
1541	18	
1542	64	
1543	24	
1544	14	
1545	3	
1546	15	
1547	94	
1548	19	
1549	70	
1550	50	
1551	67	
1552	91	
1553	90	
1554	64	
1555	43	
1556	42	
1557	14	
1558	10	
1559	54	
1560	32	
1561	98	
1562	44	
1563	36	
1564	43	
1565	14	
1566	36	
1567	27	
1568	5	
1569	8	
1570	72	
1571	53	
1572	52	
1573	36	
1574	25	
1575	25	
1576	63	
1577	51	
1578	84	
1579	51	
1580	80	
1581	91	
1582	91	
1583	62	
1584	66	
1585	38	
1586	94	
1587	79	
1588	10	
1589	88	
1590	68	
1591	40	
1592	83	
1593	100	
1594	92	
1595	52	
1596	88	
1597	51	
1598	50	
1599	47	
1600	26	
1601	70	
1602	37	
1603	28	
1604	96	
1605	22	
1606	96	
1607	17	
1608	52	
1609	76	
1610	32	
1611	42	
1612	81	
1613	60	
1614	69	
1615	71	
1616	85	
1617	47	
1618	86	
1619	61	
1620	17	
1621	75	
1622	51	
1623	17	
1624	6	
1625	19	
1626	70	
1627	18	
1628	80	
1629	69	
1630	73	
1631	62	
1632	58	
1633	69	
1634	48	
1635	49	
1636	67	
1637	21	
1638	49	
1639	55	
1640	41	
1641	93	
1642	13	
1643	100	
1644	73	
1645	30	
1646	33	
1647	23	
1648	47	
1649	81	
1650	27	
1651	25	
1652	76	
1653	10	
1654	85	
1655	41	
1656	100	
1657	6	
1658	86	
1659	79	
1660	80	
1661	23	
1662	18	
1663	55	
1664	47	
1665	21	
1666	76	
1667	93	
1668	22	
1669	97	
1670	95	
1671	64	
1672	69	
1673	19	
1674	7	
1675	36	
1676	85	
1677	45	
1678	19	
1679	54	
1680	81	
1681	79	
1682	78	
1683	88	
1684	55	
1685	82	
1686	32	
1687	71	
1688	58	
1689	87	
1690	40	
1691	19	
1692	59	
1693	58	
1694	84	
1695	63	
1696	94	
1697	25	
1698	58	
1699	7	
1700	12	
1701	33	
1702	51	
1703	59	
1704	48	
1705	61	
1706	3	
1707	100	
1708	8	
1709	36	
1710	50	
1711	31	
1712	11	
1713	5	
1714	19	
1715	74	
1716	73	
1717	14	
1718	100	
1719	84	
1720	84	
1721	95	
1722	67	
1723	86	
1724	59	
1725	42	
1726	16	
1727	13	
1728	46	
1729	90	
1730	13	
1731	28	
1732	62	
1733	6	
1734	32	
1735	77	
1736	12	
1737	45	
1738	85	
1739	21	
1740	75	
1741	80	
1742	27	
1743	75	
1744	64	
1745	5	
1746	45	
1747	14	
1748	51	
1749	20	
1750	7	
1751	32	
1752	33	
1753	73	
1754	23	
1755	27	
1756	9	
1757	6	
1758	38	
1759	43	
1760	45	
1761	16	
1762	90	
1763	16	
1764	96	
1765	67	
1766	87	
1767	34	
1768	91	
1769	80	
1770	37	
1771	42	
1772	26	
1773	81	
1774	93	
1775	1	
1776	25	
1777	73	
1778	5	
1779	62	
1780	85	
1781	65	
1782	2	
1783	82	
1784	69	
1785	83	
1786	18	
1787	46	
1788	68	
1789	3	
1790	93	
1791	58	
1792	47	
1793	94	
1794	61	
1795	83	
1796	97	
1797	93	
1798	16	
1799	34	
1800	93	
1801	65	
1802	14	
1803	93	
1804	4	
1805	42	
1806	57	
1807	74	
1808	17	
1809	81	
1810	63	
1811	11	
1812	14	
1813	96	
1814	64	
1815	54	
1816	70	
1817	18	
1818	6	
1819	13	
1820	54	
1821	73	
1822	2	
1823	33	
1824	46	
1825	77	
1826	37	
1827	59	
1828	58	
1829	84	
1830	38	
1831	92	
1832	43	
1833	82	
1834	61	
1835	38	
1836	46	
1837	32	
1838	83	
1839	18	
1840	17	
1841	26	
1842	58	
1843	83	
1844	31	
1845	27	
1846	47	
1847	82	
1848	98	
1849	1	
1850	99	
1851	90	
1852	16	
1853	71	
1854	28	
1855	38	
1856	68	
1857	49	
1858	47	
1859	11	
1860	59	
1861	95	
1862	22	
1863	20	
1864	45	
1865	63	
1866	17	
1867	34	
1868	67	
1869	30	
1870	82	
1871	48	
1872	77	
1873	88	
1874	54	
1875	74	
1876	15	
1877	46	
1878	100	
1879	24	
1880	46	
1881	21	
1882	94	
1883	69	
1884	45	
1885	14	
1886	65	
1887	69	
1888	21	
1889	13	
1890	71	
1891	5	
1892	55	
1893	11	
1894	88	
1895	84	
1896	95	
1897	74	
1898	55	
1899	1	
1900	61	
1901	17	
1902	79	
1903	13	
1904	4	
1905	94	
1906	61	
1907	68	
1908	19	
1909	75	
1910	86	
1911	100	
1912	37	
1913	50	
1914	3	
1915	79	
1916	66	
1917	81	
1918	14	
1919	100	
1920	18	
1921	93	
1922	40	
1923	70	
1924	71	
1925	48	
1926	59	
1927	6	
1928	64	
1929	97	
1930	15	
1931	51	
1932	61	
1933	41	
1934	38	
1935	89	
1936	67	
1937	57	
1938	13	
1939	56	
1940	83	
1941	95	
1942	82	
1943	32	
1944	80	
1945	59	
1946	54	
1947	88	
1948	23	
1949	85	
1950	6	
1951	28	
1952	95	
1953	95	
1954	55	
1955	82	
1956	15	
1957	5	
1958	88	
1959	94	
1960	44	
1961	88	
1962	60	
1963	83	
1964	26	
1965	33	
1966	46	
1967	51	
1968	94	
1969	57	
1970	19	
1971	71	
1972	38	
1973	97	
1974	76	
1975	97	
1976	98	
1977	9	
1978	42	
1979	95	
1980	91	
1981	2	
1982	11	
1983	68	
1984	56	
1985	85	
1986	11	
1987	96	
1988	50	
1989	43	
1990	86	
1991	81	
1992	53	
1993	96	
1994	91	
1995	94	
1996	18	
1997	10	
1998	12	
1999	4	
2000	4	
2001	65	
2002	14	
2003	92	
2004	49	
2005	19	
2006	79	
2007	6	
2008	68	
2009	43	
2010	67	
2011	50	
2012	99	
2013	7	
2014	65	
2015	54	
2016	76	
2017	71	
2018	78	
2019	12	
2020	81	
2021	61	
2022	26	
2023	71	
2024	49	
2025	89	
2026	87	
2027	99	
2028	61	
2029	48	
2030	27	
2031	11	
2032	82	
2033	46	
2034	35	
2035	96	
2036	96	
2037	66	
2038	60	
2039	21	
2040	66	
2041	46	
2042	3	
2043	22	
2044	58	
2045	89	
2046	78	
2047	23	
2048	67	
2049	15	
2050	9	
2051	32	
2052	99	
2053	40	
2054	40	
2055	95	
2056	16	
2057	38	
2058	21	
2059	55	
2060	57	
2061	26	
2062	100	
2063	13	
2064	36	
2065	52	
2066	93	
2067	91	
2068	42	
2069	89	
2070	74	
2071	55	
2072	35	
2073	74	
2074	7	
2075	50	
2076	9	
2077	64	
2078	68	
2079	42	
2080	3	
2081	78	
2082	7	
2083	98	
2084	1	
2085	12	
2086	51	
2087	51	
2088	60	
2089	84	
2090	45	
2091	18	
2092	52	
2093	65	
2094	71	
2095	26	
2096	45	
2097	6	
2098	81	
2099	88	
2100	76	
2101	77	
2102	78	
2103	79	
2104	52	
2105	74	
2106	74	
2107	27	
2108	80	
2109	47	
2110	95	
2111	100	
2112	18	
2113	63	
2114	86	
2115	70	
2116	3	
2117	16	
2118	48	
2119	76	
2120	58	
2121	43	
2122	30	
2123	39	
2124	82	
2125	93	
2126	35	
2127	29	
2128	41	
2129	69	
2130	15	
2131	12	
2132	29	
2133	98	
2134	36	
2135	38	
2136	77	
2137	99	
2138	62	
2139	36	
2140	58	
2141	63	
2142	36	
2143	25	
2144	96	
2145	40	
2146	74	
2147	53	
2148	80	
2149	45	
2150	90	
2151	52	
2152	33	
2153	86	
2154	13	
2155	43	
2156	76	
2157	73	
2158	89	
2159	3	
2160	86	
2161	100	
2162	19	
2163	55	
2164	26	
2165	71	
2166	99	
2167	32	
2168	89	
2169	53	
2170	20	
2171	47	
2172	64	
2173	31	
2174	75	
2175	100	
2176	2	
2177	6	
2178	4	
2179	31	
2180	21	
2181	83	
2182	7	
2183	71	
2184	27	
2185	86	
2186	22	
2187	53	
2188	66	
2189	29	
2190	9	
2191	32	
2192	70	
2193	44	
2194	92	
2195	100	
2196	23	
2197	49	
2198	44	
2199	8	
2200	9	
2201	75	
2202	47	
2203	89	
2204	58	
2205	48	
2206	15	
2207	2	
2208	96	
2209	88	
2210	36	
2211	32	
2212	73	
2213	13	
2214	72	
2215	1	
2216	57	
2217	11	
2218	52	
2219	42	
2220	67	
2221	11	
2222	34	
2223	67	
2224	77	
2225	21	
2226	14	
2227	59	
2228	51	
2229	91	
2230	79	
2231	19	
2232	73	
2233	10	
2234	44	
2235	65	
2236	95	
2237	10	
2238	89	
2239	91	
2240	85	
2241	75	
2242	70	
2243	39	
2244	37	
2245	88	
2246	92	
2247	81	
2248	10	
2249	52	
2250	52	
2251	38	
2252	61	
2253	85	
2254	29	
2255	9	
2256	49	
2257	86	
2258	98	
2259	70	
2260	15	
2261	31	
2262	3	
2263	36	
2264	60	
2265	69	
2266	35	
2267	4	
2268	36	
2269	56	
2270	45	
2271	26	
2272	66	
2273	7	
2274	49	
2275	21	
2276	29	
2277	23	
2278	93	
2279	16	
2280	15	
2281	42	
2282	86	
2283	36	
2284	1	
2285	75	
2286	21	
2287	89	
2288	15	
2289	96	
2290	12	
2291	3	
2292	67	
2293	82	
2294	37	
2295	88	
2296	7	
2297	33	
2298	11	
2299	98	
2300	44	
2301	75	
2302	86	
2303	31	
2304	47	
2305	67	
2306	97	
2307	69	
2308	52	
2309	27	
2310	39	
2311	41	
2312	27	
2313	100	
2314	89	
2315	45	
2316	29	
2317	38	
2318	3	
2319	84	
2320	10	
2321	95	
2322	8	
2323	39	
2324	78	
2325	15	
2326	64	
2327	99	
2328	13	
2329	26	
2330	69	
2331	78	
2332	68	
2333	18	
2334	29	
2335	32	
2336	27	
2337	4	
2338	88	
2339	8	
2340	87	
2341	20	
2342	44	
2343	93	
2344	68	
2345	87	
2346	57	
2347	73	
2348	45	
2349	22	
2350	95	
2351	70	
2352	56	
2353	50	
2354	13	
2355	49	
2356	37	
2357	52	
2358	77	
2359	44	
2360	59	
2361	95	
2362	73	
2363	29	
2364	56	
2365	90	
2366	14	
2367	3	
2368	79	
2369	45	
2370	24	
2371	13	
2372	78	
2373	97	
2374	58	
2375	52	
2376	31	
2377	15	
2378	88	
2379	83	
2380	1	
2381	15	
2382	56	
2383	6	
2384	2	
2385	18	
2386	44	
2387	2	
2388	55	
2389	65	
2390	48	
2391	64	
2392	57	
2393	13	
2394	30	
2395	39	
2396	27	
2397	27	
2398	48	
2399	72	
2400	63	
2401	3	
2402	17	
2403	82	
2404	68	
2405	71	
2406	69	
2407	85	
2408	55	
2409	83	
2410	68	
2411	20	
2412	48	
2413	80	
2414	47	
2415	21	
2416	7	
2417	54	
2418	76	
2419	13	
2420	25	
2421	88	
2422	53	
2423	59	
2424	38	
2425	92	
2426	77	
2427	39	
2428	98	
2429	13	
2430	87	
2431	49	
2432	82	
2433	54	
2434	44	
2435	32	
2436	90	
2437	58	
2438	54	
2439	13	
2440	46	
2441	16	
2442	13	
2443	36	
2444	59	
2445	38	
2446	48	
2447	75	
2448	80	
2449	3	
2450	66	
2451	79	
2452	63	
2453	46	
2454	15	
2455	16	
2456	79	
2457	91	
2458	69	
2459	78	
2460	85	
2461	87	
2462	45	
2463	100	
2464	13	
2465	17	
2466	9	
2467	2	
2468	32	
2469	41	
2470	1	
2471	84	
2472	85	
2473	61	
2474	29	
2475	42	
2476	93	
2477	60	
2478	46	
2479	55	
2480	41	
2481	89	
2482	58	
2483	48	
2484	36	
2485	98	
2486	46	
2487	24	
2488	59	
2489	19	
2490	51	
2491	91	
2492	3	
2493	85	
2494	60	
2495	1	
2496	3	
2497	21	
2498	20	
2499	70	
2500	9	
2501	89	
2502	98	
2503	9	
2504	19	
2505	15	
2506	61	
2507	55	
2508	91	
2509	39	
2510	42	
2511	26	
2512	45	
2513	19	
2514	79	
2515	84	
2516	29	
2517	82	
2518	79	
2519	42	
2520	11	
2521	63	
2522	19	
2523	87	
2524	97	
2525	73	
2526	28	
2527	45	
2528	65	
2529	46	
2530	20	
2531	85	
2532	53	
2533	89	
2534	20	
2535	61	
2536	41	
2537	94	
2538	44	
2539	30	
2540	33	
2541	55	
2542	99	
2543	3	
2544	17	
2545	6	
2546	70	
2547	66	
2548	10	
2549	35	
2550	30	
2551	24	
2552	19	
2553	16	
2554	64	
2555	10	
2556	15	
2557	57	
2558	95	
2559	16	
2560	95	
2561	71	
2562	98	
2563	50	
2564	10	
2565	46	
2566	47	
2567	39	
2568	62	
2569	78	
2570	72	
2571	84	
2572	86	
2573	67	
2574	78	
2575	67	
2576	48	
2577	50	
2578	58	
2579	66	
2580	46	
2581	64	
2582	91	
2583	19	
2584	27	
2585	86	
2586	63	
2587	35	
2588	56	
2589	45	
2590	55	
2591	61	
2592	52	
2593	89	
2594	97	
2595	38	
2596	90	
2597	32	
2598	29	
2599	40	
2600	64	
2601	14	
2602	74	
2603	45	
2604	47	
2605	56	
2606	71	
2607	66	
2608	99	
2609	78	
2610	9	
2611	81	
2612	70	
2613	94	
2614	41	
2615	70	
2616	62	
2617	84	
2618	48	
2619	67	
2620	84	
2621	34	
2622	32	
2623	5	
2624	97	
2625	80	
2626	90	
2627	1	
2628	9	
2629	70	
2630	67	
2631	100	
2632	96	
2633	78	
2634	57	
2635	4	
2636	20	
2637	41	
2638	97	
2639	7	
2640	30	
2641	59	
2642	72	
2643	39	
2644	57	
2645	61	
2646	44	
2647	91	
2648	28	
2649	75	
2650	14	
2651	58	
2652	37	
2653	96	
2654	47	
2655	44	
2656	46	
2657	51	
2658	68	
2659	46	
2660	9	
2661	53	
2662	20	
2663	86	
2664	5	
2665	63	
2666	10	
2667	90	
2668	76	
2669	51	
2670	17	
2671	35	
2672	32	
2673	12	
2674	66	
2675	44	
2676	68	
2677	76	
2678	50	
2679	34	
2680	7	
2681	35	
2682	18	
2683	67	
2684	17	
2685	38	
2686	16	
2687	25	
2688	86	
2689	82	
2690	89	
2691	90	
2692	16	
2693	49	
2694	50	
2695	67	
2696	1	
2697	57	
2698	69	
2699	50	
2700	12	
2701	14	
2702	55	
2703	90	
2704	70	
2705	98	
2706	45	
2707	63	
2708	59	
2709	64	
2710	9	
2711	100	
2712	4	
2713	71	
2714	71	
2715	31	
2716	32	
2717	69	
2718	58	
2719	73	
2720	6	
2721	47	
2722	46	
2723	96	
2724	42	
2725	1	
2726	50	
2727	35	
2728	69	
2729	8	
2730	93	
2731	97	
2732	27	
2733	97	
2734	38	
2735	75	
2736	100	
2737	5	
2738	5	
2739	9	
2740	81	
2741	40	
2742	37	
2743	81	
2744	2	
2745	56	
2746	98	
2747	73	
2748	63	
2749	21	
2750	6	
2751	96	
2752	77	
2753	28	
2754	86	
2755	57	
2756	68	
2757	62	
2758	83	
2759	85	
2760	8	
2761	31	
2762	63	
2763	63	
2764	14	
2765	77	
2766	43	
2767	27	
2768	81	
2769	12	
2770	88	
2771	81	
2772	91	
2773	17	
2774	84	
2775	81	
2776	15	
2777	33	
2778	7	
2779	62	
2780	66	
2781	57	
2782	48	
2783	37	
2784	20	
2785	65	
2786	55	
2787	13	
2788	26	
2789	11	
2790	62	
2791	29	
2792	63	
2793	91	
2794	30	
2795	15	
2796	9	
2797	10	
2798	9	
2799	13	
2800	66	
2801	4	
2802	88	
2803	36	
2804	5	
2805	67	
2806	51	
2807	51	
2808	20	
2809	63	
2810	81	
2811	98	
2812	69	
2813	62	
2814	55	
2815	49	
2816	11	
2817	96	
2818	94	
2819	51	
2820	91	
2821	57	
2822	23	
2823	93	
2824	94	
2825	43	
2826	31	
2827	2	
2828	7	
2829	19	
2830	13	
2831	30	
2832	47	
2833	1	
2834	5	
2835	50	
2836	38	
2837	54	
2838	89	
2839	28	
2840	44	
2841	10	
2842	73	
2843	76	
2844	15	
2845	68	
2846	52	
2847	27	
2848	9	
2849	27	
2850	2	
2851	100	
2852	52	
2853	100	
2854	93	
2855	99	
2856	32	
2857	88	
2858	22	
2859	32	
2860	37	
2861	41	
2862	51	
2863	22	
2864	67	
2865	58	
2866	76	
2867	14	
2868	43	
2869	65	
2870	44	
2871	43	
2872	52	
2873	61	
2874	11	
2875	25	
2876	69	
2877	82	
2878	75	
2879	52	
2880	51	
2881	98	
2882	16	
2883	56	
2884	29	
2885	43	
2886	17	
2887	56	
2888	78	
2889	34	
2890	15	
2891	44	
2892	98	
2893	35	
2894	42	
2895	48	
2896	82	
2897	67	
2898	33	
2899	73	
2900	67	
2901	16	
2902	21	
2903	89	
2904	36	
2905	41	
2906	78	
2907	33	
2908	30	
2909	25	
2910	3	
2911	8	
2912	57	
2913	82	
2914	44	
2915	58	
2916	9	
2917	83	
2918	63	
2919	47	
2920	19	
2921	76	
2922	81	
2923	67	
2924	19	
2925	14	
2926	91	
2927	89	
2928	10	
2929	82	
2930	71	
2931	43	
2932	67	
2933	20	
2934	23	
2935	49	
2936	3	
2937	54	
2938	43	
2939	55	
2940	27	
2941	48	
2942	56	
2943	94	
2944	86	
2945	31	
2946	21	
2947	79	
2948	49	
2949	4	
2950	18	
2951	5	
2952	16	
2953	87	
2954	72	
2955	57	
2956	64	
2957	78	
2958	58	
2959	41	
2960	65	
2961	89	
2962	39	
2963	31	
2964	83	
2965	57	
2966	27	
2967	45	
2968	2	
2969	67	
2970	57	
2971	24	
2972	55	
2973	32	
2974	96	
2975	11	
2976	71	
2977	84	
2978	12	
2979	78	
2980	81	
2981	81	
2982	75	
2983	25	
2984	45	
2985	27	
2986	45	
2987	45	
2988	61	
2989	54	
2990	98	
2991	23	
2992	71	
2993	13	
2994	73	
2995	21	
2996	94	
2997	19	
2998	93	
2999	35	
3000	37	
3001	93	
3002	69	
3003	79	
3004	40	
3005	37	
3006	45	
3007	62	
3008	59	
3009	98	
3010	4	
3011	76	
3012	36	
3013	55	
3014	5	
3015	64	
3016	97	
3017	47	
3018	56	
3019	87	
3020	45	
3021	75	
3022	8	
3023	20	
3024	86	
3025	17	
3026	60	
3027	19	
3028	13	
3029	57	
3030	24	
3031	91	
3032	7	
3033	83	
3034	91	
3035	1	
3036	48	
3037	26	
3038	15	
3039	8	
3040	15	
3041	85	
3042	78	
3043	25	
3044	34	
3045	17	
3046	5	
3047	78	
3048	13	
3049	27	
3050	61	
3051	41	
3052	52	
3053	33	
3054	39	
3055	11	
3056	83	
3057	70	
3058	5	
3059	71	
3060	100	
3061	48	
3062	5	
3063	74	
3064	16	
3065	95	
3066	38	
3067	66	
3068	79	
3069	88	
3070	4	
3071	89	
3072	83	
3073	56	
3074	18	
3075	100	
3076	33	
3077	100	
3078	11	
3079	39	
3080	93	
3081	17	
3082	79	
3083	41	
3084	92	
3085	31	
3086	24	
3087	29	
3088	49	
3089	83	
3090	12	
3091	26	
3092	6	
3093	19	
3094	23	
3095	24	
3096	70	
3097	54	
3098	75	
3099	57	
3100	54	
3101	39	
3102	50	
3103	56	
3104	18	
3105	44	
3106	23	
3107	10	
3108	27	
3109	92	
3110	58	
3111	14	
3112	56	
3113	31	
3114	35	
3115	99	
3116	66	
3117	26	
3118	7	
3119	70	
3120	90	
3121	2	
3122	32	
3123	31	
3124	100	
3125	95	
3126	91	
3127	76	
3128	63	
3129	47	
3130	26	
3131	95	
3132	33	
3133	10	
3134	93	
3135	70	
3136	73	
3137	72	
3138	86	
3139	63	
3140	40	
3141	96	
3142	83	
3143	91	
3144	91	
3145	73	
3146	84	
3147	13	
3148	65	
3149	38	
3150	51	
3151	77	
3152	59	
3153	64	
3154	66	
3155	19	
3156	33	
3157	88	
3158	97	
3159	19	
3160	55	
3161	16	
3162	94	
3163	16	
3164	19	
3165	45	
3166	66	
3167	63	
3168	3	
3169	93	
3170	19	
3171	38	
3172	42	
3173	77	
3174	97	
3175	44	
3176	73	
3177	13	
3178	27	
3179	28	
3180	7	
3181	26	
3182	41	
3183	23	
3184	83	
3185	12	
3186	33	
3187	29	
3188	50	
3189	69	
3190	84	
3191	81	
3192	36	
3193	13	
3194	4	
3195	83	
3196	5	
3197	46	
3198	29	
3199	2	
3200	90	
3201	91	
3202	73	
3203	84	
3204	11	
3205	99	
3206	14	
3207	79	
3208	51	
3209	73	
3210	68	
3211	79	
3212	21	
3213	26	
3214	13	
3215	20	
3216	19	
3217	84	
3218	62	
3219	74	
3220	75	
3221	47	
3222	49	
3223	17	
3224	72	
3225	35	
3226	87	
3227	1	
3228	67	
3229	39	
3230	29	
3231	84	
3232	51	
3233	42	
3234	85	
3235	24	
3236	35	
3237	81	
3238	55	
3239	68	
3240	33	
3241	37	
3242	2	
3243	24	
3244	2	
3245	48	
3246	90	
3247	79	
3248	55	
3249	100	
3250	21	
3251	26	
3252	95	
3253	53	
3254	80	
3255	24	
3256	39	
3257	42	
3258	8	
3259	77	
3260	64	
3261	69	
3262	15	
3263	73	
3264	97	
3265	85	
3266	10	
3267	20	
3268	95	
3269	80	
3270	51	
3271	36	
3272	98	
3273	58	
3274	98	
3275	68	
3276	19	
3277	34	
3278	33	
3279	93	
3280	82	
3281	74	
3282	37	
3283	65	
3284	23	
3285	92	
3286	84	
3287	53	
3288	62	
3289	70	
3290	71	
3291	32	
3292	65	
3293	75	
3294	19	
3295	56	
3296	26	
3297	24	
3298	61	
3299	45	
3300	87	
3301	55	
3302	16	
3303	51	
3304	63	
3305	52	
3306	7	
3307	62	
3308	48	
3309	88	
3310	45	
3311	73	
3312	85	
3313	28	
3314	11	
3315	90	
3316	59	
3317	60	
3318	10	
3319	89	
3320	9	
3321	26	
3322	15	
3323	30	
3324	77	
3325	54	
3326	52	
3327	78	
3328	94	
3329	64	
3330	10	
3331	38	
3332	34	
3333	31	
3334	75	
3335	52	
3336	16	
3337	18	
3338	82	
3339	51	
3340	52	
3341	7	
3342	55	
3343	48	
3344	83	
3345	78	
3346	42	
3347	37	
3348	22	
3349	21	
3350	85	
3351	96	
3352	7	
3353	70	
3354	61	
3355	54	
3356	49	
3357	77	
3358	7	
3359	14	
3360	91	
3361	77	
3362	40	
3363	53	
3364	89	
3365	48	
3366	71	
3367	9	
3368	52	
3369	61	
3370	99	
3371	67	
3372	52	
3373	31	
3374	47	
3375	38	
3376	45	
3377	77	
3378	40	
3379	27	
3380	93	
3381	42	
3382	19	
3383	26	
3384	65	
3385	4	
3386	60	
3387	81	
3388	17	
3389	73	
3390	72	
3391	21	
3392	23	
3393	83	
3394	88	
3395	14	
3396	60	
3397	77	
3398	13	
3399	15	
3400	92	
3401	93	
3402	97	
3403	77	
3404	60	
3405	8	
3406	64	
3407	79	
3408	51	
3409	17	
3410	62	
3411	96	
3412	15	
3413	3	
3414	21	
3415	25	
3416	63	
3417	50	
3418	38	
3419	67	
3420	84	
3421	10	
3422	18	
3423	95	
3424	34	
3425	29	
3426	22	
3427	18	
3428	46	
3429	67	
3430	56	
3431	40	
3432	87	
3433	69	
3434	45	
3435	62	
3436	87	
3437	9	
3438	15	
3439	53	
3440	88	
3441	54	
3442	95	
3443	24	
3444	17	
3445	49	
3446	26	
3447	36	
3448	100	
3449	80	
3450	4	
3451	99	
3452	99	
3453	64	
3454	89	
3455	39	
3456	1	
3457	100	
3458	89	
3459	5	
3460	84	
3461	26	
3462	69	
3463	84	
3464	62	
3465	82	
3466	47	
3467	45	
3468	58	
3469	23	
3470	4	
3471	59	
3472	89	
3473	87	
3474	81	
3475	42	
3476	39	
3477	32	
3478	32	
3479	17	
3480	9	
3481	75	
3482	73	
3483	10	
3484	2	
3485	74	
3486	7	
3487	54	
3488	28	
3489	71	
3490	90	
3491	71	
3492	65	
3493	85	
3494	56	
3495	59	
3496	53	
3497	4	
3498	70	
3499	88	
3500	28	
3501	53	
3502	62	
3503	11	
3504	46	
3505	52	
3506	20	
3507	27	
3508	24	
3509	36	
3510	99	
3511	65	
3512	82	
3513	71	
3514	7	
3515	55	
3516	84	
3517	28	
3518	90	
3519	79	
3520	27	
3521	87	
3522	96	
3523	83	
3524	99	
3525	25	
3526	85	
3527	24	
3528	11	
3529	58	
3530	91	
3531	48	
3532	38	
3533	76	
3534	50	
3535	26	
3536	30	
3537	27	
3538	66	
3539	46	
3540	73	
3541	88	
3542	80	
3543	76	
3544	98	
3545	40	
3546	47	
3547	47	
3548	2	
3549	64	
3550	30	
3551	55	
3552	73	
3553	4	
3554	88	
3555	61	
3556	7	
3557	49	
3558	87	
3559	32	
3560	29	
3561	53	
3562	50	
3563	44	
3564	52	
3565	63	
3566	19	
3567	11	
3568	74	
3569	54	
3570	1	
3571	20	
3572	14	
3573	69	
3574	79	
3575	73	
3576	90	
3577	17	
3578	96	
3579	10	
3580	67	
3581	99	
3582	93	
3583	42	
3584	18	
3585	81	
3586	10	
3587	19	
3588	68	
3589	34	
3590	14	
3591	42	
3592	15	
3593	64	
3594	14	
3595	98	
3596	73	
3597	24	
3598	82	
3599	12	
3600	74	
3601	17	
3602	21	
3603	89	
3604	78	
3605	42	
3606	96	
3607	12	
3608	93	
3609	10	
3610	15	
3611	95	
3612	36	
3613	32	
3614	13	
3615	4	
3616	80	
3617	3	
3618	81	
3619	63	
3620	80	
3621	36	
3622	8	
3623	51	
3624	84	
3625	92	
3626	51	
3627	66	
3628	78	
3629	53	
3630	55	
3631	34	
3632	45	
3633	41	
3634	23	
3635	60	
3636	94	
3637	88	
3638	38	
3639	23	
3640	24	
3641	93	
3642	87	
3643	47	
3644	25	
3645	41	
3646	18	
3647	8	
3648	65	
3649	49	
3650	18	
3651	17	
3652	27	
3653	66	
3654	39	
3655	71	
3656	29	
3657	81	
3658	39	
3659	13	
3660	46	
3661	82	
3662	1	
3663	72	
3664	43	
3665	42	
3666	19	
3667	42	
3668	45	
3669	63	
3670	26	
3671	88	
3672	19	
3673	96	
3674	86	
3675	58	
3676	70	
3677	95	
3678	13	
3679	78	
3680	85	
3681	28	
3682	81	
3683	94	
3684	79	
3685	13	
3686	47	
3687	81	
3688	17	
3689	86	
3690	44	
3691	63	
3692	71	
3693	64	
3694	93	
3695	87	
3696	98	
3697	55	
3698	100	
3699	63	
3700	80	
3701	58	
3702	67	
3703	15	
3704	81	
3705	63	
3706	9	
3707	55	
3708	65	
3709	5	
3710	14	
3711	71	
3712	65	
3713	40	
3714	61	
3715	46	
3716	73	
3717	53	
3718	49	
3719	46	
3720	45	
3721	80	
3722	10	
3723	100	
3724	10	
3725	11	
3726	95	
3727	74	
3728	16	
3729	54	
3730	71	
3731	46	
3732	47	
3733	78	
3734	58	
3735	38	
3736	51	
3737	40	
3738	35	
3739	67	
3740	9	
3741	40	
3742	8	
3743	59	
3744	29	
3745	76	
3746	11	
3747	9	
3748	40	
3749	93	
3750	17	
3751	78	
3752	61	
3753	42	
3754	71	
3755	47	
3756	78	
3757	30	
3758	86	
3759	19	
3760	81	
3761	4	
3762	92	
3763	35	
3764	33	
3765	82	
3766	78	
3767	14	
3768	20	
3769	88	
3770	18	
3771	5	
3772	12	
3773	52	
3774	20	
3775	26	
3776	80	
3777	49	
3778	6	
3779	26	
3780	66	
3781	54	
3782	54	
3783	40	
3784	32	
3785	81	
3786	52	
3787	85	
3788	73	
3789	94	
3790	19	
3791	31	
3792	83	
3793	67	
3794	90	
3795	52	
3796	71	
3797	31	
3798	5	
3799	6	
3800	73	
3801	46	
3802	26	
3803	98	
3804	63	
3805	80	
3806	98	
3807	71	
3808	11	
3809	35	
3810	40	
3811	22	
3812	32	
3813	43	
3814	93	
3815	81	
3816	15	
3817	69	
3818	68	
3819	17	
3820	83	
3821	19	
3822	29	
3823	74	
3824	47	
3825	15	
3826	74	
3827	51	
3828	57	
3829	57	
3830	41	
3831	92	
3832	42	
3833	32	
3834	17	
3835	94	
3836	66	
3837	93	
3838	45	
3839	43	
3840	70	
3841	65	
3842	66	
3843	100	
3844	17	
3845	61	
3846	6	
3847	52	
3848	78	
3849	66	
3850	45	
3851	48	
3852	50	
3853	36	
3854	61	
3855	79	
3856	84	
3857	24	
3858	68	
3859	49	
3860	74	
3861	88	
3862	6	
3863	29	
3864	11	
3865	23	
3866	37	
3867	20	
3868	80	
3869	19	
3870	34	
3871	9	
3872	32	
3873	100	
3874	31	
3875	93	
3876	50	
3877	96	
3878	72	
3879	38	
3880	4	
3881	91	
3882	92	
3883	90	
3884	92	
3885	54	
3886	95	
3887	2	
3888	48	
3889	1	
3890	55	
3891	97	
3892	43	
3893	83	
3894	41	
3895	96	
3896	43	
3897	78	
3898	82	
3899	69	
3900	81	
3901	9	
3902	77	
3903	58	
3904	46	
3905	43	
3906	73	
3907	80	
3908	91	
3909	55	
3910	20	
3911	35	
3912	90	
3913	76	
3914	96	
3915	6	
3916	1	
3917	64	
3918	59	
3919	61	
3920	8	
3921	7	
3922	88	
3923	44	
3924	71	
3925	42	
3926	62	
3927	70	
3928	26	
3929	98	
3930	21	
3931	20	
3932	39	
3933	48	
3934	45	
3935	66	
3936	88	
3937	84	
3938	32	
3939	67	
3940	59	
3941	47	
3942	6	
3943	50	
3944	19	
3945	51	
3946	78	
3947	41	
3948	34	
3949	15	
3950	35	
3951	62	
3952	83	
3953	61	
3954	54	
3955	89	
3956	19	
3957	14	
3958	4	
3959	47	
3960	9	
3961	26	
3962	82	
3963	63	
3964	80	
3965	99	
3966	67	
3967	4	
3968	17	
3969	96	
3970	89	
3971	76	
3972	95	
3973	72	
3974	93	
3975	24	
3976	36	
3977	29	
3978	6	
3979	94	
3980	87	
3981	51	
3982	78	
3983	65	
3984	86	
3985	84	
3986	58	
3987	53	
3988	87	
3989	79	
3990	96	
3991	98	
3992	24	
3993	24	
3994	89	
3995	87	
3996	4	
3997	19	
3998	90	
3999	81	
4000	66	
4001	58	
4002	84	
4003	47	
4004	50	
4005	81	
4006	58	
4007	93	
4008	5	
4009	65	
4010	23	
4011	74	
4012	59	
4013	3	
4014	14	
4015	91	
4016	89	
4017	88	
4018	16	
4019	20	
4020	46	
4021	81	
4022	22	
4023	12	
4024	59	
4025	53	
4026	41	
4027	79	
4028	80	
4029	96	
4030	87	
4031	36	
4032	26	
4033	16	
4034	41	
4035	17	
4036	29	
4037	99	
4038	80	
4039	80	
4040	45	
4041	21	
4042	42	
4043	97	
4044	55	
4045	60	
4046	24	
4047	52	
4048	39	
4049	80	
4050	67	
4051	78	
4052	1	
4053	83	
4054	29	
4055	24	
4056	89	
4057	32	
4058	66	
4059	45	
4060	20	
4061	37	
4062	46	
4063	55	
4064	94	
4065	30	
4066	51	
4067	34	
4068	68	
4069	57	
4070	36	
4071	49	
4072	65	
4073	38	
4074	46	
4075	14	
4076	79	
4077	38	
4078	23	
4079	44	
4080	93	
4081	85	
4082	84	
4083	34	
4084	51	
4085	82	
4086	62	
4087	91	
4088	39	
4089	31	
4090	18	
4091	22	
4092	8	
4093	23	
4094	58	
4095	79	
4096	54	
4097	25	
4098	78	
4099	57	
4100	31	
4101	88	
4102	6	
4103	62	
4104	93	
4105	39	
4106	8	
4107	38	
4108	42	
4109	12	
4110	69	
4111	90	
4112	70	
4113	27	
4114	62	
4115	88	
4116	34	
4117	85	
4118	96	
4119	85	
4120	32	
4121	51	
4122	71	
4123	85	
4124	99	
4125	77	
4126	72	
4127	99	
4128	81	
4129	93	
4130	24	
4131	55	
4132	25	
4133	84	
4134	1	
4135	53	
4136	8	
4137	17	
4138	64	
4139	41	
4140	9	
4141	23	
4142	7	
4143	70	
4144	51	
4145	17	
4146	15	
4147	14	
4148	91	
4149	1	
4150	96	
4151	49	
4152	73	
4153	15	
4154	73	
4155	27	
4156	74	
4157	97	
4158	15	
4159	45	
4160	60	
4161	82	
4162	51	
4163	84	
4164	18	
4165	68	
4166	42	
4167	19	
4168	59	
4169	16	
4170	14	
4171	6	
4172	64	
4173	34	
4174	68	
4175	86	
4176	12	
4177	68	
4178	72	
4179	57	
4180	53	
4181	86	
4182	22	
4183	68	
4184	34	
4185	4	
4186	33	
4187	47	
4188	16	
4189	92	
4190	24	
4191	53	
4192	63	
4193	27	
4194	63	
4195	51	
4196	31	
4197	73	
4198	1	
4199	15	
4200	29	
4201	47	
4202	61	
4203	10	
4204	74	
4205	55	
4206	25	
4207	56	
4208	96	
4209	11	
4210	60	
4211	56	
4212	30	
4213	63	
4214	17	
4215	98	
4216	54	
4217	74	
4218	87	
4219	51	
4220	86	
4221	41	
4222	35	
4223	77	
4224	81	
4225	97	
4226	73	
4227	17	
4228	32	
4229	95	
4230	21	
4231	66	
4232	68	
4233	39	
4234	93	
4235	41	
4236	8	
4237	75	
4238	77	
4239	68	
4240	24	
4241	27	
4242	21	
4243	97	
4244	63	
4245	1	
4246	90	
4247	6	
4248	98	
4249	20	
4250	15	
4251	8	
4252	19	
4253	62	
4254	35	
4255	30	
4256	99	
4257	15	
4258	49	
4259	1	
4260	49	
4261	93	
4262	79	
4263	99	
4264	25	
4265	84	
4266	55	
4267	50	
4268	97	
4269	73	
4270	78	
4271	47	
4272	36	
4273	84	
4274	71	
4275	65	
4276	99	
4277	43	
4278	65	
4279	33	
4280	37	
4281	27	
4282	84	
4283	45	
4284	37	
4285	40	
4286	45	
4287	75	
4288	76	
4289	82	
4290	51	
4291	88	
4292	41	
4293	64	
4294	66	
4295	71	
4296	27	
4297	57	
4298	83	
4299	62	
4300	38	
4301	63	
4302	85	
4303	25	
4304	31	
4305	5	
4306	100	
4307	83	
4308	55	
4309	74	
4310	53	
4311	51	
4312	37	
4313	94	
4314	30	
4315	12	
4316	58	
4317	66	
4318	81	
4319	90	
4320	65	
4321	6	
4322	14	
4323	18	
4324	37	
4325	27	
4326	95	
4327	70	
4328	71	
4329	46	
4330	25	
4331	88	
4332	91	
4333	25	
4334	77	
4335	38	
4336	90	
4337	79	
4338	85	
4339	76	
4340	30	
4341	70	
4342	83	
4343	7	
4344	95	
4345	66	
4346	47	
4347	50	
4348	94	
4349	97	
4350	58	
4351	84	
4352	66	
4353	62	
4354	99	
4355	18	
4356	80	
4357	15	
4358	50	
4359	84	
4360	80	
4361	89	
4362	84	
4363	9	
4364	87	
4365	100	
4366	72	
4367	77	
4368	77	
4369	46	
4370	89	
4371	44	
4372	94	
4373	87	
4374	23	
4375	57	
4376	22	
4377	91	
4378	69	
4379	98	
4380	34	
4381	24	
4382	45	
4383	32	
4384	58	
4385	3	
4386	57	
4387	69	
4388	91	
4389	88	
4390	6	
4391	64	
4392	80	
4393	80	
4394	73	
4395	28	
4396	11	
4397	24	
4398	63	
4399	2	
4400	95	
4401	37	
4402	86	
4403	46	
4404	12	
4405	40	
4406	4	
4407	27	
4408	100	
4409	60	
4410	96	
4411	17	
4412	58	
4413	96	
4414	30	
4415	71	
4416	86	
4417	32	
4418	57	
4419	7	
4420	94	
4421	45	
4422	24	
4423	22	
4424	8	
4425	84	
4426	35	
4427	71	
4428	95	
4429	45	
4430	29	
4431	71	
4432	12	
4433	89	
4434	81	
4435	95	
4436	19	
4437	13	
4438	70	
4439	23	
4440	29	
4441	6	
4442	57	
4443	38	
4444	1	
4445	17	
4446	100	
4447	65	
4448	74	
4449	94	
4450	18	
4451	15	
4452	96	
4453	67	
4454	27	
4455	24	
4456	88	
4457	12	
4458	7	
4459	100	
4460	2	
4461	50	
4462	79	
4463	78	
4464	94	
4465	1	
4466	73	
4467	79	
4468	25	
4469	19	
4470	15	
4471	21	
4472	75	
4473	61	
4474	100	
4475	99	
4476	44	
4477	55	
4478	84	
4479	17	
4480	29	
4481	69	
4482	18	
4483	10	
4484	38	
4485	58	
4486	33	
4487	56	
4488	55	
4489	69	
4490	81	
4491	11	
4492	60	
4493	96	
4494	92	
4495	55	
4496	47	
4497	78	
4498	43	
4499	17	
4500	47	
4501	26	
4502	9	
4503	59	
4504	31	
4505	24	
4506	88	
4507	69	
4508	55	
4509	45	
4510	65	
4511	56	
4512	72	
4513	44	
4514	98	
4515	95	
4516	11	
4517	1	
4518	3	
4519	38	
4520	5	
4521	54	
4522	92	
4523	69	
4524	79	
4525	14	
4526	90	
4527	43	
4528	83	
4529	20	
4530	91	
4531	10	
4532	96	
4533	2	
4534	20	
4535	34	
4536	44	
4537	8	
4538	7	
4539	75	
4540	41	
4541	35	
4542	36	
4543	85	
4544	86	
4545	32	
4546	45	
4547	27	
4548	20	
4549	81	
4550	92	
4551	31	
4552	44	
4553	24	
4554	49	
4555	66	
4556	37	
4557	13	
4558	46	
4559	14	
4560	40	
4561	22	
4562	48	
4563	85	
4564	97	
4565	10	
4566	10	
4567	85	
4568	48	
4569	72	
4570	38	
4571	79	
4572	79	
4573	19	
4574	89	
4575	46	
4576	56	
4577	13	
4578	73	
4579	98	
4580	77	
4581	69	
4582	82	
4583	67	
4584	62	
4585	23	
4586	43	
4587	41	
4588	39	
4589	12	
4590	95	
4591	12	
4592	59	
4593	61	
4594	91	
4595	47	
4596	37	
4597	27	
4598	24	
4599	58	
4600	20	
4601	93	
4602	51	
4603	93	
4604	92	
4605	98	
4606	7	
4607	72	
4608	98	
4609	78	
4610	35	
4611	79	
4612	98	
4613	66	
4614	97	
4615	17	
4616	59	
4617	74	
4618	11	
4619	63	
4620	76	
4621	21	
4622	55	
4623	4	
4624	43	
4625	53	
4626	32	
4627	64	
4628	58	
4629	16	
4630	25	
4631	58	
4632	87	
4633	83	
4634	38	
4635	31	
4636	45	
4637	91	
4638	63	
4639	46	
4640	27	
4641	100	
4642	22	
4643	63	
4644	58	
4645	60	
4646	31	
4647	75	
4648	96	
4649	86	
4650	73	
4651	28	
4652	49	
4653	89	
4654	15	
4655	50	
4656	58	
4657	17	
4658	54	
4659	43	
4660	41	
4661	70	
4662	43	
4663	4	
4664	2	
4665	17	
4666	35	
4667	95	
4668	2	
4669	68	
4670	48	
4671	26	
4672	52	
4673	59	
4674	51	
4675	98	
4676	21	
4677	50	
4678	58	
4679	78	
4680	97	
4681	7	
4682	12	
4683	63	
4684	69	
4685	19	
4686	82	
4687	28	
4688	57	
4689	74	
4690	74	
4691	81	
4692	69	
4693	17	
4694	51	
4695	97	
4696	89	
4697	96	
4698	41	
4699	53	
4700	50	
4701	94	
4702	43	
4703	16	
4704	76	
4705	18	
4706	46	
4707	47	
4708	76	
4709	77	
4710	58	
4711	20	
4712	14	
4713	72	
4714	33	
4715	45	
4716	93	
4717	89	
4718	45	
4719	24	
4720	63	
4721	63	
4722	11	
4723	29	
4724	84	
4725	68	
4726	28	
4727	1	
4728	27	
4729	92	
4730	97	
4731	2	
4732	78	
4733	32	
4734	64	
4735	82	
4736	17	
4737	41	
4738	86	
4739	51	
4740	79	
4741	69	
4742	4	
4743	5	
4744	62	
4745	74	
4746	32	
4747	38	
4748	49	
4749	40	
4750	51	
4751	82	
4752	65	
4753	81	
4754	66	
4755	12	
4756	23	
4757	68	
4758	7	
4759	31	
4760	77	
4761	24	
4762	42	
4763	22	
4764	22	
4765	11	
4766	18	
4767	42	
4768	28	
4769	90	
4770	80	
4771	13	
4772	22	
4773	45	
4774	92	
4775	81	
4776	65	
4777	33	
4778	20	
4779	33	
4780	13	
4781	19	
4782	86	
4783	23	
4784	83	
4785	68	
4786	67	
4787	10	
4788	9	
4789	64	
4790	32	
4791	68	
4792	51	
4793	1	
4794	73	
4795	53	
4796	73	
4797	7	
4798	22	
4799	52	
4800	48	
4801	59	
4802	31	
4803	83	
4804	100	
4805	98	
4806	17	
4807	11	
4808	57	
4809	52	
4810	14	
4811	6	
4812	36	
4813	99	
4814	31	
4815	75	
4816	32	
4817	15	
4818	77	
4819	63	
4820	55	
4821	69	
4822	6	
4823	67	
4824	100	
4825	6	
4826	10	
4827	90	
4828	52	
4829	27	
4830	32	
4831	77	
4832	43	
4833	60	
4834	28	
4835	66	
4836	46	
4837	67	
4838	84	
4839	92	
4840	4	
4841	100	
4842	98	
4843	43	
4844	58	
4845	48	
4846	14	
4847	2	
4848	61	
4849	91	
4850	65	
4851	78	
4852	32	
4853	23	
4854	38	
4855	97	
4856	60	
4857	64	
4858	32	
4859	73	
4860	34	
4861	84	
4862	35	
4863	1	
4864	29	
4865	23	
4866	99	
4867	89	
4868	35	
4869	81	
4870	45	
4871	99	
4872	34	
4873	100	
4874	79	
4875	62	
4876	73	
4877	13	
4878	42	
4879	67	
4880	49	
4881	63	
4882	30	
4883	3	
4884	98	
4885	18	
4886	15	
4887	30	
4888	73	
4889	63	
4890	88	
4891	68	
4892	53	
4893	90	
4894	8	
4895	71	
4896	52	
4897	53	
4898	71	
4899	82	
4900	92	
4901	32	
4902	91	
4903	73	
4904	28	
4905	89	
4906	25	
4907	71	
4908	86	
4909	27	
4910	39	
4911	94	
4912	17	
4913	53	
4914	9	
4915	60	
4916	34	
4917	85	
4918	70	
4919	97	
4920	5	
4921	86	
4922	86	
4923	73	
4924	46	
4925	52	
4926	27	
4927	32	
4928	70	
4929	69	
4930	97	
4931	57	
4932	65	
4933	75	
4934	23	
4935	54	
4936	86	
4937	71	
4938	50	
4939	16	
4940	28	
4941	57	
4942	87	
4943	1	
4944	37	
4945	78	
4946	18	
4947	98	
4948	11	
4949	8	
4950	35	
4951	51	
4952	85	
4953	10	
4954	29	
4955	20	
4956	44	
4957	11	
4958	59	
4959	100	
4960	63	
4961	29	
4962	93	
4963	39	
4964	9	
4965	27	
4966	49	
4967	21	
4968	28	
4969	9	
4970	68	
4971	46	
4972	93	
4973	88	
4974	44	
4975	26	
4976	36	
4977	37	
4978	37	
4979	48	
4980	99	
4981	24	
4982	21	
4983	60	
4984	52	
4985	15	
4986	54	
4987	18	
4988	81	
4989	94	
4990	97	
4991	70	
4992	96	
4993	34	
4994	90	
4995	96	
4996	41	
4997	8	
4998	96	
4999	71	
5000	93	
5001	8	
5002	15	
5003	16	
5004	98	
5005	60	
5006	14	
5007	89	
5008	27	
5009	80	
5010	29	
5011	96	
5012	46	
5013	9	
5014	65	
5015	87	
5016	27	
5017	8	
5018	16	
5019	79	
5020	53	
5021	86	
5022	68	
5023	7	
5024	97	
5025	91	
5026	97	
5027	56	
5028	88	
5029	93	
5030	29	
5031	32	
5032	21	
5033	23	
5034	25	
5035	4	
5036	22	
5037	56	
5038	90	
5039	16	
5040	26	
5041	52	
5042	38	
5043	75	
5044	74	
5045	59	
5046	71	
5047	57	
5048	77	
5049	58	
5050	4	
5051	75	
5052	81	
5053	3	
5054	1	
5055	91	
5056	50	
5057	45	
5058	25	
5059	14	
5060	27	
5061	43	
5062	35	
5063	47	
5064	18	
5065	20	
5066	11	
5067	91	
5068	34	
5069	77	
5070	92	
5071	92	
5072	20	
5073	8	
5074	6	
5075	4	
5076	77	
5077	5	
5078	30	
5079	65	
5080	55	
5081	84	
5082	18	
5083	93	
5084	13	
5085	92	
5086	4	
5087	73	
5088	90	
5089	52	
5090	31	
5091	70	
5092	58	
5093	29	
5094	19	
5095	85	
5096	66	
5097	4	
5098	92	
5099	20	
5100	54	
5101	55	
5102	44	
5103	80	
5104	50	
5105	29	
5106	22	
5107	56	
5108	47	
5109	60	
5110	51	
5111	65	
5112	5	
5113	79	
5114	1	
5115	77	
5116	73	
5117	30	
5118	12	
5119	5	
5120	81	
5121	91	
5122	7	
5123	62	
5124	56	
5125	32	
5126	13	
5127	97	
5128	5	
5129	70	
5130	82	
5131	80	
5132	5	
5133	93	
5134	29	
5135	50	
5136	68	
5137	94	
5138	29	
5139	75	
5140	97	
5141	59	
5142	41	
5143	58	
5144	70	
5145	71	
5146	30	
5147	1	
5148	96	
5149	48	
5150	90	
5151	65	
5152	85	
5153	75	
5154	56	
5155	24	
5156	82	
5157	52	
5158	44	
5159	36	
5160	36	
5161	40	
5162	42	
5163	51	
5164	52	
5165	64	
5166	43	
5167	59	
5168	81	
5169	40	
5170	45	
5171	16	
5172	7	
5173	47	
5174	21	
5175	51	
5176	67	
5177	15	
5178	89	
5179	27	
5180	46	
5181	4	
5182	49	
5183	51	
5184	100	
5185	23	
5186	59	
5187	4	
5188	8	
5189	76	
5190	21	
5191	2	
5192	67	
5193	98	
5194	3	
5195	12	
5196	83	
5197	23	
5198	88	
5199	70	
5200	33	
5201	55	
5202	35	
5203	40	
5204	25	
5205	76	
5206	27	
5207	74	
5208	28	
5209	84	
5210	29	
5211	15	
5212	73	
5213	27	
5214	78	
5215	51	
5216	74	
5217	100	
5218	64	
5219	44	
5220	1	
5221	61	
5222	80	
5223	38	
5224	86	
5225	98	
5226	34	
5227	12	
5228	61	
5229	80	
5230	78	
5231	48	
5232	90	
5233	55	
5234	22	
5235	75	
5236	86	
5237	69	
5238	43	
5239	55	
5240	88	
5241	30	
5242	59	
5243	10	
5244	59	
5245	28	
5246	89	
5247	59	
5248	60	
5249	66	
5250	46	
5251	13	
5252	70	
5253	79	
5254	40	
5255	89	
5256	40	
5257	74	
5258	51	
5259	94	
5260	91	
5261	32	
5262	17	
5263	56	
5264	78	
5265	11	
5266	27	
5267	40	
5268	38	
5269	51	
5270	91	
5271	27	
5272	16	
5273	12	
5274	46	
5275	12	
5276	100	
5277	57	
5278	17	
5279	53	
5280	2	
5281	88	
5282	2	
5283	26	
5284	31	
5285	81	
5286	78	
5287	83	
5288	30	
5289	74	
5290	45	
5291	55	
5292	96	
5293	70	
5294	94	
5295	28	
5296	49	
5297	91	
5298	54	
5299	28	
5300	43	
5301	37	
5302	38	
5303	22	
5304	28	
5305	23	
5306	19	
5307	45	
5308	26	
5309	94	
5310	95	
5311	1	
5312	67	
5313	71	
5314	47	
5315	45	
5316	75	
5317	60	
5318	9	
5319	7	
5320	19	
5321	99	
5322	77	
5323	39	
5324	1	
5325	32	
5326	13	
5327	41	
5328	5	
5329	81	
5330	2	
5331	58	
5332	71	
5333	84	
5334	46	
5335	40	
5336	23	
5337	38	
5338	46	
5339	4	
5340	14	
5341	33	
5342	75	
5343	60	
5344	8	
5345	87	
5346	38	
5347	67	
5348	59	
5349	87	
5350	34	
5351	73	
5352	96	
5353	61	
5354	78	
5355	62	
5356	90	
5357	82	
5358	26	
5359	58	
5360	71	
5361	83	
5362	40	
5363	83	
5364	74	
5365	52	
5366	20	
5367	36	
5368	38	
5369	83	
5370	14	
5371	49	
5372	71	
5373	40	
5374	80	
5375	10	
5376	17	
5377	31	
5378	79	
5379	19	
5380	98	
5381	7	
5382	49	
5383	15	
5384	12	
5385	79	
5386	69	
5387	99	
5388	22	
5389	45	
5390	92	
5391	25	
5392	58	
5393	9	
5394	28	
5395	59	
5396	13	
5397	85	
5398	28	
5399	7	
5400	60	
5401	91	
5402	84	
5403	30	
5404	83	
5405	23	
5406	3	
5407	74	
5408	65	
5409	32	
5410	85	
5411	50	
5412	33	
5413	48	
5414	13	
5415	71	
5416	69	
5417	42	
5418	90	
5419	70	
5420	98	
5421	5	
5422	15	
5423	47	
5424	8	
5425	76	
5426	13	
5427	37	
5428	52	
5429	97	
5430	61	
5431	52	
5432	46	
5433	53	
5434	48	
5435	40	
5436	19	
5437	7	
5438	80	
5439	25	
5440	37	
5441	30	
5442	57	
5443	12	
5444	52	
5445	89	
5446	83	
5447	66	
5448	80	
5449	62	
5450	37	
5451	4	
5452	5	
5453	66	
5454	57	
5455	51	
5456	70	
5457	4	
5458	95	
5459	10	
5460	7	
5461	31	
5462	55	
5463	88	
5464	20	
5465	3	
5466	41	
5467	34	
5468	50	
5469	80	
5470	14	
5471	39	
5472	85	
5473	12	
5474	71	
5475	76	
5476	70	
5477	95	
5478	10	
5479	63	
5480	88	
5481	14	
5482	17	
5483	5	
5484	25	
5485	23	
5486	80	
5487	42	
5488	39	
5489	97	
5490	92	
5491	17	
5492	69	
5493	9	
5494	60	
5495	78	
5496	61	
5497	33	
5498	48	
5499	2	
5500	37	
5501	46	
5502	74	
5503	67	
5504	92	
5505	10	
5506	26	
5507	31	
5508	36	
5509	10	
5510	52	
5511	83	
5512	39	
5513	15	
5514	66	
5515	89	
5516	83	
5517	4	
5518	28	
5519	91	
5520	48	
5521	10	
5522	62	
5523	23	
5524	82	
5525	76	
5526	74	
5527	36	
5528	22	
5529	68	
5530	80	
5531	53	
5532	72	
5533	92	
5534	99	
5535	22	
5536	7	
5537	70	
5538	7	
5539	40	
5540	85	
5541	21	
5542	30	
5543	9	
5544	86	
5545	37	
5546	77	
5547	19	
5548	90	
5549	19	
5550	26	
5551	12	
5552	29	
5553	7	
5554	62	
5555	52	
5556	36	
5557	24	
5558	61	
5559	12	
5560	6	
5561	92	
5562	46	
5563	26	
5564	86	
5565	22	
5566	58	
5567	72	
5568	73	
5569	70	
5570	17	
5571	100	
5572	70	
5573	69	
5574	87	
5575	50	
5576	40	
5577	67	
5578	46	
5579	76	
5580	16	
5581	14	
5582	6	
5583	78	
5584	81	
5585	6	
5586	47	
5587	36	
5588	65	
5589	8	
5590	55	
5591	34	
5592	2	
5593	5	
5594	22	
5595	43	
5596	24	
5597	97	
5598	47	
5599	48	
5600	43	
5601	14	
5602	10	
5603	27	
5604	95	
5605	93	
5606	5	
5607	66	
5608	42	
5609	42	
5610	13	
5611	67	
5612	5	
5613	97	
5614	36	
5615	28	
5616	61	
5617	56	
5618	94	
5619	18	
5620	25	
5621	97	
5622	85	
5623	19	
5624	30	
5625	70	
5626	39	
5627	45	
5628	65	
5629	85	
5630	61	
5631	23	
5632	89	
5633	32	
5634	87	
5635	92	
5636	7	
5637	18	
5638	84	
5639	45	
5640	35	
5641	29	
5642	93	
5643	13	
5644	83	
5645	82	
5646	87	
5647	44	
5648	76	
5649	68	
5650	74	
5651	90	
5652	13	
5653	58	
5654	74	
5655	27	
5656	62	
5657	3	
5658	22	
5659	18	
5660	86	
5661	90	
5662	65	
5663	84	
5664	30	
5665	82	
5666	19	
5667	84	
5668	67	
5669	64	
5670	58	
5671	70	
5672	21	
5673	89	
5674	95	
5675	42	
5676	84	
5677	74	
5678	71	
5679	47	
5680	91	
5681	48	
5682	12	
5683	62	
5684	17	
5685	96	
5686	84	
5687	17	
5688	37	
5689	42	
5690	63	
5691	10	
5692	3	
5693	15	
5694	10	
5695	36	
5696	23	
5697	40	
5698	68	
5699	15	
5700	63	
5701	18	
5702	21	
5703	13	
5704	5	
5705	38	
5706	66	
5707	97	
5708	88	
5709	44	
5710	94	
5711	44	
5712	58	
5713	73	
5714	80	
5715	71	
5716	65	
5717	3	
5718	84	
5719	54	
5720	7	
5721	97	
5722	29	
5723	77	
5724	99	
5725	73	
5726	53	
5727	15	
5728	68	
5729	31	
5730	74	
5731	8	
5732	6	
5733	69	
5734	33	
5735	24	
5736	74	
5737	79	
5738	47	
5739	59	
5740	28	
5741	46	
5742	58	
5743	44	
5744	88	
5745	42	
5746	22	
5747	88	
5748	96	
5749	74	
5750	25	
5751	58	
5752	38	
5753	16	
5754	13	
5755	30	
5756	7	
5757	31	
5758	14	
5759	96	
5760	68	
5761	79	
5762	54	
5763	36	
5764	69	
5765	49	
5766	23	
5767	57	
5768	18	
5769	33	
5770	38	
5771	71	
5772	96	
5773	49	
5774	43	
5775	42	
5776	62	
5777	16	
5778	85	
5779	87	
5780	34	
5781	30	
5782	80	
5783	28	
5784	59	
5785	56	
5786	14	
5787	94	
5788	51	
5789	26	
5790	69	
5791	88	
5792	16	
5793	67	
5794	24	
5795	74	
5796	56	
5797	93	
5798	63	
5799	28	
5800	30	
5801	55	
5802	22	
5803	90	
5804	75	
5805	44	
5806	90	
5807	96	
5808	80	
5809	11	
5810	17	
5811	89	
5812	41	
5813	66	
5814	1	
5815	65	
5816	53	
5817	9	
5818	13	
5819	96	
5820	58	
5821	54	
5822	73	
5823	26	
5824	23	
5825	68	
5826	64	
5827	23	
5828	18	
5829	14	
5830	45	
5831	18	
5832	61	
5833	42	
5834	64	
5835	92	
5836	30	
5837	100	
5838	7	
5839	99	
5840	33	
5841	54	
5842	15	
5843	1	
5844	7	
5845	43	
5846	75	
5847	24	
5848	82	
5849	59	
5850	86	
5851	93	
5852	25	
5853	54	
5854	46	
5855	83	
5856	38	
5857	34	
5858	9	
5859	79	
5860	91	
5861	27	
5862	36	
5863	11	
5864	40	
5865	18	
5866	11	
5867	40	
5868	49	
5869	93	
5870	70	
5871	18	
5872	46	
5873	54	
5874	59	
5875	32	
5876	28	
5877	5	
5878	59	
5879	58	
5880	47	
5881	85	
5882	92	
5883	77	
5884	3	
5885	15	
5886	5	
5887	87	
5888	97	
5889	84	
5890	7	
5891	77	
5892	53	
5893	1	
5894	76	
5895	62	
5896	51	
5897	63	
5898	8	
5899	23	
5900	67	
5901	82	
5902	50	
5903	99	
5904	67	
5905	79	
5906	77	
5907	14	
5908	33	
5909	63	
5910	64	
5911	7	
5912	87	
5913	87	
5914	16	
5915	39	
5916	93	
5917	97	
5918	26	
5919	6	
5920	7	
5921	35	
5922	24	
5923	6	
5924	18	
5925	20	
5926	15	
5927	17	
5928	77	
5929	76	
5930	79	
5931	37	
5932	93	
5933	68	
5934	55	
5935	35	
5936	75	
5937	100	
5938	52	
5939	38	
5940	74	
5941	22	
5942	63	
5943	99	
5944	23	
5945	23	
5946	41	
5947	40	
5948	3	
5949	55	
5950	61	
5951	99	
5952	41	
5953	58	
5954	70	
5955	58	
5956	74	
5957	43	
5958	26	
5959	5	
5960	63	
5961	93	
5962	59	
5963	61	
5964	39	
5965	50	
5966	79	
5967	85	
5968	6	
5969	58	
5970	69	
5971	49	
5972	79	
5973	98	
5974	48	
5975	20	
5976	27	
5977	95	
5978	5	
5979	60	
5980	16	
5981	90	
5982	17	
5983	66	
5984	83	
5985	82	
5986	89	
5987	24	
5988	11	
5989	47	
5990	16	
5991	84	
5992	28	
5993	59	
5994	17	
5995	60	
5996	80	
5997	53	
5998	4	
5999	26	
6000	90	
6001	16	
6002	95	
6003	15	
6004	75	
6005	62	
6006	18	
6007	5	
6008	30	
6009	71	
6010	97	
6011	86	
6012	77	
6013	45	
6014	99	
6015	28	
6016	4	
6017	87	
6018	62	
6019	25	
6020	71	
6021	16	
6022	31	
6023	54	
6024	45	
6025	18	
6026	49	
6027	26	
6028	65	
6029	57	
6030	82	
6031	42	
6032	37	
6033	59	
6034	7	
6035	87	
6036	10	
6037	39	
6038	6	
6039	12	
6040	89	
6041	57	
6042	52	
6043	91	
6044	86	
6045	73	
6046	66	
6047	57	
6048	25	
6049	13	
6050	21	
6051	68	
6052	14	
6053	5	
6054	24	
6055	31	
6056	90	
6057	74	
6058	78	
6059	22	
6060	45	
6061	49	
6062	22	
6063	52	
6064	11	
6065	19	
6066	77	
6067	94	
6068	58	
6069	33	
6070	44	
6071	98	
6072	99	
6073	14	
6074	56	
6075	90	
6076	2	
6077	78	
6078	99	
6079	21	
6080	73	
6081	43	
6082	14	
6083	14	
6084	29	
6085	7	
6086	38	
6087	86	
6088	46	
6089	46	
6090	77	
6091	85	
6092	9	
6093	90	
6094	88	
6095	29	
6096	38	
6097	47	
6098	44	
6099	87	
6100	53	
6101	79	
6102	63	
6103	75	
6104	46	
6105	81	
6106	78	
6107	100	
6108	70	
6109	43	
6110	34	
6111	43	
6112	25	
6113	33	
6114	56	
6115	59	
6116	84	
6117	33	
6118	58	
6119	88	
6120	18	
6121	59	
6122	37	
6123	54	
6124	89	
6125	32	
6126	56	
6127	92	
6128	47	
6129	24	
6130	25	
6131	55	
6132	27	
6133	18	
6134	36	
6135	38	
6136	39	
6137	16	
6138	45	
6139	25	
6140	49	
6141	45	
6142	46	
6143	32	
6144	25	
6145	76	
6146	24	
6147	74	
6148	66	
6149	64	
6150	12	
6151	24	
6152	18	
6153	72	
6154	28	
6155	94	
6156	20	
6157	50	
6158	41	
6159	62	
6160	65	
6161	98	
6162	96	
6163	90	
6164	25	
6165	61	
6166	58	
6167	67	
6168	93	
6169	72	
6170	98	
6171	24	
6172	9	
6173	15	
6174	64	
6175	95	
6176	60	
6177	44	
6178	69	
6179	56	
6180	92	
6181	8	
6182	99	
6183	23	
6184	61	
6185	98	
6186	71	
6187	44	
6188	71	
6189	57	
6190	39	
6191	71	
6192	82	
6193	16	
6194	88	
6195	23	
6196	7	
6197	37	
6198	99	
6199	88	
6200	86	
6201	36	
6202	44	
6203	46	
6204	35	
6205	79	
6206	83	
6207	61	
6208	59	
6209	81	
6210	92	
6211	49	
6212	34	
6213	64	
6214	16	
6215	37	
6216	64	
6217	97	
6218	93	
6219	74	
6220	29	
6221	44	
6222	68	
6223	46	
6224	59	
6225	99	
6226	97	
6227	79	
6228	41	
6229	42	
6230	68	
6231	67	
6232	2	
6233	73	
6234	36	
6235	3	
6236	58	
6237	82	
6238	100	
6239	66	
6240	33	
6241	82	
6242	36	
6243	20	
6244	55	
6245	61	
6246	7	
6247	93	
6248	22	
6249	24	
6250	68	
6251	6	
6252	4	
6253	20	
6254	34	
6255	44	
6256	79	
6257	94	
6258	49	
6259	81	
6260	34	
6261	51	
6262	100	
6263	16	
6264	39	
6265	86	
6266	2	
6267	30	
6268	72	
6269	15	
6270	47	
6271	37	
6272	56	
6273	96	
6274	83	
6275	58	
6276	8	
6277	7	
6278	75	
6279	56	
6280	80	
6281	16	
6282	40	
6283	96	
6284	41	
6285	45	
6286	1	
6287	9	
6288	31	
6289	18	
6290	86	
6291	78	
6292	98	
6293	49	
6294	29	
6295	77	
6296	59	
6297	93	
6298	98	
6299	52	
6300	89	
6301	64	
6302	8	
6303	75	
6304	73	
6305	38	
6306	18	
6307	15	
6308	44	
6309	85	
6310	93	
6311	54	
6312	90	
6313	32	
6314	3	
6315	25	
6316	99	
6317	19	
6318	34	
6319	32	
6320	75	
6321	39	
6322	56	
6323	26	
6324	7	
6325	15	
6326	55	
6327	71	
6328	22	
6329	95	
6330	11	
6331	52	
6332	46	
6333	5	
6334	78	
6335	47	
6336	15	
6337	13	
6338	4	
6339	34	
6340	89	
6341	36	
6342	100	
6343	14	
6344	51	
6345	90	
6346	86	
6347	13	
6348	84	
6349	56	
6350	97	
6351	34	
6352	62	
6353	48	
6354	21	
6355	33	
6356	35	
6357	82	
6358	51	
6359	81	
6360	65	
6361	47	
6362	41	
6363	63	
6364	27	
6365	80	
6366	45	
6367	46	
6368	76	
6369	61	
6370	23	
6371	71	
6372	76	
6373	83	
6374	85	
6375	61	
6376	44	
6377	27	
6378	12	
6379	35	
6380	60	
6381	51	
6382	54	
6383	2	
6384	21	
6385	66	
6386	27	
6387	78	
6388	82	
6389	94	
6390	93	
6391	17	
6392	60	
6393	99	
6394	78	
6395	69	
6396	88	
6397	19	
6398	90	
6399	68	
6400	52	
6401	41	
6402	20	
6403	48	
6404	96	
6405	87	
6406	8	
6407	30	
6408	97	
6409	2	
6410	63	
6411	100	
6412	53	
6413	66	
6414	8	
6415	93	
6416	51	
6417	29	
6418	42	
6419	81	
6420	9	
6421	34	
6422	45	
6423	68	
6424	26	
6425	28	
6426	100	
6427	69	
6428	56	
6429	42	
6430	85	
6431	89	
6432	1	
6433	66	
6434	74	
6435	39	
6436	7	
6437	92	
6438	56	
6439	42	
6440	41	
6441	93	
6442	56	
6443	52	
6444	33	
6445	82	
6446	27	
6447	51	
6448	85	
6449	32	
6450	87	
6451	84	
6452	68	
6453	67	
6454	22	
6455	5	
6456	44	
6457	17	
6458	87	
6459	52	
6460	91	
6461	54	
6462	58	
6463	60	
6464	93	
6465	7	
6466	22	
6467	100	
6468	57	
6469	53	
6470	90	
6471	89	
6472	13	
6473	60	
6474	90	
6475	22	
6476	52	
6477	7	
6478	1	
6479	31	
6480	7	
6481	40	
6482	54	
6483	52	
6484	63	
6485	37	
6486	89	
6487	57	
6488	54	
6489	7	
6490	44	
6491	38	
6492	51	
6493	23	
6494	80	
6495	73	
6496	64	
6497	93	
6498	40	
6499	100	
6500	24	
6501	23	
6502	33	
6503	82	
6504	20	
6505	89	
6506	46	
6507	55	
6508	47	
6509	96	
6510	96	
6511	90	
6512	88	
6513	48	
6514	22	
6515	36	
6516	17	
6517	35	
6518	5	
6519	76	
6520	55	
6521	50	
6522	31	
6523	74	
6524	78	
6525	44	
6526	60	
6527	30	
6528	75	
6529	64	
6530	51	
6531	51	
6532	9	
6533	38	
6534	83	
6535	22	
6536	27	
6537	62	
6538	100	
6539	83	
6540	98	
6541	1	
6542	32	
6543	92	
6544	89	
6545	21	
6546	40	
6547	38	
6548	50	
6549	74	
6550	99	
6551	45	
6552	12	
6553	89	
6554	64	
6555	5	
6556	88	
6557	7	
6558	41	
6559	72	
6560	42	
6561	67	
6562	92	
6563	73	
6564	51	
6565	33	
6566	29	
6567	13	
6568	42	
6569	71	
6570	7	
6571	77	
6572	61	
6573	56	
6574	18	
6575	72	
6576	10	
6577	83	
6578	16	
6579	11	
6580	24	
6581	30	
6582	30	
6583	77	
6584	33	
6585	37	
6586	22	
6587	38	
6588	87	
6589	17	
6590	24	
6591	34	
6592	33	
6593	3	
6594	22	
6595	1	
6596	96	
6597	61	
6598	42	
6599	2	
6600	80	
6601	41	
6602	44	
6603	45	
6604	7	
6605	43	
6606	58	
6607	11	
6608	66	
6609	25	
6610	33	
6611	34	
6612	92	
6613	38	
6614	100	
6615	31	
6616	53	
6617	29	
6618	77	
6619	46	
6620	80	
6621	100	
6622	97	
6623	94	
6624	7	
6625	100	
6626	82	
6627	24	
6628	37	
6629	25	
6630	60	
6631	33	
6632	30	
6633	40	
6634	58	
6635	21	
6636	12	
6637	62	
6638	100	
6639	28	
6640	22	
6641	72	
6642	8	
6643	100	
6644	21	
6645	67	
6646	27	
6647	48	
6648	45	
6649	22	
6650	19	
6651	57	
6652	14	
6653	48	
6654	79	
6655	1	
6656	48	
6657	13	
6658	84	
6659	69	
6660	57	
6661	74	
6662	56	
6663	8	
6664	32	
6665	87	
6666	82	
6667	75	
6668	41	
6669	31	
6670	67	
6671	88	
6672	93	
6673	71	
6674	33	
6675	17	
6676	21	
6677	88	
6678	95	
6679	96	
6680	20	
6681	32	
6682	58	
6683	74	
6684	71	
6685	93	
6686	75	
6687	6	
6688	78	
6689	99	
6690	71	
6691	13	
6692	49	
6693	60	
6694	57	
6695	5	
6696	77	
6697	47	
6698	72	
6699	15	
6700	6	
6701	11	
6702	99	
6703	7	
6704	49	
6705	80	
6706	15	
6707	100	
6708	77	
6709	14	
6710	41	
6711	14	
6712	59	
6713	2	
6714	38	
6715	46	
6716	68	
6717	78	
6718	40	
6719	14	
6720	51	
6721	29	
6722	100	
6723	91	
6724	77	
6725	10	
6726	72	
6727	21	
6728	6	
6729	100	
6730	87	
6731	59	
6732	63	
6733	93	
6734	94	
6735	32	
6736	27	
6737	16	
6738	35	
6739	74	
6740	20	
6741	57	
6742	37	
6743	43	
6744	94	
6745	65	
6746	56	
6747	61	
6748	88	
6749	12	
6750	15	
6751	81	
6752	11	
6753	33	
6754	27	
6755	29	
6756	72	
6757	61	
6758	48	
6759	23	
6760	82	
6761	65	
6762	52	
6763	28	
6764	63	
6765	51	
6766	66	
6767	40	
6768	42	
6769	94	
6770	60	
6771	31	
6772	84	
6773	36	
6774	2	
6775	51	
6776	16	
6777	41	
6778	40	
6779	46	
6780	56	
6781	10	
6782	16	
6783	46	
6784	51	
6785	48	
6786	59	
6787	36	
6788	27	
6789	49	
6790	66	
6791	4	
6792	74	
6793	43	
6794	23	
6795	53	
6796	67	
6797	90	
6798	83	
6799	31	
6800	56	
6801	44	
6802	87	
6803	98	
6804	82	
6805	60	
6806	1	
6807	77	
6808	82	
6809	17	
6810	62	
6811	78	
6812	84	
6813	25	
6814	91	
6815	14	
6816	51	
6817	81	
6818	17	
6819	59	
6820	5	
6821	73	
6822	22	
6823	59	
6824	98	
6825	78	
6826	55	
6827	56	
6828	70	
6829	37	
6830	94	
6831	96	
6832	1	
6833	55	
6834	32	
6835	80	
6836	9	
6837	12	
6838	94	
6839	38	
6840	39	
6841	74	
6842	33	
6843	12	
6844	83	
6845	21	
6846	39	
6847	44	
6848	2	
6849	82	
6850	8	
6851	96	
6852	16	
6853	66	
6854	56	
6855	29	
6856	69	
6857	9	
6858	61	
6859	62	
6860	37	
6861	65	
6862	79	
6863	44	
6864	98	
6865	86	
6866	78	
6867	56	
6868	86	
6869	5	
6870	48	
6871	90	
6872	16	
6873	95	
6874	33	
6875	21	
6876	78	
6877	61	
6878	84	
6879	70	
6880	73	
6881	91	
6882	69	
6883	84	
6884	1	
6885	23	
6886	99	
6887	42	
6888	76	
6889	57	
6890	53	
6891	62	
6892	64	
6893	98	
6894	58	
6895	94	
6896	95	
6897	38	
6898	62	
6899	35	
6900	88	
6901	43	
6902	24	
6903	20	
6904	73	
6905	17	
6906	100	
6907	45	
6908	96	
6909	74	
6910	27	
6911	9	
6912	76	
6913	73	
6914	60	
6915	74	
6916	83	
6917	49	
6918	83	
6919	74	
6920	63	
6921	65	
6922	58	
6923	9	
6924	30	
6925	63	
6926	22	
6927	27	
6928	4	
6929	78	
6930	91	
6931	85	
6932	9	
6933	97	
6934	1	
6935	32	
6936	6	
6937	52	
6938	63	
6939	3	
6940	10	
6941	8	
6942	48	
6943	8	
6944	82	
6945	44	
6946	36	
6947	55	
6948	72	
6949	72	
6950	6	
6951	32	
6952	17	
6953	50	
6954	57	
6955	51	
6956	88	
6957	33	
6958	67	
6959	3	
6960	72	
6961	87	
6962	47	
6963	61	
6964	18	
6965	100	
6966	48	
6967	56	
6968	82	
6969	23	
6970	21	
6971	72	
6972	88	
6973	70	
6974	67	
6975	81	
6976	24	
6977	92	
6978	18	
6979	55	
6980	40	
6981	3	
6982	22	
6983	36	
6984	75	
6985	24	
6986	17	
6987	87	
6988	86	
6989	35	
6990	39	
6991	77	
6992	96	
6993	65	
6994	83	
6995	12	
6996	58	
6997	44	
6998	17	
6999	62	
7000	69	
7001	71	
7002	48	
7003	24	
7004	77	
7005	17	
7006	35	
7007	68	
7008	98	
7009	60	
7010	30	
7011	29	
7012	68	
7013	79	
7014	87	
7015	16	
7016	52	
7017	62	
7018	43	
7019	2	
7020	31	
7021	78	
7022	48	
7023	58	
7024	3	
7025	52	
7026	58	
7027	33	
7028	62	
7029	44	
7030	87	
7031	46	
7032	92	
7033	96	
7034	93	
7035	30	
7036	26	
7037	8	
7038	69	
7039	15	
7040	19	
7041	53	
7042	3	
7043	98	
7044	72	
7045	52	
7046	10	
7047	30	
7048	9	
7049	49	
7050	58	
7051	31	
7052	4	
7053	90	
7054	98	
7055	50	
7056	10	
7057	59	
7058	2	
7059	98	
7060	30	
7061	69	
7062	95	
7063	70	
7064	39	
7065	45	
7066	11	
7067	19	
7068	35	
7069	24	
7070	12	
7071	99	
7072	60	
7073	46	
7074	82	
7075	49	
7076	40	
7077	53	
7078	35	
7079	82	
7080	6	
7081	36	
7082	16	
7083	63	
7084	28	
7085	62	
7086	62	
7087	12	
7088	21	
7089	6	
7090	23	
7091	80	
7092	81	
7093	27	
7094	97	
7095	67	
7096	90	
7097	87	
7098	43	
7099	54	
7100	59	
7101	97	
7102	45	
7103	27	
7104	92	
7105	64	
7106	10	
7107	63	
7108	79	
7109	7	
7110	61	
7111	65	
7112	2	
7113	52	
7114	51	
7115	98	
7116	60	
7117	63	
7118	92	
7119	53	
7120	3	
7121	95	
7122	7	
7123	14	
7124	44	
7125	17	
7126	16	
7127	60	
7128	4	
7129	17	
7130	21	
7131	76	
7132	39	
7133	98	
7134	80	
7135	97	
7136	24	
7137	67	
7138	12	
7139	32	
7140	74	
7141	17	
7142	53	
7143	7	
7144	30	
7145	85	
7146	79	
7147	68	
7148	96	
7149	61	
7150	24	
7151	52	
7152	21	
7153	4	
7154	92	
7155	2	
7156	39	
7157	100	
7158	89	
7159	47	
7160	66	
7161	64	
7162	12	
7163	49	
7164	14	
7165	52	
7166	84	
7167	66	
7168	88	
7169	98	
7170	44	
7171	55	
7172	72	
7173	64	
7174	39	
7175	79	
7176	70	
7177	67	
7178	17	
7179	12	
7180	31	
7181	11	
7182	1	
7183	26	
7184	34	
7185	45	
7186	42	
7187	28	
7188	93	
7189	63	
7190	96	
7191	37	
7192	3	
7193	4	
7194	13	
7195	80	
7196	93	
7197	46	
7198	50	
7199	85	
7200	99	
7201	50	
7202	57	
7203	93	
7204	94	
7205	60	
7206	82	
7207	31	
7208	1	
7209	85	
7210	9	
7211	78	
7212	90	
7213	6	
7214	67	
7215	39	
7216	55	
7217	35	
7218	54	
7219	62	
7220	43	
7221	23	
7222	56	
7223	9	
7224	60	
7225	60	
7226	12	
7227	86	
7228	36	
7229	18	
7230	57	
7231	99	
7232	6	
7233	34	
7234	76	
7235	38	
7236	16	
7237	72	
7238	23	
7239	68	
7240	52	
7241	91	
7242	18	
7243	31	
7244	8	
7245	81	
7246	12	
7247	26	
7248	20	
7249	22	
7250	4	
7251	86	
7252	36	
7253	68	
7254	61	
7255	84	
7256	77	
7257	89	
7258	8	
7259	91	
7260	42	
7261	33	
7262	7	
7263	48	
7264	45	
7265	31	
7266	37	
7267	37	
7268	97	
7269	1	
7270	14	
7271	4	
7272	70	
7273	87	
7274	25	
7275	67	
7276	90	
7277	45	
7278	78	
7279	40	
7280	76	
7281	86	
7282	67	
7283	20	
7284	93	
7285	73	
7286	33	
7287	98	
7288	5	
7289	43	
7290	50	
7291	74	
7292	28	
7293	62	
7294	57	
7295	47	
7296	99	
7297	29	
7298	27	
7299	35	
7300	82	
7301	31	
7302	86	
7303	23	
7304	56	
7305	6	
7306	10	
7307	98	
7308	76	
7309	14	
7310	93	
7311	53	
7312	76	
7313	86	
7314	8	
7315	41	
7316	98	
7317	35	
7318	26	
7319	2	
7320	53	
7321	89	
7322	33	
7323	28	
7324	70	
7325	27	
7326	86	
7327	61	
7328	77	
7329	35	
7330	19	
7331	83	
7332	58	
7333	89	
7334	16	
7335	5	
7336	2	
7337	27	
7338	8	
7339	47	
7340	6	
7341	3	
7342	50	
7343	16	
7344	36	
7345	94	
7346	67	
7347	61	
7348	74	
7349	1	
7350	72	
7351	13	
7352	76	
7353	56	
7354	58	
7355	96	
7356	15	
7357	44	
7358	4	
7359	14	
7360	10	
7361	14	
7362	76	
7363	2	
7364	34	
7365	8	
7366	11	
7367	61	
7368	4	
7369	80	
7370	76	
7371	7	
7372	71	
7373	49	
7374	13	
7375	90	
7376	11	
7377	56	
7378	19	
7379	39	
7380	58	
7381	76	
7382	52	
7383	34	
7384	52	
7385	11	
7386	97	
7387	99	
7388	44	
7389	63	
7390	87	
7391	81	
7392	47	
7393	62	
7394	52	
7395	60	
7396	22	
7397	67	
7398	52	
7399	84	
7400	72	
7401	82	
7402	21	
7403	5	
7404	59	
7405	28	
7406	70	
7407	42	
7408	78	
7409	57	
7410	97	
7411	80	
7412	2	
7413	36	
7414	66	
7415	90	
7416	86	
7417	91	
7418	45	
7419	45	
7420	16	
7421	66	
7422	69	
7423	22	
7424	28	
7425	14	
7426	36	
7427	64	
7428	86	
7429	87	
7430	7	
7431	9	
7432	25	
7433	24	
7434	89	
7435	42	
7436	20	
7437	91	
7438	12	
7439	85	
7440	76	
7441	64	
7442	65	
7443	60	
7444	57	
7445	8	
7446	78	
7447	61	
7448	25	
7449	8	
7450	3	
7451	37	
7452	57	
7453	97	
7454	99	
7455	15	
7456	100	
7457	55	
7458	23	
7459	71	
7460	1	
7461	80	
7462	99	
7463	41	
7464	65	
7465	27	
7466	25	
7467	34	
7468	91	
7469	63	
7470	19	
7471	3	
7472	31	
7473	47	
7474	70	
7475	14	
7476	68	
7477	1	
7478	15	
7479	42	
7480	75	
7481	41	
7482	39	
7483	4	
7484	12	
7485	33	
7486	52	
7487	46	
7488	24	
7489	45	
7490	27	
7491	97	
7492	79	
7493	81	
7494	37	
7495	36	
7496	5	
7497	55	
7498	84	
7499	68	
7500	87	
7501	56	
7502	65	
7503	75	
7504	8	
7505	15	
7506	49	
7507	35	
7508	78	
7509	19	
7510	82	
7511	66	
7512	48	
7513	35	
7514	68	
7515	33	
7516	76	
7517	26	
7518	70	
7519	19	
7520	64	
7521	7	
7522	84	
7523	45	
7524	9	
7525	27	
7526	21	
7527	9	
7528	69	
7529	95	
7530	64	
7531	21	
7532	50	
7533	41	
7534	16	
7535	70	
7536	10	
7537	7	
7538	45	
7539	27	
7540	88	
7541	13	
7542	94	
7543	81	
7544	10	
7545	6	
7546	35	
7547	30	
7548	71	
7549	63	
7550	42	
7551	88	
7552	7	
7553	77	
7554	39	
7555	8	
7556	47	
7557	46	
7558	38	
7559	85	
7560	32	
7561	48	
7562	33	
7563	100	
7564	17	
7565	86	
7566	16	
7567	36	
7568	19	
7569	44	
7570	91	
7571	89	
7572	98	
7573	20	
7574	8	
7575	38	
7576	30	
7577	65	
7578	55	
7579	20	
7580	89	
7581	77	
7582	23	
7583	75	
7584	94	
7585	69	
7586	72	
7587	57	
7588	29	
7589	25	
7590	89	
7591	84	
7592	14	
7593	82	
7594	13	
7595	74	
7596	43	
7597	53	
7598	66	
7599	84	
7600	55	
7601	62	
7602	99	
7603	90	
7604	91	
7605	44	
7606	32	
7607	6	
7608	27	
7609	53	
7610	81	
7611	34	
7612	55	
7613	88	
7614	42	
7615	24	
7616	56	
7617	93	
7618	11	
7619	74	
7620	46	
7621	73	
7622	77	
7623	5	
7624	37	
7625	96	
7626	57	
7627	43	
7628	37	
7629	60	
7630	82	
7631	99	
7632	51	
7633	24	
7634	76	
7635	73	
7636	88	
7637	60	
7638	33	
7639	84	
7640	91	
7641	37	
7642	29	
7643	46	
7644	45	
7645	31	
7646	87	
7647	12	
7648	74	
7649	5	
7650	79	
7651	16	
7652	83	
7653	61	
7654	99	
7655	69	
7656	31	
7657	2	
7658	68	
7659	54	
7660	71	
7661	3	
7662	48	
7663	88	
7664	83	
7665	87	
7666	87	
7667	15	
7668	21	
7669	81	
7670	20	
7671	38	
7672	87	
7673	75	
7674	98	
7675	69	
7676	67	
7677	71	
7678	41	
7679	71	
7680	80	
7681	95	
7682	92	
7683	18	
7684	7	
7685	62	
7686	47	
7687	87	
7688	88	
7689	18	
7690	4	
7691	28	
7692	40	
7693	43	
7694	91	
7695	88	
7696	19	
7697	27	
7698	39	
7699	96	
7700	53	
7701	78	
7702	84	
7703	33	
7704	70	
7705	72	
7706	37	
7707	70	
7708	56	
7709	68	
7710	49	
7711	60	
7712	53	
7713	4	
7714	24	
7715	94	
7716	43	
7717	60	
7718	92	
7719	88	
7720	33	
7721	62	
7722	10	
7723	13	
7724	89	
7725	60	
7726	71	
7727	15	
7728	78	
7729	99	
7730	26	
7731	87	
7732	29	
7733	28	
7734	46	
7735	52	
7736	5	
7737	39	
7738	38	
7739	54	
7740	36	
7741	5	
7742	78	
7743	80	
7744	98	
7745	7	
7746	73	
7747	48	
7748	83	
7749	70	
7750	59	
7751	48	
7752	94	
7753	70	
7754	13	
7755	36	
7756	46	
7757	54	
7758	82	
7759	8	
7760	53	
7761	24	
7762	29	
7763	53	
7764	76	
7765	11	
7766	22	
7767	1	
7768	12	
7769	22	
7770	24	
7771	88	
7772	85	
7773	35	
7774	46	
7775	19	
7776	2	
7777	86	
7778	15	
7779	13	
7780	78	
7781	77	
7782	79	
7783	90	
7784	19	
7785	40	
7786	70	
7787	26	
7788	86	
7789	76	
7790	6	
7791	12	
7792	39	
7793	25	
7794	51	
7795	1	
7796	71	
7797	22	
7798	3	
7799	100	
7800	6	
7801	13	
7802	68	
7803	18	
7804	73	
7805	29	
7806	70	
7807	72	
7808	99	
7809	94	
7810	43	
7811	85	
7812	37	
7813	25	
7814	38	
7815	55	
7816	47	
7817	50	
7818	89	
7819	91	
7820	82	
7821	11	
7822	43	
7823	27	
7824	41	
7825	99	
7826	82	
7827	17	
7828	18	
7829	54	
7830	42	
7831	78	
7832	68	
7833	85	
7834	53	
7835	69	
7836	48	
7837	48	
7838	69	
7839	40	
7840	98	
7841	58	
7842	33	
7843	80	
7844	87	
7845	73	
7846	57	
7847	15	
7848	14	
7849	24	
7850	5	
7851	18	
7852	41	
7853	82	
7854	46	
7855	80	
7856	23	
7857	62	
7858	50	
7859	38	
7860	96	
7861	82	
7862	63	
7863	63	
7864	18	
7865	58	
7866	28	
7867	28	
7868	60	
7869	76	
7870	29	
7871	59	
7872	74	
7873	59	
7874	21	
7875	49	
7876	93	
7877	26	
7878	71	
7879	17	
7880	58	
7881	99	
7882	71	
7883	79	
7884	36	
7885	2	
7886	23	
7887	48	
7888	36	
7889	5	
7890	85	
7891	15	
7892	10	
7893	19	
7894	61	
7895	71	
7896	43	
7897	12	
7898	81	
7899	81	
7900	6	
7901	56	
7902	90	
7903	20	
7904	73	
7905	73	
7906	90	
7907	60	
7908	3	
7909	55	
7910	30	
7911	33	
7912	25	
7913	99	
7914	14	
7915	4	
7916	63	
7917	7	
7918	90	
7919	2	
7920	45	
7921	73	
7922	25	
7923	54	
7924	4	
7925	25	
7926	49	
7927	17	
7928	15	
7929	86	
7930	67	
7931	65	
7932	45	
7933	45	
7934	30	
7935	84	
7936	23	
7937	59	
7938	73	
7939	39	
7940	84	
7941	57	
7942	46	
7943	17	
7944	15	
7945	23	
7946	3	
7947	3	
7948	53	
7949	36	
7950	54	
7951	7	
7952	85	
7953	26	
7954	6	
7955	11	
7956	97	
7957	39	
7958	78	
7959	26	
7960	36	
7961	60	
7962	71	
7963	31	
7964	11	
7965	87	
7966	30	
7967	70	
7968	66	
7969	38	
7970	57	
7971	20	
7972	41	
7973	100	
7974	29	
7975	83	
7976	17	
7977	60	
7978	18	
7979	68	
7980	91	
7981	30	
7982	95	
7983	83	
7984	65	
7985	7	
7986	9	
7987	8	
7988	26	
7989	66	
7990	5	
7991	21	
7992	68	
7993	80	
7994	49	
7995	20	
7996	93	
7997	41	
7998	85	
7999	3	
8000	44	
8001	5	
8002	75	
8003	67	
8004	38	
8005	47	
8006	61	
8007	40	
8008	23	
8009	90	
8010	54	
8011	37	
8012	72	
8013	96	
8014	19	
8015	41	
8016	41	
8017	77	
8018	58	
8019	95	
8020	42	
8021	30	
8022	50	
8023	11	
8024	31	
8025	8	
8026	16	
8027	47	
8028	46	
8029	68	
8030	37	
8031	63	
8032	5	
8033	73	
8034	30	
8035	53	
8036	34	
8037	47	
8038	38	
8039	43	
8040	33	
8041	24	
8042	68	
8043	48	
8044	86	
8045	35	
8046	16	
8047	22	
8048	96	
8049	99	
8050	48	
8051	48	
8052	34	
8053	82	
8054	20	
8055	4	
8056	35	
8057	36	
8058	25	
8059	13	
8060	75	
8061	47	
8062	63	
8063	17	
8064	74	
8065	74	
8066	100	
8067	46	
8068	30	
8069	72	
8070	41	
8071	5	
8072	98	
8073	39	
8074	92	
8075	85	
8076	34	
8077	63	
8078	78	
8079	38	
8080	43	
8081	14	
8082	20	
8083	56	
8084	58	
8085	91	
8086	56	
8087	59	
8088	58	
8089	5	
8090	63	
8091	58	
8092	32	
8093	79	
8094	38	
8095	2	
8096	67	
8097	19	
8098	2	
8099	18	
8100	34	
8101	21	
8102	2	
8103	73	
8104	62	
8105	35	
8106	69	
8107	13	
8108	19	
8109	27	
8110	7	
8111	4	
8112	34	
8113	34	
8114	62	
8115	43	
8116	25	
8117	69	
8118	34	
8119	41	
8120	8	
8121	87	
8122	63	
8123	90	
8124	68	
8125	28	
8126	3	
8127	61	
8128	96	
8129	21	
8130	19	
8131	60	
8132	77	
8133	59	
8134	28	
8135	8	
8136	15	
8137	43	
8138	44	
8139	96	
8140	67	
8141	56	
8142	32	
8143	53	
8144	24	
8145	98	
8146	61	
8147	72	
8148	12	
8149	75	
8150	25	
8151	85	
8152	70	
8153	38	
8154	77	
8155	76	
8156	12	
8157	57	
8158	86	
8159	63	
8160	12	
8161	40	
8162	33	
8163	65	
8164	8	
8165	29	
8166	61	
8167	94	
8168	11	
8169	68	
8170	9	
8171	5	
8172	34	
8173	86	
8174	56	
8175	80	
8176	14	
8177	47	
8178	22	
8179	12	
8180	75	
8181	41	
8182	78	
8183	88	
8184	56	
8185	49	
8186	8	
8187	92	
8188	47	
8189	35	
8190	50	
8191	72	
8192	27	
8193	79	
8194	85	
8195	12	
8196	30	
8197	60	
8198	26	
8199	43	
8200	50	
8201	65	
8202	27	
8203	9	
8204	30	
8205	48	
8206	97	
8207	46	
8208	95	
8209	49	
8210	53	
8211	95	
8212	73	
8213	85	
8214	1	
8215	38	
8216	5	
8217	28	
8218	65	
8219	36	
8220	6	
8221	57	
8222	52	
8223	27	
8224	35	
8225	91	
8226	74	
8227	26	
8228	28	
8229	72	
8230	9	
8231	22	
8232	29	
8233	47	
8234	62	
8235	16	
8236	81	
8237	67	
8238	100	
8239	47	
8240	5	
8241	91	
8242	61	
8243	16	
8244	75	
8245	5	
8246	77	
8247	74	
8248	74	
8249	81	
8250	11	
8251	98	
8252	81	
8253	68	
8254	7	
8255	89	
8256	62	
8257	68	
8258	97	
8259	94	
8260	26	
8261	44	
8262	38	
8263	39	
8264	32	
8265	58	
8266	16	
8267	29	
8268	71	
8269	74	
8270	72	
8271	26	
8272	53	
8273	46	
8274	51	
8275	76	
8276	48	
8277	33	
8278	66	
8279	13	
8280	67	
8281	2	
8282	96	
8283	14	
8284	95	
8285	12	
8286	69	
8287	6	
8288	56	
8289	17	
8290	78	
8291	42	
8292	79	
8293	1	
8294	77	
8295	96	
8296	15	
8297	41	
8298	31	
8299	69	
8300	57	
8301	74	
8302	46	
8303	36	
8304	50	
8305	33	
8306	2	
8307	35	
8308	85	
8309	51	
8310	86	
8311	67	
8312	31	
8313	95	
8314	89	
8315	53	
8316	81	
8317	29	
8318	19	
8319	25	
8320	70	
8321	62	
8322	72	
8323	79	
8324	24	
8325	59	
8326	33	
8327	99	
8328	29	
8329	37	
8330	59	
8331	7	
8332	11	
8333	39	
8334	9	
8335	69	
8336	14	
8337	49	
8338	51	
8339	48	
8340	82	
8341	9	
8342	55	
8343	99	
8344	79	
8345	86	
8346	21	
8347	31	
8348	79	
8349	34	
8350	84	
8351	83	
8352	72	
8353	13	
8354	80	
8355	48	
8356	36	
8357	81	
8358	35	
8359	72	
8360	11	
8361	81	
8362	46	
8363	57	
8364	64	
8365	52	
8366	39	
8367	40	
8368	65	
8369	22	
8370	78	
8371	44	
8372	78	
8373	23	
8374	45	
8375	70	
8376	55	
8377	64	
8378	54	
8379	100	
8380	92	
8381	35	
8382	38	
8383	100	
8384	45	
8385	32	
8386	69	
8387	99	
8388	56	
8389	96	
8390	62	
8391	68	
8392	48	
8393	75	
8394	58	
8395	80	
8396	89	
8397	74	
8398	41	
8399	54	
8400	12	
8401	51	
8402	74	
8403	70	
8404	58	
8405	74	
8406	38	
8407	59	
8408	78	
8409	76	
8410	93	
8411	19	
8412	61	
8413	82	
8414	93	
8415	91	
8416	94	
8417	83	
8418	12	
8419	9	
8420	24	
8421	87	
8422	83	
8423	95	
8424	41	
8425	8	
8426	47	
8427	19	
8428	50	
8429	57	
8430	82	
8431	98	
8432	31	
8433	41	
8434	100	
8435	59	
8436	26	
8437	70	
8438	59	
8439	99	
8440	37	
8441	32	
8442	29	
8443	16	
8444	89	
8445	69	
8446	91	
8447	33	
8448	99	
8449	68	
8450	97	
8451	29	
8452	75	
8453	35	
8454	82	
8455	88	
8456	33	
8457	63	
8458	70	
8459	56	
8460	18	
8461	92	
8462	44	
8463	2	
8464	58	
8465	75	
8466	27	
8467	99	
8468	81	
8469	74	
8470	23	
8471	10	
8472	59	
8473	85	
8474	35	
8475	5	
8476	45	
8477	56	
8478	1	
8479	49	
8480	51	
8481	1	
8482	27	
8483	92	
8484	6	
8485	24	
8486	58	
8487	33	
8488	14	
8489	46	
8490	7	
8491	79	
8492	98	
8493	52	
8494	16	
8495	83	
8496	48	
8497	67	
8498	76	
8499	13	
8500	60	
8501	51	
8502	72	
8503	64	
8504	25	
8505	62	
8506	22	
8507	48	
8508	21	
8509	44	
8510	2	
8511	60	
8512	47	
8513	26	
8514	55	
8515	22	
8516	93	
8517	17	
8518	24	
8519	55	
8520	57	
8521	73	
8522	53	
8523	82	
8524	66	
8525	1	
8526	53	
8527	52	
8528	6	
8529	54	
8530	27	
8531	22	
8532	38	
8533	5	
8534	47	
8535	52	
8536	19	
8537	60	
8538	68	
8539	5	
8540	44	
8541	21	
8542	100	
8543	38	
8544	31	
8545	12	
8546	65	
8547	14	
8548	31	
8549	31	
8550	4	
8551	16	
8552	65	
8553	42	
8554	37	
8555	78	
8556	25	
8557	26	
8558	24	
8559	26	
8560	15	
8561	79	
8562	36	
8563	37	
8564	52	
8565	55	
8566	19	
8567	6	
8568	16	
8569	6	
8570	42	
8571	81	
8572	15	
8573	10	
8574	72	
8575	82	
8576	18	
8577	95	
8578	32	
8579	33	
8580	81	
8581	90	
8582	21	
8583	24	
8584	20	
8585	14	
8586	67	
8587	42	
8588	12	
8589	59	
8590	96	
8591	52	
8592	80	
8593	16	
8594	18	
8595	100	
8596	78	
8597	58	
8598	25	
8599	7	
8600	5	
8601	82	
8602	19	
8603	44	
8604	54	
8605	100	
8606	29	
8607	45	
8608	21	
8609	46	
8610	25	
8611	62	
8612	31	
8613	81	
8614	48	
8615	15	
8616	3	
8617	36	
8618	74	
8619	100	
8620	82	
8621	94	
8622	67	
8623	56	
8624	41	
8625	66	
8626	45	
8627	48	
8628	19	
8629	46	
8630	69	
8631	79	
8632	5	
8633	5	
8634	73	
8635	94	
8636	56	
8637	11	
8638	80	
8639	38	
8640	39	
8641	94	
8642	39	
8643	18	
8644	16	
8645	73	
8646	16	
8647	28	
8648	37	
8649	86	
8650	47	
8651	85	
8652	88	
8653	33	
8654	58	
8655	83	
8656	97	
8657	8	
8658	47	
8659	88	
8660	68	
8661	82	
8662	90	
8663	58	
8664	9	
8665	78	
8666	56	
8667	50	
8668	14	
8669	94	
8670	9	
8671	34	
8672	65	
8673	19	
8674	35	
8675	33	
8676	8	
8677	1	
8678	22	
8679	20	
8680	55	
8681	65	
8682	89	
8683	12	
8684	94	
8685	12	
8686	40	
8687	76	
8688	33	
8689	79	
8690	81	
8691	78	
8692	17	
8693	74	
8694	81	
8695	79	
8696	29	
8697	99	
8698	90	
8699	16	
8700	48	
8701	38	
8702	19	
8703	93	
8704	91	
8705	92	
8706	81	
8707	98	
8708	17	
8709	14	
8710	38	
8711	66	
8712	40	
8713	36	
8714	34	
8715	54	
8716	75	
8717	48	
8718	95	
8719	93	
8720	72	
8721	94	
8722	26	
8723	74	
8724	89	
8725	48	
8726	45	
8727	14	
8728	13	
8729	81	
8730	49	
8731	78	
8732	1	
8733	31	
8734	95	
8735	39	
8736	96	
8737	98	
8738	76	
8739	14	
8740	93	
8741	24	
8742	27	
8743	87	
8744	10	
8745	24	
8746	67	
8747	95	
8748	56	
8749	77	
8750	8	
8751	55	
8752	35	
8753	99	
8754	56	
8755	6	
8756	81	
8757	90	
8758	79	
8759	81	
8760	12	
8761	39	
8762	81	
8763	34	
8764	45	
8765	44	
8766	13	
8767	15	
8768	37	
8769	56	
8770	69	
8771	9	
8772	4	
8773	42	
8774	78	
8775	87	
8776	26	
8777	29	
8778	31	
8779	26	
8780	93	
8781	15	
8782	62	
8783	89	
8784	14	
8785	71	
8786	64	
8787	68	
8788	68	
8789	48	
8790	99	
8791	58	
8792	78	
8793	82	
8794	83	
8795	92	
8796	14	
8797	74	
8798	68	
8799	85	
8800	94	
8801	55	
8802	100	
8803	66	
8804	76	
8805	93	
8806	54	
8807	1	
8808	67	
8809	66	
8810	68	
8811	24	
8812	29	
8813	89	
8814	10	
8815	5	
8816	92	
8817	89	
8818	73	
8819	44	
8820	23	
8821	96	
8822	68	
8823	69	
8824	56	
8825	34	
8826	75	
8827	9	
8828	62	
8829	48	
8830	28	
8831	62	
8832	90	
8833	63	
8834	96	
8835	70	
8836	35	
8837	81	
8838	49	
8839	66	
8840	47	
8841	40	
8842	86	
8843	84	
8844	4	
8845	16	
8846	83	
8847	7	
8848	14	
8849	19	
8850	24	
8851	19	
8852	42	
8853	8	
8854	79	
8855	24	
8856	2	
8857	42	
8858	53	
8859	61	
8860	33	
8861	87	
8862	83	
8863	34	
8864	18	
8865	76	
8866	94	
8867	4	
8868	17	
8869	29	
8870	8	
8871	30	
8872	75	
8873	67	
8874	98	
8875	59	
8876	88	
8877	59	
8878	43	
8879	8	
8880	76	
8881	1	
8882	13	
8883	21	
8884	84	
8885	52	
8886	64	
8887	24	
8888	48	
8889	23	
8890	48	
8891	67	
8892	4	
8893	95	
8894	11	
8895	69	
8896	85	
8897	9	
8898	5	
8899	77	
8900	47	
8901	58	
8902	14	
8903	100	
8904	2	
8905	22	
8906	4	
8907	17	
8908	7	
8909	79	
8910	19	
8911	4	
8912	53	
8913	13	
8914	3	
8915	13	
8916	38	
8917	41	
8918	2	
8919	80	
8920	5	
8921	48	
8922	4	
8923	77	
8924	59	
8925	39	
8926	8	
8927	62	
8928	12	
8929	66	
8930	62	
8931	89	
8932	25	
8933	23	
8934	77	
8935	89	
8936	89	
8937	30	
8938	44	
8939	66	
8940	62	
8941	15	
8942	74	
8943	15	
8944	38	
8945	85	
8946	95	
8947	60	
8948	72	
8949	43	
8950	54	
8951	46	
8952	94	
8953	18	
8954	55	
8955	76	
8956	22	
8957	12	
8958	88	
8959	70	
8960	95	
8961	12	
8962	61	
8963	31	
8964	66	
8965	53	
8966	1	
8967	24	
8968	92	
8969	6	
8970	69	
8971	81	
8972	24	
8973	73	
8974	34	
8975	36	
8976	30	
8977	81	
8978	53	
8979	46	
8980	25	
8981	61	
8982	43	
8983	11	
8984	26	
8985	21	
8986	27	
8987	95	
8988	4	
8989	2	
8990	81	
8991	84	
8992	45	
8993	63	
8994	33	
8995	92	
8996	19	
8997	64	
8998	52	
8999	82	
9000	2	
9001	99	
9002	20	
9003	6	
9004	30	
9005	63	
9006	16	
9007	11	
9008	7	
9009	98	
9010	52	
9011	14	
9012	2	
9013	76	
9014	19	
9015	50	
9016	18	
9017	24	
9018	44	
9019	83	
9020	6	
9021	64	
9022	3	
9023	89	
9024	63	
9025	27	
9026	19	
9027	72	
9028	88	
9029	19	
9030	84	
9031	11	
9032	56	
9033	17	
9034	16	
9035	50	
9036	7	
9037	25	
9038	27	
9039	46	
9040	26	
9041	12	
9042	37	
9043	61	
9044	14	
9045	88	
9046	11	
9047	52	
9048	26	
9049	24	
9050	59	
9051	11	
9052	43	
9053	74	
9054	87	
9055	5	
9056	57	
9057	87	
9058	47	
9059	2	
9060	12	
9061	27	
9062	45	
9063	38	
9064	1	
9065	55	
9066	58	
9067	21	
9068	76	
9069	40	
9070	88	
9071	11	
9072	82	
9073	11	
9074	43	
9075	3	
9076	58	
9077	44	
9078	10	
9079	41	
9080	57	
9081	45	
9082	80	
9083	1	
9084	28	
9085	70	
9086	77	
9087	23	
9088	98	
9089	100	
9090	96	
9091	7	
9092	76	
9093	28	
9094	32	
9095	88	
9096	74	
9097	30	
9098	50	
9099	91	
9100	73	
9101	76	
9102	90	
9103	38	
9104	33	
9105	62	
9106	71	
9107	35	
9108	90	
9109	5	
9110	62	
9111	24	
9112	72	
9113	70	
9114	71	
9115	6	
9116	60	
9117	78	
9118	80	
9119	32	
9120	7	
9121	57	
9122	55	
9123	86	
9124	60	
9125	49	
9126	13	
9127	89	
9128	55	
9129	37	
9130	71	
9131	11	
9132	18	
9133	76	
9134	99	
9135	84	
9136	75	
9137	65	
9138	37	
9139	86	
9140	21	
9141	35	
9142	63	
9143	46	
9144	62	
9145	80	
9146	11	
9147	77	
9148	41	
9149	47	
9150	85	
9151	19	
9152	31	
9153	19	
9154	43	
9155	1	
9156	67	
9157	35	
9158	56	
9159	32	
9160	59	
9161	21	
9162	70	
9163	98	
9164	10	
9165	33	
9166	88	
9167	69	
9168	57	
9169	58	
9170	28	
9171	51	
9172	20	
9173	13	
9174	26	
9175	10	
9176	89	
9177	34	
9178	72	
9179	11	
9180	88	
9181	76	
9182	96	
9183	74	
9184	15	
9185	94	
9186	58	
9187	85	
9188	9	
9189	21	
9190	80	
9191	49	
9192	67	
9193	42	
9194	70	
9195	19	
9196	17	
9197	51	
9198	12	
9199	97	
9200	15	
9201	83	
9202	69	
9203	7	
9204	79	
9205	83	
9206	67	
9207	53	
9208	82	
9209	97	
9210	96	
9211	92	
9212	72	
9213	82	
9214	72	
9215	62	
9216	47	
9217	37	
9218	13	
9219	5	
9220	4	
9221	36	
9222	57	
9223	46	
9224	99	
9225	32	
9226	32	
9227	71	
9228	61	
9229	37	
9230	21	
9231	27	
9232	21	
9233	68	
9234	11	
9235	90	
9236	93	
9237	47	
9238	78	
9239	43	
9240	4	
9241	1	
9242	97	
9243	11	
9244	7	
9245	12	
9246	30	
9247	14	
9248	58	
9249	25	
9250	15	
9251	95	
9252	90	
9253	56	
9254	45	
9255	57	
9256	62	
9257	34	
9258	88	
9259	18	
9260	67	
9261	52	
9262	60	
9263	79	
9264	34	
9265	22	
9266	19	
9267	19	
9268	59	
9269	35	
9270	42	
9271	83	
9272	69	
9273	81	
9274	67	
9275	85	
9276	66	
9277	79	
9278	22	
9279	8	
9280	89	
9281	65	
9282	30	
9283	39	
9284	39	
9285	24	
9286	57	
9287	95	
9288	5	
9289	76	
9290	25	
9291	7	
9292	78	
9293	11	
9294	52	
9295	15	
9296	39	
9297	45	
9298	81	
9299	59	
9300	16	
9301	75	
9302	43	
9303	86	
9304	89	
9305	30	
9306	55	
9307	6	
9308	40	
9309	43	
9310	55	
9311	44	
9312	67	
9313	98	
9314	70	
9315	42	
9316	57	
9317	89	
9318	72	
9319	47	
9320	87	
9321	99	
9322	100	
9323	35	
9324	88	
9325	27	
9326	22	
9327	25	
9328	15	
9329	40	
9330	81	
9331	17	
9332	29	
9333	49	
9334	51	
9335	40	
9336	18	
9337	96	
9338	1	
9339	33	
9340	82	
9341	28	
9342	85	
9343	8	
9344	50	
9345	40	
9346	8	
9347	24	
9348	21	
9349	47	
9350	72	
9351	38	
9352	61	
9353	47	
9354	93	
9355	77	
9356	66	
9357	24	
9358	17	
9359	33	
9360	35	
9361	97	
9362	70	
9363	79	
9364	6	
9365	67	
9366	44	
9367	20	
9368	66	
9369	14	
9370	24	
9371	11	
9372	48	
9373	29	
9374	86	
9375	5	
9376	71	
9377	42	
9378	72	
9379	77	
9380	46	
9381	45	
9382	42	
9383	95	
9384	59	
9385	16	
9386	43	
9387	38	
9388	75	
9389	1	
9390	95	
9391	12	
9392	87	
9393	89	
9394	76	
9395	78	
9396	46	
9397	9	
9398	78	
9399	27	
9400	17	
9401	37	
9402	46	
9403	43	
9404	45	
9405	98	
9406	44	
9407	6	
9408	17	
9409	25	
9410	34	
9411	20	
9412	54	
9413	16	
9414	73	
9415	55	
9416	12	
9417	73	
9418	43	
9419	58	
9420	72	
9421	91	
9422	61	
9423	62	
9424	26	
9425	30	
9426	100	
9427	61	
9428	42	
9429	84	
9430	43	
9431	69	
9432	84	
9433	84	
9434	52	
9435	30	
9436	70	
9437	41	
9438	59	
9439	9	
9440	42	
9441	61	
9442	41	
9443	97	
9444	10	
9445	39	
9446	34	
9447	94	
9448	53	
9449	91	
9450	37	
9451	76	
9452	45	
9453	30	
9454	54	
9455	95	
9456	73	
9457	40	
9458	90	
9459	34	
9460	98	
9461	32	
9462	92	
9463	85	
9464	87	
9465	96	
9466	84	
9467	76	
9468	78	
9469	59	
9470	29	
9471	59	
9472	22	
9473	73	
9474	69	
9475	2	
9476	77	
9477	11	
9478	65	
9479	96	
9480	62	
9481	29	
9482	36	
9483	69	
9484	89	
9485	45	
9486	96	
9487	46	
9488	11	
9489	27	
9490	14	
9491	93	
9492	57	
9493	56	
9494	32	
9495	87	
9496	33	
9497	17	
9498	86	
9499	92	
9500	82	
9501	31	
9502	100	
9503	31	
9504	91	
9505	6	
9506	88	
9507	41	
9508	16	
9509	36	
9510	97	
9511	80	
9512	2	
9513	92	
9514	52	
9515	97	
9516	25	
9517	57	
9518	40	
9519	79	
9520	37	
9521	30	
9522	71	
9523	60	
9524	48	
9525	69	
9526	73	
9527	77	
9528	31	
9529	66	
9530	10	
9531	35	
9532	10	
9533	83	
9534	96	
9535	26	
9536	31	
9537	35	
9538	84	
9539	46	
9540	71	
9541	49	
9542	47	
9543	90	
9544	74	
9545	44	
9546	39	
9547	55	
9548	45	
9549	81	
9550	69	
9551	24	
9552	87	
9553	82	
9554	82	
9555	25	
9556	82	
9557	83	
9558	44	
9559	97	
9560	81	
9561	96	
9562	43	
9563	33	
9564	77	
9565	32	
9566	90	
9567	32	
9568	14	
9569	26	
9570	45	
9571	59	
9572	93	
9573	7	
9574	55	
9575	32	
9576	89	
9577	36	
9578	35	
9579	48	
9580	4	
9581	19	
9582	8	
9583	59	
9584	20	
9585	18	
9586	18	
9587	60	
9588	28	
9589	77	
9590	24	
9591	23	
9592	78	
9593	47	
9594	90	
9595	45	
9596	64	
9597	97	
9598	98	
9599	96	
9600	89	
9601	12	
9602	69	
9603	13	
9604	99	
9605	74	
9606	96	
9607	100	
9608	52	
9609	53	
9610	100	
9611	16	
9612	99	
9613	72	
9614	92	
9615	16	
9616	21	
9617	23	
9618	32	
9619	42	
9620	38	
9621	32	
9622	26	
9623	57	
9624	67	
9625	66	
9626	22	
9627	76	
9628	19	
9629	63	
9630	39	
9631	3	
9632	36	
9633	28	
9634	21	
9635	51	
9636	24	
9637	89	
9638	47	
9639	90	
9640	99	
9641	6	
9642	72	
9643	90	
9644	29	
9645	59	
9646	67	
9647	48	
9648	46	
9649	5	
9650	44	
9651	43	
9652	91	
9653	60	
9654	2	
9655	76	
9656	28	
9657	2	
9658	40	
9659	41	
9660	5	
9661	6	
9662	98	
9663	29	
9664	75	
9665	16	
9666	12	
9667	79	
9668	2	
9669	29	
9670	27	
9671	43	
9672	5	
9673	13	
9674	77	
9675	38	
9676	43	
9677	70	
9678	14	
9679	3	
9680	10	
9681	19	
9682	13	
9683	62	
9684	44	
9685	12	
9686	7	
9687	11	
9688	100	
9689	42	
9690	40	
9691	17	
9692	35	
9693	93	
9694	7	
9695	41	
9696	57	
9697	80	
9698	36	
9699	54	
9700	94	
9701	45	
9702	85	
9703	43	
9704	7	
9705	11	
9706	15	
9707	94	
9708	41	
9709	33	
9710	88	
9711	65	
9712	10	
9713	26	
9714	44	
9715	60	
9716	53	
9717	88	
9718	30	
9719	64	
9720	96	
9721	75	
9722	49	
9723	92	
9724	36	
9725	33	
9726	41	
9727	79	
9728	86	
9729	77	
9730	18	
9731	19	
9732	95	
9733	58	
9734	17	
9735	77	
9736	29	
9737	59	
9738	95	
9739	32	
9740	86	
9741	69	
9742	75	
9743	9	
9744	73	
9745	82	
9746	77	
9747	57	
9748	49	
9749	70	
9750	22	
9751	12	
9752	3	
9753	65	
9754	32	
9755	65	
9756	61	
9757	46	
9758	21	
9759	81	
9760	96	
9761	31	
9762	29	
9763	67	
9764	87	
9765	16	
9766	78	
9767	63	
9768	78	
9769	83	
9770	49	
9771	20	
9772	31	
9773	66	
9774	32	
9775	63	
9776	25	
9777	74	
9778	71	
9779	36	
9780	85	
9781	52	
9782	68	
9783	10	
9784	14	
9785	87	
9786	41	
9787	89	
9788	38	
9789	39	
9790	31	
9791	85	
9792	36	
9793	58	
9794	70	
9795	93	
9796	62	
9797	14	
9798	73	
9799	82	
9800	3	
9801	3	
9802	80	
9803	68	
9804	59	
9805	64	
9806	42	
9807	37	
9808	95	
9809	79	
9810	30	
9811	34	
9812	84	
9813	2	
9814	32	
9815	55	
9816	61	
9817	18	
9818	43	
9819	56	
9820	42	
9821	57	
9822	98	
9823	83	
9824	85	
9825	53	
9826	92	
9827	39	
9828	22	
9829	33	
9830	50	
9831	84	
9832	59	
9833	97	
9834	13	
9835	50	
9836	32	
9837	10	
9838	66	
9839	13	
9840	70	
9841	40	
9842	52	
9843	55	
9844	11	
9845	70	
9846	93	
9847	27	
9848	67	
9849	2	
9850	51	
9851	33	
9852	26	
9853	27	
9854	90	
9855	49	
9856	5	
9857	49	
9858	13	
9859	23	
9860	4	
9861	73	
9862	8	
9863	97	
9864	39	
9865	7	
9866	16	
9867	94	
9868	7	
9869	5	
9870	75	
9871	99	
9872	24	
9873	38	
9874	23	
9875	82	
9876	2	
9877	66	
9878	36	
9879	17	
9880	61	
9881	22	
9882	76	
9883	1	
9884	18	
9885	34	
9886	17	
9887	65	
9888	73	
9889	61	
9890	74	
9891	49	
9892	11	
9893	25	
9894	15	
9895	45	
9896	75	
9897	73	
9898	20	
9899	17	
9900	11	
9901	48	
9902	83	
9903	88	
9904	85	
9905	89	
9906	8	
9907	84	
9908	56	
9909	98	
9910	5	
9911	46	
9912	94	
9913	79	
9914	39	
9915	7	
9916	81	
9917	98	
9918	45	
9919	71	
9920	28	
9921	34	
9922	66	
9923	78	
9924	25	
9925	82	
9926	53	
9927	47	
9928	30	
9929	24	
9930	22	
9931	87	
9932	82	
9933	4	
9934	95	
9935	100	
9936	10	
9937	56	
9938	58	
9939	40	
9940	82	
9941	79	
9942	7	
9943	77	
9944	91	
9945	1	
9946	84	
9947	20	
9948	76	
9949	14	
9950	82	
9951	76	
9952	63	
9953	64	
9954	67	
9955	46	
9956	95	
9957	75	
9958	96	
9959	56	
9960	77	
9961	84	
9962	29	
9963	43	
9964	16	
9965	16	
9966	74	
9967	99	
9968	63	
9969	56	
9970	78	
9971	19	
9972	83	
9973	33	
9974	55	
9975	47	
9976	84	
9977	35	
9978	70	
9979	16	
9980	7	
9981	11	
9982	26	
9983	28	
9984	98	
9985	2	
9986	94	
9987	12	
9988	88	
9989	69	
9990	85	
9991	27	
9992	32	
9993	24	
9994	79	
9995	26	
9996	91	
9997	50	
9998	6	
9999	20	
10000	64	
45744
