10000
1	9	
2	3	
3	1	
4	6	
5	1	
6	3	
7	8	
8	7	
9	10	
10	7	
11	7	
12	4	
13	3	
14	3	
15	10	
16	10	
17	8	
18	7	
19	8	
20	5	
21	6	
22	9	
23	3	
24	2	
25	6	
26	1	
27	3	
28	1	
29	3	
30	2	
31	3	
32	3	
33	7	
34	8	
35	7	
36	6	
37	7	
38	10	
39	5	
40	2	
41	8	
42	9	
43	5	
44	3	
45	6	
46	8	
47	7	
48	9	
49	8	
50	7	
51	2	
52	3	
53	10	
54	1	
55	2	
56	3	
57	6	
58	4	
59	3	
60	9	
61	4	
62	2	
63	3	
64	2	
65	3	
66	1	
67	6	
68	4	
69	9	
70	9	
71	7	
72	1	
73	5	
74	8	
75	5	
76	2	
77	4	
78	10	
79	2	
80	8	
81	7	
82	3	
83	2	
84	9	
85	9	
86	3	
87	5	
88	9	
89	1	
90	6	
91	2	
92	6	
93	2	
94	1	
95	9	
96	8	
97	6	
98	8	
99	7	
100	3	
101	2	
102	7	
103	1	
104	5	
105	4	
106	5	
107	8	
108	8	
109	10	
110	2	
111	8	
112	2	
113	4	
114	6	
115	4	
116	8	
117	10	
118	10	
119	4	
120	2	
121	1	
122	2	
123	9	
124	2	
125	4	
126	8	
127	1	
128	9	
129	2	
130	4	
131	7	
132	4	
133	10	
134	7	
135	2	
136	1	
137	2	
138	8	
139	3	
140	7	
141	6	
142	6	
143	4	
144	4	
145	2	
146	5	
147	9	
148	8	
149	4	
150	7	
151	2	
152	4	
153	7	
154	7	
155	9	
156	3	
157	7	
158	4	
159	3	
160	4	
161	2	
162	2	
163	7	
164	3	
165	8	
166	5	
167	6	
168	1	
169	9	
170	6	
171	2	
172	7	
173	8	
174	5	
175	6	
176	10	
177	3	
178	10	
179	1	
180	1	
181	8	
182	6	
183	9	
184	3	
185	6	
186	8	
187	5	
188	10	
189	9	
190	2	
191	5	
192	6	
193	5	
194	7	
195	8	
196	9	
197	1	
198	1	
199	6	
200	4	
201	10	
202	10	
203	10	
204	10	
205	8	
206	10	
207	5	
208	1	
209	8	
210	10	
211	1	
212	9	
213	6	
214	8	
215	7	
216	8	
217	1	
218	1	
219	4	
220	3	
221	5	
222	8	
223	8	
224	9	
225	1	
226	7	
227	2	
228	6	
229	4	
230	8	
231	8	
232	5	
233	8	
234	9	
235	6	
236	3	
237	8	
238	10	
239	6	
240	2	
241	2	
242	10	
243	2	
244	10	
245	5	
246	2	
247	7	
248	5	
249	5	
250	1	
251	2	
252	8	
253	2	
254	3	
255	4	
256	8	
257	3	
258	1	
259	8	
260	10	
261	2	
262	6	
263	4	
264	10	
265	6	
266	7	
267	5	
268	5	
269	2	
270	10	
271	9	
272	2	
273	7	
274	10	
275	8	
276	7	
277	6	
278	7	
279	6	
280	3	
281	4	
282	1	
283	6	
284	10	
285	3	
286	2	
287	10	
288	2	
289	10	
290	2	
291	5	
292	1	
293	7	
294	7	
295	8	
296	4	
297	9	
298	5	
299	1	
300	5	
301	7	
302	2	
303	7	
304	4	
305	4	
306	1	
307	10	
308	4	
309	5	
310	4	
311	5	
312	9	
313	1	
314	5	
315	7	
316	9	
317	4	
318	4	
319	7	
320	4	
321	9	
322	6	
323	1	
324	9	
325	10	
326	2	
327	7	
328	10	
329	7	
330	4	
331	7	
332	6	
333	10	
334	3	
335	3	
336	2	
337	10	
338	8	
339	9	
340	7	
341	8	
342	5	
343	3	
344	5	
345	3	
346	2	
347	7	
348	1	
349	10	
350	10	
351	1	
352	1	
353	7	
354	9	
355	5	
356	4	
357	2	
358	2	
359	4	
360	9	
361	3	
362	10	
363	2	
364	7	
365	9	
366	6	
367	6	
368	3	
369	2	
370	8	
371	1	
372	5	
373	3	
374	5	
375	7	
376	4	
377	8	
378	3	
379	9	
380	4	
381	10	
382	2	
383	5	
384	2	
385	4	
386	6	
387	8	
388	7	
389	7	
390	9	
391	8	
392	6	
393	2	
394	9	
395	9	
396	8	
397	9	
398	7	
399	9	
400	10	
401	3	
402	4	
403	1	
404	6	
405	5	
406	7	
407	1	
408	9	
409	9	
410	9	
411	10	
412	4	
413	10	
414	10	
415	8	
416	9	
417	10	
418	3	
419	1	
420	3	
421	4	
422	8	
423	8	
424	5	
425	9	
426	2	
427	7	
428	5	
429	3	
430	9	
431	4	
432	9	
433	7	
434	10	
435	6	
436	10	
437	9	
438	9	
439	5	
440	10	
441	1	
442	5	
443	9	
444	3	
445	8	
446	5	
447	6	
448	8	
449	4	
450	8	
451	6	
452	2	
453	4	
454	10	
455	9	
456	7	
457	8	
458	7	
459	6	
460	7	
461	8	
462	7	
463	10	
464	3	
465	7	
466	3	
467	9	
468	9	
469	1	
470	4	
471	9	
472	2	
473	7	
474	3	
475	9	
476	2	
477	8	
478	9	
479	2	
480	2	
481	8	
482	10	
483	4	
484	7	
485	4	
486	2	
487	3	
488	9	
489	2	
490	4	
491	8	
492	4	
493	4	
494	8	
495	4	
496	9	
497	6	
498	10	
499	5	
500	1	
501	6	
502	1	
503	8	
504	2	
505	4	
506	4	
507	2	
508	4	
509	2	
510	8	
511	7	
512	9	
513	7	
514	9	
515	10	
516	5	
517	7	
518	2	
519	6	
520	5	
521	8	
522	4	
523	9	
524	5	
525	8	
526	7	
527	8	
528	3	
529	10	
530	10	
531	6	
532	5	
533	5	
534	2	
535	10	
536	1	
537	10	
538	9	
539	7	
540	5	
541	6	
542	3	
543	10	
544	7	
545	1	
546	1	
547	6	
548	1	
549	7	
550	5	
551	1	
552	6	
553	4	
554	8	
555	6	
556	8	
557	3	
558	4	
559	9	
560	4	
561	6	
562	10	
563	5	
564	7	
565	1	
566	8	
567	8	
568	10	
569	4	
570	6	
571	9	
572	8	
573	5	
574	7	
575	4	
576	4	
577	10	
578	8	
579	6	
580	3	
581	1	
582	4	
583	2	
584	7	
585	8	
586	7	
587	3	
588	5	
589	8	
590	4	
591	8	
592	4	
593	3	
594	6	
595	3	
596	2	
597	4	
598	3	
599	5	
600	3	
601	9	
602	6	
603	3	
604	10	
605	9	
606	2	
607	9	
608	10	
609	7	
610	8	
611	7	
612	2	
613	2	
614	9	
615	3	
616	1	
617	2	
618	6	
619	3	
620	5	
621	10	
622	6	
623	4	
624	7	
625	10	
626	8	
627	1	
628	4	
629	3	
630	1	
631	5	
632	5	
633	3	
634	2	
635	7	
636	2	
637	10	
638	7	
639	2	
640	6	
641	3	
642	4	
643	1	
644	3	
645	4	
646	9	
647	10	
648	3	
649	7	
650	1	
651	4	
652	9	
653	3	
654	8	
655	4	
656	1	
657	10	
658	3	
659	5	
660	10	
661	3	
662	6	
663	1	
664	7	
665	1	
666	5	
667	6	
668	2	
669	7	
670	7	
671	2	
672	8	
673	5	
674	6	
675	2	
676	1	
677	6	
678	5	
679	1	
680	3	
681	6	
682	1	
683	5	
684	10	
685	2	
686	1	
687	10	
688	10	
689	9	
690	5	
691	2	
692	5	
693	3	
694	4	
695	6	
696	2	
697	4	
698	8	
699	3	
700	9	
701	4	
702	9	
703	6	
704	5	
705	6	
706	8	
707	3	
708	8	
709	7	
710	8	
711	7	
712	4	
713	7	
714	7	
715	1	
716	1	
717	2	
718	8	
719	7	
720	2	
721	2	
722	2	
723	7	
724	8	
725	9	
726	4	
727	7	
728	9	
729	5	
730	7	
731	10	
732	2	
733	10	
734	9	
735	9	
736	5	
737	6	
738	3	
739	4	
740	5	
741	8	
742	1	
743	6	
744	3	
745	5	
746	2	
747	7	
748	10	
749	3	
750	2	
751	2	
752	4	
753	4	
754	9	
755	8	
756	8	
757	6	
758	4	
759	3	
760	2	
761	4	
762	1	
763	2	
764	2	
765	1	
766	4	
767	1	
768	5	
769	10	
770	8	
771	5	
772	5	
773	10	
774	10	
775	9	
776	6	
777	7	
778	5	
779	2	
780	8	
781	4	
782	8	
783	3	
784	3	
785	1	
786	1	
787	9	
788	7	
789	7	
790	4	
791	6	
792	3	
793	2	
794	9	
795	6	
796	10	
797	5	
798	7	
799	5	
800	3	
801	7	
802	2	
803	8	
804	8	
805	7	
806	4	
807	2	
808	4	
809	4	
810	4	
811	2	
812	8	
813	6	
814	10	
815	3	
816	7	
817	6	
818	8	
819	2	
820	6	
821	2	
822	3	
823	2	
824	9	
825	4	
826	9	
827	1	
828	10	
829	5	
830	3	
831	5	
832	9	
833	6	
834	6	
835	7	
836	4	
837	10	
838	2	
839	2	
840	6	
841	6	
842	8	
843	10	
844	8	
845	6	
846	7	
847	7	
848	3	
849	10	
850	9	
851	3	
852	4	
853	7	
854	10	
855	5	
856	10	
857	1	
858	4	
859	10	
860	7	
861	4	
862	6	
863	8	
864	7	
865	10	
866	3	
867	10	
868	3	
869	8	
870	10	
871	5	
872	5	
873	2	
874	2	
875	5	
876	3	
877	5	
878	6	
879	10	
880	8	
881	2	
882	7	
883	6	
884	7	
885	8	
886	6	
887	8	
888	7	
889	4	
890	1	
891	5	
892	6	
893	9	
894	3	
895	8	
896	6	
897	1	
898	1	
899	2	
900	10	
901	7	
902	9	
903	7	
904	10	
905	1	
906	6	
907	8	
908	4	
909	9	
910	3	
911	8	
912	1	
913	5	
914	3	
915	10	
916	8	
917	6	
918	10	
919	7	
920	8	
921	1	
922	3	
923	1	
924	1	
925	5	
926	9	
927	9	
928	5	
929	2	
930	1	
931	10	
932	8	
933	10	
934	10	
935	2	
936	9	
937	3	
938	7	
939	6	
940	8	
941	10	
942	9	
943	2	
944	6	
945	9	
946	5	
947	7	
948	1	
949	8	
950	10	
951	9	
952	3	
953	1	
954	1	
955	7	
956	9	
957	8	
958	10	
959	7	
960	1	
961	4	
962	2	
963	10	
964	7	
965	6	
966	4	
967	1	
968	9	
969	1	
970	4	
971	9	
972	4	
973	4	
974	3	
975	1	
976	6	
977	3	
978	4	
979	2	
980	2	
981	8	
982	3	
983	2	
984	7	
985	8	
986	5	
987	9	
988	1	
989	5	
990	6	
991	7	
992	9	
993	1	
994	6	
995	5	
996	8	
997	8	
998	6	
999	3	
1000	9	
1001	2	
1002	5	
1003	6	
1004	8	
1005	10	
1006	2	
1007	2	
1008	10	
1009	10	
1010	5	
1011	6	
1012	9	
1013	3	
1014	4	
1015	1	
1016	5	
1017	5	
1018	6	
1019	2	
1020	2	
1021	7	
1022	5	
1023	10	
1024	5	
1025	4	
1026	2	
1027	2	
1028	10	
1029	3	
1030	10	
1031	9	
1032	9	
1033	7	
1034	5	
1035	2	
1036	1	
1037	2	
1038	9	
1039	8	
1040	7	
1041	5	
1042	10	
1043	1	
1044	9	
1045	6	
1046	6	
1047	6	
1048	4	
1049	10	
1050	5	
1051	1	
1052	7	
1053	2	
1054	6	
1055	5	
1056	2	
1057	10	
1058	9	
1059	10	
1060	2	
1061	3	
1062	3	
1063	10	
1064	6	
1065	1	
1066	4	
1067	7	
1068	2	
1069	5	
1070	6	
1071	7	
1072	2	
1073	2	
1074	2	
1075	4	
1076	5	
1077	8	
1078	4	
1079	1	
1080	1	
1081	5	
1082	1	
1083	5	
1084	4	
1085	9	
1086	4	
1087	5	
1088	5	
1089	2	
1090	8	
1091	3	
1092	10	
1093	3	
1094	10	
1095	6	
1096	9	
1097	2	
1098	2	
1099	10	
1100	2	
1101	9	
1102	10	
1103	8	
1104	9	
1105	8	
1106	10	
1107	10	
1108	10	
1109	5	
1110	2	
1111	2	
1112	8	
1113	8	
1114	6	
1115	1	
1116	2	
1117	3	
1118	3	
1119	8	
1120	6	
1121	2	
1122	5	
1123	8	
1124	9	
1125	6	
1126	4	
1127	8	
1128	9	
1129	1	
1130	7	
1131	2	
1132	6	
1133	9	
1134	4	
1135	8	
1136	9	
1137	10	
1138	9	
1139	7	
1140	1	
1141	6	
1142	3	
1143	9	
1144	6	
1145	9	
1146	5	
1147	4	
1148	8	
1149	3	
1150	4	
1151	7	
1152	2	
1153	7	
1154	7	
1155	6	
1156	6	
1157	10	
1158	2	
1159	7	
1160	10	
1161	9	
1162	5	
1163	5	
1164	2	
1165	3	
1166	10	
1167	7	
1168	3	
1169	2	
1170	6	
1171	8	
1172	10	
1173	10	
1174	6	
1175	2	
1176	6	
1177	9	
1178	7	
1179	2	
1180	2	
1181	4	
1182	2	
1183	5	
1184	2	
1185	2	
1186	3	
1187	10	
1188	2	
1189	2	
1190	6	
1191	5	
1192	1	
1193	5	
1194	8	
1195	10	
1196	2	
1197	3	
1198	3	
1199	4	
1200	7	
1201	5	
1202	1	
1203	4	
1204	2	
1205	2	
1206	5	
1207	8	
1208	1	
1209	6	
1210	8	
1211	3	
1212	7	
1213	2	
1214	6	
1215	9	
1216	1	
1217	9	
1218	4	
1219	3	
1220	10	
1221	1	
1222	2	
1223	1	
1224	3	
1225	4	
1226	4	
1227	9	
1228	9	
1229	5	
1230	10	
1231	10	
1232	6	
1233	2	
1234	7	
1235	2	
1236	2	
1237	10	
1238	3	
1239	10	
1240	9	
1241	8	
1242	3	
1243	4	
1244	10	
1245	10	
1246	10	
1247	6	
1248	4	
1249	8	
1250	3	
1251	1	
1252	2	
1253	6	
1254	5	
1255	10	
1256	9	
1257	4	
1258	1	
1259	4	
1260	5	
1261	9	
1262	6	
1263	2	
1264	7	
1265	2	
1266	1	
1267	1	
1268	6	
1269	3	
1270	7	
1271	2	
1272	7	
1273	6	
1274	9	
1275	3	
1276	5	
1277	9	
1278	9	
1279	6	
1280	1	
1281	2	
1282	4	
1283	3	
1284	4	
1285	4	
1286	9	
1287	9	
1288	2	
1289	3	
1290	6	
1291	1	
1292	6	
1293	7	
1294	6	
1295	7	
1296	8	
1297	10	
1298	2	
1299	5	
1300	9	
1301	4	
1302	10	
1303	3	
1304	10	
1305	8	
1306	9	
1307	4	
1308	5	
1309	4	
1310	6	
1311	3	
1312	7	
1313	9	
1314	2	
1315	8	
1316	9	
1317	7	
1318	4	
1319	3	
1320	10	
1321	10	
1322	3	
1323	4	
1324	6	
1325	8	
1326	4	
1327	3	
1328	4	
1329	1	
1330	1	
1331	7	
1332	2	
1333	7	
1334	3	
1335	6	
1336	6	
1337	10	
1338	4	
1339	3	
1340	8	
1341	3	
1342	4	
1343	10	
1344	3	
1345	3	
1346	6	
1347	6	
1348	7	
1349	2	
1350	4	
1351	8	
1352	4	
1353	1	
1354	9	
1355	3	
1356	7	
1357	5	
1358	5	
1359	5	
1360	9	
1361	7	
1362	2	
1363	4	
1364	2	
1365	2	
1366	10	
1367	6	
1368	5	
1369	4	
1370	3	
1371	4	
1372	6	
1373	7	
1374	3	
1375	3	
1376	7	
1377	3	
1378	10	
1379	6	
1380	9	
1381	6	
1382	1	
1383	3	
1384	6	
1385	1	
1386	7	
1387	1	
1388	2	
1389	4	
1390	8	
1391	8	
1392	5	
1393	8	
1394	1	
1395	7	
1396	6	
1397	5	
1398	2	
1399	7	
1400	1	
1401	8	
1402	4	
1403	6	
1404	5	
1405	3	
1406	2	
1407	9	
1408	8	
1409	6	
1410	5	
1411	5	
1412	3	
1413	3	
1414	2	
1415	9	
1416	5	
1417	8	
1418	1	
1419	1	
1420	9	
1421	6	
1422	1	
1423	8	
1424	6	
1425	7	
1426	1	
1427	6	
1428	8	
1429	7	
1430	10	
1431	8	
1432	4	
1433	7	
1434	9	
1435	9	
1436	1	
1437	7	
1438	8	
1439	10	
1440	1	
1441	7	
1442	6	
1443	8	
1444	9	
1445	6	
1446	1	
1447	8	
1448	9	
1449	10	
1450	6	
1451	7	
1452	5	
1453	6	
1454	1	
1455	6	
1456	4	
1457	4	
1458	2	
1459	6	
1460	3	
1461	7	
1462	6	
1463	2	
1464	2	
1465	3	
1466	7	
1467	7	
1468	5	
1469	3	
1470	1	
1471	8	
1472	1	
1473	7	
1474	8	
1475	8	
1476	4	
1477	2	
1478	5	
1479	9	
1480	8	
1481	6	
1482	9	
1483	4	
1484	3	
1485	3	
1486	1	
1487	9	
1488	3	
1489	1	
1490	6	
1491	2	
1492	8	
1493	7	
1494	7	
1495	10	
1496	8	
1497	4	
1498	2	
1499	5	
1500	5	
1501	7	
1502	9	
1503	8	
1504	3	
1505	8	
1506	4	
1507	3	
1508	1	
1509	6	
1510	7	
1511	10	
1512	4	
1513	3	
1514	5	
1515	1	
1516	5	
1517	7	
1518	6	
1519	10	
1520	10	
1521	2	
1522	6	
1523	8	
1524	5	
1525	6	
1526	6	
1527	3	
1528	10	
1529	9	
1530	8	
1531	9	
1532	5	
1533	7	
1534	2	
1535	5	
1536	5	
1537	5	
1538	10	
1539	6	
1540	3	
1541	5	
1542	1	
1543	7	
1544	5	
1545	8	
1546	2	
1547	9	
1548	10	
1549	3	
1550	3	
1551	2	
1552	6	
1553	7	
1554	7	
1555	2	
1556	5	
1557	1	
1558	5	
1559	3	
1560	1	
1561	7	
1562	9	
1563	3	
1564	8	
1565	9	
1566	3	
1567	8	
1568	4	
1569	5	
1570	3	
1571	4	
1572	5	
1573	3	
1574	4	
1575	4	
1576	6	
1577	6	
1578	1	
1579	2	
1580	7	
1581	8	
1582	8	
1583	9	
1584	7	
1585	5	
1586	1	
1587	8	
1588	3	
1589	3	
1590	5	
1591	1	
1592	6	
1593	5	
1594	7	
1595	9	
1596	1	
1597	2	
1598	9	
1599	4	
1600	5	
1601	9	
1602	6	
1603	1	
1604	3	
1605	9	
1606	7	
1607	4	
1608	7	
1609	1	
1610	5	
1611	9	
1612	4	
1613	1	
1614	8	
1615	6	
1616	8	
1617	2	
1618	9	
1619	10	
1620	8	
1621	8	
1622	10	
1623	6	
1624	5	
1625	2	
1626	7	
1627	7	
1628	9	
1629	4	
1630	10	
1631	5	
1632	3	
1633	6	
1634	5	
1635	4	
1636	8	
1637	10	
1638	6	
1639	2	
1640	8	
1641	8	
1642	4	
1643	7	
1644	8	
1645	7	
1646	8	
1647	10	
1648	10	
1649	6	
1650	8	
1651	2	
1652	3	
1653	7	
1654	2	
1655	8	
1656	1	
1657	3	
1658	5	
1659	6	
1660	3	
1661	10	
1662	5	
1663	6	
1664	4	
1665	10	
1666	5	
1667	6	
1668	5	
1669	6	
1670	8	
1671	7	
1672	10	
1673	2	
1674	10	
1675	9	
1676	10	
1677	10	
1678	8	
1679	5	
1680	10	
1681	4	
1682	7	
1683	9	
1684	4	
1685	5	
1686	7	
1687	4	
1688	5	
1689	4	
1690	9	
1691	4	
1692	10	
1693	9	
1694	9	
1695	10	
1696	5	
1697	8	
1698	3	
1699	4	
1700	7	
1701	4	
1702	8	
1703	10	
1704	7	
1705	2	
1706	6	
1707	9	
1708	9	
1709	1	
1710	1	
1711	4	
1712	6	
1713	6	
1714	2	
1715	5	
1716	8	
1717	7	
1718	9	
1719	3	
1720	3	
1721	4	
1722	2	
1723	7	
1724	8	
1725	5	
1726	9	
1727	10	
1728	9	
1729	5	
1730	4	
1731	5	
1732	7	
1733	9	
1734	1	
1735	4	
1736	5	
1737	6	
1738	4	
1739	10	
1740	8	
1741	3	
1742	10	
1743	2	
1744	9	
1745	10	
1746	8	
1747	9	
1748	6	
1749	5	
1750	10	
1751	9	
1752	6	
1753	6	
1754	8	
1755	4	
1756	10	
1757	5	
1758	1	
1759	4	
1760	6	
1761	7	
1762	7	
1763	5	
1764	7	
1765	2	
1766	6	
1767	3	
1768	6	
1769	9	
1770	2	
1771	9	
1772	7	
1773	2	
1774	6	
1775	2	
1776	4	
1777	10	
1778	10	
1779	3	
1780	4	
1781	4	
1782	7	
1783	9	
1784	6	
1785	2	
1786	5	
1787	5	
1788	3	
1789	4	
1790	8	
1791	7	
1792	6	
1793	7	
1794	10	
1795	4	
1796	8	
1797	8	
1798	7	
1799	3	
1800	8	
1801	10	
1802	3	
1803	6	
1804	3	
1805	1	
1806	8	
1807	3	
1808	2	
1809	8	
1810	10	
1811	10	
1812	3	
1813	1	
1814	3	
1815	5	
1816	1	
1817	1	
1818	3	
1819	8	
1820	7	
1821	10	
1822	9	
1823	4	
1824	3	
1825	10	
1826	6	
1827	6	
1828	5	
1829	9	
1830	7	
1831	7	
1832	8	
1833	1	
1834	10	
1835	3	
1836	9	
1837	1	
1838	10	
1839	7	
1840	6	
1841	3	
1842	9	
1843	8	
1844	8	
1845	10	
1846	6	
1847	1	
1848	7	
1849	4	
1850	4	
1851	3	
1852	1	
1853	2	
1854	9	
1855	1	
1856	7	
1857	2	
1858	4	
1859	8	
1860	6	
1861	10	
1862	3	
1863	5	
1864	4	
1865	10	
1866	2	
1867	7	
1868	4	
1869	7	
1870	5	
1871	3	
1872	6	
1873	7	
1874	3	
1875	5	
1876	4	
1877	5	
1878	1	
1879	5	
1880	1	
1881	8	
1882	5	
1883	4	
1884	2	
1885	9	
1886	2	
1887	10	
1888	4	
1889	8	
1890	10	
1891	4	
1892	6	
1893	4	
1894	9	
1895	7	
1896	2	
1897	3	
1898	6	
1899	6	
1900	4	
1901	2	
1902	8	
1903	8	
1904	7	
1905	5	
1906	4	
1907	9	
1908	8	
1909	4	
1910	9	
1911	1	
1912	4	
1913	3	
1914	2	
1915	4	
1916	7	
1917	10	
1918	9	
1919	7	
1920	3	
1921	2	
1922	7	
1923	3	
1924	8	
1925	7	
1926	2	
1927	3	
1928	3	
1929	2	
1930	2	
1931	10	
1932	8	
1933	4	
1934	5	
1935	10	
1936	2	
1937	8	
1938	10	
1939	3	
1940	4	
1941	6	
1942	1	
1943	9	
1944	7	
1945	4	
1946	1	
1947	5	
1948	4	
1949	8	
1950	5	
1951	1	
1952	8	
1953	8	
1954	8	
1955	7	
1956	10	
1957	10	
1958	3	
1959	5	
1960	3	
1961	1	
1962	9	
1963	6	
1964	1	
1965	2	
1966	1	
1967	6	
1968	7	
1969	4	
1970	4	
1971	8	
1972	5	
1973	10	
1974	9	
1975	2	
1976	7	
1977	4	
1978	9	
1979	8	
1980	4	
1981	3	
1982	4	
1983	5	
1984	7	
1985	6	
1986	2	
1987	1	
1988	3	
1989	2	
1990	7	
1991	2	
1992	8	
1993	9	
1994	4	
1995	3	
1996	5	
1997	1	
1998	5	
1999	3	
2000	7	
2001	10	
2002	1	
2003	1	
2004	4	
2005	4	
2006	10	
2007	5	
2008	9	
2009	6	
2010	8	
2011	9	
2012	2	
2013	10	
2014	10	
2015	9	
2016	3	
2017	8	
2018	3	
2019	3	
2020	10	
2021	8	
2022	1	
2023	2	
2024	2	
2025	4	
2026	8	
2027	8	
2028	2	
2029	5	
2030	2	
2031	4	
2032	5	
2033	1	
2034	4	
2035	5	
2036	5	
2037	3	
2038	9	
2039	6	
2040	5	
2041	3	
2042	4	
2043	9	
2044	9	
2045	8	
2046	7	
2047	10	
2048	4	
2049	4	
2050	6	
2051	5	
2052	4	
2053	7	
2054	7	
2055	6	
2056	1	
2057	3	
2058	10	
2059	2	
2060	6	
2061	3	
2062	5	
2063	8	
2064	3	
2065	1	
2066	6	
2067	2	
2068	9	
2069	10	
2070	7	
2071	6	
2072	6	
2073	5	
2074	2	
2075	9	
2076	2	
2077	9	
2078	5	
2079	1	
2080	4	
2081	1	
2082	4	
2083	5	
2084	10	
2085	5	
2086	8	
2087	8	
2088	1	
2089	5	
2090	6	
2091	7	
2092	5	
2093	2	
2094	2	
2095	5	
2096	10	
2097	5	
2098	2	
2099	5	
2100	9	
2101	8	
2102	7	
2103	10	
2104	3	
2105	9	
2106	3	
2107	10	
2108	3	
2109	6	
2110	4	
2111	7	
2112	7	
2113	4	
2114	9	
2115	3	
2116	4	
2117	3	
2118	1	
2119	7	
2120	7	
2121	2	
2122	3	
2123	4	
2124	3	
2125	8	
2126	4	
2127	6	
2128	10	
2129	8	
2130	2	
2131	5	
2132	10	
2133	1	
2134	5	
2135	1	
2136	6	
2137	4	
2138	3	
2139	1	
2140	1	
2141	4	
2142	3	
2143	6	
2144	1	
2145	3	
2146	7	
2147	10	
2148	1	
2149	2	
2150	1	
2151	5	
2152	8	
2153	5	
2154	10	
2155	6	
2156	1	
2157	2	
2158	8	
2159	10	
2160	7	
2161	9	
2162	10	
2163	4	
2164	7	
2165	6	
2166	8	
2167	3	
2168	6	
2169	4	
2170	1	
2171	4	
2172	7	
2173	10	
2174	8	
2175	3	
2176	3	
2177	9	
2178	7	
2179	4	
2180	4	
2181	8	
2182	2	
2183	8	
2184	8	
2185	9	
2186	3	
2187	4	
2188	9	
2189	10	
2190	10	
2191	5	
2192	7	
2193	9	
2194	1	
2195	3	
2196	10	
2197	4	
2198	3	
2199	1	
2200	6	
2201	2	
2202	2	
2203	4	
2204	1	
2205	5	
2206	8	
2207	3	
2208	3	
2209	9	
2210	1	
2211	7	
2212	6	
2213	10	
2214	3	
2215	2	
2216	4	
2217	8	
2218	9	
2219	9	
2220	10	
2221	2	
2222	5	
2223	2	
2224	6	
2225	6	
2226	7	
2227	6	
2228	4	
2229	6	
2230	8	
2231	2	
2232	4	
2233	9	
2234	3	
2235	4	
2236	10	
2237	9	
2238	10	
2239	10	
2240	10	
2241	10	
2242	3	
2243	4	
2244	10	
2245	7	
2246	7	
2247	10	
2248	5	
2249	9	
2250	1	
2251	9	
2252	4	
2253	10	
2254	10	
2255	2	
2256	4	
2257	3	
2258	5	
2259	1	
2260	6	
2261	4	
2262	8	
2263	5	
2264	9	
2265	10	
2266	2	
2267	1	
2268	5	
2269	5	
2270	10	
2271	1	
2272	1	
2273	6	
2274	6	
2275	6	
2276	8	
2277	6	
2278	4	
2279	3	
2280	2	
2281	3	
2282	7	
2283	7	
2284	6	
2285	2	
2286	10	
2287	8	
2288	2	
2289	1	
2290	3	
2291	4	
2292	4	
2293	9	
2294	4	
2295	5	
2296	4	
2297	6	
2298	2	
2299	7	
2300	7	
2301	8	
2302	3	
2303	4	
2304	2	
2305	10	
2306	8	
2307	10	
2308	5	
2309	2	
2310	4	
2311	2	
2312	8	
2313	9	
2314	4	
2315	10	
2316	4	
2317	3	
2318	4	
2319	7	
2320	3	
2321	4	
2322	7	
2323	10	
2324	1	
2325	8	
2326	9	
2327	10	
2328	2	
2329	1	
2330	8	
2331	9	
2332	3	
2333	7	
2334	4	
2335	5	
2336	4	
2337	7	
2338	9	
2339	5	
2340	8	
2341	1	
2342	5	
2343	10	
2344	3	
2345	8	
2346	2	
2347	6	
2348	2	
2349	3	
2350	2	
2351	7	
2352	3	
2353	5	
2354	10	
2355	4	
2356	4	
2357	7	
2358	4	
2359	9	
2360	4	
2361	10	
2362	8	
2363	2	
2364	5	
2365	5	
2366	9	
2367	6	
2368	10	
2369	2	
2370	1	
2371	8	
2372	9	
2373	10	
2374	7	
2375	5	
2376	6	
2377	10	
2378	7	
2379	4	
2380	6	
2381	6	
2382	7	
2383	7	
2384	7	
2385	7	
2386	9	
2387	9	
2388	4	
2389	10	
2390	7	
2391	7	
2392	8	
2393	4	
2394	1	
2395	2	
2396	4	
2397	8	
2398	9	
2399	1	
2400	6	
2401	4	
2402	8	
2403	1	
2404	5	
2405	2	
2406	8	
2407	8	
2408	2	
2409	10	
2410	7	
2411	9	
2412	1	
2413	9	
2414	8	
2415	2	
2416	6	
2417	7	
2418	1	
2419	10	
2420	2	
2421	9	
2422	8	
2423	2	
2424	9	
2425	9	
2426	4	
2427	8	
2428	3	
2429	2	
2430	2	
2431	8	
2432	1	
2433	9	
2434	3	
2435	3	
2436	3	
2437	1	
2438	3	
2439	8	
2440	7	
2441	9	
2442	10	
2443	3	
2444	4	
2445	7	
2446	5	
2447	2	
2448	7	
2449	4	
2450	7	
2451	10	
2452	2	
2453	3	
2454	6	
2455	1	
2456	4	
2457	6	
2458	10	
2459	9	
2460	10	
2461	2	
2462	4	
2463	5	
2464	2	
2465	10	
2466	10	
2467	9	
2468	7	
2469	10	
2470	6	
2471	7	
2472	4	
2473	4	
2474	6	
2475	1	
2476	6	
2477	9	
2478	5	
2479	6	
2480	10	
2481	8	
2482	5	
2483	1	
2484	5	
2485	7	
2486	9	
2487	9	
2488	6	
2489	4	
2490	8	
2491	6	
2492	6	
2493	8	
2494	3	
2495	10	
2496	6	
2497	6	
2498	1	
2499	1	
2500	6	
2501	10	
2502	9	
2503	2	
2504	8	
2505	8	
2506	2	
2507	4	
2508	8	
2509	8	
2510	1	
2511	5	
2512	4	
2513	6	
2514	4	
2515	9	
2516	10	
2517	9	
2518	2	
2519	9	
2520	8	
2521	6	
2522	10	
2523	2	
2524	2	
2525	4	
2526	5	
2527	6	
2528	8	
2529	1	
2530	1	
2531	8	
2532	6	
2533	6	
2534	3	
2535	4	
2536	8	
2537	7	
2538	7	
2539	1	
2540	8	
2541	2	
2542	6	
2543	8	
2544	2	
2545	7	
2546	9	
2547	7	
2548	5	
2549	6	
2550	1	
2551	5	
2552	6	
2553	5	
2554	7	
2555	1	
2556	6	
2557	6	
2558	8	
2559	5	
2560	8	
2561	4	
2562	5	
2563	9	
2564	5	
2565	1	
2566	2	
2567	4	
2568	5	
2569	3	
2570	7	
2571	3	
2572	9	
2573	2	
2574	3	
2575	2	
2576	9	
2577	7	
2578	7	
2579	1	
2580	1	
2581	7	
2582	2	
2583	6	
2584	6	
2585	1	
2586	8	
2587	6	
2588	5	
2589	8	
2590	4	
2591	2	
2592	3	
2593	6	
2594	6	
2595	1	
2596	1	
2597	3	
2598	2	
2599	1	
2600	5	
2601	3	
2602	3	
2603	10	
2604	2	
2605	7	
2606	10	
2607	1	
2608	6	
2609	3	
2610	8	
2611	2	
2612	1	
2613	5	
2614	8	
2615	7	
2616	5	
2617	9	
2618	1	
2619	2	
2620	3	
2621	3	
2622	7	
2623	6	
2624	10	
2625	1	
2626	1	
2627	6	
2628	10	
2629	5	
2630	2	
2631	1	
2632	5	
2633	1	
2634	8	
2635	5	
2636	9	
2637	10	
2638	10	
2639	8	
2640	9	
2641	10	
2642	7	
2643	8	
2644	10	
2645	4	
2646	1	
2647	2	
2648	1	
2649	6	
2650	1	
2651	5	
2652	6	
2653	9	
2654	10	
2655	7	
2656	3	
2657	4	
2658	1	
2659	9	
2660	2	
2661	8	
2662	5	
2663	1	
2664	6	
2665	6	
2666	9	
2667	5	
2668	1	
2669	6	
2670	4	
2671	2	
2672	3	
2673	3	
2674	1	
2675	1	
2676	9	
2677	9	
2678	1	
2679	5	
2680	6	
2681	10	
2682	3	
2683	10	
2684	8	
2685	7	
2686	1	
2687	2	
2688	5	
2689	5	
2690	4	
2691	7	
2692	1	
2693	6	
2694	5	
2695	6	
2696	10	
2697	4	
2698	8	
2699	7	
2700	9	
2701	3	
2702	4	
2703	7	
2704	3	
2705	3	
2706	2	
2707	2	
2708	8	
2709	1	
2710	8	
2711	9	
2712	7	
2713	8	
2714	4	
2715	4	
2716	3	
2717	6	
2718	5	
2719	10	
2720	9	
2721	2	
2722	7	
2723	1	
2724	1	
2725	4	
2726	7	
2727	10	
2728	10	
2729	1	
2730	8	
2731	10	
2732	8	
2733	8	
2734	1	
2735	2	
2736	9	
2737	2	
2738	6	
2739	2	
2740	6	
2741	5	
2742	4	
2743	2	
2744	9	
2745	9	
2746	5	
2747	8	
2748	2	
2749	10	
2750	9	
2751	7	
2752	6	
2753	9	
2754	5	
2755	2	
2756	3	
2757	3	
2758	2	
2759	10	
2760	9	
2761	4	
2762	2	
2763	4	
2764	3	
2765	10	
2766	10	
2767	8	
2768	8	
2769	9	
2770	5	
2771	10	
2772	8	
2773	6	
2774	3	
2775	8	
2776	10	
2777	4	
2778	8	
2779	9	
2780	9	
2781	2	
2782	9	
2783	8	
2784	3	
2785	8	
2786	8	
2787	8	
2788	3	
2789	2	
2790	3	
2791	8	
2792	4	
2793	4	
2794	1	
2795	8	
2796	8	
2797	1	
2798	10	
2799	10	
2800	9	
2801	3	
2802	1	
2803	1	
2804	2	
2805	4	
2806	10	
2807	8	
2808	3	
2809	10	
2810	8	
2811	5	
2812	8	
2813	3	
2814	10	
2815	8	
2816	2	
2817	7	
2818	5	
2819	6	
2820	10	
2821	10	
2822	2	
2823	10	
2824	9	
2825	6	
2826	2	
2827	7	
2828	8	
2829	6	
2830	8	
2831	9	
2832	2	
2833	6	
2834	6	
2835	9	
2836	9	
2837	5	
2838	2	
2839	1	
2840	9	
2841	1	
2842	10	
2843	1	
2844	2	
2845	1	
2846	3	
2847	8	
2848	8	
2849	6	
2850	3	
2851	9	
2852	1	
2853	7	
2854	8	
2855	4	
2856	3	
2857	3	
2858	5	
2859	9	
2860	8	
2861	8	
2862	4	
2863	7	
2864	4	
2865	7	
2866	7	
2867	3	
2868	4	
2869	2	
2870	9	
2871	2	
2872	7	
2873	10	
2874	8	
2875	4	
2876	8	
2877	5	
2878	8	
2879	9	
2880	8	
2881	7	
2882	9	
2883	1	
2884	4	
2885	6	
2886	4	
2887	1	
2888	7	
2889	7	
2890	10	
2891	9	
2892	1	
2893	4	
2894	5	
2895	9	
2896	9	
2897	6	
2898	10	
2899	8	
2900	10	
2901	3	
2902	8	
2903	8	
2904	9	
2905	8	
2906	1	
2907	10	
2908	5	
2909	4	
2910	2	
2911	9	
2912	2	
2913	9	
2914	7	
2915	9	
2916	6	
2917	2	
2918	10	
2919	4	
2920	4	
2921	3	
2922	10	
2923	8	
2924	10	
2925	1	
2926	6	
2927	4	
2928	3	
2929	5	
2930	4	
2931	10	
2932	4	
2933	3	
2934	10	
2935	10	
2936	4	
2937	5	
2938	10	
2939	4	
2940	2	
2941	1	
2942	5	
2943	7	
2944	1	
2945	10	
2946	8	
2947	10	
2948	2	
2949	1	
2950	3	
2951	2	
2952	5	
2953	10	
2954	1	
2955	8	
2956	3	
2957	9	
2958	9	
2959	8	
2960	6	
2961	6	
2962	2	
2963	10	
2964	8	
2965	8	
2966	10	
2967	4	
2968	1	
2969	2	
2970	10	
2971	7	
2972	4	
2973	5	
2974	1	
2975	2	
2976	4	
2977	5	
2978	9	
2979	3	
2980	2	
2981	6	
2982	10	
2983	6	
2984	8	
2985	4	
2986	10	
2987	10	
2988	2	
2989	5	
2990	7	
2991	2	
2992	8	
2993	2	
2994	10	
2995	2	
2996	7	
2997	2	
2998	4	
2999	8	
3000	8	
3001	10	
3002	2	
3003	4	
3004	3	
3005	8	
3006	2	
3007	5	
3008	6	
3009	1	
3010	1	
3011	5	
3012	1	
3013	10	
3014	6	
3015	5	
3016	8	
3017	4	
3018	9	
3019	6	
3020	6	
3021	2	
3022	9	
3023	1	
3024	3	
3025	2	
3026	9	
3027	4	
3028	2	
3029	4	
3030	1	
3031	6	
3032	6	
3033	8	
3034	2	
3035	8	
3036	5	
3037	9	
3038	2	
3039	5	
3040	4	
3041	6	
3042	5	
3043	2	
3044	5	
3045	2	
3046	4	
3047	5	
3048	10	
3049	10	
3050	4	
3051	4	
3052	7	
3053	2	
3054	6	
3055	8	
3056	2	
3057	3	
3058	8	
3059	6	
3060	9	
3061	3	
3062	8	
3063	5	
3064	7	
3065	10	
3066	5	
3067	1	
3068	10	
3069	9	
3070	7	
3071	4	
3072	2	
3073	9	
3074	5	
3075	7	
3076	10	
3077	5	
3078	4	
3079	4	
3080	4	
3081	2	
3082	2	
3083	8	
3084	9	
3085	10	
3086	9	
3087	4	
3088	8	
3089	6	
3090	5	
3091	9	
3092	9	
3093	4	
3094	2	
3095	5	
3096	3	
3097	7	
3098	4	
3099	6	
3100	9	
3101	2	
3102	5	
3103	5	
3104	1	
3105	9	
3106	2	
3107	1	
3108	2	
3109	5	
3110	1	
3111	3	
3112	5	
3113	2	
3114	2	
3115	8	
3116	5	
3117	7	
3118	10	
3119	7	
3120	3	
3121	1	
3122	9	
3123	6	
3124	7	
3125	2	
3126	8	
3127	3	
3128	4	
3129	8	
3130	9	
3131	10	
3132	8	
3133	7	
3134	8	
3135	1	
3136	10	
3137	9	
3138	3	
3139	4	
3140	1	
3141	9	
3142	2	
3143	8	
3144	6	
3145	10	
3146	1	
3147	8	
3148	10	
3149	9	
3150	2	
3151	2	
3152	8	
3153	1	
3154	7	
3155	10	
3156	10	
3157	9	
3158	10	
3159	4	
3160	10	
3161	3	
3162	1	
3163	3	
3164	2	
3165	4	
3166	9	
3167	4	
3168	2	
3169	6	
3170	4	
3171	9	
3172	9	
3173	10	
3174	6	
3175	7	
3176	6	
3177	4	
3178	6	
3179	3	
3180	10	
3181	9	
3182	8	
3183	2	
3184	8	
3185	1	
3186	2	
3187	8	
3188	3	
3189	6	
3190	7	
3191	4	
3192	3	
3193	4	
3194	5	
3195	2	
3196	4	
3197	5	
3198	10	
3199	5	
3200	5	
3201	2	
3202	6	
3203	1	
3204	2	
3205	10	
3206	1	
3207	4	
3208	10	
3209	4	
3210	1	
3211	8	
3212	2	
3213	9	
3214	4	
3215	9	
3216	2	
3217	3	
3218	3	
3219	1	
3220	10	
3221	2	
3222	10	
3223	6	
3224	7	
3225	4	
3226	10	
3227	10	
3228	6	
3229	2	
3230	4	
3231	7	
3232	10	
3233	9	
3234	10	
3235	1	
3236	8	
3237	10	
3238	6	
3239	5	
3240	2	
3241	6	
3242	7	
3243	9	
3244	1	
3245	3	
3246	9	
3247	8	
3248	6	
3249	3	
3250	4	
3251	3	
3252	6	
3253	8	
3254	7	
3255	9	
3256	10	
3257	7	
3258	7	
3259	6	
3260	7	
3261	2	
3262	4	
3263	4	
3264	10	
3265	8	
3266	5	
3267	9	
3268	4	
3269	3	
3270	4	
3271	1	
3272	3	
3273	1	
3274	1	
3275	7	
3276	4	
3277	9	
3278	8	
3279	10	
3280	1	
3281	7	
3282	4	
3283	6	
3284	2	
3285	5	
3286	5	
3287	2	
3288	5	
3289	3	
3290	10	
3291	5	
3292	4	
3293	8	
3294	4	
3295	1	
3296	7	
3297	7	
3298	8	
3299	10	
3300	10	
3301	4	
3302	9	
3303	10	
3304	8	
3305	9	
3306	2	
3307	3	
3308	7	
3309	3	
3310	2	
3311	6	
3312	8	
3313	1	
3314	4	
3315	1	
3316	10	
3317	5	
3318	1	
3319	6	
3320	4	
3321	9	
3322	4	
3323	3	
3324	10	
3325	5	
3326	9	
3327	1	
3328	3	
3329	7	
3330	9	
3331	9	
3332	3	
3333	2	
3334	6	
3335	1	
3336	9	
3337	9	
3338	1	
3339	4	
3340	7	
3341	8	
3342	2	
3343	1	
3344	10	
3345	7	
3346	9	
3347	4	
3348	5	
3349	8	
3350	4	
3351	1	
3352	4	
3353	9	
3354	6	
3355	3	
3356	2	
3357	8	
3358	8	
3359	7	
3360	2	
3361	10	
3362	1	
3363	8	
3364	10	
3365	9	
3366	8	
3367	6	
3368	3	
3369	2	
3370	10	
3371	6	
3372	5	
3373	10	
3374	2	
3375	5	
3376	2	
3377	8	
3378	1	
3379	2	
3380	8	
3381	1	
3382	6	
3383	1	
3384	6	
3385	5	
3386	1	
3387	6	
3388	6	
3389	8	
3390	7	
3391	10	
3392	4	
3393	2	
3394	7	
3395	1	
3396	3	
3397	8	
3398	6	
3399	10	
3400	1	
3401	8	
3402	2	
3403	4	
3404	9	
3405	1	
3406	3	
3407	10	
3408	4	
3409	2	
3410	9	
3411	3	
3412	4	
3413	4	
3414	6	
3415	6	
3416	4	
3417	5	
3418	7	
3419	10	
3420	7	
3421	1	
3422	9	
3423	6	
3424	1	
3425	8	
3426	1	
3427	5	
3428	5	
3429	4	
3430	3	
3431	9	
3432	6	
3433	10	
3434	8	
3435	1	
3436	4	
3437	6	
3438	10	
3439	4	
3440	9	
3441	3	
3442	6	
3443	3	
3444	8	
3445	2	
3446	5	
3447	9	
3448	7	
3449	9	
3450	5	
3451	8	
3452	6	
3453	7	
3454	6	
3455	8	
3456	4	
3457	9	
3458	4	
3459	2	
3460	9	
3461	5	
3462	2	
3463	1	
3464	7	
3465	5	
3466	10	
3467	8	
3468	9	
3469	2	
3470	3	
3471	4	
3472	4	
3473	8	
3474	4	
3475	9	
3476	10	
3477	7	
3478	7	
3479	6	
3480	10	
3481	4	
3482	4	
3483	3	
3484	1	
3485	9	
3486	4	
3487	1	
3488	1	
3489	6	
3490	9	
3491	4	
3492	6	
3493	6	
3494	1	
3495	4	
3496	10	
3497	5	
3498	5	
3499	3	
3500	7	
3501	10	
3502	5	
3503	6	
3504	1	
3505	5	
3506	5	
3507	2	
3508	3	
3509	3	
3510	10	
3511	10	
3512	5	
3513	4	
3514	6	
3515	8	
3516	5	
3517	1	
3518	7	
3519	2	
3520	8	
3521	6	
3522	7	
3523	2	
3524	6	
3525	4	
3526	6	
3527	9	
3528	6	
3529	9	
3530	10	
3531	3	
3532	7	
3533	7	
3534	7	
3535	1	
3536	5	
3537	6	
3538	9	
3539	3	
3540	6	
3541	5	
3542	9	
3543	9	
3544	5	
3545	7	
3546	2	
3547	4	
3548	9	
3549	1	
3550	1	
3551	6	
3552	10	
3553	7	
3554	7	
3555	6	
3556	8	
3557	10	
3558	2	
3559	1	
3560	2	
3561	4	
3562	7	
3563	7	
3564	9	
3565	8	
3566	10	
3567	10	
3568	7	
3569	7	
3570	8	
3571	3	
3572	5	
3573	8	
3574	4	
3575	10	
3576	3	
3577	10	
3578	9	
3579	7	
3580	6	
3581	8	
3582	10	
3583	1	
3584	5	
3585	10	
3586	3	
3587	8	
3588	3	
3589	5	
3590	5	
3591	3	
3592	6	
3593	3	
3594	5	
3595	1	
3596	4	
3597	1	
3598	7	
3599	7	
3600	1	
3601	2	
3602	4	
3603	2	
3604	5	
3605	7	
3606	1	
3607	9	
3608	4	
3609	1	
3610	8	
3611	10	
3612	3	
3613	1	
3614	10	
3615	5	
3616	7	
3617	6	
3618	6	
3619	6	
3620	1	
3621	5	
3622	7	
3623	6	
3624	7	
3625	5	
3626	10	
3627	5	
3628	7	
3629	6	
3630	6	
3631	7	
3632	6	
3633	8	
3634	4	
3635	3	
3636	9	
3637	1	
3638	3	
3639	6	
3640	9	
3641	8	
3642	10	
3643	4	
3644	6	
3645	4	
3646	9	
3647	3	
3648	8	
3649	6	
3650	9	
3651	6	
3652	4	
3653	7	
3654	10	
3655	8	
3656	6	
3657	6	
3658	6	
3659	8	
3660	7	
3661	7	
3662	8	
3663	1	
3664	4	
3665	5	
3666	6	
3667	5	
3668	2	
3669	2	
3670	5	
3671	3	
3672	8	
3673	1	
3674	5	
3675	3	
3676	5	
3677	4	
3678	2	
3679	1	
3680	8	
3681	5	
3682	10	
3683	7	
3684	6	
3685	2	
3686	8	
3687	8	
3688	6	
3689	5	
3690	9	
3691	6	
3692	8	
3693	1	
3694	8	
3695	6	
3696	5	
3697	8	
3698	9	
3699	6	
3700	1	
3701	1	
3702	10	
3703	10	
3704	4	
3705	2	
3706	10	
3707	6	
3708	8	
3709	10	
3710	5	
3711	8	
3712	8	
3713	3	
3714	8	
3715	3	
3716	4	
3717	6	
3718	8	
3719	1	
3720	2	
3721	7	
3722	7	
3723	1	
3724	3	
3725	2	
3726	2	
3727	7	
3728	9	
3729	5	
3730	6	
3731	3	
3732	2	
3733	3	
3734	3	
3735	3	
3736	6	
3737	3	
3738	10	
3739	10	
3740	2	
3741	1	
3742	7	
3743	6	
3744	8	
3745	1	
3746	8	
3747	2	
3748	9	
3749	6	
3750	4	
3751	1	
3752	4	
3753	1	
3754	8	
3755	2	
3756	1	
3757	5	
3758	5	
3759	10	
3760	8	
3761	3	
3762	7	
3763	4	
3764	2	
3765	5	
3766	3	
3767	9	
3768	9	
3769	9	
3770	9	
3771	4	
3772	7	
3773	3	
3774	1	
3775	1	
3776	9	
3777	10	
3778	5	
3779	1	
3780	3	
3781	1	
3782	3	
3783	3	
3784	5	
3785	4	
3786	9	
3787	10	
3788	4	
3789	5	
3790	6	
3791	4	
3792	8	
3793	2	
3794	3	
3795	5	
3796	4	
3797	10	
3798	8	
3799	3	
3800	2	
3801	3	
3802	3	
3803	7	
3804	8	
3805	7	
3806	7	
3807	4	
3808	10	
3809	2	
3810	5	
3811	3	
3812	1	
3813	8	
3814	6	
3815	2	
3816	8	
3817	4	
3818	9	
3819	6	
3820	2	
3821	2	
3822	6	
3823	7	
3824	10	
3825	6	
3826	3	
3827	4	
3828	4	
3829	10	
3830	2	
3831	3	
3832	5	
3833	5	
3834	6	
3835	3	
3836	1	
3837	10	
3838	8	
3839	10	
3840	5	
3841	8	
3842	1	
3843	9	
3844	8	
3845	8	
3846	1	
3847	9	
3848	5	
3849	7	
3850	4	
3851	7	
3852	5	
3853	5	
3854	2	
3855	8	
3856	3	
3857	3	
3858	9	
3859	6	
3860	1	
3861	1	
3862	3	
3863	8	
3864	4	
3865	10	
3866	4	
3867	1	
3868	1	
3869	2	
3870	1	
3871	2	
3872	7	
3873	3	
3874	6	
3875	8	
3876	3	
3877	1	
3878	1	
3879	3	
3880	1	
3881	2	
3882	7	
3883	9	
3884	3	
3885	7	
3886	4	
3887	7	
3888	7	
3889	2	
3890	4	
3891	4	
3892	8	
3893	2	
3894	4	
3895	5	
3896	10	
3897	7	
3898	7	
3899	6	
3900	10	
3901	2	
3902	10	
3903	9	
3904	3	
3905	6	
3906	4	
3907	3	
3908	4	
3909	2	
3910	9	
3911	2	
3912	5	
3913	3	
3914	1	
3915	5	
3916	2	
3917	3	
3918	2	
3919	2	
3920	9	
3921	4	
3922	5	
3923	5	
3924	10	
3925	5	
3926	3	
3927	7	
3928	3	
3929	1	
3930	8	
3931	5	
3932	8	
3933	7	
3934	2	
3935	7	
3936	9	
3937	9	
3938	5	
3939	2	
3940	4	
3941	10	
3942	1	
3943	5	
3944	8	
3945	6	
3946	7	
3947	8	
3948	5	
3949	8	
3950	4	
3951	9	
3952	10	
3953	2	
3954	9	
3955	2	
3956	8	
3957	7	
3958	5	
3959	8	
3960	8	
3961	3	
3962	5	
3963	8	
3964	9	
3965	4	
3966	8	
3967	9	
3968	8	
3969	1	
3970	8	
3971	9	
3972	4	
3973	3	
3974	2	
3975	5	
3976	3	
3977	2	
3978	7	
3979	7	
3980	10	
3981	8	
3982	1	
3983	8	
3984	7	
3985	3	
3986	7	
3987	2	
3988	10	
3989	8	
3990	3	
3991	1	
3992	1	
3993	5	
3994	10	
3995	8	
3996	3	
3997	10	
3998	1	
3999	4	
4000	9	
4001	5	
4002	3	
4003	2	
4004	3	
4005	4	
4006	3	
4007	4	
4008	10	
4009	2	
4010	2	
4011	7	
4012	2	
4013	10	
4014	5	
4015	4	
4016	4	
4017	5	
4018	7	
4019	9	
4020	5	
4021	2	
4022	1	
4023	3	
4024	8	
4025	2	
4026	10	
4027	8	
4028	7	
4029	3	
4030	8	
4031	3	
4032	3	
4033	7	
4034	4	
4035	10	
4036	2	
4037	8	
4038	1	
4039	5	
4040	2	
4041	6	
4042	7	
4043	8	
4044	8	
4045	9	
4046	1	
4047	9	
4048	4	
4049	3	
4050	10	
4051	9	
4052	10	
4053	10	
4054	10	
4055	5	
4056	8	
4057	5	
4058	5	
4059	2	
4060	5	
4061	6	
4062	5	
4063	4	
4064	1	
4065	5	
4066	8	
4067	1	
4068	3	
4069	4	
4070	5	
4071	4	
4072	10	
4073	3	
4074	9	
4075	3	
4076	4	
4077	5	
4078	2	
4079	7	
4080	2	
4081	8	
4082	3	
4083	9	
4084	4	
4085	1	
4086	7	
4087	10	
4088	6	
4089	2	
4090	9	
4091	7	
4092	5	
4093	4	
4094	5	
4095	4	
4096	9	
4097	6	
4098	3	
4099	2	
4100	4	
4101	7	
4102	7	
4103	3	
4104	2	
4105	2	
4106	1	
4107	7	
4108	3	
4109	9	
4110	6	
4111	7	
4112	3	
4113	10	
4114	3	
4115	3	
4116	7	
4117	2	
4118	9	
4119	6	
4120	7	
4121	2	
4122	10	
4123	4	
4124	8	
4125	6	
4126	5	
4127	10	
4128	2	
4129	8	
4130	5	
4131	4	
4132	8	
4133	7	
4134	8	
4135	8	
4136	1	
4137	2	
4138	7	
4139	8	
4140	8	
4141	4	
4142	10	
4143	7	
4144	8	
4145	2	
4146	8	
4147	9	
4148	8	
4149	10	
4150	9	
4151	2	
4152	10	
4153	6	
4154	8	
4155	10	
4156	9	
4157	6	
4158	6	
4159	4	
4160	9	
4161	9	
4162	10	
4163	5	
4164	3	
4165	5	
4166	5	
4167	2	
4168	6	
4169	9	
4170	3	
4171	1	
4172	7	
4173	9	
4174	3	
4175	1	
4176	5	
4177	1	
4178	9	
4179	6	
4180	10	
4181	1	
4182	9	
4183	9	
4184	7	
4185	1	
4186	4	
4187	8	
4188	3	
4189	3	
4190	3	
4191	8	
4192	10	
4193	4	
4194	6	
4195	8	
4196	10	
4197	8	
4198	6	
4199	8	
4200	2	
4201	6	
4202	2	
4203	9	
4204	5	
4205	10	
4206	2	
4207	7	
4208	7	
4209	6	
4210	7	
4211	5	
4212	9	
4213	10	
4214	2	
4215	9	
4216	5	
4217	1	
4218	10	
4219	2	
4220	5	
4221	6	
4222	2	
4223	10	
4224	4	
4225	10	
4226	2	
4227	6	
4228	5	
4229	10	
4230	10	
4231	9	
4232	9	
4233	2	
4234	10	
4235	10	
4236	1	
4237	10	
4238	6	
4239	5	
4240	7	
4241	4	
4242	6	
4243	8	
4244	10	
4245	2	
4246	5	
4247	5	
4248	7	
4249	7	
4250	6	
4251	3	
4252	6	
4253	7	
4254	2	
4255	3	
4256	8	
4257	6	
4258	2	
4259	2	
4260	8	
4261	8	
4262	8	
4263	2	
4264	2	
4265	5	
4266	6	
4267	3	
4268	2	
4269	10	
4270	5	
4271	10	
4272	7	
4273	3	
4274	4	
4275	10	
4276	10	
4277	4	
4278	8	
4279	2	
4280	2	
4281	4	
4282	1	
4283	4	
4284	2	
4285	1	
4286	2	
4287	4	
4288	3	
4289	9	
4290	10	
4291	3	
4292	2	
4293	1	
4294	9	
4295	6	
4296	4	
4297	10	
4298	10	
4299	1	
4300	1	
4301	2	
4302	10	
4303	6	
4304	10	
4305	2	
4306	5	
4307	2	
4308	6	
4309	7	
4310	8	
4311	4	
4312	6	
4313	5	
4314	9	
4315	3	
4316	5	
4317	9	
4318	2	
4319	9	
4320	4	
4321	7	
4322	9	
4323	5	
4324	8	
4325	6	
4326	10	
4327	1	
4328	8	
4329	9	
4330	10	
4331	3	
4332	8	
4333	4	
4334	10	
4335	1	
4336	3	
4337	6	
4338	10	
4339	9	
4340	7	
4341	9	
4342	4	
4343	8	
4344	2	
4345	7	
4346	2	
4347	3	
4348	1	
4349	2	
4350	5	
4351	7	
4352	1	
4353	1	
4354	6	
4355	9	
4356	9	
4357	10	
4358	7	
4359	3	
4360	9	
4361	10	
4362	7	
4363	2	
4364	2	
4365	5	
4366	3	
4367	4	
4368	10	
4369	3	
4370	2	
4371	7	
4372	9	
4373	6	
4374	6	
4375	8	
4376	9	
4377	10	
4378	8	
4379	5	
4380	3	
4381	3	
4382	10	
4383	5	
4384	9	
4385	2	
4386	4	
4387	4	
4388	4	
4389	5	
4390	7	
4391	1	
4392	9	
4393	9	
4394	4	
4395	5	
4396	2	
4397	7	
4398	2	
4399	9	
4400	6	
4401	2	
4402	9	
4403	5	
4404	1	
4405	1	
4406	7	
4407	6	
4408	3	
4409	5	
4410	9	
4411	8	
4412	3	
4413	7	
4414	5	
4415	6	
4416	9	
4417	9	
4418	8	
4419	6	
4420	5	
4421	8	
4422	1	
4423	7	
4424	3	
4425	5	
4426	4	
4427	6	
4428	10	
4429	6	
4430	8	
4431	2	
4432	9	
4433	6	
4434	2	
4435	4	
4436	4	
4437	8	
4438	7	
4439	4	
4440	4	
4441	1	
4442	2	
4443	1	
4444	4	
4445	8	
4446	9	
4447	8	
4448	3	
4449	5	
4450	5	
4451	10	
4452	9	
4453	4	
4454	10	
4455	9	
4456	3	
4457	1	
4458	2	
4459	1	
4460	7	
4461	1	
4462	8	
4463	1	
4464	1	
4465	2	
4466	10	
4467	10	
4468	6	
4469	10	
4470	4	
4471	4	
4472	4	
4473	8	
4474	3	
4475	8	
4476	1	
4477	8	
4478	3	
4479	8	
4480	10	
4481	8	
4482	9	
4483	3	
4484	9	
4485	9	
4486	6	
4487	5	
4488	8	
4489	6	
4490	10	
4491	2	
4492	3	
4493	7	
4494	3	
4495	8	
4496	4	
4497	3	
4498	6	
4499	10	
4500	4	
4501	7	
4502	8	
4503	2	
4504	10	
4505	3	
4506	9	
4507	6	
4508	2	
4509	6	
4510	6	
4511	5	
4512	5	
4513	1	
4514	3	
4515	4	
4516	10	
4517	6	
4518	6	
4519	5	
4520	4	
4521	9	
4522	7	
4523	10	
4524	4	
4525	7	
4526	5	
4527	4	
4528	8	
4529	5	
4530	4	
4531	9	
4532	1	
4533	5	
4534	7	
4535	9	
4536	7	
4537	5	
4538	6	
4539	6	
4540	2	
4541	10	
4542	5	
4543	6	
4544	9	
4545	3	
4546	6	
4547	4	
4548	1	
4549	10	
4550	1	
4551	2	
4552	9	
4553	7	
4554	2	
4555	9	
4556	2	
4557	4	
4558	7	
4559	3	
4560	5	
4561	3	
4562	7	
4563	4	
4564	6	
4565	7	
4566	3	
4567	8	
4568	7	
4569	9	
4570	5	
4571	2	
4572	10	
4573	2	
4574	2	
4575	9	
4576	3	
4577	2	
4578	8	
4579	9	
4580	2	
4581	10	
4582	7	
4583	4	
4584	3	
4585	2	
4586	4	
4587	4	
4588	4	
4589	5	
4590	6	
4591	9	
4592	4	
4593	6	
4594	8	
4595	6	
4596	10	
4597	6	
4598	1	
4599	3	
4600	9	
4601	6	
4602	10	
4603	4	
4604	5	
4605	5	
4606	8	
4607	3	
4608	5	
4609	9	
4610	2	
4611	2	
4612	5	
4613	9	
4614	6	
4615	4	
4616	2	
4617	5	
4618	8	
4619	4	
4620	5	
4621	4	
4622	10	
4623	3	
4624	6	
4625	2	
4626	7	
4627	5	
4628	3	
4629	1	
4630	4	
4631	7	
4632	4	
4633	4	
4634	5	
4635	4	
4636	4	
4637	4	
4638	10	
4639	9	
4640	4	
4641	5	
4642	3	
4643	10	
4644	5	
4645	5	
4646	2	
4647	4	
4648	5	
4649	7	
4650	2	
4651	3	
4652	6	
4653	10	
4654	4	
4655	1	
4656	3	
4657	4	
4658	5	
4659	2	
4660	2	
4661	3	
4662	6	
4663	3	
4664	7	
4665	6	
4666	4	
4667	4	
4668	7	
4669	3	
4670	5	
4671	7	
4672	9	
4673	2	
4674	10	
4675	3	
4676	8	
4677	3	
4678	3	
4679	1	
4680	8	
4681	2	
4682	5	
4683	6	
4684	4	
4685	8	
4686	1	
4687	9	
4688	4	
4689	5	
4690	1	
4691	10	
4692	4	
4693	8	
4694	4	
4695	8	
4696	10	
4697	3	
4698	8	
4699	8	
4700	5	
4701	5	
4702	6	
4703	1	
4704	9	
4705	5	
4706	9	
4707	2	
4708	1	
4709	8	
4710	7	
4711	7	
4712	5	
4713	1	
4714	4	
4715	10	
4716	6	
4717	6	
4718	10	
4719	7	
4720	6	
4721	6	
4722	2	
4723	10	
4724	5	
4725	7	
4726	3	
4727	2	
4728	4	
4729	9	
4730	2	
4731	3	
4732	9	
4733	3	
4734	1	
4735	1	
4736	8	
4737	10	
4738	7	
4739	6	
4740	10	
4741	4	
4742	5	
4743	10	
4744	5	
4745	7	
4746	9	
4747	5	
4748	2	
4749	9	
4750	4	
4751	3	
4752	10	
4753	4	
4754	7	
4755	9	
4756	6	
4757	7	
4758	6	
4759	6	
4760	6	
4761	9	
4762	1	
4763	7	
4764	1	
4765	2	
4766	7	
4767	3	
4768	7	
4769	1	
4770	1	
4771	6	
4772	3	
4773	2	
4774	5	
4775	10	
4776	8	
4777	8	
4778	7	
4779	2	
4780	2	
4781	2	
4782	5	
4783	10	
4784	10	
4785	3	
4786	6	
4787	7	
4788	6	
4789	1	
4790	3	
4791	7	
4792	6	
4793	8	
4794	8	
4795	8	
4796	6	
4797	4	
4798	1	
4799	5	
4800	1	
4801	10	
4802	6	
4803	10	
4804	5	
4805	7	
4806	6	
4807	4	
4808	6	
4809	9	
4810	1	
4811	7	
4812	1	
4813	4	
4814	8	
4815	4	
4816	5	
4817	8	
4818	2	
4819	2	
4820	10	
4821	6	
4822	1	
4823	8	
4824	7	
4825	5	
4826	3	
4827	1	
4828	9	
4829	2	
4830	9	
4831	2	
4832	2	
4833	1	
4834	9	
4835	5	
4836	1	
4837	10	
4838	7	
4839	7	
4840	3	
4841	3	
4842	5	
4843	2	
4844	5	
4845	3	
4846	7	
4847	3	
4848	8	
4849	8	
4850	10	
4851	7	
4852	3	
4853	8	
4854	1	
4855	2	
4856	7	
4857	7	
4858	3	
4859	6	
4860	1	
4861	1	
4862	8	
4863	10	
4864	4	
4865	4	
4866	6	
4867	4	
4868	2	
4869	10	
4870	6	
4871	6	
4872	9	
4873	3	
4874	8	
4875	7	
4876	6	
4877	4	
4878	7	
4879	10	
4880	8	
4881	2	
4882	1	
4883	2	
4884	5	
4885	9	
4886	4	
4887	7	
4888	10	
4889	4	
4890	3	
4891	3	
4892	6	
4893	9	
4894	5	
4895	6	
4896	9	
4897	4	
4898	8	
4899	3	
4900	3	
4901	1	
4902	4	
4903	8	
4904	7	
4905	8	
4906	2	
4907	4	
4908	3	
4909	4	
4910	2	
4911	1	
4912	2	
4913	8	
4914	4	
4915	5	
4916	9	
4917	4	
4918	1	
4919	8	
4920	4	
4921	9	
4922	9	
4923	2	
4924	9	
4925	9	
4926	10	
4927	1	
4928	1	
4929	4	
4930	4	
4931	8	
4932	4	
4933	2	
4934	6	
4935	3	
4936	9	
4937	10	
4938	3	
4939	9	
4940	5	
4941	2	
4942	8	
4943	2	
4944	4	
4945	1	
4946	1	
4947	7	
4948	2	
4949	3	
4950	8	
4951	10	
4952	8	
4953	5	
4954	8	
4955	1	
4956	1	
4957	4	
4958	6	
4959	5	
4960	6	
4961	10	
4962	8	
4963	6	
4964	6	
4965	10	
4966	10	
4967	2	
4968	7	
4969	6	
4970	3	
4971	1	
4972	8	
4973	5	
4974	7	
4975	5	
4976	3	
4977	6	
4978	2	
4979	1	
4980	4	
4981	3	
4982	4	
4983	3	
4984	5	
4985	4	
4986	7	
4987	1	
4988	4	
4989	9	
4990	10	
4991	7	
4992	7	
4993	1	
4994	9	
4995	1	
4996	4	
4997	9	
4998	3	
4999	6	
5000	10	
5001	1	
5002	4	
5003	3	
5004	9	
5005	9	
5006	9	
5007	2	
5008	2	
5009	7	
5010	10	
5011	9	
5012	1	
5013	10	
5014	6	
5015	4	
5016	6	
5017	5	
5018	9	
5019	8	
5020	8	
5021	1	
5022	5	
5023	2	
5024	10	
5025	2	
5026	6	
5027	3	
5028	7	
5029	2	
5030	10	
5031	7	
5032	10	
5033	6	
5034	6	
5035	1	
5036	7	
5037	9	
5038	3	
5039	5	
5040	3	
5041	3	
5042	9	
5043	6	
5044	5	
5045	4	
5046	6	
5047	8	
5048	8	
5049	5	
5050	7	
5051	8	
5052	4	
5053	2	
5054	4	
5055	4	
5056	3	
5057	10	
5058	4	
5059	1	
5060	2	
5061	2	
5062	2	
5063	8	
5064	7	
5065	3	
5066	6	
5067	4	
5068	9	
5069	6	
5070	5	
5071	5	
5072	5	
5073	3	
5074	9	
5075	3	
5076	10	
5077	8	
5078	3	
5079	4	
5080	8	
5081	9	
5082	5	
5083	10	
5084	10	
5085	3	
5086	5	
5087	4	
5088	9	
5089	5	
5090	10	
5091	7	
5092	3	
5093	6	
5094	10	
5095	2	
5096	1	
5097	7	
5098	3	
5099	5	
5100	5	
5101	8	
5102	3	
5103	3	
5104	5	
5105	4	
5106	5	
5107	1	
5108	6	
5109	9	
5110	8	
5111	4	
5112	4	
5113	2	
5114	4	
5115	4	
5116	10	
5117	7	
5118	3	
5119	2	
5120	6	
5121	10	
5122	2	
5123	5	
5124	9	
5125	1	
5126	8	
5127	4	
5128	8	
5129	7	
5130	5	
5131	1	
5132	4	
5133	4	
5134	4	
5135	1	
5136	1	
5137	5	
5138	8	
5139	4	
5140	6	
5141	4	
5142	6	
5143	1	
5144	7	
5145	6	
5146	1	
5147	4	
5148	5	
5149	9	
5150	3	
5151	10	
5152	6	
5153	6	
5154	5	
5155	1	
5156	7	
5157	9	
5158	3	
5159	5	
5160	7	
5161	9	
5162	9	
5163	10	
5164	5	
5165	1	
5166	6	
5167	8	
5168	4	
5169	7	
5170	4	
5171	3	
5172	8	
5173	4	
5174	2	
5175	2	
5176	6	
5177	4	
5178	4	
5179	8	
5180	1	
5181	1	
5182	4	
5183	6	
5184	5	
5185	8	
5186	2	
5187	7	
5188	1	
5189	3	
5190	6	
5191	5	
5192	8	
5193	3	
5194	4	
5195	1	
5196	10	
5197	10	
5198	7	
5199	7	
5200	4	
5201	10	
5202	6	
5203	9	
5204	10	
5205	3	
5206	6	
5207	9	
5208	1	
5209	5	
5210	4	
5211	10	
5212	6	
5213	8	
5214	1	
5215	10	
5216	3	
5217	1	
5218	7	
5219	9	
5220	6	
5221	4	
5222	1	
5223	5	
5224	3	
5225	3	
5226	5	
5227	7	
5228	6	
5229	3	
5230	3	
5231	1	
5232	9	
5233	2	
5234	5	
5235	6	
5236	3	
5237	10	
5238	10	
5239	2	
5240	9	
5241	1	
5242	10	
5243	7	
5244	10	
5245	7	
5246	2	
5247	4	
5248	3	
5249	9	
5250	3	
5251	8	
5252	9	
5253	4	
5254	9	
5255	2	
5256	7	
5257	7	
5258	8	
5259	5	
5260	2	
5261	3	
5262	2	
5263	1	
5264	7	
5265	2	
5266	2	
5267	7	
5268	1	
5269	6	
5270	10	
5271	6	
5272	3	
5273	5	
5274	3	
5275	3	
5276	9	
5277	10	
5278	4	
5279	2	
5280	3	
5281	9	
5282	5	
5283	1	
5284	8	
5285	10	
5286	5	
5287	4	
5288	7	
5289	5	
5290	2	
5291	8	
5292	5	
5293	5	
5294	7	
5295	7	
5296	2	
5297	2	
5298	5	
5299	9	
5300	8	
5301	10	
5302	7	
5303	7	
5304	1	
5305	10	
5306	4	
5307	6	
5308	7	
5309	1	
5310	10	
5311	6	
5312	10	
5313	10	
5314	6	
5315	8	
5316	10	
5317	7	
5318	10	
5319	4	
5320	4	
5321	2	
5322	4	
5323	8	
5324	6	
5325	5	
5326	8	
5327	8	
5328	6	
5329	8	
5330	5	
5331	1	
5332	10	
5333	1	
5334	3	
5335	7	
5336	4	
5337	5	
5338	5	
5339	5	
5340	1	
5341	4	
5342	2	
5343	1	
5344	9	
5345	4	
5346	9	
5347	8	
5348	2	
5349	6	
5350	9	
5351	10	
5352	1	
5353	4	
5354	5	
5355	3	
5356	3	
5357	9	
5358	5	
5359	9	
5360	10	
5361	10	
5362	5	
5363	10	
5364	1	
5365	1	
5366	3	
5367	1	
5368	3	
5369	8	
5370	3	
5371	10	
5372	6	
5373	5	
5374	3	
5375	5	
5376	2	
5377	2	
5378	2	
5379	10	
5380	9	
5381	10	
5382	4	
5383	8	
5384	9	
5385	4	
5386	4	
5387	2	
5388	5	
5389	8	
5390	7	
5391	6	
5392	1	
5393	8	
5394	5	
5395	10	
5396	8	
5397	10	
5398	3	
5399	6	
5400	3	
5401	6	
5402	7	
5403	9	
5404	10	
5405	8	
5406	10	
5407	3	
5408	8	
5409	3	
5410	10	
5411	9	
5412	2	
5413	9	
5414	6	
5415	8	
5416	4	
5417	5	
5418	7	
5419	5	
5420	1	
5421	10	
5422	10	
5423	4	
5424	7	
5425	9	
5426	10	
5427	2	
5428	7	
5429	4	
5430	10	
5431	3	
5432	7	
5433	8	
5434	5	
5435	5	
5436	6	
5437	2	
5438	5	
5439	8	
5440	6	
5441	1	
5442	8	
5443	7	
5444	5	
5445	10	
5446	2	
5447	5	
5448	7	
5449	9	
5450	10	
5451	1	
5452	2	
5453	1	
5454	4	
5455	4	
5456	5	
5457	9	
5458	8	
5459	1	
5460	10	
5461	4	
5462	6	
5463	9	
5464	7	
5465	4	
5466	4	
5467	1	
5468	9	
5469	3	
5470	3	
5471	6	
5472	6	
5473	1	
5474	4	
5475	9	
5476	3	
5477	10	
5478	9	
5479	6	
5480	5	
5481	1	
5482	4	
5483	2	
5484	2	
5485	6	
5486	1	
5487	9	
5488	8	
5489	8	
5490	1	
5491	2	
5492	2	
5493	4	
5494	1	
5495	5	
5496	4	
5497	6	
5498	1	
5499	5	
5500	6	
5501	5	
5502	5	
5503	10	
5504	5	
5505	3	
5506	1	
5507	2	
5508	5	
5509	1	
5510	5	
5511	6	
5512	4	
5513	4	
5514	7	
5515	10	
5516	2	
5517	7	
5518	1	
5519	2	
5520	1	
5521	9	
5522	1	
5523	6	
5524	9	
5525	9	
5526	5	
5527	3	
5528	5	
5529	3	
5530	9	
5531	4	
5532	1	
5533	5	
5534	6	
5535	5	
5536	2	
5537	1	
5538	8	
5539	7	
5540	6	
5541	10	
5542	3	
5543	10	
5544	3	
5545	2	
5546	10	
5547	10	
5548	7	
5549	6	
5550	3	
5551	9	
5552	8	
5553	10	
5554	9	
5555	7	
5556	9	
5557	9	
5558	6	
5559	7	
5560	3	
5561	1	
5562	5	
5563	7	
5564	1	
5565	9	
5566	1	
5567	9	
5568	4	
5569	9	
5570	8	
5571	9	
5572	9	
5573	8	
5574	4	
5575	7	
5576	9	
5577	2	
5578	3	
5579	9	
5580	1	
5581	3	
5582	3	
5583	5	
5584	10	
5585	3	
5586	2	
5587	9	
5588	6	
5589	7	
5590	10	
5591	5	
5592	7	
5593	10	
5594	1	
5595	4	
5596	3	
5597	10	
5598	10	
5599	7	
5600	4	
5601	7	
5602	9	
5603	4	
5604	4	
5605	4	
5606	10	
5607	5	
5608	7	
5609	3	
5610	8	
5611	2	
5612	10	
5613	4	
5614	7	
5615	5	
5616	4	
5617	9	
5618	7	
5619	3	
5620	2	
5621	6	
5622	2	
5623	4	
5624	3	
5625	9	
5626	6	
5627	2	
5628	4	
5629	8	
5630	4	
5631	6	
5632	8	
5633	5	
5634	6	
5635	9	
5636	10	
5637	1	
5638	7	
5639	10	
5640	4	
5641	6	
5642	6	
5643	2	
5644	10	
5645	7	
5646	10	
5647	7	
5648	1	
5649	7	
5650	3	
5651	1	
5652	8	
5653	9	
5654	5	
5655	10	
5656	1	
5657	2	
5658	5	
5659	9	
5660	1	
5661	3	
5662	8	
5663	1	
5664	1	
5665	5	
5666	4	
5667	5	
5668	4	
5669	1	
5670	3	
5671	7	
5672	10	
5673	4	
5674	2	
5675	3	
5676	1	
5677	1	
5678	10	
5679	10	
5680	6	
5681	3	
5682	3	
5683	9	
5684	10	
5685	5	
5686	3	
5687	4	
5688	2	
5689	3	
5690	6	
5691	1	
5692	8	
5693	8	
5694	9	
5695	5	
5696	8	
5697	5	
5698	5	
5699	8	
5700	6	
5701	9	
5702	8	
5703	6	
5704	4	
5705	9	
5706	5	
5707	8	
5708	3	
5709	3	
5710	7	
5711	5	
5712	3	
5713	8	
5714	5	
5715	6	
5716	2	
5717	2	
5718	9	
5719	1	
5720	4	
5721	2	
5722	6	
5723	2	
5724	8	
5725	2	
5726	10	
5727	6	
5728	5	
5729	2	
5730	1	
5731	5	
5732	5	
5733	6	
5734	6	
5735	5	
5736	3	
5737	6	
5738	2	
5739	6	
5740	1	
5741	7	
5742	1	
5743	1	
5744	3	
5745	9	
5746	5	
5747	5	
5748	3	
5749	7	
5750	2	
5751	7	
5752	7	
5753	3	
5754	2	
5755	9	
5756	10	
5757	2	
5758	7	
5759	7	
5760	3	
5761	10	
5762	7	
5763	1	
5764	2	
5765	2	
5766	4	
5767	10	
5768	7	
5769	10	
5770	9	
5771	6	
5772	3	
5773	4	
5774	2	
5775	3	
5776	5	
5777	7	
5778	2	
5779	8	
5780	9	
5781	9	
5782	1	
5783	5	
5784	8	
5785	9	
5786	3	
5787	1	
5788	2	
5789	5	
5790	8	
5791	1	
5792	9	
5793	10	
5794	7	
5795	7	
5796	3	
5797	2	
5798	4	
5799	7	
5800	7	
5801	10	
5802	9	
5803	5	
5804	4	
5805	5	
5806	5	
5807	1	
5808	1	
5809	2	
5810	8	
5811	4	
5812	10	
5813	3	
5814	10	
5815	2	
5816	8	
5817	8	
5818	10	
5819	9	
5820	5	
5821	7	
5822	8	
5823	5	
5824	6	
5825	3	
5826	5	
5827	6	
5828	5	
5829	9	
5830	10	
5831	1	
5832	10	
5833	1	
5834	7	
5835	1	
5836	3	
5837	7	
5838	4	
5839	4	
5840	2	
5841	9	
5842	4	
5843	8	
5844	4	
5845	10	
5846	2	
5847	9	
5848	3	
5849	6	
5850	5	
5851	10	
5852	10	
5853	5	
5854	9	
5855	2	
5856	3	
5857	3	
5858	2	
5859	6	
5860	6	
5861	8	
5862	9	
5863	4	
5864	7	
5865	3	
5866	4	
5867	1	
5868	4	
5869	6	
5870	7	
5871	9	
5872	9	
5873	5	
5874	10	
5875	1	
5876	7	
5877	8	
5878	2	
5879	9	
5880	2	
5881	6	
5882	1	
5883	4	
5884	4	
5885	10	
5886	6	
5887	8	
5888	6	
5889	3	
5890	4	
5891	8	
5892	10	
5893	8	
5894	3	
5895	3	
5896	6	
5897	4	
5898	3	
5899	2	
5900	6	
5901	9	
5902	7	
5903	6	
5904	6	
5905	4	
5906	8	
5907	7	
5908	6	
5909	10	
5910	5	
5911	2	
5912	2	
5913	6	
5914	9	
5915	10	
5916	10	
5917	10	
5918	7	
5919	7	
5920	8	
5921	2	
5922	3	
5923	3	
5924	3	
5925	1	
5926	10	
5927	4	
5928	2	
5929	5	
5930	6	
5931	6	
5932	10	
5933	3	
5934	2	
5935	4	
5936	10	
5937	9	
5938	5	
5939	3	
5940	3	
5941	7	
5942	10	
5943	6	
5944	10	
5945	10	
5946	2	
5947	9	
5948	2	
5949	6	
5950	2	
5951	4	
5952	10	
5953	1	
5954	1	
5955	9	
5956	1	
5957	8	
5958	1	
5959	10	
5960	10	
5961	10	
5962	2	
5963	10	
5964	4	
5965	1	
5966	6	
5967	8	
5968	1	
5969	1	
5970	8	
5971	6	
5972	6	
5973	9	
5974	5	
5975	1	
5976	10	
5977	10	
5978	4	
5979	9	
5980	5	
5981	7	
5982	2	
5983	5	
5984	2	
5985	7	
5986	6	
5987	7	
5988	4	
5989	4	
5990	3	
5991	5	
5992	9	
5993	6	
5994	8	
5995	5	
5996	5	
5997	8	
5998	9	
5999	9	
6000	9	
6001	5	
6002	8	
6003	8	
6004	8	
6005	5	
6006	1	
6007	10	
6008	9	
6009	10	
6010	4	
6011	7	
6012	10	
6013	4	
6014	10	
6015	7	
6016	9	
6017	4	
6018	1	
6019	4	
6020	2	
6021	5	
6022	10	
6023	5	
6024	6	
6025	5	
6026	6	
6027	9	
6028	10	
6029	6	
6030	7	
6031	5	
6032	10	
6033	2	
6034	2	
6035	4	
6036	3	
6037	2	
6038	9	
6039	5	
6040	2	
6041	2	
6042	9	
6043	10	
6044	9	
6045	10	
6046	7	
6047	6	
6048	4	
6049	2	
6050	10	
6051	9	
6052	3	
6053	4	
6054	3	
6055	2	
6056	9	
6057	9	
6058	1	
6059	3	
6060	10	
6061	2	
6062	7	
6063	9	
6064	2	
6065	10	
6066	10	
6067	5	
6068	5	
6069	6	
6070	5	
6071	1	
6072	6	
6073	5	
6074	3	
6075	7	
6076	7	
6077	7	
6078	4	
6079	2	
6080	6	
6081	10	
6082	5	
6083	7	
6084	8	
6085	4	
6086	3	
6087	3	
6088	1	
6089	1	
6090	10	
6091	4	
6092	2	
6093	5	
6094	5	
6095	10	
6096	1	
6097	10	
6098	9	
6099	8	
6100	4	
6101	4	
6102	8	
6103	4	
6104	9	
6105	8	
6106	3	
6107	9	
6108	3	
6109	4	
6110	5	
6111	8	
6112	8	
6113	2	
6114	5	
6115	10	
6116	3	
6117	4	
6118	9	
6119	5	
6120	9	
6121	8	
6122	6	
6123	9	
6124	8	
6125	7	
6126	5	
6127	5	
6128	8	
6129	9	
6130	8	
6131	2	
6132	8	
6133	5	
6134	5	
6135	5	
6136	4	
6137	9	
6138	2	
6139	2	
6140	10	
6141	4	
6142	9	
6143	1	
6144	4	
6145	7	
6146	7	
6147	7	
6148	1	
6149	1	
6150	3	
6151	9	
6152	9	
6153	1	
6154	1	
6155	1	
6156	1	
6157	3	
6158	6	
6159	7	
6160	2	
6161	1	
6162	1	
6163	5	
6164	2	
6165	2	
6166	5	
6167	4	
6168	2	
6169	7	
6170	7	
6171	3	
6172	10	
6173	4	
6174	3	
6175	6	
6176	9	
6177	7	
6178	6	
6179	3	
6180	3	
6181	5	
6182	10	
6183	2	
6184	4	
6185	3	
6186	10	
6187	5	
6188	2	
6189	6	
6190	10	
6191	2	
6192	5	
6193	3	
6194	9	
6195	2	
6196	4	
6197	10	
6198	4	
6199	7	
6200	7	
6201	9	
6202	9	
6203	5	
6204	6	
6205	2	
6206	2	
6207	4	
6208	4	
6209	10	
6210	7	
6211	6	
6212	9	
6213	7	
6214	3	
6215	8	
6216	5	
6217	2	
6218	2	
6219	5	
6220	2	
6221	5	
6222	9	
6223	3	
6224	10	
6225	10	
6226	2	
6227	10	
6228	4	
6229	5	
6230	9	
6231	10	
6232	5	
6233	4	
6234	3	
6235	4	
6236	1	
6237	9	
6238	5	
6239	9	
6240	8	
6241	1	
6242	5	
6243	3	
6244	10	
6245	10	
6246	4	
6247	4	
6248	7	
6249	1	
6250	7	
6251	9	
6252	7	
6253	5	
6254	7	
6255	3	
6256	2	
6257	9	
6258	8	
6259	6	
6260	5	
6261	4	
6262	7	
6263	1	
6264	2	
6265	7	
6266	1	
6267	3	
6268	1	
6269	2	
6270	4	
6271	6	
6272	3	
6273	5	
6274	8	
6275	9	
6276	7	
6277	8	
6278	4	
6279	9	
6280	9	
6281	7	
6282	7	
6283	1	
6284	4	
6285	8	
6286	10	
6287	4	
6288	8	
6289	3	
6290	3	
6291	3	
6292	1	
6293	2	
6294	10	
6295	6	
6296	6	
6297	6	
6298	1	
6299	3	
6300	6	
6301	3	
6302	3	
6303	8	
6304	2	
6305	3	
6306	7	
6307	8	
6308	3	
6309	4	
6310	8	
6311	7	
6312	1	
6313	5	
6314	4	
6315	10	
6316	6	
6317	10	
6318	5	
6319	9	
6320	4	
6321	8	
6322	3	
6323	9	
6324	4	
6325	6	
6326	10	
6327	6	
6328	5	
6329	8	
6330	2	
6331	5	
6332	7	
6333	6	
6334	7	
6335	2	
6336	6	
6337	10	
6338	5	
6339	7	
6340	4	
6341	9	
6342	7	
6343	3	
6344	10	
6345	7	
6346	5	
6347	8	
6348	5	
6349	9	
6350	10	
6351	9	
6352	1	
6353	9	
6354	10	
6355	8	
6356	4	
6357	1	
6358	8	
6359	4	
6360	10	
6361	6	
6362	10	
6363	4	
6364	10	
6365	5	
6366	8	
6367	3	
6368	5	
6369	10	
6370	2	
6371	8	
6372	5	
6373	8	
6374	10	
6375	4	
6376	9	
6377	8	
6378	9	
6379	2	
6380	7	
6381	4	
6382	7	
6383	3	
6384	10	
6385	9	
6386	2	
6387	1	
6388	7	
6389	9	
6390	6	
6391	8	
6392	5	
6393	6	
6394	1	
6395	10	
6396	3	
6397	10	
6398	3	
6399	9	
6400	3	
6401	4	
6402	7	
6403	1	
6404	5	
6405	6	
6406	5	
6407	5	
6408	8	
6409	1	
6410	8	
6411	5	
6412	6	
6413	5	
6414	5	
6415	10	
6416	8	
6417	8	
6418	3	
6419	10	
6420	6	
6421	3	
6422	2	
6423	5	
6424	7	
6425	5	
6426	5	
6427	10	
6428	3	
6429	9	
6430	2	
6431	2	
6432	10	
6433	7	
6434	5	
6435	10	
6436	4	
6437	3	
6438	1	
6439	3	
6440	4	
6441	6	
6442	9	
6443	9	
6444	2	
6445	3	
6446	4	
6447	2	
6448	6	
6449	1	
6450	4	
6451	3	
6452	5	
6453	8	
6454	7	
6455	2	
6456	3	
6457	8	
6458	8	
6459	5	
6460	10	
6461	9	
6462	1	
6463	1	
6464	4	
6465	8	
6466	1	
6467	1	
6468	4	
6469	2	
6470	1	
6471	2	
6472	4	
6473	7	
6474	5	
6475	1	
6476	3	
6477	4	
6478	4	
6479	6	
6480	4	
6481	9	
6482	7	
6483	7	
6484	8	
6485	8	
6486	2	
6487	2	
6488	3	
6489	10	
6490	1	
6491	1	
6492	10	
6493	6	
6494	7	
6495	4	
6496	1	
6497	10	
6498	7	
6499	5	
6500	1	
6501	4	
6502	4	
6503	5	
6504	1	
6505	10	
6506	5	
6507	8	
6508	8	
6509	9	
6510	1	
6511	3	
6512	1	
6513	3	
6514	5	
6515	9	
6516	8	
6517	2	
6518	8	
6519	7	
6520	8	
6521	5	
6522	4	
6523	1	
6524	3	
6525	9	
6526	9	
6527	7	
6528	4	
6529	1	
6530	10	
6531	2	
6532	4	
6533	5	
6534	6	
6535	3	
6536	8	
6537	9	
6538	3	
6539	6	
6540	7	
6541	10	
6542	3	
6543	5	
6544	2	
6545	6	
6546	9	
6547	3	
6548	1	
6549	5	
6550	2	
6551	10	
6552	1	
6553	6	
6554	1	
6555	2	
6556	3	
6557	8	
6558	2	
6559	1	
6560	5	
6561	2	
6562	7	
6563	10	
6564	2	
6565	2	
6566	8	
6567	10	
6568	7	
6569	2	
6570	6	
6571	6	
6572	4	
6573	1	
6574	7	
6575	7	
6576	5	
6577	10	
6578	9	
6579	2	
6580	9	
6581	3	
6582	9	
6583	4	
6584	6	
6585	2	
6586	9	
6587	9	
6588	10	
6589	10	
6590	7	
6591	1	
6592	6	
6593	6	
6594	1	
6595	2	
6596	9	
6597	6	
6598	5	
6599	7	
6600	5	
6601	10	
6602	5	
6603	8	
6604	4	
6605	4	
6606	9	
6607	4	
6608	1	
6609	2	
6610	2	
6611	5	
6612	7	
6613	9	
6614	5	
6615	2	
6616	10	
6617	6	
6618	6	
6619	5	
6620	3	
6621	1	
6622	2	
6623	7	
6624	6	
6625	1	
6626	7	
6627	9	
6628	6	
6629	10	
6630	5	
6631	4	
6632	3	
6633	9	
6634	5	
6635	2	
6636	3	
6637	9	
6638	1	
6639	7	
6640	5	
6641	9	
6642	9	
6643	3	
6644	8	
6645	2	
6646	6	
6647	5	
6648	6	
6649	3	
6650	2	
6651	4	
6652	5	
6653	1	
6654	6	
6655	10	
6656	1	
6657	2	
6658	7	
6659	2	
6660	10	
6661	1	
6662	5	
6663	1	
6664	1	
6665	8	
6666	7	
6667	4	
6668	6	
6669	6	
6670	8	
6671	7	
6672	4	
6673	8	
6674	4	
6675	10	
6676	2	
6677	3	
6678	6	
6679	3	
6680	5	
6681	5	
6682	7	
6683	7	
6684	6	
6685	2	
6686	4	
6687	9	
6688	5	
6689	8	
6690	8	
6691	2	
6692	10	
6693	5	
6694	4	
6695	10	
6696	8	
6697	6	
6698	7	
6699	6	
6700	7	
6701	10	
6702	6	
6703	4	
6704	4	
6705	5	
6706	6	
6707	5	
6708	4	
6709	7	
6710	6	
6711	1	
6712	10	
6713	1	
6714	7	
6715	3	
6716	5	
6717	7	
6718	3	
6719	1	
6720	6	
6721	2	
6722	3	
6723	2	
6724	8	
6725	7	
6726	1	
6727	6	
6728	3	
6729	1	
6730	10	
6731	10	
6732	2	
6733	6	
6734	7	
6735	7	
6736	6	
6737	1	
6738	8	
6739	5	
6740	5	
6741	2	
6742	4	
6743	10	
6744	9	
6745	6	
6746	9	
6747	10	
6748	3	
6749	3	
6750	4	
6751	6	
6752	4	
6753	8	
6754	8	
6755	10	
6756	7	
6757	2	
6758	5	
6759	8	
6760	9	
6761	8	
6762	1	
6763	7	
6764	2	
6765	6	
6766	5	
6767	3	
6768	5	
6769	5	
6770	3	
6771	8	
6772	3	
6773	9	
6774	9	
6775	10	
6776	9	
6777	10	
6778	3	
6779	9	
6780	1	
6781	9	
6782	3	
6783	3	
6784	2	
6785	9	
6786	4	
6787	3	
6788	8	
6789	6	
6790	3	
6791	9	
6792	7	
6793	10	
6794	8	
6795	8	
6796	2	
6797	5	
6798	8	
6799	4	
6800	9	
6801	9	
6802	10	
6803	1	
6804	5	
6805	7	
6806	2	
6807	6	
6808	3	
6809	4	
6810	3	
6811	1	
6812	9	
6813	6	
6814	8	
6815	5	
6816	2	
6817	4	
6818	2	
6819	4	
6820	2	
6821	2	
6822	9	
6823	10	
6824	1	
6825	3	
6826	2	
6827	1	
6828	3	
6829	2	
6830	5	
6831	7	
6832	10	
6833	6	
6834	5	
6835	5	
6836	6	
6837	9	
6838	7	
6839	1	
6840	6	
6841	3	
6842	10	
6843	5	
6844	6	
6845	4	
6846	10	
6847	5	
6848	5	
6849	9	
6850	5	
6851	5	
6852	9	
6853	7	
6854	7	
6855	6	
6856	10	
6857	4	
6858	10	
6859	9	
6860	2	
6861	8	
6862	4	
6863	9	
6864	5	
6865	1	
6866	9	
6867	1	
6868	1	
6869	4	
6870	7	
6871	1	
6872	3	
6873	8	
6874	4	
6875	6	
6876	5	
6877	4	
6878	1	
6879	5	
6880	6	
6881	6	
6882	2	
6883	1	
6884	10	
6885	8	
6886	4	
6887	1	
6888	7	
6889	4	
6890	10	
6891	5	
6892	3	
6893	5	
6894	1	
6895	7	
6896	8	
6897	1	
6898	7	
6899	4	
6900	9	
6901	10	
6902	7	
6903	7	
6904	2	
6905	2	
6906	9	
6907	8	
6908	7	
6909	5	
6910	4	
6911	6	
6912	1	
6913	4	
6914	7	
6915	3	
6916	6	
6917	2	
6918	2	
6919	1	
6920	4	
6921	2	
6922	9	
6923	8	
6924	7	
6925	4	
6926	3	
6927	2	
6928	1	
6929	9	
6930	10	
6931	2	
6932	10	
6933	6	
6934	4	
6935	7	
6936	3	
6937	7	
6938	2	
6939	2	
6940	5	
6941	1	
6942	9	
6943	5	
6944	1	
6945	5	
6946	5	
6947	2	
6948	5	
6949	1	
6950	3	
6951	3	
6952	10	
6953	3	
6954	6	
6955	4	
6956	7	
6957	4	
6958	8	
6959	4	
6960	3	
6961	4	
6962	6	
6963	6	
6964	7	
6965	5	
6966	9	
6967	9	
6968	1	
6969	10	
6970	10	
6971	5	
6972	7	
6973	7	
6974	8	
6975	6	
6976	7	
6977	1	
6978	3	
6979	8	
6980	1	
6981	2	
6982	1	
6983	5	
6984	8	
6985	3	
6986	4	
6987	4	
6988	1	
6989	4	
6990	2	
6991	4	
6992	7	
6993	6	
6994	8	
6995	9	
6996	5	
6997	1	
6998	4	
6999	7	
7000	10	
7001	2	
7002	7	
7003	5	
7004	2	
7005	2	
7006	8	
7007	3	
7008	5	
7009	3	
7010	7	
7011	10	
7012	1	
7013	10	
7014	6	
7015	7	
7016	9	
7017	5	
7018	2	
7019	9	
7020	10	
7021	1	
7022	7	
7023	9	
7024	10	
7025	1	
7026	7	
7027	8	
7028	1	
7029	5	
7030	8	
7031	7	
7032	3	
7033	9	
7034	4	
7035	1	
7036	1	
7037	1	
7038	10	
7039	10	
7040	2	
7041	6	
7042	10	
7043	1	
7044	3	
7045	5	
7046	9	
7047	9	
7048	8	
7049	8	
7050	1	
7051	10	
7052	5	
7053	5	
7054	3	
7055	3	
7056	5	
7057	4	
7058	9	
7059	1	
7060	3	
7061	8	
7062	10	
7063	3	
7064	2	
7065	6	
7066	2	
7067	2	
7068	10	
7069	7	
7070	7	
7071	6	
7072	9	
7073	1	
7074	1	
7075	6	
7076	3	
7077	10	
7078	2	
7079	1	
7080	7	
7081	1	
7082	1	
7083	8	
7084	5	
7085	3	
7086	7	
7087	7	
7088	2	
7089	7	
7090	2	
7091	3	
7092	8	
7093	6	
7094	2	
7095	2	
7096	7	
7097	8	
7098	4	
7099	7	
7100	10	
7101	10	
7102	10	
7103	10	
7104	5	
7105	9	
7106	3	
7107	6	
7108	8	
7109	6	
7110	4	
7111	2	
7112	7	
7113	7	
7114	10	
7115	3	
7116	3	
7117	8	
7118	1	
7119	2	
7120	6	
7121	4	
7122	10	
7123	7	
7124	7	
7125	2	
7126	3	
7127	1	
7128	1	
7129	10	
7130	10	
7131	9	
7132	2	
7133	5	
7134	1	
7135	8	
7136	7	
7137	10	
7138	9	
7139	5	
7140	9	
7141	2	
7142	4	
7143	6	
7144	1	
7145	6	
7146	4	
7147	1	
7148	7	
7149	4	
7150	1	
7151	5	
7152	6	
7153	7	
7154	7	
7155	3	
7156	6	
7157	1	
7158	8	
7159	8	
7160	9	
7161	3	
7162	7	
7163	2	
7164	3	
7165	1	
7166	7	
7167	1	
7168	5	
7169	9	
7170	3	
7171	10	
7172	5	
7173	3	
7174	4	
7175	4	
7176	1	
7177	4	
7178	8	
7179	3	
7180	8	
7181	10	
7182	2	
7183	9	
7184	9	
7185	8	
7186	3	
7187	3	
7188	2	
7189	4	
7190	3	
7191	10	
7192	10	
7193	7	
7194	10	
7195	5	
7196	2	
7197	9	
7198	3	
7199	2	
7200	6	
7201	1	
7202	2	
7203	2	
7204	7	
7205	5	
7206	5	
7207	8	
7208	10	
7209	6	
7210	2	
7211	5	
7212	3	
7213	5	
7214	6	
7215	4	
7216	4	
7217	8	
7218	9	
7219	7	
7220	2	
7221	6	
7222	7	
7223	2	
7224	7	
7225	5	
7226	5	
7227	7	
7228	5	
7229	3	
7230	8	
7231	2	
7232	5	
7233	5	
7234	5	
7235	9	
7236	7	
7237	9	
7238	2	
7239	1	
7240	5	
7241	10	
7242	7	
7243	8	
7244	1	
7245	8	
7246	3	
7247	9	
7248	7	
7249	7	
7250	1	
7251	1	
7252	3	
7253	3	
7254	2	
7255	7	
7256	10	
7257	8	
7258	7	
7259	2	
7260	9	
7261	4	
7262	4	
7263	7	
7264	10	
7265	6	
7266	4	
7267	10	
7268	6	
7269	2	
7270	3	
7271	9	
7272	7	
7273	10	
7274	4	
7275	10	
7276	5	
7277	2	
7278	7	
7279	7	
7280	7	
7281	7	
7282	10	
7283	1	
7284	2	
7285	6	
7286	10	
7287	5	
7288	4	
7289	10	
7290	7	
7291	5	
7292	1	
7293	7	
7294	8	
7295	10	
7296	4	
7297	10	
7298	8	
7299	4	
7300	5	
7301	6	
7302	5	
7303	8	
7304	9	
7305	1	
7306	7	
7307	9	
7308	3	
7309	7	
7310	6	
7311	10	
7312	7	
7313	9	
7314	3	
7315	4	
7316	5	
7317	4	
7318	7	
7319	5	
7320	6	
7321	2	
7322	2	
7323	9	
7324	1	
7325	6	
7326	9	
7327	10	
7328	4	
7329	4	
7330	6	
7331	4	
7332	5	
7333	4	
7334	7	
7335	10	
7336	3	
7337	2	
7338	3	
7339	6	
7340	5	
7341	4	
7342	5	
7343	3	
7344	7	
7345	5	
7346	2	
7347	2	
7348	5	
7349	8	
7350	1	
7351	4	
7352	5	
7353	9	
7354	3	
7355	3	
7356	10	
7357	5	
7358	9	
7359	9	
7360	5	
7361	5	
7362	7	
7363	7	
7364	1	
7365	5	
7366	4	
7367	4	
7368	7	
7369	7	
7370	5	
7371	4	
7372	2	
7373	8	
7374	6	
7375	5	
7376	10	
7377	1	
7378	6	
7379	10	
7380	3	
7381	3	
7382	1	
7383	3	
7384	7	
7385	8	
7386	4	
7387	2	
7388	5	
7389	6	
7390	2	
7391	4	
7392	6	
7393	1	
7394	7	
7395	3	
7396	3	
7397	2	
7398	5	
7399	7	
7400	3	
7401	7	
7402	8	
7403	10	
7404	8	
7405	5	
7406	7	
7407	5	
7408	9	
7409	4	
7410	8	
7411	9	
7412	5	
7413	5	
7414	9	
7415	9	
7416	5	
7417	4	
7418	2	
7419	8	
7420	9	
7421	1	
7422	8	
7423	7	
7424	9	
7425	1	
7426	9	
7427	3	
7428	5	
7429	8	
7430	8	
7431	10	
7432	2	
7433	3	
7434	6	
7435	1	
7436	9	
7437	10	
7438	1	
7439	8	
7440	3	
7441	1	
7442	8	
7443	1	
7444	10	
7445	7	
7446	7	
7447	8	
7448	10	
7449	3	
7450	8	
7451	4	
7452	10	
7453	4	
7454	8	
7455	6	
7456	1	
7457	10	
7458	8	
7459	8	
7460	2	
7461	7	
7462	6	
7463	6	
7464	10	
7465	8	
7466	4	
7467	3	
7468	10	
7469	6	
7470	8	
7471	8	
7472	10	
7473	10	
7474	7	
7475	1	
7476	1	
7477	2	
7478	4	
7479	5	
7480	8	
7481	4	
7482	10	
7483	5	
7484	9	
7485	6	
7486	3	
7487	7	
7488	9	
7489	6	
7490	6	
7491	4	
7492	6	
7493	2	
7494	10	
7495	7	
7496	6	
7497	10	
7498	9	
7499	1	
7500	8	
7501	1	
7502	4	
7503	6	
7504	1	
7505	4	
7506	2	
7507	8	
7508	9	
7509	2	
7510	5	
7511	7	
7512	5	
7513	8	
7514	9	
7515	2	
7516	7	
7517	7	
7518	3	
7519	8	
7520	3	
7521	4	
7522	5	
7523	4	
7524	4	
7525	8	
7526	8	
7527	2	
7528	8	
7529	6	
7530	3	
7531	10	
7532	3	
7533	8	
7534	1	
7535	9	
7536	1	
7537	4	
7538	10	
7539	8	
7540	9	
7541	8	
7542	5	
7543	6	
7544	3	
7545	9	
7546	8	
7547	3	
7548	6	
7549	8	
7550	1	
7551	1	
7552	6	
7553	2	
7554	2	
7555	9	
7556	8	
7557	5	
7558	9	
7559	4	
7560	5	
7561	1	
7562	8	
7563	5	
7564	10	
7565	9	
7566	7	
7567	1	
7568	6	
7569	5	
7570	4	
7571	4	
7572	7	
7573	7	
7574	1	
7575	1	
7576	1	
7577	4	
7578	10	
7579	5	
7580	4	
7581	6	
7582	8	
7583	10	
7584	7	
7585	10	
7586	1	
7587	6	
7588	8	
7589	8	
7590	4	
7591	9	
7592	7	
7593	3	
7594	8	
7595	5	
7596	4	
7597	4	
7598	3	
7599	9	
7600	2	
7601	1	
7602	6	
7603	1	
7604	4	
7605	1	
7606	5	
7607	7	
7608	4	
7609	2	
7610	8	
7611	9	
7612	10	
7613	5	
7614	5	
7615	1	
7616	5	
7617	8	
7618	8	
7619	9	
7620	3	
7621	10	
7622	8	
7623	8	
7624	4	
7625	9	
7626	10	
7627	8	
7628	4	
7629	3	
7630	7	
7631	2	
7632	8	
7633	3	
7634	9	
7635	2	
7636	1	
7637	9	
7638	8	
7639	9	
7640	4	
7641	6	
7642	10	
7643	5	
7644	6	
7645	6	
7646	10	
7647	3	
7648	3	
7649	2	
7650	6	
7651	1	
7652	6	
7653	6	
7654	2	
7655	4	
7656	6	
7657	9	
7658	7	
7659	9	
7660	2	
7661	6	
7662	7	
7663	9	
7664	10	
7665	2	
7666	4	
7667	6	
7668	10	
7669	8	
7670	9	
7671	9	
7672	8	
7673	4	
7674	9	
7675	4	
7676	2	
7677	10	
7678	8	
7679	4	
7680	5	
7681	6	
7682	7	
7683	9	
7684	6	
7685	3	
7686	8	
7687	10	
7688	9	
7689	1	
7690	3	
7691	9	
7692	7	
7693	4	
7694	6	
7695	3	
7696	10	
7697	6	
7698	10	
7699	3	
7700	4	
7701	3	
7702	9	
7703	6	
7704	3	
7705	5	
7706	8	
7707	5	
7708	7	
7709	9	
7710	4	
7711	1	
7712	4	
7713	5	
7714	5	
7715	9	
7716	2	
7717	1	
7718	9	
7719	3	
7720	2	
7721	9	
7722	3	
7723	4	
7724	10	
7725	5	
7726	4	
7727	8	
7728	3	
7729	4	
7730	3	
7731	2	
7732	6	
7733	9	
7734	5	
7735	1	
7736	6	
7737	4	
7738	1	
7739	7	
7740	9	
7741	4	
7742	3	
7743	1	
7744	1	
7745	4	
7746	2	
7747	1	
7748	8	
7749	9	
7750	10	
7751	3	
7752	9	
7753	1	
7754	10	
7755	9	
7756	3	
7757	9	
7758	5	
7759	9	
7760	8	
7761	7	
7762	10	
7763	4	
7764	9	
7765	8	
7766	9	
7767	6	
7768	9	
7769	3	
7770	3	
7771	9	
7772	2	
7773	10	
7774	7	
7775	2	
7776	9	
7777	9	
7778	8	
7779	10	
7780	5	
7781	8	
7782	10	
7783	1	
7784	2	
7785	7	
7786	1	
7787	9	
7788	3	
7789	9	
7790	9	
7791	3	
7792	10	
7793	2	
7794	4	
7795	8	
7796	4	
7797	1	
7798	8	
7799	9	
7800	9	
7801	2	
7802	1	
7803	5	
7804	8	
7805	2	
7806	1	
7807	5	
7808	2	
7809	3	
7810	6	
7811	6	
7812	10	
7813	4	
7814	5	
7815	4	
7816	6	
7817	5	
7818	10	
7819	6	
7820	9	
7821	6	
7822	10	
7823	2	
7824	10	
7825	6	
7826	7	
7827	6	
7828	3	
7829	5	
7830	3	
7831	9	
7832	7	
7833	2	
7834	2	
7835	6	
7836	3	
7837	9	
7838	4	
7839	9	
7840	1	
7841	7	
7842	8	
7843	9	
7844	8	
7845	6	
7846	10	
7847	8	
7848	9	
7849	3	
7850	10	
7851	1	
7852	2	
7853	7	
7854	1	
7855	1	
7856	6	
7857	1	
7858	5	
7859	5	
7860	3	
7861	1	
7862	10	
7863	8	
7864	3	
7865	1	
7866	7	
7867	1	
7868	3	
7869	9	
7870	4	
7871	10	
7872	5	
7873	4	
7874	2	
7875	4	
7876	6	
7877	7	
7878	10	
7879	10	
7880	7	
7881	10	
7882	4	
7883	8	
7884	9	
7885	9	
7886	6	
7887	3	
7888	7	
7889	6	
7890	6	
7891	10	
7892	7	
7893	4	
7894	10	
7895	2	
7896	2	
7897	7	
7898	4	
7899	2	
7900	9	
7901	5	
7902	1	
7903	1	
7904	10	
7905	10	
7906	3	
7907	1	
7908	10	
7909	10	
7910	1	
7911	2	
7912	4	
7913	2	
7914	5	
7915	1	
7916	10	
7917	6	
7918	5	
7919	7	
7920	6	
7921	10	
7922	2	
7923	7	
7924	1	
7925	4	
7926	2	
7927	4	
7928	10	
7929	1	
7930	4	
7931	6	
7932	8	
7933	6	
7934	3	
7935	7	
7936	10	
7937	10	
7938	8	
7939	10	
7940	5	
7941	10	
7942	9	
7943	10	
7944	6	
7945	4	
7946	8	
7947	10	
7948	10	
7949	7	
7950	7	
7951	8	
7952	2	
7953	7	
7954	3	
7955	6	
7956	2	
7957	8	
7958	1	
7959	3	
7960	5	
7961	7	
7962	6	
7963	2	
7964	10	
7965	8	
7966	1	
7967	5	
7968	9	
7969	7	
7970	6	
7971	9	
7972	4	
7973	3	
7974	8	
7975	8	
7976	6	
7977	1	
7978	7	
7979	1	
7980	10	
7981	1	
7982	8	
7983	10	
7984	4	
7985	10	
7986	2	
7987	9	
7988	7	
7989	1	
7990	2	
7991	2	
7992	3	
7993	3	
7994	4	
7995	7	
7996	8	
7997	2	
7998	2	
7999	10	
8000	1	
8001	4	
8002	4	
8003	4	
8004	5	
8005	8	
8006	8	
8007	7	
8008	6	
8009	9	
8010	9	
8011	4	
8012	5	
8013	1	
8014	8	
8015	4	
8016	10	
8017	2	
8018	7	
8019	4	
8020	3	
8021	7	
8022	7	
8023	2	
8024	8	
8025	3	
8026	3	
8027	10	
8028	1	
8029	9	
8030	4	
8031	6	
8032	6	
8033	2	
8034	5	
8035	2	
8036	1	
8037	8	
8038	9	
8039	4	
8040	10	
8041	1	
8042	9	
8043	7	
8044	1	
8045	10	
8046	3	
8047	1	
8048	3	
8049	2	
8050	3	
8051	7	
8052	1	
8053	9	
8054	1	
8055	1	
8056	10	
8057	1	
8058	2	
8059	6	
8060	8	
8061	8	
8062	2	
8063	10	
8064	9	
8065	1	
8066	3	
8067	7	
8068	5	
8069	5	
8070	8	
8071	2	
8072	9	
8073	6	
8074	3	
8075	2	
8076	7	
8077	10	
8078	3	
8079	5	
8080	4	
8081	7	
8082	9	
8083	7	
8084	5	
8085	4	
8086	9	
8087	10	
8088	3	
8089	10	
8090	6	
8091	5	
8092	5	
8093	6	
8094	7	
8095	7	
8096	8	
8097	6	
8098	7	
8099	1	
8100	5	
8101	2	
8102	3	
8103	8	
8104	1	
8105	6	
8106	6	
8107	8	
8108	4	
8109	2	
8110	10	
8111	9	
8112	9	
8113	7	
8114	3	
8115	10	
8116	6	
8117	2	
8118	5	
8119	2	
8120	9	
8121	6	
8122	6	
8123	3	
8124	9	
8125	3	
8126	8	
8127	4	
8128	9	
8129	10	
8130	4	
8131	3	
8132	8	
8133	10	
8134	5	
8135	5	
8136	4	
8137	6	
8138	1	
8139	1	
8140	6	
8141	9	
8142	5	
8143	2	
8144	9	
8145	1	
8146	2	
8147	9	
8148	1	
8149	6	
8150	2	
8151	10	
8152	5	
8153	5	
8154	2	
8155	7	
8156	1	
8157	6	
8158	5	
8159	2	
8160	9	
8161	1	
8162	8	
8163	4	
8164	3	
8165	4	
8166	8	
8167	9	
8168	4	
8169	9	
8170	10	
8171	2	
8172	3	
8173	5	
8174	1	
8175	7	
8176	5	
8177	4	
8178	7	
8179	7	
8180	2	
8181	2	
8182	5	
8183	3	
8184	1	
8185	2	
8186	5	
8187	9	
8188	6	
8189	10	
8190	5	
8191	5	
8192	8	
8193	6	
8194	10	
8195	9	
8196	7	
8197	1	
8198	3	
8199	10	
8200	7	
8201	4	
8202	6	
8203	10	
8204	7	
8205	1	
8206	4	
8207	7	
8208	2	
8209	10	
8210	10	
8211	8	
8212	10	
8213	4	
8214	10	
8215	7	
8216	2	
8217	5	
8218	2	
8219	7	
8220	7	
8221	2	
8222	1	
8223	10	
8224	8	
8225	10	
8226	7	
8227	9	
8228	7	
8229	9	
8230	2	
8231	9	
8232	6	
8233	10	
8234	7	
8235	9	
8236	10	
8237	4	
8238	5	
8239	8	
8240	4	
8241	6	
8242	8	
8243	7	
8244	10	
8245	4	
8246	2	
8247	9	
8248	5	
8249	4	
8250	2	
8251	3	
8252	6	
8253	3	
8254	10	
8255	4	
8256	7	
8257	7	
8258	4	
8259	1	
8260	9	
8261	1	
8262	7	
8263	4	
8264	1	
8265	1	
8266	3	
8267	4	
8268	10	
8269	1	
8270	1	
8271	5	
8272	8	
8273	3	
8274	10	
8275	5	
8276	3	
8277	10	
8278	7	
8279	6	
8280	6	
8281	7	
8282	9	
8283	5	
8284	2	
8285	3	
8286	6	
8287	3	
8288	5	
8289	4	
8290	3	
8291	7	
8292	6	
8293	2	
8294	8	
8295	1	
8296	10	
8297	10	
8298	6	
8299	2	
8300	6	
8301	7	
8302	1	
8303	1	
8304	3	
8305	4	
8306	9	
8307	2	
8308	6	
8309	8	
8310	1	
8311	4	
8312	2	
8313	6	
8314	10	
8315	2	
8316	10	
8317	6	
8318	4	
8319	6	
8320	9	
8321	1	
8322	7	
8323	6	
8324	7	
8325	4	
8326	8	
8327	8	
8328	10	
8329	2	
8330	6	
8331	2	
8332	8	
8333	10	
8334	6	
8335	10	
8336	1	
8337	8	
8338	4	
8339	3	
8340	9	
8341	2	
8342	8	
8343	8	
8344	10	
8345	3	
8346	4	
8347	4	
8348	4	
8349	1	
8350	5	
8351	10	
8352	3	
8353	8	
8354	3	
8355	9	
8356	5	
8357	10	
8358	2	
8359	1	
8360	4	
8361	4	
8362	3	
8363	10	
8364	9	
8365	3	
8366	8	
8367	7	
8368	10	
8369	5	
8370	9	
8371	1	
8372	5	
8373	4	
8374	8	
8375	3	
8376	4	
8377	7	
8378	3	
8379	5	
8380	5	
8381	2	
8382	7	
8383	7	
8384	10	
8385	5	
8386	8	
8387	6	
8388	9	
8389	1	
8390	1	
8391	7	
8392	1	
8393	10	
8394	5	
8395	5	
8396	4	
8397	3	
8398	2	
8399	9	
8400	7	
8401	4	
8402	5	
8403	7	
8404	1	
8405	5	
8406	7	
8407	8	
8408	5	
8409	9	
8410	6	
8411	6	
8412	4	
8413	3	
8414	2	
8415	2	
8416	7	
8417	6	
8418	3	
8419	10	
8420	9	
8421	10	
8422	4	
8423	8	
8424	2	
8425	3	
8426	4	
8427	4	
8428	5	
8429	2	
8430	3	
8431	5	
8432	10	
8433	8	
8434	1	
8435	6	
8436	3	
8437	7	
8438	2	
8439	6	
8440	6	
8441	9	
8442	8	
8443	3	
8444	10	
8445	2	
8446	2	
8447	4	
8448	4	
8449	9	
8450	4	
8451	4	
8452	10	
8453	6	
8454	5	
8455	5	
8456	2	
8457	6	
8458	7	
8459	1	
8460	3	
8461	9	
8462	3	
8463	3	
8464	5	
8465	6	
8466	4	
8467	10	
8468	4	
8469	1	
8470	2	
8471	1	
8472	10	
8473	6	
8474	2	
8475	8	
8476	10	
8477	7	
8478	10	
8479	8	
8480	8	
8481	10	
8482	8	
8483	5	
8484	5	
8485	5	
8486	5	
8487	6	
8488	3	
8489	9	
8490	8	
8491	2	
8492	1	
8493	5	
8494	7	
8495	6	
8496	5	
8497	10	
8498	3	
8499	8	
8500	1	
8501	10	
8502	5	
8503	7	
8504	6	
8505	5	
8506	3	
8507	1	
8508	2	
8509	1	
8510	9	
8511	3	
8512	10	
8513	1	
8514	10	
8515	9	
8516	4	
8517	6	
8518	9	
8519	4	
8520	10	
8521	10	
8522	10	
8523	9	
8524	9	
8525	2	
8526	6	
8527	9	
8528	1	
8529	1	
8530	8	
8531	1	
8532	1	
8533	8	
8534	8	
8535	9	
8536	6	
8537	9	
8538	1	
8539	10	
8540	1	
8541	6	
8542	9	
8543	5	
8544	4	
8545	9	
8546	2	
8547	7	
8548	6	
8549	8	
8550	1	
8551	1	
8552	6	
8553	9	
8554	4	
8555	5	
8556	2	
8557	3	
8558	1	
8559	5	
8560	10	
8561	4	
8562	1	
8563	8	
8564	9	
8565	4	
8566	10	
8567	9	
8568	9	
8569	3	
8570	5	
8571	2	
8572	4	
8573	1	
8574	7	
8575	3	
8576	1	
8577	8	
8578	5	
8579	8	
8580	6	
8581	7	
8582	10	
8583	3	
8584	7	
8585	9	
8586	4	
8587	1	
8588	3	
8589	4	
8590	7	
8591	1	
8592	5	
8593	9	
8594	9	
8595	9	
8596	7	
8597	5	
8598	8	
8599	2	
8600	2	
8601	5	
8602	2	
8603	1	
8604	3	
8605	1	
8606	6	
8607	10	
8608	10	
8609	3	
8610	6	
8611	3	
8612	6	
8613	8	
8614	7	
8615	8	
8616	4	
8617	7	
8618	3	
8619	3	
8620	7	
8621	7	
8622	4	
8623	3	
8624	4	
8625	1	
8626	4	
8627	9	
8628	4	
8629	5	
8630	6	
8631	6	
8632	8	
8633	4	
8634	4	
8635	3	
8636	9	
8637	8	
8638	1	
8639	9	
8640	8	
8641	5	
8642	2	
8643	9	
8644	3	
8645	8	
8646	1	
8647	3	
8648	10	
8649	7	
8650	2	
8651	4	
8652	9	
8653	10	
8654	3	
8655	8	
8656	10	
8657	1	
8658	2	
8659	5	
8660	5	
8661	3	
8662	5	
8663	7	
8664	10	
8665	3	
8666	7	
8667	1	
8668	7	
8669	1	
8670	10	
8671	3	
8672	10	
8673	8	
8674	4	
8675	8	
8676	1	
8677	4	
8678	3	
8679	1	
8680	4	
8681	4	
8682	8	
8683	5	
8684	7	
8685	9	
8686	7	
8687	1	
8688	8	
8689	10	
8690	2	
8691	1	
8692	4	
8693	9	
8694	8	
8695	4	
8696	6	
8697	4	
8698	5	
8699	3	
8700	1	
8701	1	
8702	6	
8703	4	
8704	10	
8705	3	
8706	6	
8707	7	
8708	4	
8709	1	
8710	3	
8711	1	
8712	9	
8713	7	
8714	5	
8715	9	
8716	8	
8717	1	
8718	8	
8719	10	
8720	5	
8721	3	
8722	5	
8723	7	
8724	2	
8725	9	
8726	8	
8727	5	
8728	10	
8729	2	
8730	2	
8731	5	
8732	10	
8733	2	
8734	4	
8735	8	
8736	3	
8737	9	
8738	9	
8739	7	
8740	2	
8741	7	
8742	4	
8743	2	
8744	3	
8745	5	
8746	6	
8747	8	
8748	9	
8749	6	
8750	9	
8751	6	
8752	2	
8753	2	
8754	9	
8755	3	
8756	8	
8757	9	
8758	10	
8759	4	
8760	7	
8761	4	
8762	6	
8763	7	
8764	10	
8765	9	
8766	10	
8767	6	
8768	8	
8769	3	
8770	4	
8771	4	
8772	5	
8773	7	
8774	7	
8775	6	
8776	9	
8777	6	
8778	2	
8779	1	
8780	2	
8781	8	
8782	5	
8783	6	
8784	1	
8785	8	
8786	9	
8787	1	
8788	5	
8789	3	
8790	6	
8791	7	
8792	3	
8793	1	
8794	10	
8795	9	
8796	7	
8797	7	
8798	9	
8799	6	
8800	7	
8801	4	
8802	3	
8803	1	
8804	9	
8805	2	
8806	7	
8807	2	
8808	8	
8809	9	
8810	9	
8811	5	
8812	10	
8813	6	
8814	9	
8815	4	
8816	9	
8817	2	
8818	4	
8819	5	
8820	6	
8821	9	
8822	3	
8823	10	
8824	1	
8825	9	
8826	10	
8827	2	
8828	1	
8829	1	
8830	1	
8831	1	
8832	7	
8833	2	
8834	9	
8835	7	
8836	2	
8837	8	
8838	4	
8839	1	
8840	6	
8841	7	
8842	9	
8843	1	
8844	9	
8845	5	
8846	4	
8847	6	
8848	3	
8849	4	
8850	3	
8851	4	
8852	1	
8853	9	
8854	10	
8855	3	
8856	1	
8857	9	
8858	2	
8859	6	
8860	10	
8861	6	
8862	6	
8863	1	
8864	9	
8865	7	
8866	1	
8867	1	
8868	6	
8869	2	
8870	7	
8871	9	
8872	4	
8873	6	
8874	1	
8875	2	
8876	1	
8877	10	
8878	2	
8879	1	
8880	5	
8881	4	
8882	8	
8883	10	
8884	5	
8885	1	
8886	5	
8887	9	
8888	7	
8889	8	
8890	5	
8891	2	
8892	3	
8893	2	
8894	10	
8895	2	
8896	6	
8897	6	
8898	10	
8899	10	
8900	4	
8901	7	
8902	5	
8903	9	
8904	5	
8905	3	
8906	9	
8907	6	
8908	2	
8909	6	
8910	8	
8911	1	
8912	10	
8913	6	
8914	4	
8915	2	
8916	1	
8917	8	
8918	1	
8919	9	
8920	8	
8921	1	
8922	9	
8923	8	
8924	2	
8925	4	
8926	1	
8927	3	
8928	3	
8929	3	
8930	3	
8931	2	
8932	4	
8933	4	
8934	6	
8935	8	
8936	8	
8937	9	
8938	5	
8939	7	
8940	1	
8941	10	
8942	3	
8943	4	
8944	7	
8945	8	
8946	4	
8947	5	
8948	9	
8949	8	
8950	5	
8951	3	
8952	1	
8953	1	
8954	10	
8955	5	
8956	3	
8957	1	
8958	5	
8959	1	
8960	8	
8961	9	
8962	4	
8963	4	
8964	9	
8965	4	
8966	8	
8967	5	
8968	7	
8969	5	
8970	8	
8971	2	
8972	7	
8973	10	
8974	7	
8975	9	
8976	3	
8977	10	
8978	6	
8979	9	
8980	8	
8981	4	
8982	6	
8983	2	
8984	7	
8985	6	
8986	6	
8987	6	
8988	9	
8989	7	
8990	2	
8991	9	
8992	4	
8993	8	
8994	2	
8995	3	
8996	8	
8997	9	
8998	9	
8999	5	
9000	9	
9001	6	
9002	7	
9003	7	
9004	1	
9005	4	
9006	9	
9007	6	
9008	6	
9009	5	
9010	9	
9011	7	
9012	9	
9013	5	
9014	8	
9015	9	
9016	1	
9017	1	
9018	5	
9019	8	
9020	1	
9021	9	
9022	6	
9023	10	
9024	2	
9025	4	
9026	8	
9027	3	
9028	5	
9029	8	
9030	1	
9031	6	
9032	5	
9033	4	
9034	5	
9035	7	
9036	8	
9037	2	
9038	10	
9039	7	
9040	7	
9041	9	
9042	10	
9043	6	
9044	3	
9045	5	
9046	6	
9047	1	
9048	9	
9049	7	
9050	4	
9051	8	
9052	2	
9053	5	
9054	2	
9055	8	
9056	4	
9057	10	
9058	10	
9059	3	
9060	9	
9061	4	
9062	10	
9063	5	
9064	2	
9065	4	
9066	5	
9067	4	
9068	3	
9069	5	
9070	5	
9071	10	
9072	5	
9073	6	
9074	6	
9075	6	
9076	7	
9077	5	
9078	1	
9079	6	
9080	2	
9081	8	
9082	9	
9083	6	
9084	3	
9085	5	
9086	4	
9087	2	
9088	1	
9089	5	
9090	7	
9091	6	
9092	1	
9093	9	
9094	5	
9095	3	
9096	3	
9097	3	
9098	7	
9099	10	
9100	10	
9101	1	
9102	1	
9103	9	
9104	4	
9105	1	
9106	10	
9107	6	
9108	7	
9109	6	
9110	5	
9111	7	
9112	5	
9113	5	
9114	4	
9115	7	
9116	5	
9117	7	
9118	9	
9119	7	
9120	4	
9121	4	
9122	8	
9123	9	
9124	3	
9125	2	
9126	10	
9127	4	
9128	4	
9129	2	
9130	6	
9131	4	
9132	5	
9133	1	
9134	2	
9135	3	
9136	8	
9137	10	
9138	4	
9139	1	
9140	2	
9141	10	
9142	6	
9143	5	
9144	1	
9145	1	
9146	6	
9147	10	
9148	6	
9149	10	
9150	8	
9151	6	
9152	4	
9153	10	
9154	10	
9155	4	
9156	6	
9157	4	
9158	9	
9159	9	
9160	6	
9161	6	
9162	3	
9163	1	
9164	7	
9165	2	
9166	1	
9167	10	
9168	2	
9169	1	
9170	5	
9171	2	
9172	9	
9173	6	
9174	3	
9175	9	
9176	4	
9177	1	
9178	1	
9179	10	
9180	5	
9181	3	
9182	5	
9183	3	
9184	8	
9185	9	
9186	9	
9187	2	
9188	10	
9189	10	
9190	3	
9191	10	
9192	8	
9193	9	
9194	7	
9195	10	
9196	6	
9197	2	
9198	5	
9199	8	
9200	8	
9201	8	
9202	4	
9203	10	
9204	10	
9205	2	
9206	2	
9207	2	
9208	3	
9209	8	
9210	3	
9211	7	
9212	7	
9213	7	
9214	5	
9215	3	
9216	6	
9217	8	
9218	4	
9219	8	
9220	7	
9221	1	
9222	6	
9223	5	
9224	4	
9225	3	
9226	7	
9227	10	
9228	2	
9229	2	
9230	4	
9231	8	
9232	2	
9233	3	
9234	2	
9235	3	
9236	10	
9237	10	
9238	5	
9239	10	
9240	5	
9241	6	
9242	10	
9243	2	
9244	4	
9245	5	
9246	3	
9247	7	
9248	7	
9249	4	
9250	4	
9251	4	
9252	5	
9253	3	
9254	8	
9255	6	
9256	3	
9257	7	
9258	3	
9259	9	
9260	6	
9261	9	
9262	1	
9263	6	
9264	7	
9265	7	
9266	6	
9267	6	
9268	4	
9269	10	
9270	9	
9271	2	
9272	6	
9273	8	
9274	6	
9275	4	
9276	9	
9277	10	
9278	7	
9279	7	
9280	8	
9281	8	
9282	5	
9283	4	
9284	4	
9285	7	
9286	6	
9287	4	
9288	6	
9289	7	
9290	10	
9291	10	
9292	5	
9293	6	
9294	1	
9295	10	
9296	8	
9297	10	
9298	2	
9299	4	
9300	1	
9301	8	
9302	4	
9303	3	
9304	6	
9305	3	
9306	8	
9307	9	
9308	9	
9309	10	
9310	4	
9311	1	
9312	4	
9313	5	
9314	1	
9315	9	
9316	6	
9317	4	
9318	5	
9319	10	
9320	2	
9321	10	
9322	1	
9323	10	
9324	7	
9325	4	
9326	1	
9327	10	
9328	2	
9329	9	
9330	10	
9331	2	
9332	6	
9333	8	
9334	4	
9335	1	
9336	5	
9337	7	
9338	8	
9339	6	
9340	1	
9341	5	
9342	2	
9343	9	
9344	7	
9345	5	
9346	7	
9347	3	
9348	6	
9349	6	
9350	5	
9351	1	
9352	4	
9353	8	
9354	6	
9355	2	
9356	5	
9357	5	
9358	8	
9359	8	
9360	4	
9361	6	
9362	1	
9363	6	
9364	5	
9365	6	
9366	5	
9367	3	
9368	9	
9369	1	
9370	1	
9371	8	
9372	3	
9373	10	
9374	3	
9375	2	
9376	10	
9377	3	
9378	9	
9379	8	
9380	1	
9381	4	
9382	3	
9383	10	
9384	10	
9385	3	
9386	2	
9387	9	
9388	8	
9389	6	
9390	6	
9391	1	
9392	10	
9393	10	
9394	3	
9395	3	
9396	5	
9397	8	
9398	3	
9399	2	
9400	10	
9401	6	
9402	1	
9403	6	
9404	10	
9405	7	
9406	7	
9407	7	
9408	4	
9409	4	
9410	1	
9411	3	
9412	7	
9413	7	
9414	8	
9415	10	
9416	9	
9417	4	
9418	10	
9419	9	
9420	3	
9421	10	
9422	8	
9423	9	
9424	7	
9425	1	
9426	7	
9427	4	
9428	1	
9429	7	
9430	10	
9431	6	
9432	9	
9433	9	
9434	1	
9435	3	
9436	1	
9437	6	
9438	10	
9439	10	
9440	5	
9441	8	
9442	4	
9443	8	
9444	5	
9445	8	
9446	3	
9447	7	
9448	8	
9449	4	
9450	10	
9451	1	
9452	8	
9453	1	
9454	7	
9455	8	
9456	4	
9457	5	
9458	5	
9459	9	
9460	3	
9461	5	
9462	1	
9463	4	
9464	8	
9465	5	
9466	5	
9467	7	
9468	5	
9469	10	
9470	6	
9471	10	
9472	5	
9473	4	
9474	6	
9475	5	
9476	10	
9477	10	
9478	10	
9479	1	
9480	7	
9481	6	
9482	3	
9483	2	
9484	6	
9485	8	
9486	5	
9487	7	
9488	8	
9489	8	
9490	3	
9491	8	
9492	4	
9493	7	
9494	9	
9495	2	
9496	6	
9497	10	
9498	1	
9499	1	
9500	9	
9501	4	
9502	7	
9503	8	
9504	6	
9505	3	
9506	3	
9507	2	
9508	9	
9509	7	
9510	2	
9511	1	
9512	1	
9513	5	
9514	7	
9515	6	
9516	8	
9517	8	
9518	1	
9519	8	
9520	10	
9521	7	
9522	6	
9523	5	
9524	3	
9525	2	
9526	8	
9527	8	
9528	4	
9529	5	
9530	1	
9531	8	
9532	7	
9533	8	
9534	9	
9535	3	
9536	6	
9537	2	
9538	7	
9539	3	
9540	8	
9541	4	
9542	10	
9543	9	
9544	3	
9545	1	
9546	4	
9547	10	
9548	4	
9549	2	
9550	4	
9551	9	
9552	6	
9553	3	
9554	3	
9555	4	
9556	9	
9557	10	
9558	5	
9559	2	
9560	4	
9561	7	
9562	10	
9563	8	
9564	6	
9565	7	
9566	5	
9567	9	
9568	7	
9569	9	
9570	4	
9571	8	
9572	4	
9573	10	
9574	6	
9575	3	
9576	6	
9577	5	
9578	2	
9579	5	
9580	1	
9581	4	
9582	1	
9583	8	
9584	3	
9585	9	
9586	5	
9587	1	
9588	3	
9589	6	
9590	1	
9591	4	
9592	9	
9593	6	
9594	9	
9595	4	
9596	3	
9597	2	
9598	1	
9599	5	
9600	10	
9601	7	
9602	4	
9603	10	
9604	8	
9605	7	
9606	1	
9607	1	
9608	7	
9609	6	
9610	7	
9611	1	
9612	2	
9613	3	
9614	1	
9615	9	
9616	8	
9617	4	
9618	7	
9619	7	
9620	5	
9621	9	
9622	7	
9623	2	
9624	2	
9625	3	
9626	9	
9627	3	
9628	6	
9629	2	
9630	6	
9631	8	
9632	5	
9633	7	
9634	4	
9635	6	
9636	7	
9637	4	
9638	10	
9639	3	
9640	2	
9641	5	
9642	7	
9643	9	
9644	2	
9645	2	
9646	10	
9647	7	
9648	9	
9649	6	
9650	7	
9651	4	
9652	10	
9653	7	
9654	1	
9655	1	
9656	9	
9657	7	
9658	7	
9659	6	
9660	8	
9661	1	
9662	7	
9663	4	
9664	6	
9665	1	
9666	1	
9667	8	
9668	5	
9669	10	
9670	6	
9671	10	
9672	10	
9673	2	
9674	2	
9675	3	
9676	8	
9677	1	
9678	9	
9679	2	
9680	5	
9681	6	
9682	10	
9683	1	
9684	7	
9685	5	
9686	2	
9687	6	
9688	5	
9689	9	
9690	9	
9691	2	
9692	2	
9693	6	
9694	6	
9695	10	
9696	2	
9697	9	
9698	5	
9699	3	
9700	9	
9701	10	
9702	2	
9703	10	
9704	6	
9705	8	
9706	4	
9707	7	
9708	2	
9709	10	
9710	1	
9711	6	
9712	7	
9713	3	
9714	9	
9715	5	
9716	2	
9717	9	
9718	3	
9719	5	
9720	1	
9721	2	
9722	8	
9723	1	
9724	1	
9725	6	
9726	8	
9727	10	
9728	3	
9729	4	
9730	1	
9731	8	
9732	4	
9733	1	
9734	2	
9735	6	
9736	10	
9737	2	
9738	8	
9739	3	
9740	1	
9741	10	
9742	2	
9743	6	
9744	4	
9745	9	
9746	4	
9747	4	
9748	2	
9749	5	
9750	5	
9751	3	
9752	6	
9753	10	
9754	9	
9755	8	
9756	2	
9757	3	
9758	2	
9759	10	
9760	1	
9761	8	
9762	2	
9763	2	
9764	2	
9765	7	
9766	5	
9767	2	
9768	7	
9769	8	
9770	2	
9771	7	
9772	2	
9773	7	
9774	9	
9775	10	
9776	6	
9777	7	
9778	10	
9779	5	
9780	10	
9781	3	
9782	1	
9783	7	
9784	7	
9785	10	
9786	8	
9787	2	
9788	7	
9789	10	
9790	8	
9791	2	
9792	1	
9793	3	
9794	7	
9795	2	
9796	5	
9797	5	
9798	2	
9799	7	
9800	8	
9801	10	
9802	1	
9803	7	
9804	2	
9805	3	
9806	3	
9807	2	
9808	8	
9809	8	
9810	1	
9811	9	
9812	1	
9813	3	
9814	7	
9815	8	
9816	6	
9817	1	
9818	2	
9819	9	
9820	3	
9821	4	
9822	9	
9823	6	
9824	8	
9825	4	
9826	5	
9827	2	
9828	3	
9829	4	
9830	5	
9831	5	
9832	2	
9833	6	
9834	6	
9835	9	
9836	9	
9837	9	
9838	1	
9839	4	
9840	5	
9841	5	
9842	9	
9843	8	
9844	6	
9845	5	
9846	4	
9847	2	
9848	10	
9849	1	
9850	4	
9851	4	
9852	1	
9853	8	
9854	5	
9855	10	
9856	10	
9857	8	
9858	4	
9859	6	
9860	1	
9861	6	
9862	9	
9863	8	
9864	4	
9865	2	
9866	1	
9867	5	
9868	10	
9869	4	
9870	8	
9871	2	
9872	5	
9873	9	
9874	4	
9875	5	
9876	3	
9877	5	
9878	7	
9879	2	
9880	4	
9881	3	
9882	3	
9883	6	
9884	1	
9885	5	
9886	4	
9887	2	
9888	6	
9889	10	
9890	9	
9891	2	
9892	2	
9893	8	
9894	8	
9895	10	
9896	2	
9897	10	
9898	9	
9899	4	
9900	10	
9901	3	
9902	4	
9903	5	
9904	6	
9905	4	
9906	1	
9907	9	
9908	5	
9909	5	
9910	8	
9911	5	
9912	9	
9913	4	
9914	2	
9915	8	
9916	10	
9917	5	
9918	6	
9919	8	
9920	3	
9921	3	
9922	5	
9923	1	
9924	8	
9925	5	
9926	8	
9927	2	
9928	7	
9929	5	
9930	1	
9931	10	
9932	1	
9933	9	
9934	10	
9935	9	
9936	9	
9937	7	
9938	7	
9939	3	
9940	7	
9941	6	
9942	4	
9943	8	
9944	2	
9945	8	
9946	9	
9947	1	
9948	3	
9949	1	
9950	9	
9951	9	
9952	6	
9953	5	
9954	8	
9955	5	
9956	10	
9957	8	
9958	1	
9959	7	
9960	4	
9961	3	
9962	4	
9963	2	
9964	1	
9965	5	
9966	3	
9967	6	
9968	6	
9969	7	
9970	9	
9971	10	
9972	6	
9973	4	
9974	2	
9975	4	
9976	5	
9977	2	
9978	1	
9979	7	
9980	8	
9981	6	
9982	7	
9983	9	
9984	1	
9985	1	
9986	5	
9987	7	
9988	7	
9989	4	
9990	10	
9991	6	
9992	5	
9993	9	
9994	2	
9995	9	
9996	4	
9997	1	
9998	9	
9999	3	
10000	3	
1100
