10000
1	83	
2	63	
3	9	
4	6	
5	67	
6	61	
7	76	
8	63	
9	60	
10	77	
11	67	
12	90	
13	7	
14	75	
15	84	
16	32	
17	88	
18	31	
19	40	
20	5	
21	24	
22	95	
23	15	
24	42	
25	20	
26	91	
27	29	
28	75	
29	97	
30	86	
31	93	
32	15	
33	63	
34	92	
35	95	
36	76	
37	91	
38	56	
39	79	
40	74	
41	6	
42	9	
43	1	
44	37	
45	50	
46	14	
47	29	
48	77	
49	10	
50	79	
51	22	
52	31	
53	76	
54	55	
55	100	
56	51	
57	80	
58	94	
59	59	
60	65	
61	56	
62	98	
63	59	
64	70	
65	67	
66	23	
67	96	
68	42	
69	35	
70	69	
71	65	
72	45	
73	17	
74	6	
75	55	
76	100	
77	94	
78	22	
79	92	
80	86	
81	1	
82	73	
83	26	
84	49	
85	69	
86	21	
87	71	
88	99	
89	73	
90	98	
91	32	
92	84	
93	16	
94	55	
95	11	
96	44	
97	52	
98	56	
99	51	
100	39	
101	80	
102	35	
103	73	
104	27	
105	52	
106	73	
107	14	
108	90	
109	62	
110	44	
111	70	
112	54	
113	52	
114	88	
115	100	
116	50	
117	62	
118	48	
119	100	
120	52	
121	35	
122	52	
123	7	
124	42	
125	4	
126	14	
127	19	
128	87	
129	90	
130	10	
131	17	
132	72	
133	90	
134	71	
135	36	
136	5	
137	48	
138	14	
139	65	
140	39	
141	78	
142	4	
143	98	
144	66	
145	20	
146	93	
147	65	
148	10	
149	68	
150	81	
151	48	
152	72	
153	57	
154	55	
155	33	
156	51	
157	5	
158	58	
159	21	
160	56	
161	60	
162	38	
163	73	
164	21	
165	56	
166	1	
167	2	
168	39	
169	81	
170	56	
171	62	
172	65	
173	72	
174	57	
175	14	
176	50	
177	25	
178	92	
179	1	
180	99	
181	54	
182	4	
183	11	
184	95	
185	36	
186	24	
187	21	
188	76	
189	39	
190	60	
191	37	
192	14	
193	99	
194	47	
195	92	
196	69	
197	31	
198	81	
199	70	
200	76	
201	74	
202	44	
203	54	
204	14	
205	30	
206	32	
207	35	
208	9	
209	6	
210	28	
211	3	
212	59	
213	42	
214	52	
215	89	
216	70	
217	11	
218	7	
219	84	
220	97	
221	53	
222	20	
223	60	
224	19	
225	67	
226	91	
227	66	
228	32	
229	54	
230	6	
231	92	
232	65	
233	84	
234	93	
235	48	
236	67	
237	72	
238	92	
239	4	
240	96	
241	88	
242	66	
243	80	
244	94	
245	13	
246	38	
247	25	
248	53	
249	27	
250	79	
251	42	
252	58	
253	32	
254	49	
255	86	
256	8	
257	7	
258	19	
259	42	
260	68	
261	50	
262	60	
263	82	
264	82	
265	34	
266	57	
267	41	
268	47	
269	48	
270	62	
271	31	
272	18	
273	63	
274	58	
275	40	
276	89	
277	50	
278	1	
279	88	
280	67	
281	52	
282	77	
283	30	
284	94	
285	3	
286	32	
287	98	
288	60	
289	64	
290	90	
291	41	
292	75	
293	39	
294	93	
295	42	
296	38	
297	77	
298	49	
299	65	
300	99	
301	15	
302	14	
303	69	
304	40	
305	90	
306	43	
307	62	
308	4	
309	11	
310	46	
311	33	
312	93	
313	69	
314	69	
315	81	
316	53	
317	32	
318	88	
319	61	
320	44	
321	93	
322	42	
323	59	
324	73	
325	100	
326	98	
327	1	
328	70	
329	1	
330	48	
331	95	
332	74	
333	72	
334	67	
335	81	
336	58	
337	90	
338	14	
339	7	
340	27	
341	44	
342	69	
343	25	
344	87	
345	19	
346	74	
347	55	
348	61	
349	100	
350	62	
351	27	
352	15	
353	19	
354	39	
355	7	
356	40	
357	10	
358	18	
359	62	
360	69	
361	61	
362	84	
363	68	
364	89	
365	21	
366	46	
367	40	
368	35	
369	30	
370	22	
371	71	
372	41	
373	43	
374	25	
375	7	
376	44	
377	62	
378	49	
379	95	
380	48	
381	74	
382	6	
383	63	
384	94	
385	70	
386	22	
387	94	
388	97	
389	89	
390	35	
391	10	
392	60	
393	26	
394	73	
395	15	
396	36	
397	51	
398	7	
399	29	
400	48	
401	91	
402	64	
403	5	
404	10	
405	29	
406	31	
407	5	
408	53	
409	45	
410	77	
411	98	
412	58	
413	56	
414	40	
415	82	
416	29	
417	90	
418	63	
419	91	
420	91	
421	4	
422	14	
423	48	
424	95	
425	23	
426	28	
427	9	
428	55	
429	93	
430	77	
431	54	
432	93	
433	73	
434	36	
435	62	
436	60	
437	85	
438	51	
439	77	
440	74	
441	45	
442	95	
443	75	
444	45	
445	34	
446	19	
447	88	
448	44	
449	78	
450	98	
451	40	
452	100	
453	96	
454	70	
455	21	
456	1	
457	10	
458	65	
459	66	
460	29	
461	80	
462	45	
463	68	
464	9	
465	87	
466	25	
467	81	
468	45	
469	65	
470	76	
471	35	
472	30	
473	57	
474	95	
475	3	
476	94	
477	6	
478	11	
479	84	
480	42	
481	62	
482	62	
483	82	
484	25	
485	4	
486	68	
487	25	
488	15	
489	48	
490	100	
491	74	
492	30	
493	20	
494	86	
495	18	
496	17	
497	42	
498	88	
499	59	
500	53	
501	2	
502	39	
503	20	
504	98	
505	58	
506	28	
507	22	
508	60	
509	94	
510	50	
511	51	
512	19	
513	59	
514	39	
515	12	
516	93	
517	25	
518	40	
519	16	
520	53	
521	100	
522	8	
523	11	
524	43	
525	80	
526	73	
527	98	
528	9	
529	14	
530	80	
531	68	
532	45	
533	83	
534	16	
535	56	
536	77	
537	80	
538	91	
539	43	
540	53	
541	10	
542	21	
543	20	
544	41	
545	29	
546	31	
547	12	
548	9	
549	7	
550	41	
551	25	
552	50	
553	28	
554	22	
555	8	
556	28	
557	37	
558	70	
559	5	
560	12	
561	94	
562	50	
563	87	
564	45	
565	49	
566	70	
567	42	
568	12	
569	94	
570	88	
571	35	
572	10	
573	87	
574	51	
575	28	
576	90	
577	56	
578	76	
579	86	
580	37	
581	73	
582	44	
583	16	
584	31	
585	56	
586	53	
587	39	
588	21	
589	38	
590	28	
591	78	
592	54	
593	43	
594	54	
595	61	
596	36	
597	36	
598	17	
599	79	
600	83	
601	57	
602	2	
603	53	
604	2	
605	73	
606	26	
607	23	
608	54	
609	83	
610	42	
611	79	
612	76	
613	64	
614	81	
615	15	
616	19	
617	62	
618	6	
619	5	
620	73	
621	28	
622	52	
623	78	
624	13	
625	60	
626	56	
627	49	
628	40	
629	91	
630	59	
631	3	
632	1	
633	69	
634	38	
635	95	
636	74	
637	76	
638	31	
639	32	
640	62	
641	15	
642	22	
643	75	
644	71	
645	72	
646	3	
647	84	
648	67	
649	3	
650	89	
651	6	
652	33	
653	27	
654	66	
655	100	
656	91	
657	74	
658	83	
659	57	
660	38	
661	7	
662	14	
663	69	
664	71	
665	45	
666	59	
667	14	
668	34	
669	91	
670	17	
671	4	
672	94	
673	31	
674	4	
675	46	
676	17	
677	56	
678	51	
679	87	
680	3	
681	78	
682	1	
683	89	
684	52	
685	90	
686	9	
687	30	
688	96	
689	69	
690	51	
691	62	
692	65	
693	51	
694	26	
695	14	
696	72	
697	10	
698	54	
699	93	
700	21	
701	82	
702	9	
703	98	
704	81	
705	8	
706	92	
707	19	
708	80	
709	9	
710	88	
711	37	
712	86	
713	41	
714	67	
715	59	
716	39	
717	58	
718	30	
719	77	
720	46	
721	8	
722	34	
723	79	
724	66	
725	25	
726	76	
727	73	
728	37	
729	31	
730	59	
731	34	
732	12	
733	66	
734	43	
735	95	
736	5	
737	6	
738	93	
739	6	
740	37	
741	38	
742	95	
743	38	
744	77	
745	77	
746	38	
747	43	
748	6	
749	87	
750	44	
751	12	
752	14	
753	92	
754	25	
755	46	
756	12	
757	22	
758	16	
759	7	
760	10	
761	86	
762	37	
763	14	
764	66	
765	23	
766	2	
767	19	
768	15	
769	76	
770	20	
771	5	
772	23	
773	24	
774	84	
775	49	
776	16	
777	49	
778	15	
779	78	
780	80	
781	36	
782	16	
783	17	
784	75	
785	97	
786	75	
787	67	
788	81	
789	61	
790	94	
791	4	
792	51	
793	84	
794	33	
795	88	
796	12	
797	13	
798	75	
799	69	
800	57	
801	15	
802	56	
803	34	
804	40	
805	7	
806	10	
807	56	
808	66	
809	98	
810	26	
811	100	
812	82	
813	10	
814	46	
815	13	
816	51	
817	10	
818	30	
819	92	
820	94	
821	72	
822	21	
823	24	
824	15	
825	48	
826	79	
827	73	
828	62	
829	51	
830	29	
831	71	
832	59	
833	46	
834	78	
835	17	
836	32	
837	30	
838	18	
839	64	
840	24	
841	4	
842	66	
843	52	
844	68	
845	76	
846	57	
847	67	
848	55	
849	100	
850	95	
851	7	
852	78	
853	47	
854	78	
855	77	
856	42	
857	63	
858	66	
859	88	
860	75	
861	58	
862	34	
863	30	
864	93	
865	54	
866	49	
867	52	
868	77	
869	2	
870	20	
871	43	
872	29	
873	22	
874	96	
875	63	
876	25	
877	31	
878	22	
879	4	
880	54	
881	66	
882	49	
883	60	
884	79	
885	56	
886	96	
887	98	
888	1	
889	40	
890	87	
891	99	
892	96	
893	13	
894	99	
895	4	
896	78	
897	87	
898	59	
899	56	
900	16	
901	11	
902	23	
903	41	
904	62	
905	73	
906	68	
907	64	
908	38	
909	51	
910	29	
911	40	
912	81	
913	45	
914	77	
915	16	
916	86	
917	72	
918	44	
919	93	
920	8	
921	33	
922	73	
923	31	
924	97	
925	65	
926	99	
927	93	
928	71	
929	64	
930	49	
931	20	
932	92	
933	16	
934	36	
935	62	
936	15	
937	37	
938	49	
939	100	
940	66	
941	20	
942	65	
943	58	
944	88	
945	77	
946	15	
947	55	
948	85	
949	18	
950	86	
951	39	
952	43	
953	71	
954	9	
955	55	
956	33	
957	70	
958	68	
959	73	
960	99	
961	10	
962	30	
963	78	
964	47	
965	82	
966	62	
967	89	
968	19	
969	33	
970	64	
971	75	
972	86	
973	56	
974	23	
975	91	
976	14	
977	37	
978	10	
979	68	
980	8	
981	56	
982	81	
983	12	
984	49	
985	62	
986	59	
987	17	
988	73	
989	27	
990	94	
991	19	
992	63	
993	37	
994	24	
995	75	
996	74	
997	100	
998	38	
999	7	
1000	99	
1001	86	
1002	97	
1003	24	
1004	82	
1005	86	
1006	62	
1007	94	
1008	80	
1009	86	
1010	87	
1011	12	
1012	91	
1013	59	
1014	86	
1015	11	
1016	19	
1017	49	
1018	46	
1019	90	
1020	64	
1021	89	
1022	11	
1023	16	
1024	59	
1025	92	
1026	64	
1027	74	
1028	56	
1029	99	
1030	96	
1031	39	
1032	63	
1033	23	
1034	7	
1035	52	
1036	73	
1037	16	
1038	27	
1039	64	
1040	21	
1041	11	
1042	26	
1043	39	
1044	21	
1045	38	
1046	16	
1047	48	
1048	16	
1049	84	
1050	51	
1051	93	
1052	47	
1053	28	
1054	44	
1055	95	
1056	98	
1057	76	
1058	5	
1059	48	
1060	38	
1061	31	
1062	87	
1063	94	
1064	86	
1065	29	
1066	62	
1067	71	
1068	28	
1069	3	
1070	38	
1071	49	
1072	62	
1073	74	
1074	14	
1075	76	
1076	11	
1077	30	
1078	72	
1079	17	
1080	53	
1081	61	
1082	73	
1083	59	
1084	98	
1085	15	
1086	96	
1087	37	
1088	1	
1089	16	
1090	4	
1091	57	
1092	84	
1093	15	
1094	8	
1095	36	
1096	29	
1097	56	
1098	80	
1099	8	
1100	14	
1101	91	
1102	34	
1103	68	
1104	75	
1105	100	
1106	48	
1107	76	
1108	20	
1109	51	
1110	90	
1111	96	
1112	14	
1113	10	
1114	58	
1115	79	
1116	8	
1117	59	
1118	5	
1119	22	
1120	56	
1121	54	
1122	5	
1123	64	
1124	81	
1125	56	
1126	50	
1127	92	
1128	47	
1129	7	
1130	71	
1131	84	
1132	40	
1133	7	
1134	48	
1135	18	
1136	71	
1137	20	
1138	7	
1139	83	
1140	5	
1141	56	
1142	69	
1143	37	
1144	70	
1145	15	
1146	67	
1147	6	
1148	10	
1149	67	
1150	56	
1151	53	
1152	22	
1153	91	
1154	39	
1155	90	
1156	22	
1157	42	
1158	14	
1159	63	
1160	78	
1161	23	
1162	19	
1163	83	
1164	26	
1165	83	
1166	68	
1167	59	
1168	47	
1169	80	
1170	80	
1171	92	
1172	62	
1173	70	
1174	22	
1175	62	
1176	34	
1177	77	
1178	47	
1179	8	
1180	80	
1181	60	
1182	76	
1183	91	
1184	20	
1185	66	
1186	39	
1187	10	
1188	74	
1189	56	
1190	20	
1191	1	
1192	27	
1193	87	
1194	2	
1195	4	
1196	76	
1197	9	
1198	73	
1199	86	
1200	91	
1201	53	
1202	63	
1203	100	
1204	66	
1205	76	
1206	17	
1207	56	
1208	33	
1209	8	
1210	68	
1211	5	
1212	85	
1213	54	
1214	54	
1215	3	
1216	61	
1217	57	
1218	68	
1219	73	
1220	6	
1221	99	
1222	48	
1223	89	
1224	81	
1225	48	
1226	82	
1227	19	
1228	21	
1229	47	
1230	48	
1231	16	
1232	54	
1233	34	
1234	15	
1235	90	
1236	18	
1237	72	
1238	93	
1239	50	
1240	57	
1241	68	
1242	15	
1243	100	
1244	66	
1245	96	
1246	74	
1247	18	
1248	10	
1249	44	
1250	51	
1251	31	
1252	62	
1253	10	
1254	81	
1255	44	
1256	73	
1257	34	
1258	67	
1259	90	
1260	65	
1261	97	
1262	24	
1263	12	
1264	41	
1265	64	
1266	81	
1267	3	
1268	70	
1269	71	
1270	91	
1271	42	
1272	39	
1273	80	
1274	55	
1275	33	
1276	11	
1277	79	
1278	55	
1279	100	
1280	47	
1281	88	
1282	80	
1283	75	
1284	70	
1285	78	
1286	67	
1287	81	
1288	18	
1289	57	
1290	70	
1291	3	
1292	54	
1293	97	
1294	70	
1295	43	
1296	100	
1297	62	
1298	64	
1299	51	
1300	53	
1301	44	
1302	94	
1303	97	
1304	94	
1305	4	
1306	1	
1307	98	
1308	55	
1309	50	
1310	58	
1311	33	
1312	91	
1313	61	
1314	22	
1315	2	
1316	49	
1317	39	
1318	36	
1319	89	
1320	46	
1321	8	
1322	87	
1323	62	
1324	50	
1325	52	
1326	18	
1327	53	
1328	86	
1329	13	
1330	33	
1331	9	
1332	68	
1333	53	
1334	27	
1335	42	
1336	68	
1337	70	
1338	12	
1339	61	
1340	30	
1341	99	
1342	50	
1343	60	
1344	99	
1345	7	
1346	58	
1347	64	
1348	31	
1349	52	
1350	86	
1351	8	
1352	74	
1353	75	
1354	45	
1355	45	
1356	69	
1357	65	
1358	19	
1359	33	
1360	79	
1361	85	
1362	20	
1363	62	
1364	90	
1365	46	
1366	70	
1367	98	
1368	41	
1369	68	
1370	17	
1371	6	
1372	2	
1373	91	
1374	41	
1375	53	
1376	11	
1377	89	
1378	52	
1379	16	
1380	49	
1381	30	
1382	73	
1383	41	
1384	10	
1385	23	
1386	49	
1387	77	
1388	32	
1389	98	
1390	98	
1391	60	
1392	21	
1393	38	
1394	41	
1395	13	
1396	84	
1397	85	
1398	38	
1399	1	
1400	23	
1401	74	
1402	4	
1403	82	
1404	81	
1405	33	
1406	20	
1407	25	
1408	66	
1409	88	
1410	19	
1411	91	
1412	39	
1413	81	
1414	30	
1415	57	
1416	89	
1417	36	
1418	55	
1419	61	
1420	87	
1421	60	
1422	87	
1423	58	
1424	62	
1425	7	
1426	79	
1427	56	
1428	42	
1429	59	
1430	24	
1431	98	
1432	64	
1433	53	
1434	13	
1435	17	
1436	35	
1437	27	
1438	66	
1439	72	
1440	41	
1441	59	
1442	24	
1443	16	
1444	41	
1445	28	
1446	33	
1447	20	
1448	19	
1449	66	
1450	38	
1451	71	
1452	73	
1453	10	
1454	53	
1455	2	
1456	18	
1457	52	
1458	30	
1459	16	
1460	11	
1461	87	
1462	40	
1463	2	
1464	80	
1465	9	
1466	47	
1467	95	
1468	89	
1469	13	
1470	9	
1471	10	
1472	75	
1473	15	
1474	66	
1475	24	
1476	78	
1477	16	
1478	29	
1479	25	
1480	90	
1481	48	
1482	47	
1483	8	
1484	15	
1485	69	
1486	1	
1487	53	
1488	47	
1489	15	
1490	12	
1491	40	
1492	12	
1493	51	
1494	93	
1495	16	
1496	96	
1497	22	
1498	42	
1499	43	
1500	47	
1501	57	
1502	21	
1503	42	
1504	85	
1505	12	
1506	70	
1507	31	
1508	43	
1509	56	
1510	39	
1511	96	
1512	80	
1513	35	
1514	97	
1515	27	
1516	77	
1517	33	
1518	38	
1519	46	
1520	74	
1521	74	
1522	22	
1523	10	
1524	97	
1525	36	
1526	8	
1527	1	
1528	36	
1529	63	
1530	16	
1531	85	
1532	25	
1533	53	
1534	100	
1535	73	
1536	23	
1537	97	
1538	76	
1539	32	
1540	47	
1541	61	
1542	63	
1543	99	
1544	49	
1545	86	
1546	94	
1547	61	
1548	74	
1549	73	
1550	89	
1551	46	
1552	2	
1553	45	
1554	35	
1555	22	
1556	37	
1557	29	
1558	69	
1559	85	
1560	39	
1561	65	
1562	43	
1563	55	
1564	90	
1565	93	
1566	71	
1567	50	
1568	12	
1569	19	
1570	59	
1571	52	
1572	27	
1573	67	
1574	4	
1575	20	
1576	30	
1577	18	
1578	7	
1579	74	
1580	99	
1581	74	
1582	94	
1583	57	
1584	57	
1585	61	
1586	85	
1587	14	
1588	57	
1589	83	
1590	67	
1591	3	
1592	42	
1593	55	
1594	83	
1595	15	
1596	31	
1597	46	
1598	73	
1599	6	
1600	29	
1601	61	
1602	4	
1603	15	
1604	23	
1605	33	
1606	99	
1607	92	
1608	27	
1609	19	
1610	15	
1611	57	
1612	12	
1613	51	
1614	48	
1615	98	
1616	16	
1617	38	
1618	81	
1619	64	
1620	40	
1621	2	
1622	18	
1623	80	
1624	53	
1625	58	
1626	45	
1627	9	
1628	67	
1629	56	
1630	16	
1631	65	
1632	61	
1633	24	
1634	95	
1635	20	
1636	58	
1637	100	
1638	64	
1639	6	
1640	44	
1641	84	
1642	4	
1643	7	
1644	36	
1645	21	
1646	20	
1647	54	
1648	94	
1649	36	
1650	66	
1651	100	
1652	51	
1653	61	
1654	44	
1655	100	
1656	63	
1657	97	
1658	77	
1659	98	
1660	35	
1661	34	
1662	41	
1663	66	
1664	22	
1665	76	
1666	63	
1667	36	
1668	41	
1669	16	
1670	54	
1671	67	
1672	8	
1673	2	
1674	90	
1675	11	
1676	32	
1677	88	
1678	22	
1679	73	
1680	84	
1681	94	
1682	65	
1683	35	
1684	62	
1685	33	
1686	51	
1687	6	
1688	1	
1689	26	
1690	59	
1691	86	
1692	82	
1693	89	
1694	63	
1695	2	
1696	77	
1697	16	
1698	1	
1699	6	
1700	79	
1701	48	
1702	38	
1703	18	
1704	71	
1705	52	
1706	94	
1707	31	
1708	67	
1709	47	
1710	93	
1711	70	
1712	26	
1713	80	
1714	62	
1715	33	
1716	44	
1717	81	
1718	47	
1719	3	
1720	63	
1721	50	
1722	10	
1723	37	
1724	34	
1725	1	
1726	3	
1727	56	
1728	89	
1729	49	
1730	40	
1731	59	
1732	97	
1733	65	
1734	19	
1735	80	
1736	11	
1737	88	
1738	36	
1739	68	
1740	54	
1741	35	
1742	62	
1743	78	
1744	63	
1745	84	
1746	64	
1747	69	
1748	70	
1749	55	
1750	46	
1751	75	
1752	48	
1753	88	
1754	70	
1755	18	
1756	92	
1757	65	
1758	53	
1759	22	
1760	64	
1761	27	
1762	85	
1763	95	
1764	23	
1765	2	
1766	2	
1767	49	
1768	94	
1769	95	
1770	84	
1771	81	
1772	57	
1773	68	
1774	88	
1775	16	
1776	96	
1777	52	
1778	76	
1779	45	
1780	40	
1781	56	
1782	89	
1783	69	
1784	56	
1785	74	
1786	85	
1787	49	
1788	91	
1789	94	
1790	80	
1791	61	
1792	70	
1793	41	
1794	20	
1795	26	
1796	92	
1797	24	
1798	79	
1799	9	
1800	20	
1801	44	
1802	73	
1803	20	
1804	99	
1805	13	
1806	4	
1807	53	
1808	60	
1809	56	
1810	26	
1811	42	
1812	97	
1813	19	
1814	59	
1815	37	
1816	5	
1817	29	
1818	89	
1819	72	
1820	33	
1821	40	
1822	25	
1823	52	
1824	73	
1825	44	
1826	16	
1827	22	
1828	1	
1829	67	
1830	65	
1831	55	
1832	6	
1833	93	
1834	88	
1835	17	
1836	45	
1837	99	
1838	94	
1839	69	
1840	48	
1841	93	
1842	57	
1843	78	
1844	34	
1845	46	
1846	50	
1847	45	
1848	49	
1849	96	
1850	30	
1851	13	
1852	91	
1853	22	
1854	23	
1855	77	
1856	11	
1857	68	
1858	6	
1859	42	
1860	82	
1861	26	
1862	77	
1863	83	
1864	92	
1865	46	
1866	96	
1867	97	
1868	86	
1869	21	
1870	89	
1871	87	
1872	80	
1873	91	
1874	45	
1875	41	
1876	34	
1877	9	
1878	59	
1879	27	
1880	25	
1881	44	
1882	93	
1883	88	
1884	36	
1885	17	
1886	88	
1887	80	
1888	8	
1889	64	
1890	34	
1891	48	
1892	42	
1893	70	
1894	79	
1895	39	
1896	18	
1897	45	
1898	62	
1899	100	
1900	96	
1901	68	
1902	90	
1903	60	
1904	75	
1905	77	
1906	56	
1907	11	
1908	2	
1909	22	
1910	49	
1911	39	
1912	88	
1913	17	
1914	70	
1915	38	
1916	17	
1917	68	
1918	45	
1919	95	
1920	93	
1921	8	
1922	87	
1923	61	
1924	62	
1925	3	
1926	94	
1927	73	
1928	43	
1929	48	
1930	50	
1931	2	
1932	84	
1933	52	
1934	81	
1935	72	
1936	70	
1937	64	
1938	36	
1939	67	
1940	82	
1941	50	
1942	41	
1943	31	
1944	43	
1945	62	
1946	21	
1947	55	
1948	58	
1949	48	
1950	97	
1951	23	
1952	14	
1953	58	
1954	26	
1955	1	
1956	98	
1957	64	
1958	19	
1959	29	
1960	51	
1961	83	
1962	15	
1963	74	
1964	37	
1965	64	
1966	17	
1967	2	
1968	57	
1969	84	
1970	50	
1971	42	
1972	5	
1973	72	
1974	67	
1975	64	
1976	1	
1977	12	
1978	29	
1979	2	
1980	62	
1981	97	
1982	82	
1983	35	
1984	91	
1985	24	
1986	54	
1987	63	
1988	69	
1989	46	
1990	13	
1991	16	
1992	96	
1993	27	
1994	38	
1995	33	
1996	45	
1997	85	
1998	83	
1999	11	
2000	19	
2001	52	
2002	97	
2003	51	
2004	44	
2005	10	
2006	90	
2007	77	
2008	79	
2009	86	
2010	74	
2011	53	
2012	34	
2013	50	
2014	12	
2015	25	
2016	67	
2017	18	
2018	1	
2019	47	
2020	80	
2021	36	
2022	41	
2023	70	
2024	32	
2025	20	
2026	30	
2027	58	
2028	60	
2029	55	
2030	42	
2031	70	
2032	9	
2033	37	
2034	18	
2035	23	
2036	27	
2037	9	
2038	19	
2039	12	
2040	97	
2041	93	
2042	70	
2043	37	
2044	17	
2045	12	
2046	13	
2047	82	
2048	14	
2049	50	
2050	80	
2051	43	
2052	78	
2053	7	
2054	39	
2055	54	
2056	31	
2057	61	
2058	4	
2059	26	
2060	12	
2061	61	
2062	67	
2063	72	
2064	99	
2065	39	
2066	36	
2067	50	
2068	21	
2069	60	
2070	61	
2071	66	
2072	82	
2073	13	
2074	2	
2075	69	
2076	24	
2077	55	
2078	79	
2079	77	
2080	30	
2081	29	
2082	50	
2083	89	
2084	60	
2085	75	
2086	22	
2087	46	
2088	39	
2089	11	
2090	44	
2091	13	
2092	23	
2093	88	
2094	78	
2095	41	
2096	32	
2097	81	
2098	100	
2099	95	
2100	19	
2101	32	
2102	69	
2103	38	
2104	7	
2105	21	
2106	5	
2107	6	
2108	67	
2109	62	
2110	90	
2111	59	
2112	5	
2113	62	
2114	37	
2115	85	
2116	46	
2117	15	
2118	75	
2119	15	
2120	73	
2121	62	
2122	1	
2123	86	
2124	57	
2125	28	
2126	38	
2127	12	
2128	4	
2129	24	
2130	38	
2131	71	
2132	4	
2133	37	
2134	99	
2135	57	
2136	68	
2137	42	
2138	13	
2139	51	
2140	53	
2141	66	
2142	43	
2143	60	
2144	95	
2145	15	
2146	77	
2147	32	
2148	67	
2149	60	
2150	5	
2151	23	
2152	44	
2153	61	
2154	100	
2155	90	
2156	23	
2157	52	
2158	64	
2159	22	
2160	97	
2161	27	
2162	30	
2163	14	
2164	1	
2165	78	
2166	2	
2167	51	
2168	88	
2169	56	
2170	67	
2171	42	
2172	39	
2173	50	
2174	46	
2175	71	
2176	25	
2177	85	
2178	11	
2179	58	
2180	56	
2181	26	
2182	38	
2183	42	
2184	90	
2185	53	
2186	5	
2187	64	
2188	81	
2189	52	
2190	56	
2191	59	
2192	65	
2193	83	
2194	87	
2195	3	
2196	74	
2197	44	
2198	51	
2199	47	
2200	76	
2201	74	
2202	94	
2203	76	
2204	57	
2205	75	
2206	70	
2207	21	
2208	75	
2209	99	
2210	59	
2211	35	
2212	72	
2213	88	
2214	95	
2215	72	
2216	64	
2217	86	
2218	87	
2219	53	
2220	70	
2221	82	
2222	25	
2223	34	
2224	4	
2225	12	
2226	97	
2227	42	
2228	2	
2229	34	
2230	50	
2231	82	
2232	56	
2233	69	
2234	31	
2235	76	
2236	42	
2237	45	
2238	24	
2239	78	
2240	12	
2241	98	
2242	81	
2243	86	
2244	12	
2245	35	
2246	27	
2247	84	
2248	93	
2249	19	
2250	87	
2251	1	
2252	4	
2253	28	
2254	52	
2255	48	
2256	20	
2257	21	
2258	81	
2259	61	
2260	46	
2261	66	
2262	46	
2263	7	
2264	51	
2265	24	
2266	38	
2267	87	
2268	83	
2269	15	
2270	76	
2271	57	
2272	53	
2273	18	
2274	76	
2275	24	
2276	100	
2277	18	
2278	8	
2279	11	
2280	50	
2281	65	
2282	97	
2283	71	
2284	60	
2285	70	
2286	44	
2287	44	
2288	66	
2289	15	
2290	19	
2291	22	
2292	10	
2293	41	
2294	4	
2295	83	
2296	38	
2297	96	
2298	38	
2299	73	
2300	67	
2301	82	
2302	49	
2303	86	
2304	70	
2305	42	
2306	28	
2307	36	
2308	87	
2309	34	
2310	46	
2311	72	
2312	74	
2313	63	
2314	40	
2315	44	
2316	8	
2317	81	
2318	58	
2319	51	
2320	81	
2321	86	
2322	67	
2323	54	
2324	65	
2325	70	
2326	55	
2327	62	
2328	4	
2329	81	
2330	60	
2331	77	
2332	75	
2333	65	
2334	80	
2335	51	
2336	26	
2337	19	
2338	23	
2339	39	
2340	10	
2341	87	
2342	55	
2343	32	
2344	83	
2345	2	
2346	48	
2347	40	
2348	80	
2349	69	
2350	90	
2351	53	
2352	11	
2353	1	
2354	64	
2355	20	
2356	8	
2357	59	
2358	88	
2359	99	
2360	22	
2361	54	
2362	56	
2363	60	
2364	83	
2365	73	
2366	37	
2367	78	
2368	10	
2369	80	
2370	19	
2371	100	
2372	17	
2373	16	
2374	81	
2375	3	
2376	58	
2377	18	
2378	95	
2379	46	
2380	100	
2381	38	
2382	19	
2383	61	
2384	17	
2385	17	
2386	87	
2387	81	
2388	46	
2389	16	
2390	71	
2391	71	
2392	44	
2393	12	
2394	17	
2395	22	
2396	86	
2397	62	
2398	91	
2399	51	
2400	98	
2401	30	
2402	36	
2403	65	
2404	99	
2405	14	
2406	56	
2407	32	
2408	26	
2409	34	
2410	59	
2411	23	
2412	3	
2413	59	
2414	78	
2415	16	
2416	22	
2417	41	
2418	67	
2419	44	
2420	80	
2421	67	
2422	80	
2423	54	
2424	41	
2425	39	
2426	60	
2427	66	
2428	77	
2429	72	
2430	74	
2431	88	
2432	5	
2433	1	
2434	63	
2435	87	
2436	45	
2437	89	
2438	5	
2439	24	
2440	89	
2441	47	
2442	84	
2443	43	
2444	82	
2445	65	
2446	67	
2447	26	
2448	51	
2449	66	
2450	21	
2451	2	
2452	78	
2453	69	
2454	78	
2455	67	
2456	30	
2457	74	
2458	76	
2459	9	
2460	52	
2461	10	
2462	68	
2463	11	
2464	80	
2465	8	
2466	12	
2467	53	
2468	43	
2469	60	
2470	64	
2471	55	
2472	64	
2473	84	
2474	16	
2475	29	
2476	80	
2477	91	
2478	45	
2479	42	
2480	92	
2481	64	
2482	5	
2483	95	
2484	7	
2485	21	
2486	81	
2487	83	
2488	30	
2489	94	
2490	46	
2491	2	
2492	54	
2493	68	
2494	87	
2495	48	
2496	78	
2497	80	
2498	47	
2499	85	
2500	16	
2501	80	
2502	13	
2503	68	
2504	38	
2505	14	
2506	76	
2507	26	
2508	66	
2509	42	
2510	85	
2511	81	
2512	12	
2513	94	
2514	50	
2515	83	
2516	8	
2517	49	
2518	62	
2519	89	
2520	14	
2521	14	
2522	46	
2523	26	
2524	56	
2525	80	
2526	47	
2527	4	
2528	28	
2529	49	
2530	23	
2531	72	
2532	44	
2533	76	
2534	79	
2535	64	
2536	44	
2537	77	
2538	91	
2539	1	
2540	92	
2541	10	
2542	70	
2543	62	
2544	52	
2545	17	
2546	61	
2547	33	
2548	49	
2549	74	
2550	37	
2551	71	
2552	10	
2553	3	
2554	55	
2555	37	
2556	82	
2557	8	
2558	62	
2559	63	
2560	46	
2561	90	
2562	41	
2563	65	
2564	25	
2565	41	
2566	34	
2567	26	
2568	37	
2569	29	
2570	35	
2571	43	
2572	57	
2573	14	
2574	37	
2575	74	
2576	67	
2577	33	
2578	21	
2579	65	
2580	53	
2581	43	
2582	94	
2583	6	
2584	46	
2585	41	
2586	82	
2587	38	
2588	11	
2589	76	
2590	2	
2591	32	
2592	51	
2593	100	
2594	48	
2595	77	
2596	77	
2597	83	
2598	28	
2599	83	
2600	35	
2601	89	
2602	73	
2603	44	
2604	86	
2605	99	
2606	46	
2607	73	
2608	86	
2609	21	
2610	4	
2611	20	
2612	1	
2613	65	
2614	56	
2615	21	
2616	93	
2617	15	
2618	91	
2619	94	
2620	31	
2621	93	
2622	11	
2623	88	
2624	24	
2625	3	
2626	77	
2627	52	
2628	64	
2629	9	
2630	6	
2631	47	
2632	79	
2633	13	
2634	44	
2635	67	
2636	59	
2637	96	
2638	36	
2639	18	
2640	85	
2641	94	
2642	71	
2643	62	
2644	76	
2645	64	
2646	91	
2647	58	
2648	95	
2649	14	
2650	65	
2651	29	
2652	60	
2653	43	
2654	78	
2655	87	
2656	93	
2657	10	
2658	27	
2659	45	
2660	84	
2661	4	
2662	75	
2663	21	
2664	8	
2665	10	
2666	69	
2667	57	
2668	27	
2669	98	
2670	92	
2671	10	
2672	15	
2673	27	
2674	97	
2675	47	
2676	39	
2677	91	
2678	85	
2679	5	
2680	22	
2681	38	
2682	93	
2683	22	
2684	80	
2685	45	
2686	47	
2687	76	
2688	13	
2689	49	
2690	68	
2691	61	
2692	63	
2693	20	
2694	41	
2695	54	
2696	20	
2697	52	
2698	72	
2699	33	
2700	11	
2701	41	
2702	10	
2703	49	
2704	61	
2705	25	
2706	100	
2707	82	
2708	98	
2709	55	
2710	40	
2711	39	
2712	23	
2713	70	
2714	70	
2715	74	
2716	75	
2717	68	
2718	53	
2719	44	
2720	85	
2721	94	
2722	49	
2723	11	
2724	65	
2725	40	
2726	49	
2727	66	
2728	40	
2729	55	
2730	96	
2731	72	
2732	90	
2733	56	
2734	85	
2735	38	
2736	91	
2737	32	
2738	28	
2739	24	
2740	8	
2741	59	
2742	68	
2743	84	
2744	17	
2745	59	
2746	5	
2747	80	
2748	50	
2749	60	
2750	53	
2751	99	
2752	96	
2753	79	
2754	81	
2755	28	
2756	79	
2757	49	
2758	50	
2759	84	
2760	7	
2761	10	
2762	54	
2763	26	
2764	37	
2765	84	
2766	70	
2767	26	
2768	32	
2769	19	
2770	35	
2771	64	
2772	78	
2773	4	
2774	19	
2775	28	
2776	14	
2777	16	
2778	90	
2779	25	
2780	93	
2781	92	
2782	7	
2783	92	
2784	35	
2785	88	
2786	62	
2787	100	
2788	33	
2789	18	
2790	61	
2791	100	
2792	58	
2793	58	
2794	81	
2795	82	
2796	12	
2797	93	
2798	72	
2799	32	
2800	1	
2801	75	
2802	27	
2803	3	
2804	28	
2805	98	
2806	34	
2807	98	
2808	27	
2809	86	
2810	92	
2811	77	
2812	60	
2813	13	
2814	6	
2815	80	
2816	90	
2817	63	
2818	97	
2819	2	
2820	10	
2821	92	
2822	14	
2823	24	
2824	93	
2825	30	
2826	50	
2827	53	
2828	38	
2829	14	
2830	40	
2831	9	
2832	6	
2833	20	
2834	60	
2835	61	
2836	73	
2837	93	
2838	64	
2839	63	
2840	71	
2841	49	
2842	48	
2843	3	
2844	70	
2845	19	
2846	47	
2847	66	
2848	36	
2849	58	
2850	41	
2851	59	
2852	51	
2853	7	
2854	76	
2855	58	
2856	31	
2857	47	
2858	49	
2859	23	
2860	24	
2861	48	
2862	94	
2863	57	
2864	2	
2865	57	
2866	79	
2867	69	
2868	74	
2869	60	
2870	99	
2871	38	
2872	7	
2873	24	
2874	70	
2875	96	
2876	16	
2877	25	
2878	86	
2879	87	
2880	26	
2881	13	
2882	43	
2883	59	
2884	76	
2885	54	
2886	96	
2887	39	
2888	65	
2889	45	
2890	74	
2891	91	
2892	45	
2893	18	
2894	73	
2895	43	
2896	65	
2897	30	
2898	76	
2899	72	
2900	26	
2901	7	
2902	48	
2903	44	
2904	63	
2905	4	
2906	25	
2907	16	
2908	25	
2909	68	
2910	26	
2911	79	
2912	96	
2913	1	
2914	19	
2915	37	
2916	76	
2917	66	
2918	82	
2919	34	
2920	22	
2921	43	
2922	80	
2923	58	
2924	58	
2925	97	
2926	2	
2927	52	
2928	25	
2929	89	
2930	6	
2931	74	
2932	38	
2933	83	
2934	50	
2935	96	
2936	90	
2937	73	
2938	66	
2939	82	
2940	2	
2941	59	
2942	59	
2943	1	
2944	17	
2945	74	
2946	60	
2947	6	
2948	60	
2949	15	
2950	73	
2951	4	
2952	55	
2953	90	
2954	3	
2955	100	
2956	55	
2957	49	
2958	65	
2959	84	
2960	12	
2961	72	
2962	78	
2963	26	
2964	6	
2965	4	
2966	34	
2967	96	
2968	21	
2969	18	
2970	80	
2971	51	
2972	74	
2973	91	
2974	15	
2975	10	
2976	90	
2977	19	
2978	95	
2979	21	
2980	16	
2981	12	
2982	6	
2983	28	
2984	76	
2985	18	
2986	36	
2987	64	
2988	44	
2989	13	
2990	85	
2991	18	
2992	66	
2993	4	
2994	84	
2995	4	
2996	61	
2997	98	
2998	56	
2999	34	
3000	56	
3001	80	
3002	44	
3003	26	
3004	91	
3005	88	
3006	40	
3007	13	
3008	78	
3009	93	
3010	15	
3011	47	
3012	23	
3013	38	
3014	48	
3015	91	
3016	72	
3017	54	
3018	67	
3019	26	
3020	84	
3021	82	
3022	83	
3023	43	
3024	61	
3025	96	
3026	71	
3027	14	
3028	68	
3029	52	
3030	19	
3031	62	
3032	34	
3033	34	
3034	62	
3035	8	
3036	99	
3037	73	
3038	66	
3039	27	
3040	58	
3041	8	
3042	13	
3043	24	
3044	9	
3045	68	
3046	44	
3047	81	
3048	68	
3049	2	
3050	84	
3051	60	
3052	39	
3053	12	
3054	82	
3055	94	
3056	82	
3057	17	
3058	4	
3059	38	
3060	91	
3061	83	
3062	96	
3063	21	
3064	47	
3065	62	
3066	77	
3067	93	
3068	22	
3069	47	
3070	67	
3071	48	
3072	42	
3073	75	
3074	81	
3075	27	
3076	80	
3077	75	
3078	74	
3079	2	
3080	8	
3081	36	
3082	46	
3083	20	
3084	99	
3085	66	
3086	35	
3087	8	
3088	84	
3089	78	
3090	95	
3091	73	
3092	81	
3093	6	
3094	78	
3095	35	
3096	41	
3097	65	
3098	90	
3099	80	
3100	65	
3101	90	
3102	45	
3103	31	
3104	97	
3105	27	
3106	30	
3107	5	
3108	86	
3109	31	
3110	73	
3111	1	
3112	51	
3113	46	
3114	58	
3115	38	
3116	93	
3117	65	
3118	10	
3119	41	
3120	37	
3121	77	
3122	55	
3123	6	
3124	63	
3125	30	
3126	22	
3127	15	
3128	50	
3129	2	
3130	9	
3131	6	
3132	60	
3133	45	
3134	16	
3135	97	
3136	96	
3137	35	
3138	5	
3139	58	
3140	99	
3141	27	
3142	22	
3143	46	
3144	26	
3145	12	
3146	59	
3147	28	
3148	36	
3149	41	
3150	38	
3151	36	
3152	58	
3153	95	
3154	41	
3155	18	
3156	40	
3157	7	
3158	12	
3159	86	
3160	78	
3161	39	
3162	69	
3163	79	
3164	38	
3165	16	
3166	85	
3167	82	
3168	58	
3169	52	
3170	34	
3171	61	
3172	49	
3173	16	
3174	28	
3175	43	
3176	48	
3177	76	
3178	82	
3179	51	
3180	30	
3181	65	
3182	28	
3183	26	
3184	94	
3185	79	
3186	36	
3187	36	
3188	57	
3189	44	
3190	39	
3191	52	
3192	51	
3193	8	
3194	31	
3195	82	
3196	76	
3197	17	
3198	32	
3199	9	
3200	77	
3201	62	
3202	24	
3203	59	
3204	62	
3205	50	
3206	53	
3207	78	
3208	54	
3209	84	
3210	71	
3211	66	
3212	24	
3213	85	
3214	36	
3215	79	
3216	62	
3217	15	
3218	73	
3219	69	
3220	94	
3221	38	
3222	92	
3223	4	
3224	75	
3225	74	
3226	14	
3227	32	
3228	70	
3229	90	
3230	76	
3231	79	
3232	86	
3233	41	
3234	20	
3235	11	
3236	30	
3237	84	
3238	66	
3239	55	
3240	48	
3241	44	
3242	97	
3243	47	
3244	97	
3245	75	
3246	57	
3247	62	
3248	18	
3249	23	
3250	84	
3251	33	
3252	90	
3253	52	
3254	11	
3255	67	
3256	70	
3257	77	
3258	59	
3259	64	
3260	11	
3261	88	
3262	86	
3263	12	
3264	64	
3265	28	
3266	37	
3267	27	
3268	34	
3269	11	
3270	90	
3271	27	
3272	93	
3273	41	
3274	21	
3275	15	
3276	90	
3277	85	
3278	24	
3279	72	
3280	17	
3281	17	
3282	100	
3283	100	
3284	10	
3285	83	
3286	47	
3287	72	
3288	49	
3289	73	
3290	10	
3291	7	
3292	44	
3293	14	
3294	18	
3295	55	
3296	73	
3297	27	
3298	100	
3299	72	
3300	26	
3301	78	
3302	39	
3303	98	
3304	50	
3305	55	
3306	74	
3307	41	
3308	63	
3309	83	
3310	60	
3311	24	
3312	12	
3313	19	
3314	82	
3315	61	
3316	6	
3317	15	
3318	97	
3319	36	
3320	72	
3321	49	
3322	86	
3323	49	
3324	4	
3325	77	
3326	3	
3327	5	
3328	85	
3329	87	
3330	33	
3331	81	
3332	81	
3333	98	
3334	34	
3335	83	
3336	95	
3337	69	
3338	93	
3339	42	
3340	55	
3341	78	
3342	18	
3343	59	
3344	34	
3345	93	
3346	93	
3347	100	
3348	1	
3349	96	
3350	80	
3351	3	
3352	2	
3353	37	
3354	44	
3355	41	
3356	68	
3357	60	
3358	54	
3359	45	
3360	50	
3361	88	
3362	87	
3363	48	
3364	56	
3365	95	
3366	14	
3367	36	
3368	15	
3369	4	
3370	86	
3371	62	
3372	11	
3373	74	
3374	50	
3375	49	
3376	16	
3377	40	
3378	95	
3379	26	
3380	76	
3381	33	
3382	10	
3383	57	
3384	92	
3385	59	
3386	71	
3387	28	
3388	52	
3389	4	
3390	35	
3391	36	
3392	98	
3393	46	
3394	99	
3395	93	
3396	59	
3397	32	
3398	84	
3399	30	
3400	19	
3401	4	
3402	80	
3403	92	
3404	75	
3405	79	
3406	23	
3407	34	
3408	58	
3409	8	
3410	57	
3411	23	
3412	82	
3413	38	
3414	84	
3415	28	
3416	62	
3417	69	
3418	73	
3419	34	
3420	83	
3421	89	
3422	85	
3423	30	
3424	81	
3425	56	
3426	1	
3427	53	
3428	41	
3429	90	
3430	95	
3431	63	
3432	2	
3433	48	
3434	28	
3435	77	
3436	34	
3437	76	
3438	18	
3439	4	
3440	7	
3441	97	
3442	26	
3443	11	
3444	48	
3445	100	
3446	41	
3447	83	
3448	99	
3449	59	
3450	95	
3451	14	
3452	42	
3453	3	
3454	20	
3455	86	
3456	44	
3457	55	
3458	100	
3459	64	
3460	47	
3461	69	
3462	16	
3463	19	
3464	77	
3465	97	
3466	14	
3467	60	
3468	37	
3469	18	
3470	59	
3471	66	
3472	16	
3473	58	
3474	4	
3475	17	
3476	66	
3477	3	
3478	19	
3479	64	
3480	80	
3481	38	
3482	36	
3483	69	
3484	93	
3485	97	
3486	34	
3487	13	
3488	7	
3489	14	
3490	53	
3491	66	
3492	64	
3493	84	
3494	43	
3495	42	
3496	20	
3497	51	
3498	41	
3499	23	
3500	75	
3501	68	
3502	49	
3503	86	
3504	41	
3505	23	
3506	95	
3507	58	
3508	31	
3509	19	
3510	82	
3511	100	
3512	81	
3513	62	
3514	90	
3515	74	
3516	3	
3517	23	
3518	65	
3519	2	
3520	46	
3521	82	
3522	91	
3523	66	
3524	62	
3525	4	
3526	44	
3527	67	
3528	22	
3529	13	
3530	22	
3531	87	
3532	61	
3533	15	
3534	21	
3535	41	
3536	65	
3537	26	
3538	65	
3539	97	
3540	48	
3541	15	
3542	71	
3543	67	
3544	29	
3545	83	
3546	86	
3547	10	
3548	13	
3549	27	
3550	29	
3551	54	
3552	100	
3553	63	
3554	3	
3555	32	
3556	58	
3557	68	
3558	42	
3559	83	
3560	16	
3561	8	
3562	77	
3563	95	
3564	87	
3565	94	
3566	46	
3567	38	
3568	41	
3569	53	
3570	8	
3571	47	
3572	49	
3573	56	
3574	42	
3575	20	
3576	93	
3577	56	
3578	7	
3579	69	
3580	6	
3581	94	
3582	12	
3583	81	
3584	41	
3585	16	
3586	45	
3587	66	
3588	39	
3589	41	
3590	89	
3591	29	
3592	2	
3593	43	
3594	9	
3595	33	
3596	36	
3597	27	
3598	61	
3599	35	
3600	29	
3601	40	
3602	24	
3603	44	
3604	17	
3605	93	
3606	91	
3607	91	
3608	96	
3609	17	
3610	50	
3611	18	
3612	71	
3613	79	
3614	68	
3615	7	
3616	47	
3617	74	
3618	92	
3619	74	
3620	51	
3621	19	
3622	75	
3623	30	
3624	35	
3625	39	
3626	74	
3627	77	
3628	61	
3629	68	
3630	50	
3631	89	
3632	56	
3633	12	
3634	22	
3635	35	
3636	85	
3637	43	
3638	21	
3639	98	
3640	99	
3641	12	
3642	82	
3643	26	
3644	100	
3645	76	
3646	1	
3647	51	
3648	92	
3649	16	
3650	21	
3651	16	
3652	34	
3653	93	
3654	14	
3655	30	
3656	96	
3657	64	
3658	26	
3659	60	
3660	69	
3661	61	
3662	48	
3663	51	
3664	94	
3665	85	
3666	22	
3667	73	
3668	84	
3669	2	
3670	97	
3671	99	
3672	26	
3673	95	
3674	61	
3675	49	
3676	5	
3677	14	
3678	32	
3679	45	
3680	100	
3681	3	
3682	100	
3683	5	
3684	10	
3685	96	
3686	42	
3687	40	
3688	44	
3689	53	
3690	71	
3691	26	
3692	82	
3693	27	
3694	4	
3695	90	
3696	93	
3697	90	
3698	23	
3699	82	
3700	19	
3701	97	
3702	26	
3703	34	
3704	24	
3705	38	
3706	16	
3707	30	
3708	60	
3709	20	
3710	1	
3711	2	
3712	68	
3713	31	
3714	32	
3715	81	
3716	20	
3717	88	
3718	24	
3719	53	
3720	16	
3721	47	
3722	33	
3723	75	
3724	85	
3725	82	
3726	98	
3727	57	
3728	19	
3729	5	
3730	90	
3731	25	
3732	42	
3733	69	
3734	1	
3735	69	
3736	70	
3737	11	
3738	62	
3739	22	
3740	92	
3741	19	
3742	67	
3743	98	
3744	28	
3745	91	
3746	26	
3747	28	
3748	95	
3749	64	
3750	28	
3751	17	
3752	100	
3753	53	
3754	34	
3755	50	
3756	21	
3757	1	
3758	33	
3759	42	
3760	72	
3761	91	
3762	43	
3763	42	
3764	88	
3765	13	
3766	45	
3767	41	
3768	47	
3769	47	
3770	37	
3771	52	
3772	87	
3773	79	
3774	27	
3775	25	
3776	51	
3777	100	
3778	17	
3779	77	
3780	25	
3781	81	
3782	1	
3783	23	
3784	3	
3785	56	
3786	31	
3787	100	
3788	64	
3789	17	
3790	86	
3791	10	
3792	10	
3793	62	
3794	17	
3795	47	
3796	98	
3797	30	
3798	84	
3799	93	
3800	80	
3801	61	
3802	93	
3803	69	
3804	62	
3805	51	
3806	49	
3807	38	
3808	46	
3809	30	
3810	7	
3811	1	
3812	95	
3813	34	
3814	76	
3815	48	
3816	74	
3817	100	
3818	75	
3819	96	
3820	30	
3821	54	
3822	60	
3823	81	
3824	70	
3825	90	
3826	29	
3827	38	
3828	68	
3829	40	
3830	68	
3831	35	
3832	41	
3833	47	
3834	72	
3835	37	
3836	49	
3837	16	
3838	8	
3839	38	
3840	77	
3841	64	
3842	61	
3843	95	
3844	84	
3845	60	
3846	21	
3847	79	
3848	69	
3849	21	
3850	20	
3851	11	
3852	89	
3853	63	
3854	68	
3855	42	
3856	31	
3857	99	
3858	63	
3859	72	
3860	37	
3861	3	
3862	61	
3863	4	
3864	54	
3865	54	
3866	4	
3867	3	
3868	83	
3869	62	
3870	1	
3871	52	
3872	31	
3873	7	
3874	82	
3875	84	
3876	25	
3877	87	
3878	11	
3879	29	
3880	63	
3881	62	
3882	15	
3883	77	
3884	91	
3885	9	
3886	70	
3887	57	
3888	11	
3889	96	
3890	10	
3891	48	
3892	74	
3893	18	
3894	100	
3895	11	
3896	74	
3897	69	
3898	17	
3899	24	
3900	24	
3901	56	
3902	56	
3903	25	
3904	25	
3905	18	
3906	16	
3907	43	
3908	82	
3909	6	
3910	19	
3911	74	
3912	41	
3913	79	
3914	79	
3915	73	
3916	100	
3917	99	
3918	62	
3919	96	
3920	43	
3921	90	
3922	35	
3923	59	
3924	90	
3925	73	
3926	1	
3927	13	
3928	77	
3929	13	
3930	16	
3931	55	
3932	62	
3933	91	
3934	68	
3935	85	
3936	99	
3937	83	
3938	15	
3939	18	
3940	78	
3941	66	
3942	53	
3943	5	
3944	26	
3945	78	
3946	69	
3947	12	
3948	53	
3949	42	
3950	42	
3951	25	
3952	14	
3953	4	
3954	81	
3955	92	
3956	2	
3957	5	
3958	43	
3959	38	
3960	4	
3961	57	
3962	61	
3963	98	
3964	7	
3965	94	
3966	38	
3967	11	
3968	28	
3969	27	
3970	20	
3971	27	
3972	50	
3973	99	
3974	68	
3975	91	
3976	59	
3977	44	
3978	33	
3979	65	
3980	22	
3981	94	
3982	97	
3983	56	
3984	1	
3985	55	
3986	61	
3987	16	
3988	10	
3989	78	
3990	51	
3991	37	
3992	75	
3993	87	
3994	16	
3995	62	
3996	83	
3997	34	
3998	85	
3999	20	
4000	61	
4001	77	
4002	27	
4003	2	
4004	9	
4005	48	
4006	37	
4007	100	
4008	36	
4009	12	
4010	50	
4011	5	
4012	38	
4013	50	
4014	13	
4015	18	
4016	40	
4017	7	
4018	55	
4019	55	
4020	85	
4021	24	
4022	57	
4023	79	
4024	70	
4025	40	
4026	4	
4027	54	
4028	87	
4029	63	
4030	54	
4031	55	
4032	1	
4033	79	
4034	68	
4035	76	
4036	60	
4037	74	
4038	39	
4039	35	
4040	72	
4041	12	
4042	17	
4043	72	
4044	30	
4045	59	
4046	3	
4047	27	
4048	94	
4049	63	
4050	6	
4051	93	
4052	40	
4053	94	
4054	4	
4055	31	
4056	4	
4057	55	
4058	45	
4059	96	
4060	59	
4061	96	
4062	53	
4063	6	
4064	65	
4065	41	
4066	46	
4067	85	
4068	91	
4069	44	
4070	43	
4071	44	
4072	16	
4073	17	
4074	49	
4075	81	
4076	30	
4077	49	
4078	46	
4079	87	
4080	36	
4081	52	
4082	47	
4083	81	
4084	26	
4085	21	
4086	85	
4087	30	
4088	42	
4089	30	
4090	25	
4091	45	
4092	11	
4093	30	
4094	45	
4095	22	
4096	45	
4097	88	
4098	33	
4099	36	
4100	70	
4101	31	
4102	33	
4103	17	
4104	32	
4105	66	
4106	7	
4107	13	
4108	29	
4109	59	
4110	76	
4111	77	
4112	49	
4113	42	
4114	85	
4115	59	
4116	29	
4117	52	
4118	67	
4119	80	
4120	47	
4121	94	
4122	50	
4123	44	
4124	26	
4125	48	
4126	99	
4127	50	
4128	40	
4129	16	
4130	91	
4131	42	
4132	4	
4133	11	
4134	8	
4135	68	
4136	43	
4137	84	
4138	59	
4139	8	
4140	16	
4141	90	
4142	54	
4143	81	
4144	30	
4145	100	
4146	90	
4147	45	
4148	98	
4149	80	
4150	67	
4151	4	
4152	16	
4153	38	
4154	56	
4155	6	
4156	65	
4157	12	
4158	66	
4159	28	
4160	43	
4161	69	
4162	86	
4163	47	
4164	17	
4165	43	
4166	89	
4167	26	
4168	90	
4169	35	
4170	37	
4171	73	
4172	55	
4173	69	
4174	39	
4175	9	
4176	71	
4177	87	
4178	51	
4179	32	
4180	64	
4181	49	
4182	89	
4183	71	
4184	61	
4185	19	
4186	80	
4187	46	
4188	35	
4189	39	
4190	3	
4191	40	
4192	98	
4193	30	
4194	38	
4195	6	
4196	82	
4197	52	
4198	96	
4199	78	
4200	40	
4201	58	
4202	32	
4203	97	
4204	93	
4205	66	
4206	72	
4207	83	
4208	79	
4209	30	
4210	51	
4211	95	
4212	93	
4213	18	
4214	20	
4215	61	
4216	57	
4217	21	
4218	98	
4219	38	
4220	25	
4221	24	
4222	18	
4223	56	
4224	56	
4225	72	
4226	64	
4227	24	
4228	19	
4229	66	
4230	68	
4231	29	
4232	87	
4233	2	
4234	64	
4235	40	
4236	71	
4237	86	
4238	24	
4239	47	
4240	39	
4241	10	
4242	48	
4243	20	
4244	74	
4245	44	
4246	17	
4247	77	
4248	13	
4249	11	
4250	70	
4251	23	
4252	50	
4253	97	
4254	22	
4255	85	
4256	66	
4257	14	
4258	44	
4259	8	
4260	60	
4261	84	
4262	74	
4263	86	
4264	20	
4265	39	
4266	10	
4267	69	
4268	4	
4269	16	
4270	21	
4271	82	
4272	11	
4273	99	
4274	10	
4275	32	
4276	10	
4277	10	
4278	4	
4279	40	
4280	92	
4281	98	
4282	47	
4283	40	
4284	56	
4285	3	
4286	100	
4287	6	
4288	7	
4289	57	
4290	46	
4291	91	
4292	16	
4293	39	
4294	57	
4295	38	
4296	6	
4297	16	
4298	94	
4299	29	
4300	65	
4301	82	
4302	40	
4303	76	
4304	54	
4305	68	
4306	39	
4307	46	
4308	18	
4309	33	
4310	36	
4311	54	
4312	44	
4313	9	
4314	53	
4315	63	
4316	93	
4317	45	
4318	48	
4319	45	
4320	96	
4321	9	
4322	61	
4323	5	
4324	68	
4325	38	
4326	26	
4327	5	
4328	34	
4329	93	
4330	44	
4331	99	
4332	38	
4333	32	
4334	32	
4335	73	
4336	17	
4337	54	
4338	72	
4339	35	
4340	53	
4341	81	
4342	86	
4343	94	
4344	62	
4345	61	
4346	62	
4347	1	
4348	49	
4349	96	
4350	97	
4351	19	
4352	45	
4353	97	
4354	14	
4355	73	
4356	11	
4357	2	
4358	57	
4359	3	
4360	15	
4361	88	
4362	51	
4363	28	
4364	34	
4365	11	
4366	39	
4367	68	
4368	28	
4369	45	
4370	28	
4371	39	
4372	85	
4373	94	
4374	22	
4375	48	
4376	45	
4377	78	
4378	44	
4379	57	
4380	41	
4381	55	
4382	88	
4383	59	
4384	1	
4385	22	
4386	12	
4387	64	
4388	22	
4389	75	
4390	29	
4391	15	
4392	63	
4393	15	
4394	8	
4395	39	
4396	70	
4397	71	
4398	74	
4399	25	
4400	6	
4401	28	
4402	41	
4403	9	
4404	83	
4405	75	
4406	71	
4407	22	
4408	15	
4409	75	
4410	31	
4411	16	
4412	25	
4413	35	
4414	33	
4415	10	
4416	77	
4417	35	
4418	84	
4419	62	
4420	25	
4421	44	
4422	39	
4423	85	
4424	11	
4425	67	
4426	94	
4427	22	
4428	46	
4429	24	
4430	36	
4431	10	
4432	83	
4433	32	
4434	28	
4435	6	
4436	86	
4437	44	
4438	21	
4439	6	
4440	12	
4441	57	
4442	88	
4443	21	
4444	16	
4445	52	
4446	39	
4447	40	
4448	57	
4449	81	
4450	9	
4451	90	
4452	79	
4453	30	
4454	18	
4455	59	
4456	19	
4457	27	
4458	78	
4459	11	
4460	13	
4461	65	
4462	6	
4463	73	
4464	93	
4465	60	
4466	44	
4467	6	
4468	4	
4469	2	
4470	14	
4471	4	
4472	94	
4473	84	
4474	47	
4475	86	
4476	23	
4477	34	
4478	59	
4479	56	
4480	64	
4481	92	
4482	21	
4483	61	
4484	81	
4485	73	
4486	72	
4487	51	
4488	66	
4489	28	
4490	92	
4491	22	
4492	19	
4493	67	
4494	83	
4495	2	
4496	54	
4497	65	
4498	30	
4499	76	
4500	58	
4501	5	
4502	20	
4503	86	
4504	94	
4505	79	
4506	3	
4507	44	
4508	90	
4509	80	
4510	92	
4511	47	
4512	39	
4513	3	
4514	69	
4515	18	
4516	22	
4517	40	
4518	62	
4519	69	
4520	32	
4521	89	
4522	47	
4523	84	
4524	58	
4525	21	
4526	65	
4527	42	
4528	94	
4529	99	
4530	94	
4531	61	
4532	63	
4533	57	
4534	47	
4535	81	
4536	47	
4537	27	
4538	26	
4539	38	
4540	52	
4541	50	
4542	7	
4543	20	
4544	73	
4545	75	
4546	4	
4547	66	
4548	11	
4549	56	
4550	39	
4551	46	
4552	71	
4553	95	
4554	92	
4555	9	
4556	32	
4557	48	
4558	93	
4559	73	
4560	19	
4561	5	
4562	75	
4563	24	
4564	44	
4565	9	
4566	9	
4567	56	
4568	79	
4569	67	
4570	85	
4571	2	
4572	14	
4573	54	
4574	16	
4575	21	
4576	23	
4577	40	
4578	48	
4579	89	
4580	64	
4581	28	
4582	81	
4583	2	
4584	5	
4585	14	
4586	46	
4587	4	
4588	74	
4589	31	
4590	26	
4591	43	
4592	82	
4593	8	
4594	62	
4595	22	
4596	92	
4597	22	
4598	43	
4599	89	
4600	7	
4601	96	
4602	78	
4603	16	
4604	27	
4605	97	
4606	74	
4607	91	
4608	17	
4609	37	
4610	10	
4611	98	
4612	97	
4613	45	
4614	60	
4615	36	
4616	82	
4617	41	
4618	38	
4619	10	
4620	3	
4621	40	
4622	50	
4623	27	
4624	54	
4625	76	
4626	75	
4627	11	
4628	5	
4629	51	
4630	60	
4631	17	
4632	98	
4633	50	
4634	37	
4635	62	
4636	84	
4637	14	
4638	26	
4639	69	
4640	34	
4641	43	
4642	93	
4643	34	
4644	37	
4645	83	
4646	14	
4647	74	
4648	99	
4649	13	
4650	16	
4651	87	
4652	100	
4653	36	
4654	78	
4655	89	
4656	13	
4657	28	
4658	53	
4659	42	
4660	12	
4661	73	
4662	90	
4663	39	
4664	97	
4665	32	
4666	30	
4667	10	
4668	77	
4669	39	
4670	83	
4671	17	
4672	99	
4673	30	
4674	70	
4675	33	
4676	4	
4677	77	
4678	17	
4679	81	
4680	20	
4681	2	
4682	99	
4683	82	
4684	48	
4685	86	
4686	37	
4687	15	
4688	80	
4689	33	
4690	29	
4691	8	
4692	100	
4693	4	
4694	46	
4695	36	
4696	12	
4697	67	
4698	36	
4699	96	
4700	69	
4701	97	
4702	46	
4703	95	
4704	83	
4705	69	
4706	25	
4707	6	
4708	39	
4709	4	
4710	41	
4711	35	
4712	89	
4713	15	
4714	24	
4715	40	
4716	36	
4717	80	
4718	40	
4719	43	
4720	90	
4721	30	
4722	22	
4723	100	
4724	63	
4725	43	
4726	59	
4727	4	
4728	70	
4729	99	
4730	84	
4731	85	
4732	77	
4733	15	
4734	55	
4735	29	
4736	16	
4737	64	
4738	97	
4739	86	
4740	50	
4741	28	
4742	59	
4743	20	
4744	61	
4745	25	
4746	75	
4747	45	
4748	72	
4749	67	
4750	54	
4751	77	
4752	52	
4753	64	
4754	49	
4755	87	
4756	94	
4757	19	
4758	58	
4759	38	
4760	20	
4761	27	
4762	49	
4763	77	
4764	17	
4765	30	
4766	89	
4767	37	
4768	19	
4769	37	
4770	55	
4771	20	
4772	33	
4773	60	
4774	11	
4775	64	
4776	96	
4777	72	
4778	43	
4779	52	
4780	56	
4781	10	
4782	85	
4783	42	
4784	46	
4785	27	
4786	94	
4787	45	
4788	68	
4789	19	
4790	31	
4791	51	
4792	62	
4793	28	
4794	56	
4795	80	
4796	56	
4797	34	
4798	37	
4799	83	
4800	95	
4801	74	
4802	58	
4803	98	
4804	31	
4805	25	
4806	92	
4807	62	
4808	76	
4809	83	
4810	81	
4811	9	
4812	67	
4813	94	
4814	86	
4815	70	
4816	7	
4817	10	
4818	80	
4819	6	
4820	98	
4821	44	
4822	29	
4823	30	
4824	87	
4825	13	
4826	61	
4827	5	
4828	43	
4829	46	
4830	75	
4831	40	
4832	22	
4833	39	
4834	55	
4835	73	
4836	85	
4837	50	
4838	47	
4839	39	
4840	51	
4841	55	
4842	57	
4843	70	
4844	73	
4845	99	
4846	9	
4847	85	
4848	96	
4849	78	
4850	32	
4851	69	
4852	59	
4853	66	
4854	5	
4855	72	
4856	75	
4857	83	
4858	31	
4859	16	
4860	81	
4861	87	
4862	10	
4863	48	
4864	88	
4865	62	
4866	34	
4867	12	
4868	22	
4869	8	
4870	84	
4871	6	
4872	41	
4873	35	
4874	10	
4875	21	
4876	96	
4877	36	
4878	81	
4879	2	
4880	60	
4881	2	
4882	13	
4883	26	
4884	9	
4885	69	
4886	46	
4887	81	
4888	56	
4889	46	
4890	43	
4891	91	
4892	80	
4893	37	
4894	91	
4895	54	
4896	47	
4897	96	
4898	30	
4899	41	
4900	19	
4901	67	
4902	34	
4903	32	
4904	71	
4905	80	
4906	44	
4907	38	
4908	69	
4909	94	
4910	94	
4911	5	
4912	80	
4913	52	
4914	64	
4915	95	
4916	89	
4917	20	
4918	81	
4919	68	
4920	36	
4921	13	
4922	45	
4923	48	
4924	9	
4925	11	
4926	18	
4927	67	
4928	77	
4929	64	
4930	56	
4931	64	
4932	76	
4933	78	
4934	94	
4935	85	
4936	73	
4937	74	
4938	57	
4939	35	
4940	3	
4941	56	
4942	58	
4943	64	
4944	100	
4945	45	
4946	17	
4947	65	
4948	18	
4949	39	
4950	86	
4951	70	
4952	32	
4953	85	
4954	72	
4955	39	
4956	71	
4957	14	
4958	78	
4959	3	
4960	22	
4961	68	
4962	36	
4963	46	
4964	52	
4965	90	
4966	20	
4967	80	
4968	15	
4969	4	
4970	47	
4971	33	
4972	64	
4973	71	
4974	99	
4975	73	
4976	7	
4977	28	
4978	52	
4979	11	
4980	18	
4981	3	
4982	20	
4983	31	
4984	79	
4985	70	
4986	41	
4987	93	
4988	80	
4989	85	
4990	36	
4991	13	
4992	11	
4993	13	
4994	61	
4995	55	
4996	64	
4997	63	
4998	87	
4999	42	
5000	72	
5001	99	
5002	34	
5003	99	
5004	1	
5005	87	
5006	41	
5007	12	
5008	82	
5009	99	
5010	96	
5011	63	
5012	89	
5013	20	
5014	16	
5015	50	
5016	82	
5017	43	
5018	43	
5019	86	
5020	64	
5021	69	
5022	39	
5023	22	
5024	40	
5025	54	
5026	48	
5027	59	
5028	95	
5029	8	
5030	4	
5031	79	
5032	76	
5033	86	
5034	84	
5035	35	
5036	69	
5037	3	
5038	1	
5039	59	
5040	5	
5041	7	
5042	53	
5043	98	
5044	9	
5045	78	
5046	26	
5047	28	
5048	52	
5049	1	
5050	55	
5051	62	
5052	16	
5053	46	
5054	88	
5055	62	
5056	5	
5057	84	
5058	68	
5059	45	
5060	74	
5061	22	
5062	6	
5063	18	
5064	25	
5065	59	
5066	46	
5067	38	
5068	17	
5069	28	
5070	71	
5071	55	
5072	79	
5073	7	
5074	21	
5075	27	
5076	24	
5077	92	
5078	85	
5079	44	
5080	82	
5081	39	
5082	57	
5083	72	
5084	64	
5085	75	
5086	15	
5087	44	
5088	61	
5089	11	
5090	86	
5091	9	
5092	53	
5093	64	
5094	46	
5095	8	
5096	85	
5097	95	
5098	23	
5099	67	
5100	41	
5101	10	
5102	43	
5103	71	
5104	61	
5105	24	
5106	1	
5107	67	
5108	78	
5109	63	
5110	2	
5111	84	
5112	56	
5113	22	
5114	76	
5115	84	
5116	60	
5117	97	
5118	23	
5119	20	
5120	80	
5121	62	
5122	2	
5123	29	
5124	7	
5125	3	
5126	100	
5127	28	
5128	92	
5129	17	
5130	61	
5131	35	
5132	92	
5133	12	
5134	76	
5135	81	
5136	15	
5137	41	
5138	92	
5139	6	
5140	36	
5141	66	
5142	28	
5143	25	
5144	57	
5145	6	
5146	25	
5147	36	
5148	67	
5149	51	
5150	49	
5151	28	
5152	44	
5153	2	
5154	31	
5155	87	
5156	5	
5157	27	
5158	91	
5159	15	
5160	35	
5161	19	
5162	57	
5163	86	
5164	63	
5165	19	
5166	34	
5167	98	
5168	68	
5169	43	
5170	72	
5171	39	
5172	34	
5173	78	
5174	80	
5175	10	
5176	42	
5177	66	
5178	20	
5179	10	
5180	73	
5181	59	
5182	76	
5183	22	
5184	67	
5185	46	
5186	58	
5187	71	
5188	19	
5189	55	
5190	76	
5191	49	
5192	14	
5193	57	
5194	26	
5195	19	
5196	18	
5197	50	
5198	91	
5199	41	
5200	76	
5201	70	
5202	14	
5203	75	
5204	68	
5205	91	
5206	90	
5207	45	
5208	31	
5209	51	
5210	96	
5211	34	
5212	12	
5213	62	
5214	17	
5215	94	
5216	61	
5217	11	
5218	99	
5219	67	
5220	20	
5221	36	
5222	87	
5223	53	
5224	5	
5225	17	
5226	21	
5227	47	
5228	100	
5229	75	
5230	33	
5231	31	
5232	69	
5233	34	
5234	53	
5235	34	
5236	77	
5237	16	
5238	42	
5239	94	
5240	3	
5241	41	
5242	50	
5243	73	
5244	38	
5245	35	
5246	52	
5247	94	
5248	43	
5249	5	
5250	77	
5251	36	
5252	69	
5253	30	
5254	39	
5255	52	
5256	47	
5257	1	
5258	90	
5259	89	
5260	42	
5261	3	
5262	88	
5263	87	
5264	41	
5265	58	
5266	66	
5267	27	
5268	13	
5269	62	
5270	2	
5271	18	
5272	67	
5273	15	
5274	77	
5275	91	
5276	79	
5277	88	
5278	40	
5279	8	
5280	73	
5281	47	
5282	5	
5283	89	
5284	82	
5285	72	
5286	57	
5287	58	
5288	29	
5289	37	
5290	8	
5291	6	
5292	91	
5293	89	
5294	9	
5295	51	
5296	8	
5297	10	
5298	17	
5299	91	
5300	42	
5301	84	
5302	33	
5303	29	
5304	27	
5305	94	
5306	94	
5307	36	
5308	93	
5309	61	
5310	82	
5311	56	
5312	34	
5313	90	
5314	6	
5315	80	
5316	58	
5317	91	
5318	52	
5319	86	
5320	6	
5321	94	
5322	24	
5323	62	
5324	4	
5325	83	
5326	32	
5327	52	
5328	88	
5329	24	
5330	17	
5331	89	
5332	34	
5333	23	
5334	97	
5335	11	
5336	74	
5337	77	
5338	1	
5339	19	
5340	29	
5341	16	
5342	6	
5343	55	
5344	43	
5345	6	
5346	93	
5347	2	
5348	2	
5349	98	
5350	21	
5351	80	
5352	7	
5353	12	
5354	49	
5355	89	
5356	93	
5357	9	
5358	73	
5359	61	
5360	22	
5361	50	
5362	91	
5363	66	
5364	97	
5365	31	
5366	39	
5367	47	
5368	33	
5369	62	
5370	21	
5371	68	
5372	78	
5373	27	
5374	3	
5375	89	
5376	8	
5377	38	
5378	34	
5379	70	
5380	37	
5381	74	
5382	56	
5383	6	
5384	23	
5385	86	
5386	40	
5387	82	
5388	89	
5389	56	
5390	63	
5391	80	
5392	33	
5393	4	
5394	55	
5395	22	
5396	40	
5397	84	
5398	27	
5399	66	
5400	83	
5401	10	
5402	99	
5403	97	
5404	50	
5405	14	
5406	90	
5407	85	
5408	16	
5409	67	
5410	48	
5411	81	
5412	52	
5413	35	
5414	12	
5415	82	
5416	48	
5417	29	
5418	21	
5419	29	
5420	77	
5421	68	
5422	30	
5423	18	
5424	31	
5425	99	
5426	20	
5427	52	
5428	83	
5429	36	
5430	52	
5431	47	
5432	73	
5433	36	
5434	55	
5435	27	
5436	42	
5437	14	
5438	71	
5439	76	
5440	16	
5441	33	
5442	48	
5443	79	
5444	39	
5445	96	
5446	94	
5447	13	
5448	83	
5449	77	
5450	20	
5451	27	
5452	20	
5453	13	
5454	56	
5455	10	
5456	29	
5457	59	
5458	94	
5459	41	
5460	46	
5461	66	
5462	42	
5463	87	
5464	63	
5465	46	
5466	68	
5467	73	
5468	5	
5469	79	
5470	25	
5471	90	
5472	76	
5473	19	
5474	18	
5475	27	
5476	65	
5477	10	
5478	49	
5479	94	
5480	11	
5481	29	
5482	28	
5483	100	
5484	76	
5485	98	
5486	75	
5487	65	
5488	38	
5489	84	
5490	99	
5491	72	
5492	20	
5493	36	
5494	43	
5495	85	
5496	24	
5497	60	
5498	99	
5499	49	
5500	76	
5501	25	
5502	41	
5503	86	
5504	95	
5505	61	
5506	65	
5507	58	
5508	83	
5509	57	
5510	31	
5511	74	
5512	18	
5513	78	
5514	17	
5515	80	
5516	98	
5517	15	
5518	55	
5519	62	
5520	7	
5521	77	
5522	9	
5523	6	
5524	1	
5525	23	
5526	5	
5527	79	
5528	1	
5529	75	
5530	95	
5531	76	
5532	27	
5533	51	
5534	26	
5535	33	
5536	82	
5537	53	
5538	38	
5539	79	
5540	80	
5541	12	
5542	61	
5543	72	
5544	49	
5545	20	
5546	64	
5547	2	
5548	25	
5549	82	
5550	37	
5551	19	
5552	32	
5553	54	
5554	89	
5555	7	
5556	35	
5557	11	
5558	32	
5559	7	
5560	37	
5561	51	
5562	1	
5563	69	
5564	13	
5565	21	
5566	25	
5567	3	
5568	52	
5569	21	
5570	92	
5571	31	
5572	65	
5573	4	
5574	22	
5575	25	
5576	7	
5577	66	
5578	97	
5579	59	
5580	7	
5581	9	
5582	77	
5583	69	
5584	76	
5585	85	
5586	50	
5587	51	
5588	8	
5589	87	
5590	6	
5591	69	
5592	57	
5593	60	
5594	77	
5595	14	
5596	7	
5597	60	
5598	2	
5599	35	
5600	22	
5601	21	
5602	93	
5603	22	
5604	90	
5605	56	
5606	48	
5607	73	
5608	17	
5609	77	
5610	44	
5611	82	
5612	12	
5613	16	
5614	67	
5615	99	
5616	64	
5617	63	
5618	77	
5619	25	
5620	24	
5621	12	
5622	56	
5623	22	
5624	77	
5625	97	
5626	34	
5627	68	
5628	20	
5629	48	
5630	24	
5631	6	
5632	76	
5633	79	
5634	50	
5635	19	
5636	6	
5637	33	
5638	31	
5639	84	
5640	18	
5641	44	
5642	100	
5643	8	
5644	98	
5645	77	
5646	98	
5647	3	
5648	67	
5649	3	
5650	5	
5651	13	
5652	40	
5653	37	
5654	49	
5655	2	
5656	53	
5657	42	
5658	85	
5659	41	
5660	5	
5661	49	
5662	32	
5663	59	
5664	1	
5665	57	
5666	98	
5667	99	
5668	78	
5669	91	
5670	5	
5671	77	
5672	100	
5673	8	
5674	58	
5675	85	
5676	75	
5677	65	
5678	2	
5679	6	
5680	66	
5681	11	
5682	63	
5683	21	
5684	92	
5685	7	
5686	43	
5687	96	
5688	72	
5689	65	
5690	54	
5691	45	
5692	2	
5693	82	
5694	93	
5695	59	
5696	18	
5697	79	
5698	51	
5699	22	
5700	46	
5701	5	
5702	60	
5703	96	
5704	8	
5705	5	
5706	1	
5707	24	
5708	47	
5709	59	
5710	57	
5711	71	
5712	25	
5713	60	
5714	83	
5715	26	
5716	12	
5717	98	
5718	3	
5719	57	
5720	22	
5721	100	
5722	44	
5723	8	
5724	26	
5725	20	
5726	40	
5727	42	
5728	91	
5729	18	
5730	61	
5731	51	
5732	73	
5733	48	
5734	52	
5735	83	
5736	69	
5737	62	
5738	2	
5739	22	
5740	79	
5741	73	
5742	85	
5743	63	
5744	23	
5745	49	
5746	21	
5747	95	
5748	91	
5749	93	
5750	28	
5751	81	
5752	57	
5753	19	
5754	80	
5755	5	
5756	86	
5757	90	
5758	9	
5759	91	
5760	91	
5761	98	
5762	5	
5763	7	
5764	88	
5765	44	
5766	6	
5767	64	
5768	65	
5769	28	
5770	97	
5771	42	
5772	91	
5773	92	
5774	90	
5775	33	
5776	57	
5777	43	
5778	80	
5779	94	
5780	57	
5781	53	
5782	39	
5783	99	
5784	50	
5785	51	
5786	45	
5787	85	
5788	34	
5789	97	
5790	52	
5791	23	
5792	23	
5793	2	
5794	55	
5795	5	
5796	95	
5797	12	
5798	90	
5799	91	
5800	77	
5801	30	
5802	1	
5803	9	
5804	42	
5805	67	
5806	37	
5807	95	
5808	39	
5809	54	
5810	68	
5811	88	
5812	24	
5813	5	
5814	32	
5815	92	
5816	72	
5817	64	
5818	56	
5819	87	
5820	25	
5821	93	
5822	96	
5823	25	
5824	18	
5825	55	
5826	3	
5827	90	
5828	45	
5829	1	
5830	44	
5831	73	
5832	100	
5833	41	
5834	15	
5835	19	
5836	25	
5837	83	
5838	50	
5839	46	
5840	80	
5841	9	
5842	42	
5843	28	
5844	86	
5845	50	
5846	90	
5847	99	
5848	25	
5849	18	
5850	21	
5851	40	
5852	32	
5853	29	
5854	77	
5855	30	
5856	37	
5857	57	
5858	44	
5859	50	
5860	34	
5861	66	
5862	31	
5863	26	
5864	47	
5865	57	
5866	70	
5867	3	
5868	56	
5869	72	
5870	77	
5871	61	
5872	17	
5873	17	
5874	90	
5875	15	
5876	91	
5877	72	
5878	66	
5879	1	
5880	2	
5881	16	
5882	31	
5883	4	
5884	86	
5885	62	
5886	40	
5887	18	
5888	80	
5889	75	
5890	82	
5891	16	
5892	36	
5893	64	
5894	87	
5895	85	
5896	98	
5897	86	
5898	43	
5899	14	
5900	98	
5901	9	
5902	65	
5903	42	
5904	62	
5905	94	
5906	48	
5907	25	
5908	20	
5909	62	
5910	71	
5911	70	
5912	82	
5913	82	
5914	11	
5915	38	
5916	16	
5917	8	
5918	77	
5919	17	
5920	22	
5921	26	
5922	91	
5923	17	
5924	21	
5925	11	
5926	58	
5927	28	
5928	24	
5929	51	
5930	42	
5931	24	
5932	36	
5933	55	
5934	90	
5935	86	
5936	62	
5937	15	
5938	7	
5939	41	
5940	77	
5941	69	
5942	22	
5943	62	
5944	74	
5945	98	
5946	72	
5947	71	
5948	6	
5949	90	
5950	16	
5951	86	
5952	48	
5953	33	
5954	93	
5955	45	
5956	77	
5957	58	
5958	65	
5959	64	
5960	62	
5961	60	
5962	90	
5963	72	
5964	10	
5965	25	
5966	18	
5967	12	
5968	17	
5969	17	
5970	16	
5971	56	
5972	94	
5973	41	
5974	59	
5975	99	
5976	94	
5977	94	
5978	40	
5979	3	
5980	19	
5981	17	
5982	32	
5983	37	
5984	14	
5985	25	
5986	40	
5987	27	
5988	2	
5989	66	
5990	11	
5991	83	
5992	67	
5993	34	
5994	84	
5995	47	
5996	75	
5997	100	
5998	3	
5999	45	
6000	73	
6001	63	
6002	98	
6003	74	
6004	50	
6005	89	
6006	25	
6007	92	
6008	13	
6009	10	
6010	36	
6011	89	
6012	24	
6013	92	
6014	2	
6015	43	
6016	47	
6017	26	
6018	73	
6019	80	
6020	86	
6021	59	
6022	38	
6023	65	
6024	56	
6025	93	
6026	60	
6027	9	
6028	8	
6029	28	
6030	69	
6031	85	
6032	56	
6033	38	
6034	86	
6035	94	
6036	49	
6037	26	
6038	53	
6039	35	
6040	72	
6041	24	
6042	79	
6043	66	
6044	53	
6045	36	
6046	9	
6047	84	
6048	40	
6049	32	
6050	80	
6051	3	
6052	41	
6053	76	
6054	95	
6055	6	
6056	93	
6057	13	
6058	17	
6059	37	
6060	36	
6061	56	
6062	45	
6063	47	
6064	42	
6065	74	
6066	16	
6067	89	
6068	13	
6069	88	
6070	67	
6071	61	
6072	14	
6073	77	
6074	91	
6075	25	
6076	89	
6077	61	
6078	6	
6079	32	
6080	84	
6081	70	
6082	21	
6083	5	
6084	64	
6085	98	
6086	73	
6087	57	
6088	1	
6089	41	
6090	72	
6091	40	
6092	24	
6093	5	
6094	67	
6095	16	
6096	25	
6097	70	
6098	83	
6099	54	
6100	32	
6101	54	
6102	98	
6103	62	
6104	9	
6105	80	
6106	73	
6107	43	
6108	57	
6109	14	
6110	45	
6111	18	
6112	68	
6113	52	
6114	67	
6115	22	
6116	23	
6117	76	
6118	1	
6119	23	
6120	29	
6121	26	
6122	92	
6123	21	
6124	36	
6125	91	
6126	31	
6127	15	
6128	98	
6129	59	
6130	64	
6131	66	
6132	38	
6133	49	
6134	15	
6135	69	
6136	62	
6137	63	
6138	36	
6139	100	
6140	92	
6141	32	
6142	77	
6143	3	
6144	4	
6145	15	
6146	7	
6147	65	
6148	5	
6149	75	
6150	59	
6151	19	
6152	77	
6153	99	
6154	35	
6155	65	
6156	83	
6157	53	
6158	28	
6159	21	
6160	56	
6161	37	
6162	43	
6163	65	
6164	32	
6165	68	
6166	57	
6167	94	
6168	24	
6169	7	
6170	5	
6171	19	
6172	44	
6173	62	
6174	3	
6175	6	
6176	95	
6177	83	
6178	100	
6179	31	
6180	83	
6181	91	
6182	34	
6183	2	
6184	48	
6185	49	
6186	54	
6187	79	
6188	58	
6189	60	
6190	70	
6191	22	
6192	97	
6193	51	
6194	63	
6195	74	
6196	74	
6197	32	
6198	94	
6199	35	
6200	13	
6201	75	
6202	71	
6203	69	
6204	74	
6205	86	
6206	86	
6207	56	
6208	34	
6209	100	
6210	55	
6211	4	
6212	81	
6213	59	
6214	27	
6215	8	
6216	3	
6217	60	
6218	12	
6219	5	
6220	32	
6221	71	
6222	51	
6223	1	
6224	6	
6225	22	
6226	24	
6227	62	
6228	36	
6229	21	
6230	79	
6231	46	
6232	57	
6233	4	
6234	23	
6235	78	
6236	41	
6237	17	
6238	95	
6239	49	
6240	48	
6241	9	
6242	75	
6243	95	
6244	66	
6245	48	
6246	26	
6247	92	
6248	73	
6249	15	
6250	15	
6251	29	
6252	39	
6253	59	
6254	45	
6255	71	
6256	26	
6257	97	
6258	16	
6259	96	
6260	77	
6261	98	
6262	95	
6263	19	
6264	42	
6265	21	
6266	21	
6267	53	
6268	67	
6269	6	
6270	38	
6271	16	
6272	23	
6273	59	
6274	2	
6275	85	
6276	91	
6277	98	
6278	78	
6279	55	
6280	99	
6281	19	
6282	43	
6283	75	
6284	100	
6285	88	
6286	40	
6287	80	
6288	62	
6289	89	
6290	37	
6291	65	
6292	13	
6293	36	
6294	72	
6295	24	
6296	70	
6297	68	
6298	5	
6299	35	
6300	92	
6301	51	
6302	15	
6303	62	
6304	24	
6305	17	
6306	77	
6307	22	
6308	11	
6309	84	
6310	56	
6311	53	
6312	17	
6313	11	
6314	74	
6315	96	
6316	6	
6317	26	
6318	73	
6319	79	
6320	42	
6321	22	
6322	43	
6323	69	
6324	70	
6325	50	
6326	6	
6327	66	
6328	89	
6329	74	
6330	46	
6331	75	
6332	33	
6333	88	
6334	45	
6335	62	
6336	42	
6337	36	
6338	27	
6339	89	
6340	56	
6341	83	
6342	43	
6343	41	
6344	22	
6345	33	
6346	17	
6347	28	
6348	39	
6349	47	
6350	76	
6351	41	
6352	29	
6353	31	
6354	8	
6355	64	
6356	74	
6357	13	
6358	66	
6359	8	
6360	80	
6361	18	
6362	28	
6363	26	
6364	46	
6365	27	
6366	40	
6367	17	
6368	43	
6369	4	
6370	86	
6371	38	
6372	59	
6373	6	
6374	76	
6375	28	
6376	79	
6377	94	
6378	83	
6379	14	
6380	39	
6381	10	
6382	37	
6383	9	
6384	68	
6385	89	
6386	38	
6387	21	
6388	29	
6389	1	
6390	76	
6391	88	
6392	7	
6393	74	
6394	25	
6395	88	
6396	19	
6397	54	
6398	49	
6399	75	
6400	79	
6401	32	
6402	63	
6403	83	
6404	15	
6405	98	
6406	11	
6407	81	
6408	12	
6409	81	
6410	86	
6411	83	
6412	64	
6413	89	
6414	31	
6415	48	
6416	74	
6417	32	
6418	5	
6419	48	
6420	48	
6421	37	
6422	96	
6423	79	
6424	73	
6425	91	
6426	51	
6427	32	
6428	55	
6429	53	
6430	12	
6431	20	
6432	84	
6433	81	
6434	45	
6435	42	
6436	86	
6437	91	
6438	31	
6439	49	
6440	88	
6441	92	
6442	79	
6443	47	
6444	8	
6445	73	
6446	46	
6447	58	
6448	44	
6449	3	
6450	42	
6451	35	
6452	35	
6453	74	
6454	37	
6455	36	
6456	3	
6457	28	
6458	18	
6459	63	
6460	42	
6461	41	
6462	37	
6463	7	
6464	36	
6465	70	
6466	25	
6467	15	
6468	72	
6469	80	
6470	93	
6471	56	
6472	88	
6473	19	
6474	45	
6475	5	
6476	51	
6477	34	
6478	44	
6479	46	
6480	78	
6481	67	
6482	1	
6483	39	
6484	98	
6485	40	
6486	12	
6487	60	
6488	29	
6489	2	
6490	63	
6491	69	
6492	70	
6493	50	
6494	11	
6495	36	
6496	39	
6497	84	
6498	43	
6499	63	
6500	3	
6501	50	
6502	20	
6503	45	
6504	7	
6505	16	
6506	93	
6507	70	
6508	58	
6509	43	
6510	11	
6511	29	
6512	63	
6513	71	
6514	17	
6515	55	
6516	12	
6517	66	
6518	72	
6519	43	
6520	86	
6521	41	
6522	34	
6523	65	
6524	1	
6525	35	
6526	67	
6527	13	
6528	66	
6529	55	
6530	30	
6531	42	
6532	84	
6533	29	
6534	54	
6535	97	
6536	98	
6537	89	
6538	91	
6539	42	
6540	89	
6541	12	
6542	91	
6543	75	
6544	24	
6545	28	
6546	99	
6547	81	
6548	1	
6549	1	
6550	98	
6551	92	
6552	31	
6553	8	
6554	79	
6555	16	
6556	35	
6557	50	
6558	16	
6559	87	
6560	53	
6561	86	
6562	27	
6563	64	
6564	6	
6565	88	
6566	80	
6567	96	
6568	13	
6569	62	
6570	26	
6571	60	
6572	76	
6573	35	
6574	65	
6575	75	
6576	77	
6577	10	
6578	67	
6579	6	
6580	79	
6581	9	
6582	93	
6583	4	
6584	12	
6585	96	
6586	13	
6587	97	
6588	2	
6589	60	
6590	83	
6591	49	
6592	28	
6593	74	
6594	9	
6595	60	
6596	67	
6597	16	
6598	13	
6599	21	
6600	7	
6601	76	
6602	7	
6603	4	
6604	66	
6605	6	
6606	53	
6607	66	
6608	1	
6609	8	
6610	8	
6611	61	
6612	51	
6613	61	
6614	55	
6615	18	
6616	56	
6617	8	
6618	36	
6619	49	
6620	35	
6621	55	
6622	28	
6623	29	
6624	22	
6625	95	
6626	73	
6627	11	
6628	12	
6629	52	
6630	43	
6631	44	
6632	9	
6633	79	
6634	13	
6635	24	
6636	67	
6637	41	
6638	31	
6639	75	
6640	29	
6641	51	
6642	3	
6643	75	
6644	88	
6645	14	
6646	50	
6647	7	
6648	24	
6649	33	
6650	78	
6651	68	
6652	13	
6653	87	
6654	90	
6655	36	
6656	27	
6657	60	
6658	35	
6659	88	
6660	80	
6661	33	
6662	87	
6663	3	
6664	47	
6665	14	
6666	65	
6667	54	
6668	68	
6669	66	
6670	42	
6671	19	
6672	88	
6673	30	
6674	100	
6675	52	
6676	100	
6677	75	
6678	6	
6679	19	
6680	19	
6681	55	
6682	33	
6683	25	
6684	90	
6685	52	
6686	46	
6687	25	
6688	85	
6689	18	
6690	54	
6691	60	
6692	64	
6693	51	
6694	68	
6695	52	
6696	4	
6697	70	
6698	3	
6699	78	
6700	9	
6701	58	
6702	94	
6703	22	
6704	64	
6705	3	
6706	14	
6707	3	
6708	80	
6709	45	
6710	60	
6711	25	
6712	58	
6713	97	
6714	77	
6715	89	
6716	15	
6717	53	
6718	23	
6719	5	
6720	62	
6721	44	
6722	43	
6723	54	
6724	32	
6725	17	
6726	43	
6727	24	
6728	61	
6729	51	
6730	66	
6731	78	
6732	26	
6733	16	
6734	9	
6735	87	
6736	62	
6737	91	
6738	86	
6739	45	
6740	7	
6741	72	
6742	28	
6743	46	
6744	21	
6745	12	
6746	39	
6747	68	
6748	95	
6749	63	
6750	82	
6751	92	
6752	70	
6753	16	
6754	70	
6755	44	
6756	19	
6757	56	
6758	51	
6759	10	
6760	21	
6761	100	
6762	19	
6763	43	
6764	46	
6765	78	
6766	25	
6767	47	
6768	9	
6769	5	
6770	95	
6771	10	
6772	19	
6773	63	
6774	25	
6775	30	
6776	31	
6777	48	
6778	35	
6779	1	
6780	87	
6781	9	
6782	63	
6783	29	
6784	70	
6785	71	
6786	98	
6787	27	
6788	66	
6789	40	
6790	25	
6791	39	
6792	45	
6793	94	
6794	46	
6795	76	
6796	58	
6797	61	
6798	78	
6799	6	
6800	83	
6801	75	
6802	94	
6803	73	
6804	81	
6805	15	
6806	16	
6807	48	
6808	41	
6809	64	
6810	69	
6811	89	
6812	27	
6813	56	
6814	86	
6815	25	
6816	98	
6817	68	
6818	56	
6819	50	
6820	44	
6821	8	
6822	5	
6823	38	
6824	85	
6825	1	
6826	90	
6827	63	
6828	33	
6829	56	
6830	37	
6831	11	
6832	80	
6833	42	
6834	7	
6835	31	
6836	44	
6837	47	
6838	53	
6839	45	
6840	86	
6841	69	
6842	84	
6843	3	
6844	6	
6845	80	
6846	66	
6847	99	
6848	17	
6849	5	
6850	11	
6851	99	
6852	15	
6853	77	
6854	79	
6855	24	
6856	100	
6857	84	
6858	96	
6859	49	
6860	68	
6861	44	
6862	6	
6863	31	
6864	41	
6865	13	
6866	29	
6867	3	
6868	77	
6869	60	
6870	3	
6871	13	
6872	87	
6873	18	
6874	48	
6875	36	
6876	77	
6877	56	
6878	3	
6879	37	
6880	12	
6881	18	
6882	8	
6883	55	
6884	68	
6885	30	
6886	74	
6887	9	
6888	19	
6889	92	
6890	12	
6891	45	
6892	35	
6893	65	
6894	29	
6895	85	
6896	74	
6897	37	
6898	53	
6899	94	
6900	11	
6901	42	
6902	19	
6903	15	
6904	92	
6905	24	
6906	31	
6907	44	
6908	43	
6909	73	
6910	70	
6911	64	
6912	7	
6913	28	
6914	71	
6915	65	
6916	34	
6917	60	
6918	14	
6919	49	
6920	26	
6921	88	
6922	45	
6923	20	
6924	89	
6925	6	
6926	65	
6927	66	
6928	59	
6929	33	
6930	46	
6931	16	
6932	92	
6933	56	
6934	84	
6935	91	
6936	37	
6937	71	
6938	94	
6939	14	
6940	53	
6941	95	
6942	15	
6943	31	
6944	89	
6945	47	
6946	59	
6947	6	
6948	23	
6949	31	
6950	49	
6951	83	
6952	44	
6953	69	
6954	64	
6955	90	
6956	11	
6957	4	
6958	30	
6959	82	
6960	59	
6961	30	
6962	50	
6963	68	
6964	93	
6965	67	
6966	55	
6967	47	
6968	81	
6969	10	
6970	24	
6971	95	
6972	7	
6973	89	
6974	34	
6975	8	
6976	7	
6977	11	
6978	53	
6979	6	
6980	11	
6981	42	
6982	29	
6983	59	
6984	58	
6985	15	
6986	68	
6987	26	
6988	29	
6989	94	
6990	94	
6991	52	
6992	31	
6993	28	
6994	78	
6995	91	
6996	57	
6997	59	
6998	36	
6999	37	
7000	32	
7001	54	
7002	27	
7003	27	
7004	28	
7005	76	
7006	94	
7007	43	
7008	21	
7009	15	
7010	37	
7011	60	
7012	79	
7013	66	
7014	54	
7015	91	
7016	15	
7017	77	
7018	98	
7019	77	
7020	78	
7021	53	
7022	91	
7023	37	
7024	74	
7025	19	
7026	45	
7027	24	
7028	21	
7029	31	
7030	50	
7031	37	
7032	3	
7033	79	
7034	84	
7035	45	
7036	93	
7037	23	
7038	88	
7039	38	
7040	14	
7041	12	
7042	98	
7043	33	
7044	51	
7045	43	
7046	81	
7047	17	
7048	72	
7049	20	
7050	57	
7051	98	
7052	63	
7053	17	
7054	41	
7055	45	
7056	17	
7057	58	
7058	41	
7059	33	
7060	89	
7061	40	
7062	34	
7063	89	
7064	74	
7065	56	
7066	38	
7067	98	
7068	30	
7069	27	
7070	27	
7071	74	
7072	23	
7073	81	
7074	45	
7075	4	
7076	63	
7077	92	
7078	50	
7079	69	
7080	29	
7081	15	
7082	87	
7083	98	
7084	35	
7085	89	
7086	93	
7087	47	
7088	28	
7089	21	
7090	34	
7091	35	
7092	28	
7093	30	
7094	36	
7095	54	
7096	17	
7097	30	
7098	62	
7099	21	
7100	22	
7101	28	
7102	20	
7103	14	
7104	79	
7105	43	
7106	77	
7107	50	
7108	78	
7109	74	
7110	8	
7111	76	
7112	33	
7113	67	
7114	54	
7115	45	
7116	31	
7117	2	
7118	67	
7119	100	
7120	42	
7121	54	
7122	18	
7123	9	
7124	27	
7125	40	
7126	79	
7127	43	
7128	27	
7129	20	
7130	72	
7131	71	
7132	34	
7133	65	
7134	91	
7135	12	
7136	15	
7137	6	
7138	79	
7139	3	
7140	81	
7141	28	
7142	64	
7143	90	
7144	57	
7145	88	
7146	58	
7147	39	
7148	27	
7149	36	
7150	23	
7151	43	
7152	88	
7153	91	
7154	91	
7155	49	
7156	54	
7157	15	
7158	44	
7159	30	
7160	33	
7161	27	
7162	67	
7163	80	
7164	37	
7165	71	
7166	35	
7167	33	
7168	71	
7169	65	
7170	63	
7171	6	
7172	71	
7173	75	
7174	42	
7175	22	
7176	73	
7177	34	
7178	52	
7179	35	
7180	42	
7181	6	
7182	76	
7183	1	
7184	89	
7185	36	
7186	25	
7187	35	
7188	40	
7189	82	
7190	7	
7191	56	
7192	50	
7193	55	
7194	80	
7195	71	
7196	64	
7197	45	
7198	65	
7199	80	
7200	82	
7201	13	
7202	44	
7203	68	
7204	77	
7205	63	
7206	5	
7207	46	
7208	100	
7209	68	
7210	12	
7211	1	
7212	77	
7213	69	
7214	38	
7215	90	
7216	74	
7217	62	
7218	77	
7219	77	
7220	74	
7221	42	
7222	87	
7223	32	
7224	63	
7225	99	
7226	35	
7227	85	
7228	7	
7229	89	
7230	32	
7231	6	
7232	61	
7233	61	
7234	3	
7235	69	
7236	23	
7237	43	
7238	38	
7239	99	
7240	55	
7241	18	
7242	33	
7243	22	
7244	99	
7245	72	
7246	23	
7247	1	
7248	47	
7249	13	
7250	79	
7251	53	
7252	7	
7253	71	
7254	68	
7255	7	
7256	56	
7257	44	
7258	11	
7259	10	
7260	93	
7261	80	
7262	10	
7263	59	
7264	60	
7265	86	
7266	32	
7267	100	
7268	72	
7269	56	
7270	41	
7271	75	
7272	29	
7273	58	
7274	36	
7275	10	
7276	41	
7277	88	
7278	45	
7279	47	
7280	67	
7281	21	
7282	18	
7283	75	
7284	12	
7285	84	
7286	72	
7287	49	
7288	16	
7289	62	
7290	45	
7291	93	
7292	63	
7293	49	
7294	24	
7295	54	
7296	22	
7297	28	
7298	34	
7299	2	
7300	21	
7301	26	
7302	41	
7303	94	
7304	59	
7305	45	
7306	77	
7307	97	
7308	67	
7309	89	
7310	52	
7311	52	
7312	51	
7313	93	
7314	19	
7315	12	
7316	73	
7317	62	
7318	49	
7319	41	
7320	96	
7321	100	
7322	64	
7323	99	
7324	73	
7325	82	
7326	77	
7327	68	
7328	28	
7329	46	
7330	34	
7331	18	
7332	13	
7333	60	
7334	59	
7335	12	
7336	81	
7337	34	
7338	83	
7339	22	
7340	97	
7341	58	
7342	9	
7343	23	
7344	35	
7345	1	
7346	78	
7347	24	
7348	73	
7349	88	
7350	27	
7351	80	
7352	87	
7353	55	
7354	49	
7355	87	
7356	94	
7357	55	
7358	51	
7359	77	
7360	21	
7361	1	
7362	59	
7363	61	
7364	57	
7365	83	
7366	50	
7367	72	
7368	79	
7369	31	
7370	39	
7371	98	
7372	50	
7373	44	
7374	52	
7375	29	
7376	86	
7377	91	
7378	30	
7379	10	
7380	45	
7381	7	
7382	31	
7383	1	
7384	59	
7385	26	
7386	64	
7387	46	
7388	91	
7389	82	
7390	42	
7391	64	
7392	66	
7393	41	
7394	71	
7395	95	
7396	17	
7397	62	
7398	95	
7399	47	
7400	3	
7401	77	
7402	40	
7403	72	
7404	90	
7405	31	
7406	89	
7407	89	
7408	45	
7409	48	
7410	16	
7411	67	
7412	45	
7413	83	
7414	13	
7415	9	
7416	57	
7417	70	
7418	32	
7419	4	
7420	95	
7421	61	
7422	60	
7423	45	
7424	15	
7425	97	
7426	15	
7427	19	
7428	61	
7429	50	
7430	54	
7431	56	
7432	64	
7433	35	
7434	64	
7435	13	
7436	47	
7437	34	
7438	83	
7439	76	
7440	71	
7441	35	
7442	12	
7443	67	
7444	80	
7445	75	
7446	77	
7447	12	
7448	20	
7449	23	
7450	38	
7451	32	
7452	64	
7453	40	
7454	66	
7455	2	
7456	87	
7457	58	
7458	98	
7459	82	
7460	16	
7461	51	
7462	98	
7463	80	
7464	4	
7465	2	
7466	92	
7467	1	
7468	34	
7469	90	
7470	90	
7471	30	
7472	50	
7473	26	
7474	73	
7475	89	
7476	43	
7477	84	
7478	2	
7479	41	
7480	42	
7481	92	
7482	38	
7483	75	
7484	67	
7485	12	
7486	67	
7487	25	
7488	3	
7489	32	
7490	42	
7491	96	
7492	98	
7493	36	
7494	84	
7495	11	
7496	76	
7497	18	
7498	7	
7499	95	
7500	94	
7501	75	
7502	48	
7503	82	
7504	63	
7505	78	
7506	92	
7507	66	
7508	81	
7509	98	
7510	37	
7511	9	
7512	27	
7513	46	
7514	31	
7515	40	
7516	31	
7517	93	
7518	69	
7519	82	
7520	43	
7521	90	
7522	43	
7523	56	
7524	48	
7525	78	
7526	56	
7527	40	
7528	92	
7529	42	
7530	47	
7531	92	
7532	49	
7533	20	
7534	99	
7535	9	
7536	33	
7537	78	
7538	24	
7539	98	
7540	3	
7541	60	
7542	93	
7543	40	
7544	29	
7545	73	
7546	90	
7547	53	
7548	2	
7549	78	
7550	37	
7551	23	
7552	10	
7553	20	
7554	54	
7555	47	
7556	22	
7557	41	
7558	45	
7559	28	
7560	71	
7561	3	
7562	64	
7563	11	
7564	60	
7565	57	
7566	55	
7567	67	
7568	2	
7569	51	
7570	10	
7571	76	
7572	5	
7573	87	
7574	75	
7575	21	
7576	61	
7577	60	
7578	18	
7579	3	
7580	100	
7581	16	
7582	94	
7583	82	
7584	61	
7585	84	
7586	63	
7587	36	
7588	64	
7589	52	
7590	56	
7591	23	
7592	69	
7593	41	
7594	60	
7595	97	
7596	10	
7597	8	
7598	45	
7599	19	
7600	58	
7601	29	
7602	22	
7603	13	
7604	26	
7605	27	
7606	35	
7607	1	
7608	30	
7609	72	
7610	4	
7611	45	
7612	82	
7613	87	
7614	93	
7615	55	
7616	43	
7617	44	
7618	10	
7619	97	
7620	65	
7621	8	
7622	84	
7623	52	
7624	100	
7625	31	
7626	76	
7627	14	
7628	88	
7629	3	
7630	1	
7631	58	
7632	98	
7633	75	
7634	23	
7635	96	
7636	39	
7637	87	
7638	88	
7639	59	
7640	14	
7641	52	
7642	44	
7643	17	
7644	96	
7645	38	
7646	42	
7647	31	
7648	45	
7649	52	
7650	74	
7651	79	
7652	62	
7653	12	
7654	22	
7655	72	
7656	38	
7657	9	
7658	47	
7659	77	
7660	46	
7661	2	
7662	27	
7663	47	
7664	66	
7665	46	
7666	42	
7667	94	
7668	28	
7669	68	
7670	43	
7671	41	
7672	22	
7673	30	
7674	73	
7675	52	
7676	82	
7677	46	
7678	96	
7679	90	
7680	75	
7681	98	
7682	31	
7683	65	
7684	78	
7685	77	
7686	10	
7687	74	
7688	59	
7689	17	
7690	63	
7691	27	
7692	51	
7693	78	
7694	26	
7695	27	
7696	90	
7697	18	
7698	90	
7699	31	
7700	60	
7701	81	
7702	83	
7703	44	
7704	45	
7705	39	
7706	72	
7707	37	
7708	51	
7709	35	
7710	24	
7711	55	
7712	20	
7713	27	
7714	63	
7715	5	
7716	38	
7717	75	
7718	15	
7719	15	
7720	32	
7721	97	
7722	9	
7723	32	
7724	28	
7725	71	
7726	30	
7727	22	
7728	9	
7729	94	
7730	21	
7731	22	
7732	84	
7733	39	
7734	25	
7735	79	
7736	44	
7737	14	
7738	21	
7739	41	
7740	3	
7741	100	
7742	9	
7743	27	
7744	53	
7745	10	
7746	28	
7747	55	
7748	86	
7749	9	
7750	58	
7751	3	
7752	77	
7753	65	
7754	88	
7755	83	
7756	85	
7757	45	
7758	1	
7759	27	
7760	28	
7761	99	
7762	28	
7763	24	
7764	75	
7765	6	
7766	33	
7767	88	
7768	23	
7769	73	
7770	23	
7771	55	
7772	48	
7773	2	
7774	45	
7775	50	
7776	25	
7777	29	
7778	62	
7779	84	
7780	25	
7781	48	
7782	66	
7783	93	
7784	26	
7785	87	
7786	97	
7787	81	
7788	73	
7789	11	
7790	93	
7791	91	
7792	10	
7793	100	
7794	70	
7795	40	
7796	66	
7797	17	
7798	94	
7799	71	
7800	93	
7801	36	
7802	87	
7803	89	
7804	80	
7805	28	
7806	69	
7807	27	
7808	86	
7809	85	
7810	66	
7811	36	
7812	72	
7813	24	
7814	73	
7815	6	
7816	14	
7817	69	
7818	76	
7819	50	
7820	41	
7821	22	
7822	78	
7823	70	
7824	72	
7825	46	
7826	97	
7827	96	
7828	65	
7829	53	
7830	61	
7831	81	
7832	23	
7833	96	
7834	32	
7835	84	
7836	27	
7837	3	
7838	72	
7839	15	
7840	9	
7841	57	
7842	24	
7843	67	
7844	50	
7845	84	
7846	96	
7847	46	
7848	65	
7849	7	
7850	44	
7851	97	
7852	76	
7853	53	
7854	33	
7855	99	
7856	98	
7857	5	
7858	97	
7859	73	
7860	3	
7861	73	
7862	50	
7863	38	
7864	69	
7865	53	
7866	87	
7867	3	
7868	63	
7869	19	
7870	60	
7871	54	
7872	37	
7873	78	
7874	84	
7875	24	
7876	84	
7877	69	
7878	18	
7879	40	
7880	57	
7881	66	
7882	38	
7883	62	
7884	79	
7885	89	
7886	34	
7887	59	
7888	47	
7889	64	
7890	56	
7891	66	
7892	85	
7893	30	
7894	4	
7895	78	
7896	66	
7897	59	
7898	24	
7899	96	
7900	69	
7901	79	
7902	45	
7903	91	
7904	28	
7905	16	
7906	85	
7907	67	
7908	18	
7909	90	
7910	81	
7911	88	
7912	76	
7913	90	
7914	21	
7915	43	
7916	74	
7917	22	
7918	21	
7919	77	
7920	56	
7921	68	
7922	24	
7923	77	
7924	11	
7925	20	
7926	32	
7927	4	
7928	70	
7929	29	
7930	86	
7931	20	
7932	24	
7933	8	
7934	29	
7935	95	
7936	26	
7937	38	
7938	68	
7939	66	
7940	75	
7941	76	
7942	97	
7943	80	
7944	14	
7945	58	
7946	90	
7947	66	
7948	64	
7949	55	
7950	69	
7951	74	
7952	24	
7953	29	
7954	45	
7955	2	
7956	52	
7957	18	
7958	33	
7959	17	
7960	75	
7961	63	
7962	86	
7963	42	
7964	98	
7965	62	
7966	13	
7967	41	
7968	89	
7969	9	
7970	84	
7971	99	
7972	12	
7973	35	
7974	72	
7975	58	
7976	48	
7977	31	
7978	17	
7979	47	
7980	22	
7981	93	
7982	34	
7983	26	
7984	72	
7985	86	
7986	8	
7987	7	
7988	45	
7989	17	
7990	60	
7991	28	
7992	87	
7993	87	
7994	20	
7995	71	
7996	52	
7997	56	
7998	60	
7999	6	
8000	75	
8001	76	
8002	70	
8003	22	
8004	97	
8005	70	
8006	32	
8007	63	
8008	62	
8009	13	
8010	25	
8011	88	
8012	11	
8013	3	
8014	42	
8015	52	
8016	24	
8017	4	
8018	49	
8019	34	
8020	45	
8021	77	
8022	77	
8023	18	
8024	58	
8025	87	
8026	35	
8027	94	
8028	21	
8029	71	
8030	88	
8031	30	
8032	96	
8033	52	
8034	41	
8035	100	
8036	41	
8037	14	
8038	25	
8039	78	
8040	44	
8041	91	
8042	7	
8043	47	
8044	53	
8045	46	
8046	99	
8047	45	
8048	27	
8049	94	
8050	19	
8051	7	
8052	97	
8053	41	
8054	39	
8055	83	
8056	98	
8057	75	
8058	68	
8059	76	
8060	86	
8061	90	
8062	94	
8063	36	
8064	93	
8065	17	
8066	31	
8067	97	
8068	97	
8069	23	
8070	76	
8071	52	
8072	89	
8073	66	
8074	79	
8075	24	
8076	29	
8077	6	
8078	77	
8079	25	
8080	10	
8081	45	
8082	19	
8083	3	
8084	57	
8085	58	
8086	87	
8087	58	
8088	17	
8089	72	
8090	38	
8091	29	
8092	79	
8093	82	
8094	25	
8095	61	
8096	98	
8097	30	
8098	69	
8099	29	
8100	25	
8101	40	
8102	9	
8103	8	
8104	29	
8105	62	
8106	68	
8107	56	
8108	66	
8109	86	
8110	94	
8111	11	
8112	89	
8113	69	
8114	45	
8115	42	
8116	40	
8117	32	
8118	89	
8119	40	
8120	67	
8121	22	
8122	14	
8123	77	
8124	79	
8125	71	
8126	42	
8127	60	
8128	35	
8129	60	
8130	46	
8131	27	
8132	12	
8133	62	
8134	83	
8135	39	
8136	94	
8137	38	
8138	3	
8139	75	
8140	18	
8141	31	
8142	55	
8143	44	
8144	87	
8145	5	
8146	44	
8147	83	
8148	23	
8149	58	
8150	64	
8151	100	
8152	25	
8153	5	
8154	80	
8155	59	
8156	39	
8157	32	
8158	45	
8159	6	
8160	23	
8161	11	
8162	4	
8163	80	
8164	55	
8165	72	
8166	84	
8167	13	
8168	26	
8169	19	
8170	60	
8171	16	
8172	21	
8173	37	
8174	27	
8175	75	
8176	69	
8177	46	
8178	29	
8179	31	
8180	18	
8181	4	
8182	5	
8183	7	
8184	39	
8185	88	
8186	27	
8187	63	
8188	22	
8189	46	
8190	21	
8191	19	
8192	38	
8193	86	
8194	40	
8195	59	
8196	65	
8197	83	
8198	85	
8199	70	
8200	21	
8201	84	
8202	38	
8203	20	
8204	61	
8205	99	
8206	8	
8207	73	
8208	38	
8209	4	
8210	20	
8211	70	
8212	84	
8213	76	
8214	24	
8215	37	
8216	92	
8217	3	
8218	44	
8219	59	
8220	41	
8221	20	
8222	95	
8223	42	
8224	42	
8225	90	
8226	65	
8227	85	
8228	27	
8229	55	
8230	68	
8231	57	
8232	60	
8233	26	
8234	81	
8235	63	
8236	92	
8237	2	
8238	59	
8239	82	
8240	52	
8241	22	
8242	28	
8243	31	
8244	94	
8245	8	
8246	92	
8247	57	
8248	29	
8249	32	
8250	78	
8251	9	
8252	12	
8253	63	
8254	54	
8255	44	
8256	21	
8257	63	
8258	32	
8259	85	
8260	17	
8261	3	
8262	57	
8263	14	
8264	23	
8265	61	
8266	75	
8267	16	
8268	78	
8269	41	
8270	59	
8271	9	
8272	32	
8273	69	
8274	22	
8275	11	
8276	19	
8277	72	
8278	17	
8279	12	
8280	94	
8281	41	
8282	67	
8283	61	
8284	38	
8285	79	
8286	76	
8287	29	
8288	43	
8289	60	
8290	77	
8291	81	
8292	94	
8293	88	
8294	60	
8295	27	
8296	54	
8297	4	
8298	50	
8299	20	
8300	48	
8301	81	
8302	17	
8303	7	
8304	57	
8305	12	
8306	37	
8307	66	
8308	52	
8309	86	
8310	69	
8311	54	
8312	26	
8313	10	
8314	8	
8315	56	
8316	28	
8317	72	
8318	62	
8319	48	
8320	73	
8321	9	
8322	63	
8323	70	
8324	47	
8325	66	
8326	36	
8327	26	
8328	40	
8329	24	
8330	90	
8331	10	
8332	58	
8333	10	
8334	36	
8335	80	
8336	5	
8337	4	
8338	70	
8339	43	
8340	45	
8341	84	
8342	58	
8343	66	
8344	26	
8345	93	
8346	24	
8347	78	
8348	2	
8349	17	
8350	59	
8351	94	
8352	47	
8353	16	
8354	99	
8355	47	
8356	3	
8357	84	
8358	58	
8359	75	
8360	14	
8361	28	
8362	25	
8363	72	
8364	63	
8365	19	
8366	66	
8367	91	
8368	68	
8369	65	
8370	61	
8371	11	
8372	85	
8373	22	
8374	100	
8375	97	
8376	82	
8377	47	
8378	1	
8379	95	
8380	39	
8381	34	
8382	13	
8383	47	
8384	64	
8385	95	
8386	60	
8387	98	
8388	59	
8389	59	
8390	49	
8391	99	
8392	51	
8393	94	
8394	53	
8395	87	
8396	16	
8397	81	
8398	88	
8399	9	
8400	67	
8401	98	
8402	5	
8403	65	
8404	65	
8405	17	
8406	81	
8407	54	
8408	97	
8409	47	
8410	88	
8411	86	
8412	56	
8413	37	
8414	60	
8415	22	
8416	89	
8417	58	
8418	35	
8419	48	
8420	3	
8421	62	
8422	78	
8423	90	
8424	92	
8425	39	
8426	14	
8427	10	
8428	57	
8429	64	
8430	37	
8431	73	
8432	42	
8433	8	
8434	79	
8435	78	
8436	41	
8437	65	
8438	18	
8439	50	
8440	8	
8441	27	
8442	4	
8443	51	
8444	88	
8445	32	
8446	10	
8447	56	
8448	70	
8449	7	
8450	12	
8451	88	
8452	78	
8453	62	
8454	21	
8455	15	
8456	72	
8457	14	
8458	45	
8459	99	
8460	85	
8461	67	
8462	15	
8463	65	
8464	45	
8465	26	
8466	58	
8467	82	
8468	60	
8469	17	
8470	70	
8471	89	
8472	74	
8473	16	
8474	6	
8475	16	
8476	32	
8477	91	
8478	8	
8479	76	
8480	66	
8481	56	
8482	6	
8483	47	
8484	29	
8485	79	
8486	29	
8487	92	
8488	17	
8489	5	
8490	62	
8491	54	
8492	33	
8493	27	
8494	87	
8495	66	
8496	99	
8497	14	
8498	75	
8499	96	
8500	15	
8501	22	
8502	79	
8503	71	
8504	24	
8505	65	
8506	41	
8507	15	
8508	4	
8509	75	
8510	1	
8511	59	
8512	86	
8513	97	
8514	30	
8515	89	
8516	88	
8517	60	
8518	11	
8519	22	
8520	96	
8521	100	
8522	96	
8523	41	
8524	5	
8525	24	
8526	24	
8527	87	
8528	21	
8529	61	
8530	66	
8531	81	
8532	85	
8533	24	
8534	82	
8535	19	
8536	78	
8537	95	
8538	19	
8539	24	
8540	7	
8541	36	
8542	15	
8543	33	
8544	90	
8545	51	
8546	28	
8547	57	
8548	2	
8549	14	
8550	31	
8551	3	
8552	48	
8553	21	
8554	4	
8555	89	
8556	32	
8557	49	
8558	23	
8559	53	
8560	10	
8561	62	
8562	47	
8563	44	
8564	59	
8565	78	
8566	98	
8567	49	
8568	51	
8569	57	
8570	97	
8571	20	
8572	26	
8573	9	
8574	3	
8575	53	
8576	9	
8577	2	
8578	31	
8579	8	
8580	32	
8581	1	
8582	68	
8583	71	
8584	47	
8585	57	
8586	34	
8587	93	
8588	79	
8589	2	
8590	67	
8591	67	
8592	87	
8593	35	
8594	45	
8595	67	
8596	13	
8597	77	
8598	8	
8599	18	
8600	24	
8601	61	
8602	30	
8603	87	
8604	5	
8605	95	
8606	44	
8607	28	
8608	20	
8609	69	
8610	68	
8611	13	
8612	22	
8613	44	
8614	83	
8615	94	
8616	14	
8617	75	
8618	49	
8619	47	
8620	25	
8621	37	
8622	26	
8623	59	
8624	56	
8625	33	
8626	88	
8627	35	
8628	58	
8629	93	
8630	12	
8631	30	
8632	4	
8633	44	
8634	76	
8635	41	
8636	19	
8637	74	
8638	19	
8639	25	
8640	38	
8641	85	
8642	46	
8643	89	
8644	59	
8645	48	
8646	7	
8647	91	
8648	60	
8649	29	
8650	22	
8651	4	
8652	7	
8653	16	
8654	97	
8655	30	
8656	32	
8657	87	
8658	14	
8659	43	
8660	83	
8661	73	
8662	45	
8663	57	
8664	76	
8665	37	
8666	23	
8667	77	
8668	85	
8669	13	
8670	36	
8671	73	
8672	20	
8673	78	
8674	82	
8675	60	
8676	67	
8677	88	
8678	85	
8679	3	
8680	62	
8681	100	
8682	40	
8683	43	
8684	61	
8685	43	
8686	67	
8687	83	
8688	64	
8689	30	
8690	44	
8691	97	
8692	88	
8693	65	
8694	52	
8695	62	
8696	44	
8697	62	
8698	25	
8699	59	
8700	3	
8701	61	
8702	18	
8703	36	
8704	74	
8705	67	
8706	4	
8707	57	
8708	60	
8709	45	
8710	33	
8711	29	
8712	91	
8713	19	
8714	69	
8715	61	
8716	94	
8717	43	
8718	42	
8719	28	
8720	43	
8721	29	
8722	9	
8723	45	
8724	96	
8725	79	
8726	76	
8727	97	
8728	40	
8729	4	
8730	92	
8731	93	
8732	44	
8733	18	
8734	70	
8735	46	
8736	47	
8737	37	
8738	19	
8739	29	
8740	88	
8741	27	
8742	10	
8743	78	
8744	57	
8745	35	
8746	30	
8747	54	
8748	55	
8749	64	
8750	79	
8751	42	
8752	6	
8753	30	
8754	47	
8755	9	
8756	8	
8757	41	
8758	14	
8759	64	
8760	63	
8761	6	
8762	8	
8763	1	
8764	8	
8765	67	
8766	40	
8767	50	
8768	8	
8769	7	
8770	84	
8771	44	
8772	75	
8773	73	
8774	53	
8775	30	
8776	9	
8777	28	
8778	50	
8779	37	
8780	84	
8781	86	
8782	33	
8783	8	
8784	53	
8785	6	
8786	7	
8787	27	
8788	3	
8789	35	
8790	30	
8791	69	
8792	49	
8793	49	
8794	98	
8795	55	
8796	5	
8797	69	
8798	95	
8799	20	
8800	53	
8801	66	
8802	51	
8803	29	
8804	99	
8805	100	
8806	73	
8807	56	
8808	66	
8809	85	
8810	3	
8811	55	
8812	44	
8813	96	
8814	25	
8815	92	
8816	91	
8817	40	
8818	24	
8819	27	
8820	54	
8821	71	
8822	27	
8823	16	
8824	39	
8825	85	
8826	70	
8827	80	
8828	69	
8829	59	
8830	75	
8831	25	
8832	17	
8833	30	
8834	55	
8835	13	
8836	38	
8837	48	
8838	8	
8839	69	
8840	34	
8841	35	
8842	85	
8843	67	
8844	7	
8845	75	
8846	62	
8847	6	
8848	25	
8849	94	
8850	95	
8851	38	
8852	61	
8853	11	
8854	2	
8855	51	
8856	73	
8857	81	
8858	52	
8859	20	
8860	68	
8861	26	
8862	42	
8863	57	
8864	65	
8865	99	
8866	89	
8867	75	
8868	80	
8869	76	
8870	51	
8871	49	
8872	62	
8873	70	
8874	41	
8875	46	
8876	19	
8877	46	
8878	74	
8879	15	
8880	67	
8881	60	
8882	80	
8883	28	
8884	87	
8885	11	
8886	27	
8887	99	
8888	79	
8889	30	
8890	63	
8891	14	
8892	11	
8893	30	
8894	94	
8895	88	
8896	16	
8897	32	
8898	28	
8899	60	
8900	54	
8901	45	
8902	29	
8903	83	
8904	41	
8905	37	
8906	51	
8907	80	
8908	86	
8909	34	
8910	62	
8911	75	
8912	8	
8913	16	
8914	46	
8915	56	
8916	21	
8917	68	
8918	81	
8919	7	
8920	52	
8921	31	
8922	75	
8923	32	
8924	58	
8925	54	
8926	47	
8927	25	
8928	3	
8929	37	
8930	9	
8931	68	
8932	12	
8933	94	
8934	4	
8935	68	
8936	72	
8937	41	
8938	95	
8939	45	
8940	33	
8941	90	
8942	65	
8943	58	
8944	5	
8945	88	
8946	2	
8947	31	
8948	35	
8949	42	
8950	21	
8951	9	
8952	9	
8953	57	
8954	10	
8955	23	
8956	61	
8957	51	
8958	43	
8959	25	
8960	94	
8961	75	
8962	92	
8963	82	
8964	73	
8965	92	
8966	20	
8967	11	
8968	51	
8969	13	
8970	56	
8971	36	
8972	63	
8973	80	
8974	73	
8975	19	
8976	25	
8977	44	
8978	24	
8979	81	
8980	24	
8981	20	
8982	70	
8983	22	
8984	49	
8985	20	
8986	26	
8987	38	
8988	7	
8989	73	
8990	76	
8991	39	
8992	56	
8993	14	
8994	64	
8995	83	
8996	86	
8997	39	
8998	91	
8999	69	
9000	61	
9001	86	
9002	7	
9003	9	
9004	89	
9005	30	
9006	79	
9007	54	
9008	58	
9009	77	
9010	47	
9011	89	
9012	89	
9013	19	
9014	18	
9015	57	
9016	29	
9017	15	
9018	83	
9019	98	
9020	77	
9021	39	
9022	86	
9023	4	
9024	66	
9025	14	
9026	22	
9027	63	
9028	59	
9029	38	
9030	71	
9031	18	
9032	27	
9033	88	
9034	3	
9035	49	
9036	14	
9037	88	
9038	62	
9039	77	
9040	29	
9041	67	
9042	24	
9043	48	
9044	97	
9045	31	
9046	42	
9047	79	
9048	45	
9049	7	
9050	18	
9051	38	
9052	14	
9053	29	
9054	30	
9055	100	
9056	40	
9057	50	
9058	10	
9059	1	
9060	87	
9061	34	
9062	52	
9063	73	
9064	36	
9065	86	
9066	81	
9067	28	
9068	39	
9069	51	
9070	11	
9071	14	
9072	45	
9073	46	
9074	46	
9075	14	
9076	1	
9077	35	
9078	85	
9079	44	
9080	96	
9081	100	
9082	71	
9083	48	
9084	7	
9085	1	
9086	20	
9087	70	
9088	17	
9089	35	
9090	11	
9091	10	
9092	55	
9093	51	
9094	27	
9095	31	
9096	17	
9097	77	
9098	25	
9099	38	
9100	28	
9101	95	
9102	93	
9103	1	
9104	84	
9105	85	
9106	78	
9107	82	
9108	5	
9109	28	
9110	33	
9111	91	
9112	79	
9113	53	
9114	90	
9115	53	
9116	83	
9117	93	
9118	35	
9119	11	
9120	30	
9121	8	
9122	26	
9123	89	
9124	95	
9125	8	
9126	12	
9127	60	
9128	90	
9129	28	
9130	98	
9131	46	
9132	29	
9133	79	
9134	42	
9135	3	
9136	54	
9137	32	
9138	40	
9139	17	
9140	76	
9141	18	
9142	30	
9143	45	
9144	81	
9145	15	
9146	42	
9147	20	
9148	24	
9149	10	
9150	88	
9151	66	
9152	94	
9153	30	
9154	30	
9155	36	
9156	62	
9157	86	
9158	19	
9159	23	
9160	58	
9161	56	
9162	85	
9163	41	
9164	13	
9165	4	
9166	55	
9167	92	
9168	20	
9169	25	
9170	31	
9171	10	
9172	83	
9173	16	
9174	89	
9175	89	
9176	100	
9177	77	
9178	27	
9179	66	
9180	71	
9181	67	
9182	3	
9183	29	
9184	18	
9185	5	
9186	81	
9187	32	
9188	72	
9189	4	
9190	15	
9191	40	
9192	46	
9193	1	
9194	93	
9195	6	
9196	84	
9197	90	
9198	55	
9199	84	
9200	82	
9201	54	
9202	84	
9203	34	
9204	22	
9205	54	
9206	18	
9207	44	
9208	57	
9209	72	
9210	75	
9211	91	
9212	75	
9213	45	
9214	59	
9215	25	
9216	10	
9217	44	
9218	52	
9219	36	
9220	47	
9221	31	
9222	20	
9223	93	
9224	10	
9225	15	
9226	15	
9227	6	
9228	36	
9229	4	
9230	68	
9231	90	
9232	76	
9233	99	
9234	10	
9235	65	
9236	92	
9237	22	
9238	57	
9239	6	
9240	3	
9241	12	
9242	32	
9243	54	
9244	78	
9245	51	
9246	49	
9247	33	
9248	9	
9249	68	
9250	58	
9251	74	
9252	25	
9253	79	
9254	88	
9255	100	
9256	1	
9257	69	
9258	19	
9259	25	
9260	26	
9261	19	
9262	55	
9263	86	
9264	81	
9265	17	
9266	82	
9267	18	
9268	90	
9269	86	
9270	37	
9271	62	
9272	48	
9273	4	
9274	26	
9275	44	
9276	77	
9277	10	
9278	41	
9279	95	
9280	76	
9281	88	
9282	73	
9283	26	
9284	34	
9285	79	
9286	28	
9287	54	
9288	8	
9289	63	
9290	28	
9291	78	
9292	21	
9293	14	
9294	15	
9295	90	
9296	94	
9297	60	
9298	48	
9299	50	
9300	59	
9301	62	
9302	38	
9303	1	
9304	88	
9305	13	
9306	90	
9307	17	
9308	47	
9309	94	
9310	14	
9311	15	
9312	50	
9313	93	
9314	73	
9315	89	
9316	32	
9317	68	
9318	11	
9319	22	
9320	78	
9321	66	
9322	27	
9323	78	
9324	43	
9325	10	
9326	45	
9327	48	
9328	10	
9329	75	
9330	48	
9331	12	
9332	68	
9333	68	
9334	74	
9335	47	
9336	69	
9337	19	
9338	44	
9339	56	
9340	65	
9341	87	
9342	100	
9343	83	
9344	9	
9345	95	
9346	83	
9347	79	
9348	48	
9349	26	
9350	75	
9351	9	
9352	4	
9353	42	
9354	84	
9355	72	
9356	41	
9357	47	
9358	60	
9359	40	
9360	18	
9361	8	
9362	97	
9363	30	
9364	77	
9365	50	
9366	23	
9367	99	
9368	41	
9369	25	
9370	47	
9371	18	
9372	63	
9373	100	
9374	41	
9375	8	
9376	94	
9377	49	
9378	43	
9379	24	
9380	49	
9381	92	
9382	41	
9383	78	
9384	62	
9385	63	
9386	22	
9387	81	
9388	6	
9389	88	
9390	90	
9391	95	
9392	18	
9393	80	
9394	27	
9395	85	
9396	37	
9397	80	
9398	33	
9399	98	
9400	32	
9401	12	
9402	49	
9403	78	
9404	32	
9405	97	
9406	95	
9407	73	
9408	16	
9409	24	
9410	85	
9411	47	
9412	9	
9413	79	
9414	56	
9415	90	
9416	67	
9417	24	
9418	18	
9419	13	
9420	19	
9421	22	
9422	16	
9423	69	
9424	85	
9425	53	
9426	51	
9427	64	
9428	45	
9429	99	
9430	98	
9431	76	
9432	39	
9433	19	
9434	23	
9435	5	
9436	41	
9437	44	
9438	34	
9439	76	
9440	37	
9441	44	
9442	64	
9443	76	
9444	49	
9445	10	
9446	29	
9447	5	
9448	48	
9449	70	
9450	100	
9451	27	
9452	100	
9453	53	
9454	93	
9455	82	
9456	52	
9457	95	
9458	25	
9459	69	
9460	57	
9461	87	
9462	59	
9463	4	
9464	30	
9465	19	
9466	95	
9467	71	
9468	73	
9469	54	
9470	28	
9471	70	
9472	1	
9473	28	
9474	16	
9475	53	
9476	80	
9477	14	
9478	96	
9479	39	
9480	73	
9481	84	
9482	11	
9483	20	
9484	68	
9485	64	
9486	63	
9487	69	
9488	18	
9489	18	
9490	77	
9491	88	
9492	68	
9493	35	
9494	75	
9495	78	
9496	44	
9497	24	
9498	41	
9499	55	
9500	21	
9501	70	
9502	95	
9503	34	
9504	58	
9505	21	
9506	19	
9507	76	
9508	71	
9509	35	
9510	40	
9511	43	
9512	45	
9513	47	
9514	47	
9515	16	
9516	76	
9517	92	
9518	59	
9519	54	
9520	44	
9521	57	
9522	14	
9523	87	
9524	59	
9525	40	
9526	48	
9527	28	
9528	34	
9529	81	
9530	97	
9531	82	
9532	41	
9533	26	
9534	27	
9535	29	
9536	2	
9537	50	
9538	67	
9539	69	
9540	66	
9541	44	
9542	22	
9543	85	
9544	5	
9545	47	
9546	98	
9547	30	
9548	88	
9549	16	
9550	28	
9551	23	
9552	34	
9553	45	
9554	65	
9555	48	
9556	45	
9557	50	
9558	59	
9559	76	
9560	92	
9561	67	
9562	34	
9563	100	
9564	24	
9565	7	
9566	21	
9567	47	
9568	77	
9569	29	
9570	8	
9571	22	
9572	68	
9573	86	
9574	78	
9575	11	
9576	56	
9577	59	
9578	86	
9579	35	
9580	95	
9581	46	
9582	19	
9583	58	
9584	11	
9585	21	
9586	13	
9587	87	
9588	99	
9589	88	
9590	31	
9591	82	
9592	49	
9593	46	
9594	93	
9595	36	
9596	79	
9597	92	
9598	65	
9599	91	
9600	40	
9601	91	
9602	52	
9603	56	
9604	98	
9605	13	
9606	27	
9607	87	
9608	91	
9609	44	
9610	3	
9611	43	
9612	62	
9613	47	
9614	91	
9615	99	
9616	72	
9617	14	
9618	15	
9619	77	
9620	77	
9621	15	
9622	21	
9623	76	
9624	46	
9625	41	
9626	77	
9627	63	
9628	82	
9629	74	
9630	98	
9631	50	
9632	39	
9633	71	
9634	16	
9635	62	
9636	43	
9637	48	
9638	46	
9639	97	
9640	38	
9641	37	
9642	75	
9643	97	
9644	72	
9645	50	
9646	6	
9647	3	
9648	45	
9649	36	
9650	7	
9651	26	
9652	6	
9653	83	
9654	81	
9655	19	
9656	47	
9657	25	
9658	23	
9659	12	
9660	76	
9661	97	
9662	77	
9663	56	
9664	10	
9665	59	
9666	27	
9667	86	
9668	41	
9669	56	
9670	50	
9671	58	
9672	12	
9673	80	
9674	56	
9675	89	
9676	50	
9677	5	
9678	69	
9679	26	
9680	5	
9681	86	
9682	100	
9683	37	
9684	99	
9685	79	
9686	62	
9687	18	
9688	35	
9689	57	
9690	7	
9691	84	
9692	46	
9693	36	
9694	6	
9695	36	
9696	68	
9697	11	
9698	35	
9699	29	
9700	5	
9701	76	
9702	84	
9703	38	
9704	38	
9705	82	
9706	86	
9707	69	
9708	24	
9709	8	
9710	59	
9711	56	
9712	65	
9713	33	
9714	63	
9715	55	
9716	12	
9717	43	
9718	97	
9719	11	
9720	63	
9721	54	
9722	96	
9723	79	
9724	3	
9725	16	
9726	80	
9727	30	
9728	33	
9729	32	
9730	73	
9731	30	
9732	82	
9733	17	
9734	88	
9735	4	
9736	84	
9737	34	
9738	2	
9739	31	
9740	37	
9741	84	
9742	82	
9743	24	
9744	20	
9745	73	
9746	40	
9747	48	
9748	32	
9749	41	
9750	37	
9751	3	
9752	6	
9753	4	
9754	35	
9755	68	
9756	76	
9757	65	
9758	44	
9759	88	
9760	3	
9761	46	
9762	24	
9763	70	
9764	58	
9765	15	
9766	69	
9767	54	
9768	93	
9769	82	
9770	76	
9771	7	
9772	66	
9773	41	
9774	15	
9775	62	
9776	56	
9777	49	
9778	6	
9779	91	
9780	12	
9781	55	
9782	11	
9783	81	
9784	1	
9785	6	
9786	60	
9787	72	
9788	69	
9789	54	
9790	2	
9791	48	
9792	95	
9793	69	
9794	93	
9795	92	
9796	77	
9797	49	
9798	24	
9799	1	
9800	58	
9801	18	
9802	39	
9803	31	
9804	22	
9805	75	
9806	13	
9807	40	
9808	74	
9809	86	
9810	17	
9811	17	
9812	79	
9813	41	
9814	79	
9815	74	
9816	16	
9817	61	
9818	70	
9819	51	
9820	33	
9821	40	
9822	53	
9823	62	
9824	52	
9825	96	
9826	43	
9827	30	
9828	93	
9829	88	
9830	49	
9831	27	
9832	22	
9833	100	
9834	56	
9835	41	
9836	47	
9837	97	
9838	9	
9839	44	
9840	69	
9841	27	
9842	83	
9843	18	
9844	2	
9845	85	
9846	68	
9847	38	
9848	18	
9849	89	
9850	18	
9851	40	
9852	53	
9853	62	
9854	85	
9855	56	
9856	48	
9857	56	
9858	4	
9859	46	
9860	47	
9861	20	
9862	39	
9863	36	
9864	70	
9865	90	
9866	75	
9867	85	
9868	74	
9869	24	
9870	94	
9871	38	
9872	35	
9873	1	
9874	50	
9875	77	
9876	69	
9877	85	
9878	59	
9879	48	
9880	72	
9881	45	
9882	95	
9883	40	
9884	85	
9885	17	
9886	80	
9887	72	
9888	32	
9889	68	
9890	21	
9891	88	
9892	94	
9893	72	
9894	10	
9895	88	
9896	22	
9897	8	
9898	63	
9899	100	
9900	10	
9901	63	
9902	6	
9903	71	
9904	16	
9905	76	
9906	43	
9907	99	
9908	27	
9909	85	
9910	92	
9911	9	
9912	25	
9913	10	
9914	6	
9915	14	
9916	64	
9917	37	
9918	28	
9919	54	
9920	99	
9921	25	
9922	97	
9923	5	
9924	20	
9925	73	
9926	88	
9927	78	
9928	81	
9929	51	
9930	49	
9931	70	
9932	17	
9933	39	
9934	70	
9935	67	
9936	81	
9937	11	
9938	17	
9939	63	
9940	97	
9941	86	
9942	22	
9943	60	
9944	86	
9945	80	
9946	79	
9947	47	
9948	87	
9949	81	
9950	57	
9951	67	
9952	66	
9953	71	
9954	66	
9955	33	
9956	78	
9957	94	
9958	95	
9959	95	
9960	16	
9961	23	
9962	76	
9963	2	
9964	23	
9965	11	
9966	21	
9967	50	
9968	10	
9969	27	
9970	41	
9971	26	
9972	78	
9973	100	
9974	58	
9975	22	
9976	83	
9977	82	
9978	61	
9979	43	
9980	26	
9981	38	
9982	33	
9983	15	
9984	13	
9985	61	
9986	57	
9987	71	
9988	83	
9989	88	
9990	68	
9991	74	
9992	75	
9993	67	
9994	14	
9995	5	
9996	30	
9997	57	
9998	17	
9999	55	
10000	87	
40062
