10000
1	475	
2	583	
3	101	
4	366	
5	215	
6	829	
7	904	
8	599	
9	200	
10	581	
11	415	
12	902	
13	79	
14	823	
15	224	
16	240	
17	344	
18	299	
19	12	
20	81	
21	992	
22	683	
23	887	
24	578	
25	352	
26	867	
27	661	
28	515	
29	113	
30	138	
31	997	
32	911	
33	359	
34	56	
35	743	
36	516	
37	519	
38	72	
39	407	
40	482	
41	322	
42	645	
43	257	
44	249	
45	98	
46	206	
47	525	
48	325	
49	706	
50	755	
51	922	
52	819	
53	784	
54	815	
55	620	
56	435	
57	100	
58	830	
59	447	
60	917	
61	288	
62	622	
63	939	
64	406	
65	135	
66	519	
67	936	
68	226	
69	903	
70	925	
71	169	
72	65	
73	513	
74	810	
75	835	
76	364	
77	158	
78	534	
79	388	
80	590	
81	353	
82	713	
83	278	
84	469	
85	209	
86	685	
87	731	
88	999	
89	589	
90	846	
91	832	
92	608	
93	976	
94	267	
95	723	
96	216	
97	908	
98	708	
99	191	
100	695	
101	856	
102	707	
103	957	
104	859	
105	180	
106	317	
107	10	
108	174	
109	378	
110	736	
111	38	
112	642	
113	372	
114	836	
115	896	
116	782	
117	666	
118	436	
119	812	
120	400	
121	395	
122	52	
123	495	
124	962	
125	104	
126	618	
127	447	
128	455	
129	598	
130	78	
131	541	
132	636	
133	130	
134	571	
135	676	
136	209	
137	660	
138	206	
139	737	
140	671	
141	982	
142	772	
143	482	
144	874	
145	276	
146	877	
147	25	
148	950	
149	724	
150	349	
151	600	
152	908	
153	765	
154	983	
155	557	
156	699	
157	353	
158	842	
159	973	
160	88	
161	684	
162	470	
163	185	
164	593	
165	20	
166	277	
167	798	
168	787	
169	177	
170	740	
171	398	
172	233	
173	700	
174	633	
175	882	
176	830	
177	377	
178	676	
179	569	
180	447	
181	46	
182	192	
183	463	
184	771	
185	340	
186	40	
187	905	
188	596	
189	595	
190	252	
191	989	
192	590	
193	199	
194	627	
195	572	
196	5	
197	279	
198	769	
199	594	
200	352	
201	602	
202	448	
203	714	
204	18	
205	962	
206	384	
207	827	
208	21	
209	114	
210	16	
211	743	
212	183	
213	402	
214	836	
215	729	
216	198	
217	7	
218	511	
219	324	
220	645	
221	725	
222	328	
223	216	
224	679	
225	703	
226	39	
227	166	
228	704	
229	290	
230	774	
231	40	
232	609	
233	240	
234	833	
235	316	
236	819	
237	240	
238	224	
239	536	
240	360	
241	960	
242	42	
243	532	
244	118	
245	821	
246	434	
247	757	
248	957	
249	911	
250	451	
251	758	
252	998	
253	872	
254	173	
255	822	
256	204	
257	987	
258	687	
259	590	
260	508	
261	382	
262	964	
263	522	
264	550	
265	466	
266	833	
267	773	
268	115	
269	480	
270	114	
271	839	
272	966	
273	459	
274	346	
275	464	
276	301	
277	434	
278	505	
279	444	
280	535	
281	20	
282	237	
283	318	
284	654	
285	867	
286	252	
287	214	
288	4	
289	44	
290	718	
291	333	
292	775	
293	67	
294	677	
295	670	
296	894	
297	225	
298	349	
299	693	
300	267	
301	439	
302	14	
303	665	
304	16	
305	362	
306	151	
307	298	
308	300	
309	151	
310	994	
311	469	
312	917	
313	13	
314	973	
315	205	
316	821	
317	520	
318	76	
319	929	
320	560	
321	481	
322	658	
323	771	
324	937	
325	176	
326	838	
327	781	
328	442	
329	309	
330	296	
331	219	
332	634	
333	768	
334	275	
335	149	
336	966	
337	846	
338	986	
339	163	
340	67	
341	212	
342	533	
343	217	
344	975	
345	731	
346	162	
347	355	
348	485	
349	964	
350	470	
351	543	
352	439	
353	315	
354	907	
355	231	
356	828	
357	686	
358	626	
359	534	
360	745	
361	269	
362	488	
363	368	
364	297	
365	409	
366	58	
367	940	
368	391	
369	822	
370	338	
371	179	
372	193	
373	867	
374	913	
375	607	
376	364	
377	182	
378	349	
379	239	
380	940	
381	762	
382	26	
383	199	
384	770	
385	26	
386	138	
387	954	
388	437	
389	861	
390	215	
391	938	
392	988	
393	874	
394	677	
395	291	
396	56	
397	555	
398	11	
399	541	
400	276	
401	219	
402	744	
403	121	
404	654	
405	329	
406	583	
407	489	
408	333	
409	461	
410	501	
411	818	
412	186	
413	16	
414	600	
415	530	
416	513	
417	358	
418	663	
419	627	
420	719	
421	420	
422	150	
423	168	
424	131	
425	547	
426	864	
427	733	
428	215	
429	637	
430	989	
431	34	
432	381	
433	285	
434	380	
435	518	
436	540	
437	585	
438	647	
439	293	
440	906	
441	993	
442	291	
443	35	
444	641	
445	110	
446	479	
447	64	
448	404	
449	254	
450	250	
451	820	
452	112	
453	100	
454	382	
455	393	
456	669	
457	946	
458	801	
459	990	
460	813	
461	232	
462	673	
463	592	
464	705	
465	283	
466	621	
467	729	
468	561	
469	633	
470	128	
471	603	
472	162	
473	921	
474	951	
475	187	
476	350	
477	894	
478	223	
479	80	
480	106	
481	946	
482	74	
483	98	
484	281	
485	644	
486	168	
487	85	
488	195	
489	980	
490	536	
491	614	
492	290	
493	100	
494	870	
495	442	
496	329	
497	918	
498	108	
499	627	
500	69	
501	354	
502	851	
503	988	
504	190	
505	822	
506	912	
507	186	
508	180	
509	886	
510	546	
511	379	
512	275	
513	195	
514	951	
515	824	
516	409	
517	541	
518	468	
519	316	
520	333	
521	812	
522	36	
523	363	
524	135	
525	152	
526	141	
527	494	
528	405	
529	966	
530	536	
531	204	
532	985	
533	987	
534	824	
535	392	
536	653	
537	328	
538	359	
539	919	
540	201	
541	46	
542	973	
543	368	
544	241	
545	961	
546	875	
547	908	
548	465	
549	487	
550	777	
551	949	
552	586	
553	48	
554	614	
555	440	
556	372	
557	317	
558	686	
559	125	
560	524	
561	762	
562	490	
563	667	
564	693	
565	821	
566	294	
567	86	
568	456	
569	254	
570	284	
571	227	
572	462	
573	159	
574	315	
575	656	
576	594	
577	876	
578	364	
579	726	
580	321	
581	409	
582	704	
583	816	
584	339	
585	968	
586	669	
587	91	
588	497	
589	442	
590	792	
591	990	
592	774	
593	419	
594	58	
595	929	
596	440	
597	88	
598	69	
599	999	
600	839	
601	457	
602	454	
603	789	
604	794	
605	17	
606	442	
607	963	
608	934	
609	683	
610	474	
611	999	
612	192	
613	292	
614	217	
615	271	
616	119	
617	142	
618	642	
619	893	
620	325	
621	816	
622	548	
623	682	
624	341	
625	488	
626	544	
627	877	
628	356	
629	235	
630	231	
631	139	
632	273	
633	137	
634	462	
635	927	
636	702	
637	628	
638	931	
639	944	
640	102	
641	535	
642	734	
643	879	
644	583	
645	80	
646	451	
647	944	
648	647	
649	175	
650	581	
651	718	
652	161	
653	711	
654	818	
655	312	
656	495	
657	538	
658	907	
659	689	
660	782	
661	55	
662	386	
663	281	
664	327	
665	109	
666	403	
667	14	
668	810	
669	39	
670	613	
671	520	
672	986	
673	607	
674	568	
675	766	
676	845	
677	676	
678	783	
679	827	
680	811	
681	270	
682	565	
683	837	
684	820	
685	78	
686	721	
687	994	
688	796	
689	809	
690	651	
691	866	
692	769	
693	259	
694	614	
695	738	
696	88	
697	342	
698	806	
699	813	
700	109	
701	906	
702	153	
703	170	
704	281	
705	276	
706	816	
707	459	
708	412	
709	25	
710	164	
711	505	
712	778	
713	625	
714	507	
715	827	
716	623	
717	806	
718	546	
719	357	
720	430	
721	908	
722	386	
723	843	
724	818	
725	601	
726	436	
727	869	
728	853	
729	403	
730	191	
731	594	
732	344	
733	550	
734	719	
735	551	
736	829	
737	502	
738	869	
739	94	
740	65	
741	582	
742	611	
743	354	
744	21	
745	225	
746	694	
747	439	
748	242	
749	55	
750	292	
751	748	
752	578	
753	236	
754	941	
755	786	
756	964	
757	622	
758	932	
759	507	
760	22	
761	470	
762	357	
763	110	
764	434	
765	995	
766	734	
767	559	
768	139	
769	532	
770	128	
771	641	
772	55	
773	924	
774	772	
775	5	
776	492	
777	181	
778	415	
779	34	
780	812	
781	576	
782	464	
783	325	
784	123	
785	617	
786	351	
787	671	
788	693	
789	789	
790	590	
791	516	
792	19	
793	948	
794	233	
795	136	
796	516	
797	201	
798	671	
799	769	
800	317	
801	463	
802	664	
803	194	
804	892	
805	43	
806	886	
807	724	
808	414	
809	582	
810	382	
811	220	
812	70	
813	874	
814	142	
815	377	
816	655	
817	138	
818	902	
819	972	
820	438	
821	580	
822	9	
823	576	
824	11	
825	312	
826	691	
827	969	
828	766	
829	983	
830	681	
831	31	
832	707	
833	766	
834	38	
835	297	
836	232	
837	426	
838	234	
839	932	
840	44	
841	308	
842	474	
843	868	
844	528	
845	516	
846	541	
847	247	
848	591	
849	312	
850	531	
851	847	
852	790	
853	683	
854	54	
855	973	
856	598	
857	191	
858	458	
859	144	
860	503	
861	662	
862	622	
863	318	
864	285	
865	674	
866	545	
867	824	
868	965	
869	586	
870	216	
871	527	
872	637	
873	462	
874	340	
875	523	
876	137	
877	247	
878	614	
879	880	
880	362	
881	794	
882	405	
883	768	
884	351	
885	324	
886	140	
887	214	
888	709	
889	500	
890	759	
891	703	
892	432	
893	509	
894	691	
895	968	
896	186	
897	883	
898	267	
899	764	
900	392	
901	555	
902	623	
903	581	
904	978	
905	661	
906	20	
907	648	
908	642	
909	939	
910	489	
911	572	
912	465	
913	961	
914	493	
915	72	
916	174	
917	868	
918	676	
919	929	
920	520	
921	885	
922	513	
923	547	
924	737	
925	629	
926	395	
927	597	
928	627	
929	464	
930	377	
931	584	
932	316	
933	292	
934	952	
935	718	
936	875	
937	937	
938	665	
939	804	
940	714	
941	880	
942	837	
943	226	
944	956	
945	509	
946	971	
947	167	
948	557	
949	38	
950	6	
951	719	
952	527	
953	27	
954	41	
955	719	
956	385	
957	470	
958	356	
959	213	
960	143	
961	986	
962	374	
963	186	
964	391	
965	710	
966	90	
967	697	
968	215	
969	905	
970	284	
971	71	
972	538	
973	732	
974	139	
975	747	
976	842	
977	205	
978	318	
979	260	
980	788	
981	744	
982	433	
983	832	
984	177	
985	382	
986	143	
987	337	
988	401	
989	231	
990	398	
991	607	
992	151	
993	361	
994	264	
995	795	
996	570	
997	552	
998	510	
999	375	
1000	639	
1001	790	
1002	749	
1003	160	
1004	714	
1005	818	
1006	338	
1007	766	
1008	700	
1009	962	
1010	495	
1011	688	
1012	219	
1013	659	
1014	342	
1015	291	
1016	879	
1017	893	
1018	626	
1019	402	
1020	400	
1021	369	
1022	539	
1023	292	
1024	603	
1025	84	
1026	968	
1027	42	
1028	100	
1029	187	
1030	132	
1031	999	
1032	363	
1033	767	
1034	955	
1035	496	
1036	665	
1037	600	
1038	115	
1039	804	
1040	129	
1041	467	
1042	622	
1043	875	
1044	545	
1045	990	
1046	340	
1047	584	
1048	808	
1049	208	
1050	859	
1051	449	
1052	927	
1053	548	
1054	296	
1055	123	
1056	74	
1057	556	
1058	277	
1059	728	
1060	30	
1061	775	
1062	691	
1063	50	
1064	26	
1065	517	
1066	6	
1067	615	
1068	128	
1069	327	
1070	126	
1071	877	
1072	362	
1073	26	
1074	866	
1075	668	
1076	295	
1077	226	
1078	260	
1079	673	
1080	981	
1081	569	
1082	529	
1083	639	
1084	926	
1085	487	
1086	48	
1087	949	
1088	597	
1089	200	
1090	432	
1091	733	
1092	144	
1093	827	
1094	668	
1095	768	
1096	45	
1097	744	
1098	904	
1099	420	
1100	326	
1101	47	
1102	98	
1103	184	
1104	135	
1105	716	
1106	116	
1107	348	
1108	580	
1109	327	
1110	126	
1111	964	
1112	350	
1113	958	
1114	614	
1115	587	
1116	492	
1117	147	
1118	977	
1119	578	
1120	516	
1121	258	
1122	665	
1123	896	
1124	233	
1125	848	
1126	646	
1127	352	
1128	691	
1129	847	
1130	199	
1131	352	
1132	580	
1133	479	
1134	248	
1135	542	
1136	767	
1137	412	
1138	931	
1139	379	
1140	225	
1141	700	
1142	273	
1143	681	
1144	994	
1145	703	
1146	663	
1147	518	
1148	522	
1149	583	
1150	252	
1151	785	
1152	606	
1153	431	
1154	191	
1155	810	
1156	154	
1157	126	
1158	306	
1159	779	
1160	510	
1161	267	
1162	507	
1163	171	
1164	474	
1165	855	
1166	200	
1167	783	
1168	267	
1169	464	
1170	40	
1171	832	
1172	638	
1173	866	
1174	198	
1175	18	
1176	986	
1177	509	
1178	7	
1179	624	
1180	104	
1181	716	
1182	984	
1183	107	
1184	644	
1185	154	
1186	283	
1187	874	
1188	386	
1189	844	
1190	256	
1191	121	
1192	867	
1193	35	
1194	342	
1195	948	
1196	120	
1197	969	
1198	169	
1199	882	
1200	235	
1201	841	
1202	875	
1203	76	
1204	946	
1205	960	
1206	557	
1207	436	
1208	165	
1209	880	
1210	804	
1211	97	
1212	765	
1213	306	
1214	750	
1215	431	
1216	757	
1217	705	
1218	732	
1219	209	
1220	154	
1221	643	
1222	664	
1223	833	
1224	13	
1225	648	
1226	206	
1227	379	
1228	909	
1229	75	
1230	876	
1231	72	
1232	382	
1233	286	
1234	779	
1235	318	
1236	270	
1237	224	
1238	373	
1239	890	
1240	181	
1241	328	
1242	423	
1243	16	
1244	858	
1245	952	
1246	318	
1247	910	
1248	170	
1249	60	
1250	155	
1251	591	
1252	218	
1253	370	
1254	97	
1255	660	
1256	689	
1257	34	
1258	139	
1259	250	
1260	9	
1261	525	
1262	440	
1263	792	
1264	725	
1265	40	
1266	833	
1267	471	
1268	570	
1269	271	
1270	975	
1271	298	
1272	31	
1273	324	
1274	671	
1275	93	
1276	631	
1277	543	
1278	695	
1279	784	
1280	971	
1281	780	
1282	280	
1283	187	
1284	466	
1285	58	
1286	387	
1287	689	
1288	74	
1289	601	
1290	990	
1291	919	
1292	126	
1293	905	
1294	62	
1295	35	
1296	872	
1297	118	
1298	180	
1299	223	
1300	37	
1301	224	
1302	730	
1303	701	
1304	638	
1305	276	
1306	293	
1307	146	
1308	27	
1309	726	
1310	626	
1311	357	
1312	791	
1313	737	
1314	610	
1315	262	
1316	825	
1317	795	
1318	704	
1319	81	
1320	158	
1321	140	
1322	895	
1323	962	
1324	930	
1325	316	
1326	262	
1327	769	
1328	38	
1329	505	
1330	269	
1331	21	
1332	584	
1333	689	
1334	751	
1335	98	
1336	560	
1337	714	
1338	784	
1339	13	
1340	46	
1341	239	
1342	166	
1343	348	
1344	399	
1345	771	
1346	706	
1347	848	
1348	791	
1349	932	
1350	478	
1351	652	
1352	918	
1353	235	
1354	261	
1355	837	
1356	701	
1357	513	
1358	327	
1359	457	
1360	215	
1361	17	
1362	468	
1363	674	
1364	946	
1365	714	
1366	454	
1367	834	
1368	37	
1369	676	
1370	361	
1371	502	
1372	258	
1373	495	
1374	709	
1375	749	
1376	795	
1377	945	
1378	728	
1379	568	
1380	109	
1381	134	
1382	5	
1383	425	
1384	522	
1385	455	
1386	185	
1387	637	
1388	472	
1389	302	
1390	618	
1391	252	
1392	957	
1393	262	
1394	185	
1395	805	
1396	700	
1397	709	
1398	438	
1399	669	
1400	591	
1401	482	
1402	248	
1403	486	
1404	37	
1405	449	
1406	380	
1407	1	
1408	330	
1409	436	
1410	667	
1411	783	
1412	123	
1413	409	
1414	902	
1415	745	
1416	617	
1417	176	
1418	203	
1419	237	
1420	899	
1421	444	
1422	303	
1423	98	
1424	774	
1425	975	
1426	83	
1427	688	
1428	246	
1429	511	
1430	280	
1431	522	
1432	884	
1433	653	
1434	117	
1435	965	
1436	663	
1437	3	
1438	246	
1439	320	
1440	741	
1441	851	
1442	828	
1443	940	
1444	633	
1445	276	
1446	529	
1447	300	
1448	123	
1449	302	
1450	530	
1451	739	
1452	581	
1453	698	
1454	485	
1455	394	
1456	42	
1457	564	
1458	898	
1459	816	
1460	295	
1461	787	
1462	884	
1463	482	
1464	92	
1465	685	
1466	311	
1467	99	
1468	569	
1469	45	
1470	473	
1471	698	
1472	979	
1473	999	
1474	50	
1475	896	
1476	774	
1477	680	
1478	621	
1479	705	
1480	938	
1481	616	
1482	399	
1483	216	
1484	407	
1485	377	
1486	5	
1487	277	
1488	931	
1489	215	
1490	832	
1491	512	
1492	680	
1493	271	
1494	689	
1495	372	
1496	648	
1497	610	
1498	702	
1499	39	
1500	723	
1501	41	
1502	117	
1503	110	
1504	421	
1505	736	
1506	790	
1507	443	
1508	755	
1509	980	
1510	483	
1511	408	
1512	956	
1513	271	
1514	713	
1515	43	
1516	753	
1517	33	
1518	502	
1519	106	
1520	478	
1521	14	
1522	18	
1523	782	
1524	313	
1525	692	
1526	608	
1527	529	
1528	840	
1529	947	
1530	92	
1531	377	
1532	997	
1533	829	
1534	412	
1535	285	
1536	931	
1537	205	
1538	872	
1539	396	
1540	391	
1541	337	
1542	555	
1543	155	
1544	193	
1545	722	
1546	562	
1547	333	
1548	242	
1549	129	
1550	745	
1551	514	
1552	294	
1553	65	
1554	267	
1555	42	
1556	873	
1557	841	
1558	57	
1559	953	
1560	267	
1561	977	
1562	591	
1563	27	
1564	726	
1565	153	
1566	19	
1567	142	
1568	540	
1569	807	
1570	559	
1571	4	
1572	483	
1573	935	
1574	724	
1575	896	
1576	394	
1577	282	
1578	103	
1579	166	
1580	179	
1581	554	
1582	54	
1583	181	
1584	217	
1585	257	
1586	649	
1587	806	
1588	297	
1589	263	
1590	715	
1591	555	
1592	378	
1593	275	
1594	495	
1595	971	
1596	255	
1597	230	
1598	965	
1599	738	
1600	689	
1601	669	
1602	372	
1603	915	
1604	231	
1605	133	
1606	311	
1607	544	
1608	327	
1609	695	
1610	147	
1611	661	
1612	132	
1613	467	
1614	212	
1615	2	
1616	488	
1617	550	
1618	709	
1619	224	
1620	232	
1621	614	
1622	86	
1623	432	
1624	341	
1625	514	
1626	253	
1627	25	
1628	615	
1629	452	
1630	192	
1631	121	
1632	25	
1633	144	
1634	983	
1635	352	
1636	618	
1637	220	
1638	20	
1639	410	
1640	752	
1641	48	
1642	972	
1643	91	
1644	540	
1645	285	
1646	772	
1647	986	
1648	178	
1649	456	
1650	878	
1651	600	
1652	703	
1653	765	
1654	676	
1655	640	
1656	459	
1657	117	
1658	993	
1659	526	
1660	303	
1661	778	
1662	429	
1663	506	
1664	174	
1665	48	
1666	855	
1667	260	
1668	117	
1669	740	
1670	690	
1671	23	
1672	764	
1673	878	
1674	322	
1675	959	
1676	124	
1677	112	
1678	734	
1679	597	
1680	944	
1681	910	
1682	213	
1683	519	
1684	390	
1685	341	
1686	779	
1687	994	
1688	221	
1689	886	
1690	131	
1691	802	
1692	782	
1693	265	
1694	331	
1695	254	
1696	709	
1697	628	
1698	669	
1699	598	
1700	895	
1701	12	
1702	778	
1703	502	
1704	419	
1705	368	
1706	462	
1707	107	
1708	259	
1709	139	
1710	673	
1711	234	
1712	986	
1713	928	
1714	986	
1715	717	
1716	876	
1717	701	
1718	835	
1719	727	
1720	483	
1721	122	
1722	778	
1723	37	
1724	30	
1725	393	
1726	947	
1727	276	
1728	457	
1729	37	
1730	192	
1731	775	
1732	937	
1733	101	
1734	523	
1735	440	
1736	607	
1737	168	
1738	992	
1739	556	
1740	970	
1741	903	
1742	950	
1743	994	
1744	511	
1745	952	
1746	540	
1747	497	
1748	698	
1749	895	
1750	46	
1751	943	
1752	156	
1753	196	
1754	6	
1755	326	
1756	916	
1757	305	
1758	261	
1759	486	
1760	232	
1761	475	
1762	417	
1763	415	
1764	483	
1765	342	
1766	14	
1767	805	
1768	958	
1769	707	
1770	968	
1771	389	
1772	833	
1773	268	
1774	716	
1775	324	
1776	224	
1777	620	
1778	116	
1779	77	
1780	712	
1781	872	
1782	841	
1783	617	
1784	752	
1785	490	
1786	545	
1787	309	
1788	987	
1789	962	
1790	424	
1791	321	
1792	18	
1793	781	
1794	960	
1795	798	
1796	676	
1797	896	
1798	531	
1799	405	
1800	432	
1801	660	
1802	413	
1803	580	
1804	31	
1805	449	
1806	836	
1807	665	
1808	428	
1809	108	
1810	826	
1811	118	
1812	77	
1813	563	
1814	735	
1815	469	
1816	249	
1817	621	
1818	217	
1819	52	
1820	849	
1821	964	
1822	13	
1823	784	
1824	537	
1825	108	
1826	428	
1827	322	
1828	477	
1829	803	
1830	673	
1831	911	
1832	54	
1833	81	
1834	96	
1835	585	
1836	141	
1837	823	
1838	182	
1839	225	
1840	524	
1841	209	
1842	653	
1843	958	
1844	394	
1845	22	
1846	910	
1847	789	
1848	861	
1849	732	
1850	110	
1851	257	
1852	591	
1853	878	
1854	251	
1855	377	
1856	187	
1857	336	
1858	294	
1859	366	
1860	78	
1861	598	
1862	345	
1863	387	
1864	80	
1865	226	
1866	920	
1867	301	
1868	714	
1869	885	
1870	969	
1871	795	
1872	640	
1873	251	
1874	253	
1875	261	
1876	158	
1877	217	
1878	951	
1879	239	
1880	85	
1881	240	
1882	137	
1883	508	
1884	292	
1885	833	
1886	684	
1887	20	
1888	960	
1889	216	
1890	734	
1891	920	
1892	398	
1893	306	
1894	595	
1895	307	
1896	206	
1897	281	
1898	934	
1899	640	
1900	184	
1901	420	
1902	286	
1903	352	
1904	63	
1905	409	
1906	484	
1907	827	
1908	482	
1909	710	
1910	201	
1911	395	
1912	592	
1913	489	
1914	82	
1915	126	
1916	617	
1917	316	
1918	925	
1919	819	
1920	337	
1921	20	
1922	323	
1923	273	
1924	326	
1925	527	
1926	182	
1927	197	
1928	207	
1929	52	
1930	842	
1931	258	
1932	324	
1933	692	
1934	901	
1935	104	
1936	234	
1937	692	
1938	376	
1939	311	
1940	726	
1941	18	
1942	373	
1943	379	
1944	743	
1945	670	
1946	337	
1947	823	
1948	446	
1949	352	
1950	513	
1951	851	
1952	782	
1953	454	
1954	758	
1955	121	
1956	982	
1957	844	
1958	891	
1959	665	
1960	971	
1961	819	
1962	131	
1963	842	
1964	929	
1965	140	
1966	205	
1967	154	
1968	761	
1969	484	
1970	730	
1971	618	
1972	929	
1973	664	
1974	435	
1975	380	
1976	361	
1977	120	
1978	125	
1979	734	
1980	994	
1981	125	
1982	70	
1983	359	
1984	279	
1985	180	
1986	726	
1987	535	
1988	245	
1989	906	
1990	865	
1991	152	
1992	372	
1993	855	
1994	522	
1995	537	
1996	501	
1997	989	
1998	71	
1999	839	
2000	235	
2001	648	
2002	377	
2003	91	
2004	324	
2005	822	
2006	930	
2007	305	
2008	775	
2009	302	
2010	710	
2011	957	
2012	30	
2013	274	
2014	148	
2015	357	
2016	723	
2017	854	
2018	45	
2019	83	
2020	380	
2021	544	
2022	209	
2023	314	
2024	416	
2025	800	
2026	510	
2027	590	
2028	456	
2029	583	
2030	746	
2031	398	
2032	369	
2033	249	
2034	598	
2035	675	
2036	703	
2037	485	
2038	859	
2039	824	
2040	65	
2041	929	
2042	390	
2043	49	
2044	1	
2045	696	
2046	405	
2047	814	
2048	858	
2049	886	
2050	464	
2051	735	
2052	146	
2053	31	
2054	387	
2055	190	
2056	591	
2057	949	
2058	992	
2059	10	
2060	828	
2061	353	
2062	239	
2063	952	
2064	99	
2065	887	
2066	152	
2067	42	
2068	289	
2069	940	
2070	413	
2071	306	
2072	870	
2073	825	
2074	338	
2075	693	
2076	540	
2077	367	
2078	23	
2079	569	
2080	382	
2081	937	
2082	226	
2083	745	
2084	600	
2085	727	
2086	406	
2087	878	
2088	603	
2089	863	
2090	688	
2091	389	
2092	455	
2093	684	
2094	558	
2095	997	
2096	376	
2097	833	
2098	224	
2099	871	
2100	43	
2101	756	
2102	977	
2103	822	
2104	575	
2105	813	
2106	373	
2107	422	
2108	711	
2109	318	
2110	66	
2111	447	
2112	53	
2113	106	
2114	745	
2115	145	
2116	326	
2117	863	
2118	987	
2119	519	
2120	129	
2121	886	
2122	589	
2123	622	
2124	161	
2125	168	
2126	398	
2127	92	
2128	912	
2129	248	
2130	926	
2131	507	
2132	300	
2133	493	
2134	799	
2135	477	
2136	884	
2137	518	
2138	269	
2139	111	
2140	689	
2141	878	
2142	319	
2143	704	
2144	735	
2145	63	
2146	989	
2147	400	
2148	59	
2149	16	
2150	569	
2151	155	
2152	444	
2153	57	
2154	504	
2155	374	
2156	715	
2157	772	
2158	616	
2159	294	
2160	93	
2161	435	
2162	826	
2163	654	
2164	605	
2165	454	
2166	814	
2167	719	
2168	180	
2169	668	
2170	699	
2171	174	
2172	187	
2173	230	
2174	278	
2175	203	
2176	517	
2177	1	
2178	991	
2179	718	
2180	152	
2181	250	
2182	418	
2183	426	
2184	642	
2185	273	
2186	681	
2187	860	
2188	589	
2189	88	
2190	796	
2191	371	
2192	189	
2193	291	
2194	219	
2195	967	
2196	878	
2197	224	
2198	679	
2199	603	
2200	336	
2201	422	
2202	430	
2203	228	
2204	253	
2205	831	
2206	646	
2207	745	
2208	687	
2209	895	
2210	103	
2211	643	
2212	668	
2213	988	
2214	987	
2215	708	
2216	492	
2217	430	
2218	879	
2219	897	
2220	982	
2221	918	
2222	785	
2223	650	
2224	504	
2225	32	
2226	129	
2227	870	
2228	310	
2229	2	
2230	586	
2231	986	
2232	488	
2233	853	
2234	679	
2235	472	
2236	278	
2237	737	
2238	968	
2239	826	
2240	324	
2241	386	
2242	573	
2243	670	
2244	616	
2245	223	
2246	967	
2247	344	
2248	377	
2249	887	
2250	523	
2251	453	
2252	520	
2253	396	
2254	552	
2255	60	
2256	360	
2257	761	
2258	517	
2259	621	
2260	822	
2261	854	
2262	414	
2263	443	
2264	667	
2265	392	
2266	598	
2267	523	
2268	863	
2269	899	
2270	300	
2271	29	
2272	805	
2273	458	
2274	32	
2275	888	
2276	36	
2277	746	
2278	116	
2279	143	
2280	434	
2281	901	
2282	893	
2283	815	
2284	392	
2285	402	
2286	136	
2287	616	
2288	762	
2289	487	
2290	991	
2291	354	
2292	78	
2293	681	
2294	20	
2295	807	
2296	162	
2297	192	
2298	690	
2299	269	
2300	111	
2301	614	
2302	849	
2303	610	
2304	514	
2305	142	
2306	304	
2307	304	
2308	183	
2309	758	
2310	778	
2311	192	
2312	614	
2313	263	
2314	748	
2315	784	
2316	176	
2317	457	
2318	682	
2319	471	
2320	569	
2321	994	
2322	951	
2323	918	
2324	765	
2325	838	
2326	267	
2327	206	
2328	620	
2329	101	
2330	476	
2331	877	
2332	207	
2333	345	
2334	640	
2335	827	
2336	874	
2337	135	
2338	311	
2339	663	
2340	258	
2341	163	
2342	603	
2343	884	
2344	943	
2345	910	
2346	104	
2347	960	
2348	616	
2349	65	
2350	622	
2351	633	
2352	683	
2353	553	
2354	68	
2355	504	
2356	436	
2357	35	
2358	732	
2359	719	
2360	826	
2361	790	
2362	140	
2363	180	
2364	591	
2365	109	
2366	625	
2367	878	
2368	238	
2369	564	
2370	643	
2371	652	
2372	821	
2373	592	
2374	821	
2375	555	
2376	514	
2377	626	
2378	923	
2379	998	
2380	448	
2381	730	
2382	771	
2383	485	
2384	577	
2385	917	
2386	255	
2387	193	
2388	610	
2389	776	
2390	319	
2391	595	
2392	92	
2393	908	
2394	609	
2395	154	
2396	118	
2397	250	
2398	763	
2399	171	
2400	38	
2401	190	
2402	812	
2403	489	
2404	823	
2405	342	
2406	904	
2407	572	
2408	466	
2409	882	
2410	467	
2411	483	
2412	415	
2413	123	
2414	98	
2415	92	
2416	834	
2417	741	
2418	79	
2419	168	
2420	552	
2421	631	
2422	436	
2423	82	
2424	153	
2425	383	
2426	788	
2427	774	
2428	893	
2429	112	
2430	70	
2431	148	
2432	553	
2433	885	
2434	187	
2435	355	
2436	313	
2437	517	
2438	261	
2439	616	
2440	261	
2441	775	
2442	168	
2443	63	
2444	326	
2445	573	
2446	939	
2447	838	
2448	143	
2449	218	
2450	445	
2451	494	
2452	734	
2453	765	
2454	786	
2455	227	
2456	682	
2457	102	
2458	404	
2459	729	
2460	124	
2461	398	
2462	116	
2463	903	
2464	240	
2465	768	
2466	768	
2467	757	
2468	643	
2469	84	
2470	12	
2471	887	
2472	76	
2473	928	
2474	756	
2475	33	
2476	132	
2477	815	
2478	589	
2479	442	
2480	848	
2481	268	
2482	241	
2483	635	
2484	491	
2485	469	
2486	369	
2487	71	
2488	414	
2489	394	
2490	770	
2491	394	
2492	962	
2493	852	
2494	299	
2495	892	
2496	970	
2497	216	
2498	355	
2499	893	
2500	292	
2501	196	
2502	677	
2503	448	
2504	262	
2505	310	
2506	940	
2507	762	
2508	810	
2509	602	
2510	105	
2511	297	
2512	580	
2513	994	
2514	490	
2515	223	
2516	424	
2517	565	
2518	746	
2519	677	
2520	430	
2521	122	
2522	454	
2523	426	
2524	592	
2525	852	
2526	819	
2527	788	
2528	832	
2529	357	
2530	443	
2531	372	
2532	956	
2533	180	
2534	15	
2535	428	
2536	260	
2537	609	
2538	131	
2539	689	
2540	728	
2541	574	
2542	310	
2543	250	
2544	692	
2545	813	
2546	825	
2547	753	
2548	357	
2549	630	
2550	917	
2551	503	
2552	218	
2553	751	
2554	215	
2555	153	
2556	302	
2557	964	
2558	782	
2559	951	
2560	898	
2561	366	
2562	161	
2563	521	
2564	141	
2565	221	
2566	186	
2567	778	
2568	885	
2569	281	
2570	239	
2571	575	
2572	645	
2573	450	
2574	773	
2575	6	
2576	599	
2577	269	
2578	221	
2579	713	
2580	729	
2581	303	
2582	706	
2583	602	
2584	18	
2585	561	
2586	854	
2587	750	
2588	227	
2589	604	
2590	690	
2591	812	
2592	903	
2593	436	
2594	396	
2595	277	
2596	477	
2597	583	
2598	824	
2599	355	
2600	771	
2601	693	
2602	217	
2603	140	
2604	794	
2605	671	
2606	342	
2607	197	
2608	390	
2609	689	
2610	536	
2611	568	
2612	29	
2613	145	
2614	224	
2615	825	
2616	765	
2617	887	
2618	915	
2619	106	
2620	119	
2621	533	
2622	671	
2623	820	
2624	784	
2625	895	
2626	669	
2627	504	
2628	788	
2629	817	
2630	14	
2631	743	
2632	67	
2633	645	
2634	336	
2635	319	
2636	519	
2637	468	
2638	592	
2639	958	
2640	401	
2641	938	
2642	767	
2643	710	
2644	952	
2645	476	
2646	671	
2647	434	
2648	259	
2649	570	
2650	469	
2651	469	
2652	508	
2653	335	
2654	206	
2655	703	
2656	237	
2657	646	
2658	563	
2659	985	
2660	532	
2661	756	
2662	495	
2663	917	
2664	120	
2665	802	
2666	309	
2667	729	
2668	179	
2669	682	
2670	244	
2671	362	
2672	647	
2673	135	
2674	477	
2675	563	
2676	419	
2677	999	
2678	273	
2679	941	
2680	934	
2681	202	
2682	293	
2683	542	
2684	232	
2685	273	
2686	119	
2687	236	
2688	21	
2689	169	
2690	536	
2691	345	
2692	499	
2693	304	
2694	161	
2695	302	
2696	992	
2697	276	
2698	40	
2699	561	
2700	559	
2701	249	
2702	26	
2703	281	
2704	873	
2705	937	
2706	464	
2707	62	
2708	150	
2709	819	
2710	716	
2711	499	
2712	899	
2713	918	
2714	66	
2715	846	
2716	891	
2717	116	
2718	833	
2719	628	
2720	401	
2721	786	
2722	817	
2723	271	
2724	913	
2725	140	
2726	141	
2727	738	
2728	20	
2729	939	
2730	160	
2731	520	
2732	298	
2733	896	
2734	25	
2735	994	
2736	807	
2737	432	
2738	120	
2739	232	
2740	264	
2741	887	
2742	448	
2743	852	
2744	485	
2745	415	
2746	781	
2747	156	
2748	798	
2749	464	
2750	245	
2751	111	
2752	976	
2753	479	
2754	457	
2755	668	
2756	71	
2757	449	
2758	74	
2759	232	
2760	403	
2761	126	
2762	70	
2763	78	
2764	477	
2765	864	
2766	26	
2767	470	
2768	736	
2769	947	
2770	879	
2771	544	
2772	274	
2773	252	
2774	55	
2775	664	
2776	810	
2777	804	
2778	822	
2779	225	
2780	305	
2781	932	
2782	691	
2783	260	
2784	595	
2785	280	
2786	342	
2787	296	
2788	317	
2789	798	
2790	713	
2791	992	
2792	286	
2793	478	
2794	537	
2795	346	
2796	872	
2797	17	
2798	924	
2799	204	
2800	589	
2801	11	
2802	683	
2803	319	
2804	916	
2805	922	
2806	614	
2807	534	
2808	851	
2809	326	
2810	436	
2811	45	
2812	876	
2813	769	
2814	458	
2815	4	
2816	954	
2817	383	
2818	9	
2819	154	
2820	690	
2821	932	
2822	322	
2823	4	
2824	933	
2825	874	
2826	674	
2827	213	
2828	714	
2829	738	
2830	352	
2831	973	
2832	686	
2833	448	
2834	76	
2835	149	
2836	317	
2837	697	
2838	312	
2839	559	
2840	783	
2841	861	
2842	48	
2843	559	
2844	942	
2845	919	
2846	875	
2847	470	
2848	444	
2849	234	
2850	953	
2851	243	
2852	543	
2853	883	
2854	860	
2855	994	
2856	575	
2857	635	
2858	953	
2859	631	
2860	772	
2861	276	
2862	918	
2863	497	
2864	642	
2865	457	
2866	91	
2867	993	
2868	894	
2869	448	
2870	27	
2871	170	
2872	927	
2873	224	
2874	258	
2875	232	
2876	504	
2877	997	
2878	534	
2879	171	
2880	578	
2881	825	
2882	855	
2883	123	
2884	660	
2885	994	
2886	208	
2887	723	
2888	413	
2889	393	
2890	654	
2891	927	
2892	285	
2893	998	
2894	245	
2895	71	
2896	945	
2897	830	
2898	752	
2899	612	
2900	454	
2901	479	
2902	248	
2903	816	
2904	675	
2905	560	
2906	217	
2907	696	
2908	105	
2909	940	
2910	74	
2911	915	
2912	196	
2913	429	
2914	67	
2915	201	
2916	992	
2917	98	
2918	710	
2919	182	
2920	286	
2921	467	
2922	224	
2923	974	
2924	870	
2925	433	
2926	446	
2927	1000	
2928	685	
2929	969	
2930	602	
2931	542	
2932	622	
2933	335	
2934	6	
2935	384	
2936	682	
2937	349	
2938	862	
2939	846	
2940	610	
2941	451	
2942	119	
2943	333	
2944	289	
2945	894	
2946	68	
2947	766	
2948	308	
2949	659	
2950	93	
2951	652	
2952	259	
2953	154	
2954	679	
2955	972	
2956	927	
2957	885	
2958	337	
2959	460	
2960	652	
2961	808	
2962	34	
2963	702	
2964	950	
2965	688	
2966	614	
2967	652	
2968	901	
2969	678	
2970	168	
2971	611	
2972	354	
2973	827	
2974	943	
2975	154	
2976	866	
2977	907	
2978	723	
2979	745	
2980	104	
2981	292	
2982	78	
2983	540	
2984	4	
2985	982	
2986	900	
2987	792	
2988	776	
2989	649	
2990	733	
2991	50	
2992	246	
2993	420	
2994	528	
2995	844	
2996	981	
2997	858	
2998	664	
2999	530	
3000	188	
3001	484	
3002	800	
3003	518	
3004	99	
3005	988	
3006	872	
3007	313	
3008	950	
3009	173	
3010	559	
3011	675	
3012	75	
3013	622	
3014	120	
3015	151	
3016	968	
3017	230	
3018	559	
3019	530	
3020	888	
3021	510	
3022	787	
3023	835	
3024	405	
3025	412	
3026	267	
3027	394	
3028	540	
3029	284	
3030	643	
3031	394	
3032	342	
3033	294	
3034	542	
3035	992	
3036	3	
3037	957	
3038	426	
3039	699	
3040	30	
3041	500	
3042	553	
3043	524	
3044	557	
3045	976	
3046	196	
3047	997	
3048	640	
3049	250	
3050	184	
3051	436	
3052	791	
3053	76	
3054	458	
3055	422	
3056	326	
3057	57	
3058	500	
3059	310	
3060	155	
3061	279	
3062	464	
3063	509	
3064	467	
3065	534	
3066	529	
3067	449	
3068	402	
3069	831	
3070	663	
3071	328	
3072	826	
3073	151	
3074	937	
3075	483	
3076	416	
3077	475	
3078	778	
3079	558	
3080	372	
3081	164	
3082	966	
3083	988	
3084	183	
3085	858	
3086	435	
3087	124	
3088	820	
3089	162	
3090	627	
3091	513	
3092	337	
3093	858	
3094	550	
3095	475	
3096	373	
3097	905	
3098	746	
3099	64	
3100	257	
3101	842	
3102	725	
3103	783	
3104	969	
3105	55	
3106	102	
3107	433	
3108	66	
3109	87	
3110	681	
3111	249	
3112	283	
3113	410	
3114	298	
3115	890	
3116	301	
3117	377	
3118	22	
3119	269	
3120	21	
3121	673	
3122	143	
3123	162	
3124	719	
3125	78	
3126	246	
3127	123	
3128	50	
3129	818	
3130	785	
3131	750	
3132	216	
3133	629	
3134	12	
3135	457	
3136	892	
3137	683	
3138	233	
3139	742	
3140	891	
3141	355	
3142	274	
3143	118	
3144	966	
3145	564	
3146	403	
3147	680	
3148	276	
3149	9	
3150	938	
3151	424	
3152	858	
3153	419	
3154	145	
3155	962	
3156	916	
3157	339	
3158	320	
3159	902	
3160	66	
3161	535	
3162	221	
3163	635	
3164	70	
3165	944	
3166	261	
3167	406	
3168	274	
3169	788	
3170	794	
3171	609	
3172	277	
3173	928	
3174	204	
3175	639	
3176	396	
3177	420	
3178	106	
3179	947	
3180	266	
3181	729	
3182	624	
3183	294	
3184	186	
3185	547	
3186	96	
3187	264	
3188	489	
3189	896	
3190	251	
3191	540	
3192	407	
3193	536	
3194	847	
3195	326	
3196	756	
3197	453	
3198	944	
3199	933	
3200	221	
3201	698	
3202	224	
3203	803	
3204	662	
3205	406	
3206	561	
3207	226	
3208	222	
3209	624	
3210	527	
3211	14	
3212	336	
3213	377	
3214	328	
3215	119	
3216	486	
3217	439	
3218	269	
3219	901	
3220	222	
3221	694	
3222	264	
3223	252	
3224	391	
3225	734	
3226	518	
3227	864	
3228	930	
3229	442	
3230	412	
3231	807	
3232	530	
3233	989	
3234	660	
3235	659	
3236	102	
3237	44	
3238	406	
3239	151	
3240	204	
3241	880	
3242	433	
3243	735	
3244	773	
3245	931	
3246	825	
3247	42	
3248	470	
3249	967	
3250	280	
3251	409	
3252	18	
3253	348	
3254	735	
3255	935	
3256	746	
3257	417	
3258	563	
3259	104	
3260	495	
3261	264	
3262	122	
3263	724	
3264	236	
3265	252	
3266	749	
3267	755	
3268	38	
3269	483	
3270	246	
3271	647	
3272	973	
3273	117	
3274	113	
3275	703	
3276	730	
3277	237	
3278	36	
3279	984	
3280	361	
3281	189	
3282	648	
3283	36	
3284	302	
3285	451	
3286	399	
3287	196	
3288	649	
3289	993	
3290	862	
3291	255	
3292	708	
3293	870	
3294	714	
3295	403	
3296	513	
3297	183	
3298	252	
3299	784	
3300	382	
3301	218	
3302	31	
3303	586	
3304	946	
3305	271	
3306	790	
3307	413	
3308	127	
3309	463	
3310	272	
3311	832	
3312	216	
3313	879	
3314	270	
3315	549	
3316	738	
3317	435	
3318	289	
3319	372	
3320	620	
3321	941	
3322	22	
3323	325	
3324	64	
3325	669	
3326	707	
3327	765	
3328	393	
3329	287	
3330	681	
3331	653	
3332	869	
3333	562	
3334	618	
3335	759	
3336	611	
3337	869	
3338	81	
3339	754	
3340	763	
3341	714	
3342	566	
3343	251	
3344	730	
3345	349	
3346	41	
3347	900	
3348	861	
3349	348	
3350	412	
3351	735	
3352	34	
3353	549	
3354	228	
3355	889	
3356	452	
3357	292	
3358	350	
3359	17	
3360	742	
3361	436	
3362	19	
3363	528	
3364	268	
3365	235	
3366	134	
3367	792	
3368	967	
3369	584	
3370	586	
3371	294	
3372	47	
3373	246	
3374	614	
3375	585	
3376	200	
3377	48	
3378	563	
3379	674	
3380	512	
3381	893	
3382	866	
3383	37	
3384	252	
3385	283	
3386	111	
3387	364	
3388	344	
3389	276	
3390	139	
3391	192	
3392	846	
3393	46	
3394	595	
3395	105	
3396	499	
3397	500	
3398	316	
3399	482	
3400	583	
3401	752	
3402	464	
3403	296	
3404	931	
3405	259	
3406	463	
3407	250	
3408	282	
3409	720	
3410	289	
3411	279	
3412	50	
3413	382	
3414	688	
3415	484	
3416	306	
3417	397	
3418	609	
3419	598	
3420	235	
3421	5	
3422	953	
3423	818	
3424	569	
3425	164	
3426	921	
3427	545	
3428	73	
3429	286	
3430	403	
3431	303	
3432	914	
3433	156	
3434	204	
3435	833	
3436	814	
3437	992	
3438	282	
3439	460	
3440	239	
3441	69	
3442	302	
3443	459	
3444	668	
3445	952	
3446	97	
3447	167	
3448	147	
3449	779	
3450	655	
3451	670	
3452	662	
3453	159	
3454	344	
3455	574	
3456	768	
3457	471	
3458	92	
3459	152	
3460	95	
3461	89	
3462	300	
3463	159	
3464	537	
3465	205	
3466	78	
3467	568	
3468	9	
3469	694	
3470	631	
3471	42	
3472	528	
3473	38	
3474	40	
3475	661	
3476	670	
3477	635	
3478	571	
3479	852	
3480	160	
3481	38	
3482	332	
3483	605	
3484	353	
3485	241	
3486	90	
3487	845	
3488	323	
3489	838	
3490	453	
3491	894	
3492	116	
3493	28	
3494	239	
3495	170	
3496	236	
3497	947	
3498	973	
3499	807	
3500	763	
3501	724	
3502	349	
3503	386	
3504	221	
3505	411	
3506	895	
3507	782	
3508	959	
3509	455	
3510	558	
3511	940	
3512	233	
3513	630	
3514	622	
3515	50	
3516	235	
3517	851	
3518	117	
3519	846	
3520	322	
3521	914	
3522	819	
3523	202	
3524	962	
3525	816	
3526	172	
3527	143	
3528	466	
3529	829	
3530	490	
3531	43	
3532	901	
3533	219	
3534	5	
3535	493	
3536	61	
3537	270	
3538	717	
3539	301	
3540	904	
3541	323	
3542	387	
3543	679	
3544	853	
3545	603	
3546	86	
3547	110	
3548	357	
3549	983	
3550	825	
3551	298	
3552	564	
3553	99	
3554	615	
3555	964	
3556	814	
3557	44	
3558	962	
3559	239	
3560	268	
3561	132	
3562	485	
3563	895	
3564	79	
3565	666	
3566	606	
3567	346	
3568	713	
3569	949	
3570	336	
3571	907	
3572	593	
3573	904	
3574	146	
3575	700	
3576	949	
3577	12	
3578	147	
3579	201	
3580	366	
3581	170	
3582	784	
3583	841	
3584	681	
3585	952	
3586	33	
3587	262	
3588	571	
3589	921	
3590	193	
3591	321	
3592	202	
3593	255	
3594	693	
3595	121	
3596	488	
3597	635	
3598	521	
3599	723	
3600	993	
3601	784	
3602	136	
3603	512	
3604	225	
3605	445	
3606	771	
3607	59	
3608	808	
3609	489	
3610	238	
3611	762	
3612	663	
3613	967	
3614	40	
3615	419	
3616	763	
3617	106	
3618	584	
3619	366	
3620	287	
3621	143	
3622	243	
3623	390	
3624	787	
3625	623	
3626	858	
3627	673	
3628	641	
3629	876	
3630	126	
3631	557	
3632	996	
3633	896	
3634	166	
3635	883	
3636	841	
3637	819	
3638	749	
3639	246	
3640	799	
3641	132	
3642	910	
3643	938	
3644	648	
3645	564	
3646	177	
3647	575	
3648	296	
3649	384	
3650	733	
3651	116	
3652	818	
3653	453	
3654	262	
3655	462	
3656	912	
3657	148	
3658	422	
3659	952	
3660	361	
3661	285	
3662	140	
3663	171	
3664	450	
3665	701	
3666	530	
3667	301	
3668	536	
3669	362	
3670	681	
3671	691	
3672	410	
3673	243	
3674	157	
3675	705	
3676	345	
3677	794	
3678	156	
3679	365	
3680	616	
3681	947	
3682	680	
3683	97	
3684	390	
3685	228	
3686	370	
3687	472	
3688	152	
3689	365	
3690	527	
3691	30	
3692	226	
3693	127	
3694	748	
3695	458	
3696	317	
3697	278	
3698	915	
3699	958	
3700	423	
3701	553	
3702	862	
3703	362	
3704	848	
3705	990	
3706	696	
3707	134	
3708	288	
3709	224	
3710	601	
3711	126	
3712	324	
3713	643	
3714	816	
3715	21	
3716	760	
3717	676	
3718	520	
3719	685	
3720	300	
3721	963	
3722	829	
3723	379	
3724	433	
3725	170	
3726	814	
3727	941	
3728	75	
3729	5	
3730	218	
3731	493	
3732	614	
3733	681	
3734	669	
3735	693	
3736	498	
3737	791	
3738	474	
3739	698	
3740	568	
3741	983	
3742	407	
3743	858	
3744	372	
3745	807	
3746	38	
3747	248	
3748	267	
3749	596	
3750	864	
3751	773	
3752	156	
3753	149	
3754	90	
3755	566	
3756	537	
3757	733	
3758	529	
3759	834	
3760	36	
3761	39	
3762	895	
3763	570	
3764	412	
3765	641	
3766	261	
3767	697	
3768	455	
3769	731	
3770	769	
3771	596	
3772	831	
3773	439	
3774	207	
3775	873	
3776	487	
3777	256	
3778	561	
3779	529	
3780	813	
3781	237	
3782	89	
3783	399	
3784	991	
3785	4	
3786	99	
3787	160	
3788	24	
3789	353	
3790	102	
3791	626	
3792	866	
3793	542	
3794	521	
3795	775	
3796	10	
3797	130	
3798	200	
3799	489	
3800	808	
3801	373	
3802	517	
3803	53	
3804	502	
3805	735	
3806	505	
3807	2	
3808	790	
3809	262	
3810	579	
3811	465	
3812	847	
3813	398	
3814	260	
3815	68	
3816	110	
3817	672	
3818	747	
3819	360	
3820	518	
3821	950	
3822	228	
3823	861	
3824	714	
3825	338	
3826	745	
3827	882	
3828	968	
3829	916	
3830	620	
3831	107	
3832	237	
3833	755	
3834	544	
3835	357	
3836	77	
3837	56	
3838	612	
3839	70	
3840	153	
3841	904	
3842	841	
3843	71	
3844	304	
3845	408	
3846	681	
3847	587	
3848	433	
3849	889	
3850	824	
3851	263	
3852	653	
3853	371	
3854	604	
3855	650	
3856	919	
3857	195	
3858	839	
3859	468	
3860	437	
3861	911	
3862	25	
3863	856	
3864	878	
3865	78	
3866	520	
3867	627	
3868	403	
3869	634	
3870	961	
3871	924	
3872	879	
3873	687	
3874	734	
3875	596	
3876	281	
3877	699	
3878	615	
3879	741	
3880	695	
3881	942	
3882	211	
3883	669	
3884	35	
3885	385	
3886	222	
3887	577	
3888	311	
3889	72	
3890	234	
3891	708	
3892	946	
3893	562	
3894	936	
3895	775	
3896	98	
3897	477	
3898	557	
3899	496	
3900	744	
3901	540	
3902	216	
3903	789	
3904	593	
3905	66	
3906	144	
3907	839	
3908	450	
3909	310	
3910	919	
3911	282	
3912	393	
3913	839	
3914	915	
3915	985	
3916	944	
3917	991	
3918	818	
3919	740	
3920	387	
3921	226	
3922	971	
3923	515	
3924	670	
3925	101	
3926	857	
3927	689	
3928	481	
3929	473	
3930	48	
3931	939	
3932	110	
3933	111	
3934	408	
3935	361	
3936	447	
3937	131	
3938	655	
3939	570	
3940	498	
3941	586	
3942	289	
3943	425	
3944	510	
3945	982	
3946	377	
3947	396	
3948	829	
3949	702	
3950	526	
3951	825	
3952	738	
3953	576	
3954	337	
3955	456	
3956	634	
3957	817	
3958	747	
3959	854	
3960	780	
3961	681	
3962	785	
3963	782	
3964	915	
3965	674	
3966	226	
3967	743	
3968	776	
3969	599	
3970	596	
3971	427	
3972	74	
3973	559	
3974	364	
3975	259	
3976	399	
3977	560	
3978	685	
3979	645	
3980	418	
3981	270	
3982	917	
3983	568	
3984	509	
3985	691	
3986	29	
3987	716	
3988	46	
3989	422	
3990	223	
3991	293	
3992	779	
3993	439	
3994	568	
3995	110	
3996	247	
3997	798	
3998	269	
3999	776	
4000	189	
4001	849	
4002	647	
4003	922	
4004	345	
4005	468	
4006	505	
4007	880	
4008	164	
4009	648	
4010	702	
4011	733	
4012	854	
4013	86	
4014	765	
4015	122	
4016	892	
4017	979	
4018	559	
4019	599	
4020	545	
4021	796	
4022	149	
4023	399	
4024	366	
4025	632	
4026	612	
4027	550	
4028	115	
4029	379	
4030	274	
4031	627	
4032	453	
4033	975	
4034	880	
4035	704	
4036	880	
4037	26	
4038	423	
4039	511	
4040	884	
4041	532	
4042	461	
4043	820	
4044	578	
4045	903	
4046	615	
4047	279	
4048	814	
4049	847	
4050	462	
4051	257	
4052	900	
4053	938	
4054	308	
4055	611	
4056	868	
4057	447	
4058	165	
4059	500	
4060	367	
4061	936	
4062	81	
4063	762	
4064	593	
4065	233	
4066	78	
4067	789	
4068	679	
4069	648	
4070	79	
4071	224	
4072	768	
4073	277	
4074	113	
4075	393	
4076	582	
4077	593	
4078	786	
4079	311	
4080	556	
4081	16	
4082	603	
4083	17	
4084	374	
4085	481	
4086	173	
4087	490	
4088	358	
4089	482	
4090	205	
4091	289	
4092	227	
4093	710	
4094	441	
4095	298	
4096	65	
4097	448	
4098	953	
4099	352	
4100	470	
4101	951	
4102	785	
4103	533	
4104	792	
4105	826	
4106	203	
4107	109	
4108	873	
4109	395	
4110	296	
4111	425	
4112	965	
4113	558	
4114	77	
4115	991	
4116	65	
4117	168	
4118	455	
4119	164	
4120	515	
4121	210	
4122	170	
4123	884	
4124	390	
4125	484	
4126	811	
4127	158	
4128	676	
4129	460	
4130	403	
4131	434	
4132	620	
4133	215	
4134	684	
4135	228	
4136	139	
4137	500	
4138	387	
4139	432	
4140	444	
4141	910	
4142	94	
4143	725	
4144	898	
4145	384	
4146	990	
4147	173	
4148	682	
4149	192	
4150	699	
4151	280	
4152	292	
4153	974	
4154	484	
4155	222	
4156	977	
4157	268	
4158	222	
4159	652	
4160	531	
4161	117	
4162	730	
4163	499	
4164	665	
4165	295	
4166	329	
4167	558	
4168	258	
4169	811	
4170	585	
4171	889	
4172	23	
4173	409	
4174	871	
4175	197	
4176	907	
4177	407	
4178	363	
4179	328	
4180	716	
4181	497	
4182	249	
4183	575	
4184	65	
4185	31	
4186	820	
4187	390	
4188	507	
4189	179	
4190	123	
4191	692	
4192	182	
4193	546	
4194	486	
4195	426	
4196	638	
4197	912	
4198	576	
4199	482	
4200	532	
4201	246	
4202	820	
4203	945	
4204	217	
4205	766	
4206	408	
4207	135	
4208	911	
4209	850	
4210	671	
4211	755	
4212	445	
4213	290	
4214	128	
4215	113	
4216	769	
4217	557	
4218	738	
4219	838	
4220	29	
4221	660	
4222	554	
4223	616	
4224	748	
4225	620	
4226	280	
4227	896	
4228	771	
4229	498	
4230	800	
4231	433	
4232	811	
4233	206	
4234	548	
4235	784	
4236	331	
4237	178	
4238	212	
4239	659	
4240	303	
4241	346	
4242	752	
4243	812	
4244	518	
4245	172	
4246	129	
4247	213	
4248	525	
4249	975	
4250	238	
4251	27	
4252	918	
4253	237	
4254	162	
4255	861	
4256	134	
4257	458	
4258	624	
4259	36	
4260	704	
4261	196	
4262	506	
4263	338	
4264	252	
4265	907	
4266	434	
4267	245	
4268	36	
4269	336	
4270	689	
4271	970	
4272	907	
4273	663	
4274	166	
4275	148	
4276	550	
4277	878	
4278	460	
4279	868	
4280	4	
4281	790	
4282	703	
4283	472	
4284	184	
4285	855	
4286	372	
4287	974	
4288	731	
4289	309	
4290	622	
4291	207	
4292	364	
4293	591	
4294	125	
4295	910	
4296	274	
4297	196	
4298	38	
4299	897	
4300	69	
4301	262	
4302	360	
4303	332	
4304	794	
4305	216	
4306	995	
4307	354	
4308	470	
4309	825	
4310	64	
4311	310	
4312	472	
4313	273	
4314	445	
4315	971	
4316	385	
4317	817	
4318	760	
4319	161	
4320	164	
4321	877	
4322	753	
4323	9	
4324	888	
4325	234	
4326	98	
4327	493	
4328	34	
4329	633	
4330	472	
4331	91	
4332	726	
4333	652	
4334	808	
4335	561	
4336	421	
4337	198	
4338	716	
4339	71	
4340	293	
4341	677	
4342	798	
4343	786	
4344	678	
4345	345	
4346	122	
4347	301	
4348	521	
4349	644	
4350	749	
4351	7	
4352	113	
4353	489	
4354	274	
4355	889	
4356	435	
4357	846	
4358	441	
4359	527	
4360	151	
4361	132	
4362	615	
4363	804	
4364	326	
4365	603	
4366	307	
4367	776	
4368	28	
4369	393	
4370	484	
4371	467	
4372	997	
4373	122	
4374	518	
4375	8	
4376	785	
4377	326	
4378	340	
4379	797	
4380	369	
4381	79	
4382	812	
4383	671	
4384	529	
4385	546	
4386	584	
4387	144	
4388	342	
4389	371	
4390	465	
4391	219	
4392	951	
4393	859	
4394	596	
4395	275	
4396	998	
4397	11	
4398	814	
4399	65	
4400	246	
4401	184	
4402	417	
4403	517	
4404	467	
4405	911	
4406	135	
4407	754	
4408	23	
4409	879	
4410	419	
4411	460	
4412	897	
4413	291	
4414	749	
4415	18	
4416	989	
4417	695	
4418	692	
4419	478	
4420	945	
4421	296	
4422	707	
4423	833	
4424	475	
4425	999	
4426	126	
4427	674	
4428	854	
4429	588	
4430	908	
4431	766	
4432	267	
4433	900	
4434	516	
4435	902	
4436	850	
4437	516	
4438	825	
4439	838	
4440	848	
4441	109	
4442	360	
4443	361	
4444	832	
4445	888	
4446	599	
4447	640	
4448	437	
4449	681	
4450	517	
4451	290	
4452	963	
4453	886	
4454	230	
4455	243	
4456	499	
4457	591	
4458	566	
4459	559	
4460	5	
4461	29	
4462	658	
4463	301	
4464	685	
4465	644	
4466	428	
4467	222	
4468	968	
4469	234	
4470	614	
4471	188	
4472	374	
4473	624	
4474	131	
4475	334	
4476	791	
4477	350	
4478	155	
4479	216	
4480	8	
4481	232	
4482	477	
4483	413	
4484	853	
4485	381	
4486	28	
4487	983	
4488	358	
4489	60	
4490	380	
4491	962	
4492	211	
4493	855	
4494	499	
4495	286	
4496	482	
4497	817	
4498	74	
4499	420	
4500	902	
4501	369	
4502	108	
4503	646	
4504	694	
4505	695	
4506	459	
4507	88	
4508	430	
4509	924	
4510	752	
4511	363	
4512	303	
4513	435	
4514	609	
4515	166	
4516	718	
4517	348	
4518	498	
4519	685	
4520	796	
4521	229	
4522	967	
4523	492	
4524	74	
4525	401	
4526	165	
4527	138	
4528	994	
4529	715	
4530	350	
4531	9	
4532	827	
4533	625	
4534	203	
4535	265	
4536	259	
4537	555	
4538	706	
4539	490	
4540	748	
4541	66	
4542	143	
4543	408	
4544	625	
4545	747	
4546	396	
4547	974	
4548	79	
4549	708	
4550	27	
4551	310	
4552	727	
4553	27	
4554	408	
4555	533	
4556	912	
4557	892	
4558	33	
4559	57	
4560	135	
4561	337	
4562	983	
4563	484	
4564	232	
4565	1	
4566	997	
4567	888	
4568	555	
4569	491	
4570	773	
4571	146	
4572	658	
4573	386	
4574	928	
4575	121	
4576	839	
4577	248	
4578	948	
4579	949	
4580	608	
4581	20	
4582	229	
4583	994	
4584	85	
4585	622	
4586	414	
4587	764	
4588	614	
4589	607	
4590	646	
4591	867	
4592	526	
4593	700	
4594	246	
4595	318	
4596	468	
4597	306	
4598	15	
4599	561	
4600	655	
4601	152	
4602	694	
4603	208	
4604	223	
4605	89	
4606	194	
4607	67	
4608	489	
4609	529	
4610	762	
4611	274	
4612	889	
4613	517	
4614	112	
4615	864	
4616	526	
4617	61	
4618	546	
4619	650	
4620	211	
4621	316	
4622	230	
4623	767	
4624	146	
4625	524	
4626	43	
4627	143	
4628	89	
4629	691	
4630	252	
4631	101	
4632	542	
4633	818	
4634	237	
4635	734	
4636	644	
4637	458	
4638	774	
4639	57	
4640	310	
4641	311	
4642	973	
4643	262	
4644	457	
4645	327	
4646	446	
4647	418	
4648	811	
4649	121	
4650	636	
4651	375	
4652	848	
4653	376	
4654	278	
4655	645	
4656	633	
4657	72	
4658	205	
4659	86	
4660	92	
4661	637	
4662	274	
4663	875	
4664	369	
4665	344	
4666	906	
4667	66	
4668	377	
4669	523	
4670	467	
4671	377	
4672	343	
4673	618	
4674	694	
4675	673	
4676	440	
4677	681	
4678	797	
4679	45	
4680	212	
4681	882	
4682	643	
4683	858	
4684	716	
4685	54	
4686	361	
4687	7	
4688	220	
4689	17	
4690	293	
4691	908	
4692	272	
4693	552	
4694	82	
4695	892	
4696	960	
4697	851	
4698	316	
4699	964	
4700	997	
4701	309	
4702	10	
4703	763	
4704	563	
4705	865	
4706	741	
4707	594	
4708	943	
4709	556	
4710	21	
4711	995	
4712	537	
4713	343	
4714	440	
4715	220	
4716	16	
4717	388	
4718	420	
4719	219	
4720	50	
4721	694	
4722	770	
4723	680	
4724	635	
4725	339	
4726	339	
4727	816	
4728	946	
4729	83	
4730	836	
4731	517	
4732	329	
4733	39	
4734	475	
4735	761	
4736	468	
4737	212	
4738	793	
4739	826	
4740	286	
4741	464	
4742	775	
4743	780	
4744	249	
4745	177	
4746	843	
4747	565	
4748	716	
4749	275	
4750	810	
4751	153	
4752	396	
4753	848	
4754	981	
4755	339	
4756	982	
4757	175	
4758	814	
4759	470	
4760	40	
4761	735	
4762	969	
4763	797	
4764	949	
4765	906	
4766	581	
4767	513	
4768	935	
4769	421	
4770	651	
4771	344	
4772	973	
4773	564	
4774	587	
4775	144	
4776	724	
4777	872	
4778	683	
4779	676	
4780	576	
4781	978	
4782	529	
4783	314	
4784	802	
4785	415	
4786	502	
4787	485	
4788	800	
4789	491	
4790	27	
4791	439	
4792	754	
4793	936	
4794	284	
4795	836	
4796	840	
4797	990	
4798	49	
4799	411	
4800	879	
4801	82	
4802	514	
4803	510	
4804	811	
4805	633	
4806	488	
4807	462	
4808	900	
4809	307	
4810	497	
4811	921	
4812	139	
4813	330	
4814	858	
4815	302	
4816	307	
4817	738	
4818	588	
4819	926	
4820	666	
4821	688	
4822	217	
4823	282	
4824	439	
4825	341	
4826	269	
4827	569	
4828	907	
4829	18	
4830	495	
4831	544	
4832	42	
4833	3	
4834	63	
4835	1	
4836	649	
4837	590	
4838	207	
4839	831	
4840	239	
4841	723	
4842	589	
4843	478	
4844	285	
4845	659	
4846	237	
4847	117	
4848	936	
4849	882	
4850	704	
4851	485	
4852	611	
4853	590	
4854	225	
4855	72	
4856	535	
4857	903	
4858	675	
4859	932	
4860	917	
4861	703	
4862	310	
4863	280	
4864	768	
4865	266	
4866	26	
4867	556	
4868	726	
4869	460	
4870	440	
4871	234	
4872	373	
4873	767	
4874	486	
4875	409	
4876	640	
4877	572	
4878	833	
4879	798	
4880	448	
4881	262	
4882	145	
4883	74	
4884	461	
4885	925	
4886	522	
4887	785	
4888	436	
4889	678	
4890	719	
4891	279	
4892	840	
4893	325	
4894	327	
4895	890	
4896	979	
4897	76	
4898	970	
4899	725	
4900	179	
4901	611	
4902	50	
4903	512	
4904	135	
4905	696	
4906	772	
4907	658	
4908	705	
4909	710	
4910	670	
4911	849	
4912	484	
4913	600	
4914	392	
4915	735	
4916	909	
4917	364	
4918	621	
4919	956	
4920	204	
4921	825	
4922	81	
4923	1000	
4924	905	
4925	299	
4926	986	
4927	903	
4928	57	
4929	244	
4930	344	
4931	436	
4932	272	
4933	538	
4934	926	
4935	761	
4936	373	
4937	542	
4938	537	
4939	67	
4940	747	
4941	704	
4942	894	
4943	816	
4944	900	
4945	909	
4946	557	
4947	233	
4948	742	
4949	419	
4950	338	
4951	194	
4952	672	
4953	593	
4954	336	
4955	471	
4956	827	
4957	178	
4958	358	
4959	311	
4960	58	
4961	80	
4962	612	
4963	930	
4964	20	
4965	42	
4966	356	
4967	364	
4968	863	
4969	136	
4970	915	
4971	129	
4972	396	
4973	699	
4974	367	
4975	769	
4976	791	
4977	336	
4978	912	
4979	763	
4980	438	
4981	67	
4982	616	
4983	419	
4984	983	
4985	86	
4986	485	
4987	741	
4988	332	
4989	97	
4990	492	
4991	689	
4992	775	
4993	881	
4994	597	
4995	143	
4996	8	
4997	131	
4998	651	
4999	274	
5000	540	
5001	511	
5002	306	
5003	135	
5004	413	
5005	895	
5006	353	
5007	356	
5008	302	
5009	727	
5010	216	
5011	883	
5012	213	
5013	468	
5014	672	
5015	550	
5016	754	
5017	535	
5018	503	
5019	114	
5020	556	
5021	953	
5022	723	
5023	582	
5024	64	
5025	6	
5026	204	
5027	819	
5028	723	
5029	964	
5030	108	
5031	571	
5032	700	
5033	690	
5034	968	
5035	859	
5036	61	
5037	187	
5038	349	
5039	579	
5040	473	
5041	531	
5042	661	
5043	690	
5044	453	
5045	6	
5046	346	
5047	516	
5048	256	
5049	77	
5050	807	
5051	606	
5052	404	
5053	674	
5054	788	
5055	150	
5056	381	
5057	592	
5058	288	
5059	69	
5060	958	
5061	286	
5062	398	
5063	454	
5064	297	
5065	915	
5066	586	
5067	822	
5068	453	
5069	184	
5070	587	
5071	659	
5072	167	
5073	547	
5074	729	
5075	119	
5076	164	
5077	592	
5078	661	
5079	764	
5080	994	
5081	959	
5082	109	
5083	592	
5084	468	
5085	163	
5086	255	
5087	24	
5088	989	
5089	47	
5090	202	
5091	661	
5092	377	
5093	304	
5094	706	
5095	796	
5096	313	
5097	663	
5098	643	
5099	159	
5100	341	
5101	430	
5102	43	
5103	831	
5104	153	
5105	704	
5106	9	
5107	459	
5108	402	
5109	531	
5110	706	
5111	208	
5112	712	
5113	846	
5114	224	
5115	960	
5116	156	
5117	565	
5118	163	
5119	132	
5120	728	
5121	698	
5122	82	
5123	349	
5124	515	
5125	539	
5126	296	
5127	252	
5128	292	
5129	353	
5130	977	
5131	703	
5132	340	
5133	836	
5134	412	
5135	901	
5136	207	
5137	281	
5138	536	
5139	126	
5140	496	
5141	942	
5142	424	
5143	797	
5144	553	
5145	90	
5146	401	
5147	824	
5148	195	
5149	863	
5150	985	
5151	732	
5152	936	
5153	354	
5154	327	
5155	387	
5156	101	
5157	471	
5158	879	
5159	879	
5160	187	
5161	183	
5162	269	
5163	622	
5164	955	
5165	491	
5166	294	
5167	102	
5168	312	
5169	159	
5170	372	
5171	535	
5172	886	
5173	802	
5174	264	
5175	294	
5176	838	
5177	914	
5178	192	
5179	142	
5180	585	
5181	731	
5182	88	
5183	54	
5184	739	
5185	534	
5186	362	
5187	335	
5188	767	
5189	675	
5190	896	
5191	533	
5192	654	
5193	601	
5194	318	
5195	139	
5196	810	
5197	506	
5198	51	
5199	425	
5200	940	
5201	330	
5202	230	
5203	167	
5204	636	
5205	303	
5206	146	
5207	185	
5208	695	
5209	919	
5210	68	
5211	962	
5212	168	
5213	6	
5214	873	
5215	514	
5216	209	
5217	151	
5218	531	
5219	755	
5220	896	
5221	592	
5222	115	
5223	957	
5224	133	
5225	145	
5226	813	
5227	295	
5228	608	
5229	3	
5230	753	
5231	815	
5232	133	
5233	802	
5234	125	
5235	670	
5236	41	
5237	548	
5238	990	
5239	702	
5240	67	
5241	681	
5242	710	
5243	573	
5244	510	
5245	963	
5246	356	
5247	834	
5248	427	
5249	861	
5250	201	
5251	180	
5252	513	
5253	782	
5254	439	
5255	304	
5256	23	
5257	261	
5258	842	
5259	673	
5260	542	
5261	539	
5262	864	
5263	567	
5264	841	
5265	398	
5266	522	
5267	523	
5268	317	
5269	554	
5270	746	
5271	734	
5272	171	
5273	79	
5274	501	
5275	863	
5276	299	
5277	608	
5278	480	
5279	124	
5280	161	
5281	31	
5282	669	
5283	645	
5284	842	
5285	980	
5286	277	
5287	806	
5288	477	
5289	381	
5290	964	
5291	914	
5292	723	
5293	517	
5294	425	
5295	643	
5296	944	
5297	134	
5298	925	
5299	543	
5300	90	
5301	768	
5302	865	
5303	961	
5304	623	
5305	778	
5306	994	
5307	352	
5308	705	
5309	885	
5310	934	
5311	776	
5312	754	
5313	214	
5314	790	
5315	476	
5316	242	
5317	715	
5318	524	
5319	654	
5320	158	
5321	922	
5322	660	
5323	802	
5324	768	
5325	135	
5326	852	
5327	296	
5328	420	
5329	492	
5330	677	
5331	609	
5332	142	
5333	783	
5334	145	
5335	295	
5336	774	
5337	729	
5338	173	
5339	375	
5340	941	
5341	748	
5342	230	
5343	783	
5344	687	
5345	178	
5346	117	
5347	290	
5348	482	
5349	242	
5350	517	
5351	664	
5352	507	
5353	420	
5354	633	
5355	249	
5356	349	
5357	265	
5358	705	
5359	273	
5360	770	
5361	374	
5362	787	
5363	346	
5364	137	
5365	143	
5366	915	
5367	839	
5368	313	
5369	830	
5370	149	
5371	236	
5372	754	
5373	123	
5374	47	
5375	449	
5376	528	
5377	18	
5378	2	
5379	726	
5380	441	
5381	746	
5382	80	
5383	574	
5384	323	
5385	818	
5386	972	
5387	966	
5388	9	
5389	348	
5390	495	
5391	148	
5392	133	
5393	388	
5394	311	
5395	674	
5396	252	
5397	232	
5398	231	
5399	98	
5400	775	
5401	486	
5402	251	
5403	921	
5404	566	
5405	626	
5406	786	
5407	181	
5408	724	
5409	311	
5410	852	
5411	857	
5412	24	
5413	635	
5414	708	
5415	526	
5416	616	
5417	429	
5418	389	
5419	217	
5420	893	
5421	272	
5422	390	
5423	402	
5424	771	
5425	799	
5426	296	
5427	312	
5428	663	
5429	496	
5430	468	
5431	575	
5432	25	
5433	564	
5434	839	
5435	123	
5436	138	
5437	946	
5438	791	
5439	676	
5440	436	
5441	345	
5442	764	
5443	43	
5444	983	
5445	676	
5446	90	
5447	601	
5448	543	
5449	989	
5450	796	
5451	723	
5452	624	
5453	205	
5454	904	
5455	346	
5456	117	
5457	279	
5458	934	
5459	917	
5460	2	
5461	162	
5462	290	
5463	639	
5464	831	
5465	718	
5466	272	
5467	381	
5468	77	
5469	731	
5470	21	
5471	294	
5472	392	
5473	855	
5474	10	
5475	979	
5476	893	
5477	470	
5478	409	
5479	366	
5480	499	
5481	441	
5482	72	
5483	532	
5484	324	
5485	354	
5486	659	
5487	261	
5488	738	
5489	276	
5490	683	
5491	1000	
5492	372	
5493	92	
5494	883	
5495	761	
5496	928	
5497	164	
5498	551	
5499	333	
5500	136	
5501	445	
5502	453	
5503	362	
5504	951	
5505	969	
5506	29	
5507	618	
5508	971	
5509	297	
5510	803	
5511	342	
5512	986	
5513	578	
5514	873	
5515	396	
5516	254	
5517	455	
5518	959	
5519	498	
5520	443	
5521	645	
5522	405	
5523	538	
5524	629	
5525	863	
5526	925	
5527	855	
5528	717	
5529	599	
5530	107	
5531	324	
5532	843	
5533	487	
5534	982	
5535	25	
5536	138	
5537	585	
5538	558	
5539	39	
5540	464	
5541	876	
5542	781	
5543	24	
5544	5	
5545	648	
5546	464	
5547	226	
5548	17	
5549	582	
5550	381	
5551	203	
5552	592	
5553	194	
5554	445	
5555	827	
5556	631	
5557	507	
5558	464	
5559	631	
5560	205	
5561	383	
5562	973	
5563	841	
5564	269	
5565	169	
5566	889	
5567	427	
5568	824	
5569	77	
5570	740	
5571	307	
5572	941	
5573	40	
5574	514	
5575	469	
5576	219	
5577	706	
5578	757	
5579	943	
5580	19	
5581	285	
5582	517	
5583	125	
5584	208	
5585	197	
5586	58	
5587	859	
5588	224	
5589	407	
5590	14	
5591	113	
5592	177	
5593	636	
5594	693	
5595	294	
5596	895	
5597	364	
5598	270	
5599	383	
5600	586	
5601	445	
5602	25	
5603	54	
5604	266	
5605	908	
5606	16	
5607	845	
5608	517	
5609	513	
5610	616	
5611	642	
5612	844	
5613	988	
5614	743	
5615	283	
5616	228	
5617	643	
5618	661	
5619	1	
5620	24	
5621	924	
5622	540	
5623	230	
5624	961	
5625	597	
5626	666	
5627	864	
5628	144	
5629	600	
5630	84	
5631	390	
5632	824	
5633	19	
5634	858	
5635	919	
5636	302	
5637	441	
5638	423	
5639	840	
5640	298	
5641	412	
5642	424	
5643	140	
5644	310	
5645	13	
5646	138	
5647	539	
5648	379	
5649	695	
5650	973	
5651	605	
5652	696	
5653	409	
5654	797	
5655	94	
5656	125	
5657	602	
5658	589	
5659	633	
5660	425	
5661	941	
5662	4	
5663	767	
5664	681	
5665	957	
5666	58	
5667	607	
5668	122	
5669	847	
5670	897	
5671	797	
5672	564	
5673	236	
5674	158	
5675	557	
5676	783	
5677	29	
5678	670	
5679	142	
5680	958	
5681	759	
5682	963	
5683	753	
5684	440	
5685	303	
5686	375	
5687	64	
5688	12	
5689	213	
5690	622	
5691	89	
5692	250	
5693	554	
5694	581	
5695	251	
5696	990	
5697	779	
5698	31	
5699	446	
5700	830	
5701	197	
5702	420	
5703	836	
5704	968	
5705	825	
5706	537	
5707	628	
5708	935	
5709	615	
5710	53	
5711	131	
5712	941	
5713	356	
5714	999	
5715	146	
5716	448	
5717	382	
5718	731	
5719	317	
5720	726	
5721	716	
5722	356	
5723	832	
5724	634	
5725	8	
5726	736	
5727	850	
5728	479	
5729	862	
5730	857	
5731	27	
5732	297	
5733	716	
5734	528	
5735	519	
5736	201	
5737	698	
5738	922	
5739	170	
5740	887	
5741	233	
5742	45	
5743	291	
5744	63	
5745	133	
5746	617	
5747	571	
5748	623	
5749	325	
5750	544	
5751	621	
5752	381	
5753	727	
5754	48	
5755	909	
5756	802	
5757	182	
5758	693	
5759	75	
5760	779	
5761	622	
5762	857	
5763	239	
5764	164	
5765	572	
5766	638	
5767	196	
5768	453	
5769	160	
5770	881	
5771	974	
5772	23	
5773	316	
5774	134	
5775	549	
5776	685	
5777	851	
5778	312	
5779	74	
5780	453	
5781	845	
5782	623	
5783	783	
5784	958	
5785	279	
5786	521	
5787	993	
5788	466	
5789	925	
5790	588	
5791	511	
5792	403	
5793	298	
5794	383	
5795	377	
5796	47	
5797	636	
5798	950	
5799	443	
5800	621	
5801	330	
5802	669	
5803	337	
5804	310	
5805	15	
5806	73	
5807	643	
5808	231	
5809	926	
5810	724	
5811	136	
5812	612	
5813	965	
5814	200	
5815	956	
5816	92	
5817	188	
5818	576	
5819	299	
5820	241	
5821	493	
5822	284	
5823	925	
5824	446	
5825	907	
5826	915	
5827	354	
5828	9	
5829	453	
5830	192	
5831	941	
5832	952	
5833	185	
5834	623	
5835	427	
5836	53	
5837	811	
5838	270	
5839	338	
5840	468	
5841	829	
5842	550	
5843	84	
5844	354	
5845	734	
5846	194	
5847	499	
5848	397	
5849	558	
5850	957	
5851	828	
5852	864	
5853	733	
5854	805	
5855	718	
5856	277	
5857	497	
5858	732	
5859	634	
5860	2	
5861	878	
5862	459	
5863	434	
5864	831	
5865	765	
5866	406	
5867	99	
5868	332	
5869	88	
5870	261	
5871	389	
5872	349	
5873	569	
5874	310	
5875	495	
5876	591	
5877	736	
5878	798	
5879	573	
5880	722	
5881	492	
5882	991	
5883	812	
5884	374	
5885	998	
5886	976	
5887	746	
5888	360	
5889	91	
5890	426	
5891	320	
5892	516	
5893	464	
5894	431	
5895	377	
5896	490	
5897	278	
5898	283	
5899	330	
5900	466	
5901	565	
5902	277	
5903	818	
5904	946	
5905	562	
5906	28	
5907	617	
5908	764	
5909	810	
5910	451	
5911	418	
5912	362	
5913	366	
5914	439	
5915	482	
5916	212	
5917	856	
5918	733	
5919	57	
5920	878	
5921	546	
5922	159	
5923	917	
5924	429	
5925	979	
5926	982	
5927	372	
5928	616	
5929	947	
5930	598	
5931	264	
5932	504	
5933	107	
5934	782	
5935	698	
5936	114	
5937	527	
5938	231	
5939	705	
5940	737	
5941	205	
5942	10	
5943	418	
5944	134	
5945	606	
5946	900	
5947	47	
5948	874	
5949	826	
5950	884	
5951	538	
5952	32	
5953	189	
5954	585	
5955	537	
5956	893	
5957	318	
5958	973	
5959	152	
5960	354	
5961	476	
5962	110	
5963	468	
5964	398	
5965	921	
5966	626	
5967	316	
5968	717	
5969	353	
5970	104	
5971	976	
5972	606	
5973	713	
5974	603	
5975	315	
5976	766	
5977	242	
5978	432	
5979	875	
5980	479	
5981	917	
5982	892	
5983	421	
5984	782	
5985	93	
5986	344	
5987	835	
5988	662	
5989	794	
5990	343	
5991	327	
5992	271	
5993	186	
5994	4	
5995	399	
5996	611	
5997	192	
5998	751	
5999	129	
6000	61	
6001	351	
6002	254	
6003	710	
6004	306	
6005	349	
6006	805	
6007	344	
6008	737	
6009	514	
6010	944	
6011	645	
6012	364	
6013	480	
6014	870	
6015	107	
6016	671	
6017	834	
6018	461	
6019	396	
6020	494	
6021	631	
6022	666	
6023	305	
6024	296	
6025	245	
6026	48	
6027	593	
6028	232	
6029	512	
6030	765	
6031	401	
6032	232	
6033	354	
6034	154	
6035	26	
6036	5	
6037	370	
6038	137	
6039	23	
6040	256	
6041	496	
6042	943	
6043	470	
6044	417	
6045	684	
6046	537	
6047	492	
6048	452	
6049	404	
6050	712	
6051	547	
6052	605	
6053	612	
6054	231	
6055	854	
6056	453	
6057	277	
6058	481	
6059	601	
6060	348	
6061	280	
6062	533	
6063	979	
6064	470	
6065	442	
6066	972	
6067	573	
6068	185	
6069	664	
6070	359	
6071	409	
6072	570	
6073	329	
6074	283	
6075	109	
6076	85	
6077	841	
6078	982	
6079	728	
6080	324	
6081	682	
6082	145	
6083	217	
6084	956	
6085	218	
6086	613	
6087	797	
6088	677	
6089	529	
6090	1000	
6091	656	
6092	688	
6093	665	
6094	679	
6095	816	
6096	225	
6097	214	
6098	891	
6099	366	
6100	148	
6101	54	
6102	438	
6103	366	
6104	713	
6105	272	
6106	253	
6107	971	
6108	1	
6109	294	
6110	93	
6111	318	
6112	792	
6113	876	
6114	863	
6115	166	
6116	227	
6117	448	
6118	629	
6119	215	
6120	25	
6121	194	
6122	116	
6123	837	
6124	524	
6125	179	
6126	483	
6127	159	
6128	454	
6129	399	
6130	120	
6131	710	
6132	334	
6133	517	
6134	79	
6135	101	
6136	450	
6137	403	
6138	100	
6139	152	
6140	164	
6141	980	
6142	605	
6143	295	
6144	24	
6145	819	
6146	891	
6147	833	
6148	113	
6149	319	
6150	791	
6151	443	
6152	961	
6153	807	
6154	615	
6155	449	
6156	79	
6157	109	
6158	24	
6159	9	
6160	864	
6161	893	
6162	35	
6163	565	
6164	360	
6165	196	
6166	105	
6167	94	
6168	392	
6169	603	
6170	233	
6171	851	
6172	632	
6173	194	
6174	655	
6175	602	
6176	587	
6177	639	
6178	724	
6179	283	
6180	999	
6181	919	
6182	378	
6183	266	
6184	148	
6185	801	
6186	142	
6187	123	
6188	258	
6189	328	
6190	846	
6191	78	
6192	213	
6193	543	
6194	11	
6195	178	
6196	690	
6197	260	
6198	574	
6199	923	
6200	873	
6201	31	
6202	683	
6203	461	
6204	930	
6205	866	
6206	298	
6207	392	
6208	634	
6209	824	
6210	259	
6211	524	
6212	373	
6213	487	
6214	71	
6215	388	
6216	507	
6217	264	
6218	492	
6219	725	
6220	988	
6221	787	
6222	983	
6223	773	
6224	246	
6225	14	
6226	336	
6227	94	
6228	316	
6229	37	
6230	275	
6231	362	
6232	125	
6233	224	
6234	371	
6235	582	
6236	925	
6237	609	
6238	831	
6239	233	
6240	52	
6241	717	
6242	335	
6243	795	
6244	858	
6245	240	
6246	198	
6247	744	
6248	533	
6249	371	
6250	311	
6251	165	
6252	71	
6253	559	
6254	793	
6255	279	
6256	66	
6257	505	
6258	684	
6259	200	
6260	549	
6261	990	
6262	27	
6263	627	
6264	750	
6265	509	
6266	393	
6267	397	
6268	351	
6269	770	
6270	302	
6271	580	
6272	939	
6273	167	
6274	730	
6275	193	
6276	623	
6277	514	
6278	838	
6279	151	
6280	123	
6281	731	
6282	559	
6283	891	
6284	936	
6285	212	
6286	700	
6287	420	
6288	242	
6289	977	
6290	141	
6291	561	
6292	173	
6293	736	
6294	644	
6295	712	
6296	58	
6297	224	
6298	629	
6299	867	
6300	208	
6301	299	
6302	247	
6303	162	
6304	572	
6305	733	
6306	817	
6307	246	
6308	179	
6309	284	
6310	304	
6311	793	
6312	477	
6313	527	
6314	454	
6315	528	
6316	82	
6317	506	
6318	377	
6319	915	
6320	710	
6321	102	
6322	747	
6323	49	
6324	118	
6325	194	
6326	758	
6327	446	
6328	609	
6329	246	
6330	334	
6331	519	
6332	825	
6333	676	
6334	321	
6335	978	
6336	602	
6337	976	
6338	263	
6339	657	
6340	320	
6341	23	
6342	363	
6343	749	
6344	450	
6345	801	
6346	41	
6347	188	
6348	707	
6349	815	
6350	192	
6351	717	
6352	997	
6353	663	
6354	464	
6355	944	
6356	78	
6357	781	
6358	378	
6359	312	
6360	196	
6361	154	
6362	276	
6363	578	
6364	722	
6365	263	
6366	268	
6367	101	
6368	603	
6369	24	
6370	986	
6371	354	
6372	91	
6373	394	
6374	488	
6375	900	
6376	819	
6377	414	
6378	267	
6379	934	
6380	859	
6381	246	
6382	921	
6383	89	
6384	656	
6385	333	
6386	530	
6387	37	
6388	13	
6389	977	
6390	8	
6391	324	
6392	443	
6393	818	
6394	617	
6395	820	
6396	91	
6397	42	
6398	377	
6399	555	
6400	495	
6401	444	
6402	83	
6403	523	
6404	95	
6405	286	
6406	71	
6407	685	
6408	568	
6409	345	
6410	482	
6411	567	
6412	604	
6413	173	
6414	371	
6415	120	
6416	14	
6417	192	
6418	257	
6419	816	
6420	300	
6421	397	
6422	200	
6423	779	
6424	613	
6425	791	
6426	403	
6427	284	
6428	3	
6429	797	
6430	976	
6431	292	
6432	816	
6433	637	
6434	25	
6435	954	
6436	154	
6437	35	
6438	31	
6439	777	
6440	328	
6441	344	
6442	223	
6443	727	
6444	804	
6445	533	
6446	918	
6447	330	
6448	728	
6449	439	
6450	862	
6451	691	
6452	51	
6453	946	
6454	497	
6455	204	
6456	443	
6457	376	
6458	738	
6459	955	
6460	954	
6461	793	
6462	953	
6463	895	
6464	308	
6465	530	
6466	293	
6467	423	
6468	732	
6469	280	
6470	913	
6471	776	
6472	436	
6473	51	
6474	657	
6475	37	
6476	595	
6477	598	
6478	660	
6479	6	
6480	62	
6481	331	
6482	785	
6483	291	
6484	738	
6485	952	
6486	348	
6487	576	
6488	125	
6489	486	
6490	991	
6491	889	
6492	842	
6493	310	
6494	835	
6495	788	
6496	483	
6497	148	
6498	159	
6499	811	
6500	671	
6501	958	
6502	20	
6503	649	
6504	899	
6505	668	
6506	537	
6507	978	
6508	106	
6509	383	
6510	771	
6511	285	
6512	263	
6513	715	
6514	345	
6515	987	
6516	96	
6517	790	
6518	392	
6519	855	
6520	906	
6521	353	
6522	898	
6523	829	
6524	497	
6525	203	
6526	839	
6527	949	
6528	982	
6529	75	
6530	494	
6531	302	
6532	184	
6533	93	
6534	986	
6535	845	
6536	334	
6537	353	
6538	359	
6539	78	
6540	753	
6541	600	
6542	75	
6543	959	
6544	964	
6545	904	
6546	239	
6547	249	
6548	757	
6549	661	
6550	494	
6551	728	
6552	955	
6553	688	
6554	891	
6555	160	
6556	671	
6557	322	
6558	364	
6559	751	
6560	493	
6561	14	
6562	323	
6563	328	
6564	722	
6565	204	
6566	728	
6567	76	
6568	53	
6569	722	
6570	250	
6571	848	
6572	784	
6573	595	
6574	45	
6575	139	
6576	493	
6577	866	
6578	19	
6579	990	
6580	499	
6581	925	
6582	93	
6583	860	
6584	728	
6585	276	
6586	321	
6587	881	
6588	862	
6589	184	
6590	219	
6591	453	
6592	512	
6593	206	
6594	157	
6595	944	
6596	547	
6597	628	
6598	201	
6599	141	
6600	119	
6601	368	
6602	603	
6603	40	
6604	806	
6605	358	
6606	137	
6607	242	
6608	41	
6609	144	
6610	60	
6611	513	
6612	287	
6613	53	
6614	175	
6615	218	
6616	416	
6617	476	
6618	76	
6619	609	
6620	411	
6621	223	
6622	700	
6623	917	
6624	678	
6625	979	
6626	429	
6627	655	
6628	716	
6629	156	
6630	227	
6631	592	
6632	725	
6633	939	
6634	433	
6635	280	
6636	635	
6637	753	
6638	207	
6639	363	
6640	153	
6641	763	
6642	979	
6643	675	
6644	356	
6645	550	
6646	442	
6647	147	
6648	788	
6649	473	
6650	222	
6651	912	
6652	457	
6653	343	
6654	934	
6655	272	
6656	543	
6657	692	
6658	243	
6659	908	
6660	724	
6661	773	
6662	663	
6663	31	
6664	959	
6665	74	
6666	301	
6667	974	
6668	872	
6669	6	
6670	190	
6671	495	
6672	716	
6673	562	
6674	312	
6675	548	
6676	720	
6677	671	
6678	54	
6679	815	
6680	459	
6681	899	
6682	85	
6683	133	
6684	318	
6685	336	
6686	82	
6687	645	
6688	661	
6689	242	
6690	390	
6691	40	
6692	828	
6693	415	
6694	412	
6695	944	
6696	764	
6697	310	
6698	975	
6699	530	
6700	221	
6701	338	
6702	526	
6703	134	
6704	924	
6705	799	
6706	458	
6707	867	
6708	540	
6709	465	
6710	36	
6711	869	
6712	910	
6713	73	
6714	481	
6715	665	
6716	451	
6717	505	
6718	207	
6719	869	
6720	62	
6721	52	
6722	223	
6723	706	
6724	756	
6725	993	
6726	523	
6727	532	
6728	533	
6729	951	
6730	638	
6731	502	
6732	426	
6733	752	
6734	73	
6735	207	
6736	198	
6737	191	
6738	594	
6739	225	
6740	351	
6741	132	
6742	892	
6743	654	
6744	525	
6745	452	
6746	923	
6747	188	
6748	127	
6749	371	
6750	6	
6751	984	
6752	114	
6753	700	
6754	142	
6755	652	
6756	555	
6757	332	
6758	267	
6759	962	
6760	481	
6761	388	
6762	787	
6763	455	
6764	526	
6765	782	
6766	109	
6767	971	
6768	573	
6769	701	
6770	383	
6771	878	
6772	955	
6773	775	
6774	21	
6775	394	
6776	247	
6777	876	
6778	963	
6779	469	
6780	859	
6781	709	
6782	207	
6783	357	
6784	938	
6785	671	
6786	698	
6787	147	
6788	778	
6789	904	
6790	765	
6791	187	
6792	825	
6793	798	
6794	742	
6795	464	
6796	322	
6797	693	
6798	850	
6799	354	
6800	87	
6801	455	
6802	418	
6803	521	
6804	877	
6805	587	
6806	272	
6807	528	
6808	333	
6809	8	
6810	41	
6811	429	
6812	551	
6813	784	
6814	10	
6815	421	
6816	438	
6817	168	
6818	556	
6819	162	
6820	152	
6821	644	
6822	241	
6823	854	
6824	685	
6825	45	
6826	182	
6827	687	
6828	693	
6829	876	
6830	209	
6831	675	
6832	100	
6833	942	
6834	755	
6835	627	
6836	328	
6837	239	
6838	589	
6839	777	
6840	830	
6841	1	
6842	188	
6843	115	
6844	98	
6845	916	
6846	774	
6847	615	
6848	133	
6849	445	
6850	771	
6851	159	
6852	55	
6853	217	
6854	471	
6855	356	
6856	28	
6857	792	
6858	188	
6859	445	
6860	648	
6861	460	
6862	18	
6863	927	
6864	461	
6865	169	
6866	529	
6867	339	
6868	241	
6869	76	
6870	219	
6871	5	
6872	971	
6873	462	
6874	756	
6875	888	
6876	69	
6877	184	
6878	931	
6879	653	
6880	368	
6881	30	
6882	520	
6883	739	
6884	836	
6885	654	
6886	566	
6887	677	
6888	991	
6889	232	
6890	544	
6891	921	
6892	819	
6893	181	
6894	909	
6895	853	
6896	290	
6897	33	
6898	965	
6899	634	
6900	3	
6901	90	
6902	355	
6903	403	
6904	716	
6905	648	
6906	299	
6907	684	
6908	775	
6909	525	
6910	90	
6911	228	
6912	431	
6913	596	
6914	315	
6915	373	
6916	234	
6917	500	
6918	190	
6919	449	
6920	222	
6921	484	
6922	545	
6923	708	
6924	277	
6925	278	
6926	881	
6927	166	
6928	731	
6929	301	
6930	870	
6931	96	
6932	724	
6933	640	
6934	812	
6935	827	
6936	561	
6937	847	
6938	470	
6939	910	
6940	129	
6941	147	
6942	235	
6943	871	
6944	417	
6945	351	
6946	851	
6947	166	
6948	223	
6949	515	
6950	225	
6951	383	
6952	856	
6953	37	
6954	592	
6955	446	
6956	559	
6957	784	
6958	782	
6959	154	
6960	151	
6961	750	
6962	118	
6963	900	
6964	789	
6965	439	
6966	735	
6967	215	
6968	425	
6969	858	
6970	736	
6971	239	
6972	187	
6973	617	
6974	246	
6975	420	
6976	991	
6977	383	
6978	993	
6979	414	
6980	491	
6981	346	
6982	157	
6983	799	
6984	334	
6985	675	
6986	172	
6987	78	
6988	953	
6989	834	
6990	870	
6991	904	
6992	775	
6993	380	
6994	258	
6995	359	
6996	549	
6997	319	
6998	564	
6999	37	
7000	876	
7001	386	
7002	391	
7003	383	
7004	588	
7005	456	
7006	330	
7007	699	
7008	17	
7009	283	
7010	965	
7011	836	
7012	527	
7013	114	
7014	922	
7015	939	
7016	71	
7017	93	
7018	814	
7019	429	
7020	810	
7021	301	
7022	111	
7023	553	
7024	58	
7025	79	
7026	293	
7027	488	
7028	453	
7029	631	
7030	210	
7031	597	
7032	843	
7033	863	
7034	500	
7035	653	
7036	165	
7037	231	
7038	664	
7039	934	
7040	142	
7041	204	
7042	286	
7043	721	
7044	267	
7045	611	
7046	417	
7047	257	
7048	580	
7049	356	
7050	653	
7051	522	
7052	491	
7053	873	
7054	865	
7055	981	
7056	793	
7057	254	
7058	701	
7059	321	
7060	269	
7061	24	
7062	442	
7063	257	
7064	662	
7065	552	
7066	798	
7067	970	
7068	910	
7069	735	
7070	943	
7071	74	
7072	367	
7073	121	
7074	901	
7075	276	
7076	7	
7077	300	
7078	162	
7079	617	
7080	21	
7081	983	
7082	619	
7083	446	
7084	611	
7085	749	
7086	717	
7087	531	
7088	308	
7089	377	
7090	330	
7091	703	
7092	572	
7093	298	
7094	644	
7095	606	
7096	317	
7097	902	
7098	286	
7099	893	
7100	518	
7101	256	
7102	664	
7103	914	
7104	931	
7105	955	
7106	49	
7107	894	
7108	170	
7109	342	
7110	692	
7111	764	
7112	905	
7113	527	
7114	766	
7115	737	
7116	219	
7117	658	
7118	571	
7119	588	
7120	98	
7121	794	
7122	366	
7123	437	
7124	611	
7125	484	
7126	727	
7127	575	
7128	15	
7129	528	
7130	420	
7131	399	
7132	662	
7133	281	
7134	387	
7135	476	
7136	227	
7137	362	
7138	995	
7139	735	
7140	157	
7141	176	
7142	104	
7143	578	
7144	65	
7145	300	
7146	526	
7147	771	
7148	347	
7149	784	
7150	123	
7151	711	
7152	852	
7153	735	
7154	687	
7155	137	
7156	914	
7157	879	
7158	660	
7159	962	
7160	197	
7161	927	
7162	287	
7163	200	
7164	877	
7165	243	
7166	543	
7167	249	
7168	807	
7169	85	
7170	243	
7171	166	
7172	823	
7173	371	
7174	806	
7175	890	
7176	885	
7177	958	
7178	740	
7179	27	
7180	530	
7181	790	
7182	372	
7183	149	
7184	609	
7185	304	
7186	957	
7187	659	
7188	328	
7189	706	
7190	851	
7191	832	
7192	286	
7193	507	
7194	104	
7195	991	
7196	956	
7197	341	
7198	581	
7199	160	
7200	118	
7201	165	
7202	440	
7203	764	
7204	209	
7205	271	
7206	349	
7207	102	
7208	444	
7209	108	
7210	968	
7211	897	
7212	777	
7213	277	
7214	622	
7215	742	
7216	554	
7217	374	
7218	865	
7219	437	
7220	750	
7221	918	
7222	907	
7223	168	
7224	579	
7225	307	
7226	679	
7227	429	
7228	899	
7229	521	
7230	836	
7231	986	
7232	633	
7233	113	
7234	603	
7235	689	
7236	603	
7237	427	
7238	950	
7239	819	
7240	519	
7241	126	
7242	345	
7243	886	
7244	967	
7245	92	
7246	819	
7247	257	
7248	703	
7249	633	
7250	331	
7251	669	
7252	691	
7253	387	
7254	548	
7255	795	
7256	172	
7257	560	
7258	379	
7259	834	
7260	297	
7261	412	
7262	670	
7263	447	
7264	464	
7265	706	
7266	364	
7267	452	
7268	924	
7269	480	
7270	849	
7271	115	
7272	661	
7273	590	
7274	424	
7275	482	
7276	293	
7277	556	
7278	313	
7279	823	
7280	927	
7281	65	
7282	626	
7283	243	
7284	536	
7285	176	
7286	80	
7287	153	
7288	912	
7289	290	
7290	477	
7291	173	
7292	351	
7293	193	
7294	344	
7295	734	
7296	18	
7297	280	
7298	906	
7299	470	
7300	485	
7301	950	
7302	357	
7303	526	
7304	671	
7305	801	
7306	501	
7307	941	
7308	131	
7309	245	
7310	488	
7311	144	
7312	355	
7313	525	
7314	463	
7315	400	
7316	581	
7317	614	
7318	941	
7319	97	
7320	912	
7321	640	
7322	532	
7323	535	
7324	77	
7325	998	
7326	45	
7327	896	
7328	32	
7329	642	
7330	446	
7331	6	
7332	85	
7333	644	
7334	931	
7335	188	
7336	445	
7337	866	
7338	983	
7339	574	
7340	713	
7341	982	
7342	297	
7343	699	
7344	979	
7345	581	
7346	122	
7347	476	
7348	817	
7349	36	
7350	243	
7351	500	
7352	675	
7353	59	
7354	969	
7355	751	
7356	610	
7357	251	
7358	43	
7359	133	
7360	513	
7361	601	
7362	991	
7363	549	
7364	245	
7365	35	
7366	914	
7367	12	
7368	327	
7369	335	
7370	895	
7371	470	
7372	414	
7373	320	
7374	708	
7375	81	
7376	582	
7377	731	
7378	474	
7379	390	
7380	741	
7381	331	
7382	851	
7383	169	
7384	435	
7385	338	
7386	580	
7387	286	
7388	423	
7389	666	
7390	370	
7391	948	
7392	838	
7393	405	
7394	591	
7395	283	
7396	645	
7397	786	
7398	267	
7399	351	
7400	131	
7401	401	
7402	68	
7403	844	
7404	66	
7405	539	
7406	417	
7407	129	
7408	765	
7409	356	
7410	48	
7411	215	
7412	369	
7413	915	
7414	797	
7415	681	
7416	693	
7417	86	
7418	980	
7419	740	
7420	211	
7421	985	
7422	868	
7423	733	
7424	871	
7425	333	
7426	731	
7427	935	
7428	957	
7429	602	
7430	894	
7431	940	
7432	972	
7433	423	
7434	64	
7435	641	
7436	255	
7437	654	
7438	175	
7439	444	
7440	695	
7441	419	
7442	4	
7443	247	
7444	516	
7445	43	
7446	777	
7447	124	
7448	500	
7449	239	
7450	586	
7451	856	
7452	288	
7453	160	
7454	790	
7455	394	
7456	587	
7457	74	
7458	598	
7459	426	
7460	572	
7461	635	
7462	546	
7463	388	
7464	512	
7465	650	
7466	352	
7467	469	
7468	154	
7469	2	
7470	918	
7471	234	
7472	422	
7473	942	
7474	133	
7475	933	
7476	991	
7477	316	
7478	150	
7479	345	
7480	462	
7481	300	
7482	190	
7483	555	
7484	939	
7485	328	
7486	275	
7487	697	
7488	371	
7489	380	
7490	54	
7491	188	
7492	370	
7493	804	
7494	568	
7495	759	
7496	856	
7497	866	
7498	303	
7499	855	
7500	822	
7501	903	
7502	328	
7503	762	
7504	39	
7505	878	
7506	716	
7507	586	
7508	401	
7509	870	
7510	205	
7511	281	
7512	195	
7513	86	
7514	927	
7515	468	
7516	999	
7517	105	
7518	65	
7519	426	
7520	463	
7521	26	
7522	779	
7523	44	
7524	48	
7525	678	
7526	440	
7527	68	
7528	684	
7529	230	
7530	483	
7531	120	
7532	689	
7533	588	
7534	427	
7535	669	
7536	125	
7537	418	
7538	992	
7539	78	
7540	59	
7541	944	
7542	389	
7543	84	
7544	813	
7545	437	
7546	158	
7547	389	
7548	674	
7549	738	
7550	913	
7551	263	
7552	78	
7553	996	
7554	262	
7555	651	
7556	526	
7557	25	
7558	881	
7559	748	
7560	371	
7561	271	
7562	636	
7563	511	
7564	676	
7565	689	
7566	967	
7567	539	
7568	838	
7569	979	
7570	786	
7571	672	
7572	133	
7573	11	
7574	639	
7575	161	
7576	137	
7577	136	
7578	722	
7579	387	
7580	700	
7581	820	
7582	426	
7583	758	
7584	33	
7585	748	
7586	927	
7587	200	
7588	508	
7589	164	
7590	628	
7591	23	
7592	837	
7593	325	
7594	52	
7595	789	
7596	30	
7597	176	
7598	557	
7599	859	
7600	474	
7601	97	
7602	210	
7603	305	
7604	614	
7605	407	
7606	899	
7607	185	
7608	890	
7609	96	
7610	292	
7611	737	
7612	238	
7613	79	
7614	645	
7615	335	
7616	983	
7617	496	
7618	302	
7619	685	
7620	545	
7621	992	
7622	64	
7623	844	
7624	956	
7625	519	
7626	952	
7627	298	
7628	448	
7629	127	
7630	221	
7631	894	
7632	42	
7633	531	
7634	463	
7635	536	
7636	591	
7637	395	
7638	216	
7639	659	
7640	558	
7641	508	
7642	100	
7643	501	
7644	552	
7645	914	
7646	10	
7647	555	
7648	337	
7649	488	
7650	450	
7651	183	
7652	886	
7653	916	
7654	766	
7655	36	
7656	814	
7657	685	
7658	211	
7659	21	
7660	794	
7661	198	
7662	647	
7663	931	
7664	694	
7665	634	
7666	306	
7667	358	
7668	856	
7669	272	
7670	383	
7671	753	
7672	110	
7673	502	
7674	169	
7675	336	
7676	842	
7677	198	
7678	168	
7679	122	
7680	855	
7681	766	
7682	131	
7683	897	
7684	714	
7685	241	
7686	662	
7687	518	
7688	595	
7689	113	
7690	803	
7691	479	
7692	395	
7693	166	
7694	274	
7695	35	
7696	126	
7697	334	
7698	90	
7699	971	
7700	240	
7701	845	
7702	23	
7703	336	
7704	801	
7705	411	
7706	516	
7707	201	
7708	227	
7709	155	
7710	416	
7711	731	
7712	88	
7713	719	
7714	467	
7715	905	
7716	414	
7717	39	
7718	455	
7719	571	
7720	132	
7721	745	
7722	49	
7723	256	
7724	588	
7725	215	
7726	366	
7727	302	
7728	481	
7729	30	
7730	353	
7731	62	
7732	48	
7733	179	
7734	537	
7735	643	
7736	248	
7737	614	
7738	205	
7739	41	
7740	923	
7741	576	
7742	681	
7743	959	
7744	621	
7745	918	
7746	752	
7747	79	
7748	394	
7749	413	
7750	202	
7751	123	
7752	905	
7753	293	
7754	540	
7755	423	
7756	893	
7757	657	
7758	277	
7759	251	
7760	928	
7761	347	
7762	372	
7763	760	
7764	271	
7765	138	
7766	477	
7767	240	
7768	523	
7769	29	
7770	723	
7771	967	
7772	348	
7773	174	
7774	789	
7775	470	
7776	813	
7777	545	
7778	2	
7779	668	
7780	469	
7781	28	
7782	614	
7783	5	
7784	306	
7785	23	
7786	205	
7787	949	
7788	269	
7789	507	
7790	45	
7791	555	
7792	90	
7793	852	
7794	646	
7795	792	
7796	902	
7797	601	
7798	314	
7799	399	
7800	993	
7801	128	
7802	919	
7803	117	
7804	356	
7805	380	
7806	913	
7807	895	
7808	330	
7809	49	
7810	410	
7811	736	
7812	160	
7813	68	
7814	165	
7815	10	
7816	982	
7817	389	
7818	876	
7819	186	
7820	229	
7821	158	
7822	726	
7823	494	
7824	448	
7825	690	
7826	157	
7827	208	
7828	157	
7829	297	
7830	937	
7831	601	
7832	539	
7833	448	
7834	496	
7835	952	
7836	987	
7837	171	
7838	80	
7839	811	
7840	1	
7841	757	
7842	544	
7843	515	
7844	658	
7845	476	
7846	452	
7847	618	
7848	517	
7849	887	
7850	952	
7851	213	
7852	620	
7853	593	
7854	985	
7855	675	
7856	890	
7857	125	
7858	81	
7859	765	
7860	779	
7861	489	
7862	946	
7863	782	
7864	329	
7865	589	
7866	719	
7867	59	
7868	827	
7869	635	
7870	384	
7871	682	
7872	181	
7873	998	
7874	36	
7875	724	
7876	596	
7877	741	
7878	598	
7879	876	
7880	601	
7881	278	
7882	258	
7883	742	
7884	803	
7885	237	
7886	782	
7887	203	
7888	343	
7889	700	
7890	292	
7891	426	
7892	737	
7893	522	
7894	676	
7895	606	
7896	506	
7897	551	
7898	548	
7899	860	
7900	217	
7901	27	
7902	369	
7903	179	
7904	892	
7905	892	
7906	365	
7907	747	
7908	430	
7909	774	
7910	81	
7911	712	
7912	880	
7913	258	
7914	993	
7915	695	
7916	962	
7917	234	
7918	845	
7919	277	
7920	152	
7921	200	
7922	772	
7923	621	
7924	887	
7925	796	
7926	616	
7927	1000	
7928	790	
7929	797	
7930	758	
7931	588	
7932	96	
7933	868	
7934	725	
7935	543	
7936	486	
7937	702	
7938	204	
7939	426	
7940	791	
7941	352	
7942	549	
7943	584	
7944	658	
7945	802	
7946	542	
7947	222	
7948	864	
7949	287	
7950	885	
7951	594	
7952	476	
7953	41	
7954	353	
7955	214	
7956	716	
7957	430	
7958	253	
7959	437	
7960	935	
7961	879	
7962	902	
7963	882	
7964	846	
7965	710	
7966	889	
7967	373	
7968	733	
7969	45	
7970	192	
7971	111	
7972	400	
7973	931	
7974	892	
7975	258	
7976	224	
7977	367	
7978	361	
7979	163	
7980	590	
7981	245	
7982	190	
7983	602	
7984	900	
7985	758	
7986	660	
7987	951	
7988	369	
7989	769	
7990	724	
7991	700	
7992	907	
7993	567	
7994	660	
7995	175	
7996	140	
7997	520	
7998	112	
7999	222	
8000	999	
8001	360	
8002	402	
8003	986	
8004	185	
8005	262	
8006	924	
8007	103	
8008	18	
8009	761	
8010	257	
8011	192	
8012	467	
8013	579	
8014	426	
8015	244	
8016	304	
8017	816	
8018	965	
8019	294	
8020	213	
8021	221	
8022	133	
8023	398	
8024	522	
8025	347	
8026	863	
8027	578	
8028	321	
8029	627	
8030	992	
8031	450	
8032	812	
8033	816	
8034	233	
8035	188	
8036	17	
8037	626	
8038	525	
8039	822	
8040	544	
8041	815	
8042	863	
8043	91	
8044	625	
8045	146	
8046	935	
8047	985	
8048	351	
8049	622	
8050	251	
8051	291	
8052	153	
8053	473	
8054	319	
8055	795	
8056	46	
8057	83	
8058	488	
8059	980	
8060	534	
8061	462	
8062	770	
8063	104	
8064	221	
8065	437	
8066	759	
8067	653	
8068	713	
8069	31	
8070	560	
8071	88	
8072	657	
8073	730	
8074	627	
8075	484	
8076	157	
8077	26	
8078	773	
8079	321	
8080	130	
8081	217	
8082	63	
8083	591	
8084	205	
8085	678	
8086	59	
8087	202	
8088	405	
8089	288	
8090	686	
8091	813	
8092	819	
8093	442	
8094	173	
8095	249	
8096	418	
8097	830	
8098	441	
8099	821	
8100	241	
8101	916	
8102	189	
8103	748	
8104	597	
8105	978	
8106	516	
8107	180	
8108	802	
8109	274	
8110	246	
8111	443	
8112	465	
8113	409	
8114	577	
8115	242	
8116	448	
8117	436	
8118	305	
8119	692	
8120	559	
8121	658	
8122	714	
8123	29	
8124	119	
8125	239	
8126	50	
8127	556	
8128	91	
8129	364	
8130	658	
8131	547	
8132	600	
8133	474	
8134	555	
8135	819	
8136	806	
8137	766	
8138	891	
8139	835	
8140	222	
8141	179	
8142	591	
8143	816	
8144	491	
8145	285	
8146	976	
8147	419	
8148	19	
8149	690	
8150	616	
8151	904	
8152	245	
8153	521	
8154	844	
8155	635	
8156	147	
8157	428	
8158	985	
8159	626	
8160	167	
8161	791	
8162	536	
8163	392	
8164	447	
8165	640	
8166	980	
8167	389	
8168	242	
8169	119	
8170	568	
8171	360	
8172	969	
8173	541	
8174	867	
8175	663	
8176	737	
8177	638	
8178	461	
8179	459	
8180	886	
8181	56	
8182	817	
8183	935	
8184	223	
8185	844	
8186	299	
8187	847	
8188	326	
8189	938	
8190	753	
8191	403	
8192	934	
8193	62	
8194	60	
8195	3	
8196	557	
8197	775	
8198	525	
8199	26	
8200	505	
8201	164	
8202	626	
8203	116	
8204	485	
8205	751	
8206	752	
8207	425	
8208	114	
8209	428	
8210	336	
8211	762	
8212	128	
8213	840	
8214	308	
8215	81	
8216	788	
8217	155	
8218	456	
8219	859	
8220	777	
8221	224	
8222	467	
8223	150	
8224	666	
8225	482	
8226	325	
8227	821	
8228	219	
8229	535	
8230	904	
8231	449	
8232	92	
8233	742	
8234	1	
8235	903	
8236	936	
8237	194	
8238	847	
8239	126	
8240	640	
8241	494	
8242	952	
8243	239	
8244	722	
8245	776	
8246	896	
8247	85	
8248	197	
8249	784	
8250	898	
8251	701	
8252	436	
8253	543	
8254	446	
8255	564	
8256	209	
8257	939	
8258	524	
8259	749	
8260	577	
8261	135	
8262	981	
8263	170	
8264	339	
8265	517	
8266	415	
8267	568	
8268	450	
8269	557	
8270	415	
8271	541	
8272	600	
8273	309	
8274	158	
8275	803	
8276	51	
8277	280	
8278	173	
8279	116	
8280	2	
8281	897	
8282	147	
8283	301	
8284	806	
8285	247	
8286	4	
8287	869	
8288	491	
8289	936	
8290	673	
8291	981	
8292	198	
8293	288	
8294	500	
8295	399	
8296	854	
8297	704	
8298	378	
8299	120	
8300	964	
8301	113	
8302	449	
8303	95	
8304	581	
8305	584	
8306	529	
8307	990	
8308	572	
8309	370	
8310	397	
8311	894	
8312	354	
8313	974	
8314	240	
8315	116	
8316	16	
8317	992	
8318	730	
8319	640	
8320	641	
8321	297	
8322	475	
8323	842	
8324	483	
8325	642	
8326	652	
8327	390	
8328	636	
8329	768	
8330	114	
8331	326	
8332	94	
8333	390	
8334	644	
8335	20	
8336	325	
8337	720	
8338	346	
8339	567	
8340	445	
8341	732	
8342	814	
8343	434	
8344	166	
8345	913	
8346	180	
8347	362	
8348	690	
8349	97	
8350	107	
8351	894	
8352	851	
8353	432	
8354	875	
8355	743	
8356	871	
8357	244	
8358	798	
8359	879	
8360	278	
8361	268	
8362	337	
8363	188	
8364	511	
8365	331	
8366	530	
8367	851	
8368	232	
8369	589	
8370	537	
8371	927	
8372	669	
8373	766	
8374	776	
8375	1	
8376	534	
8377	375	
8378	797	
8379	175	
8380	123	
8381	282	
8382	965	
8383	735	
8384	784	
8385	99	
8386	632	
8387	898	
8388	667	
8389	863	
8390	97	
8391	667	
8392	315	
8393	678	
8394	285	
8395	63	
8396	472	
8397	609	
8398	728	
8399	229	
8400	287	
8401	638	
8402	533	
8403	389	
8404	597	
8405	889	
8406	301	
8407	730	
8408	777	
8409	779	
8410	316	
8411	610	
8412	92	
8413	261	
8414	328	
8415	450	
8416	617	
8417	906	
8418	219	
8419	452	
8420	71	
8421	218	
8422	406	
8423	818	
8424	548	
8425	163	
8426	30	
8427	730	
8428	833	
8429	88	
8430	505	
8431	217	
8432	138	
8433	724	
8434	743	
8435	250	
8436	245	
8437	397	
8438	946	
8439	54	
8440	336	
8441	59	
8442	400	
8443	35	
8444	740	
8445	536	
8446	942	
8447	448	
8448	158	
8449	311	
8450	516	
8451	676	
8452	586	
8453	422	
8454	85	
8455	771	
8456	976	
8457	822	
8458	397	
8459	867	
8460	401	
8461	719	
8462	851	
8463	225	
8464	849	
8465	926	
8466	582	
8467	614	
8468	276	
8469	537	
8470	258	
8471	853	
8472	338	
8473	944	
8474	890	
8475	956	
8476	28	
8477	227	
8478	636	
8479	584	
8480	526	
8481	472	
8482	770	
8483	915	
8484	821	
8485	147	
8486	69	
8487	720	
8488	185	
8489	341	
8490	386	
8491	402	
8492	721	
8493	183	
8494	967	
8495	850	
8496	803	
8497	854	
8498	67	
8499	24	
8500	139	
8501	606	
8502	59	
8503	351	
8504	320	
8505	729	
8506	617	
8507	579	
8508	980	
8509	399	
8510	93	
8511	755	
8512	42	
8513	781	
8514	230	
8515	313	
8516	16	
8517	888	
8518	855	
8519	190	
8520	452	
8521	408	
8522	564	
8523	473	
8524	361	
8525	608	
8526	412	
8527	279	
8528	281	
8529	745	
8530	670	
8531	65	
8532	225	
8533	900	
8534	126	
8535	443	
8536	210	
8537	487	
8538	727	
8539	352	
8540	363	
8541	596	
8542	327	
8543	865	
8544	26	
8545	303	
8546	576	
8547	581	
8548	778	
8549	550	
8550	395	
8551	599	
8552	780	
8553	89	
8554	428	
8555	533	
8556	408	
8557	89	
8558	115	
8559	61	
8560	890	
8561	490	
8562	847	
8563	816	
8564	535	
8565	818	
8566	362	
8567	65	
8568	39	
8569	17	
8570	665	
8571	876	
8572	522	
8573	105	
8574	275	
8575	889	
8576	269	
8577	126	
8578	727	
8579	200	
8580	84	
8581	645	
8582	200	
8583	659	
8584	303	
8585	925	
8586	858	
8587	849	
8588	991	
8589	770	
8590	347	
8591	223	
8592	263	
8593	311	
8594	605	
8595	335	
8596	957	
8597	105	
8598	536	
8599	754	
8600	696	
8601	177	
8602	570	
8603	855	
8604	361	
8605	671	
8606	104	
8607	612	
8608	364	
8609	865	
8610	396	
8611	121	
8612	134	
8613	292	
8614	119	
8615	810	
8616	254	
8617	679	
8618	301	
8619	539	
8620	301	
8621	653	
8622	614	
8623	219	
8624	16	
8625	905	
8626	208	
8627	227	
8628	458	
8629	481	
8630	632	
8631	134	
8632	700	
8633	4	
8634	488	
8635	185	
8636	815	
8637	230	
8638	31	
8639	273	
8640	830	
8641	953	
8642	126	
8643	625	
8644	879	
8645	948	
8646	319	
8647	395	
8648	904	
8649	309	
8650	222	
8651	428	
8652	531	
8653	552	
8654	97	
8655	922	
8656	620	
8657	303	
8658	386	
8659	663	
8660	895	
8661	241	
8662	873	
8663	301	
8664	596	
8665	525	
8666	643	
8667	729	
8668	717	
8669	741	
8670	344	
8671	777	
8672	140	
8673	262	
8674	670	
8675	16	
8676	703	
8677	932	
8678	481	
8679	679	
8680	590	
8681	536	
8682	588	
8683	971	
8684	833	
8685	267	
8686	375	
8687	459	
8688	244	
8689	538	
8690	40	
8691	473	
8692	972	
8693	177	
8694	436	
8695	190	
8696	848	
8697	810	
8698	21	
8699	879	
8700	923	
8701	453	
8702	210	
8703	108	
8704	262	
8705	863	
8706	92	
8707	597	
8708	128	
8709	277	
8710	605	
8711	85	
8712	295	
8713	943	
8714	905	
8715	337	
8716	670	
8717	71	
8718	982	
8719	912	
8720	631	
8721	921	
8722	989	
8723	225	
8724	928	
8725	707	
8726	704	
8727	729	
8728	704	
8729	196	
8730	972	
8731	861	
8732	464	
8733	966	
8734	766	
8735	474	
8736	451	
8737	941	
8738	135	
8739	489	
8740	72	
8741	783	
8742	490	
8743	742	
8744	741	
8745	883	
8746	930	
8747	46	
8748	659	
8749	812	
8750	415	
8751	734	
8752	582	
8753	350	
8754	959	
8755	617	
8756	972	
8757	797	
8758	158	
8759	440	
8760	267	
8761	170	
8762	864	
8763	521	
8764	556	
8765	911	
8766	396	
8767	194	
8768	788	
8769	911	
8770	744	
8771	484	
8772	863	
8773	745	
8774	905	
8775	658	
8776	85	
8777	476	
8778	74	
8779	337	
8780	392	
8781	818	
8782	465	
8783	280	
8784	361	
8785	998	
8786	983	
8787	663	
8788	495	
8789	31	
8790	398	
8791	57	
8792	889	
8793	117	
8794	810	
8795	755	
8796	465	
8797	897	
8798	755	
8799	964	
8800	33	
8801	510	
8802	903	
8803	333	
8804	791	
8805	428	
8806	649	
8807	624	
8808	10	
8809	561	
8810	47	
8811	875	
8812	100	
8813	824	
8814	989	
8815	340	
8816	183	
8817	692	
8818	980	
8819	859	
8820	682	
8821	419	
8822	615	
8823	956	
8824	67	
8825	381	
8826	250	
8827	660	
8828	741	
8829	307	
8830	467	
8831	625	
8832	281	
8833	906	
8834	35	
8835	189	
8836	398	
8837	616	
8838	196	
8839	977	
8840	482	
8841	467	
8842	81	
8843	347	
8844	415	
8845	759	
8846	178	
8847	898	
8848	913	
8849	294	
8850	87	
8851	958	
8852	141	
8853	223	
8854	738	
8855	603	
8856	657	
8857	833	
8858	152	
8859	708	
8860	208	
8861	478	
8862	678	
8863	897	
8864	405	
8865	91	
8866	669	
8867	251	
8868	580	
8869	668	
8870	871	
8871	621	
8872	310	
8873	730	
8874	57	
8875	698	
8876	691	
8877	494	
8878	450	
8879	147	
8880	375	
8881	196	
8882	544	
8883	656	
8884	799	
8885	595	
8886	79	
8887	499	
8888	947	
8889	762	
8890	67	
8891	906	
8892	139	
8893	322	
8894	274	
8895	620	
8896	236	
8897	928	
8898	716	
8899	144	
8900	930	
8901	193	
8902	493	
8903	19	
8904	197	
8905	501	
8906	543	
8907	88	
8908	46	
8909	806	
8910	890	
8911	359	
8912	872	
8913	72	
8914	662	
8915	784	
8916	305	
8917	232	
8918	301	
8919	815	
8920	992	
8921	615	
8922	507	
8923	800	
8924	654	
8925	214	
8926	911	
8927	777	
8928	71	
8929	721	
8930	849	
8931	684	
8932	360	
8933	630	
8934	556	
8935	988	
8936	304	
8937	629	
8938	803	
8939	117	
8940	217	
8941	190	
8942	973	
8943	486	
8944	973	
8945	352	
8946	130	
8947	471	
8948	691	
8949	590	
8950	597	
8951	157	
8952	921	
8953	713	
8954	530	
8955	211	
8956	665	
8957	611	
8958	7	
8959	449	
8960	734	
8961	31	
8962	12	
8963	782	
8964	397	
8965	396	
8966	692	
8967	511	
8968	887	
8969	297	
8970	604	
8971	552	
8972	19	
8973	464	
8974	529	
8975	503	
8976	853	
8977	44	
8978	212	
8979	269	
8980	764	
8981	956	
8982	774	
8983	318	
8984	741	
8985	168	
8986	526	
8987	366	
8988	323	
8989	113	
8990	752	
8991	659	
8992	608	
8993	474	
8994	732	
8995	743	
8996	154	
8997	939	
8998	799	
8999	413	
9000	793	
9001	282	
9002	459	
9003	729	
9004	373	
9005	50	
9006	583	
9007	778	
9008	314	
9009	445	
9010	227	
9011	489	
9012	485	
9013	547	
9014	962	
9015	929	
9016	821	
9017	771	
9018	95	
9019	158	
9020	917	
9021	383	
9022	818	
9023	968	
9024	526	
9025	954	
9026	290	
9027	879	
9028	799	
9029	410	
9030	19	
9031	350	
9032	55	
9033	416	
9034	607	
9035	49	
9036	294	
9037	644	
9038	150	
9039	353	
9040	241	
9041	131	
9042	168	
9043	44	
9044	885	
9045	699	
9046	222	
9047	31	
9048	521	
9049	91	
9050	254	
9051	694	
9052	550	
9053	853	
9054	198	
9055	328	
9056	920	
9057	102	
9058	614	
9059	445	
9060	587	
9061	954	
9062	176	
9063	657	
9064	24	
9065	610	
9066	969	
9067	608	
9068	95	
9069	143	
9070	7	
9071	74	
9072	805	
9073	86	
9074	410	
9075	662	
9076	621	
9077	195	
9078	381	
9079	552	
9080	496	
9081	424	
9082	187	
9083	140	
9084	975	
9085	581	
9086	140	
9087	258	
9088	885	
9089	575	
9090	975	
9091	378	
9092	215	
9093	443	
9094	455	
9095	407	
9096	437	
9097	961	
9098	769	
9099	926	
9100	848	
9101	371	
9102	905	
9103	53	
9104	740	
9105	925	
9106	450	
9107	14	
9108	717	
9109	228	
9110	165	
9111	755	
9112	859	
9113	881	
9114	222	
9115	793	
9116	927	
9117	549	
9118	459	
9119	879	
9120	270	
9121	612	
9122	358	
9123	645	
9124	27	
9125	644	
9126	304	
9127	136	
9128	726	
9129	484	
9130	254	
9131	642	
9132	465	
9133	887	
9134	166	
9135	627	
9136	70	
9137	496	
9138	200	
9139	589	
9140	292	
9141	902	
9142	150	
9143	489	
9144	953	
9145	759	
9146	814	
9147	644	
9148	952	
9149	814	
9150	652	
9151	502	
9152	98	
9153	270	
9154	626	
9155	976	
9156	838	
9157	134	
9158	123	
9159	187	
9160	906	
9161	396	
9162	145	
9163	365	
9164	929	
9165	540	
9166	419	
9167	340	
9168	868	
9169	689	
9170	491	
9171	402	
9172	483	
9173	128	
9174	489	
9175	809	
9176	692	
9177	745	
9178	699	
9179	382	
9180	799	
9181	39	
9182	31	
9183	953	
9184	538	
9185	805	
9186	773	
9187	568	
9188	24	
9189	936	
9190	511	
9191	800	
9192	10	
9193	433	
9194	233	
9195	6	
9196	552	
9197	394	
9198	27	
9199	784	
9200	446	
9201	38	
9202	844	
9203	46	
9204	994	
9205	490	
9206	270	
9207	460	
9208	505	
9209	576	
9210	943	
9211	783	
9212	783	
9213	1	
9214	11	
9215	221	
9216	910	
9217	672	
9218	556	
9219	408	
9220	819	
9221	611	
9222	428	
9223	281	
9224	910	
9225	547	
9226	599	
9227	398	
9228	440	
9229	920	
9230	52	
9231	942	
9232	700	
9233	471	
9234	554	
9235	521	
9236	784	
9237	670	
9238	125	
9239	562	
9240	155	
9241	604	
9242	728	
9243	126	
9244	54	
9245	707	
9246	369	
9247	965	
9248	365	
9249	496	
9250	578	
9251	94	
9252	573	
9253	775	
9254	212	
9255	20	
9256	813	
9257	457	
9258	499	
9259	805	
9260	158	
9261	935	
9262	39	
9263	262	
9264	421	
9265	797	
9266	582	
9267	866	
9268	262	
9269	538	
9270	469	
9271	26	
9272	560	
9273	444	
9274	766	
9275	876	
9276	725	
9277	430	
9278	761	
9279	799	
9280	424	
9281	132	
9282	149	
9283	978	
9284	470	
9285	955	
9286	908	
9287	138	
9288	320	
9289	763	
9290	236	
9291	10	
9292	789	
9293	22	
9294	923	
9295	290	
9296	818	
9297	864	
9298	760	
9299	114	
9300	683	
9301	406	
9302	766	
9303	13	
9304	80	
9305	553	
9306	378	
9307	865	
9308	675	
9309	242	
9310	154	
9311	99	
9312	886	
9313	517	
9314	77	
9315	933	
9316	136	
9317	936	
9318	823	
9319	570	
9320	390	
9321	378	
9322	987	
9323	302	
9324	715	
9325	646	
9326	985	
9327	392	
9328	242	
9329	167	
9330	616	
9331	336	
9332	576	
9333	892	
9334	818	
9335	819	
9336	173	
9337	811	
9338	20	
9339	92	
9340	145	
9341	575	
9342	412	
9343	179	
9344	841	
9345	315	
9346	179	
9347	495	
9348	704	
9349	846	
9350	83	
9351	997	
9352	928	
9353	518	
9354	552	
9355	552	
9356	793	
9357	47	
9358	232	
9359	272	
9360	998	
9361	4	
9362	349	
9363	534	
9364	613	
9365	338	
9366	87	
9367	323	
9368	197	
9369	569	
9370	835	
9371	494	
9372	479	
9373	636	
9374	961	
9375	724	
9376	342	
9377	829	
9378	127	
9379	920	
9380	257	
9381	324	
9382	193	
9383	106	
9384	518	
9385	255	
9386	242	
9387	153	
9388	78	
9389	584	
9390	474	
9391	283	
9392	246	
9393	140	
9394	831	
9395	561	
9396	153	
9397	616	
9398	461	
9399	830	
9400	192	
9401	708	
9402	713	
9403	566	
9404	428	
9405	441	
9406	303	
9407	985	
9408	8	
9409	124	
9410	489	
9411	151	
9412	177	
9413	731	
9414	184	
9415	530	
9416	887	
9417	980	
9418	570	
9419	737	
9420	59	
9421	698	
9422	580	
9423	353	
9424	169	
9425	737	
9426	55	
9427	28	
9428	405	
9429	615	
9430	814	
9431	452	
9432	215	
9433	915	
9434	659	
9435	253	
9436	721	
9437	352	
9438	638	
9439	440	
9440	165	
9441	872	
9442	808	
9443	940	
9444	649	
9445	138	
9446	105	
9447	453	
9448	228	
9449	486	
9450	496	
9451	287	
9452	968	
9453	189	
9454	441	
9455	826	
9456	168	
9457	715	
9458	365	
9459	509	
9460	737	
9461	863	
9462	527	
9463	884	
9464	346	
9465	159	
9466	35	
9467	99	
9468	5	
9469	630	
9470	376	
9471	810	
9472	917	
9473	296	
9474	4	
9475	753	
9476	544	
9477	474	
9478	476	
9479	315	
9480	317	
9481	956	
9482	755	
9483	572	
9484	188	
9485	240	
9486	639	
9487	861	
9488	794	
9489	978	
9490	377	
9491	268	
9492	956	
9493	599	
9494	643	
9495	742	
9496	736	
9497	904	
9498	105	
9499	607	
9500	481	
9501	270	
9502	219	
9503	550	
9504	474	
9505	733	
9506	391	
9507	412	
9508	39	
9509	579	
9510	64	
9511	187	
9512	65	
9513	167	
9514	227	
9515	840	
9516	576	
9517	636	
9518	583	
9519	506	
9520	824	
9521	13	
9522	682	
9523	243	
9524	151	
9525	520	
9526	504	
9527	628	
9528	498	
9529	645	
9530	389	
9531	274	
9532	965	
9533	150	
9534	799	
9535	445	
9536	442	
9537	862	
9538	599	
9539	365	
9540	790	
9541	524	
9542	870	
9543	117	
9544	281	
9545	7	
9546	34	
9547	130	
9548	916	
9549	904	
9550	416	
9551	571	
9552	722	
9553	53	
9554	297	
9555	288	
9556	201	
9557	674	
9558	23	
9559	692	
9560	984	
9561	303	
9562	798	
9563	772	
9564	512	
9565	207	
9566	293	
9567	759	
9568	925	
9569	93	
9570	364	
9571	622	
9572	316	
9573	902	
9574	262	
9575	219	
9576	524	
9577	851	
9578	190	
9579	739	
9580	951	
9581	302	
9582	267	
9583	758	
9584	423	
9585	33	
9586	837	
9587	395	
9588	739	
9589	676	
9590	207	
9591	766	
9592	737	
9593	46	
9594	53	
9595	452	
9596	491	
9597	416	
9598	229	
9599	467	
9600	940	
9601	559	
9602	280	
9603	132	
9604	242	
9605	913	
9606	599	
9607	835	
9608	99	
9609	204	
9610	119	
9611	299	
9612	314	
9613	243	
9614	983	
9615	883	
9616	384	
9617	930	
9618	199	
9619	61	
9620	429	
9621	543	
9622	305	
9623	404	
9624	6	
9625	393	
9626	49	
9627	59	
9628	438	
9629	970	
9630	630	
9631	586	
9632	151	
9633	391	
9634	752	
9635	554	
9636	319	
9637	828	
9638	842	
9639	621	
9640	494	
9641	305	
9642	783	
9643	881	
9644	196	
9645	410	
9646	262	
9647	427	
9648	541	
9649	656	
9650	503	
9651	566	
9652	862	
9653	323	
9654	101	
9655	587	
9656	871	
9657	513	
9658	803	
9659	352	
9660	8	
9661	309	
9662	889	
9663	468	
9664	998	
9665	235	
9666	639	
9667	214	
9668	197	
9669	664	
9670	590	
9671	370	
9672	788	
9673	892	
9674	772	
9675	197	
9676	582	
9677	649	
9678	797	
9679	166	
9680	885	
9681	458	
9682	948	
9683	333	
9684	311	
9685	399	
9686	882	
9687	950	
9688	875	
9689	669	
9690	531	
9691	700	
9692	546	
9693	360	
9694	198	
9695	712	
9696	960	
9697	587	
9698	379	
9699	881	
9700	97	
9701	356	
9702	276	
9703	970	
9704	214	
9705	922	
9706	614	
9707	825	
9708	264	
9709	904	
9710	647	
9711	716	
9712	137	
9713	753	
9714	583	
9715	35	
9716	96	
9717	411	
9718	617	
9719	899	
9720	979	
9721	822	
9722	584	
9723	527	
9724	675	
9725	692	
9726	188	
9727	286	
9728	269	
9729	904	
9730	341	
9731	370	
9732	230	
9733	609	
9734	28	
9735	812	
9736	500	
9737	982	
9738	582	
9739	227	
9740	489	
9741	648	
9742	258	
9743	228	
9744	552	
9745	237	
9746	96	
9747	312	
9748	808	
9749	273	
9750	745	
9751	419	
9752	70	
9753	12	
9754	243	
9755	432	
9756	284	
9757	337	
9758	836	
9759	560	
9760	535	
9761	106	
9762	596	
9763	434	
9764	290	
9765	359	
9766	333	
9767	170	
9768	605	
9769	422	
9770	580	
9771	211	
9772	154	
9773	689	
9774	895	
9775	110	
9776	532	
9777	949	
9778	942	
9779	515	
9780	968	
9781	967	
9782	179	
9783	965	
9784	445	
9785	782	
9786	532	
9787	56	
9788	237	
9789	710	
9790	686	
9791	948	
9792	683	
9793	161	
9794	33	
9795	192	
9796	637	
9797	37	
9798	80	
9799	129	
9800	778	
9801	178	
9802	831	
9803	131	
9804	626	
9805	19	
9806	493	
9807	956	
9808	434	
9809	914	
9810	665	
9811	845	
9812	959	
9813	445	
9814	215	
9815	442	
9816	736	
9817	333	
9818	186	
9819	79	
9820	701	
9821	20	
9822	521	
9823	122	
9824	116	
9825	412	
9826	251	
9827	198	
9828	329	
9829	156	
9830	397	
9831	91	
9832	874	
9833	260	
9834	128	
9835	457	
9836	59	
9837	853	
9838	77	
9839	620	
9840	717	
9841	323	
9842	315	
9843	622	
9844	214	
9845	845	
9846	116	
9847	330	
9848	918	
9849	937	
9850	238	
9851	668	
9852	165	
9853	250	
9854	765	
9855	836	
9856	824	
9857	284	
9858	964	
9859	690	
9860	523	
9861	804	
9862	515	
9863	640	
9864	942	
9865	626	
9866	863	
9867	101	
9868	794	
9869	248	
9870	270	
9871	494	
9872	331	
9873	353	
9874	66	
9875	949	
9876	381	
9877	909	
9878	851	
9879	428	
9880	120	
9881	393	
9882	623	
9883	840	
9884	349	
9885	449	
9886	36	
9887	248	
9888	960	
9889	896	
9890	657	
9891	188	
9892	934	
9893	756	
9894	138	
9895	456	
9896	310	
9897	92	
9898	283	
9899	928	
9900	154	
9901	315	
9902	298	
9903	651	
9904	36	
9905	172	
9906	631	
9907	459	
9908	219	
9909	381	
9910	92	
9911	809	
9912	397	
9913	382	
9914	126	
9915	786	
9916	100	
9917	297	
9918	660	
9919	334	
9920	539	
9921	889	
9922	765	
9923	517	
9924	56	
9925	741	
9926	428	
9927	658	
9928	993	
9929	259	
9930	757	
9931	546	
9932	609	
9933	479	
9934	670	
9935	235	
9936	809	
9937	635	
9938	57	
9939	799	
9940	57	
9941	662	
9942	534	
9943	792	
9944	70	
9945	800	
9946	867	
9947	763	
9948	75	
9949	697	
9950	701	
9951	927	
9952	778	
9953	807	
9954	262	
9955	981	
9956	906	
9957	726	
9958	543	
9959	7	
9960	368	
9961	127	
9962	260	
9963	586	
9964	799	
9965	643	
9966	309	
9967	246	
9968	794	
9969	415	
9970	793	
9971	906	
9972	806	
9973	264	
9974	18	
9975	18	
9976	27	
9977	118	
9978	421	
9979	947	
9980	458	
9981	42	
9982	713	
9983	707	
9984	677	
9985	801	
9986	309	
9987	507	
9988	259	
9989	416	
9990	804	
9991	662	
9992	699	
9993	735	
9994	2	
9995	377	
9996	886	
9997	737	
9998	757	
9999	995	
10000	535	
199351
