10000
1	6	
2	4	
3	4	
4	1	
5	8	
6	2	
7	7	
8	6	
9	9	
10	8	
11	2	
12	7	
13	10	
14	10	
15	3	
16	1	
17	3	
18	4	
19	9	
20	6	
21	5	
22	6	
23	8	
24	7	
25	9	
26	10	
27	2	
28	8	
29	10	
30	9	
31	4	
32	4	
33	6	
34	1	
35	6	
36	1	
37	4	
38	3	
39	8	
40	7	
41	3	
42	10	
43	4	
44	10	
45	3	
46	5	
47	4	
48	8	
49	5	
50	8	
51	7	
52	8	
53	7	
54	2	
55	5	
56	8	
57	3	
58	9	
59	6	
60	2	
61	1	
62	1	
63	6	
64	1	
65	10	
66	6	
67	7	
68	3	
69	6	
70	4	
71	6	
72	2	
73	2	
74	7	
75	4	
76	1	
77	9	
78	7	
79	3	
80	7	
81	4	
82	4	
83	9	
84	10	
85	10	
86	2	
87	2	
88	10	
89	2	
90	7	
91	7	
92	9	
93	3	
94	8	
95	6	
96	1	
97	9	
98	1	
99	4	
100	2	
101	1	
102	6	
103	6	
104	10	
105	7	
106	10	
107	1	
108	3	
109	7	
110	7	
111	3	
112	9	
113	3	
114	3	
115	3	
116	9	
117	5	
118	9	
119	7	
120	3	
121	2	
122	7	
123	8	
124	7	
125	3	
126	7	
127	10	
128	8	
129	1	
130	1	
131	6	
132	7	
133	9	
134	10	
135	5	
136	8	
137	5	
138	1	
139	10	
140	2	
141	7	
142	1	
143	1	
144	1	
145	7	
146	8	
147	8	
148	5	
149	5	
150	10	
151	9	
152	9	
153	2	
154	10	
155	2	
156	8	
157	2	
158	1	
159	8	
160	5	
161	7	
162	5	
163	4	
164	2	
165	7	
166	4	
167	9	
168	6	
169	10	
170	1	
171	1	
172	10	
173	5	
174	2	
175	9	
176	1	
177	4	
178	5	
179	6	
180	10	
181	5	
182	5	
183	10	
184	4	
185	1	
186	5	
187	4	
188	7	
189	4	
190	1	
191	10	
192	1	
193	6	
194	8	
195	1	
196	4	
197	6	
198	6	
199	3	
200	1	
201	1	
202	7	
203	3	
204	7	
205	3	
206	5	
207	4	
208	4	
209	3	
210	5	
211	2	
212	10	
213	9	
214	1	
215	4	
216	9	
217	2	
218	4	
219	3	
220	6	
221	4	
222	9	
223	3	
224	10	
225	4	
226	10	
227	3	
228	9	
229	9	
230	1	
231	9	
232	10	
233	1	
234	6	
235	1	
236	6	
237	1	
238	1	
239	5	
240	5	
241	5	
242	3	
243	7	
244	3	
245	8	
246	1	
247	10	
248	8	
249	10	
250	10	
251	7	
252	3	
253	1	
254	2	
255	1	
256	3	
257	10	
258	4	
259	5	
260	3	
261	1	
262	3	
263	7	
264	7	
265	5	
266	2	
267	2	
268	2	
269	9	
270	5	
271	10	
272	9	
273	6	
274	3	
275	3	
276	4	
277	7	
278	10	
279	7	
280	10	
281	3	
282	4	
283	3	
284	3	
285	2	
286	7	
287	9	
288	7	
289	7	
290	1	
291	4	
292	4	
293	4	
294	10	
295	1	
296	5	
297	8	
298	2	
299	2	
300	2	
301	6	
302	9	
303	8	
304	1	
305	7	
306	2	
307	7	
308	9	
309	8	
310	5	
311	10	
312	2	
313	6	
314	6	
315	8	
316	2	
317	9	
318	1	
319	4	
320	3	
321	2	
322	3	
323	6	
324	6	
325	5	
326	5	
327	10	
328	9	
329	4	
330	5	
331	10	
332	5	
333	7	
334	10	
335	2	
336	5	
337	5	
338	7	
339	4	
340	6	
341	5	
342	2	
343	4	
344	2	
345	2	
346	9	
347	10	
348	10	
349	5	
350	1	
351	4	
352	8	
353	4	
354	4	
355	10	
356	7	
357	7	
358	9	
359	9	
360	8	
361	2	
362	7	
363	1	
364	8	
365	4	
366	1	
367	3	
368	4	
369	1	
370	5	
371	2	
372	8	
373	8	
374	6	
375	6	
376	3	
377	5	
378	6	
379	8	
380	7	
381	7	
382	5	
383	4	
384	3	
385	1	
386	9	
387	1	
388	8	
389	8	
390	8	
391	9	
392	9	
393	3	
394	10	
395	6	
396	7	
397	10	
398	2	
399	8	
400	5	
401	8	
402	5	
403	2	
404	3	
405	6	
406	10	
407	8	
408	10	
409	8	
410	8	
411	9	
412	1	
413	3	
414	5	
415	5	
416	4	
417	1	
418	8	
419	6	
420	2	
421	9	
422	1	
423	3	
424	10	
425	10	
426	5	
427	8	
428	4	
429	8	
430	2	
431	3	
432	6	
433	10	
434	3	
435	9	
436	9	
437	8	
438	10	
439	6	
440	3	
441	8	
442	10	
443	2	
444	4	
445	5	
446	2	
447	7	
448	1	
449	5	
450	3	
451	7	
452	7	
453	9	
454	5	
455	10	
456	4	
457	5	
458	6	
459	7	
460	8	
461	9	
462	2	
463	9	
464	6	
465	2	
466	8	
467	10	
468	6	
469	2	
470	5	
471	6	
472	1	
473	6	
474	10	
475	10	
476	3	
477	1	
478	10	
479	3	
480	3	
481	5	
482	5	
483	9	
484	2	
485	5	
486	5	
487	10	
488	8	
489	9	
490	1	
491	1	
492	3	
493	7	
494	1	
495	1	
496	8	
497	9	
498	3	
499	2	
500	2	
501	9	
502	10	
503	5	
504	5	
505	5	
506	7	
507	7	
508	7	
509	7	
510	3	
511	10	
512	8	
513	4	
514	8	
515	1	
516	10	
517	6	
518	1	
519	5	
520	4	
521	5	
522	1	
523	10	
524	4	
525	5	
526	4	
527	7	
528	2	
529	7	
530	9	
531	7	
532	6	
533	4	
534	9	
535	3	
536	4	
537	1	
538	10	
539	10	
540	10	
541	3	
542	6	
543	5	
544	4	
545	10	
546	10	
547	9	
548	6	
549	8	
550	8	
551	8	
552	3	
553	1	
554	5	
555	7	
556	9	
557	6	
558	7	
559	8	
560	7	
561	5	
562	5	
563	6	
564	6	
565	10	
566	3	
567	5	
568	5	
569	5	
570	7	
571	2	
572	9	
573	6	
574	10	
575	5	
576	3	
577	7	
578	7	
579	7	
580	10	
581	2	
582	9	
583	9	
584	10	
585	3	
586	10	
587	2	
588	2	
589	3	
590	7	
591	3	
592	3	
593	2	
594	9	
595	2	
596	9	
597	5	
598	10	
599	8	
600	8	
601	8	
602	5	
603	2	
604	1	
605	10	
606	9	
607	6	
608	1	
609	10	
610	1	
611	8	
612	3	
613	3	
614	6	
615	10	
616	4	
617	7	
618	1	
619	8	
620	4	
621	9	
622	9	
623	7	
624	10	
625	1	
626	7	
627	6	
628	1	
629	8	
630	10	
631	4	
632	4	
633	6	
634	5	
635	6	
636	3	
637	3	
638	8	
639	1	
640	3	
641	10	
642	3	
643	8	
644	8	
645	3	
646	6	
647	1	
648	4	
649	6	
650	10	
651	5	
652	2	
653	10	
654	7	
655	7	
656	6	
657	1	
658	8	
659	10	
660	3	
661	10	
662	1	
663	6	
664	8	
665	8	
666	8	
667	9	
668	9	
669	4	
670	2	
671	9	
672	5	
673	2	
674	9	
675	9	
676	4	
677	1	
678	4	
679	4	
680	8	
681	3	
682	6	
683	2	
684	1	
685	5	
686	10	
687	1	
688	3	
689	4	
690	8	
691	7	
692	10	
693	2	
694	5	
695	9	
696	1	
697	3	
698	1	
699	2	
700	4	
701	3	
702	10	
703	1	
704	2	
705	7	
706	9	
707	6	
708	9	
709	2	
710	7	
711	2	
712	5	
713	4	
714	6	
715	10	
716	6	
717	5	
718	3	
719	2	
720	9	
721	5	
722	9	
723	8	
724	1	
725	8	
726	5	
727	4	
728	8	
729	8	
730	2	
731	3	
732	7	
733	3	
734	10	
735	2	
736	6	
737	1	
738	8	
739	5	
740	6	
741	9	
742	2	
743	3	
744	6	
745	10	
746	5	
747	10	
748	7	
749	10	
750	7	
751	1	
752	9	
753	7	
754	6	
755	1	
756	1	
757	9	
758	9	
759	4	
760	1	
761	9	
762	8	
763	9	
764	3	
765	2	
766	3	
767	10	
768	6	
769	3	
770	5	
771	10	
772	8	
773	7	
774	7	
775	4	
776	1	
777	8	
778	4	
779	5	
780	9	
781	5	
782	3	
783	10	
784	4	
785	4	
786	2	
787	2	
788	10	
789	10	
790	9	
791	9	
792	2	
793	7	
794	6	
795	1	
796	1	
797	4	
798	2	
799	2	
800	4	
801	2	
802	9	
803	1	
804	9	
805	2	
806	7	
807	9	
808	5	
809	1	
810	5	
811	5	
812	5	
813	3	
814	9	
815	2	
816	4	
817	3	
818	9	
819	1	
820	1	
821	7	
822	2	
823	3	
824	8	
825	1	
826	8	
827	8	
828	1	
829	2	
830	6	
831	4	
832	10	
833	7	
834	7	
835	2	
836	7	
837	5	
838	5	
839	3	
840	5	
841	5	
842	1	
843	1	
844	3	
845	5	
846	8	
847	8	
848	4	
849	9	
850	8	
851	6	
852	7	
853	8	
854	9	
855	6	
856	7	
857	8	
858	1	
859	5	
860	6	
861	7	
862	1	
863	3	
864	4	
865	1	
866	6	
867	1	
868	10	
869	1	
870	5	
871	10	
872	2	
873	7	
874	9	
875	4	
876	4	
877	8	
878	5	
879	1	
880	1	
881	5	
882	4	
883	7	
884	2	
885	1	
886	1	
887	9	
888	10	
889	3	
890	4	
891	6	
892	5	
893	6	
894	2	
895	1	
896	7	
897	4	
898	6	
899	3	
900	9	
901	4	
902	10	
903	10	
904	5	
905	2	
906	3	
907	1	
908	5	
909	10	
910	10	
911	3	
912	10	
913	10	
914	10	
915	7	
916	7	
917	5	
918	7	
919	4	
920	3	
921	2	
922	2	
923	6	
924	4	
925	10	
926	4	
927	2	
928	8	
929	3	
930	10	
931	5	
932	1	
933	9	
934	3	
935	7	
936	2	
937	6	
938	8	
939	3	
940	1	
941	5	
942	2	
943	5	
944	1	
945	8	
946	10	
947	6	
948	4	
949	9	
950	7	
951	8	
952	8	
953	10	
954	6	
955	6	
956	2	
957	9	
958	9	
959	10	
960	10	
961	1	
962	1	
963	3	
964	8	
965	9	
966	3	
967	10	
968	8	
969	6	
970	3	
971	6	
972	9	
973	5	
974	4	
975	10	
976	1	
977	10	
978	7	
979	1	
980	1	
981	7	
982	8	
983	7	
984	8	
985	1	
986	6	
987	8	
988	6	
989	10	
990	9	
991	8	
992	2	
993	10	
994	5	
995	10	
996	1	
997	9	
998	7	
999	6	
1000	4	
1001	9	
1002	6	
1003	5	
1004	1	
1005	3	
1006	7	
1007	9	
1008	9	
1009	7	
1010	2	
1011	9	
1012	6	
1013	6	
1014	5	
1015	10	
1016	6	
1017	8	
1018	1	
1019	1	
1020	3	
1021	4	
1022	2	
1023	7	
1024	2	
1025	3	
1026	3	
1027	3	
1028	3	
1029	6	
1030	9	
1031	10	
1032	6	
1033	10	
1034	6	
1035	7	
1036	2	
1037	5	
1038	4	
1039	1	
1040	4	
1041	8	
1042	3	
1043	6	
1044	10	
1045	7	
1046	1	
1047	7	
1048	1	
1049	7	
1050	2	
1051	8	
1052	2	
1053	5	
1054	9	
1055	10	
1056	9	
1057	3	
1058	6	
1059	9	
1060	5	
1061	6	
1062	4	
1063	1	
1064	1	
1065	10	
1066	3	
1067	8	
1068	1	
1069	8	
1070	7	
1071	2	
1072	1	
1073	7	
1074	3	
1075	5	
1076	8	
1077	9	
1078	3	
1079	10	
1080	8	
1081	8	
1082	2	
1083	6	
1084	5	
1085	2	
1086	5	
1087	2	
1088	4	
1089	3	
1090	1	
1091	4	
1092	3	
1093	10	
1094	3	
1095	1	
1096	10	
1097	5	
1098	7	
1099	5	
1100	3	
1101	10	
1102	3	
1103	3	
1104	2	
1105	5	
1106	9	
1107	3	
1108	5	
1109	8	
1110	7	
1111	9	
1112	7	
1113	3	
1114	7	
1115	6	
1116	5	
1117	10	
1118	4	
1119	9	
1120	1	
1121	7	
1122	4	
1123	5	
1124	6	
1125	1	
1126	7	
1127	5	
1128	8	
1129	10	
1130	10	
1131	9	
1132	3	
1133	8	
1134	5	
1135	3	
1136	10	
1137	5	
1138	2	
1139	10	
1140	8	
1141	1	
1142	2	
1143	2	
1144	9	
1145	2	
1146	2	
1147	9	
1148	9	
1149	4	
1150	5	
1151	4	
1152	3	
1153	4	
1154	8	
1155	3	
1156	9	
1157	1	
1158	3	
1159	10	
1160	5	
1161	10	
1162	6	
1163	10	
1164	3	
1165	2	
1166	9	
1167	2	
1168	10	
1169	7	
1170	3	
1171	5	
1172	1	
1173	5	
1174	9	
1175	3	
1176	5	
1177	8	
1178	2	
1179	5	
1180	5	
1181	1	
1182	9	
1183	8	
1184	1	
1185	9	
1186	2	
1187	1	
1188	9	
1189	3	
1190	3	
1191	8	
1192	4	
1193	6	
1194	9	
1195	3	
1196	3	
1197	2	
1198	8	
1199	5	
1200	4	
1201	10	
1202	2	
1203	3	
1204	3	
1205	3	
1206	6	
1207	7	
1208	6	
1209	7	
1210	3	
1211	4	
1212	6	
1213	3	
1214	1	
1215	10	
1216	6	
1217	4	
1218	1	
1219	8	
1220	7	
1221	10	
1222	5	
1223	4	
1224	8	
1225	5	
1226	3	
1227	4	
1228	4	
1229	10	
1230	9	
1231	3	
1232	9	
1233	9	
1234	6	
1235	7	
1236	9	
1237	5	
1238	2	
1239	1	
1240	2	
1241	3	
1242	8	
1243	7	
1244	3	
1245	3	
1246	7	
1247	3	
1248	7	
1249	1	
1250	2	
1251	6	
1252	3	
1253	3	
1254	4	
1255	1	
1256	6	
1257	3	
1258	4	
1259	3	
1260	6	
1261	8	
1262	1	
1263	7	
1264	8	
1265	3	
1266	6	
1267	6	
1268	7	
1269	6	
1270	8	
1271	3	
1272	8	
1273	3	
1274	2	
1275	8	
1276	8	
1277	10	
1278	2	
1279	3	
1280	10	
1281	5	
1282	1	
1283	10	
1284	7	
1285	1	
1286	2	
1287	6	
1288	5	
1289	6	
1290	7	
1291	8	
1292	5	
1293	8	
1294	3	
1295	6	
1296	5	
1297	1	
1298	3	
1299	8	
1300	6	
1301	9	
1302	7	
1303	10	
1304	7	
1305	1	
1306	4	
1307	5	
1308	10	
1309	7	
1310	1	
1311	4	
1312	8	
1313	6	
1314	7	
1315	9	
1316	8	
1317	4	
1318	5	
1319	6	
1320	7	
1321	3	
1322	6	
1323	7	
1324	7	
1325	9	
1326	7	
1327	8	
1328	5	
1329	8	
1330	2	
1331	4	
1332	5	
1333	4	
1334	10	
1335	3	
1336	7	
1337	1	
1338	9	
1339	2	
1340	5	
1341	2	
1342	7	
1343	5	
1344	6	
1345	6	
1346	3	
1347	5	
1348	8	
1349	7	
1350	5	
1351	9	
1352	9	
1353	2	
1354	2	
1355	10	
1356	2	
1357	6	
1358	2	
1359	4	
1360	8	
1361	6	
1362	1	
1363	9	
1364	7	
1365	3	
1366	1	
1367	7	
1368	8	
1369	7	
1370	6	
1371	5	
1372	9	
1373	4	
1374	2	
1375	8	
1376	8	
1377	6	
1378	1	
1379	5	
1380	10	
1381	7	
1382	2	
1383	6	
1384	9	
1385	2	
1386	8	
1387	8	
1388	7	
1389	1	
1390	3	
1391	9	
1392	4	
1393	7	
1394	6	
1395	4	
1396	5	
1397	10	
1398	1	
1399	10	
1400	2	
1401	5	
1402	5	
1403	9	
1404	8	
1405	8	
1406	1	
1407	2	
1408	3	
1409	7	
1410	2	
1411	8	
1412	2	
1413	8	
1414	7	
1415	2	
1416	2	
1417	7	
1418	8	
1419	6	
1420	8	
1421	3	
1422	4	
1423	3	
1424	3	
1425	8	
1426	4	
1427	1	
1428	9	
1429	4	
1430	1	
1431	9	
1432	9	
1433	10	
1434	6	
1435	8	
1436	4	
1437	2	
1438	7	
1439	1	
1440	6	
1441	2	
1442	1	
1443	7	
1444	4	
1445	7	
1446	2	
1447	5	
1448	10	
1449	3	
1450	1	
1451	8	
1452	8	
1453	9	
1454	6	
1455	9	
1456	1	
1457	3	
1458	1	
1459	5	
1460	6	
1461	2	
1462	7	
1463	3	
1464	5	
1465	6	
1466	8	
1467	10	
1468	2	
1469	2	
1470	6	
1471	9	
1472	8	
1473	6	
1474	3	
1475	7	
1476	1	
1477	5	
1478	8	
1479	8	
1480	9	
1481	1	
1482	8	
1483	5	
1484	10	
1485	10	
1486	2	
1487	6	
1488	10	
1489	4	
1490	9	
1491	1	
1492	5	
1493	4	
1494	4	
1495	3	
1496	7	
1497	9	
1498	7	
1499	10	
1500	2	
1501	2	
1502	10	
1503	5	
1504	8	
1505	1	
1506	7	
1507	2	
1508	2	
1509	1	
1510	2	
1511	9	
1512	1	
1513	10	
1514	6	
1515	4	
1516	6	
1517	6	
1518	7	
1519	9	
1520	1	
1521	9	
1522	3	
1523	9	
1524	6	
1525	1	
1526	7	
1527	8	
1528	9	
1529	10	
1530	3	
1531	2	
1532	10	
1533	10	
1534	5	
1535	4	
1536	10	
1537	10	
1538	3	
1539	9	
1540	4	
1541	4	
1542	8	
1543	8	
1544	8	
1545	7	
1546	3	
1547	4	
1548	7	
1549	8	
1550	6	
1551	5	
1552	3	
1553	10	
1554	6	
1555	3	
1556	6	
1557	6	
1558	8	
1559	4	
1560	10	
1561	10	
1562	2	
1563	8	
1564	9	
1565	6	
1566	2	
1567	9	
1568	3	
1569	6	
1570	2	
1571	3	
1572	6	
1573	4	
1574	3	
1575	1	
1576	7	
1577	7	
1578	8	
1579	3	
1580	8	
1581	1	
1582	1	
1583	8	
1584	8	
1585	4	
1586	8	
1587	1	
1588	10	
1589	8	
1590	6	
1591	2	
1592	9	
1593	10	
1594	6	
1595	8	
1596	2	
1597	5	
1598	2	
1599	1	
1600	6	
1601	10	
1602	5	
1603	8	
1604	4	
1605	2	
1606	8	
1607	7	
1608	2	
1609	10	
1610	4	
1611	8	
1612	3	
1613	6	
1614	3	
1615	7	
1616	7	
1617	1	
1618	4	
1619	1	
1620	9	
1621	5	
1622	9	
1623	9	
1624	4	
1625	5	
1626	6	
1627	4	
1628	8	
1629	5	
1630	9	
1631	10	
1632	2	
1633	9	
1634	6	
1635	3	
1636	7	
1637	9	
1638	5	
1639	9	
1640	1	
1641	7	
1642	9	
1643	2	
1644	7	
1645	4	
1646	3	
1647	3	
1648	1	
1649	1	
1650	7	
1651	5	
1652	8	
1653	4	
1654	7	
1655	9	
1656	6	
1657	6	
1658	2	
1659	7	
1660	8	
1661	7	
1662	8	
1663	5	
1664	7	
1665	3	
1666	8	
1667	5	
1668	8	
1669	1	
1670	1	
1671	2	
1672	5	
1673	7	
1674	9	
1675	4	
1676	7	
1677	9	
1678	1	
1679	8	
1680	3	
1681	5	
1682	6	
1683	2	
1684	3	
1685	10	
1686	10	
1687	9	
1688	8	
1689	5	
1690	4	
1691	5	
1692	7	
1693	4	
1694	10	
1695	5	
1696	6	
1697	7	
1698	8	
1699	9	
1700	8	
1701	7	
1702	3	
1703	3	
1704	4	
1705	7	
1706	1	
1707	6	
1708	8	
1709	8	
1710	8	
1711	3	
1712	1	
1713	3	
1714	1	
1715	8	
1716	5	
1717	4	
1718	8	
1719	8	
1720	4	
1721	7	
1722	5	
1723	8	
1724	5	
1725	4	
1726	2	
1727	3	
1728	4	
1729	8	
1730	7	
1731	6	
1732	2	
1733	2	
1734	6	
1735	7	
1736	8	
1737	3	
1738	1	
1739	9	
1740	1	
1741	8	
1742	5	
1743	1	
1744	2	
1745	1	
1746	1	
1747	10	
1748	9	
1749	10	
1750	7	
1751	2	
1752	3	
1753	3	
1754	9	
1755	5	
1756	5	
1757	4	
1758	8	
1759	7	
1760	5	
1761	2	
1762	2	
1763	4	
1764	6	
1765	7	
1766	9	
1767	10	
1768	5	
1769	2	
1770	3	
1771	10	
1772	2	
1773	9	
1774	1	
1775	9	
1776	5	
1777	1	
1778	3	
1779	4	
1780	7	
1781	9	
1782	4	
1783	10	
1784	5	
1785	7	
1786	10	
1787	6	
1788	2	
1789	9	
1790	9	
1791	8	
1792	3	
1793	4	
1794	1	
1795	5	
1796	1	
1797	5	
1798	8	
1799	10	
1800	3	
1801	1	
1802	4	
1803	3	
1804	6	
1805	8	
1806	1	
1807	8	
1808	5	
1809	3	
1810	3	
1811	5	
1812	4	
1813	10	
1814	10	
1815	6	
1816	2	
1817	10	
1818	6	
1819	5	
1820	10	
1821	5	
1822	2	
1823	3	
1824	8	
1825	1	
1826	1	
1827	9	
1828	4	
1829	8	
1830	6	
1831	6	
1832	3	
1833	2	
1834	9	
1835	4	
1836	2	
1837	6	
1838	1	
1839	4	
1840	3	
1841	2	
1842	4	
1843	3	
1844	1	
1845	3	
1846	9	
1847	8	
1848	8	
1849	5	
1850	7	
1851	4	
1852	6	
1853	7	
1854	6	
1855	10	
1856	4	
1857	9	
1858	5	
1859	5	
1860	5	
1861	7	
1862	10	
1863	4	
1864	3	
1865	3	
1866	9	
1867	8	
1868	5	
1869	4	
1870	2	
1871	6	
1872	9	
1873	8	
1874	4	
1875	4	
1876	9	
1877	2	
1878	10	
1879	6	
1880	8	
1881	7	
1882	8	
1883	1	
1884	3	
1885	8	
1886	1	
1887	9	
1888	1	
1889	5	
1890	1	
1891	7	
1892	9	
1893	7	
1894	4	
1895	2	
1896	5	
1897	10	
1898	9	
1899	3	
1900	9	
1901	1	
1902	5	
1903	3	
1904	2	
1905	6	
1906	9	
1907	4	
1908	1	
1909	3	
1910	8	
1911	6	
1912	1	
1913	10	
1914	5	
1915	5	
1916	6	
1917	9	
1918	2	
1919	6	
1920	2	
1921	5	
1922	6	
1923	2	
1924	5	
1925	10	
1926	9	
1927	8	
1928	8	
1929	1	
1930	5	
1931	7	
1932	1	
1933	3	
1934	8	
1935	1	
1936	1	
1937	5	
1938	3	
1939	10	
1940	7	
1941	3	
1942	6	
1943	10	
1944	10	
1945	9	
1946	10	
1947	6	
1948	1	
1949	9	
1950	2	
1951	6	
1952	5	
1953	3	
1954	7	
1955	4	
1956	9	
1957	7	
1958	10	
1959	2	
1960	6	
1961	2	
1962	6	
1963	1	
1964	8	
1965	7	
1966	4	
1967	5	
1968	8	
1969	9	
1970	7	
1971	9	
1972	10	
1973	1	
1974	4	
1975	3	
1976	8	
1977	7	
1978	8	
1979	5	
1980	3	
1981	10	
1982	9	
1983	10	
1984	4	
1985	1	
1986	3	
1987	8	
1988	6	
1989	3	
1990	10	
1991	9	
1992	7	
1993	4	
1994	5	
1995	8	
1996	6	
1997	4	
1998	8	
1999	2	
2000	8	
2001	1	
2002	4	
2003	10	
2004	9	
2005	1	
2006	9	
2007	6	
2008	4	
2009	1	
2010	1	
2011	6	
2012	3	
2013	1	
2014	1	
2015	8	
2016	4	
2017	7	
2018	2	
2019	10	
2020	1	
2021	7	
2022	2	
2023	5	
2024	3	
2025	7	
2026	5	
2027	3	
2028	7	
2029	6	
2030	1	
2031	1	
2032	2	
2033	8	
2034	5	
2035	8	
2036	2	
2037	2	
2038	10	
2039	3	
2040	6	
2041	2	
2042	3	
2043	2	
2044	2	
2045	5	
2046	10	
2047	5	
2048	9	
2049	3	
2050	3	
2051	4	
2052	7	
2053	2	
2054	8	
2055	1	
2056	6	
2057	6	
2058	7	
2059	9	
2060	3	
2061	8	
2062	2	
2063	5	
2064	6	
2065	10	
2066	1	
2067	1	
2068	10	
2069	9	
2070	4	
2071	5	
2072	3	
2073	4	
2074	3	
2075	4	
2076	3	
2077	6	
2078	2	
2079	4	
2080	7	
2081	4	
2082	3	
2083	6	
2084	1	
2085	4	
2086	5	
2087	3	
2088	4	
2089	8	
2090	1	
2091	6	
2092	4	
2093	1	
2094	1	
2095	4	
2096	1	
2097	8	
2098	5	
2099	4	
2100	10	
2101	1	
2102	8	
2103	5	
2104	10	
2105	4	
2106	4	
2107	3	
2108	6	
2109	3	
2110	1	
2111	8	
2112	6	
2113	7	
2114	2	
2115	10	
2116	1	
2117	4	
2118	8	
2119	10	
2120	4	
2121	7	
2122	8	
2123	5	
2124	6	
2125	3	
2126	5	
2127	9	
2128	7	
2129	1	
2130	5	
2131	8	
2132	7	
2133	4	
2134	8	
2135	8	
2136	3	
2137	3	
2138	8	
2139	6	
2140	2	
2141	5	
2142	2	
2143	9	
2144	8	
2145	8	
2146	6	
2147	1	
2148	4	
2149	1	
2150	2	
2151	4	
2152	1	
2153	2	
2154	5	
2155	7	
2156	8	
2157	3	
2158	1	
2159	7	
2160	2	
2161	8	
2162	5	
2163	5	
2164	10	
2165	7	
2166	1	
2167	2	
2168	1	
2169	5	
2170	4	
2171	9	
2172	2	
2173	1	
2174	7	
2175	2	
2176	4	
2177	2	
2178	4	
2179	1	
2180	5	
2181	7	
2182	5	
2183	5	
2184	9	
2185	6	
2186	8	
2187	9	
2188	4	
2189	5	
2190	9	
2191	2	
2192	6	
2193	2	
2194	4	
2195	4	
2196	7	
2197	9	
2198	2	
2199	4	
2200	1	
2201	3	
2202	3	
2203	9	
2204	4	
2205	4	
2206	9	
2207	6	
2208	10	
2209	4	
2210	10	
2211	10	
2212	9	
2213	3	
2214	4	
2215	7	
2216	5	
2217	7	
2218	4	
2219	6	
2220	9	
2221	7	
2222	4	
2223	3	
2224	9	
2225	9	
2226	6	
2227	9	
2228	9	
2229	9	
2230	5	
2231	1	
2232	5	
2233	4	
2234	2	
2235	1	
2236	1	
2237	2	
2238	3	
2239	9	
2240	7	
2241	5	
2242	2	
2243	5	
2244	1	
2245	6	
2246	2	
2247	1	
2248	4	
2249	10	
2250	10	
2251	10	
2252	9	
2253	3	
2254	7	
2255	9	
2256	7	
2257	6	
2258	4	
2259	10	
2260	1	
2261	1	
2262	3	
2263	2	
2264	6	
2265	7	
2266	5	
2267	10	
2268	8	
2269	10	
2270	9	
2271	10	
2272	8	
2273	7	
2274	5	
2275	5	
2276	5	
2277	1	
2278	1	
2279	8	
2280	1	
2281	8	
2282	2	
2283	8	
2284	3	
2285	7	
2286	3	
2287	1	
2288	3	
2289	8	
2290	6	
2291	3	
2292	7	
2293	10	
2294	3	
2295	4	
2296	1	
2297	1	
2298	5	
2299	4	
2300	6	
2301	5	
2302	6	
2303	5	
2304	1	
2305	7	
2306	3	
2307	7	
2308	6	
2309	3	
2310	9	
2311	1	
2312	7	
2313	2	
2314	7	
2315	7	
2316	7	
2317	2	
2318	7	
2319	4	
2320	8	
2321	5	
2322	2	
2323	3	
2324	8	
2325	5	
2326	6	
2327	5	
2328	9	
2329	6	
2330	5	
2331	8	
2332	8	
2333	10	
2334	7	
2335	8	
2336	5	
2337	8	
2338	6	
2339	2	
2340	5	
2341	4	
2342	10	
2343	7	
2344	8	
2345	5	
2346	5	
2347	3	
2348	1	
2349	6	
2350	7	
2351	10	
2352	6	
2353	2	
2354	7	
2355	3	
2356	5	
2357	8	
2358	1	
2359	4	
2360	3	
2361	1	
2362	7	
2363	1	
2364	4	
2365	4	
2366	2	
2367	3	
2368	5	
2369	1	
2370	10	
2371	5	
2372	2	
2373	3	
2374	10	
2375	4	
2376	7	
2377	3	
2378	6	
2379	5	
2380	9	
2381	7	
2382	8	
2383	10	
2384	2	
2385	8	
2386	2	
2387	4	
2388	9	
2389	3	
2390	4	
2391	8	
2392	5	
2393	9	
2394	4	
2395	1	
2396	9	
2397	5	
2398	10	
2399	2	
2400	3	
2401	1	
2402	3	
2403	8	
2404	2	
2405	9	
2406	7	
2407	5	
2408	5	
2409	1	
2410	8	
2411	2	
2412	2	
2413	4	
2414	7	
2415	9	
2416	9	
2417	4	
2418	8	
2419	7	
2420	7	
2421	4	
2422	9	
2423	9	
2424	10	
2425	4	
2426	7	
2427	7	
2428	4	
2429	3	
2430	3	
2431	9	
2432	8	
2433	10	
2434	8	
2435	10	
2436	8	
2437	6	
2438	8	
2439	5	
2440	8	
2441	2	
2442	7	
2443	8	
2444	3	
2445	6	
2446	10	
2447	5	
2448	10	
2449	5	
2450	10	
2451	1	
2452	9	
2453	10	
2454	1	
2455	4	
2456	1	
2457	9	
2458	7	
2459	10	
2460	5	
2461	5	
2462	1	
2463	4	
2464	5	
2465	9	
2466	5	
2467	6	
2468	10	
2469	5	
2470	9	
2471	6	
2472	9	
2473	5	
2474	1	
2475	6	
2476	3	
2477	4	
2478	10	
2479	5	
2480	5	
2481	1	
2482	4	
2483	8	
2484	10	
2485	4	
2486	4	
2487	2	
2488	3	
2489	9	
2490	7	
2491	3	
2492	1	
2493	9	
2494	10	
2495	5	
2496	7	
2497	7	
2498	8	
2499	8	
2500	5	
2501	5	
2502	2	
2503	9	
2504	3	
2505	1	
2506	5	
2507	9	
2508	7	
2509	9	
2510	2	
2511	4	
2512	3	
2513	9	
2514	7	
2515	6	
2516	5	
2517	8	
2518	3	
2519	10	
2520	7	
2521	1	
2522	7	
2523	9	
2524	3	
2525	7	
2526	10	
2527	9	
2528	7	
2529	6	
2530	8	
2531	5	
2532	5	
2533	1	
2534	6	
2535	5	
2536	7	
2537	6	
2538	4	
2539	6	
2540	9	
2541	1	
2542	9	
2543	1	
2544	7	
2545	2	
2546	4	
2547	6	
2548	8	
2549	1	
2550	8	
2551	8	
2552	7	
2553	4	
2554	6	
2555	4	
2556	5	
2557	1	
2558	5	
2559	4	
2560	7	
2561	7	
2562	8	
2563	8	
2564	6	
2565	6	
2566	9	
2567	1	
2568	10	
2569	10	
2570	6	
2571	8	
2572	4	
2573	3	
2574	4	
2575	9	
2576	8	
2577	6	
2578	8	
2579	2	
2580	2	
2581	6	
2582	3	
2583	5	
2584	1	
2585	6	
2586	5	
2587	7	
2588	4	
2589	3	
2590	3	
2591	1	
2592	2	
2593	7	
2594	7	
2595	8	
2596	10	
2597	2	
2598	5	
2599	2	
2600	10	
2601	6	
2602	8	
2603	1	
2604	5	
2605	8	
2606	9	
2607	2	
2608	1	
2609	6	
2610	1	
2611	1	
2612	6	
2613	4	
2614	7	
2615	4	
2616	4	
2617	8	
2618	2	
2619	9	
2620	2	
2621	4	
2622	4	
2623	7	
2624	7	
2625	2	
2626	4	
2627	5	
2628	1	
2629	8	
2630	5	
2631	4	
2632	2	
2633	2	
2634	1	
2635	6	
2636	10	
2637	3	
2638	3	
2639	7	
2640	6	
2641	3	
2642	8	
2643	5	
2644	3	
2645	3	
2646	6	
2647	5	
2648	4	
2649	1	
2650	8	
2651	6	
2652	3	
2653	6	
2654	5	
2655	2	
2656	8	
2657	7	
2658	4	
2659	8	
2660	9	
2661	5	
2662	10	
2663	2	
2664	7	
2665	3	
2666	10	
2667	2	
2668	8	
2669	7	
2670	7	
2671	7	
2672	4	
2673	10	
2674	4	
2675	10	
2676	8	
2677	4	
2678	8	
2679	10	
2680	9	
2681	9	
2682	8	
2683	7	
2684	9	
2685	6	
2686	8	
2687	5	
2688	4	
2689	2	
2690	5	
2691	4	
2692	2	
2693	3	
2694	8	
2695	5	
2696	5	
2697	3	
2698	5	
2699	10	
2700	10	
2701	2	
2702	3	
2703	2	
2704	2	
2705	8	
2706	1	
2707	1	
2708	3	
2709	8	
2710	3	
2711	8	
2712	10	
2713	9	
2714	7	
2715	3	
2716	10	
2717	7	
2718	8	
2719	7	
2720	2	
2721	9	
2722	2	
2723	6	
2724	8	
2725	3	
2726	4	
2727	7	
2728	9	
2729	2	
2730	7	
2731	5	
2732	3	
2733	7	
2734	8	
2735	9	
2736	6	
2737	7	
2738	7	
2739	7	
2740	7	
2741	8	
2742	7	
2743	9	
2744	8	
2745	4	
2746	4	
2747	9	
2748	1	
2749	5	
2750	6	
2751	8	
2752	7	
2753	8	
2754	2	
2755	5	
2756	10	
2757	2	
2758	7	
2759	3	
2760	4	
2761	7	
2762	9	
2763	5	
2764	4	
2765	7	
2766	9	
2767	1	
2768	5	
2769	10	
2770	10	
2771	1	
2772	7	
2773	5	
2774	10	
2775	7	
2776	1	
2777	1	
2778	9	
2779	2	
2780	6	
2781	7	
2782	4	
2783	5	
2784	10	
2785	7	
2786	5	
2787	9	
2788	8	
2789	9	
2790	2	
2791	9	
2792	1	
2793	1	
2794	6	
2795	9	
2796	9	
2797	6	
2798	1	
2799	5	
2800	4	
2801	10	
2802	4	
2803	2	
2804	5	
2805	1	
2806	1	
2807	7	
2808	4	
2809	3	
2810	5	
2811	6	
2812	5	
2813	8	
2814	7	
2815	3	
2816	5	
2817	6	
2818	6	
2819	3	
2820	1	
2821	7	
2822	3	
2823	3	
2824	6	
2825	7	
2826	5	
2827	10	
2828	3	
2829	5	
2830	5	
2831	4	
2832	9	
2833	9	
2834	3	
2835	10	
2836	10	
2837	8	
2838	9	
2839	2	
2840	4	
2841	10	
2842	3	
2843	2	
2844	7	
2845	10	
2846	10	
2847	3	
2848	7	
2849	1	
2850	2	
2851	4	
2852	6	
2853	8	
2854	7	
2855	5	
2856	6	
2857	6	
2858	6	
2859	10	
2860	5	
2861	9	
2862	5	
2863	2	
2864	7	
2865	8	
2866	8	
2867	6	
2868	3	
2869	1	
2870	10	
2871	5	
2872	2	
2873	3	
2874	9	
2875	9	
2876	7	
2877	4	
2878	1	
2879	8	
2880	3	
2881	10	
2882	6	
2883	10	
2884	5	
2885	5	
2886	9	
2887	10	
2888	6	
2889	2	
2890	7	
2891	10	
2892	8	
2893	5	
2894	4	
2895	6	
2896	2	
2897	7	
2898	7	
2899	5	
2900	7	
2901	6	
2902	3	
2903	1	
2904	6	
2905	7	
2906	8	
2907	3	
2908	10	
2909	7	
2910	9	
2911	4	
2912	9	
2913	10	
2914	2	
2915	2	
2916	5	
2917	5	
2918	1	
2919	5	
2920	3	
2921	8	
2922	5	
2923	3	
2924	9	
2925	10	
2926	5	
2927	9	
2928	10	
2929	2	
2930	5	
2931	1	
2932	1	
2933	2	
2934	1	
2935	7	
2936	7	
2937	10	
2938	9	
2939	9	
2940	3	
2941	10	
2942	6	
2943	4	
2944	8	
2945	1	
2946	9	
2947	9	
2948	5	
2949	8	
2950	8	
2951	3	
2952	10	
2953	1	
2954	8	
2955	9	
2956	4	
2957	4	
2958	2	
2959	5	
2960	3	
2961	5	
2962	5	
2963	7	
2964	7	
2965	1	
2966	7	
2967	1	
2968	2	
2969	5	
2970	5	
2971	4	
2972	3	
2973	8	
2974	4	
2975	7	
2976	7	
2977	2	
2978	2	
2979	2	
2980	9	
2981	9	
2982	7	
2983	7	
2984	3	
2985	1	
2986	9	
2987	3	
2988	3	
2989	10	
2990	6	
2991	5	
2992	1	
2993	9	
2994	7	
2995	9	
2996	4	
2997	1	
2998	1	
2999	1	
3000	7	
3001	5	
3002	3	
3003	1	
3004	8	
3005	7	
3006	7	
3007	4	
3008	1	
3009	8	
3010	8	
3011	6	
3012	8	
3013	9	
3014	7	
3015	4	
3016	5	
3017	5	
3018	8	
3019	1	
3020	1	
3021	3	
3022	10	
3023	2	
3024	2	
3025	3	
3026	6	
3027	9	
3028	5	
3029	9	
3030	10	
3031	3	
3032	5	
3033	1	
3034	1	
3035	3	
3036	2	
3037	10	
3038	5	
3039	10	
3040	7	
3041	7	
3042	8	
3043	3	
3044	2	
3045	5	
3046	9	
3047	4	
3048	5	
3049	7	
3050	9	
3051	7	
3052	4	
3053	7	
3054	3	
3055	1	
3056	7	
3057	10	
3058	1	
3059	3	
3060	4	
3061	4	
3062	1	
3063	2	
3064	6	
3065	7	
3066	10	
3067	2	
3068	7	
3069	4	
3070	2	
3071	1	
3072	7	
3073	2	
3074	4	
3075	6	
3076	9	
3077	10	
3078	3	
3079	3	
3080	5	
3081	5	
3082	9	
3083	9	
3084	4	
3085	3	
3086	2	
3087	5	
3088	5	
3089	7	
3090	4	
3091	6	
3092	10	
3093	1	
3094	5	
3095	4	
3096	2	
3097	6	
3098	1	
3099	3	
3100	6	
3101	1	
3102	10	
3103	8	
3104	10	
3105	4	
3106	7	
3107	8	
3108	9	
3109	8	
3110	8	
3111	2	
3112	8	
3113	5	
3114	5	
3115	3	
3116	4	
3117	6	
3118	9	
3119	10	
3120	6	
3121	8	
3122	2	
3123	7	
3124	6	
3125	1	
3126	5	
3127	4	
3128	3	
3129	5	
3130	4	
3131	9	
3132	9	
3133	6	
3134	7	
3135	10	
3136	7	
3137	2	
3138	4	
3139	7	
3140	10	
3141	4	
3142	7	
3143	3	
3144	1	
3145	7	
3146	10	
3147	7	
3148	3	
3149	4	
3150	1	
3151	3	
3152	9	
3153	8	
3154	8	
3155	3	
3156	9	
3157	8	
3158	5	
3159	5	
3160	3	
3161	2	
3162	6	
3163	10	
3164	1	
3165	5	
3166	2	
3167	9	
3168	1	
3169	9	
3170	9	
3171	6	
3172	10	
3173	9	
3174	1	
3175	10	
3176	1	
3177	9	
3178	9	
3179	2	
3180	5	
3181	8	
3182	7	
3183	9	
3184	5	
3185	10	
3186	3	
3187	7	
3188	10	
3189	1	
3190	8	
3191	9	
3192	2	
3193	1	
3194	8	
3195	7	
3196	5	
3197	10	
3198	1	
3199	6	
3200	6	
3201	7	
3202	5	
3203	10	
3204	1	
3205	5	
3206	2	
3207	7	
3208	7	
3209	5	
3210	6	
3211	7	
3212	3	
3213	8	
3214	5	
3215	10	
3216	3	
3217	8	
3218	8	
3219	6	
3220	3	
3221	5	
3222	1	
3223	5	
3224	6	
3225	3	
3226	1	
3227	1	
3228	7	
3229	1	
3230	5	
3231	2	
3232	3	
3233	10	
3234	5	
3235	2	
3236	9	
3237	1	
3238	7	
3239	6	
3240	9	
3241	1	
3242	6	
3243	4	
3244	8	
3245	4	
3246	8	
3247	9	
3248	7	
3249	2	
3250	9	
3251	2	
3252	3	
3253	9	
3254	4	
3255	4	
3256	5	
3257	2	
3258	2	
3259	9	
3260	8	
3261	5	
3262	9	
3263	3	
3264	7	
3265	9	
3266	2	
3267	8	
3268	9	
3269	2	
3270	7	
3271	4	
3272	8	
3273	6	
3274	10	
3275	6	
3276	7	
3277	6	
3278	5	
3279	5	
3280	4	
3281	6	
3282	7	
3283	3	
3284	5	
3285	10	
3286	6	
3287	7	
3288	2	
3289	8	
3290	5	
3291	10	
3292	9	
3293	1	
3294	5	
3295	4	
3296	6	
3297	2	
3298	3	
3299	7	
3300	3	
3301	5	
3302	8	
3303	9	
3304	9	
3305	8	
3306	3	
3307	2	
3308	10	
3309	8	
3310	7	
3311	1	
3312	9	
3313	10	
3314	7	
3315	6	
3316	3	
3317	10	
3318	4	
3319	5	
3320	7	
3321	8	
3322	1	
3323	6	
3324	7	
3325	6	
3326	6	
3327	8	
3328	4	
3329	2	
3330	6	
3331	10	
3332	2	
3333	5	
3334	9	
3335	8	
3336	2	
3337	8	
3338	2	
3339	3	
3340	10	
3341	3	
3342	5	
3343	10	
3344	1	
3345	4	
3346	10	
3347	7	
3348	2	
3349	3	
3350	7	
3351	6	
3352	7	
3353	2	
3354	5	
3355	2	
3356	1	
3357	9	
3358	1	
3359	6	
3360	1	
3361	3	
3362	4	
3363	3	
3364	3	
3365	8	
3366	1	
3367	7	
3368	4	
3369	9	
3370	9	
3371	9	
3372	8	
3373	3	
3374	1	
3375	6	
3376	9	
3377	5	
3378	8	
3379	5	
3380	7	
3381	2	
3382	7	
3383	4	
3384	5	
3385	8	
3386	10	
3387	7	
3388	9	
3389	5	
3390	6	
3391	9	
3392	1	
3393	3	
3394	4	
3395	8	
3396	10	
3397	5	
3398	5	
3399	9	
3400	4	
3401	1	
3402	1	
3403	3	
3404	6	
3405	10	
3406	4	
3407	7	
3408	7	
3409	9	
3410	4	
3411	4	
3412	3	
3413	5	
3414	5	
3415	1	
3416	7	
3417	8	
3418	4	
3419	1	
3420	4	
3421	6	
3422	6	
3423	3	
3424	2	
3425	7	
3426	2	
3427	10	
3428	8	
3429	1	
3430	4	
3431	10	
3432	9	
3433	9	
3434	3	
3435	10	
3436	9	
3437	5	
3438	9	
3439	9	
3440	8	
3441	6	
3442	1	
3443	2	
3444	9	
3445	1	
3446	2	
3447	10	
3448	8	
3449	8	
3450	4	
3451	5	
3452	9	
3453	10	
3454	3	
3455	7	
3456	5	
3457	6	
3458	1	
3459	3	
3460	4	
3461	6	
3462	3	
3463	4	
3464	2	
3465	10	
3466	1	
3467	3	
3468	8	
3469	9	
3470	6	
3471	5	
3472	1	
3473	7	
3474	9	
3475	8	
3476	3	
3477	4	
3478	2	
3479	5	
3480	9	
3481	5	
3482	9	
3483	6	
3484	2	
3485	8	
3486	3	
3487	6	
3488	4	
3489	5	
3490	10	
3491	9	
3492	5	
3493	9	
3494	2	
3495	7	
3496	9	
3497	8	
3498	4	
3499	2	
3500	6	
3501	9	
3502	2	
3503	1	
3504	6	
3505	10	
3506	10	
3507	1	
3508	2	
3509	2	
3510	5	
3511	5	
3512	2	
3513	7	
3514	9	
3515	1	
3516	4	
3517	6	
3518	2	
3519	3	
3520	3	
3521	9	
3522	4	
3523	9	
3524	9	
3525	9	
3526	5	
3527	8	
3528	5	
3529	6	
3530	1	
3531	4	
3532	10	
3533	10	
3534	4	
3535	10	
3536	6	
3537	1	
3538	8	
3539	10	
3540	7	
3541	6	
3542	6	
3543	8	
3544	2	
3545	10	
3546	9	
3547	7	
3548	6	
3549	10	
3550	6	
3551	9	
3552	5	
3553	10	
3554	10	
3555	5	
3556	3	
3557	5	
3558	7	
3559	8	
3560	9	
3561	7	
3562	8	
3563	6	
3564	4	
3565	7	
3566	9	
3567	9	
3568	4	
3569	10	
3570	9	
3571	10	
3572	8	
3573	7	
3574	3	
3575	5	
3576	8	
3577	3	
3578	8	
3579	2	
3580	7	
3581	7	
3582	7	
3583	2	
3584	8	
3585	7	
3586	10	
3587	3	
3588	10	
3589	4	
3590	8	
3591	6	
3592	3	
3593	8	
3594	6	
3595	6	
3596	5	
3597	4	
3598	4	
3599	2	
3600	10	
3601	1	
3602	3	
3603	7	
3604	6	
3605	6	
3606	6	
3607	10	
3608	5	
3609	4	
3610	5	
3611	9	
3612	8	
3613	10	
3614	5	
3615	6	
3616	8	
3617	5	
3618	3	
3619	5	
3620	6	
3621	2	
3622	6	
3623	3	
3624	6	
3625	6	
3626	7	
3627	2	
3628	10	
3629	1	
3630	3	
3631	2	
3632	5	
3633	5	
3634	7	
3635	8	
3636	2	
3637	2	
3638	8	
3639	1	
3640	4	
3641	5	
3642	5	
3643	9	
3644	3	
3645	9	
3646	6	
3647	2	
3648	1	
3649	7	
3650	10	
3651	7	
3652	9	
3653	4	
3654	7	
3655	3	
3656	5	
3657	5	
3658	5	
3659	5	
3660	8	
3661	4	
3662	3	
3663	2	
3664	9	
3665	10	
3666	9	
3667	8	
3668	7	
3669	3	
3670	10	
3671	2	
3672	3	
3673	4	
3674	2	
3675	6	
3676	10	
3677	5	
3678	7	
3679	8	
3680	9	
3681	4	
3682	1	
3683	6	
3684	9	
3685	5	
3686	5	
3687	3	
3688	5	
3689	8	
3690	10	
3691	7	
3692	5	
3693	4	
3694	7	
3695	3	
3696	4	
3697	5	
3698	2	
3699	9	
3700	4	
3701	4	
3702	3	
3703	1	
3704	3	
3705	5	
3706	9	
3707	7	
3708	5	
3709	9	
3710	4	
3711	5	
3712	3	
3713	2	
3714	5	
3715	6	
3716	1	
3717	3	
3718	5	
3719	6	
3720	9	
3721	6	
3722	6	
3723	4	
3724	10	
3725	7	
3726	9	
3727	8	
3728	4	
3729	4	
3730	9	
3731	4	
3732	1	
3733	10	
3734	6	
3735	2	
3736	9	
3737	2	
3738	7	
3739	1	
3740	7	
3741	4	
3742	8	
3743	7	
3744	3	
3745	2	
3746	3	
3747	9	
3748	2	
3749	5	
3750	5	
3751	4	
3752	7	
3753	8	
3754	7	
3755	1	
3756	6	
3757	2	
3758	10	
3759	1	
3760	5	
3761	2	
3762	6	
3763	3	
3764	5	
3765	10	
3766	4	
3767	10	
3768	8	
3769	2	
3770	8	
3771	9	
3772	6	
3773	2	
3774	10	
3775	4	
3776	4	
3777	5	
3778	10	
3779	10	
3780	4	
3781	10	
3782	2	
3783	8	
3784	10	
3785	1	
3786	10	
3787	5	
3788	3	
3789	10	
3790	5	
3791	7	
3792	9	
3793	7	
3794	4	
3795	10	
3796	1	
3797	1	
3798	1	
3799	2	
3800	1	
3801	6	
3802	8	
3803	2	
3804	5	
3805	4	
3806	4	
3807	5	
3808	3	
3809	7	
3810	2	
3811	6	
3812	4	
3813	7	
3814	7	
3815	1	
3816	1	
3817	1	
3818	2	
3819	1	
3820	1	
3821	3	
3822	9	
3823	4	
3824	9	
3825	3	
3826	10	
3827	5	
3828	5	
3829	5	
3830	5	
3831	4	
3832	8	
3833	10	
3834	9	
3835	4	
3836	4	
3837	3	
3838	9	
3839	5	
3840	6	
3841	5	
3842	6	
3843	6	
3844	5	
3845	9	
3846	6	
3847	10	
3848	2	
3849	4	
3850	7	
3851	10	
3852	2	
3853	4	
3854	5	
3855	5	
3856	2	
3857	2	
3858	6	
3859	5	
3860	4	
3861	6	
3862	2	
3863	1	
3864	5	
3865	7	
3866	3	
3867	6	
3868	8	
3869	1	
3870	6	
3871	1	
3872	10	
3873	10	
3874	3	
3875	7	
3876	4	
3877	8	
3878	6	
3879	10	
3880	8	
3881	1	
3882	6	
3883	2	
3884	8	
3885	8	
3886	7	
3887	2	
3888	10	
3889	9	
3890	7	
3891	5	
3892	5	
3893	5	
3894	7	
3895	8	
3896	7	
3897	8	
3898	2	
3899	1	
3900	3	
3901	3	
3902	9	
3903	2	
3904	4	
3905	1	
3906	1	
3907	8	
3908	9	
3909	9	
3910	10	
3911	3	
3912	2	
3913	6	
3914	10	
3915	8	
3916	5	
3917	6	
3918	7	
3919	5	
3920	2	
3921	3	
3922	4	
3923	2	
3924	1	
3925	10	
3926	8	
3927	6	
3928	10	
3929	8	
3930	3	
3931	4	
3932	5	
3933	10	
3934	5	
3935	2	
3936	4	
3937	10	
3938	10	
3939	9	
3940	1	
3941	7	
3942	2	
3943	10	
3944	3	
3945	7	
3946	8	
3947	5	
3948	10	
3949	5	
3950	9	
3951	2	
3952	7	
3953	3	
3954	10	
3955	1	
3956	1	
3957	6	
3958	8	
3959	3	
3960	5	
3961	10	
3962	4	
3963	7	
3964	8	
3965	9	
3966	3	
3967	6	
3968	3	
3969	8	
3970	3	
3971	8	
3972	7	
3973	2	
3974	9	
3975	2	
3976	6	
3977	3	
3978	10	
3979	6	
3980	1	
3981	5	
3982	8	
3983	7	
3984	4	
3985	10	
3986	4	
3987	3	
3988	5	
3989	3	
3990	8	
3991	4	
3992	8	
3993	6	
3994	3	
3995	5	
3996	8	
3997	3	
3998	4	
3999	7	
4000	4	
4001	10	
4002	4	
4003	7	
4004	6	
4005	1	
4006	6	
4007	1	
4008	3	
4009	3	
4010	5	
4011	2	
4012	5	
4013	9	
4014	4	
4015	5	
4016	1	
4017	10	
4018	2	
4019	2	
4020	6	
4021	3	
4022	4	
4023	2	
4024	3	
4025	7	
4026	7	
4027	5	
4028	8	
4029	4	
4030	7	
4031	10	
4032	6	
4033	4	
4034	1	
4035	7	
4036	1	
4037	1	
4038	4	
4039	6	
4040	7	
4041	9	
4042	6	
4043	5	
4044	3	
4045	4	
4046	8	
4047	4	
4048	9	
4049	2	
4050	3	
4051	2	
4052	9	
4053	7	
4054	1	
4055	4	
4056	1	
4057	4	
4058	6	
4059	9	
4060	8	
4061	7	
4062	4	
4063	1	
4064	2	
4065	4	
4066	3	
4067	8	
4068	8	
4069	9	
4070	10	
4071	9	
4072	9	
4073	10	
4074	10	
4075	6	
4076	1	
4077	2	
4078	3	
4079	8	
4080	5	
4081	9	
4082	10	
4083	10	
4084	9	
4085	2	
4086	2	
4087	1	
4088	5	
4089	1	
4090	8	
4091	6	
4092	4	
4093	3	
4094	4	
4095	3	
4096	2	
4097	3	
4098	8	
4099	3	
4100	3	
4101	8	
4102	10	
4103	10	
4104	3	
4105	9	
4106	4	
4107	4	
4108	6	
4109	8	
4110	1	
4111	8	
4112	6	
4113	1	
4114	4	
4115	10	
4116	8	
4117	1	
4118	4	
4119	7	
4120	8	
4121	7	
4122	9	
4123	5	
4124	1	
4125	3	
4126	2	
4127	5	
4128	7	
4129	7	
4130	8	
4131	7	
4132	1	
4133	8	
4134	9	
4135	3	
4136	2	
4137	3	
4138	4	
4139	3	
4140	7	
4141	3	
4142	7	
4143	4	
4144	9	
4145	1	
4146	5	
4147	2	
4148	3	
4149	5	
4150	8	
4151	3	
4152	9	
4153	1	
4154	1	
4155	3	
4156	6	
4157	3	
4158	1	
4159	1	
4160	6	
4161	10	
4162	3	
4163	6	
4164	4	
4165	10	
4166	2	
4167	9	
4168	7	
4169	2	
4170	10	
4171	2	
4172	10	
4173	4	
4174	10	
4175	4	
4176	8	
4177	8	
4178	6	
4179	3	
4180	3	
4181	4	
4182	4	
4183	4	
4184	8	
4185	4	
4186	1	
4187	1	
4188	8	
4189	10	
4190	4	
4191	5	
4192	9	
4193	3	
4194	3	
4195	1	
4196	5	
4197	5	
4198	1	
4199	7	
4200	1	
4201	7	
4202	7	
4203	8	
4204	10	
4205	3	
4206	1	
4207	10	
4208	8	
4209	3	
4210	8	
4211	6	
4212	2	
4213	5	
4214	7	
4215	10	
4216	6	
4217	10	
4218	9	
4219	9	
4220	10	
4221	5	
4222	9	
4223	7	
4224	5	
4225	5	
4226	7	
4227	9	
4228	2	
4229	7	
4230	5	
4231	10	
4232	2	
4233	3	
4234	7	
4235	5	
4236	6	
4237	7	
4238	5	
4239	10	
4240	8	
4241	3	
4242	7	
4243	9	
4244	7	
4245	9	
4246	10	
4247	2	
4248	10	
4249	4	
4250	3	
4251	2	
4252	7	
4253	2	
4254	7	
4255	4	
4256	7	
4257	1	
4258	9	
4259	9	
4260	3	
4261	5	
4262	1	
4263	9	
4264	5	
4265	2	
4266	7	
4267	6	
4268	9	
4269	3	
4270	8	
4271	5	
4272	4	
4273	6	
4274	7	
4275	1	
4276	9	
4277	1	
4278	1	
4279	1	
4280	1	
4281	7	
4282	10	
4283	7	
4284	3	
4285	2	
4286	7	
4287	5	
4288	10	
4289	2	
4290	7	
4291	2	
4292	9	
4293	6	
4294	4	
4295	1	
4296	5	
4297	9	
4298	7	
4299	10	
4300	2	
4301	3	
4302	5	
4303	1	
4304	1	
4305	5	
4306	6	
4307	9	
4308	7	
4309	4	
4310	1	
4311	9	
4312	5	
4313	8	
4314	2	
4315	8	
4316	10	
4317	8	
4318	5	
4319	6	
4320	5	
4321	4	
4322	4	
4323	10	
4324	9	
4325	3	
4326	7	
4327	8	
4328	1	
4329	6	
4330	3	
4331	10	
4332	9	
4333	7	
4334	1	
4335	6	
4336	4	
4337	5	
4338	1	
4339	2	
4340	10	
4341	6	
4342	5	
4343	1	
4344	1	
4345	10	
4346	7	
4347	2	
4348	4	
4349	3	
4350	10	
4351	2	
4352	4	
4353	4	
4354	9	
4355	6	
4356	4	
4357	1	
4358	2	
4359	8	
4360	6	
4361	3	
4362	10	
4363	5	
4364	9	
4365	2	
4366	10	
4367	5	
4368	9	
4369	4	
4370	5	
4371	4	
4372	6	
4373	5	
4374	9	
4375	7	
4376	2	
4377	9	
4378	7	
4379	6	
4380	2	
4381	8	
4382	9	
4383	2	
4384	4	
4385	7	
4386	9	
4387	9	
4388	3	
4389	4	
4390	2	
4391	8	
4392	6	
4393	2	
4394	1	
4395	6	
4396	1	
4397	4	
4398	3	
4399	2	
4400	5	
4401	5	
4402	10	
4403	2	
4404	6	
4405	8	
4406	10	
4407	9	
4408	8	
4409	4	
4410	6	
4411	1	
4412	10	
4413	2	
4414	4	
4415	9	
4416	8	
4417	2	
4418	5	
4419	5	
4420	4	
4421	7	
4422	10	
4423	10	
4424	2	
4425	6	
4426	9	
4427	3	
4428	3	
4429	1	
4430	1	
4431	7	
4432	6	
4433	9	
4434	9	
4435	1	
4436	5	
4437	5	
4438	4	
4439	5	
4440	3	
4441	8	
4442	1	
4443	6	
4444	5	
4445	5	
4446	10	
4447	5	
4448	4	
4449	2	
4450	6	
4451	5	
4452	8	
4453	3	
4454	9	
4455	10	
4456	6	
4457	4	
4458	5	
4459	6	
4460	4	
4461	4	
4462	3	
4463	6	
4464	6	
4465	5	
4466	7	
4467	3	
4468	9	
4469	1	
4470	5	
4471	5	
4472	5	
4473	1	
4474	4	
4475	7	
4476	2	
4477	1	
4478	2	
4479	7	
4480	3	
4481	1	
4482	4	
4483	2	
4484	10	
4485	6	
4486	9	
4487	8	
4488	7	
4489	3	
4490	1	
4491	1	
4492	2	
4493	2	
4494	8	
4495	9	
4496	5	
4497	10	
4498	7	
4499	9	
4500	1	
4501	10	
4502	9	
4503	9	
4504	1	
4505	10	
4506	6	
4507	5	
4508	5	
4509	9	
4510	5	
4511	10	
4512	6	
4513	6	
4514	6	
4515	1	
4516	7	
4517	7	
4518	9	
4519	6	
4520	9	
4521	4	
4522	2	
4523	7	
4524	5	
4525	4	
4526	10	
4527	9	
4528	1	
4529	6	
4530	9	
4531	10	
4532	2	
4533	2	
4534	6	
4535	10	
4536	6	
4537	6	
4538	7	
4539	7	
4540	7	
4541	1	
4542	2	
4543	3	
4544	6	
4545	4	
4546	5	
4547	5	
4548	6	
4549	3	
4550	10	
4551	5	
4552	10	
4553	6	
4554	7	
4555	8	
4556	7	
4557	7	
4558	6	
4559	8	
4560	6	
4561	4	
4562	6	
4563	5	
4564	5	
4565	2	
4566	10	
4567	7	
4568	2	
4569	8	
4570	6	
4571	3	
4572	3	
4573	3	
4574	9	
4575	6	
4576	4	
4577	1	
4578	3	
4579	10	
4580	3	
4581	9	
4582	10	
4583	9	
4584	10	
4585	3	
4586	9	
4587	9	
4588	9	
4589	8	
4590	5	
4591	6	
4592	3	
4593	1	
4594	5	
4595	3	
4596	1	
4597	9	
4598	6	
4599	2	
4600	8	
4601	1	
4602	5	
4603	5	
4604	6	
4605	10	
4606	5	
4607	8	
4608	10	
4609	8	
4610	7	
4611	5	
4612	10	
4613	8	
4614	9	
4615	5	
4616	1	
4617	4	
4618	9	
4619	1	
4620	4	
4621	7	
4622	5	
4623	4	
4624	5	
4625	9	
4626	10	
4627	8	
4628	4	
4629	6	
4630	7	
4631	2	
4632	1	
4633	1	
4634	6	
4635	3	
4636	3	
4637	5	
4638	3	
4639	4	
4640	3	
4641	8	
4642	2	
4643	1	
4644	6	
4645	4	
4646	3	
4647	9	
4648	8	
4649	4	
4650	5	
4651	6	
4652	7	
4653	9	
4654	5	
4655	6	
4656	8	
4657	1	
4658	4	
4659	7	
4660	1	
4661	4	
4662	7	
4663	10	
4664	6	
4665	9	
4666	1	
4667	1	
4668	2	
4669	2	
4670	4	
4671	6	
4672	4	
4673	5	
4674	5	
4675	8	
4676	7	
4677	6	
4678	10	
4679	2	
4680	9	
4681	7	
4682	6	
4683	9	
4684	5	
4685	7	
4686	4	
4687	2	
4688	7	
4689	8	
4690	10	
4691	3	
4692	1	
4693	5	
4694	5	
4695	3	
4696	5	
4697	10	
4698	1	
4699	3	
4700	8	
4701	6	
4702	5	
4703	2	
4704	6	
4705	6	
4706	2	
4707	3	
4708	10	
4709	1	
4710	10	
4711	10	
4712	2	
4713	8	
4714	9	
4715	5	
4716	1	
4717	7	
4718	5	
4719	10	
4720	3	
4721	9	
4722	7	
4723	9	
4724	4	
4725	6	
4726	6	
4727	3	
4728	3	
4729	4	
4730	7	
4731	4	
4732	8	
4733	8	
4734	4	
4735	4	
4736	7	
4737	7	
4738	2	
4739	1	
4740	5	
4741	5	
4742	2	
4743	5	
4744	2	
4745	6	
4746	2	
4747	10	
4748	3	
4749	8	
4750	9	
4751	10	
4752	1	
4753	5	
4754	8	
4755	4	
4756	1	
4757	4	
4758	3	
4759	3	
4760	7	
4761	2	
4762	4	
4763	2	
4764	4	
4765	7	
4766	8	
4767	10	
4768	4	
4769	4	
4770	8	
4771	7	
4772	4	
4773	1	
4774	8	
4775	1	
4776	3	
4777	5	
4778	10	
4779	7	
4780	3	
4781	7	
4782	10	
4783	5	
4784	7	
4785	6	
4786	5	
4787	10	
4788	1	
4789	6	
4790	8	
4791	4	
4792	5	
4793	9	
4794	1	
4795	9	
4796	7	
4797	3	
4798	4	
4799	10	
4800	2	
4801	7	
4802	7	
4803	5	
4804	8	
4805	6	
4806	3	
4807	3	
4808	1	
4809	6	
4810	10	
4811	8	
4812	8	
4813	5	
4814	1	
4815	7	
4816	2	
4817	3	
4818	7	
4819	3	
4820	3	
4821	5	
4822	6	
4823	9	
4824	2	
4825	4	
4826	6	
4827	2	
4828	6	
4829	9	
4830	2	
4831	1	
4832	3	
4833	4	
4834	6	
4835	4	
4836	8	
4837	5	
4838	2	
4839	4	
4840	2	
4841	8	
4842	10	
4843	1	
4844	10	
4845	6	
4846	2	
4847	4	
4848	1	
4849	3	
4850	7	
4851	4	
4852	6	
4853	7	
4854	8	
4855	7	
4856	10	
4857	4	
4858	8	
4859	1	
4860	10	
4861	10	
4862	5	
4863	3	
4864	1	
4865	7	
4866	1	
4867	3	
4868	7	
4869	3	
4870	1	
4871	7	
4872	6	
4873	4	
4874	5	
4875	10	
4876	7	
4877	1	
4878	4	
4879	1	
4880	9	
4881	3	
4882	2	
4883	9	
4884	8	
4885	4	
4886	1	
4887	4	
4888	3	
4889	5	
4890	2	
4891	6	
4892	3	
4893	8	
4894	4	
4895	5	
4896	4	
4897	1	
4898	9	
4899	6	
4900	2	
4901	4	
4902	9	
4903	5	
4904	4	
4905	5	
4906	3	
4907	1	
4908	10	
4909	3	
4910	3	
4911	8	
4912	1	
4913	1	
4914	5	
4915	10	
4916	4	
4917	7	
4918	10	
4919	3	
4920	5	
4921	6	
4922	2	
4923	5	
4924	4	
4925	10	
4926	5	
4927	8	
4928	10	
4929	9	
4930	5	
4931	1	
4932	9	
4933	5	
4934	5	
4935	8	
4936	6	
4937	7	
4938	10	
4939	8	
4940	4	
4941	5	
4942	3	
4943	3	
4944	7	
4945	2	
4946	8	
4947	6	
4948	5	
4949	6	
4950	7	
4951	5	
4952	5	
4953	6	
4954	5	
4955	10	
4956	10	
4957	5	
4958	7	
4959	8	
4960	9	
4961	9	
4962	7	
4963	1	
4964	9	
4965	9	
4966	5	
4967	7	
4968	6	
4969	1	
4970	6	
4971	2	
4972	7	
4973	8	
4974	2	
4975	10	
4976	10	
4977	7	
4978	7	
4979	10	
4980	1	
4981	8	
4982	7	
4983	6	
4984	6	
4985	3	
4986	8	
4987	8	
4988	3	
4989	8	
4990	3	
4991	4	
4992	10	
4993	2	
4994	4	
4995	4	
4996	3	
4997	6	
4998	10	
4999	5	
5000	1	
5001	10	
5002	9	
5003	10	
5004	10	
5005	8	
5006	6	
5007	3	
5008	7	
5009	8	
5010	9	
5011	6	
5012	10	
5013	5	
5014	1	
5015	7	
5016	9	
5017	10	
5018	6	
5019	7	
5020	7	
5021	10	
5022	2	
5023	7	
5024	1	
5025	3	
5026	1	
5027	6	
5028	6	
5029	9	
5030	3	
5031	2	
5032	3	
5033	7	
5034	9	
5035	8	
5036	4	
5037	10	
5038	6	
5039	6	
5040	4	
5041	6	
5042	6	
5043	7	
5044	6	
5045	7	
5046	1	
5047	3	
5048	9	
5049	2	
5050	6	
5051	9	
5052	9	
5053	9	
5054	1	
5055	7	
5056	4	
5057	3	
5058	5	
5059	8	
5060	3	
5061	7	
5062	5	
5063	3	
5064	10	
5065	6	
5066	1	
5067	7	
5068	8	
5069	3	
5070	8	
5071	4	
5072	8	
5073	10	
5074	4	
5075	6	
5076	7	
5077	5	
5078	4	
5079	5	
5080	5	
5081	4	
5082	2	
5083	1	
5084	7	
5085	10	
5086	4	
5087	3	
5088	10	
5089	8	
5090	7	
5091	2	
5092	2	
5093	9	
5094	7	
5095	5	
5096	2	
5097	2	
5098	2	
5099	2	
5100	2	
5101	5	
5102	2	
5103	2	
5104	2	
5105	9	
5106	2	
5107	8	
5108	1	
5109	6	
5110	5	
5111	9	
5112	1	
5113	3	
5114	9	
5115	3	
5116	9	
5117	8	
5118	2	
5119	7	
5120	9	
5121	7	
5122	7	
5123	2	
5124	2	
5125	8	
5126	9	
5127	1	
5128	5	
5129	6	
5130	8	
5131	8	
5132	3	
5133	7	
5134	5	
5135	2	
5136	8	
5137	4	
5138	5	
5139	5	
5140	7	
5141	5	
5142	7	
5143	8	
5144	6	
5145	5	
5146	8	
5147	9	
5148	6	
5149	10	
5150	6	
5151	9	
5152	5	
5153	9	
5154	2	
5155	4	
5156	6	
5157	8	
5158	2	
5159	10	
5160	6	
5161	4	
5162	2	
5163	9	
5164	4	
5165	6	
5166	5	
5167	3	
5168	7	
5169	6	
5170	7	
5171	2	
5172	1	
5173	1	
5174	5	
5175	7	
5176	3	
5177	5	
5178	1	
5179	9	
5180	6	
5181	6	
5182	1	
5183	5	
5184	10	
5185	3	
5186	1	
5187	8	
5188	6	
5189	4	
5190	1	
5191	6	
5192	7	
5193	10	
5194	5	
5195	4	
5196	5	
5197	9	
5198	10	
5199	4	
5200	9	
5201	5	
5202	1	
5203	2	
5204	3	
5205	8	
5206	3	
5207	2	
5208	2	
5209	2	
5210	1	
5211	3	
5212	9	
5213	1	
5214	4	
5215	3	
5216	2	
5217	10	
5218	8	
5219	2	
5220	7	
5221	5	
5222	8	
5223	4	
5224	4	
5225	6	
5226	8	
5227	8	
5228	7	
5229	8	
5230	8	
5231	2	
5232	4	
5233	3	
5234	4	
5235	1	
5236	10	
5237	3	
5238	1	
5239	3	
5240	2	
5241	2	
5242	9	
5243	10	
5244	9	
5245	6	
5246	3	
5247	9	
5248	2	
5249	2	
5250	10	
5251	7	
5252	4	
5253	3	
5254	10	
5255	1	
5256	6	
5257	4	
5258	5	
5259	8	
5260	3	
5261	8	
5262	5	
5263	4	
5264	8	
5265	1	
5266	3	
5267	6	
5268	2	
5269	5	
5270	5	
5271	3	
5272	10	
5273	6	
5274	10	
5275	2	
5276	10	
5277	9	
5278	7	
5279	9	
5280	8	
5281	2	
5282	6	
5283	10	
5284	1	
5285	1	
5286	6	
5287	1	
5288	8	
5289	10	
5290	1	
5291	3	
5292	8	
5293	8	
5294	8	
5295	10	
5296	5	
5297	7	
5298	10	
5299	10	
5300	1	
5301	3	
5302	10	
5303	4	
5304	4	
5305	7	
5306	9	
5307	1	
5308	10	
5309	6	
5310	5	
5311	1	
5312	7	
5313	5	
5314	1	
5315	9	
5316	9	
5317	4	
5318	1	
5319	5	
5320	1	
5321	7	
5322	3	
5323	9	
5324	5	
5325	4	
5326	5	
5327	5	
5328	7	
5329	1	
5330	2	
5331	10	
5332	7	
5333	2	
5334	4	
5335	4	
5336	3	
5337	2	
5338	8	
5339	2	
5340	4	
5341	5	
5342	9	
5343	8	
5344	10	
5345	9	
5346	2	
5347	5	
5348	7	
5349	1	
5350	10	
5351	5	
5352	4	
5353	7	
5354	2	
5355	2	
5356	8	
5357	10	
5358	8	
5359	10	
5360	1	
5361	5	
5362	8	
5363	3	
5364	4	
5365	6	
5366	6	
5367	8	
5368	8	
5369	1	
5370	2	
5371	9	
5372	7	
5373	6	
5374	4	
5375	2	
5376	5	
5377	1	
5378	7	
5379	5	
5380	2	
5381	7	
5382	5	
5383	3	
5384	2	
5385	1	
5386	3	
5387	3	
5388	2	
5389	7	
5390	4	
5391	3	
5392	8	
5393	1	
5394	6	
5395	1	
5396	3	
5397	3	
5398	10	
5399	1	
5400	2	
5401	7	
5402	8	
5403	4	
5404	1	
5405	5	
5406	9	
5407	10	
5408	3	
5409	6	
5410	9	
5411	6	
5412	7	
5413	8	
5414	9	
5415	5	
5416	7	
5417	2	
5418	8	
5419	8	
5420	4	
5421	9	
5422	5	
5423	1	
5424	8	
5425	4	
5426	9	
5427	7	
5428	10	
5429	5	
5430	7	
5431	10	
5432	10	
5433	1	
5434	10	
5435	6	
5436	5	
5437	9	
5438	8	
5439	7	
5440	7	
5441	2	
5442	3	
5443	8	
5444	6	
5445	9	
5446	9	
5447	4	
5448	10	
5449	4	
5450	5	
5451	10	
5452	1	
5453	8	
5454	5	
5455	7	
5456	8	
5457	4	
5458	5	
5459	6	
5460	3	
5461	5	
5462	3	
5463	8	
5464	10	
5465	5	
5466	5	
5467	2	
5468	2	
5469	10	
5470	10	
5471	3	
5472	1	
5473	6	
5474	1	
5475	8	
5476	10	
5477	5	
5478	10	
5479	5	
5480	8	
5481	6	
5482	1	
5483	7	
5484	3	
5485	7	
5486	4	
5487	6	
5488	7	
5489	1	
5490	6	
5491	3	
5492	1	
5493	5	
5494	8	
5495	4	
5496	3	
5497	9	
5498	10	
5499	6	
5500	5	
5501	6	
5502	8	
5503	3	
5504	10	
5505	6	
5506	8	
5507	1	
5508	4	
5509	10	
5510	4	
5511	1	
5512	7	
5513	5	
5514	2	
5515	5	
5516	1	
5517	6	
5518	4	
5519	7	
5520	4	
5521	8	
5522	6	
5523	5	
5524	10	
5525	6	
5526	6	
5527	2	
5528	8	
5529	4	
5530	2	
5531	1	
5532	8	
5533	8	
5534	5	
5535	4	
5536	1	
5537	2	
5538	7	
5539	8	
5540	9	
5541	5	
5542	2	
5543	1	
5544	2	
5545	5	
5546	7	
5547	5	
5548	10	
5549	9	
5550	10	
5551	4	
5552	9	
5553	7	
5554	8	
5555	2	
5556	2	
5557	10	
5558	3	
5559	6	
5560	4	
5561	6	
5562	8	
5563	8	
5564	2	
5565	10	
5566	2	
5567	6	
5568	3	
5569	4	
5570	5	
5571	6	
5572	8	
5573	7	
5574	7	
5575	6	
5576	2	
5577	9	
5578	6	
5579	10	
5580	8	
5581	10	
5582	4	
5583	6	
5584	3	
5585	8	
5586	5	
5587	4	
5588	1	
5589	8	
5590	3	
5591	8	
5592	2	
5593	9	
5594	10	
5595	3	
5596	10	
5597	1	
5598	5	
5599	6	
5600	7	
5601	10	
5602	2	
5603	9	
5604	3	
5605	5	
5606	5	
5607	8	
5608	2	
5609	10	
5610	7	
5611	7	
5612	7	
5613	9	
5614	2	
5615	2	
5616	5	
5617	6	
5618	8	
5619	4	
5620	3	
5621	9	
5622	9	
5623	7	
5624	4	
5625	2	
5626	1	
5627	1	
5628	7	
5629	7	
5630	9	
5631	7	
5632	7	
5633	2	
5634	3	
5635	4	
5636	3	
5637	6	
5638	4	
5639	1	
5640	5	
5641	5	
5642	7	
5643	5	
5644	5	
5645	8	
5646	9	
5647	10	
5648	8	
5649	10	
5650	4	
5651	2	
5652	9	
5653	8	
5654	2	
5655	1	
5656	2	
5657	3	
5658	6	
5659	10	
5660	8	
5661	2	
5662	5	
5663	10	
5664	10	
5665	2	
5666	1	
5667	2	
5668	1	
5669	10	
5670	10	
5671	2	
5672	5	
5673	7	
5674	5	
5675	4	
5676	2	
5677	8	
5678	1	
5679	3	
5680	5	
5681	6	
5682	4	
5683	4	
5684	5	
5685	10	
5686	8	
5687	5	
5688	7	
5689	8	
5690	1	
5691	4	
5692	9	
5693	5	
5694	6	
5695	8	
5696	7	
5697	2	
5698	8	
5699	9	
5700	7	
5701	2	
5702	9	
5703	1	
5704	5	
5705	8	
5706	2	
5707	1	
5708	6	
5709	10	
5710	2	
5711	4	
5712	4	
5713	9	
5714	4	
5715	1	
5716	1	
5717	5	
5718	2	
5719	4	
5720	3	
5721	1	
5722	9	
5723	1	
5724	7	
5725	1	
5726	9	
5727	3	
5728	8	
5729	5	
5730	10	
5731	4	
5732	10	
5733	7	
5734	9	
5735	10	
5736	6	
5737	5	
5738	7	
5739	9	
5740	6	
5741	6	
5742	8	
5743	2	
5744	8	
5745	4	
5746	8	
5747	4	
5748	8	
5749	4	
5750	1	
5751	8	
5752	2	
5753	6	
5754	1	
5755	2	
5756	3	
5757	1	
5758	8	
5759	10	
5760	6	
5761	5	
5762	6	
5763	8	
5764	5	
5765	7	
5766	5	
5767	7	
5768	6	
5769	3	
5770	2	
5771	3	
5772	8	
5773	3	
5774	7	
5775	8	
5776	10	
5777	4	
5778	7	
5779	7	
5780	8	
5781	2	
5782	4	
5783	2	
5784	9	
5785	4	
5786	10	
5787	4	
5788	3	
5789	6	
5790	5	
5791	6	
5792	6	
5793	1	
5794	2	
5795	6	
5796	8	
5797	7	
5798	3	
5799	10	
5800	2	
5801	5	
5802	10	
5803	8	
5804	3	
5805	2	
5806	6	
5807	4	
5808	10	
5809	3	
5810	3	
5811	7	
5812	7	
5813	4	
5814	1	
5815	7	
5816	5	
5817	1	
5818	3	
5819	8	
5820	4	
5821	4	
5822	3	
5823	6	
5824	1	
5825	10	
5826	4	
5827	7	
5828	10	
5829	6	
5830	3	
5831	8	
5832	5	
5833	6	
5834	2	
5835	10	
5836	8	
5837	10	
5838	7	
5839	1	
5840	1	
5841	4	
5842	3	
5843	7	
5844	5	
5845	5	
5846	1	
5847	4	
5848	4	
5849	7	
5850	2	
5851	1	
5852	7	
5853	6	
5854	4	
5855	1	
5856	10	
5857	4	
5858	9	
5859	3	
5860	9	
5861	7	
5862	6	
5863	9	
5864	2	
5865	6	
5866	7	
5867	6	
5868	5	
5869	9	
5870	2	
5871	6	
5872	8	
5873	6	
5874	9	
5875	2	
5876	8	
5877	9	
5878	9	
5879	10	
5880	7	
5881	1	
5882	2	
5883	5	
5884	1	
5885	1	
5886	3	
5887	3	
5888	7	
5889	10	
5890	3	
5891	1	
5892	3	
5893	1	
5894	10	
5895	4	
5896	1	
5897	5	
5898	8	
5899	9	
5900	7	
5901	8	
5902	2	
5903	5	
5904	9	
5905	5	
5906	9	
5907	6	
5908	7	
5909	1	
5910	4	
5911	7	
5912	7	
5913	9	
5914	6	
5915	3	
5916	9	
5917	5	
5918	2	
5919	8	
5920	5	
5921	5	
5922	2	
5923	6	
5924	8	
5925	6	
5926	9	
5927	1	
5928	9	
5929	2	
5930	5	
5931	9	
5932	3	
5933	10	
5934	7	
5935	5	
5936	5	
5937	2	
5938	6	
5939	2	
5940	4	
5941	8	
5942	1	
5943	5	
5944	3	
5945	9	
5946	7	
5947	6	
5948	9	
5949	3	
5950	9	
5951	1	
5952	3	
5953	2	
5954	2	
5955	2	
5956	10	
5957	3	
5958	4	
5959	1	
5960	5	
5961	9	
5962	1	
5963	7	
5964	7	
5965	8	
5966	7	
5967	1	
5968	4	
5969	4	
5970	7	
5971	1	
5972	9	
5973	10	
5974	2	
5975	6	
5976	7	
5977	3	
5978	7	
5979	2	
5980	6	
5981	2	
5982	7	
5983	10	
5984	3	
5985	10	
5986	3	
5987	2	
5988	3	
5989	5	
5990	6	
5991	8	
5992	2	
5993	1	
5994	5	
5995	2	
5996	6	
5997	5	
5998	2	
5999	8	
6000	6	
6001	4	
6002	3	
6003	1	
6004	9	
6005	2	
6006	8	
6007	5	
6008	6	
6009	5	
6010	5	
6011	4	
6012	7	
6013	3	
6014	7	
6015	10	
6016	8	
6017	5	
6018	2	
6019	1	
6020	9	
6021	8	
6022	9	
6023	4	
6024	5	
6025	10	
6026	7	
6027	10	
6028	9	
6029	1	
6030	8	
6031	10	
6032	3	
6033	5	
6034	3	
6035	9	
6036	6	
6037	3	
6038	2	
6039	10	
6040	3	
6041	7	
6042	4	
6043	3	
6044	10	
6045	3	
6046	4	
6047	5	
6048	7	
6049	7	
6050	5	
6051	10	
6052	8	
6053	1	
6054	10	
6055	9	
6056	2	
6057	6	
6058	10	
6059	4	
6060	7	
6061	3	
6062	2	
6063	4	
6064	7	
6065	7	
6066	3	
6067	6	
6068	10	
6069	7	
6070	6	
6071	6	
6072	5	
6073	6	
6074	8	
6075	6	
6076	8	
6077	8	
6078	5	
6079	7	
6080	5	
6081	5	
6082	8	
6083	6	
6084	1	
6085	7	
6086	8	
6087	6	
6088	10	
6089	2	
6090	5	
6091	3	
6092	3	
6093	10	
6094	10	
6095	7	
6096	8	
6097	1	
6098	2	
6099	1	
6100	9	
6101	9	
6102	3	
6103	9	
6104	10	
6105	3	
6106	8	
6107	6	
6108	4	
6109	5	
6110	10	
6111	3	
6112	9	
6113	7	
6114	2	
6115	5	
6116	8	
6117	5	
6118	4	
6119	8	
6120	4	
6121	7	
6122	9	
6123	10	
6124	7	
6125	8	
6126	8	
6127	6	
6128	3	
6129	4	
6130	1	
6131	9	
6132	3	
6133	8	
6134	10	
6135	8	
6136	7	
6137	6	
6138	9	
6139	5	
6140	1	
6141	3	
6142	4	
6143	2	
6144	5	
6145	10	
6146	8	
6147	2	
6148	4	
6149	8	
6150	6	
6151	10	
6152	2	
6153	10	
6154	8	
6155	8	
6156	6	
6157	8	
6158	7	
6159	10	
6160	5	
6161	4	
6162	8	
6163	10	
6164	3	
6165	9	
6166	6	
6167	9	
6168	3	
6169	8	
6170	6	
6171	6	
6172	7	
6173	7	
6174	8	
6175	1	
6176	2	
6177	10	
6178	3	
6179	8	
6180	8	
6181	8	
6182	3	
6183	7	
6184	1	
6185	10	
6186	7	
6187	8	
6188	1	
6189	3	
6190	5	
6191	7	
6192	6	
6193	8	
6194	6	
6195	7	
6196	3	
6197	5	
6198	9	
6199	6	
6200	4	
6201	2	
6202	6	
6203	8	
6204	1	
6205	9	
6206	5	
6207	5	
6208	9	
6209	5	
6210	6	
6211	9	
6212	4	
6213	2	
6214	10	
6215	9	
6216	10	
6217	1	
6218	3	
6219	4	
6220	7	
6221	8	
6222	10	
6223	8	
6224	9	
6225	1	
6226	9	
6227	1	
6228	1	
6229	8	
6230	4	
6231	3	
6232	10	
6233	5	
6234	4	
6235	7	
6236	2	
6237	4	
6238	6	
6239	8	
6240	9	
6241	10	
6242	6	
6243	10	
6244	7	
6245	3	
6246	9	
6247	3	
6248	10	
6249	2	
6250	2	
6251	4	
6252	8	
6253	2	
6254	2	
6255	2	
6256	9	
6257	4	
6258	7	
6259	5	
6260	6	
6261	1	
6262	10	
6263	4	
6264	7	
6265	4	
6266	6	
6267	4	
6268	4	
6269	9	
6270	1	
6271	1	
6272	4	
6273	2	
6274	1	
6275	6	
6276	10	
6277	3	
6278	5	
6279	2	
6280	4	
6281	8	
6282	6	
6283	2	
6284	7	
6285	7	
6286	1	
6287	7	
6288	9	
6289	6	
6290	10	
6291	4	
6292	8	
6293	9	
6294	1	
6295	5	
6296	7	
6297	7	
6298	2	
6299	4	
6300	5	
6301	2	
6302	10	
6303	5	
6304	3	
6305	4	
6306	8	
6307	9	
6308	2	
6309	5	
6310	3	
6311	4	
6312	10	
6313	8	
6314	3	
6315	9	
6316	5	
6317	9	
6318	10	
6319	8	
6320	3	
6321	9	
6322	8	
6323	4	
6324	7	
6325	9	
6326	7	
6327	1	
6328	2	
6329	5	
6330	9	
6331	6	
6332	10	
6333	1	
6334	2	
6335	1	
6336	5	
6337	3	
6338	10	
6339	2	
6340	5	
6341	6	
6342	10	
6343	2	
6344	1	
6345	10	
6346	10	
6347	3	
6348	2	
6349	4	
6350	3	
6351	10	
6352	10	
6353	10	
6354	5	
6355	1	
6356	9	
6357	2	
6358	3	
6359	5	
6360	1	
6361	3	
6362	9	
6363	5	
6364	3	
6365	6	
6366	3	
6367	10	
6368	8	
6369	1	
6370	3	
6371	7	
6372	8	
6373	1	
6374	7	
6375	1	
6376	4	
6377	7	
6378	6	
6379	3	
6380	8	
6381	7	
6382	8	
6383	10	
6384	9	
6385	8	
6386	9	
6387	6	
6388	8	
6389	10	
6390	5	
6391	3	
6392	6	
6393	5	
6394	8	
6395	9	
6396	2	
6397	7	
6398	10	
6399	8	
6400	6	
6401	3	
6402	10	
6403	8	
6404	4	
6405	7	
6406	8	
6407	4	
6408	5	
6409	6	
6410	7	
6411	4	
6412	5	
6413	2	
6414	8	
6415	3	
6416	1	
6417	9	
6418	4	
6419	9	
6420	1	
6421	6	
6422	9	
6423	8	
6424	4	
6425	8	
6426	2	
6427	1	
6428	4	
6429	6	
6430	7	
6431	1	
6432	3	
6433	4	
6434	4	
6435	1	
6436	5	
6437	8	
6438	6	
6439	10	
6440	1	
6441	5	
6442	10	
6443	2	
6444	9	
6445	2	
6446	9	
6447	5	
6448	1	
6449	8	
6450	7	
6451	10	
6452	6	
6453	1	
6454	2	
6455	3	
6456	2	
6457	3	
6458	7	
6459	4	
6460	1	
6461	6	
6462	4	
6463	8	
6464	5	
6465	5	
6466	8	
6467	8	
6468	7	
6469	5	
6470	8	
6471	9	
6472	1	
6473	4	
6474	4	
6475	4	
6476	6	
6477	9	
6478	9	
6479	1	
6480	1	
6481	4	
6482	8	
6483	4	
6484	3	
6485	9	
6486	7	
6487	1	
6488	2	
6489	1	
6490	2	
6491	10	
6492	5	
6493	3	
6494	4	
6495	5	
6496	10	
6497	7	
6498	6	
6499	10	
6500	2	
6501	1	
6502	3	
6503	6	
6504	4	
6505	3	
6506	8	
6507	3	
6508	3	
6509	6	
6510	6	
6511	6	
6512	8	
6513	2	
6514	2	
6515	6	
6516	9	
6517	9	
6518	5	
6519	10	
6520	7	
6521	2	
6522	5	
6523	8	
6524	2	
6525	2	
6526	4	
6527	6	
6528	9	
6529	4	
6530	5	
6531	1	
6532	9	
6533	2	
6534	5	
6535	10	
6536	3	
6537	4	
6538	8	
6539	9	
6540	2	
6541	1	
6542	6	
6543	4	
6544	9	
6545	7	
6546	8	
6547	6	
6548	6	
6549	4	
6550	5	
6551	1	
6552	6	
6553	7	
6554	6	
6555	9	
6556	4	
6557	9	
6558	9	
6559	4	
6560	4	
6561	3	
6562	6	
6563	7	
6564	9	
6565	9	
6566	9	
6567	3	
6568	10	
6569	1	
6570	1	
6571	3	
6572	1	
6573	8	
6574	10	
6575	6	
6576	6	
6577	1	
6578	8	
6579	3	
6580	4	
6581	6	
6582	10	
6583	3	
6584	9	
6585	9	
6586	2	
6587	2	
6588	7	
6589	9	
6590	10	
6591	10	
6592	7	
6593	5	
6594	10	
6595	5	
6596	8	
6597	5	
6598	10	
6599	4	
6600	2	
6601	3	
6602	10	
6603	1	
6604	5	
6605	5	
6606	2	
6607	5	
6608	6	
6609	1	
6610	5	
6611	8	
6612	8	
6613	10	
6614	10	
6615	1	
6616	3	
6617	7	
6618	7	
6619	6	
6620	4	
6621	8	
6622	9	
6623	2	
6624	3	
6625	4	
6626	10	
6627	10	
6628	9	
6629	1	
6630	4	
6631	9	
6632	6	
6633	10	
6634	8	
6635	7	
6636	10	
6637	6	
6638	6	
6639	6	
6640	8	
6641	4	
6642	6	
6643	10	
6644	9	
6645	3	
6646	9	
6647	6	
6648	9	
6649	2	
6650	1	
6651	1	
6652	8	
6653	4	
6654	3	
6655	7	
6656	4	
6657	5	
6658	2	
6659	9	
6660	1	
6661	2	
6662	2	
6663	6	
6664	4	
6665	7	
6666	6	
6667	5	
6668	7	
6669	1	
6670	5	
6671	4	
6672	1	
6673	3	
6674	7	
6675	1	
6676	1	
6677	4	
6678	1	
6679	10	
6680	2	
6681	4	
6682	10	
6683	10	
6684	9	
6685	7	
6686	1	
6687	6	
6688	4	
6689	3	
6690	7	
6691	5	
6692	1	
6693	4	
6694	1	
6695	5	
6696	7	
6697	9	
6698	4	
6699	7	
6700	8	
6701	3	
6702	1	
6703	9	
6704	9	
6705	4	
6706	9	
6707	4	
6708	7	
6709	6	
6710	7	
6711	8	
6712	9	
6713	10	
6714	2	
6715	2	
6716	4	
6717	10	
6718	2	
6719	8	
6720	9	
6721	7	
6722	8	
6723	3	
6724	1	
6725	8	
6726	2	
6727	9	
6728	8	
6729	2	
6730	9	
6731	3	
6732	3	
6733	1	
6734	8	
6735	2	
6736	3	
6737	6	
6738	1	
6739	6	
6740	6	
6741	7	
6742	1	
6743	3	
6744	10	
6745	5	
6746	8	
6747	3	
6748	10	
6749	8	
6750	7	
6751	5	
6752	3	
6753	7	
6754	9	
6755	7	
6756	8	
6757	9	
6758	4	
6759	5	
6760	10	
6761	3	
6762	10	
6763	10	
6764	5	
6765	7	
6766	10	
6767	6	
6768	6	
6769	10	
6770	8	
6771	9	
6772	2	
6773	6	
6774	8	
6775	5	
6776	10	
6777	9	
6778	8	
6779	6	
6780	10	
6781	8	
6782	8	
6783	6	
6784	1	
6785	6	
6786	1	
6787	6	
6788	7	
6789	3	
6790	4	
6791	10	
6792	6	
6793	7	
6794	7	
6795	1	
6796	1	
6797	2	
6798	7	
6799	9	
6800	10	
6801	2	
6802	1	
6803	6	
6804	8	
6805	2	
6806	9	
6807	7	
6808	2	
6809	9	
6810	6	
6811	10	
6812	8	
6813	1	
6814	7	
6815	10	
6816	1	
6817	1	
6818	9	
6819	1	
6820	3	
6821	9	
6822	8	
6823	5	
6824	8	
6825	2	
6826	7	
6827	2	
6828	8	
6829	9	
6830	6	
6831	10	
6832	1	
6833	3	
6834	10	
6835	8	
6836	5	
6837	4	
6838	10	
6839	8	
6840	1	
6841	6	
6842	7	
6843	4	
6844	5	
6845	7	
6846	7	
6847	2	
6848	6	
6849	2	
6850	8	
6851	6	
6852	8	
6853	6	
6854	8	
6855	1	
6856	5	
6857	5	
6858	3	
6859	8	
6860	5	
6861	1	
6862	1	
6863	10	
6864	8	
6865	2	
6866	8	
6867	2	
6868	10	
6869	3	
6870	4	
6871	2	
6872	10	
6873	9	
6874	1	
6875	5	
6876	10	
6877	1	
6878	2	
6879	6	
6880	9	
6881	3	
6882	9	
6883	8	
6884	9	
6885	9	
6886	3	
6887	10	
6888	8	
6889	7	
6890	5	
6891	10	
6892	8	
6893	4	
6894	10	
6895	2	
6896	1	
6897	4	
6898	6	
6899	5	
6900	10	
6901	1	
6902	8	
6903	6	
6904	7	
6905	3	
6906	10	
6907	5	
6908	10	
6909	4	
6910	7	
6911	5	
6912	10	
6913	1	
6914	4	
6915	4	
6916	5	
6917	1	
6918	7	
6919	4	
6920	1	
6921	1	
6922	8	
6923	9	
6924	8	
6925	5	
6926	8	
6927	9	
6928	6	
6929	6	
6930	3	
6931	5	
6932	1	
6933	1	
6934	9	
6935	8	
6936	10	
6937	8	
6938	9	
6939	9	
6940	4	
6941	8	
6942	8	
6943	8	
6944	10	
6945	10	
6946	8	
6947	5	
6948	4	
6949	6	
6950	10	
6951	2	
6952	7	
6953	10	
6954	5	
6955	7	
6956	4	
6957	3	
6958	9	
6959	3	
6960	6	
6961	7	
6962	3	
6963	3	
6964	4	
6965	2	
6966	8	
6967	2	
6968	6	
6969	1	
6970	3	
6971	4	
6972	8	
6973	8	
6974	1	
6975	3	
6976	6	
6977	6	
6978	8	
6979	3	
6980	10	
6981	7	
6982	10	
6983	6	
6984	3	
6985	4	
6986	1	
6987	1	
6988	10	
6989	5	
6990	3	
6991	9	
6992	8	
6993	7	
6994	3	
6995	10	
6996	2	
6997	4	
6998	5	
6999	2	
7000	5	
7001	3	
7002	2	
7003	10	
7004	5	
7005	9	
7006	1	
7007	4	
7008	4	
7009	8	
7010	8	
7011	5	
7012	4	
7013	7	
7014	5	
7015	4	
7016	6	
7017	6	
7018	9	
7019	2	
7020	3	
7021	6	
7022	8	
7023	4	
7024	7	
7025	4	
7026	6	
7027	7	
7028	6	
7029	2	
7030	5	
7031	6	
7032	2	
7033	10	
7034	9	
7035	8	
7036	8	
7037	6	
7038	5	
7039	9	
7040	7	
7041	5	
7042	9	
7043	6	
7044	8	
7045	10	
7046	6	
7047	2	
7048	5	
7049	3	
7050	4	
7051	5	
7052	4	
7053	6	
7054	2	
7055	4	
7056	6	
7057	5	
7058	10	
7059	6	
7060	2	
7061	3	
7062	3	
7063	10	
7064	7	
7065	1	
7066	1	
7067	1	
7068	5	
7069	2	
7070	8	
7071	9	
7072	6	
7073	6	
7074	8	
7075	1	
7076	2	
7077	1	
7078	5	
7079	10	
7080	8	
7081	4	
7082	10	
7083	9	
7084	4	
7085	2	
7086	6	
7087	8	
7088	1	
7089	4	
7090	9	
7091	10	
7092	3	
7093	3	
7094	5	
7095	9	
7096	2	
7097	9	
7098	7	
7099	4	
7100	5	
7101	3	
7102	1	
7103	7	
7104	2	
7105	6	
7106	10	
7107	7	
7108	3	
7109	5	
7110	5	
7111	3	
7112	4	
7113	2	
7114	3	
7115	10	
7116	8	
7117	9	
7118	4	
7119	1	
7120	9	
7121	5	
7122	5	
7123	4	
7124	8	
7125	1	
7126	6	
7127	2	
7128	4	
7129	5	
7130	1	
7131	6	
7132	7	
7133	4	
7134	6	
7135	1	
7136	6	
7137	3	
7138	8	
7139	4	
7140	10	
7141	5	
7142	3	
7143	3	
7144	8	
7145	7	
7146	7	
7147	10	
7148	8	
7149	9	
7150	2	
7151	10	
7152	7	
7153	10	
7154	8	
7155	10	
7156	9	
7157	4	
7158	7	
7159	9	
7160	10	
7161	4	
7162	2	
7163	1	
7164	6	
7165	6	
7166	2	
7167	2	
7168	4	
7169	8	
7170	4	
7171	3	
7172	4	
7173	8	
7174	3	
7175	7	
7176	2	
7177	9	
7178	5	
7179	4	
7180	9	
7181	3	
7182	9	
7183	4	
7184	4	
7185	3	
7186	4	
7187	4	
7188	1	
7189	7	
7190	10	
7191	3	
7192	9	
7193	6	
7194	5	
7195	8	
7196	3	
7197	2	
7198	4	
7199	5	
7200	5	
7201	2	
7202	3	
7203	9	
7204	6	
7205	8	
7206	6	
7207	7	
7208	5	
7209	3	
7210	7	
7211	4	
7212	10	
7213	2	
7214	1	
7215	1	
7216	5	
7217	5	
7218	2	
7219	2	
7220	9	
7221	9	
7222	8	
7223	7	
7224	6	
7225	8	
7226	4	
7227	10	
7228	6	
7229	10	
7230	1	
7231	9	
7232	8	
7233	8	
7234	8	
7235	8	
7236	4	
7237	6	
7238	5	
7239	10	
7240	6	
7241	9	
7242	10	
7243	5	
7244	4	
7245	1	
7246	8	
7247	10	
7248	6	
7249	10	
7250	6	
7251	2	
7252	10	
7253	2	
7254	1	
7255	2	
7256	3	
7257	5	
7258	4	
7259	7	
7260	6	
7261	7	
7262	7	
7263	8	
7264	9	
7265	1	
7266	7	
7267	9	
7268	9	
7269	5	
7270	2	
7271	2	
7272	4	
7273	9	
7274	5	
7275	9	
7276	2	
7277	5	
7278	6	
7279	8	
7280	6	
7281	10	
7282	5	
7283	8	
7284	7	
7285	5	
7286	1	
7287	2	
7288	1	
7289	1	
7290	2	
7291	4	
7292	6	
7293	8	
7294	5	
7295	7	
7296	3	
7297	9	
7298	1	
7299	3	
7300	4	
7301	5	
7302	2	
7303	5	
7304	8	
7305	2	
7306	2	
7307	2	
7308	10	
7309	8	
7310	9	
7311	7	
7312	8	
7313	6	
7314	2	
7315	9	
7316	4	
7317	9	
7318	8	
7319	8	
7320	1	
7321	1	
7322	3	
7323	4	
7324	6	
7325	3	
7326	4	
7327	9	
7328	1	
7329	9	
7330	1	
7331	1	
7332	8	
7333	3	
7334	8	
7335	1	
7336	6	
7337	9	
7338	8	
7339	9	
7340	10	
7341	7	
7342	8	
7343	2	
7344	2	
7345	4	
7346	1	
7347	3	
7348	8	
7349	9	
7350	10	
7351	3	
7352	6	
7353	8	
7354	6	
7355	10	
7356	1	
7357	10	
7358	4	
7359	8	
7360	4	
7361	4	
7362	8	
7363	10	
7364	4	
7365	8	
7366	3	
7367	3	
7368	2	
7369	4	
7370	2	
7371	7	
7372	7	
7373	5	
7374	9	
7375	2	
7376	9	
7377	6	
7378	3	
7379	9	
7380	4	
7381	10	
7382	2	
7383	2	
7384	8	
7385	3	
7386	5	
7387	9	
7388	8	
7389	5	
7390	3	
7391	5	
7392	1	
7393	6	
7394	4	
7395	8	
7396	10	
7397	1	
7398	4	
7399	8	
7400	8	
7401	6	
7402	9	
7403	5	
7404	5	
7405	8	
7406	8	
7407	2	
7408	8	
7409	7	
7410	7	
7411	8	
7412	6	
7413	8	
7414	10	
7415	4	
7416	2	
7417	7	
7418	3	
7419	1	
7420	2	
7421	10	
7422	9	
7423	10	
7424	2	
7425	10	
7426	2	
7427	10	
7428	2	
7429	9	
7430	7	
7431	3	
7432	3	
7433	4	
7434	9	
7435	2	
7436	8	
7437	1	
7438	2	
7439	1	
7440	2	
7441	8	
7442	5	
7443	8	
7444	5	
7445	6	
7446	8	
7447	1	
7448	5	
7449	4	
7450	9	
7451	3	
7452	3	
7453	7	
7454	3	
7455	9	
7456	10	
7457	9	
7458	3	
7459	5	
7460	9	
7461	4	
7462	7	
7463	9	
7464	3	
7465	5	
7466	7	
7467	2	
7468	3	
7469	3	
7470	9	
7471	9	
7472	5	
7473	3	
7474	10	
7475	10	
7476	8	
7477	3	
7478	3	
7479	4	
7480	5	
7481	9	
7482	9	
7483	6	
7484	4	
7485	9	
7486	10	
7487	6	
7488	10	
7489	3	
7490	9	
7491	1	
7492	1	
7493	9	
7494	3	
7495	4	
7496	5	
7497	3	
7498	8	
7499	8	
7500	5	
7501	2	
7502	5	
7503	5	
7504	2	
7505	5	
7506	3	
7507	7	
7508	6	
7509	9	
7510	10	
7511	8	
7512	6	
7513	7	
7514	4	
7515	1	
7516	4	
7517	10	
7518	6	
7519	5	
7520	2	
7521	3	
7522	10	
7523	5	
7524	1	
7525	7	
7526	7	
7527	5	
7528	1	
7529	3	
7530	10	
7531	1	
7532	10	
7533	9	
7534	4	
7535	10	
7536	2	
7537	7	
7538	3	
7539	9	
7540	6	
7541	9	
7542	10	
7543	3	
7544	2	
7545	2	
7546	3	
7547	8	
7548	3	
7549	3	
7550	8	
7551	8	
7552	3	
7553	1	
7554	7	
7555	2	
7556	1	
7557	8	
7558	2	
7559	5	
7560	2	
7561	6	
7562	7	
7563	8	
7564	5	
7565	8	
7566	6	
7567	10	
7568	5	
7569	2	
7570	7	
7571	5	
7572	6	
7573	2	
7574	4	
7575	6	
7576	6	
7577	1	
7578	9	
7579	4	
7580	7	
7581	1	
7582	7	
7583	1	
7584	4	
7585	3	
7586	6	
7587	1	
7588	1	
7589	5	
7590	1	
7591	6	
7592	2	
7593	6	
7594	3	
7595	6	
7596	3	
7597	1	
7598	10	
7599	4	
7600	1	
7601	10	
7602	9	
7603	2	
7604	9	
7605	4	
7606	4	
7607	10	
7608	7	
7609	7	
7610	1	
7611	8	
7612	1	
7613	2	
7614	4	
7615	4	
7616	8	
7617	5	
7618	3	
7619	4	
7620	4	
7621	9	
7622	7	
7623	5	
7624	3	
7625	4	
7626	3	
7627	7	
7628	7	
7629	4	
7630	4	
7631	5	
7632	3	
7633	10	
7634	6	
7635	3	
7636	10	
7637	8	
7638	9	
7639	4	
7640	3	
7641	5	
7642	7	
7643	10	
7644	1	
7645	7	
7646	5	
7647	6	
7648	4	
7649	1	
7650	5	
7651	10	
7652	5	
7653	5	
7654	1	
7655	3	
7656	7	
7657	8	
7658	2	
7659	8	
7660	9	
7661	9	
7662	8	
7663	2	
7664	3	
7665	3	
7666	3	
7667	1	
7668	9	
7669	3	
7670	10	
7671	10	
7672	5	
7673	7	
7674	6	
7675	3	
7676	7	
7677	3	
7678	3	
7679	3	
7680	10	
7681	3	
7682	4	
7683	2	
7684	1	
7685	4	
7686	9	
7687	3	
7688	4	
7689	4	
7690	4	
7691	8	
7692	4	
7693	1	
7694	7	
7695	6	
7696	5	
7697	3	
7698	9	
7699	6	
7700	3	
7701	2	
7702	6	
7703	5	
7704	4	
7705	2	
7706	9	
7707	6	
7708	4	
7709	8	
7710	3	
7711	8	
7712	1	
7713	6	
7714	8	
7715	2	
7716	9	
7717	4	
7718	2	
7719	4	
7720	3	
7721	8	
7722	10	
7723	7	
7724	9	
7725	4	
7726	7	
7727	5	
7728	10	
7729	5	
7730	6	
7731	7	
7732	5	
7733	10	
7734	10	
7735	6	
7736	9	
7737	9	
7738	2	
7739	4	
7740	6	
7741	1	
7742	10	
7743	4	
7744	6	
7745	7	
7746	5	
7747	2	
7748	1	
7749	4	
7750	3	
7751	8	
7752	2	
7753	8	
7754	5	
7755	6	
7756	4	
7757	8	
7758	8	
7759	4	
7760	3	
7761	4	
7762	3	
7763	9	
7764	2	
7765	1	
7766	6	
7767	3	
7768	2	
7769	8	
7770	4	
7771	2	
7772	5	
7773	5	
7774	2	
7775	1	
7776	2	
7777	4	
7778	5	
7779	7	
7780	10	
7781	9	
7782	7	
7783	2	
7784	9	
7785	6	
7786	8	
7787	4	
7788	2	
7789	10	
7790	6	
7791	6	
7792	9	
7793	7	
7794	7	
7795	3	
7796	5	
7797	4	
7798	1	
7799	10	
7800	6	
7801	5	
7802	10	
7803	6	
7804	9	
7805	1	
7806	4	
7807	2	
7808	3	
7809	8	
7810	5	
7811	7	
7812	5	
7813	9	
7814	10	
7815	9	
7816	5	
7817	2	
7818	9	
7819	7	
7820	10	
7821	9	
7822	9	
7823	1	
7824	5	
7825	1	
7826	2	
7827	1	
7828	10	
7829	10	
7830	8	
7831	6	
7832	4	
7833	5	
7834	7	
7835	5	
7836	10	
7837	6	
7838	7	
7839	6	
7840	10	
7841	8	
7842	1	
7843	8	
7844	5	
7845	5	
7846	3	
7847	7	
7848	6	
7849	4	
7850	1	
7851	4	
7852	3	
7853	10	
7854	8	
7855	6	
7856	7	
7857	2	
7858	6	
7859	10	
7860	2	
7861	8	
7862	9	
7863	7	
7864	6	
7865	2	
7866	2	
7867	2	
7868	4	
7869	4	
7870	3	
7871	7	
7872	10	
7873	1	
7874	3	
7875	9	
7876	5	
7877	8	
7878	3	
7879	5	
7880	2	
7881	3	
7882	1	
7883	9	
7884	10	
7885	10	
7886	1	
7887	2	
7888	2	
7889	1	
7890	1	
7891	3	
7892	10	
7893	1	
7894	3	
7895	9	
7896	5	
7897	2	
7898	5	
7899	5	
7900	4	
7901	2	
7902	2	
7903	6	
7904	9	
7905	9	
7906	10	
7907	8	
7908	5	
7909	9	
7910	10	
7911	5	
7912	9	
7913	7	
7914	8	
7915	6	
7916	3	
7917	9	
7918	4	
7919	2	
7920	1	
7921	5	
7922	3	
7923	8	
7924	10	
7925	1	
7926	1	
7927	3	
7928	5	
7929	6	
7930	1	
7931	3	
7932	7	
7933	3	
7934	6	
7935	2	
7936	3	
7937	5	
7938	7	
7939	7	
7940	10	
7941	3	
7942	8	
7943	1	
7944	9	
7945	7	
7946	5	
7947	9	
7948	1	
7949	6	
7950	8	
7951	5	
7952	7	
7953	8	
7954	4	
7955	3	
7956	3	
7957	3	
7958	8	
7959	4	
7960	6	
7961	6	
7962	5	
7963	1	
7964	9	
7965	5	
7966	6	
7967	4	
7968	8	
7969	4	
7970	5	
7971	4	
7972	9	
7973	4	
7974	9	
7975	3	
7976	3	
7977	6	
7978	2	
7979	4	
7980	1	
7981	2	
7982	1	
7983	9	
7984	3	
7985	9	
7986	1	
7987	2	
7988	10	
7989	10	
7990	1	
7991	5	
7992	10	
7993	10	
7994	7	
7995	4	
7996	9	
7997	5	
7998	7	
7999	7	
8000	8	
8001	9	
8002	7	
8003	3	
8004	6	
8005	9	
8006	1	
8007	10	
8008	9	
8009	6	
8010	8	
8011	1	
8012	8	
8013	2	
8014	5	
8015	3	
8016	1	
8017	9	
8018	2	
8019	5	
8020	10	
8021	2	
8022	6	
8023	1	
8024	3	
8025	10	
8026	4	
8027	1	
8028	6	
8029	6	
8030	1	
8031	3	
8032	1	
8033	7	
8034	2	
8035	1	
8036	10	
8037	1	
8038	8	
8039	7	
8040	3	
8041	6	
8042	4	
8043	2	
8044	8	
8045	3	
8046	2	
8047	2	
8048	10	
8049	7	
8050	10	
8051	2	
8052	8	
8053	6	
8054	10	
8055	6	
8056	5	
8057	4	
8058	5	
8059	5	
8060	3	
8061	9	
8062	7	
8063	7	
8064	10	
8065	4	
8066	8	
8067	2	
8068	6	
8069	10	
8070	7	
8071	3	
8072	4	
8073	1	
8074	10	
8075	3	
8076	2	
8077	3	
8078	4	
8079	4	
8080	3	
8081	6	
8082	4	
8083	4	
8084	6	
8085	1	
8086	8	
8087	3	
8088	6	
8089	1	
8090	1	
8091	2	
8092	2	
8093	9	
8094	6	
8095	8	
8096	7	
8097	9	
8098	4	
8099	10	
8100	10	
8101	7	
8102	2	
8103	3	
8104	10	
8105	9	
8106	7	
8107	7	
8108	5	
8109	5	
8110	7	
8111	6	
8112	8	
8113	4	
8114	4	
8115	1	
8116	3	
8117	1	
8118	2	
8119	1	
8120	8	
8121	3	
8122	5	
8123	10	
8124	8	
8125	8	
8126	1	
8127	7	
8128	2	
8129	5	
8130	1	
8131	10	
8132	5	
8133	1	
8134	8	
8135	6	
8136	9	
8137	1	
8138	2	
8139	8	
8140	1	
8141	4	
8142	10	
8143	3	
8144	8	
8145	8	
8146	3	
8147	10	
8148	8	
8149	7	
8150	7	
8151	9	
8152	10	
8153	4	
8154	1	
8155	2	
8156	10	
8157	3	
8158	6	
8159	5	
8160	6	
8161	2	
8162	7	
8163	7	
8164	10	
8165	7	
8166	7	
8167	10	
8168	5	
8169	8	
8170	5	
8171	9	
8172	2	
8173	10	
8174	4	
8175	6	
8176	2	
8177	9	
8178	4	
8179	10	
8180	5	
8181	3	
8182	10	
8183	6	
8184	10	
8185	5	
8186	2	
8187	6	
8188	9	
8189	9	
8190	2	
8191	6	
8192	3	
8193	5	
8194	5	
8195	4	
8196	2	
8197	2	
8198	4	
8199	9	
8200	4	
8201	5	
8202	7	
8203	5	
8204	4	
8205	10	
8206	1	
8207	10	
8208	9	
8209	1	
8210	1	
8211	9	
8212	7	
8213	9	
8214	7	
8215	2	
8216	1	
8217	10	
8218	7	
8219	4	
8220	4	
8221	1	
8222	4	
8223	5	
8224	9	
8225	5	
8226	6	
8227	2	
8228	2	
8229	2	
8230	5	
8231	2	
8232	9	
8233	3	
8234	4	
8235	6	
8236	5	
8237	9	
8238	8	
8239	1	
8240	3	
8241	3	
8242	3	
8243	4	
8244	3	
8245	1	
8246	1	
8247	2	
8248	2	
8249	3	
8250	1	
8251	2	
8252	5	
8253	8	
8254	7	
8255	9	
8256	8	
8257	6	
8258	9	
8259	8	
8260	8	
8261	8	
8262	2	
8263	5	
8264	8	
8265	6	
8266	4	
8267	9	
8268	3	
8269	10	
8270	6	
8271	8	
8272	9	
8273	6	
8274	5	
8275	8	
8276	10	
8277	1	
8278	2	
8279	5	
8280	5	
8281	8	
8282	8	
8283	4	
8284	5	
8285	10	
8286	7	
8287	6	
8288	4	
8289	3	
8290	4	
8291	4	
8292	5	
8293	1	
8294	5	
8295	8	
8296	7	
8297	3	
8298	9	
8299	1	
8300	1	
8301	4	
8302	8	
8303	4	
8304	4	
8305	3	
8306	4	
8307	9	
8308	5	
8309	7	
8310	4	
8311	9	
8312	9	
8313	7	
8314	9	
8315	3	
8316	9	
8317	9	
8318	7	
8319	7	
8320	6	
8321	10	
8322	6	
8323	9	
8324	2	
8325	5	
8326	7	
8327	1	
8328	5	
8329	3	
8330	3	
8331	1	
8332	7	
8333	9	
8334	7	
8335	9	
8336	2	
8337	7	
8338	7	
8339	2	
8340	2	
8341	7	
8342	3	
8343	7	
8344	7	
8345	8	
8346	9	
8347	7	
8348	9	
8349	4	
8350	2	
8351	3	
8352	6	
8353	7	
8354	6	
8355	4	
8356	4	
8357	1	
8358	5	
8359	8	
8360	5	
8361	1	
8362	8	
8363	1	
8364	2	
8365	6	
8366	1	
8367	10	
8368	9	
8369	4	
8370	6	
8371	10	
8372	10	
8373	7	
8374	9	
8375	6	
8376	7	
8377	2	
8378	8	
8379	10	
8380	6	
8381	3	
8382	10	
8383	8	
8384	7	
8385	6	
8386	9	
8387	7	
8388	4	
8389	10	
8390	10	
8391	8	
8392	10	
8393	7	
8394	10	
8395	6	
8396	5	
8397	2	
8398	9	
8399	4	
8400	2	
8401	1	
8402	10	
8403	6	
8404	8	
8405	6	
8406	8	
8407	5	
8408	6	
8409	8	
8410	1	
8411	1	
8412	5	
8413	4	
8414	1	
8415	7	
8416	2	
8417	1	
8418	8	
8419	3	
8420	2	
8421	1	
8422	1	
8423	3	
8424	7	
8425	2	
8426	3	
8427	7	
8428	6	
8429	3	
8430	10	
8431	4	
8432	7	
8433	7	
8434	4	
8435	1	
8436	2	
8437	10	
8438	9	
8439	3	
8440	7	
8441	4	
8442	5	
8443	2	
8444	9	
8445	3	
8446	1	
8447	5	
8448	7	
8449	4	
8450	3	
8451	7	
8452	3	
8453	5	
8454	4	
8455	4	
8456	7	
8457	1	
8458	2	
8459	4	
8460	4	
8461	4	
8462	10	
8463	10	
8464	10	
8465	7	
8466	1	
8467	1	
8468	7	
8469	4	
8470	1	
8471	4	
8472	3	
8473	1	
8474	9	
8475	7	
8476	1	
8477	4	
8478	9	
8479	7	
8480	1	
8481	7	
8482	1	
8483	10	
8484	8	
8485	2	
8486	6	
8487	3	
8488	10	
8489	2	
8490	9	
8491	9	
8492	6	
8493	6	
8494	8	
8495	5	
8496	2	
8497	7	
8498	8	
8499	1	
8500	4	
8501	5	
8502	2	
8503	4	
8504	1	
8505	6	
8506	8	
8507	2	
8508	7	
8509	8	
8510	6	
8511	6	
8512	3	
8513	10	
8514	5	
8515	4	
8516	1	
8517	3	
8518	10	
8519	3	
8520	3	
8521	1	
8522	3	
8523	4	
8524	2	
8525	7	
8526	1	
8527	4	
8528	6	
8529	6	
8530	3	
8531	6	
8532	8	
8533	1	
8534	1	
8535	4	
8536	1	
8537	2	
8538	6	
8539	3	
8540	10	
8541	1	
8542	2	
8543	10	
8544	7	
8545	4	
8546	5	
8547	8	
8548	9	
8549	7	
8550	6	
8551	2	
8552	7	
8553	10	
8554	9	
8555	2	
8556	1	
8557	6	
8558	6	
8559	4	
8560	5	
8561	9	
8562	4	
8563	1	
8564	8	
8565	5	
8566	3	
8567	4	
8568	4	
8569	6	
8570	10	
8571	7	
8572	1	
8573	6	
8574	6	
8575	8	
8576	10	
8577	9	
8578	8	
8579	7	
8580	5	
8581	4	
8582	5	
8583	2	
8584	6	
8585	2	
8586	9	
8587	8	
8588	6	
8589	7	
8590	6	
8591	8	
8592	6	
8593	2	
8594	8	
8595	8	
8596	10	
8597	6	
8598	3	
8599	5	
8600	7	
8601	8	
8602	1	
8603	4	
8604	10	
8605	8	
8606	9	
8607	9	
8608	5	
8609	2	
8610	3	
8611	8	
8612	3	
8613	1	
8614	6	
8615	1	
8616	3	
8617	10	
8618	6	
8619	10	
8620	6	
8621	2	
8622	5	
8623	6	
8624	1	
8625	8	
8626	5	
8627	2	
8628	1	
8629	4	
8630	9	
8631	3	
8632	1	
8633	3	
8634	5	
8635	8	
8636	4	
8637	7	
8638	10	
8639	6	
8640	3	
8641	10	
8642	9	
8643	4	
8644	6	
8645	3	
8646	8	
8647	2	
8648	1	
8649	4	
8650	7	
8651	9	
8652	2	
8653	9	
8654	10	
8655	3	
8656	5	
8657	4	
8658	9	
8659	8	
8660	10	
8661	8	
8662	6	
8663	2	
8664	9	
8665	6	
8666	6	
8667	4	
8668	6	
8669	2	
8670	7	
8671	8	
8672	5	
8673	3	
8674	3	
8675	9	
8676	4	
8677	5	
8678	8	
8679	6	
8680	3	
8681	1	
8682	9	
8683	10	
8684	4	
8685	6	
8686	8	
8687	2	
8688	1	
8689	5	
8690	9	
8691	4	
8692	1	
8693	6	
8694	5	
8695	9	
8696	5	
8697	9	
8698	6	
8699	6	
8700	8	
8701	10	
8702	3	
8703	5	
8704	7	
8705	10	
8706	1	
8707	8	
8708	7	
8709	4	
8710	2	
8711	10	
8712	4	
8713	2	
8714	2	
8715	10	
8716	1	
8717	6	
8718	5	
8719	9	
8720	10	
8721	6	
8722	8	
8723	6	
8724	9	
8725	4	
8726	1	
8727	6	
8728	5	
8729	3	
8730	7	
8731	4	
8732	1	
8733	9	
8734	3	
8735	7	
8736	10	
8737	2	
8738	4	
8739	4	
8740	5	
8741	2	
8742	7	
8743	1	
8744	4	
8745	10	
8746	7	
8747	7	
8748	8	
8749	5	
8750	4	
8751	9	
8752	3	
8753	1	
8754	8	
8755	6	
8756	3	
8757	4	
8758	1	
8759	9	
8760	6	
8761	5	
8762	7	
8763	4	
8764	5	
8765	8	
8766	9	
8767	9	
8768	9	
8769	10	
8770	9	
8771	9	
8772	10	
8773	4	
8774	10	
8775	3	
8776	4	
8777	7	
8778	5	
8779	4	
8780	3	
8781	7	
8782	4	
8783	1	
8784	2	
8785	1	
8786	8	
8787	4	
8788	10	
8789	4	
8790	7	
8791	8	
8792	6	
8793	10	
8794	5	
8795	2	
8796	6	
8797	2	
8798	8	
8799	9	
8800	4	
8801	9	
8802	2	
8803	10	
8804	8	
8805	1	
8806	10	
8807	9	
8808	1	
8809	2	
8810	2	
8811	6	
8812	7	
8813	7	
8814	2	
8815	3	
8816	4	
8817	1	
8818	9	
8819	6	
8820	1	
8821	4	
8822	6	
8823	9	
8824	6	
8825	2	
8826	5	
8827	1	
8828	4	
8829	6	
8830	8	
8831	2	
8832	2	
8833	7	
8834	6	
8835	6	
8836	5	
8837	9	
8838	5	
8839	4	
8840	5	
8841	2	
8842	2	
8843	4	
8844	2	
8845	10	
8846	9	
8847	1	
8848	4	
8849	9	
8850	4	
8851	1	
8852	2	
8853	10	
8854	5	
8855	6	
8856	6	
8857	6	
8858	3	
8859	9	
8860	3	
8861	1	
8862	9	
8863	4	
8864	8	
8865	8	
8866	4	
8867	2	
8868	7	
8869	9	
8870	8	
8871	4	
8872	3	
8873	7	
8874	6	
8875	9	
8876	10	
8877	7	
8878	9	
8879	8	
8880	6	
8881	7	
8882	9	
8883	9	
8884	6	
8885	6	
8886	6	
8887	4	
8888	8	
8889	3	
8890	4	
8891	7	
8892	2	
8893	5	
8894	1	
8895	1	
8896	5	
8897	3	
8898	3	
8899	1	
8900	5	
8901	6	
8902	8	
8903	6	
8904	8	
8905	6	
8906	6	
8907	3	
8908	9	
8909	9	
8910	5	
8911	8	
8912	9	
8913	1	
8914	9	
8915	9	
8916	10	
8917	3	
8918	2	
8919	8	
8920	5	
8921	2	
8922	8	
8923	5	
8924	5	
8925	9	
8926	10	
8927	4	
8928	8	
8929	10	
8930	2	
8931	5	
8932	3	
8933	9	
8934	9	
8935	9	
8936	1	
8937	10	
8938	10	
8939	6	
8940	6	
8941	5	
8942	4	
8943	1	
8944	6	
8945	7	
8946	3	
8947	8	
8948	8	
8949	1	
8950	8	
8951	6	
8952	6	
8953	4	
8954	5	
8955	4	
8956	6	
8957	2	
8958	4	
8959	2	
8960	7	
8961	6	
8962	3	
8963	3	
8964	10	
8965	7	
8966	3	
8967	4	
8968	8	
8969	10	
8970	7	
8971	9	
8972	10	
8973	5	
8974	10	
8975	10	
8976	10	
8977	1	
8978	1	
8979	4	
8980	5	
8981	7	
8982	7	
8983	7	
8984	8	
8985	9	
8986	7	
8987	3	
8988	8	
8989	10	
8990	9	
8991	4	
8992	5	
8993	1	
8994	3	
8995	2	
8996	7	
8997	4	
8998	10	
8999	6	
9000	4	
9001	5	
9002	2	
9003	4	
9004	4	
9005	3	
9006	8	
9007	5	
9008	3	
9009	6	
9010	2	
9011	4	
9012	8	
9013	2	
9014	3	
9015	4	
9016	10	
9017	2	
9018	4	
9019	3	
9020	4	
9021	8	
9022	5	
9023	1	
9024	3	
9025	9	
9026	5	
9027	8	
9028	8	
9029	3	
9030	2	
9031	3	
9032	6	
9033	7	
9034	8	
9035	8	
9036	7	
9037	1	
9038	5	
9039	2	
9040	8	
9041	8	
9042	3	
9043	7	
9044	10	
9045	8	
9046	9	
9047	4	
9048	2	
9049	8	
9050	5	
9051	7	
9052	9	
9053	8	
9054	5	
9055	3	
9056	7	
9057	9	
9058	1	
9059	6	
9060	2	
9061	9	
9062	1	
9063	4	
9064	9	
9065	9	
9066	8	
9067	1	
9068	10	
9069	2	
9070	4	
9071	1	
9072	10	
9073	1	
9074	7	
9075	1	
9076	8	
9077	4	
9078	8	
9079	9	
9080	9	
9081	9	
9082	4	
9083	3	
9084	6	
9085	8	
9086	7	
9087	1	
9088	8	
9089	10	
9090	10	
9091	3	
9092	8	
9093	10	
9094	2	
9095	2	
9096	6	
9097	4	
9098	6	
9099	9	
9100	3	
9101	2	
9102	2	
9103	10	
9104	9	
9105	2	
9106	3	
9107	9	
9108	10	
9109	3	
9110	4	
9111	8	
9112	2	
9113	10	
9114	3	
9115	4	
9116	4	
9117	4	
9118	2	
9119	10	
9120	7	
9121	1	
9122	7	
9123	4	
9124	4	
9125	5	
9126	5	
9127	7	
9128	1	
9129	5	
9130	7	
9131	5	
9132	6	
9133	4	
9134	3	
9135	8	
9136	1	
9137	1	
9138	7	
9139	10	
9140	9	
9141	9	
9142	3	
9143	10	
9144	6	
9145	4	
9146	3	
9147	1	
9148	9	
9149	1	
9150	9	
9151	5	
9152	5	
9153	9	
9154	9	
9155	1	
9156	5	
9157	5	
9158	10	
9159	6	
9160	7	
9161	1	
9162	10	
9163	2	
9164	6	
9165	9	
9166	2	
9167	7	
9168	5	
9169	2	
9170	8	
9171	1	
9172	10	
9173	5	
9174	6	
9175	10	
9176	1	
9177	4	
9178	4	
9179	7	
9180	8	
9181	6	
9182	4	
9183	6	
9184	3	
9185	2	
9186	10	
9187	3	
9188	1	
9189	3	
9190	4	
9191	9	
9192	1	
9193	4	
9194	10	
9195	7	
9196	5	
9197	7	
9198	4	
9199	7	
9200	9	
9201	7	
9202	9	
9203	7	
9204	1	
9205	9	
9206	9	
9207	7	
9208	10	
9209	9	
9210	4	
9211	4	
9212	10	
9213	6	
9214	2	
9215	8	
9216	9	
9217	5	
9218	7	
9219	7	
9220	6	
9221	6	
9222	3	
9223	4	
9224	7	
9225	4	
9226	6	
9227	3	
9228	3	
9229	3	
9230	5	
9231	9	
9232	5	
9233	10	
9234	5	
9235	4	
9236	7	
9237	5	
9238	6	
9239	9	
9240	4	
9241	3	
9242	1	
9243	3	
9244	5	
9245	8	
9246	2	
9247	6	
9248	2	
9249	1	
9250	5	
9251	3	
9252	6	
9253	2	
9254	9	
9255	9	
9256	2	
9257	2	
9258	6	
9259	8	
9260	1	
9261	8	
9262	2	
9263	7	
9264	4	
9265	2	
9266	9	
9267	7	
9268	1	
9269	9	
9270	2	
9271	7	
9272	1	
9273	1	
9274	5	
9275	9	
9276	2	
9277	9	
9278	4	
9279	2	
9280	7	
9281	7	
9282	4	
9283	9	
9284	5	
9285	8	
9286	7	
9287	9	
9288	7	
9289	6	
9290	3	
9291	9	
9292	8	
9293	9	
9294	8	
9295	5	
9296	1	
9297	9	
9298	5	
9299	3	
9300	10	
9301	1	
9302	1	
9303	6	
9304	1	
9305	8	
9306	3	
9307	4	
9308	8	
9309	3	
9310	3	
9311	8	
9312	1	
9313	4	
9314	6	
9315	4	
9316	9	
9317	5	
9318	4	
9319	5	
9320	9	
9321	3	
9322	8	
9323	9	
9324	10	
9325	1	
9326	2	
9327	9	
9328	7	
9329	2	
9330	9	
9331	1	
9332	7	
9333	3	
9334	5	
9335	4	
9336	2	
9337	8	
9338	7	
9339	1	
9340	4	
9341	6	
9342	7	
9343	6	
9344	2	
9345	10	
9346	4	
9347	10	
9348	7	
9349	7	
9350	10	
9351	6	
9352	3	
9353	5	
9354	9	
9355	7	
9356	8	
9357	2	
9358	9	
9359	5	
9360	7	
9361	3	
9362	4	
9363	3	
9364	2	
9365	3	
9366	8	
9367	2	
9368	10	
9369	8	
9370	4	
9371	7	
9372	4	
9373	5	
9374	6	
9375	9	
9376	7	
9377	10	
9378	6	
9379	1	
9380	4	
9381	7	
9382	2	
9383	3	
9384	5	
9385	8	
9386	3	
9387	10	
9388	7	
9389	7	
9390	9	
9391	8	
9392	5	
9393	9	
9394	10	
9395	4	
9396	2	
9397	5	
9398	4	
9399	9	
9400	7	
9401	3	
9402	10	
9403	1	
9404	1	
9405	2	
9406	10	
9407	10	
9408	1	
9409	5	
9410	8	
9411	4	
9412	2	
9413	8	
9414	1	
9415	5	
9416	2	
9417	9	
9418	5	
9419	2	
9420	2	
9421	7	
9422	7	
9423	4	
9424	2	
9425	6	
9426	4	
9427	5	
9428	2	
9429	8	
9430	9	
9431	5	
9432	10	
9433	8	
9434	8	
9435	8	
9436	2	
9437	9	
9438	3	
9439	3	
9440	10	
9441	1	
9442	5	
9443	1	
9444	2	
9445	9	
9446	10	
9447	10	
9448	3	
9449	7	
9450	5	
9451	4	
9452	3	
9453	6	
9454	4	
9455	9	
9456	9	
9457	10	
9458	10	
9459	4	
9460	10	
9461	6	
9462	10	
9463	3	
9464	5	
9465	8	
9466	6	
9467	4	
9468	10	
9469	7	
9470	7	
9471	9	
9472	8	
9473	1	
9474	7	
9475	4	
9476	1	
9477	1	
9478	3	
9479	10	
9480	6	
9481	1	
9482	2	
9483	1	
9484	7	
9485	1	
9486	10	
9487	8	
9488	7	
9489	7	
9490	6	
9491	3	
9492	5	
9493	2	
9494	2	
9495	1	
9496	5	
9497	7	
9498	2	
9499	4	
9500	10	
9501	1	
9502	6	
9503	7	
9504	7	
9505	6	
9506	10	
9507	9	
9508	4	
9509	10	
9510	1	
9511	6	
9512	2	
9513	2	
9514	2	
9515	1	
9516	7	
9517	1	
9518	4	
9519	1	
9520	7	
9521	8	
9522	9	
9523	6	
9524	10	
9525	1	
9526	9	
9527	7	
9528	5	
9529	8	
9530	4	
9531	5	
9532	4	
9533	7	
9534	8	
9535	10	
9536	9	
9537	7	
9538	6	
9539	2	
9540	7	
9541	9	
9542	5	
9543	2	
9544	8	
9545	4	
9546	5	
9547	5	
9548	1	
9549	9	
9550	7	
9551	10	
9552	5	
9553	10	
9554	4	
9555	5	
9556	8	
9557	5	
9558	8	
9559	3	
9560	3	
9561	2	
9562	7	
9563	3	
9564	5	
9565	2	
9566	2	
9567	4	
9568	2	
9569	8	
9570	1	
9571	9	
9572	1	
9573	3	
9574	1	
9575	2	
9576	7	
9577	8	
9578	9	
9579	10	
9580	2	
9581	5	
9582	6	
9583	9	
9584	2	
9585	10	
9586	4	
9587	8	
9588	6	
9589	7	
9590	10	
9591	7	
9592	4	
9593	5	
9594	10	
9595	1	
9596	6	
9597	1	
9598	2	
9599	2	
9600	9	
9601	10	
9602	7	
9603	9	
9604	3	
9605	4	
9606	10	
9607	8	
9608	10	
9609	5	
9610	4	
9611	2	
9612	1	
9613	10	
9614	6	
9615	10	
9616	1	
9617	9	
9618	6	
9619	6	
9620	10	
9621	2	
9622	10	
9623	5	
9624	9	
9625	8	
9626	4	
9627	2	
9628	5	
9629	9	
9630	1	
9631	9	
9632	8	
9633	8	
9634	5	
9635	5	
9636	10	
9637	1	
9638	3	
9639	4	
9640	5	
9641	6	
9642	10	
9643	2	
9644	1	
9645	1	
9646	3	
9647	10	
9648	2	
9649	5	
9650	2	
9651	1	
9652	7	
9653	10	
9654	2	
9655	4	
9656	2	
9657	2	
9658	10	
9659	9	
9660	7	
9661	8	
9662	2	
9663	9	
9664	3	
9665	10	
9666	4	
9667	7	
9668	8	
9669	7	
9670	7	
9671	3	
9672	1	
9673	5	
9674	3	
9675	6	
9676	5	
9677	4	
9678	10	
9679	3	
9680	10	
9681	1	
9682	1	
9683	8	
9684	8	
9685	2	
9686	7	
9687	1	
9688	10	
9689	4	
9690	4	
9691	3	
9692	5	
9693	7	
9694	1	
9695	9	
9696	1	
9697	6	
9698	10	
9699	6	
9700	8	
9701	3	
9702	9	
9703	3	
9704	3	
9705	9	
9706	5	
9707	8	
9708	9	
9709	9	
9710	6	
9711	5	
9712	2	
9713	8	
9714	6	
9715	10	
9716	7	
9717	6	
9718	10	
9719	2	
9720	2	
9721	3	
9722	7	
9723	10	
9724	8	
9725	1	
9726	9	
9727	5	
9728	2	
9729	9	
9730	6	
9731	9	
9732	3	
9733	10	
9734	5	
9735	5	
9736	7	
9737	7	
9738	5	
9739	8	
9740	8	
9741	1	
9742	1	
9743	5	
9744	7	
9745	6	
9746	3	
9747	1	
9748	7	
9749	2	
9750	10	
9751	8	
9752	7	
9753	3	
9754	2	
9755	7	
9756	9	
9757	8	
9758	3	
9759	5	
9760	6	
9761	1	
9762	3	
9763	1	
9764	9	
9765	10	
9766	2	
9767	9	
9768	10	
9769	5	
9770	5	
9771	2	
9772	9	
9773	4	
9774	2	
9775	1	
9776	1	
9777	4	
9778	9	
9779	8	
9780	1	
9781	4	
9782	6	
9783	4	
9784	8	
9785	3	
9786	5	
9787	3	
9788	8	
9789	7	
9790	5	
9791	5	
9792	2	
9793	10	
9794	10	
9795	1	
9796	2	
9797	2	
9798	7	
9799	10	
9800	3	
9801	3	
9802	10	
9803	8	
9804	1	
9805	8	
9806	2	
9807	1	
9808	5	
9809	7	
9810	8	
9811	2	
9812	4	
9813	6	
9814	8	
9815	5	
9816	1	
9817	10	
9818	7	
9819	4	
9820	8	
9821	7	
9822	6	
9823	3	
9824	9	
9825	9	
9826	8	
9827	7	
9828	8	
9829	1	
9830	8	
9831	10	
9832	1	
9833	9	
9834	5	
9835	6	
9836	2	
9837	4	
9838	4	
9839	9	
9840	8	
9841	6	
9842	2	
9843	7	
9844	3	
9845	10	
9846	1	
9847	9	
9848	9	
9849	10	
9850	1	
9851	1	
9852	6	
9853	5	
9854	10	
9855	9	
9856	9	
9857	7	
9858	5	
9859	7	
9860	8	
9861	7	
9862	4	
9863	1	
9864	1	
9865	1	
9866	2	
9867	10	
9868	7	
9869	9	
9870	1	
9871	5	
9872	10	
9873	10	
9874	7	
9875	6	
9876	6	
9877	10	
9878	8	
9879	5	
9880	9	
9881	10	
9882	4	
9883	3	
9884	2	
9885	6	
9886	3	
9887	3	
9888	3	
9889	9	
9890	10	
9891	1	
9892	9	
9893	9	
9894	5	
9895	3	
9896	3	
9897	9	
9898	10	
9899	7	
9900	5	
9901	2	
9902	5	
9903	8	
9904	5	
9905	5	
9906	6	
9907	4	
9908	6	
9909	6	
9910	5	
9911	6	
9912	6	
9913	1	
9914	9	
9915	1	
9916	7	
9917	6	
9918	7	
9919	1	
9920	6	
9921	8	
9922	6	
9923	8	
9924	9	
9925	10	
9926	3	
9927	5	
9928	10	
9929	2	
9930	10	
9931	5	
9932	4	
9933	4	
9934	5	
9935	8	
9936	10	
9937	10	
9938	6	
9939	8	
9940	2	
9941	5	
9942	7	
9943	9	
9944	5	
9945	9	
9946	10	
9947	4	
9948	6	
9949	10	
9950	8	
9951	8	
9952	5	
9953	8	
9954	3	
9955	4	
9956	3	
9957	7	
9958	2	
9959	6	
9960	9	
9961	8	
9962	5	
9963	7	
9964	2	
9965	8	
9966	2	
9967	7	
9968	7	
9969	2	
9970	10	
9971	9	
9972	1	
9973	7	
9974	5	
9975	3	
9976	8	
9977	3	
9978	10	
9979	10	
9980	7	
9981	7	
9982	6	
9983	2	
9984	2	
9985	2	
9986	6	
9987	8	
9988	6	
9989	7	
9990	9	
9991	5	
9992	6	
9993	2	
9994	7	
9995	8	
9996	7	
9997	10	
9998	8	
9999	10	
10000	10	
2745
