10000
1	89	
2	1	
3	39	
4	76	
5	41	
6	27	
7	62	
8	97	
9	38	
10	51	
11	45	
12	8	
13	21	
14	77	
15	90	
16	54	
17	86	
18	21	
19	54	
20	91	
21	90	
22	49	
23	77	
24	48	
25	6	
26	77	
27	39	
28	29	
29	39	
30	60	
31	67	
32	93	
33	17	
34	10	
35	21	
36	6	
37	1	
38	98	
39	41	
40	44	
41	48	
42	67	
43	23	
44	83	
45	52	
46	92	
47	7	
48	3	
49	88	
50	17	
51	20	
52	89	
53	70	
54	49	
55	90	
56	85	
57	94	
58	52	
59	13	
60	15	
61	90	
62	88	
63	45	
64	52	
65	57	
66	1	
67	26	
68	76	
69	49	
70	67	
71	87	
72	59	
73	95	
74	28	
75	13	
76	42	
77	88	
78	16	
79	70	
80	60	
81	27	
82	3	
83	52	
84	91	
85	99	
86	63	
87	17	
88	49	
89	91	
90	100	
91	82	
92	46	
93	62	
94	49	
95	5	
96	82	
97	74	
98	54	
99	5	
100	61	
101	94	
102	25	
103	79	
104	61	
105	38	
106	75	
107	68	
108	48	
109	28	
110	98	
111	12	
112	36	
113	42	
114	90	
115	2	
116	32	
117	8	
118	54	
119	70	
120	78	
121	29	
122	2	
123	13	
124	32	
125	54	
126	64	
127	53	
128	53	
129	36	
130	24	
131	79	
132	66	
133	20	
134	97	
135	90	
136	51	
137	66	
138	92	
139	79	
140	73	
141	76	
142	70	
143	56	
144	36	
145	42	
146	27	
147	59	
148	92	
149	38	
150	23	
151	98	
152	54	
153	3	
154	41	
155	71	
156	77	
157	79	
158	16	
159	71	
160	90	
161	74	
162	96	
163	91	
164	11	
165	98	
166	63	
167	4	
168	65	
169	7	
170	38	
171	68	
172	31	
173	34	
174	95	
175	80	
176	60	
177	51	
178	98	
179	19	
180	73	
181	32	
182	10	
183	85	
184	33	
185	10	
186	14	
187	79	
188	90	
189	85	
190	90	
191	11	
192	76	
193	73	
194	5	
195	26	
196	75	
197	57	
198	39	
199	8	
200	14	
201	84	
202	42	
203	48	
204	12	
205	64	
206	6	
207	89	
208	27	
209	52	
210	86	
211	33	
212	73	
213	36	
214	10	
215	71	
216	32	
217	89	
218	57	
219	14	
220	99	
221	43	
222	42	
223	58	
224	89	
225	49	
226	93	
227	40	
228	70	
229	60	
230	72	
231	42	
232	67	
233	54	
234	47	
235	38	
236	93	
237	14	
238	74	
239	14	
240	14	
241	26	
242	28	
243	30	
244	32	
245	59	
246	92	
247	35	
248	75	
249	33	
250	17	
251	8	
252	88	
253	62	
254	39	
255	44	
256	86	
257	93	
258	85	
259	44	
260	98	
261	60	
262	58	
263	60	
264	24	
265	44	
266	43	
267	99	
268	89	
269	6	
270	36	
271	53	
272	92	
273	65	
274	64	
275	78	
276	83	
277	56	
278	99	
279	34	
280	9	
281	18	
282	71	
283	12	
284	40	
285	97	
286	22	
287	92	
288	62	
289	98	
290	24	
291	19	
292	1	
293	1	
294	3	
295	4	
296	8	
297	3	
298	23	
299	27	
300	89	
301	77	
302	16	
303	95	
304	50	
305	28	
306	65	
307	20	
308	82	
309	17	
310	96	
311	67	
312	31	
313	71	
314	67	
315	19	
316	95	
317	38	
318	70	
319	3	
320	10	
321	75	
322	32	
323	29	
324	43	
325	38	
326	4	
327	87	
328	32	
329	71	
330	98	
331	57	
332	44	
333	50	
334	89	
335	95	
336	4	
337	88	
338	4	
339	81	
340	57	
341	58	
342	87	
343	79	
344	69	
345	37	
346	56	
347	53	
348	23	
349	94	
350	84	
351	69	
352	53	
353	97	
354	5	
355	93	
356	94	
357	72	
358	12	
359	100	
360	55	
361	7	
362	82	
363	42	
364	59	
365	51	
366	40	
367	66	
368	33	
369	60	
370	12	
371	17	
372	91	
373	57	
374	83	
375	57	
376	34	
377	28	
378	23	
379	25	
380	54	
381	4	
382	72	
383	45	
384	32	
385	92	
386	64	
387	40	
388	75	
389	3	
390	21	
391	72	
392	22	
393	28	
394	19	
395	77	
396	26	
397	97	
398	81	
399	23	
400	34	
401	29	
402	26	
403	47	
404	36	
405	3	
406	5	
407	63	
408	87	
409	39	
410	91	
411	88	
412	20	
413	2	
414	10	
415	84	
416	63	
417	56	
418	65	
419	97	
420	77	
421	70	
422	96	
423	38	
424	1	
425	61	
426	10	
427	47	
428	25	
429	95	
430	95	
431	64	
432	75	
433	91	
434	66	
435	84	
436	70	
437	11	
438	29	
439	95	
440	60	
441	47	
442	21	
443	69	
444	23	
445	96	
446	13	
447	26	
448	90	
449	40	
450	72	
451	74	
452	18	
453	42	
454	12	
455	35	
456	43	
457	68	
458	47	
459	80	
460	35	
461	54	
462	31	
463	30	
464	63	
465	13	
466	3	
467	83	
468	87	
469	7	
470	50	
471	1	
472	40	
473	99	
474	93	
475	61	
476	92	
477	12	
478	5	
479	62	
480	36	
481	72	
482	56	
483	76	
484	99	
485	86	
486	94	
487	47	
488	1	
489	6	
490	30	
491	28	
492	76	
493	6	
494	68	
495	56	
496	87	
497	4	
498	78	
499	1	
500	19	
501	100	
502	9	
503	62	
504	76	
505	24	
506	38	
507	64	
508	74	
509	48	
510	76	
511	13	
512	65	
513	17	
514	81	
515	6	
516	87	
517	19	
518	78	
519	14	
520	11	
521	46	
522	70	
523	85	
524	73	
525	94	
526	39	
527	24	
528	11	
529	40	
530	26	
531	26	
532	75	
533	5	
534	38	
535	38	
536	87	
537	6	
538	81	
539	5	
540	79	
541	92	
542	19	
543	46	
544	67	
545	87	
546	33	
547	14	
548	83	
549	17	
550	23	
551	63	
552	80	
553	42	
554	28	
555	42	
556	82	
557	71	
558	12	
559	71	
560	30	
561	60	
562	80	
563	49	
564	71	
565	39	
566	8	
567	68	
568	90	
569	64	
570	14	
571	65	
572	84	
573	53	
574	21	
575	90	
576	88	
577	70	
578	82	
579	16	
580	43	
581	31	
582	14	
583	90	
584	53	
585	26	
586	95	
587	37	
588	83	
589	12	
590	46	
591	72	
592	44	
593	29	
594	76	
595	27	
596	34	
597	10	
598	91	
599	45	
600	81	
601	7	
602	100	
603	59	
604	56	
605	51	
606	16	
607	77	
608	40	
609	57	
610	76	
611	69	
612	66	
613	26	
614	39	
615	13	
616	69	
617	24	
618	12	
619	35	
620	23	
621	34	
622	54	
623	28	
624	47	
625	98	
626	14	
627	35	
628	34	
629	45	
630	49	
631	37	
632	39	
633	83	
634	76	
635	5	
636	84	
637	74	
638	57	
639	26	
640	68	
641	5	
642	92	
643	73	
644	41	
645	70	
646	5	
647	78	
648	1	
649	41	
650	19	
651	100	
652	43	
653	85	
654	16	
655	70	
656	65	
657	92	
658	97	
659	91	
660	40	
661	9	
662	52	
663	39	
664	93	
665	15	
666	37	
667	12	
668	72	
669	93	
670	43	
671	22	
672	24	
673	93	
674	98	
675	60	
676	3	
677	46	
678	61	
679	41	
680	49	
681	32	
682	95	
683	91	
684	42	
685	96	
686	79	
687	24	
688	70	
689	99	
690	77	
691	36	
692	39	
693	97	
694	56	
695	28	
696	38	
697	20	
698	4	
699	83	
700	51	
701	96	
702	63	
703	12	
704	7	
705	98	
706	30	
707	73	
708	14	
709	75	
710	74	
711	3	
712	40	
713	99	
714	97	
715	25	
716	21	
717	32	
718	96	
719	87	
720	4	
721	34	
722	8	
723	45	
724	64	
725	87	
726	98	
727	75	
728	31	
729	69	
730	93	
731	80	
732	46	
733	76	
734	5	
735	17	
736	19	
737	84	
738	79	
739	88	
740	47	
741	92	
742	37	
743	56	
744	55	
745	79	
746	8	
747	45	
748	88	
749	29	
750	94	
751	18	
752	8	
753	46	
754	67	
755	24	
756	38	
757	96	
758	34	
759	81	
760	80	
761	44	
762	51	
763	92	
764	56	
765	37	
766	60	
767	97	
768	29	
769	98	
770	90	
771	11	
772	81	
773	98	
774	14	
775	95	
776	54	
777	83	
778	65	
779	100	
780	14	
781	66	
782	42	
783	39	
784	25	
785	11	
786	37	
787	89	
788	75	
789	23	
790	72	
791	22	
792	17	
793	50	
794	7	
795	38	
796	10	
797	67	
798	29	
799	43	
800	51	
801	41	
802	26	
803	80	
804	14	
805	65	
806	72	
807	98	
808	68	
809	56	
810	24	
811	90	
812	64	
813	28	
814	48	
815	7	
816	49	
817	72	
818	44	
819	50	
820	48	
821	18	
822	27	
823	98	
824	17	
825	66	
826	21	
827	51	
828	60	
829	9	
830	79	
831	17	
832	37	
833	36	
834	100	
835	27	
836	82	
837	56	
838	8	
839	54	
840	62	
841	78	
842	12	
843	70	
844	38	
845	6	
846	91	
847	29	
848	61	
849	42	
850	77	
851	13	
852	24	
853	53	
854	92	
855	55	
856	40	
857	73	
858	20	
859	10	
860	61	
861	8	
862	40	
863	60	
864	23	
865	20	
866	51	
867	66	
868	7	
869	60	
870	46	
871	25	
872	51	
873	4	
874	22	
875	81	
876	19	
877	73	
878	52	
879	14	
880	48	
881	28	
882	95	
883	30	
884	93	
885	22	
886	50	
887	16	
888	23	
889	86	
890	77	
891	45	
892	2	
893	15	
894	29	
895	74	
896	100	
897	37	
898	5	
899	26	
900	30	
901	37	
902	97	
903	47	
904	28	
905	3	
906	42	
907	22	
908	36	
909	81	
910	23	
911	22	
912	15	
913	11	
914	67	
915	38	
916	92	
917	26	
918	30	
919	75	
920	50	
921	7	
922	3	
923	97	
924	51	
925	59	
926	77	
927	91	
928	93	
929	14	
930	35	
931	14	
932	30	
933	78	
934	78	
935	8	
936	61	
937	63	
938	67	
939	98	
940	92	
941	90	
942	3	
943	24	
944	78	
945	87	
946	13	
947	25	
948	51	
949	60	
950	100	
951	49	
952	77	
953	17	
954	19	
955	97	
956	59	
957	20	
958	74	
959	79	
960	1	
961	72	
962	84	
963	72	
964	1	
965	16	
966	48	
967	87	
968	45	
969	47	
970	54	
971	77	
972	60	
973	94	
974	41	
975	37	
976	100	
977	27	
978	56	
979	98	
980	42	
981	62	
982	31	
983	54	
984	59	
985	76	
986	69	
987	7	
988	83	
989	73	
990	16	
991	49	
992	93	
993	75	
994	54	
995	65	
996	76	
997	26	
998	52	
999	97	
1000	29	
1001	84	
1002	71	
1003	6	
1004	68	
1005	44	
1006	100	
1007	56	
1008	18	
1009	96	
1010	57	
1011	74	
1012	53	
1013	85	
1014	32	
1015	21	
1016	13	
1017	27	
1018	56	
1019	60	
1020	22	
1021	99	
1022	45	
1023	78	
1024	85	
1025	70	
1026	10	
1027	64	
1028	86	
1029	53	
1030	78	
1031	9	
1032	37	
1033	53	
1034	9	
1035	6	
1036	27	
1037	74	
1038	33	
1039	70	
1040	43	
1041	85	
1042	28	
1043	73	
1044	7	
1045	12	
1046	30	
1047	6	
1048	22	
1049	22	
1050	97	
1051	39	
1052	57	
1053	94	
1054	94	
1055	33	
1056	8	
1057	62	
1058	43	
1059	58	
1060	16	
1061	85	
1062	85	
1063	16	
1064	16	
1065	35	
1066	16	
1067	49	
1068	54	
1069	65	
1070	68	
1071	59	
1072	12	
1073	48	
1074	36	
1075	30	
1076	69	
1077	8	
1078	78	
1079	39	
1080	63	
1081	7	
1082	71	
1083	93	
1084	60	
1085	53	
1086	70	
1087	31	
1088	3	
1089	74	
1090	38	
1091	67	
1092	30	
1093	9	
1094	26	
1095	18	
1096	95	
1097	38	
1098	42	
1099	78	
1100	8	
1101	89	
1102	52	
1103	86	
1104	21	
1105	18	
1106	14	
1107	66	
1108	38	
1109	13	
1110	72	
1111	38	
1112	96	
1113	12	
1114	4	
1115	25	
1116	66	
1117	13	
1118	19	
1119	44	
1120	26	
1121	100	
1122	75	
1123	22	
1124	55	
1125	10	
1126	52	
1127	86	
1128	1	
1129	61	
1130	33	
1131	26	
1132	94	
1133	97	
1134	74	
1135	80	
1136	49	
1137	74	
1138	69	
1139	85	
1140	19	
1141	58	
1142	19	
1143	91	
1144	60	
1145	21	
1146	45	
1147	100	
1148	4	
1149	57	
1150	34	
1151	11	
1152	56	
1153	97	
1154	13	
1155	4	
1156	80	
1157	100	
1158	68	
1159	5	
1160	88	
1161	49	
1162	49	
1163	89	
1164	76	
1165	45	
1166	26	
1167	45	
1168	61	
1169	62	
1170	74	
1171	98	
1172	100	
1173	96	
1174	36	
1175	8	
1176	84	
1177	87	
1178	17	
1179	50	
1180	42	
1181	82	
1182	46	
1183	33	
1184	82	
1185	96	
1186	69	
1187	4	
1188	20	
1189	38	
1190	50	
1191	67	
1192	81	
1193	89	
1194	56	
1195	82	
1196	54	
1197	55	
1198	51	
1199	64	
1200	69	
1201	59	
1202	57	
1203	62	
1204	100	
1205	34	
1206	47	
1207	14	
1208	67	
1209	22	
1210	26	
1211	59	
1212	43	
1213	28	
1214	56	
1215	13	
1216	87	
1217	35	
1218	86	
1219	31	
1220	32	
1221	1	
1222	90	
1223	91	
1224	39	
1225	22	
1226	96	
1227	89	
1228	51	
1229	57	
1230	34	
1231	90	
1232	40	
1233	8	
1234	9	
1235	76	
1236	16	
1237	94	
1238	3	
1239	80	
1240	19	
1241	38	
1242	85	
1243	42	
1244	44	
1245	18	
1246	4	
1247	72	
1248	56	
1249	86	
1250	73	
1251	1	
1252	8	
1253	4	
1254	23	
1255	34	
1256	63	
1257	84	
1258	57	
1259	36	
1260	67	
1261	83	
1262	18	
1263	22	
1264	99	
1265	2	
1266	55	
1267	93	
1268	96	
1269	69	
1270	49	
1271	40	
1272	93	
1273	58	
1274	97	
1275	3	
1276	77	
1277	21	
1278	61	
1279	10	
1280	85	
1281	66	
1282	54	
1283	69	
1284	72	
1285	12	
1286	57	
1287	51	
1288	88	
1289	35	
1290	84	
1291	21	
1292	44	
1293	43	
1294	24	
1295	73	
1296	14	
1297	60	
1298	82	
1299	89	
1300	11	
1301	54	
1302	76	
1303	95	
1304	72	
1305	42	
1306	55	
1307	100	
1308	17	
1309	12	
1310	100	
1311	47	
1312	17	
1313	47	
1314	80	
1315	96	
1316	35	
1317	37	
1318	78	
1319	67	
1320	16	
1321	18	
1322	9	
1323	60	
1324	36	
1325	70	
1326	48	
1327	71	
1328	60	
1329	67	
1330	91	
1331	3	
1332	62	
1333	35	
1334	65	
1335	64	
1336	22	
1337	72	
1338	50	
1339	11	
1340	48	
1341	5	
1342	92	
1343	18	
1344	25	
1345	25	
1346	8	
1347	98	
1348	25	
1349	62	
1350	88	
1351	10	
1352	28	
1353	69	
1354	87	
1355	51	
1356	3	
1357	43	
1358	89	
1359	95	
1360	85	
1361	95	
1362	46	
1363	32	
1364	12	
1365	88	
1366	4	
1367	4	
1368	43	
1369	90	
1370	95	
1371	84	
1372	24	
1373	89	
1374	7	
1375	31	
1376	17	
1377	11	
1378	90	
1379	38	
1380	19	
1381	28	
1382	7	
1383	23	
1384	4	
1385	57	
1386	7	
1387	23	
1388	14	
1389	96	
1390	88	
1391	14	
1392	3	
1393	100	
1394	95	
1395	91	
1396	78	
1397	99	
1398	64	
1399	91	
1400	13	
1401	68	
1402	58	
1403	80	
1404	3	
1405	99	
1406	38	
1407	39	
1408	60	
1409	38	
1410	69	
1411	21	
1412	97	
1413	67	
1414	20	
1415	63	
1416	51	
1417	66	
1418	5	
1419	99	
1420	57	
1421	18	
1422	29	
1423	88	
1424	80	
1425	73	
1426	1	
1427	90	
1428	40	
1429	85	
1430	94	
1431	60	
1432	54	
1433	27	
1434	11	
1435	43	
1436	97	
1437	13	
1438	24	
1439	22	
1440	91	
1441	13	
1442	46	
1443	30	
1444	95	
1445	78	
1446	11	
1447	82	
1448	93	
1449	96	
1450	92	
1451	61	
1452	19	
1453	92	
1454	87	
1455	80	
1456	56	
1457	22	
1458	96	
1459	14	
1460	93	
1461	85	
1462	18	
1463	12	
1464	50	
1465	19	
1466	89	
1467	17	
1468	75	
1469	95	
1470	3	
1471	92	
1472	73	
1473	97	
1474	100	
1475	14	
1476	28	
1477	34	
1478	83	
1479	11	
1480	40	
1481	38	
1482	45	
1483	30	
1484	17	
1485	63	
1486	75	
1487	91	
1488	5	
1489	89	
1490	26	
1491	78	
1492	2	
1493	17	
1494	95	
1495	38	
1496	46	
1497	76	
1498	12	
1499	45	
1500	85	
1501	91	
1502	99	
1503	32	
1504	91	
1505	50	
1506	36	
1507	1	
1508	37	
1509	18	
1510	65	
1511	14	
1512	42	
1513	93	
1514	63	
1515	69	
1516	15	
1517	59	
1518	4	
1519	92	
1520	72	
1521	4	
1522	24	
1523	76	
1524	15	
1525	82	
1526	58	
1527	87	
1528	34	
1529	69	
1530	78	
1531	63	
1532	39	
1533	15	
1534	70	
1535	43	
1536	21	
1537	67	
1538	30	
1539	2	
1540	25	
1541	23	
1542	17	
1543	97	
1544	27	
1545	68	
1546	36	
1547	27	
1548	16	
1549	19	
1550	11	
1551	88	
1552	32	
1553	83	
1554	93	
1555	64	
1556	95	
1557	99	
1558	51	
1559	75	
1560	25	
1561	83	
1562	93	
1563	69	
1564	48	
1565	87	
1566	49	
1567	4	
1568	98	
1569	49	
1570	33	
1571	2	
1572	25	
1573	57	
1574	94	
1575	82	
1576	96	
1577	84	
1578	61	
1579	28	
1580	61	
1581	8	
1582	88	
1583	19	
1584	75	
1585	63	
1586	3	
1587	44	
1588	11	
1589	45	
1590	17	
1591	77	
1592	24	
1593	45	
1594	1	
1595	89	
1596	45	
1597	4	
1598	79	
1599	40	
1600	75	
1601	31	
1602	70	
1603	41	
1604	69	
1605	59	
1606	93	
1607	42	
1608	77	
1609	81	
1610	49	
1611	79	
1612	50	
1613	17	
1614	42	
1615	96	
1616	6	
1617	56	
1618	91	
1619	58	
1620	94	
1621	96	
1622	84	
1623	54	
1624	59	
1625	80	
1626	43	
1627	75	
1628	93	
1629	34	
1630	78	
1631	11	
1632	3	
1633	62	
1634	1	
1635	78	
1636	76	
1637	42	
1638	86	
1639	4	
1640	38	
1641	54	
1642	22	
1643	41	
1644	58	
1645	39	
1646	94	
1647	40	
1648	52	
1649	26	
1650	36	
1651	50	
1652	1	
1653	59	
1654	78	
1655	82	
1656	89	
1657	63	
1658	95	
1659	8	
1660	25	
1661	12	
1662	95	
1663	96	
1664	72	
1665	14	
1666	41	
1667	50	
1668	3	
1669	78	
1670	36	
1671	13	
1672	30	
1673	88	
1674	24	
1675	61	
1676	38	
1677	2	
1678	16	
1679	35	
1680	30	
1681	12	
1682	91	
1683	93	
1684	48	
1685	79	
1686	13	
1687	36	
1688	15	
1689	96	
1690	21	
1691	52	
1692	84	
1693	27	
1694	5	
1695	76	
1696	11	
1697	34	
1698	67	
1699	8	
1700	45	
1701	18	
1702	16	
1703	100	
1704	73	
1705	70	
1706	12	
1707	69	
1708	97	
1709	25	
1710	55	
1711	40	
1712	44	
1713	30	
1714	24	
1715	15	
1716	2	
1717	47	
1718	53	
1719	65	
1720	53	
1721	88	
1722	76	
1723	35	
1724	84	
1725	31	
1726	29	
1727	70	
1728	55	
1729	31	
1730	38	
1731	49	
1732	27	
1733	47	
1734	93	
1735	74	
1736	13	
1737	50	
1738	34	
1739	74	
1740	96	
1741	77	
1742	92	
1743	20	
1744	65	
1745	26	
1746	26	
1747	7	
1748	32	
1749	85	
1750	20	
1751	89	
1752	18	
1753	10	
1754	28	
1755	88	
1756	78	
1757	95	
1758	23	
1759	64	
1760	78	
1761	53	
1762	95	
1763	85	
1764	69	
1765	32	
1766	20	
1767	71	
1768	88	
1769	13	
1770	42	
1771	3	
1772	95	
1773	94	
1774	98	
1775	86	
1776	6	
1777	94	
1778	82	
1779	79	
1780	78	
1781	74	
1782	15	
1783	95	
1784	34	
1785	92	
1786	3	
1787	43	
1788	45	
1789	60	
1790	6	
1791	55	
1792	72	
1793	95	
1794	2	
1795	40	
1796	2	
1797	62	
1798	53	
1799	11	
1800	14	
1801	86	
1802	3	
1803	14	
1804	9	
1805	71	
1806	62	
1807	95	
1808	26	
1809	54	
1810	100	
1811	80	
1812	31	
1813	73	
1814	21	
1815	71	
1816	83	
1817	59	
1818	23	
1819	6	
1820	75	
1821	54	
1822	79	
1823	62	
1824	67	
1825	10	
1826	10	
1827	96	
1828	63	
1829	1	
1830	11	
1831	77	
1832	80	
1833	23	
1834	34	
1835	7	
1836	47	
1837	13	
1838	24	
1839	67	
1840	86	
1841	59	
1842	11	
1843	88	
1844	28	
1845	8	
1846	96	
1847	71	
1848	95	
1849	54	
1850	16	
1851	67	
1852	41	
1853	68	
1854	85	
1855	51	
1856	73	
1857	82	
1858	88	
1859	28	
1860	84	
1861	64	
1862	19	
1863	5	
1864	98	
1865	32	
1866	86	
1867	71	
1868	48	
1869	39	
1870	23	
1871	9	
1872	74	
1873	85	
1874	15	
1875	7	
1876	48	
1877	31	
1878	89	
1879	21	
1880	19	
1881	98	
1882	95	
1883	2	
1884	6	
1885	59	
1886	42	
1887	58	
1888	34	
1889	14	
1890	8	
1891	62	
1892	16	
1893	52	
1894	97	
1895	29	
1896	24	
1897	3	
1898	100	
1899	54	
1900	26	
1901	66	
1902	68	
1903	14	
1904	33	
1905	11	
1906	66	
1907	77	
1908	36	
1909	28	
1910	23	
1911	61	
1912	86	
1913	83	
1914	88	
1915	68	
1916	67	
1917	94	
1918	31	
1919	57	
1920	95	
1921	78	
1922	93	
1923	79	
1924	80	
1925	93	
1926	24	
1927	87	
1928	37	
1929	46	
1930	28	
1931	100	
1932	38	
1933	30	
1934	95	
1935	6	
1936	12	
1937	98	
1938	90	
1939	45	
1940	36	
1941	92	
1942	23	
1943	81	
1944	17	
1945	8	
1946	87	
1947	73	
1948	88	
1949	22	
1950	15	
1951	33	
1952	28	
1953	84	
1954	36	
1955	15	
1956	32	
1957	98	
1958	57	
1959	59	
1960	89	
1961	41	
1962	5	
1963	40	
1964	15	
1965	2	
1966	23	
1967	100	
1968	31	
1969	82	
1970	36	
1971	52	
1972	19	
1973	74	
1974	33	
1975	30	
1976	95	
1977	58	
1978	7	
1979	36	
1980	20	
1981	7	
1982	88	
1983	49	
1984	73	
1985	46	
1986	68	
1987	77	
1988	31	
1989	92	
1990	11	
1991	98	
1992	10	
1993	65	
1994	96	
1995	7	
1996	91	
1997	83	
1998	89	
1999	97	
2000	37	
2001	78	
2002	31	
2003	33	
2004	54	
2005	28	
2006	68	
2007	87	
2008	5	
2009	52	
2010	8	
2011	99	
2012	12	
2013	64	
2014	70	
2015	83	
2016	37	
2017	76	
2018	55	
2019	77	
2020	30	
2021	34	
2022	59	
2023	72	
2024	66	
2025	6	
2026	92	
2027	40	
2028	14	
2029	41	
2030	64	
2031	4	
2032	55	
2033	55	
2034	52	
2035	21	
2036	65	
2037	71	
2038	49	
2039	30	
2040	87	
2041	51	
2042	36	
2043	7	
2044	99	
2045	18	
2046	43	
2047	16	
2048	68	
2049	80	
2050	38	
2051	21	
2052	20	
2053	21	
2054	41	
2055	36	
2056	1	
2057	67	
2058	86	
2059	84	
2060	54	
2061	91	
2062	81	
2063	6	
2064	73	
2065	65	
2066	2	
2067	80	
2068	11	
2069	70	
2070	87	
2071	96	
2072	88	
2073	83	
2074	60	
2075	83	
2076	42	
2077	73	
2078	57	
2079	55	
2080	28	
2081	75	
2082	64	
2083	59	
2084	90	
2085	97	
2086	80	
2087	56	
2088	33	
2089	9	
2090	46	
2091	75	
2092	81	
2093	90	
2094	64	
2095	11	
2096	58	
2097	31	
2098	62	
2099	81	
2100	33	
2101	70	
2102	39	
2103	20	
2104	49	
2105	75	
2106	95	
2107	48	
2108	45	
2109	84	
2110	100	
2111	89	
2112	31	
2113	64	
2114	35	
2115	7	
2116	8	
2117	17	
2118	21	
2119	37	
2120	43	
2121	24	
2122	7	
2123	44	
2124	55	
2125	58	
2126	84	
2127	46	
2128	26	
2129	62	
2130	44	
2131	53	
2132	54	
2133	7	
2134	25	
2135	71	
2136	86	
2137	4	
2138	59	
2139	21	
2140	11	
2141	60	
2142	29	
2143	38	
2144	49	
2145	65	
2146	71	
2147	22	
2148	45	
2149	82	
2150	23	
2151	81	
2152	70	
2153	63	
2154	74	
2155	48	
2156	77	
2157	42	
2158	14	
2159	84	
2160	23	
2161	73	
2162	8	
2163	44	
2164	99	
2165	16	
2166	96	
2167	65	
2168	42	
2169	50	
2170	25	
2171	52	
2172	89	
2173	60	
2174	4	
2175	29	
2176	79	
2177	27	
2178	97	
2179	52	
2180	34	
2181	40	
2182	24	
2183	100	
2184	64	
2185	19	
2186	91	
2187	42	
2188	3	
2189	58	
2190	10	
2191	5	
2192	27	
2193	53	
2194	45	
2195	97	
2196	72	
2197	54	
2198	89	
2199	69	
2200	94	
2201	24	
2202	52	
2203	50	
2204	11	
2205	21	
2206	8	
2207	83	
2208	69	
2209	77	
2210	61	
2211	81	
2212	26	
2213	86	
2214	49	
2215	30	
2216	2	
2217	88	
2218	17	
2219	31	
2220	64	
2221	40	
2222	95	
2223	100	
2224	2	
2225	78	
2226	79	
2227	76	
2228	48	
2229	100	
2230	8	
2231	56	
2232	90	
2233	51	
2234	57	
2235	54	
2236	48	
2237	75	
2238	2	
2239	4	
2240	6	
2241	4	
2242	11	
2243	44	
2244	10	
2245	93	
2246	57	
2247	78	
2248	27	
2249	37	
2250	69	
2251	75	
2252	70	
2253	42	
2254	54	
2255	18	
2256	26	
2257	51	
2258	15	
2259	79	
2260	84	
2261	48	
2262	12	
2263	65	
2264	69	
2265	14	
2266	84	
2267	69	
2268	41	
2269	97	
2270	14	
2271	95	
2272	27	
2273	48	
2274	22	
2275	66	
2276	58	
2277	28	
2278	30	
2279	21	
2280	32	
2281	71	
2282	23	
2283	49	
2284	94	
2285	28	
2286	50	
2287	34	
2288	16	
2289	29	
2290	57	
2291	32	
2292	24	
2293	71	
2294	22	
2295	45	
2296	28	
2297	22	
2298	36	
2299	75	
2300	21	
2301	16	
2302	23	
2303	24	
2304	24	
2305	92	
2306	14	
2307	50	
2308	65	
2309	20	
2310	32	
2311	10	
2312	80	
2313	89	
2314	86	
2315	98	
2316	50	
2317	95	
2318	48	
2319	65	
2320	87	
2321	56	
2322	49	
2323	72	
2324	91	
2325	60	
2326	73	
2327	88	
2328	70	
2329	71	
2330	26	
2331	27	
2332	9	
2333	23	
2334	26	
2335	13	
2336	76	
2337	37	
2338	5	
2339	77	
2340	12	
2341	1	
2342	81	
2343	54	
2344	53	
2345	72	
2346	18	
2347	6	
2348	62	
2349	23	
2350	100	
2351	87	
2352	49	
2353	99	
2354	62	
2355	78	
2356	18	
2357	97	
2358	66	
2359	37	
2360	44	
2361	84	
2362	38	
2363	98	
2364	29	
2365	7	
2366	43	
2367	28	
2368	48	
2369	62	
2370	81	
2371	26	
2372	91	
2373	78	
2374	35	
2375	1	
2376	4	
2377	64	
2378	81	
2379	20	
2380	2	
2381	92	
2382	93	
2383	99	
2384	87	
2385	67	
2386	53	
2387	23	
2388	64	
2389	62	
2390	73	
2391	9	
2392	18	
2393	14	
2394	95	
2395	56	
2396	20	
2397	44	
2398	5	
2399	41	
2400	28	
2401	24	
2402	98	
2403	51	
2404	37	
2405	76	
2406	82	
2407	86	
2408	32	
2409	84	
2410	29	
2411	17	
2412	45	
2413	53	
2414	68	
2415	78	
2416	92	
2417	15	
2418	85	
2419	82	
2420	70	
2421	9	
2422	78	
2423	64	
2424	35	
2425	93	
2426	94	
2427	12	
2428	19	
2429	2	
2430	100	
2431	58	
2432	7	
2433	7	
2434	77	
2435	77	
2436	35	
2437	75	
2438	3	
2439	2	
2440	3	
2441	33	
2442	42	
2443	81	
2444	36	
2445	11	
2446	29	
2447	72	
2448	57	
2449	40	
2450	59	
2451	56	
2452	48	
2453	71	
2454	100	
2455	13	
2456	28	
2457	60	
2458	62	
2459	99	
2460	66	
2461	64	
2462	70	
2463	89	
2464	98	
2465	26	
2466	58	
2467	51	
2468	69	
2469	22	
2470	90	
2471	65	
2472	6	
2473	86	
2474	94	
2475	3	
2476	54	
2477	29	
2478	99	
2479	68	
2480	38	
2481	14	
2482	11	
2483	1	
2484	65	
2485	23	
2486	11	
2487	65	
2488	88	
2489	44	
2490	8	
2491	80	
2492	100	
2493	2	
2494	33	
2495	2	
2496	80	
2497	62	
2498	93	
2499	7	
2500	2	
2501	46	
2502	83	
2503	2	
2504	100	
2505	64	
2506	94	
2507	84	
2508	68	
2509	36	
2510	99	
2511	71	
2512	78	
2513	44	
2514	56	
2515	37	
2516	2	
2517	15	
2518	96	
2519	95	
2520	8	
2521	12	
2522	92	
2523	100	
2524	38	
2525	18	
2526	9	
2527	86	
2528	2	
2529	95	
2530	65	
2531	98	
2532	62	
2533	50	
2534	61	
2535	58	
2536	86	
2537	11	
2538	97	
2539	59	
2540	74	
2541	52	
2542	76	
2543	44	
2544	82	
2545	43	
2546	79	
2547	99	
2548	19	
2549	96	
2550	71	
2551	29	
2552	80	
2553	29	
2554	73	
2555	31	
2556	96	
2557	6	
2558	76	
2559	69	
2560	44	
2561	52	
2562	55	
2563	87	
2564	43	
2565	99	
2566	8	
2567	52	
2568	87	
2569	27	
2570	9	
2571	77	
2572	63	
2573	20	
2574	19	
2575	8	
2576	77	
2577	15	
2578	95	
2579	67	
2580	91	
2581	37	
2582	88	
2583	32	
2584	8	
2585	31	
2586	96	
2587	32	
2588	53	
2589	62	
2590	60	
2591	42	
2592	1	
2593	30	
2594	98	
2595	51	
2596	3	
2597	33	
2598	30	
2599	97	
2600	41	
2601	39	
2602	27	
2603	46	
2604	56	
2605	13	
2606	48	
2607	11	
2608	60	
2609	35	
2610	62	
2611	94	
2612	87	
2613	75	
2614	74	
2615	71	
2616	31	
2617	53	
2618	5	
2619	40	
2620	37	
2621	23	
2622	5	
2623	22	
2624	18	
2625	9	
2626	55	
2627	50	
2628	54	
2629	31	
2630	28	
2631	1	
2632	61	
2633	95	
2634	22	
2635	41	
2636	81	
2637	34	
2638	58	
2639	96	
2640	75	
2641	24	
2642	21	
2643	64	
2644	38	
2645	6	
2646	49	
2647	72	
2648	13	
2649	36	
2650	63	
2651	35	
2652	62	
2653	49	
2654	64	
2655	53	
2656	47	
2657	92	
2658	9	
2659	99	
2660	86	
2661	2	
2662	65	
2663	99	
2664	2	
2665	16	
2666	51	
2667	71	
2668	25	
2669	4	
2670	42	
2671	8	
2672	49	
2673	97	
2674	83	
2675	89	
2676	97	
2677	61	
2678	15	
2679	63	
2680	40	
2681	32	
2682	43	
2683	12	
2684	54	
2685	83	
2686	85	
2687	22	
2688	59	
2689	63	
2690	10	
2691	19	
2692	69	
2693	26	
2694	7	
2695	80	
2696	34	
2697	14	
2698	14	
2699	19	
2700	13	
2701	87	
2702	52	
2703	83	
2704	31	
2705	71	
2706	42	
2707	92	
2708	20	
2709	25	
2710	26	
2711	61	
2712	85	
2713	20	
2714	72	
2715	88	
2716	41	
2717	18	
2718	11	
2719	2	
2720	27	
2721	48	
2722	91	
2723	81	
2724	67	
2725	14	
2726	3	
2727	4	
2728	50	
2729	13	
2730	38	
2731	74	
2732	12	
2733	86	
2734	91	
2735	60	
2736	9	
2737	30	
2738	34	
2739	94	
2740	6	
2741	21	
2742	54	
2743	26	
2744	35	
2745	5	
2746	91	
2747	18	
2748	76	
2749	34	
2750	59	
2751	93	
2752	58	
2753	29	
2754	91	
2755	34	
2756	57	
2757	75	
2758	64	
2759	86	
2760	9	
2761	52	
2762	72	
2763	100	
2764	91	
2765	70	
2766	68	
2767	28	
2768	30	
2769	57	
2770	89	
2771	98	
2772	4	
2773	30	
2774	1	
2775	34	
2776	16	
2777	98	
2778	24	
2779	51	
2780	87	
2781	22	
2782	89	
2783	34	
2784	5	
2785	42	
2786	48	
2787	78	
2788	67	
2789	4	
2790	11	
2791	6	
2792	68	
2793	72	
2794	27	
2795	100	
2796	6	
2797	79	
2798	46	
2799	46	
2800	31	
2801	33	
2802	49	
2803	69	
2804	82	
2805	36	
2806	20	
2807	4	
2808	13	
2809	40	
2810	70	
2811	67	
2812	78	
2813	11	
2814	4	
2815	18	
2816	32	
2817	29	
2818	91	
2819	100	
2820	20	
2821	22	
2822	84	
2823	10	
2824	47	
2825	56	
2826	12	
2827	99	
2828	76	
2829	76	
2830	34	
2831	3	
2832	40	
2833	82	
2834	2	
2835	91	
2836	51	
2837	15	
2838	66	
2839	41	
2840	65	
2841	19	
2842	98	
2843	49	
2844	60	
2845	17	
2846	57	
2847	88	
2848	82	
2849	44	
2850	11	
2851	41	
2852	53	
2853	93	
2854	10	
2855	40	
2856	85	
2857	29	
2858	47	
2859	93	
2860	50	
2861	34	
2862	8	
2863	35	
2864	32	
2865	7	
2866	73	
2867	59	
2868	64	
2869	18	
2870	37	
2871	48	
2872	97	
2873	50	
2874	52	
2875	2	
2876	22	
2877	87	
2878	12	
2879	69	
2880	76	
2881	31	
2882	89	
2883	53	
2884	82	
2885	32	
2886	90	
2887	21	
2888	91	
2889	71	
2890	8	
2891	97	
2892	51	
2893	52	
2894	11	
2895	53	
2896	99	
2897	4	
2898	38	
2899	26	
2900	60	
2901	73	
2902	46	
2903	34	
2904	9	
2905	78	
2906	31	
2907	50	
2908	83	
2909	34	
2910	28	
2911	37	
2912	70	
2913	63	
2914	21	
2915	79	
2916	42	
2917	52	
2918	92	
2919	60	
2920	64	
2921	57	
2922	34	
2923	76	
2924	28	
2925	31	
2926	80	
2927	78	
2928	95	
2929	23	
2930	84	
2931	64	
2932	96	
2933	5	
2934	96	
2935	2	
2936	68	
2937	35	
2938	20	
2939	76	
2940	100	
2941	37	
2942	53	
2943	35	
2944	55	
2945	88	
2946	30	
2947	100	
2948	38	
2949	93	
2950	63	
2951	54	
2952	77	
2953	84	
2954	41	
2955	66	
2956	21	
2957	55	
2958	3	
2959	46	
2960	18	
2961	6	
2962	100	
2963	88	
2964	60	
2965	62	
2966	20	
2967	94	
2968	31	
2969	64	
2970	86	
2971	97	
2972	36	
2973	73	
2974	77	
2975	12	
2976	52	
2977	49	
2978	81	
2979	35	
2980	46	
2981	98	
2982	44	
2983	22	
2984	62	
2985	36	
2986	6	
2987	26	
2988	78	
2989	47	
2990	11	
2991	28	
2992	76	
2993	22	
2994	62	
2995	86	
2996	27	
2997	92	
2998	78	
2999	88	
3000	66	
3001	54	
3002	42	
3003	80	
3004	89	
3005	86	
3006	98	
3007	63	
3008	92	
3009	3	
3010	93	
3011	57	
3012	49	
3013	20	
3014	62	
3015	37	
3016	74	
3017	40	
3018	45	
3019	100	
3020	6	
3021	68	
3022	81	
3023	97	
3024	63	
3025	86	
3026	97	
3027	24	
3028	6	
3029	62	
3030	81	
3031	72	
3032	80	
3033	80	
3034	72	
3035	42	
3036	97	
3037	31	
3038	12	
3039	41	
3040	72	
3041	62	
3042	91	
3043	74	
3044	59	
3045	14	
3046	66	
3047	23	
3048	58	
3049	4	
3050	86	
3051	22	
3052	13	
3053	54	
3054	44	
3055	28	
3056	84	
3057	71	
3058	54	
3059	52	
3060	9	
3061	61	
3062	62	
3063	27	
3064	85	
3065	28	
3066	51	
3067	39	
3068	84	
3069	29	
3070	93	
3071	82	
3072	76	
3073	37	
3074	55	
3075	73	
3076	86	
3077	25	
3078	96	
3079	76	
3080	78	
3081	98	
3082	12	
3083	62	
3084	33	
3085	96	
3086	61	
3087	50	
3088	66	
3089	36	
3090	29	
3091	79	
3092	79	
3093	32	
3094	68	
3095	65	
3096	51	
3097	43	
3098	12	
3099	86	
3100	95	
3101	88	
3102	55	
3103	29	
3104	87	
3105	13	
3106	68	
3107	15	
3108	20	
3109	1	
3110	95	
3111	27	
3112	61	
3113	16	
3114	12	
3115	12	
3116	39	
3117	35	
3118	4	
3119	51	
3120	95	
3121	79	
3122	9	
3123	4	
3124	37	
3125	8	
3126	60	
3127	37	
3128	76	
3129	44	
3130	95	
3131	84	
3132	6	
3133	27	
3134	70	
3135	91	
3136	98	
3137	9	
3138	15	
3139	16	
3140	29	
3141	13	
3142	44	
3143	36	
3144	56	
3145	86	
3146	61	
3147	50	
3148	42	
3149	83	
3150	12	
3151	18	
3152	60	
3153	33	
3154	39	
3155	20	
3156	26	
3157	17	
3158	82	
3159	52	
3160	84	
3161	41	
3162	19	
3163	1	
3164	48	
3165	26	
3166	47	
3167	44	
3168	100	
3169	34	
3170	56	
3171	63	
3172	35	
3173	86	
3174	66	
3175	45	
3176	98	
3177	2	
3178	20	
3179	5	
3180	36	
3181	35	
3182	54	
3183	68	
3184	24	
3185	45	
3186	30	
3187	22	
3188	43	
3189	94	
3190	81	
3191	58	
3192	73	
3193	70	
3194	25	
3195	36	
3196	86	
3197	75	
3198	26	
3199	47	
3200	3	
3201	20	
3202	22	
3203	61	
3204	60	
3205	96	
3206	75	
3207	80	
3208	96	
3209	14	
3210	17	
3211	92	
3212	18	
3213	15	
3214	90	
3215	9	
3216	76	
3217	53	
3218	99	
3219	79	
3220	56	
3221	8	
3222	6	
3223	30	
3224	69	
3225	44	
3226	60	
3227	18	
3228	16	
3229	40	
3230	82	
3231	41	
3232	64	
3233	91	
3234	50	
3235	89	
3236	92	
3237	30	
3238	96	
3239	33	
3240	18	
3241	78	
3242	55	
3243	53	
3244	59	
3245	21	
3246	23	
3247	96	
3248	92	
3249	25	
3250	10	
3251	71	
3252	52	
3253	54	
3254	49	
3255	81	
3256	8	
3257	7	
3258	57	
3259	42	
3260	69	
3261	50	
3262	92	
3263	82	
3264	30	
3265	42	
3266	31	
3267	13	
3268	56	
3269	49	
3270	12	
3271	93	
3272	3	
3273	27	
3274	75	
3275	21	
3276	96	
3277	83	
3278	42	
3279	66	
3280	47	
3281	31	
3282	26	
3283	82	
3284	88	
3285	49	
3286	73	
3287	34	
3288	75	
3289	15	
3290	32	
3291	57	
3292	86	
3293	36	
3294	20	
3295	57	
3296	79	
3297	73	
3298	74	
3299	66	
3300	48	
3301	32	
3302	93	
3303	56	
3304	28	
3305	97	
3306	92	
3307	31	
3308	33	
3309	93	
3310	30	
3311	70	
3312	58	
3313	37	
3314	88	
3315	67	
3316	64	
3317	5	
3318	75	
3319	42	
3320	98	
3321	51	
3322	44	
3323	11	
3324	50	
3325	31	
3326	1	
3327	51	
3328	55	
3329	89	
3330	35	
3331	47	
3332	87	
3333	16	
3334	16	
3335	21	
3336	37	
3337	67	
3338	23	
3339	12	
3340	1	
3341	84	
3342	92	
3343	37	
3344	84	
3345	63	
3346	43	
3347	74	
3348	95	
3349	46	
3350	90	
3351	89	
3352	12	
3353	55	
3354	26	
3355	67	
3356	78	
3357	94	
3358	8	
3359	35	
3360	80	
3361	14	
3362	45	
3363	6	
3364	74	
3365	1	
3366	80	
3367	34	
3368	89	
3369	66	
3370	60	
3371	72	
3372	93	
3373	88	
3374	44	
3375	79	
3376	74	
3377	62	
3378	37	
3379	76	
3380	10	
3381	3	
3382	80	
3383	43	
3384	38	
3385	97	
3386	1	
3387	34	
3388	30	
3389	42	
3390	57	
3391	58	
3392	100	
3393	20	
3394	77	
3395	87	
3396	13	
3397	74	
3398	94	
3399	52	
3400	13	
3401	30	
3402	14	
3403	14	
3404	97	
3405	37	
3406	53	
3407	24	
3408	96	
3409	26	
3410	15	
3411	21	
3412	48	
3413	16	
3414	58	
3415	74	
3416	64	
3417	31	
3418	3	
3419	52	
3420	33	
3421	31	
3422	51	
3423	60	
3424	87	
3425	2	
3426	91	
3427	83	
3428	51	
3429	44	
3430	17	
3431	17	
3432	20	
3433	42	
3434	14	
3435	47	
3436	92	
3437	42	
3438	60	
3439	2	
3440	17	
3441	11	
3442	12	
3443	89	
3444	38	
3445	98	
3446	63	
3447	41	
3448	1	
3449	49	
3450	65	
3451	36	
3452	56	
3453	25	
3454	58	
3455	92	
3456	58	
3457	97	
3458	78	
3459	46	
3460	73	
3461	83	
3462	74	
3463	49	
3464	47	
3465	67	
3466	32	
3467	30	
3468	27	
3469	80	
3470	97	
3471	52	
3472	62	
3473	68	
3474	10	
3475	19	
3476	64	
3477	61	
3478	93	
3479	70	
3480	90	
3481	12	
3482	62	
3483	51	
3484	63	
3485	99	
3486	80	
3487	95	
3488	49	
3489	76	
3490	27	
3491	76	
3492	14	
3493	86	
3494	21	
3495	28	
3496	86	
3497	5	
3498	99	
3499	5	
3500	81	
3501	90	
3502	75	
3503	36	
3504	51	
3505	29	
3506	45	
3507	48	
3508	17	
3509	53	
3510	68	
3511	30	
3512	31	
3513	28	
3514	24	
3515	36	
3516	13	
3517	85	
3518	15	
3519	56	
3520	8	
3521	40	
3522	1	
3523	48	
3524	36	
3525	98	
3526	78	
3527	81	
3528	100	
3529	3	
3530	12	
3531	57	
3532	67	
3533	37	
3534	79	
3535	63	
3536	43	
3537	28	
3538	15	
3539	95	
3540	46	
3541	61	
3542	89	
3543	85	
3544	67	
3545	97	
3546	60	
3547	84	
3548	91	
3549	49	
3550	31	
3551	56	
3552	94	
3553	93	
3554	73	
3555	90	
3556	56	
3557	30	
3558	32	
3559	81	
3560	42	
3561	46	
3562	75	
3563	45	
3564	17	
3565	32	
3566	92	
3567	84	
3568	7	
3569	55	
3570	94	
3571	41	
3572	27	
3573	82	
3574	64	
3575	78	
3576	39	
3577	78	
3578	85	
3579	3	
3580	76	
3581	56	
3582	74	
3583	51	
3584	47	
3585	46	
3586	75	
3587	20	
3588	97	
3589	27	
3590	87	
3591	7	
3592	76	
3593	85	
3594	67	
3595	63	
3596	10	
3597	73	
3598	55	
3599	89	
3600	71	
3601	42	
3602	66	
3603	86	
3604	87	
3605	91	
3606	1	
3607	33	
3608	90	
3609	55	
3610	32	
3611	20	
3612	1	
3613	85	
3614	58	
3615	1	
3616	13	
3617	84	
3618	70	
3619	52	
3620	57	
3621	5	
3622	41	
3623	24	
3624	33	
3625	97	
3626	80	
3627	55	
3628	95	
3629	38	
3630	12	
3631	31	
3632	86	
3633	18	
3634	24	
3635	85	
3636	55	
3637	81	
3638	7	
3639	100	
3640	49	
3641	26	
3642	44	
3643	20	
3644	50	
3645	6	
3646	87	
3647	13	
3648	90	
3649	82	
3650	15	
3651	66	
3652	68	
3653	39	
3654	16	
3655	64	
3656	62	
3657	98	
3658	52	
3659	14	
3660	23	
3661	51	
3662	2	
3663	41	
3664	92	
3665	51	
3666	68	
3667	59	
3668	58	
3669	24	
3670	3	
3671	77	
3672	60	
3673	45	
3674	63	
3675	19	
3676	35	
3677	76	
3678	46	
3679	59	
3680	18	
3681	5	
3682	10	
3683	35	
3684	96	
3685	30	
3686	52	
3687	74	
3688	90	
3689	71	
3690	69	
3691	100	
3692	60	
3693	53	
3694	82	
3695	32	
3696	55	
3697	20	
3698	77	
3699	44	
3700	93	
3701	19	
3702	8	
3703	96	
3704	38	
3705	88	
3706	2	
3707	28	
3708	70	
3709	42	
3710	27	
3711	40	
3712	14	
3713	1	
3714	90	
3715	11	
3716	26	
3717	18	
3718	26	
3719	87	
3720	74	
3721	13	
3722	35	
3723	25	
3724	35	
3725	40	
3726	40	
3727	91	
3728	65	
3729	55	
3730	52	
3731	67	
3732	4	
3733	39	
3734	67	
3735	7	
3736	32	
3737	69	
3738	56	
3739	60	
3740	78	
3741	61	
3742	97	
3743	20	
3744	30	
3745	9	
3746	96	
3747	42	
3748	85	
3749	74	
3750	58	
3751	39	
3752	70	
3753	79	
3754	8	
3755	44	
3756	87	
3757	59	
3758	87	
3759	96	
3760	90	
3761	17	
3762	93	
3763	28	
3764	78	
3765	51	
3766	11	
3767	39	
3768	93	
3769	29	
3770	47	
3771	6	
3772	89	
3773	25	
3774	13	
3775	27	
3776	9	
3777	46	
3778	95	
3779	75	
3780	55	
3781	27	
3782	7	
3783	9	
3784	9	
3785	58	
3786	21	
3787	70	
3788	34	
3789	23	
3790	52	
3791	52	
3792	8	
3793	20	
3794	15	
3795	57	
3796	44	
3797	32	
3798	26	
3799	19	
3800	66	
3801	31	
3802	7	
3803	27	
3804	16	
3805	9	
3806	47	
3807	56	
3808	76	
3809	88	
3810	21	
3811	43	
3812	69	
3813	4	
3814	10	
3815	14	
3816	56	
3817	38	
3818	13	
3819	38	
3820	36	
3821	32	
3822	50	
3823	67	
3824	24	
3825	92	
3826	19	
3827	16	
3828	94	
3829	26	
3830	66	
3831	49	
3832	43	
3833	69	
3834	10	
3835	51	
3836	83	
3837	22	
3838	30	
3839	48	
3840	63	
3841	18	
3842	71	
3843	57	
3844	98	
3845	10	
3846	91	
3847	77	
3848	87	
3849	63	
3850	70	
3851	37	
3852	59	
3853	57	
3854	2	
3855	64	
3856	37	
3857	1	
3858	73	
3859	74	
3860	11	
3861	73	
3862	3	
3863	2	
3864	16	
3865	92	
3866	70	
3867	89	
3868	25	
3869	76	
3870	19	
3871	14	
3872	33	
3873	93	
3874	80	
3875	54	
3876	23	
3877	5	
3878	85	
3879	99	
3880	97	
3881	72	
3882	69	
3883	55	
3884	93	
3885	47	
3886	68	
3887	47	
3888	85	
3889	58	
3890	100	
3891	94	
3892	12	
3893	48	
3894	82	
3895	81	
3896	64	
3897	39	
3898	47	
3899	62	
3900	38	
3901	62	
3902	50	
3903	43	
3904	67	
3905	68	
3906	78	
3907	69	
3908	48	
3909	4	
3910	69	
3911	96	
3912	91	
3913	73	
3914	13	
3915	91	
3916	2	
3917	77	
3918	8	
3919	26	
3920	73	
3921	72	
3922	93	
3923	29	
3924	100	
3925	59	
3926	75	
3927	75	
3928	75	
3929	83	
3930	26	
3931	37	
3932	64	
3933	57	
3934	22	
3935	47	
3936	25	
3937	33	
3938	97	
3939	68	
3940	92	
3941	80	
3942	11	
3943	95	
3944	60	
3945	24	
3946	39	
3947	70	
3948	15	
3949	88	
3950	76	
3951	51	
3952	100	
3953	18	
3954	27	
3955	34	
3956	88	
3957	75	
3958	65	
3959	56	
3960	14	
3961	95	
3962	51	
3963	80	
3964	53	
3965	4	
3966	96	
3967	45	
3968	6	
3969	65	
3970	58	
3971	25	
3972	88	
3973	45	
3974	70	
3975	57	
3976	65	
3977	62	
3978	31	
3979	23	
3980	100	
3981	56	
3982	11	
3983	74	
3984	71	
3985	13	
3986	3	
3987	90	
3988	16	
3989	32	
3990	41	
3991	59	
3992	73	
3993	61	
3994	14	
3995	64	
3996	77	
3997	4	
3998	43	
3999	42	
4000	23	
4001	91	
4002	41	
4003	92	
4004	91	
4005	62	
4006	79	
4007	34	
4008	22	
4009	18	
4010	48	
4011	91	
4012	80	
4013	56	
4014	63	
4015	64	
4016	38	
4017	21	
4018	29	
4019	33	
4020	55	
4021	38	
4022	87	
4023	45	
4024	48	
4025	18	
4026	26	
4027	56	
4028	25	
4029	29	
4030	20	
4031	69	
4032	51	
4033	5	
4034	14	
4035	10	
4036	98	
4037	72	
4038	21	
4039	73	
4040	66	
4041	78	
4042	19	
4043	74	
4044	32	
4045	61	
4046	97	
4047	77	
4048	84	
4049	97	
4050	28	
4051	63	
4052	10	
4053	72	
4054	54	
4055	17	
4056	74	
4057	9	
4058	35	
4059	94	
4060	81	
4061	78	
4062	39	
4063	4	
4064	75	
4065	71	
4066	4	
4067	83	
4068	45	
4069	18	
4070	77	
4071	2	
4072	14	
4073	11	
4074	43	
4075	99	
4076	28	
4077	27	
4078	100	
4079	1	
4080	50	
4081	70	
4082	69	
4083	39	
4084	28	
4085	43	
4086	39	
4087	52	
4088	84	
4089	80	
4090	11	
4091	99	
4092	53	
4093	16	
4094	71	
4095	36	
4096	11	
4097	10	
4098	23	
4099	78	
4100	44	
4101	45	
4102	31	
4103	7	
4104	2	
4105	60	
4106	9	
4107	15	
4108	7	
4109	65	
4110	14	
4111	3	
4112	91	
4113	60	
4114	39	
4115	17	
4116	87	
4117	18	
4118	25	
4119	90	
4120	65	
4121	60	
4122	40	
4123	74	
4124	20	
4125	6	
4126	93	
4127	48	
4128	22	
4129	18	
4130	9	
4131	20	
4132	46	
4133	9	
4134	46	
4135	38	
4136	21	
4137	50	
4138	21	
4139	22	
4140	2	
4141	56	
4142	60	
4143	59	
4144	72	
4145	82	
4146	40	
4147	31	
4148	32	
4149	22	
4150	25	
4151	42	
4152	78	
4153	44	
4154	42	
4155	48	
4156	35	
4157	34	
4158	64	
4159	14	
4160	25	
4161	95	
4162	64	
4163	21	
4164	67	
4165	93	
4166	95	
4167	12	
4168	80	
4169	97	
4170	39	
4171	39	
4172	21	
4173	99	
4174	97	
4175	63	
4176	53	
4177	1	
4178	45	
4179	82	
4180	90	
4181	23	
4182	7	
4183	17	
4184	59	
4185	89	
4186	34	
4187	48	
4188	49	
4189	93	
4190	45	
4191	66	
4192	80	
4193	72	
4194	88	
4195	96	
4196	28	
4197	46	
4198	6	
4199	100	
4200	70	
4201	88	
4202	90	
4203	23	
4204	55	
4205	92	
4206	78	
4207	81	
4208	65	
4209	44	
4210	17	
4211	65	
4212	67	
4213	8	
4214	66	
4215	35	
4216	51	
4217	27	
4218	28	
4219	12	
4220	99	
4221	58	
4222	100	
4223	50	
4224	58	
4225	22	
4226	30	
4227	62	
4228	45	
4229	24	
4230	26	
4231	3	
4232	49	
4233	76	
4234	22	
4235	42	
4236	93	
4237	16	
4238	30	
4239	41	
4240	57	
4241	92	
4242	94	
4243	74	
4244	52	
4245	6	
4246	11	
4247	35	
4248	83	
4249	29	
4250	60	
4251	45	
4252	40	
4253	27	
4254	100	
4255	23	
4256	32	
4257	68	
4258	54	
4259	94	
4260	38	
4261	2	
4262	32	
4263	12	
4264	30	
4265	29	
4266	48	
4267	31	
4268	38	
4269	30	
4270	35	
4271	12	
4272	61	
4273	69	
4274	32	
4275	98	
4276	88	
4277	76	
4278	26	
4279	26	
4280	34	
4281	4	
4282	69	
4283	50	
4284	18	
4285	77	
4286	90	
4287	96	
4288	45	
4289	55	
4290	8	
4291	85	
4292	18	
4293	89	
4294	23	
4295	52	
4296	96	
4297	50	
4298	72	
4299	95	
4300	11	
4301	92	
4302	30	
4303	74	
4304	8	
4305	42	
4306	61	
4307	68	
4308	92	
4309	63	
4310	22	
4311	100	
4312	30	
4313	79	
4314	59	
4315	61	
4316	23	
4317	35	
4318	66	
4319	87	
4320	86	
4321	51	
4322	15	
4323	79	
4324	58	
4325	16	
4326	64	
4327	35	
4328	8	
4329	99	
4330	54	
4331	77	
4332	44	
4333	70	
4334	70	
4335	3	
4336	63	
4337	56	
4338	98	
4339	17	
4340	7	
4341	59	
4342	80	
4343	72	
4344	28	
4345	71	
4346	32	
4347	51	
4348	39	
4349	98	
4350	71	
4351	49	
4352	87	
4353	75	
4354	84	
4355	15	
4356	49	
4357	28	
4358	91	
4359	65	
4360	97	
4361	90	
4362	69	
4363	90	
4364	88	
4365	89	
4366	5	
4367	38	
4368	26	
4369	47	
4370	50	
4371	49	
4372	3	
4373	80	
4374	24	
4375	18	
4376	99	
4377	4	
4378	46	
4379	87	
4380	27	
4381	41	
4382	2	
4383	53	
4384	63	
4385	84	
4386	2	
4387	74	
4388	12	
4389	1	
4390	35	
4391	13	
4392	45	
4393	45	
4394	90	
4395	69	
4396	4	
4397	77	
4398	4	
4399	31	
4400	84	
4401	98	
4402	79	
4403	31	
4404	41	
4405	57	
4406	89	
4407	80	
4408	85	
4409	97	
4410	61	
4411	70	
4412	39	
4413	57	
4414	27	
4415	32	
4416	47	
4417	81	
4418	30	
4419	4	
4420	15	
4421	94	
4422	57	
4423	59	
4424	53	
4425	49	
4426	76	
4427	20	
4428	92	
4429	66	
4430	74	
4431	84	
4432	41	
4433	46	
4434	34	
4435	84	
4436	4	
4437	82	
4438	19	
4439	40	
4440	94	
4441	7	
4442	26	
4443	3	
4444	34	
4445	34	
4446	9	
4447	42	
4448	43	
4449	7	
4450	79	
4451	40	
4452	13	
4453	52	
4454	36	
4455	41	
4456	5	
4457	45	
4458	84	
4459	37	
4460	91	
4461	83	
4462	4	
4463	83	
4464	95	
4465	42	
4466	2	
4467	100	
4468	98	
4469	36	
4470	64	
4471	38	
4472	56	
4473	38	
4474	5	
4475	12	
4476	65	
4477	76	
4478	61	
4479	26	
4480	42	
4481	98	
4482	67	
4483	59	
4484	95	
4485	43	
4486	94	
4487	9	
4488	44	
4489	62	
4490	22	
4491	100	
4492	49	
4493	25	
4494	1	
4495	60	
4496	40	
4497	91	
4498	8	
4499	6	
4500	36	
4501	47	
4502	50	
4503	32	
4504	68	
4505	21	
4506	73	
4507	46	
4508	68	
4509	58	
4510	38	
4511	65	
4512	57	
4513	37	
4514	75	
4515	20	
4516	100	
4517	10	
4518	44	
4519	59	
4520	26	
4521	19	
4522	37	
4523	54	
4524	100	
4525	55	
4526	63	
4527	44	
4528	20	
4529	89	
4530	40	
4531	11	
4532	81	
4533	99	
4534	93	
4535	39	
4536	41	
4537	89	
4538	36	
4539	12	
4540	78	
4541	68	
4542	65	
4543	2	
4544	47	
4545	41	
4546	34	
4547	36	
4548	29	
4549	54	
4550	45	
4551	16	
4552	17	
4553	53	
4554	58	
4555	23	
4556	42	
4557	26	
4558	99	
4559	55	
4560	9	
4561	91	
4562	21	
4563	94	
4564	50	
4565	63	
4566	63	
4567	66	
4568	17	
4569	29	
4570	91	
4571	56	
4572	92	
4573	36	
4574	62	
4575	71	
4576	89	
4577	86	
4578	98	
4579	59	
4580	42	
4581	58	
4582	83	
4583	80	
4584	67	
4585	84	
4586	88	
4587	26	
4588	4	
4589	93	
4590	64	
4591	81	
4592	84	
4593	62	
4594	20	
4595	24	
4596	30	
4597	32	
4598	5	
4599	27	
4600	33	
4601	42	
4602	72	
4603	70	
4604	5	
4605	99	
4606	40	
4607	5	
4608	31	
4609	67	
4610	60	
4611	60	
4612	51	
4613	35	
4614	86	
4615	98	
4616	36	
4617	7	
4618	84	
4619	16	
4620	97	
4621	2	
4622	12	
4623	81	
4624	84	
4625	78	
4626	89	
4627	69	
4628	11	
4629	81	
4630	38	
4631	99	
4632	24	
4633	64	
4634	87	
4635	52	
4636	54	
4637	68	
4638	52	
4639	75	
4640	20	
4641	9	
4642	3	
4643	44	
4644	27	
4645	37	
4646	96	
4647	76	
4648	45	
4649	7	
4650	30	
4651	69	
4652	50	
4653	42	
4654	52	
4655	11	
4656	55	
4657	6	
4658	3	
4659	44	
4660	70	
4661	67	
4662	48	
4663	21	
4664	59	
4665	2	
4666	92	
4667	32	
4668	27	
4669	97	
4670	65	
4671	87	
4672	53	
4673	36	
4674	84	
4675	63	
4676	86	
4677	75	
4678	51	
4679	23	
4680	74	
4681	12	
4682	25	
4683	44	
4684	38	
4685	4	
4686	27	
4687	93	
4688	86	
4689	15	
4690	71	
4691	6	
4692	38	
4693	78	
4694	4	
4695	10	
4696	14	
4697	25	
4698	94	
4699	62	
4700	31	
4701	43	
4702	40	
4703	85	
4704	17	
4705	19	
4706	67	
4707	88	
4708	61	
4709	2	
4710	27	
4711	53	
4712	39	
4713	77	
4714	42	
4715	50	
4716	98	
4717	50	
4718	50	
4719	5	
4720	84	
4721	48	
4722	100	
4723	10	
4724	53	
4725	45	
4726	45	
4727	98	
4728	32	
4729	33	
4730	58	
4731	71	
4732	27	
4733	1	
4734	21	
4735	87	
4736	66	
4737	66	
4738	75	
4739	16	
4740	8	
4741	10	
4742	1	
4743	90	
4744	15	
4745	23	
4746	41	
4747	83	
4748	26	
4749	13	
4750	100	
4751	87	
4752	78	
4753	98	
4754	83	
4755	37	
4756	100	
4757	17	
4758	56	
4759	24	
4760	34	
4761	73	
4762	87	
4763	67	
4764	75	
4765	44	
4766	95	
4767	47	
4768	37	
4769	95	
4770	57	
4771	58	
4772	63	
4773	82	
4774	73	
4775	98	
4776	82	
4777	46	
4778	97	
4779	14	
4780	70	
4781	76	
4782	39	
4783	56	
4784	68	
4785	57	
4786	40	
4787	75	
4788	50	
4789	9	
4790	33	
4791	33	
4792	40	
4793	26	
4794	42	
4795	78	
4796	90	
4797	80	
4798	7	
4799	21	
4800	1	
4801	96	
4802	4	
4803	68	
4804	17	
4805	71	
4806	94	
4807	60	
4808	90	
4809	21	
4810	99	
4811	3	
4812	5	
4813	52	
4814	76	
4815	28	
4816	57	
4817	20	
4818	26	
4819	20	
4820	64	
4821	46	
4822	35	
4823	4	
4824	61	
4825	99	
4826	7	
4827	23	
4828	61	
4829	60	
4830	89	
4831	14	
4832	12	
4833	81	
4834	1	
4835	59	
4836	55	
4837	32	
4838	69	
4839	93	
4840	57	
4841	45	
4842	91	
4843	16	
4844	43	
4845	45	
4846	19	
4847	67	
4848	26	
4849	52	
4850	46	
4851	87	
4852	57	
4853	80	
4854	71	
4855	22	
4856	93	
4857	97	
4858	85	
4859	82	
4860	87	
4861	29	
4862	60	
4863	6	
4864	22	
4865	84	
4866	64	
4867	66	
4868	96	
4869	6	
4870	6	
4871	92	
4872	27	
4873	17	
4874	48	
4875	3	
4876	98	
4877	42	
4878	55	
4879	80	
4880	90	
4881	72	
4882	47	
4883	28	
4884	35	
4885	15	
4886	84	
4887	31	
4888	90	
4889	80	
4890	81	
4891	97	
4892	74	
4893	43	
4894	73	
4895	36	
4896	57	
4897	58	
4898	12	
4899	23	
4900	13	
4901	45	
4902	100	
4903	66	
4904	37	
4905	46	
4906	54	
4907	4	
4908	51	
4909	60	
4910	32	
4911	83	
4912	2	
4913	54	
4914	2	
4915	25	
4916	79	
4917	50	
4918	59	
4919	74	
4920	26	
4921	7	
4922	75	
4923	98	
4924	35	
4925	41	
4926	36	
4927	49	
4928	63	
4929	74	
4930	38	
4931	2	
4932	54	
4933	72	
4934	52	
4935	71	
4936	47	
4937	16	
4938	91	
4939	45	
4940	5	
4941	6	
4942	16	
4943	38	
4944	26	
4945	63	
4946	71	
4947	31	
4948	56	
4949	25	
4950	84	
4951	32	
4952	38	
4953	83	
4954	38	
4955	49	
4956	17	
4957	8	
4958	40	
4959	49	
4960	4	
4961	38	
4962	98	
4963	80	
4964	66	
4965	64	
4966	78	
4967	62	
4968	41	
4969	14	
4970	89	
4971	11	
4972	22	
4973	5	
4974	89	
4975	27	
4976	65	
4977	98	
4978	22	
4979	85	
4980	32	
4981	45	
4982	22	
4983	89	
4984	77	
4985	12	
4986	19	
4987	95	
4988	30	
4989	3	
4990	58	
4991	75	
4992	29	
4993	3	
4994	67	
4995	37	
4996	18	
4997	53	
4998	5	
4999	100	
5000	14	
5001	69	
5002	96	
5003	81	
5004	95	
5005	33	
5006	87	
5007	66	
5008	72	
5009	9	
5010	10	
5011	29	
5012	3	
5013	46	
5014	14	
5015	76	
5016	72	
5017	73	
5018	37	
5019	72	
5020	94	
5021	51	
5022	97	
5023	40	
5024	54	
5025	28	
5026	46	
5027	53	
5028	81	
5029	30	
5030	2	
5031	33	
5032	66	
5033	60	
5034	66	
5035	73	
5036	23	
5037	61	
5038	27	
5039	73	
5040	47	
5041	45	
5042	23	
5043	52	
5044	87	
5045	40	
5046	16	
5047	86	
5048	50	
5049	63	
5050	53	
5051	40	
5052	46	
5053	8	
5054	14	
5055	68	
5056	43	
5057	6	
5058	34	
5059	83	
5060	32	
5061	64	
5062	12	
5063	24	
5064	63	
5065	81	
5066	76	
5067	44	
5068	51	
5069	26	
5070	13	
5071	29	
5072	9	
5073	61	
5074	91	
5075	81	
5076	78	
5077	66	
5078	23	
5079	86	
5080	76	
5081	29	
5082	31	
5083	14	
5084	62	
5085	57	
5086	45	
5087	54	
5088	71	
5089	93	
5090	76	
5091	31	
5092	15	
5093	94	
5094	92	
5095	62	
5096	95	
5097	61	
5098	61	
5099	73	
5100	67	
5101	100	
5102	93	
5103	89	
5104	91	
5105	34	
5106	95	
5107	45	
5108	16	
5109	5	
5110	48	
5111	98	
5112	54	
5113	36	
5114	26	
5115	22	
5116	86	
5117	63	
5118	53	
5119	90	
5120	82	
5121	20	
5122	12	
5123	95	
5124	53	
5125	61	
5126	26	
5127	66	
5128	18	
5129	23	
5130	3	
5131	25	
5132	18	
5133	74	
5134	82	
5135	71	
5136	21	
5137	47	
5138	18	
5139	96	
5140	58	
5141	52	
5142	54	
5143	91	
5144	83	
5145	88	
5146	87	
5147	66	
5148	77	
5149	45	
5150	31	
5151	2	
5152	74	
5153	100	
5154	81	
5155	61	
5156	7	
5157	29	
5158	97	
5159	57	
5160	85	
5161	13	
5162	27	
5163	68	
5164	93	
5165	9	
5166	4	
5167	72	
5168	94	
5169	37	
5170	70	
5171	93	
5172	32	
5173	16	
5174	62	
5175	44	
5176	44	
5177	16	
5178	58	
5179	44	
5180	67	
5181	49	
5182	22	
5183	80	
5184	81	
5185	52	
5186	8	
5187	89	
5188	45	
5189	97	
5190	66	
5191	7	
5192	20	
5193	87	
5194	80	
5195	57	
5196	48	
5197	96	
5198	85	
5199	99	
5200	42	
5201	40	
5202	56	
5203	5	
5204	34	
5205	61	
5206	12	
5207	51	
5208	73	
5209	17	
5210	10	
5211	96	
5212	34	
5213	40	
5214	39	
5215	60	
5216	87	
5217	41	
5218	81	
5219	73	
5220	30	
5221	34	
5222	73	
5223	75	
5224	67	
5225	79	
5226	99	
5227	25	
5228	22	
5229	85	
5230	23	
5231	13	
5232	63	
5233	76	
5234	91	
5235	16	
5236	95	
5237	74	
5238	92	
5239	16	
5240	73	
5241	71	
5242	20	
5243	47	
5244	28	
5245	21	
5246	26	
5247	24	
5248	77	
5249	27	
5250	63	
5251	90	
5252	71	
5253	80	
5254	89	
5255	26	
5256	33	
5257	95	
5258	64	
5259	99	
5260	92	
5261	61	
5262	98	
5263	73	
5264	15	
5265	12	
5266	36	
5267	53	
5268	11	
5269	92	
5270	80	
5271	36	
5272	17	
5273	9	
5274	15	
5275	81	
5276	69	
5277	26	
5278	46	
5279	50	
5280	31	
5281	81	
5282	99	
5283	63	
5284	28	
5285	42	
5286	47	
5287	8	
5288	31	
5289	63	
5290	82	
5291	52	
5292	49	
5293	51	
5294	27	
5295	5	
5296	90	
5297	24	
5298	39	
5299	65	
5300	92	
5301	42	
5302	91	
5303	63	
5304	29	
5305	52	
5306	44	
5307	54	
5308	11	
5309	75	
5310	8	
5311	46	
5312	100	
5313	52	
5314	88	
5315	58	
5316	92	
5317	29	
5318	66	
5319	28	
5320	80	
5321	4	
5322	30	
5323	16	
5324	46	
5325	81	
5326	46	
5327	30	
5328	22	
5329	90	
5330	39	
5331	79	
5332	56	
5333	45	
5334	47	
5335	69	
5336	24	
5337	51	
5338	91	
5339	89	
5340	99	
5341	50	
5342	44	
5343	65	
5344	21	
5345	68	
5346	31	
5347	84	
5348	64	
5349	76	
5350	47	
5351	14	
5352	33	
5353	58	
5354	7	
5355	35	
5356	39	
5357	55	
5358	31	
5359	55	
5360	72	
5361	64	
5362	41	
5363	100	
5364	51	
5365	73	
5366	1	
5367	25	
5368	43	
5369	4	
5370	7	
5371	82	
5372	16	
5373	5	
5374	5	
5375	83	
5376	74	
5377	72	
5378	24	
5379	68	
5380	59	
5381	40	
5382	94	
5383	24	
5384	49	
5385	20	
5386	98	
5387	16	
5388	55	
5389	86	
5390	21	
5391	70	
5392	83	
5393	14	
5394	1	
5395	96	
5396	86	
5397	86	
5398	77	
5399	100	
5400	37	
5401	72	
5402	21	
5403	11	
5404	68	
5405	32	
5406	16	
5407	63	
5408	62	
5409	45	
5410	22	
5411	19	
5412	66	
5413	61	
5414	14	
5415	60	
5416	90	
5417	3	
5418	11	
5419	11	
5420	19	
5421	42	
5422	52	
5423	76	
5424	85	
5425	1	
5426	6	
5427	22	
5428	69	
5429	58	
5430	70	
5431	57	
5432	71	
5433	22	
5434	89	
5435	53	
5436	96	
5437	48	
5438	37	
5439	26	
5440	6	
5441	27	
5442	66	
5443	45	
5444	17	
5445	82	
5446	72	
5447	19	
5448	29	
5449	47	
5450	6	
5451	81	
5452	42	
5453	67	
5454	58	
5455	92	
5456	11	
5457	49	
5458	48	
5459	79	
5460	68	
5461	44	
5462	68	
5463	37	
5464	29	
5465	60	
5466	66	
5467	95	
5468	95	
5469	29	
5470	3	
5471	88	
5472	94	
5473	53	
5474	24	
5475	25	
5476	75	
5477	80	
5478	71	
5479	84	
5480	65	
5481	99	
5482	6	
5483	10	
5484	26	
5485	96	
5486	33	
5487	67	
5488	88	
5489	62	
5490	33	
5491	10	
5492	18	
5493	82	
5494	25	
5495	71	
5496	98	
5497	58	
5498	97	
5499	7	
5500	98	
5501	15	
5502	59	
5503	48	
5504	41	
5505	7	
5506	35	
5507	4	
5508	89	
5509	63	
5510	21	
5511	40	
5512	60	
5513	52	
5514	63	
5515	98	
5516	20	
5517	45	
5518	53	
5519	68	
5520	89	
5521	95	
5522	63	
5523	40	
5524	63	
5525	77	
5526	95	
5527	41	
5528	43	
5529	61	
5530	13	
5531	78	
5532	17	
5533	33	
5534	72	
5535	11	
5536	80	
5537	87	
5538	28	
5539	1	
5540	38	
5541	30	
5542	51	
5543	98	
5544	23	
5545	6	
5546	90	
5547	88	
5548	55	
5549	8	
5550	15	
5551	53	
5552	26	
5553	8	
5554	35	
5555	97	
5556	37	
5557	89	
5558	90	
5559	69	
5560	27	
5561	85	
5562	91	
5563	83	
5564	11	
5565	23	
5566	43	
5567	41	
5568	42	
5569	19	
5570	42	
5571	69	
5572	27	
5573	86	
5574	52	
5575	27	
5576	25	
5577	20	
5578	43	
5579	93	
5580	25	
5581	19	
5582	83	
5583	39	
5584	86	
5585	79	
5586	96	
5587	21	
5588	74	
5589	29	
5590	52	
5591	47	
5592	47	
5593	98	
5594	19	
5595	24	
5596	89	
5597	34	
5598	92	
5599	61	
5600	64	
5601	59	
5602	27	
5603	32	
5604	52	
5605	30	
5606	62	
5607	11	
5608	67	
5609	7	
5610	34	
5611	52	
5612	46	
5613	78	
5614	53	
5615	57	
5616	58	
5617	49	
5618	59	
5619	63	
5620	26	
5621	30	
5622	14	
5623	16	
5624	83	
5625	95	
5626	92	
5627	22	
5628	10	
5629	22	
5630	46	
5631	40	
5632	2	
5633	85	
5634	72	
5635	17	
5636	8	
5637	3	
5638	37	
5639	6	
5640	52	
5641	62	
5642	38	
5643	66	
5644	68	
5645	35	
5646	76	
5647	85	
5648	85	
5649	81	
5650	95	
5651	67	
5652	86	
5653	27	
5654	99	
5655	4	
5656	19	
5657	64	
5658	59	
5659	95	
5660	19	
5661	79	
5662	98	
5663	57	
5664	11	
5665	7	
5666	92	
5667	69	
5668	56	
5669	37	
5670	59	
5671	15	
5672	94	
5673	18	
5674	32	
5675	99	
5676	45	
5677	83	
5678	92	
5679	88	
5680	68	
5681	37	
5682	13	
5683	55	
5684	42	
5685	33	
5686	25	
5687	86	
5688	2	
5689	67	
5690	20	
5691	23	
5692	4	
5693	48	
5694	75	
5695	65	
5696	80	
5697	53	
5698	37	
5699	8	
5700	80	
5701	83	
5702	82	
5703	78	
5704	54	
5705	71	
5706	31	
5707	22	
5708	29	
5709	81	
5710	83	
5711	17	
5712	91	
5713	38	
5714	77	
5715	16	
5716	18	
5717	8	
5718	65	
5719	51	
5720	44	
5721	94	
5722	14	
5723	46	
5724	72	
5725	78	
5726	66	
5727	88	
5728	45	
5729	96	
5730	87	
5731	13	
5732	87	
5733	90	
5734	14	
5735	17	
5736	79	
5737	44	
5738	92	
5739	48	
5740	25	
5741	19	
5742	31	
5743	73	
5744	53	
5745	83	
5746	23	
5747	81	
5748	49	
5749	3	
5750	70	
5751	35	
5752	71	
5753	65	
5754	46	
5755	3	
5756	28	
5757	20	
5758	67	
5759	49	
5760	97	
5761	60	
5762	55	
5763	65	
5764	50	
5765	54	
5766	92	
5767	98	
5768	71	
5769	38	
5770	79	
5771	100	
5772	1	
5773	6	
5774	44	
5775	51	
5776	67	
5777	89	
5778	90	
5779	80	
5780	59	
5781	7	
5782	73	
5783	57	
5784	20	
5785	61	
5786	83	
5787	55	
5788	68	
5789	7	
5790	34	
5791	53	
5792	57	
5793	80	
5794	93	
5795	95	
5796	17	
5797	74	
5798	36	
5799	65	
5800	31	
5801	80	
5802	91	
5803	71	
5804	8	
5805	69	
5806	95	
5807	97	
5808	69	
5809	68	
5810	14	
5811	90	
5812	6	
5813	27	
5814	22	
5815	86	
5816	86	
5817	54	
5818	70	
5819	57	
5820	91	
5821	67	
5822	2	
5823	75	
5824	80	
5825	81	
5826	73	
5827	8	
5828	39	
5829	75	
5830	46	
5831	63	
5832	22	
5833	95	
5834	13	
5835	65	
5836	35	
5837	69	
5838	64	
5839	100	
5840	86	
5841	99	
5842	40	
5843	74	
5844	28	
5845	84	
5846	12	
5847	49	
5848	39	
5849	100	
5850	3	
5851	98	
5852	66	
5853	27	
5854	15	
5855	36	
5856	91	
5857	11	
5858	26	
5859	8	
5860	100	
5861	36	
5862	41	
5863	96	
5864	81	
5865	79	
5866	52	
5867	29	
5868	42	
5869	14	
5870	11	
5871	23	
5872	27	
5873	91	
5874	80	
5875	49	
5876	65	
5877	90	
5878	52	
5879	67	
5880	40	
5881	54	
5882	1	
5883	2	
5884	68	
5885	68	
5886	70	
5887	4	
5888	14	
5889	93	
5890	84	
5891	38	
5892	70	
5893	38	
5894	65	
5895	39	
5896	52	
5897	40	
5898	73	
5899	80	
5900	88	
5901	55	
5902	83	
5903	4	
5904	72	
5905	12	
5906	58	
5907	3	
5908	46	
5909	12	
5910	57	
5911	96	
5912	92	
5913	92	
5914	21	
5915	40	
5916	18	
5917	34	
5918	75	
5919	47	
5920	92	
5921	92	
5922	57	
5923	43	
5924	67	
5925	29	
5926	72	
5927	6	
5928	30	
5929	53	
5930	64	
5931	2	
5932	50	
5933	81	
5934	20	
5935	32	
5936	36	
5937	85	
5938	45	
5939	83	
5940	71	
5941	27	
5942	52	
5943	36	
5944	20	
5945	96	
5946	58	
5947	9	
5948	48	
5949	72	
5950	6	
5951	60	
5952	82	
5953	31	
5954	47	
5955	23	
5956	19	
5957	28	
5958	35	
5959	46	
5960	16	
5961	78	
5962	80	
5963	50	
5964	16	
5965	27	
5966	40	
5967	58	
5968	43	
5969	99	
5970	22	
5971	94	
5972	64	
5973	55	
5974	37	
5975	41	
5976	8	
5977	96	
5978	70	
5979	17	
5980	13	
5981	15	
5982	2	
5983	95	
5984	4	
5985	91	
5986	38	
5987	73	
5988	20	
5989	76	
5990	21	
5991	85	
5992	89	
5993	84	
5994	98	
5995	21	
5996	33	
5997	54	
5998	5	
5999	55	
6000	55	
6001	69	
6002	44	
6003	56	
6004	48	
6005	35	
6006	11	
6007	66	
6008	99	
6009	84	
6010	6	
6011	35	
6012	30	
6013	98	
6014	44	
6015	61	
6016	9	
6017	96	
6018	3	
6019	22	
6020	8	
6021	73	
6022	24	
6023	95	
6024	34	
6025	43	
6026	90	
6027	43	
6028	22	
6029	86	
6030	95	
6031	51	
6032	18	
6033	80	
6034	76	
6035	28	
6036	71	
6037	4	
6038	11	
6039	41	
6040	6	
6041	38	
6042	73	
6043	64	
6044	19	
6045	62	
6046	71	
6047	78	
6048	10	
6049	94	
6050	62	
6051	81	
6052	35	
6053	34	
6054	53	
6055	8	
6056	39	
6057	83	
6058	87	
6059	55	
6060	54	
6061	94	
6062	51	
6063	57	
6064	80	
6065	64	
6066	38	
6067	47	
6068	3	
6069	26	
6070	21	
6071	87	
6072	36	
6073	51	
6074	21	
6075	7	
6076	15	
6077	47	
6078	92	
6079	58	
6080	14	
6081	64	
6082	59	
6083	23	
6084	94	
6085	64	
6086	3	
6087	63	
6088	39	
6089	99	
6090	82	
6091	82	
6092	42	
6093	75	
6094	61	
6095	42	
6096	51	
6097	24	
6098	5	
6099	72	
6100	26	
6101	4	
6102	28	
6103	36	
6104	83	
6105	34	
6106	83	
6107	5	
6108	35	
6109	24	
6110	23	
6111	68	
6112	82	
6113	66	
6114	45	
6115	48	
6116	97	
6117	90	
6118	63	
6119	1	
6120	55	
6121	92	
6122	82	
6123	39	
6124	42	
6125	73	
6126	81	
6127	69	
6128	44	
6129	89	
6130	86	
6131	44	
6132	16	
6133	39	
6134	9	
6135	55	
6136	68	
6137	17	
6138	6	
6139	98	
6140	6	
6141	58	
6142	15	
6143	9	
6144	94	
6145	37	
6146	41	
6147	31	
6148	27	
6149	53	
6150	17	
6151	81	
6152	59	
6153	45	
6154	21	
6155	23	
6156	9	
6157	99	
6158	6	
6159	3	
6160	26	
6161	7	
6162	97	
6163	15	
6164	70	
6165	54	
6166	7	
6167	92	
6168	14	
6169	85	
6170	91	
6171	29	
6172	74	
6173	20	
6174	25	
6175	84	
6176	25	
6177	5	
6178	86	
6179	81	
6180	49	
6181	25	
6182	12	
6183	96	
6184	74	
6185	47	
6186	36	
6187	57	
6188	84	
6189	2	
6190	8	
6191	20	
6192	15	
6193	81	
6194	13	
6195	20	
6196	40	
6197	94	
6198	4	
6199	89	
6200	59	
6201	97	
6202	17	
6203	23	
6204	48	
6205	20	
6206	80	
6207	14	
6208	84	
6209	62	
6210	77	
6211	94	
6212	35	
6213	69	
6214	5	
6215	18	
6216	77	
6217	34	
6218	22	
6219	43	
6220	78	
6221	65	
6222	85	
6223	39	
6224	12	
6225	76	
6226	18	
6227	96	
6228	46	
6229	63	
6230	57	
6231	88	
6232	47	
6233	42	
6234	49	
6235	76	
6236	75	
6237	95	
6238	53	
6239	83	
6240	70	
6241	55	
6242	45	
6243	97	
6244	44	
6245	26	
6246	40	
6247	42	
6248	19	
6249	85	
6250	69	
6251	35	
6252	21	
6253	33	
6254	71	
6255	17	
6256	80	
6257	43	
6258	82	
6259	18	
6260	91	
6261	4	
6262	5	
6263	13	
6264	88	
6265	3	
6266	83	
6267	7	
6268	25	
6269	24	
6270	56	
6271	58	
6272	89	
6273	81	
6274	64	
6275	31	
6276	25	
6277	16	
6278	72	
6279	57	
6280	13	
6281	61	
6282	85	
6283	65	
6284	82	
6285	50	
6286	10	
6287	86	
6288	48	
6289	95	
6290	35	
6291	43	
6292	83	
6293	10	
6294	86	
6295	30	
6296	100	
6297	66	
6298	91	
6299	69	
6300	34	
6301	29	
6302	49	
6303	88	
6304	74	
6305	7	
6306	7	
6307	8	
6308	77	
6309	34	
6310	82	
6311	7	
6312	63	
6313	53	
6314	32	
6315	54	
6316	92	
6317	12	
6318	47	
6319	85	
6320	8	
6321	8	
6322	17	
6323	31	
6324	44	
6325	28	
6326	4	
6327	28	
6328	3	
6329	64	
6330	28	
6331	29	
6332	11	
6333	70	
6334	59	
6335	80	
6336	88	
6337	42	
6338	33	
6339	79	
6340	74	
6341	89	
6342	57	
6343	87	
6344	32	
6345	47	
6346	3	
6347	50	
6348	81	
6349	65	
6350	18	
6351	27	
6352	95	
6353	65	
6354	82	
6355	50	
6356	96	
6357	3	
6358	36	
6359	6	
6360	98	
6361	76	
6362	54	
6363	100	
6364	8	
6365	85	
6366	50	
6367	75	
6368	61	
6369	18	
6370	60	
6371	4	
6372	93	
6373	12	
6374	94	
6375	94	
6376	9	
6377	60	
6378	41	
6379	56	
6380	29	
6381	92	
6382	71	
6383	95	
6384	74	
6385	43	
6386	68	
6387	87	
6388	87	
6389	87	
6390	58	
6391	94	
6392	65	
6393	76	
6394	31	
6395	98	
6396	57	
6397	84	
6398	83	
6399	61	
6400	73	
6401	2	
6402	77	
6403	13	
6404	77	
6405	28	
6406	5	
6407	79	
6408	82	
6409	23	
6410	88	
6411	17	
6412	42	
6413	95	
6414	85	
6415	38	
6416	80	
6417	26	
6418	79	
6419	14	
6420	22	
6421	31	
6422	94	
6423	5	
6424	27	
6425	17	
6426	49	
6427	6	
6428	5	
6429	31	
6430	6	
6431	58	
6432	18	
6433	51	
6434	55	
6435	36	
6436	76	
6437	93	
6438	81	
6439	35	
6440	94	
6441	42	
6442	33	
6443	57	
6444	58	
6445	43	
6446	8	
6447	96	
6448	26	
6449	61	
6450	80	
6451	33	
6452	1	
6453	12	
6454	7	
6455	26	
6456	33	
6457	6	
6458	8	
6459	41	
6460	88	
6461	15	
6462	79	
6463	13	
6464	2	
6465	92	
6466	67	
6467	37	
6468	42	
6469	78	
6470	35	
6471	70	
6472	90	
6473	53	
6474	87	
6475	91	
6476	53	
6477	28	
6478	10	
6479	16	
6480	36	
6481	61	
6482	7	
6483	13	
6484	28	
6485	34	
6486	18	
6487	2	
6488	31	
6489	60	
6490	25	
6491	59	
6492	84	
6493	44	
6494	49	
6495	10	
6496	41	
6497	2	
6498	85	
6499	89	
6500	45	
6501	96	
6502	94	
6503	19	
6504	85	
6505	14	
6506	47	
6507	92	
6508	84	
6509	49	
6510	81	
6511	51	
6512	13	
6513	73	
6514	27	
6515	65	
6516	22	
6517	4	
6518	38	
6519	61	
6520	76	
6521	59	
6522	28	
6523	83	
6524	55	
6525	1	
6526	5	
6527	47	
6528	84	
6529	21	
6530	24	
6531	12	
6532	34	
6533	47	
6534	12	
6535	99	
6536	4	
6537	83	
6538	57	
6539	24	
6540	7	
6541	42	
6542	73	
6543	9	
6544	54	
6545	14	
6546	81	
6547	47	
6548	99	
6549	47	
6550	100	
6551	98	
6552	93	
6553	18	
6554	49	
6555	94	
6556	41	
6557	64	
6558	66	
6559	57	
6560	83	
6561	48	
6562	5	
6563	82	
6564	48	
6565	30	
6566	30	
6567	30	
6568	19	
6569	32	
6570	88	
6571	42	
6572	98	
6573	29	
6574	23	
6575	17	
6576	43	
6577	56	
6578	17	
6579	64	
6580	69	
6581	51	
6582	67	
6583	50	
6584	2	
6585	30	
6586	83	
6587	79	
6588	72	
6589	74	
6590	65	
6591	71	
6592	86	
6593	84	
6594	35	
6595	42	
6596	77	
6597	58	
6598	19	
6599	35	
6600	1	
6601	54	
6602	33	
6603	86	
6604	96	
6605	80	
6606	63	
6607	4	
6608	31	
6609	90	
6610	6	
6611	59	
6612	33	
6613	15	
6614	45	
6615	92	
6616	50	
6617	98	
6618	66	
6619	43	
6620	73	
6621	45	
6622	66	
6623	59	
6624	44	
6625	53	
6626	43	
6627	37	
6628	62	
6629	98	
6630	25	
6631	22	
6632	51	
6633	49	
6634	3	
6635	70	
6636	57	
6637	35	
6638	17	
6639	33	
6640	67	
6641	45	
6642	13	
6643	77	
6644	6	
6645	72	
6646	56	
6647	89	
6648	18	
6649	63	
6650	8	
6651	46	
6652	67	
6653	9	
6654	68	
6655	18	
6656	69	
6657	18	
6658	33	
6659	2	
6660	34	
6661	15	
6662	25	
6663	13	
6664	17	
6665	60	
6666	99	
6667	44	
6668	14	
6669	96	
6670	44	
6671	57	
6672	50	
6673	64	
6674	18	
6675	30	
6676	90	
6677	1	
6678	32	
6679	21	
6680	73	
6681	9	
6682	83	
6683	71	
6684	52	
6685	34	
6686	4	
6687	39	
6688	71	
6689	32	
6690	36	
6691	18	
6692	82	
6693	69	
6694	46	
6695	6	
6696	50	
6697	24	
6698	41	
6699	52	
6700	3	
6701	16	
6702	4	
6703	92	
6704	82	
6705	5	
6706	16	
6707	97	
6708	26	
6709	83	
6710	22	
6711	3	
6712	8	
6713	59	
6714	51	
6715	51	
6716	21	
6717	3	
6718	57	
6719	23	
6720	88	
6721	14	
6722	5	
6723	28	
6724	70	
6725	3	
6726	53	
6727	70	
6728	99	
6729	1	
6730	56	
6731	40	
6732	100	
6733	22	
6734	27	
6735	77	
6736	44	
6737	41	
6738	32	
6739	55	
6740	85	
6741	42	
6742	46	
6743	40	
6744	67	
6745	18	
6746	21	
6747	6	
6748	81	
6749	9	
6750	96	
6751	70	
6752	100	
6753	50	
6754	84	
6755	14	
6756	25	
6757	66	
6758	93	
6759	84	
6760	91	
6761	30	
6762	85	
6763	13	
6764	80	
6765	24	
6766	7	
6767	85	
6768	27	
6769	83	
6770	25	
6771	52	
6772	1	
6773	9	
6774	79	
6775	24	
6776	49	
6777	34	
6778	97	
6779	91	
6780	25	
6781	59	
6782	17	
6783	15	
6784	84	
6785	73	
6786	72	
6787	93	
6788	36	
6789	58	
6790	55	
6791	17	
6792	3	
6793	92	
6794	48	
6795	82	
6796	28	
6797	19	
6798	40	
6799	8	
6800	81	
6801	61	
6802	32	
6803	23	
6804	83	
6805	5	
6806	86	
6807	58	
6808	71	
6809	18	
6810	7	
6811	19	
6812	41	
6813	94	
6814	48	
6815	3	
6816	4	
6817	42	
6818	30	
6819	68	
6820	14	
6821	90	
6822	87	
6823	80	
6824	11	
6825	55	
6826	20	
6827	1	
6828	55	
6829	70	
6830	51	
6831	29	
6832	70	
6833	16	
6834	57	
6835	81	
6836	26	
6837	77	
6838	35	
6839	79	
6840	40	
6841	79	
6842	82	
6843	73	
6844	8	
6845	62	
6846	12	
6847	41	
6848	35	
6849	11	
6850	5	
6851	45	
6852	69	
6853	7	
6854	33	
6855	34	
6856	86	
6857	82	
6858	26	
6859	75	
6860	54	
6861	86	
6862	100	
6863	57	
6864	55	
6865	59	
6866	79	
6867	9	
6868	95	
6869	2	
6870	45	
6871	67	
6872	45	
6873	72	
6874	70	
6875	58	
6876	79	
6877	18	
6878	65	
6879	55	
6880	34	
6881	12	
6882	78	
6883	13	
6884	86	
6885	16	
6886	76	
6887	75	
6888	33	
6889	70	
6890	94	
6891	31	
6892	41	
6893	31	
6894	87	
6895	3	
6896	16	
6897	91	
6898	23	
6899	76	
6900	65	
6901	44	
6902	77	
6903	73	
6904	54	
6905	10	
6906	21	
6907	98	
6908	1	
6909	23	
6910	36	
6911	6	
6912	45	
6913	18	
6914	49	
6915	35	
6916	84	
6917	90	
6918	100	
6919	99	
6920	52	
6921	90	
6922	71	
6923	50	
6924	71	
6925	20	
6926	31	
6927	40	
6928	49	
6929	75	
6930	36	
6931	2	
6932	26	
6933	38	
6934	70	
6935	21	
6936	27	
6937	81	
6938	32	
6939	92	
6940	15	
6941	69	
6942	81	
6943	37	
6944	75	
6945	93	
6946	13	
6947	52	
6948	21	
6949	13	
6950	63	
6951	33	
6952	38	
6953	83	
6954	50	
6955	12	
6956	13	
6957	14	
6958	4	
6959	72	
6960	37	
6961	44	
6962	92	
6963	2	
6964	95	
6965	81	
6966	89	
6967	13	
6968	35	
6969	88	
6970	18	
6971	49	
6972	17	
6973	51	
6974	52	
6975	2	
6976	41	
6977	25	
6978	83	
6979	4	
6980	21	
6981	64	
6982	67	
6983	13	
6984	44	
6985	85	
6986	14	
6987	100	
6988	91	
6989	24	
6990	32	
6991	2	
6992	9	
6993	2	
6994	88	
6995	81	
6996	11	
6997	29	
6998	46	
6999	87	
7000	58	
7001	88	
7002	21	
7003	73	
7004	74	
7005	10	
7006	76	
7007	41	
7008	23	
7009	5	
7010	75	
7011	98	
7012	5	
7013	40	
7014	20	
7015	93	
7016	37	
7017	95	
7018	40	
7019	27	
7020	36	
7021	3	
7022	57	
7023	79	
7024	32	
7025	37	
7026	71	
7027	42	
7028	3	
7029	57	
7030	72	
7031	7	
7032	33	
7033	13	
7034	50	
7035	67	
7036	7	
7037	93	
7038	50	
7039	92	
7040	24	
7041	42	
7042	56	
7043	63	
7044	45	
7045	61	
7046	39	
7047	95	
7048	94	
7049	78	
7050	59	
7051	12	
7052	97	
7053	15	
7054	55	
7055	3	
7056	3	
7057	60	
7058	63	
7059	63	
7060	23	
7061	46	
7062	56	
7063	3	
7064	4	
7065	82	
7066	84	
7067	88	
7068	40	
7069	73	
7070	45	
7071	72	
7072	49	
7073	11	
7074	67	
7075	94	
7076	17	
7077	14	
7078	20	
7079	47	
7080	83	
7081	57	
7082	45	
7083	76	
7084	21	
7085	35	
7086	31	
7087	29	
7088	14	
7089	43	
7090	60	
7091	25	
7092	82	
7093	72	
7094	6	
7095	28	
7096	15	
7097	44	
7098	24	
7099	35	
7100	48	
7101	14	
7102	22	
7103	40	
7104	53	
7105	37	
7106	43	
7107	28	
7108	32	
7109	88	
7110	66	
7111	6	
7112	71	
7113	37	
7114	48	
7115	99	
7116	37	
7117	24	
7118	17	
7119	6	
7120	64	
7121	84	
7122	96	
7123	71	
7124	61	
7125	94	
7126	53	
7127	77	
7128	81	
7129	66	
7130	22	
7131	81	
7132	44	
7133	31	
7134	69	
7135	30	
7136	33	
7137	80	
7138	45	
7139	61	
7140	19	
7141	54	
7142	94	
7143	72	
7144	3	
7145	82	
7146	48	
7147	97	
7148	65	
7149	86	
7150	73	
7151	9	
7152	54	
7153	69	
7154	93	
7155	55	
7156	24	
7157	33	
7158	86	
7159	64	
7160	51	
7161	1	
7162	57	
7163	70	
7164	43	
7165	33	
7166	81	
7167	99	
7168	53	
7169	31	
7170	73	
7171	52	
7172	21	
7173	53	
7174	36	
7175	36	
7176	67	
7177	48	
7178	82	
7179	89	
7180	72	
7181	64	
7182	26	
7183	51	
7184	79	
7185	2	
7186	59	
7187	73	
7188	46	
7189	44	
7190	85	
7191	18	
7192	8	
7193	5	
7194	94	
7195	37	
7196	70	
7197	47	
7198	83	
7199	90	
7200	64	
7201	35	
7202	70	
7203	18	
7204	11	
7205	9	
7206	59	
7207	68	
7208	54	
7209	50	
7210	58	
7211	55	
7212	3	
7213	91	
7214	96	
7215	88	
7216	84	
7217	8	
7218	83	
7219	47	
7220	12	
7221	4	
7222	77	
7223	38	
7224	5	
7225	21	
7226	37	
7227	87	
7228	13	
7229	47	
7230	30	
7231	40	
7232	51	
7233	59	
7234	1	
7235	7	
7236	9	
7237	1	
7238	8	
7239	37	
7240	49	
7241	64	
7242	51	
7243	40	
7244	65	
7245	38	
7246	1	
7247	99	
7248	93	
7249	79	
7250	77	
7251	71	
7252	65	
7253	13	
7254	54	
7255	13	
7256	98	
7257	34	
7258	53	
7259	72	
7260	91	
7261	38	
7262	4	
7263	89	
7264	82	
7265	76	
7266	90	
7267	22	
7268	70	
7269	94	
7270	87	
7271	81	
7272	63	
7273	16	
7274	66	
7275	24	
7276	91	
7277	2	
7278	11	
7279	33	
7280	37	
7281	51	
7282	16	
7283	17	
7284	74	
7285	14	
7286	94	
7287	47	
7288	42	
7289	72	
7290	55	
7291	3	
7292	93	
7293	75	
7294	90	
7295	88	
7296	24	
7297	78	
7298	72	
7299	68	
7300	91	
7301	88	
7302	83	
7303	52	
7304	53	
7305	67	
7306	91	
7307	99	
7308	85	
7309	87	
7310	34	
7311	6	
7312	1	
7313	79	
7314	97	
7315	18	
7316	71	
7317	60	
7318	3	
7319	63	
7320	62	
7321	30	
7322	54	
7323	57	
7324	19	
7325	72	
7326	43	
7327	54	
7328	26	
7329	24	
7330	4	
7331	100	
7332	3	
7333	18	
7334	73	
7335	98	
7336	23	
7337	20	
7338	33	
7339	72	
7340	15	
7341	96	
7342	91	
7343	9	
7344	89	
7345	35	
7346	56	
7347	50	
7348	75	
7349	14	
7350	17	
7351	46	
7352	17	
7353	5	
7354	15	
7355	53	
7356	84	
7357	81	
7358	5	
7359	51	
7360	99	
7361	27	
7362	93	
7363	43	
7364	11	
7365	33	
7366	20	
7367	2	
7368	29	
7369	29	
7370	61	
7371	64	
7372	44	
7373	6	
7374	74	
7375	3	
7376	88	
7377	21	
7378	60	
7379	20	
7380	23	
7381	45	
7382	21	
7383	67	
7384	97	
7385	96	
7386	82	
7387	100	
7388	49	
7389	92	
7390	80	
7391	98	
7392	28	
7393	83	
7394	85	
7395	25	
7396	79	
7397	24	
7398	57	
7399	21	
7400	41	
7401	39	
7402	50	
7403	86	
7404	28	
7405	77	
7406	99	
7407	43	
7408	11	
7409	18	
7410	26	
7411	93	
7412	59	
7413	41	
7414	19	
7415	71	
7416	15	
7417	12	
7418	10	
7419	86	
7420	37	
7421	23	
7422	30	
7423	99	
7424	89	
7425	79	
7426	57	
7427	61	
7428	11	
7429	24	
7430	60	
7431	14	
7432	34	
7433	65	
7434	62	
7435	23	
7436	45	
7437	48	
7438	89	
7439	42	
7440	33	
7441	93	
7442	66	
7443	53	
7444	86	
7445	41	
7446	79	
7447	58	
7448	30	
7449	41	
7450	16	
7451	94	
7452	50	
7453	6	
7454	80	
7455	80	
7456	13	
7457	100	
7458	48	
7459	60	
7460	86	
7461	9	
7462	48	
7463	2	
7464	26	
7465	4	
7466	10	
7467	67	
7468	48	
7469	84	
7470	100	
7471	76	
7472	12	
7473	68	
7474	67	
7475	91	
7476	45	
7477	18	
7478	28	
7479	91	
7480	8	
7481	38	
7482	88	
7483	85	
7484	57	
7485	54	
7486	89	
7487	15	
7488	45	
7489	58	
7490	12	
7491	98	
7492	12	
7493	78	
7494	42	
7495	13	
7496	86	
7497	44	
7498	61	
7499	41	
7500	80	
7501	37	
7502	82	
7503	68	
7504	1	
7505	52	
7506	6	
7507	4	
7508	23	
7509	88	
7510	27	
7511	23	
7512	69	
7513	24	
7514	57	
7515	78	
7516	21	
7517	11	
7518	71	
7519	8	
7520	33	
7521	72	
7522	25	
7523	86	
7524	22	
7525	76	
7526	38	
7527	26	
7528	46	
7529	48	
7530	29	
7531	2	
7532	3	
7533	62	
7534	85	
7535	79	
7536	87	
7537	84	
7538	66	
7539	8	
7540	73	
7541	66	
7542	95	
7543	70	
7544	39	
7545	91	
7546	80	
7547	59	
7548	40	
7549	48	
7550	99	
7551	5	
7552	52	
7553	82	
7554	24	
7555	69	
7556	72	
7557	51	
7558	79	
7559	42	
7560	45	
7561	93	
7562	2	
7563	37	
7564	26	
7565	15	
7566	25	
7567	5	
7568	84	
7569	37	
7570	72	
7571	2	
7572	91	
7573	1	
7574	41	
7575	3	
7576	99	
7577	22	
7578	40	
7579	85	
7580	26	
7581	90	
7582	4	
7583	68	
7584	27	
7585	2	
7586	81	
7587	30	
7588	94	
7589	46	
7590	22	
7591	97	
7592	11	
7593	23	
7594	14	
7595	51	
7596	24	
7597	50	
7598	39	
7599	49	
7600	100	
7601	95	
7602	76	
7603	67	
7604	56	
7605	61	
7606	29	
7607	59	
7608	76	
7609	86	
7610	10	
7611	23	
7612	28	
7613	41	
7614	43	
7615	41	
7616	21	
7617	42	
7618	64	
7619	51	
7620	27	
7621	90	
7622	70	
7623	58	
7624	22	
7625	61	
7626	38	
7627	72	
7628	34	
7629	17	
7630	15	
7631	40	
7632	52	
7633	73	
7634	29	
7635	50	
7636	37	
7637	33	
7638	26	
7639	9	
7640	68	
7641	74	
7642	14	
7643	75	
7644	94	
7645	24	
7646	32	
7647	93	
7648	51	
7649	58	
7650	36	
7651	1	
7652	52	
7653	10	
7654	24	
7655	14	
7656	76	
7657	47	
7658	41	
7659	79	
7660	96	
7661	4	
7662	17	
7663	29	
7664	100	
7665	76	
7666	84	
7667	36	
7668	14	
7669	42	
7670	49	
7671	35	
7672	4	
7673	68	
7674	23	
7675	34	
7676	52	
7677	96	
7678	86	
7679	100	
7680	85	
7681	40	
7682	5	
7683	23	
7684	36	
7685	47	
7686	84	
7687	52	
7688	65	
7689	19	
7690	45	
7691	77	
7692	29	
7693	60	
7694	4	
7695	97	
7696	48	
7697	36	
7698	88	
7699	61	
7700	46	
7701	75	
7702	37	
7703	22	
7704	43	
7705	5	
7706	50	
7707	3	
7708	61	
7709	1	
7710	26	
7711	17	
7712	86	
7713	81	
7714	85	
7715	31	
7716	100	
7717	93	
7718	69	
7719	61	
7720	82	
7721	75	
7722	63	
7723	94	
7724	98	
7725	49	
7726	60	
7727	8	
7728	47	
7729	52	
7730	31	
7731	52	
7732	26	
7733	17	
7734	67	
7735	73	
7736	66	
7737	16	
7738	55	
7739	15	
7740	17	
7741	62	
7742	47	
7743	85	
7744	95	
7745	4	
7746	18	
7747	41	
7748	32	
7749	83	
7750	12	
7751	93	
7752	63	
7753	27	
7754	38	
7755	89	
7756	7	
7757	63	
7758	63	
7759	41	
7760	78	
7761	49	
7762	30	
7763	82	
7764	77	
7765	16	
7766	11	
7767	62	
7768	49	
7769	71	
7770	73	
7771	73	
7772	74	
7773	68	
7774	99	
7775	88	
7776	79	
7777	95	
7778	68	
7779	42	
7780	79	
7781	58	
7782	92	
7783	87	
7784	12	
7785	45	
7786	43	
7787	71	
7788	99	
7789	89	
7790	67	
7791	33	
7792	68	
7793	50	
7794	32	
7795	62	
7796	24	
7797	27	
7798	60	
7799	81	
7800	67	
7801	42	
7802	97	
7803	99	
7804	66	
7805	78	
7806	71	
7807	69	
7808	64	
7809	3	
7810	20	
7811	86	
7812	2	
7813	26	
7814	3	
7815	52	
7816	80	
7817	83	
7818	2	
7819	32	
7820	23	
7821	52	
7822	56	
7823	84	
7824	10	
7825	100	
7826	67	
7827	38	
7828	71	
7829	55	
7830	23	
7831	23	
7832	65	
7833	22	
7834	74	
7835	2	
7836	21	
7837	45	
7838	18	
7839	17	
7840	87	
7841	7	
7842	90	
7843	93	
7844	72	
7845	62	
7846	18	
7847	84	
7848	63	
7849	41	
7850	66	
7851	39	
7852	54	
7853	59	
7854	59	
7855	61	
7856	100	
7857	19	
7858	3	
7859	3	
7860	89	
7861	91	
7862	76	
7863	40	
7864	15	
7865	11	
7866	21	
7867	1	
7868	5	
7869	85	
7870	98	
7871	16	
7872	63	
7873	92	
7874	58	
7875	74	
7876	54	
7877	83	
7878	76	
7879	46	
7880	59	
7881	84	
7882	4	
7883	48	
7884	93	
7885	15	
7886	60	
7887	37	
7888	25	
7889	98	
7890	14	
7891	12	
7892	83	
7893	8	
7894	18	
7895	64	
7896	72	
7897	13	
7898	38	
7899	14	
7900	95	
7901	81	
7902	83	
7903	97	
7904	70	
7905	78	
7906	95	
7907	53	
7908	88	
7909	72	
7910	79	
7911	78	
7912	74	
7913	56	
7914	59	
7915	17	
7916	4	
7917	92	
7918	59	
7919	27	
7920	34	
7921	26	
7922	74	
7923	31	
7924	97	
7925	82	
7926	66	
7927	30	
7928	60	
7929	95	
7930	100	
7931	10	
7932	14	
7933	30	
7934	31	
7935	73	
7936	20	
7937	80	
7938	26	
7939	12	
7940	93	
7941	38	
7942	95	
7943	54	
7944	16	
7945	88	
7946	64	
7947	88	
7948	90	
7949	65	
7950	87	
7951	88	
7952	98	
7953	23	
7954	15	
7955	20	
7956	94	
7957	60	
7958	23	
7959	83	
7960	45	
7961	5	
7962	4	
7963	72	
7964	24	
7965	12	
7966	99	
7967	99	
7968	43	
7969	67	
7970	30	
7971	93	
7972	70	
7973	13	
7974	38	
7975	8	
7976	86	
7977	37	
7978	71	
7979	89	
7980	12	
7981	67	
7982	56	
7983	88	
7984	58	
7985	76	
7986	58	
7987	61	
7988	7	
7989	15	
7990	2	
7991	66	
7992	1	
7993	21	
7994	26	
7995	69	
7996	34	
7997	74	
7998	10	
7999	48	
8000	13	
8001	34	
8002	80	
8003	64	
8004	79	
8005	24	
8006	38	
8007	17	
8008	84	
8009	15	
8010	35	
8011	86	
8012	33	
8013	41	
8014	48	
8015	82	
8016	58	
8017	98	
8018	67	
8019	4	
8020	87	
8021	31	
8022	23	
8023	4	
8024	52	
8025	81	
8026	97	
8027	100	
8028	71	
8029	17	
8030	34	
8031	96	
8032	14	
8033	94	
8034	19	
8035	6	
8036	27	
8037	32	
8038	99	
8039	56	
8040	70	
8041	5	
8042	29	
8043	49	
8044	67	
8045	72	
8046	81	
8047	99	
8048	65	
8049	4	
8050	77	
8051	89	
8052	19	
8053	75	
8054	49	
8055	77	
8056	24	
8057	97	
8058	82	
8059	50	
8060	64	
8061	4	
8062	32	
8063	50	
8064	3	
8065	83	
8066	17	
8067	95	
8068	63	
8069	69	
8070	58	
8071	10	
8072	7	
8073	60	
8074	5	
8075	94	
8076	39	
8077	72	
8078	79	
8079	51	
8080	76	
8081	83	
8082	21	
8083	57	
8084	7	
8085	24	
8086	25	
8087	60	
8088	99	
8089	38	
8090	88	
8091	87	
8092	85	
8093	76	
8094	3	
8095	43	
8096	88	
8097	56	
8098	83	
8099	7	
8100	43	
8101	54	
8102	95	
8103	38	
8104	95	
8105	56	
8106	70	
8107	70	
8108	72	
8109	68	
8110	68	
8111	45	
8112	27	
8113	99	
8114	31	
8115	92	
8116	10	
8117	54	
8118	79	
8119	90	
8120	97	
8121	4	
8122	12	
8123	3	
8124	9	
8125	37	
8126	64	
8127	62	
8128	57	
8129	82	
8130	40	
8131	93	
8132	42	
8133	56	
8134	73	
8135	25	
8136	36	
8137	100	
8138	33	
8139	69	
8140	64	
8141	81	
8142	61	
8143	10	
8144	9	
8145	91	
8146	78	
8147	13	
8148	1	
8149	92	
8150	38	
8151	22	
8152	67	
8153	71	
8154	74	
8155	45	
8156	37	
8157	82	
8158	75	
8159	20	
8160	1	
8161	21	
8162	14	
8163	50	
8164	9	
8165	38	
8166	86	
8167	75	
8168	44	
8169	69	
8170	6	
8171	94	
8172	47	
8173	35	
8174	33	
8175	33	
8176	59	
8177	100	
8178	63	
8179	93	
8180	32	
8181	78	
8182	99	
8183	69	
8184	73	
8185	10	
8186	41	
8187	21	
8188	72	
8189	76	
8190	79	
8191	77	
8192	64	
8193	72	
8194	30	
8195	13	
8196	95	
8197	37	
8198	67	
8199	16	
8200	79	
8201	94	
8202	68	
8203	98	
8204	99	
8205	97	
8206	86	
8207	71	
8208	100	
8209	42	
8210	38	
8211	72	
8212	62	
8213	94	
8214	30	
8215	39	
8216	18	
8217	53	
8218	86	
8219	61	
8220	71	
8221	94	
8222	9	
8223	12	
8224	80	
8225	44	
8226	83	
8227	67	
8228	81	
8229	89	
8230	50	
8231	35	
8232	46	
8233	68	
8234	95	
8235	69	
8236	70	
8237	32	
8238	41	
8239	60	
8240	58	
8241	60	
8242	42	
8243	53	
8244	56	
8245	50	
8246	14	
8247	43	
8248	71	
8249	30	
8250	44	
8251	39	
8252	2	
8253	73	
8254	60	
8255	34	
8256	51	
8257	25	
8258	62	
8259	3	
8260	87	
8261	85	
8262	19	
8263	12	
8264	41	
8265	7	
8266	57	
8267	90	
8268	16	
8269	7	
8270	33	
8271	95	
8272	22	
8273	23	
8274	28	
8275	89	
8276	77	
8277	94	
8278	63	
8279	62	
8280	40	
8281	63	
8282	77	
8283	67	
8284	4	
8285	93	
8286	62	
8287	83	
8288	69	
8289	22	
8290	79	
8291	55	
8292	16	
8293	14	
8294	42	
8295	17	
8296	28	
8297	30	
8298	12	
8299	18	
8300	66	
8301	67	
8302	75	
8303	13	
8304	95	
8305	2	
8306	67	
8307	4	
8308	18	
8309	68	
8310	3	
8311	32	
8312	36	
8313	28	
8314	18	
8315	50	
8316	34	
8317	38	
8318	28	
8319	2	
8320	15	
8321	63	
8322	33	
8323	36	
8324	53	
8325	4	
8326	30	
8327	20	
8328	66	
8329	50	
8330	28	
8331	52	
8332	64	
8333	20	
8334	82	
8335	58	
8336	71	
8337	46	
8338	32	
8339	5	
8340	71	
8341	86	
8342	4	
8343	84	
8344	32	
8345	31	
8346	70	
8347	36	
8348	8	
8349	51	
8350	9	
8351	20	
8352	45	
8353	58	
8354	61	
8355	1	
8356	69	
8357	78	
8358	64	
8359	21	
8360	8	
8361	82	
8362	67	
8363	90	
8364	65	
8365	37	
8366	60	
8367	37	
8368	10	
8369	79	
8370	47	
8371	77	
8372	19	
8373	24	
8374	38	
8375	95	
8376	80	
8377	33	
8378	55	
8379	5	
8380	97	
8381	84	
8382	63	
8383	53	
8384	78	
8385	69	
8386	26	
8387	100	
8388	5	
8389	81	
8390	75	
8391	89	
8392	45	
8393	4	
8394	63	
8395	25	
8396	14	
8397	67	
8398	94	
8399	99	
8400	9	
8401	52	
8402	43	
8403	27	
8404	99	
8405	31	
8406	95	
8407	16	
8408	59	
8409	5	
8410	98	
8411	100	
8412	14	
8413	75	
8414	26	
8415	60	
8416	99	
8417	8	
8418	41	
8419	70	
8420	45	
8421	60	
8422	40	
8423	100	
8424	38	
8425	77	
8426	32	
8427	76	
8428	95	
8429	50	
8430	79	
8431	75	
8432	20	
8433	74	
8434	21	
8435	92	
8436	63	
8437	23	
8438	52	
8439	48	
8440	18	
8441	37	
8442	54	
8443	33	
8444	38	
8445	6	
8446	20	
8447	10	
8448	76	
8449	29	
8450	34	
8451	70	
8452	24	
8453	8	
8454	91	
8455	61	
8456	94	
8457	60	
8458	95	
8459	13	
8460	51	
8461	17	
8462	21	
8463	87	
8464	19	
8465	76	
8466	96	
8467	64	
8468	2	
8469	83	
8470	76	
8471	31	
8472	92	
8473	54	
8474	64	
8475	46	
8476	10	
8477	21	
8478	94	
8479	22	
8480	36	
8481	98	
8482	48	
8483	37	
8484	83	
8485	21	
8486	35	
8487	26	
8488	59	
8489	87	
8490	100	
8491	4	
8492	63	
8493	25	
8494	97	
8495	100	
8496	97	
8497	20	
8498	77	
8499	82	
8500	53	
8501	80	
8502	13	
8503	57	
8504	26	
8505	59	
8506	3	
8507	33	
8508	90	
8509	13	
8510	55	
8511	61	
8512	8	
8513	7	
8514	80	
8515	3	
8516	50	
8517	22	
8518	89	
8519	88	
8520	18	
8521	46	
8522	62	
8523	23	
8524	27	
8525	30	
8526	82	
8527	17	
8528	91	
8529	95	
8530	88	
8531	63	
8532	39	
8533	86	
8534	60	
8535	33	
8536	12	
8537	73	
8538	65	
8539	86	
8540	29	
8541	6	
8542	33	
8543	43	
8544	72	
8545	25	
8546	2	
8547	71	
8548	12	
8549	96	
8550	25	
8551	29	
8552	82	
8553	11	
8554	18	
8555	67	
8556	18	
8557	3	
8558	77	
8559	99	
8560	20	
8561	48	
8562	73	
8563	82	
8564	45	
8565	32	
8566	40	
8567	15	
8568	33	
8569	3	
8570	87	
8571	94	
8572	4	
8573	11	
8574	41	
8575	11	
8576	27	
8577	40	
8578	33	
8579	10	
8580	82	
8581	79	
8582	26	
8583	77	
8584	93	
8585	23	
8586	48	
8587	91	
8588	97	
8589	68	
8590	77	
8591	89	
8592	73	
8593	97	
8594	91	
8595	33	
8596	91	
8597	87	
8598	94	
8599	48	
8600	38	
8601	3	
8602	60	
8603	53	
8604	3	
8605	5	
8606	14	
8607	62	
8608	22	
8609	71	
8610	30	
8611	11	
8612	40	
8613	18	
8614	65	
8615	36	
8616	44	
8617	97	
8618	47	
8619	1	
8620	87	
8621	3	
8622	8	
8623	53	
8624	26	
8625	47	
8626	2	
8627	13	
8628	32	
8629	99	
8630	78	
8631	28	
8632	58	
8633	14	
8634	70	
8635	95	
8636	45	
8637	96	
8638	89	
8639	51	
8640	92	
8641	3	
8642	32	
8643	95	
8644	73	
8645	98	
8646	25	
8647	65	
8648	62	
8649	91	
8650	72	
8651	66	
8652	21	
8653	98	
8654	71	
8655	84	
8656	62	
8657	29	
8658	28	
8659	81	
8660	53	
8661	91	
8662	83	
8663	11	
8664	42	
8665	19	
8666	89	
8667	75	
8668	95	
8669	75	
8670	30	
8671	95	
8672	10	
8673	60	
8674	88	
8675	6	
8676	49	
8677	66	
8678	11	
8679	89	
8680	48	
8681	82	
8682	90	
8683	29	
8684	75	
8685	81	
8686	13	
8687	21	
8688	50	
8689	76	
8690	70	
8691	59	
8692	46	
8693	83	
8694	10	
8695	48	
8696	66	
8697	88	
8698	3	
8699	73	
8700	93	
8701	15	
8702	72	
8703	50	
8704	56	
8705	17	
8706	10	
8707	39	
8708	74	
8709	31	
8710	95	
8711	3	
8712	89	
8713	5	
8714	99	
8715	47	
8716	56	
8717	53	
8718	48	
8719	10	
8720	49	
8721	59	
8722	43	
8723	55	
8724	30	
8725	17	
8726	62	
8727	31	
8728	34	
8729	58	
8730	54	
8731	11	
8732	58	
8733	92	
8734	72	
8735	32	
8736	97	
8737	59	
8738	85	
8739	99	
8740	46	
8741	73	
8742	44	
8743	96	
8744	15	
8745	61	
8746	4	
8747	84	
8748	5	
8749	90	
8750	37	
8751	20	
8752	16	
8753	20	
8754	65	
8755	3	
8756	2	
8757	39	
8758	92	
8759	50	
8760	61	
8761	72	
8762	6	
8763	67	
8764	34	
8765	69	
8766	86	
8767	28	
8768	18	
8769	5	
8770	6	
8771	74	
8772	33	
8773	11	
8774	3	
8775	92	
8776	95	
8777	30	
8778	64	
8779	63	
8780	54	
8781	44	
8782	43	
8783	22	
8784	23	
8785	36	
8786	69	
8787	61	
8788	33	
8789	61	
8790	20	
8791	99	
8792	55	
8793	67	
8794	68	
8795	29	
8796	23	
8797	79	
8798	41	
8799	98	
8800	87	
8801	44	
8802	49	
8803	3	
8804	53	
8805	38	
8806	35	
8807	98	
8808	68	
8809	47	
8810	81	
8811	45	
8812	66	
8813	82	
8814	95	
8815	18	
8816	45	
8817	90	
8818	22	
8819	61	
8820	92	
8821	21	
8822	9	
8823	22	
8824	25	
8825	35	
8826	80	
8827	38	
8828	7	
8829	85	
8830	81	
8831	99	
8832	11	
8833	44	
8834	89	
8835	75	
8836	32	
8837	14	
8838	90	
8839	15	
8840	60	
8841	45	
8842	87	
8843	53	
8844	53	
8845	9	
8846	4	
8847	8	
8848	55	
8849	44	
8850	1	
8851	52	
8852	71	
8853	5	
8854	8	
8855	49	
8856	79	
8857	55	
8858	54	
8859	2	
8860	98	
8861	100	
8862	24	
8863	11	
8864	71	
8865	53	
8866	99	
8867	85	
8868	54	
8869	30	
8870	65	
8871	11	
8872	88	
8873	64	
8874	7	
8875	72	
8876	57	
8877	72	
8878	12	
8879	1	
8880	37	
8881	42	
8882	46	
8883	14	
8884	81	
8885	93	
8886	1	
8887	49	
8888	69	
8889	64	
8890	85	
8891	68	
8892	97	
8893	60	
8894	28	
8895	98	
8896	6	
8897	34	
8898	34	
8899	94	
8900	40	
8901	71	
8902	47	
8903	65	
8904	63	
8905	55	
8906	5	
8907	2	
8908	80	
8909	72	
8910	24	
8911	33	
8912	50	
8913	62	
8914	12	
8915	18	
8916	3	
8917	62	
8918	23	
8919	53	
8920	6	
8921	65	
8922	33	
8923	22	
8924	60	
8925	72	
8926	17	
8927	99	
8928	69	
8929	95	
8930	63	
8931	10	
8932	38	
8933	52	
8934	2	
8935	58	
8936	6	
8937	71	
8938	41	
8939	35	
8940	91	
8941	40	
8942	35	
8943	20	
8944	71	
8945	82	
8946	88	
8947	37	
8948	57	
8949	44	
8950	35	
8951	35	
8952	79	
8953	79	
8954	100	
8955	29	
8956	83	
8957	21	
8958	85	
8959	63	
8960	48	
8961	97	
8962	30	
8963	80	
8964	11	
8965	66	
8966	34	
8967	37	
8968	33	
8969	47	
8970	82	
8971	78	
8972	85	
8973	14	
8974	95	
8975	53	
8976	87	
8977	70	
8978	30	
8979	11	
8980	78	
8981	2	
8982	16	
8983	100	
8984	3	
8985	22	
8986	76	
8987	100	
8988	49	
8989	79	
8990	86	
8991	81	
8992	82	
8993	60	
8994	54	
8995	53	
8996	52	
8997	89	
8998	13	
8999	95	
9000	95	
9001	12	
9002	81	
9003	51	
9004	23	
9005	96	
9006	1	
9007	16	
9008	56	
9009	19	
9010	5	
9011	39	
9012	15	
9013	81	
9014	72	
9015	95	
9016	7	
9017	85	
9018	53	
9019	68	
9020	83	
9021	41	
9022	20	
9023	74	
9024	60	
9025	92	
9026	64	
9027	29	
9028	65	
9029	100	
9030	97	
9031	52	
9032	37	
9033	98	
9034	77	
9035	51	
9036	48	
9037	10	
9038	92	
9039	15	
9040	23	
9041	9	
9042	2	
9043	26	
9044	79	
9045	97	
9046	28	
9047	77	
9048	59	
9049	89	
9050	100	
9051	84	
9052	72	
9053	67	
9054	96	
9055	10	
9056	74	
9057	24	
9058	84	
9059	55	
9060	37	
9061	72	
9062	38	
9063	55	
9064	66	
9065	24	
9066	35	
9067	62	
9068	61	
9069	29	
9070	13	
9071	8	
9072	67	
9073	76	
9074	40	
9075	40	
9076	15	
9077	5	
9078	87	
9079	90	
9080	70	
9081	38	
9082	37	
9083	2	
9084	49	
9085	87	
9086	86	
9087	76	
9088	31	
9089	65	
9090	81	
9091	52	
9092	49	
9093	5	
9094	89	
9095	93	
9096	83	
9097	35	
9098	27	
9099	44	
9100	18	
9101	5	
9102	87	
9103	75	
9104	82	
9105	39	
9106	16	
9107	40	
9108	75	
9109	30	
9110	43	
9111	9	
9112	65	
9113	39	
9114	100	
9115	7	
9116	37	
9117	15	
9118	25	
9119	53	
9120	84	
9121	6	
9122	84	
9123	35	
9124	77	
9125	90	
9126	66	
9127	70	
9128	72	
9129	98	
9130	44	
9131	24	
9132	59	
9133	25	
9134	56	
9135	17	
9136	96	
9137	98	
9138	86	
9139	55	
9140	18	
9141	52	
9142	44	
9143	99	
9144	43	
9145	93	
9146	32	
9147	34	
9148	10	
9149	84	
9150	82	
9151	72	
9152	68	
9153	60	
9154	56	
9155	66	
9156	24	
9157	36	
9158	93	
9159	41	
9160	60	
9161	86	
9162	55	
9163	55	
9164	55	
9165	62	
9166	21	
9167	94	
9168	46	
9169	43	
9170	25	
9171	40	
9172	57	
9173	10	
9174	15	
9175	79	
9176	78	
9177	91	
9178	17	
9179	8	
9180	5	
9181	33	
9182	41	
9183	19	
9184	60	
9185	31	
9186	35	
9187	90	
9188	46	
9189	38	
9190	93	
9191	58	
9192	88	
9193	35	
9194	47	
9195	32	
9196	50	
9197	64	
9198	69	
9199	10	
9200	100	
9201	12	
9202	54	
9203	80	
9204	36	
9205	12	
9206	16	
9207	10	
9208	7	
9209	70	
9210	17	
9211	45	
9212	69	
9213	67	
9214	33	
9215	51	
9216	36	
9217	30	
9218	74	
9219	74	
9220	61	
9221	41	
9222	42	
9223	99	
9224	36	
9225	49	
9226	49	
9227	36	
9228	34	
9229	22	
9230	26	
9231	64	
9232	14	
9233	37	
9234	12	
9235	63	
9236	46	
9237	72	
9238	47	
9239	28	
9240	53	
9241	90	
9242	10	
9243	68	
9244	88	
9245	73	
9246	63	
9247	43	
9248	55	
9249	30	
9250	72	
9251	16	
9252	3	
9253	81	
9254	2	
9255	14	
9256	71	
9257	99	
9258	5	
9259	11	
9260	8	
9261	85	
9262	13	
9263	72	
9264	87	
9265	27	
9266	56	
9267	20	
9268	28	
9269	84	
9270	95	
9271	56	
9272	42	
9273	58	
9274	56	
9275	26	
9276	55	
9277	100	
9278	55	
9279	69	
9280	2	
9281	42	
9282	35	
9283	100	
9284	92	
9285	17	
9286	38	
9287	36	
9288	2	
9289	89	
9290	74	
9291	36	
9292	35	
9293	60	
9294	37	
9295	40	
9296	84	
9297	82	
9298	66	
9299	68	
9300	73	
9301	40	
9302	100	
9303	71	
9304	42	
9305	95	
9306	20	
9307	95	
9308	33	
9309	44	
9310	44	
9311	73	
9312	32	
9313	55	
9314	19	
9315	43	
9316	82	
9317	10	
9318	81	
9319	72	
9320	96	
9321	84	
9322	73	
9323	40	
9324	33	
9325	92	
9326	99	
9327	50	
9328	68	
9329	53	
9330	14	
9331	74	
9332	90	
9333	30	
9334	28	
9335	85	
9336	19	
9337	73	
9338	6	
9339	62	
9340	51	
9341	69	
9342	70	
9343	85	
9344	43	
9345	85	
9346	85	
9347	69	
9348	94	
9349	16	
9350	21	
9351	15	
9352	18	
9353	52	
9354	50	
9355	82	
9356	39	
9357	49	
9358	74	
9359	74	
9360	4	
9361	86	
9362	95	
9363	28	
9364	35	
9365	32	
9366	65	
9367	89	
9368	39	
9369	3	
9370	1	
9371	4	
9372	81	
9373	6	
9374	79	
9375	50	
9376	96	
9377	83	
9378	1	
9379	78	
9380	95	
9381	50	
9382	91	
9383	64	
9384	8	
9385	17	
9386	64	
9387	95	
9388	96	
9389	14	
9390	48	
9391	77	
9392	4	
9393	50	
9394	25	
9395	71	
9396	55	
9397	38	
9398	71	
9399	56	
9400	2	
9401	62	
9402	43	
9403	8	
9404	58	
9405	99	
9406	41	
9407	91	
9408	70	
9409	74	
9410	83	
9411	45	
9412	99	
9413	1	
9414	42	
9415	20	
9416	57	
9417	22	
9418	68	
9419	51	
9420	25	
9421	60	
9422	58	
9423	3	
9424	67	
9425	59	
9426	49	
9427	58	
9428	91	
9429	17	
9430	40	
9431	62	
9432	77	
9433	97	
9434	81	
9435	55	
9436	51	
9437	90	
9438	32	
9439	94	
9440	47	
9441	78	
9442	18	
9443	18	
9444	23	
9445	20	
9446	91	
9447	31	
9448	58	
9449	12	
9450	26	
9451	73	
9452	90	
9453	59	
9454	67	
9455	60	
9456	46	
9457	85	
9458	55	
9459	99	
9460	91	
9461	25	
9462	25	
9463	14	
9464	96	
9465	73	
9466	25	
9467	81	
9468	83	
9469	64	
9470	78	
9471	100	
9472	43	
9473	70	
9474	22	
9475	51	
9476	74	
9477	60	
9478	82	
9479	1	
9480	3	
9481	74	
9482	13	
9483	70	
9484	58	
9485	26	
9486	77	
9487	23	
9488	56	
9489	36	
9490	3	
9491	98	
9492	98	
9493	29	
9494	89	
9495	96	
9496	74	
9497	10	
9498	83	
9499	29	
9500	43	
9501	44	
9502	57	
9503	76	
9504	76	
9505	91	
9506	9	
9507	6	
9508	61	
9509	37	
9510	2	
9511	69	
9512	59	
9513	37	
9514	57	
9515	30	
9516	74	
9517	70	
9518	21	
9519	52	
9520	30	
9521	3	
9522	28	
9523	33	
9524	37	
9525	50	
9526	46	
9527	26	
9528	28	
9529	51	
9530	75	
9531	36	
9532	79	
9533	88	
9534	17	
9535	71	
9536	8	
9537	20	
9538	1	
9539	71	
9540	28	
9541	54	
9542	72	
9543	95	
9544	91	
9545	41	
9546	28	
9547	80	
9548	50	
9549	98	
9550	58	
9551	25	
9552	40	
9553	67	
9554	99	
9555	2	
9556	67	
9557	64	
9558	29	
9559	18	
9560	22	
9561	25	
9562	52	
9563	14	
9564	30	
9565	57	
9566	59	
9567	17	
9568	3	
9569	23	
9570	30	
9571	96	
9572	18	
9573	28	
9574	84	
9575	5	
9576	22	
9577	13	
9578	84	
9579	9	
9580	65	
9581	92	
9582	45	
9583	60	
9584	81	
9585	15	
9586	75	
9587	81	
9588	5	
9589	18	
9590	17	
9591	64	
9592	7	
9593	96	
9594	87	
9595	54	
9596	49	
9597	54	
9598	83	
9599	1	
9600	38	
9601	33	
9602	86	
9603	18	
9604	100	
9605	87	
9606	65	
9607	13	
9608	13	
9609	62	
9610	45	
9611	89	
9612	36	
9613	97	
9614	45	
9615	33	
9616	18	
9617	80	
9618	97	
9619	59	
9620	51	
9621	49	
9622	79	
9623	38	
9624	40	
9625	91	
9626	67	
9627	89	
9628	4	
9629	52	
9630	32	
9631	8	
9632	85	
9633	85	
9634	74	
9635	40	
9636	5	
9637	82	
9638	48	
9639	83	
9640	60	
9641	27	
9642	21	
9643	31	
9644	34	
9645	20	
9646	28	
9647	93	
9648	47	
9649	26	
9650	33	
9651	8	
9652	28	
9653	89	
9654	71	
9655	85	
9656	9	
9657	79	
9658	57	
9659	18	
9660	34	
9661	15	
9662	19	
9663	2	
9664	92	
9665	73	
9666	97	
9667	72	
9668	63	
9669	2	
9670	4	
9671	28	
9672	50	
9673	98	
9674	98	
9675	35	
9676	84	
9677	83	
9678	7	
9679	80	
9680	15	
9681	100	
9682	26	
9683	39	
9684	41	
9685	45	
9686	52	
9687	4	
9688	65	
9689	75	
9690	21	
9691	2	
9692	72	
9693	50	
9694	8	
9695	98	
9696	46	
9697	49	
9698	37	
9699	27	
9700	83	
9701	62	
9702	86	
9703	48	
9704	76	
9705	88	
9706	96	
9707	67	
9708	6	
9709	10	
9710	65	
9711	26	
9712	3	
9713	71	
9714	77	
9715	65	
9716	46	
9717	33	
9718	11	
9719	17	
9720	81	
9721	44	
9722	2	
9723	5	
9724	17	
9725	2	
9726	2	
9727	28	
9728	39	
9729	22	
9730	63	
9731	60	
9732	8	
9733	47	
9734	94	
9735	50	
9736	74	
9737	84	
9738	88	
9739	85	
9740	35	
9741	2	
9742	68	
9743	46	
9744	78	
9745	91	
9746	62	
9747	66	
9748	18	
9749	99	
9750	59	
9751	21	
9752	100	
9753	26	
9754	81	
9755	10	
9756	46	
9757	27	
9758	98	
9759	26	
9760	37	
9761	16	
9762	86	
9763	12	
9764	16	
9765	17	
9766	87	
9767	72	
9768	63	
9769	36	
9770	22	
9771	81	
9772	96	
9773	43	
9774	1	
9775	12	
9776	94	
9777	99	
9778	88	
9779	81	
9780	58	
9781	49	
9782	77	
9783	87	
9784	27	
9785	68	
9786	74	
9787	6	
9788	59	
9789	76	
9790	60	
9791	74	
9792	77	
9793	47	
9794	47	
9795	42	
9796	99	
9797	31	
9798	22	
9799	63	
9800	48	
9801	36	
9802	69	
9803	5	
9804	44	
9805	53	
9806	71	
9807	34	
9808	68	
9809	72	
9810	91	
9811	3	
9812	89	
9813	63	
9814	85	
9815	88	
9816	6	
9817	75	
9818	64	
9819	61	
9820	99	
9821	74	
9822	95	
9823	56	
9824	18	
9825	62	
9826	89	
9827	96	
9828	51	
9829	78	
9830	51	
9831	93	
9832	44	
9833	46	
9834	70	
9835	59	
9836	17	
9837	71	
9838	75	
9839	82	
9840	71	
9841	53	
9842	69	
9843	40	
9844	20	
9845	7	
9846	18	
9847	16	
9848	16	
9849	15	
9850	32	
9851	26	
9852	47	
9853	92	
9854	95	
9855	42	
9856	10	
9857	42	
9858	74	
9859	100	
9860	9	
9861	78	
9862	77	
9863	58	
9864	8	
9865	72	
9866	5	
9867	3	
9868	88	
9869	86	
9870	56	
9871	60	
9872	13	
9873	75	
9874	44	
9875	39	
9876	87	
9877	47	
9878	65	
9879	34	
9880	98	
9881	47	
9882	57	
9883	14	
9884	51	
9885	51	
9886	2	
9887	58	
9888	66	
9889	54	
9890	27	
9891	62	
9892	76	
9893	30	
9894	20	
9895	54	
9896	28	
9897	90	
9898	77	
9899	34	
9900	12	
9901	85	
9902	60	
9903	57	
9904	6	
9905	54	
9906	73	
9907	69	
9908	33	
9909	11	
9910	18	
9911	83	
9912	63	
9913	100	
9914	20	
9915	52	
9916	46	
9917	59	
9918	62	
9919	88	
9920	5	
9921	43	
9922	87	
9923	51	
9924	78	
9925	39	
9926	18	
9927	64	
9928	27	
9929	97	
9930	95	
9931	56	
9932	95	
9933	69	
9934	20	
9935	81	
9936	91	
9937	49	
9938	47	
9939	69	
9940	19	
9941	72	
9942	92	
9943	94	
9944	44	
9945	70	
9946	37	
9947	41	
9948	17	
9949	47	
9950	59	
9951	37	
9952	60	
9953	5	
9954	68	
9955	59	
9956	64	
9957	4	
9958	97	
9959	65	
9960	90	
9961	97	
9962	82	
9963	36	
9964	61	
9965	69	
9966	27	
9967	100	
9968	16	
9969	85	
9970	15	
9971	12	
9972	88	
9973	18	
9974	52	
9975	24	
9976	85	
9977	88	
9978	31	
9979	41	
9980	36	
9981	84	
9982	19	
9983	93	
9984	31	
9985	91	
9986	83	
9987	1	
9988	45	
9989	50	
9990	50	
9991	80	
9992	89	
9993	33	
9994	44	
9995	95	
9996	52	
9997	43	
9998	95	
9999	37	
10000	89	
50892
