10000
1	9	
2	3	
3	9	
4	6	
5	1	
6	5	
7	10	
8	1	
9	10	
10	5	
11	1	
12	2	
13	3	
14	5	
15	10	
16	2	
17	2	
18	9	
19	6	
20	9	
21	8	
22	9	
23	1	
24	6	
25	6	
26	3	
27	1	
28	9	
29	5	
30	2	
31	1	
32	9	
33	1	
34	4	
35	9	
36	6	
37	9	
38	4	
39	9	
40	4	
41	4	
42	3	
43	9	
44	3	
45	10	
46	4	
47	3	
48	1	
49	2	
50	3	
51	2	
52	5	
53	10	
54	1	
55	10	
56	9	
57	6	
58	8	
59	3	
60	7	
61	2	
62	10	
63	5	
64	8	
65	5	
66	5	
67	6	
68	10	
69	9	
70	3	
71	3	
72	1	
73	1	
74	2	
75	5	
76	8	
77	10	
78	8	
79	6	
80	4	
81	7	
82	3	
83	2	
84	9	
85	9	
86	7	
87	5	
88	9	
89	5	
90	8	
91	2	
92	10	
93	2	
94	1	
95	7	
96	4	
97	10	
98	6	
99	7	
100	7	
101	8	
102	7	
103	5	
104	3	
105	6	
106	1	
107	2	
108	2	
109	4	
110	10	
111	10	
112	4	
113	2	
114	8	
115	8	
116	6	
117	4	
118	2	
119	2	
120	6	
121	9	
122	2	
123	1	
124	2	
125	4	
126	6	
127	3	
128	1	
129	4	
130	4	
131	3	
132	10	
133	10	
134	7	
135	2	
136	7	
137	10	
138	6	
139	1	
140	5	
141	10	
142	8	
143	10	
144	6	
145	8	
146	1	
147	9	
148	10	
149	6	
150	1	
151	10	
152	10	
153	1	
154	9	
155	5	
156	5	
157	9	
158	10	
159	3	
160	2	
161	8	
162	10	
163	5	
164	1	
165	4	
166	9	
167	10	
168	3	
169	3	
170	2	
171	4	
172	9	
173	2	
174	1	
175	8	
176	10	
177	1	
178	4	
179	5	
180	3	
181	4	
182	8	
183	7	
184	9	
185	4	
186	2	
187	3	
188	10	
189	1	
190	2	
191	3	
192	2	
193	5	
194	7	
195	8	
196	1	
197	5	
198	5	
199	2	
200	8	
201	2	
202	6	
203	10	
204	6	
205	6	
206	8	
207	1	
208	9	
209	10	
210	2	
211	3	
212	5	
213	6	
214	4	
215	9	
216	10	
217	5	
218	9	
219	4	
220	7	
221	5	
222	10	
223	2	
224	9	
225	5	
226	1	
227	10	
228	4	
229	6	
230	10	
231	10	
232	1	
233	2	
234	7	
235	6	
236	3	
237	2	
238	8	
239	6	
240	8	
241	10	
242	4	
243	2	
244	6	
245	7	
246	6	
247	5	
248	9	
249	9	
250	9	
251	6	
252	8	
253	2	
254	1	
255	10	
256	2	
257	3	
258	3	
259	10	
260	8	
261	2	
262	2	
263	2	
264	2	
265	4	
266	9	
267	3	
268	7	
269	8	
270	8	
271	1	
272	2	
273	1	
274	2	
275	2	
276	5	
277	2	
278	3	
279	10	
280	7	
281	6	
282	1	
283	10	
284	10	
285	9	
286	2	
287	6	
288	8	
289	8	
290	4	
291	3	
292	1	
293	9	
294	5	
295	10	
296	6	
297	1	
298	5	
299	3	
300	7	
301	3	
302	4	
303	1	
304	8	
305	2	
306	3	
307	4	
308	8	
309	5	
310	6	
311	1	
312	5	
313	7	
314	1	
315	3	
316	1	
317	6	
318	6	
319	9	
320	6	
321	3	
322	10	
323	1	
324	5	
325	4	
326	4	
327	7	
328	6	
329	9	
330	6	
331	3	
332	4	
333	4	
334	5	
335	5	
336	2	
337	4	
338	6	
339	5	
340	7	
341	8	
342	1	
343	1	
344	7	
345	1	
346	4	
347	5	
348	7	
349	6	
350	2	
351	5	
352	7	
353	3	
354	3	
355	9	
356	4	
357	8	
358	2	
359	2	
360	3	
361	5	
362	6	
363	2	
364	9	
365	9	
366	2	
367	6	
368	9	
369	10	
370	10	
371	5	
372	3	
373	1	
374	9	
375	7	
376	4	
377	8	
378	3	
379	7	
380	4	
381	2	
382	2	
383	1	
384	8	
385	8	
386	10	
387	8	
388	7	
389	5	
390	9	
391	10	
392	10	
393	4	
394	5	
395	3	
396	6	
397	3	
398	3	
399	5	
400	2	
401	5	
402	4	
403	3	
404	2	
405	3	
406	7	
407	7	
408	7	
409	3	
410	5	
411	8	
412	8	
413	2	
414	10	
415	10	
416	5	
417	4	
418	3	
419	3	
420	5	
421	6	
422	2	
423	8	
424	9	
425	5	
426	6	
427	1	
428	5	
429	9	
430	7	
431	4	
432	1	
433	3	
434	8	
435	10	
436	10	
437	9	
438	5	
439	1	
440	10	
441	5	
442	7	
443	9	
444	9	
445	2	
446	5	
447	10	
448	10	
449	6	
450	4	
451	4	
452	10	
453	8	
454	6	
455	7	
456	1	
457	2	
458	3	
459	2	
460	1	
461	6	
462	9	
463	4	
464	7	
465	9	
466	7	
467	1	
468	3	
469	3	
470	2	
471	9	
472	10	
473	3	
474	9	
475	5	
476	6	
477	10	
478	7	
479	8	
480	10	
481	4	
482	8	
483	10	
484	3	
485	4	
486	4	
487	5	
488	1	
489	10	
490	8	
491	8	
492	6	
493	4	
494	4	
495	10	
496	9	
497	10	
498	8	
499	9	
500	5	
501	2	
502	1	
503	10	
504	10	
505	10	
506	10	
507	8	
508	4	
509	10	
510	2	
511	1	
512	1	
513	1	
514	5	
515	8	
516	1	
517	3	
518	4	
519	6	
520	3	
521	6	
522	8	
523	7	
524	5	
525	6	
526	7	
527	10	
528	7	
529	10	
530	2	
531	2	
532	5	
533	1	
534	6	
535	4	
536	5	
537	4	
538	1	
539	1	
540	7	
541	8	
542	1	
543	4	
544	7	
545	9	
546	7	
547	10	
548	7	
549	7	
550	9	
551	7	
552	8	
553	4	
554	8	
555	4	
556	6	
557	3	
558	8	
559	9	
560	2	
561	8	
562	10	
563	7	
564	9	
565	9	
566	2	
567	4	
568	4	
569	4	
570	10	
571	7	
572	6	
573	3	
574	3	
575	6	
576	2	
577	10	
578	10	
579	6	
580	9	
581	7	
582	4	
583	10	
584	9	
585	6	
586	1	
587	1	
588	9	
589	4	
590	10	
591	4	
592	4	
593	5	
594	10	
595	5	
596	8	
597	2	
598	3	
599	5	
600	7	
601	7	
602	4	
603	5	
604	8	
605	5	
606	4	
607	7	
608	10	
609	7	
610	8	
611	9	
612	4	
613	4	
614	5	
615	7	
616	9	
617	2	
618	8	
619	3	
620	5	
621	2	
622	10	
623	10	
624	7	
625	4	
626	10	
627	3	
628	8	
629	9	
630	9	
631	1	
632	3	
633	3	
634	10	
635	7	
636	4	
637	8	
638	7	
639	8	
640	6	
641	5	
642	2	
643	7	
644	3	
645	6	
646	3	
647	8	
648	1	
649	5	
650	9	
651	2	
652	1	
653	9	
654	6	
655	2	
656	7	
657	6	
658	9	
659	3	
660	4	
661	5	
662	4	
663	1	
664	9	
665	7	
666	1	
667	4	
668	8	
669	1	
670	1	
671	6	
672	6	
673	9	
674	2	
675	2	
676	1	
677	6	
678	3	
679	1	
680	7	
681	4	
682	9	
683	7	
684	2	
685	4	
686	1	
687	8	
688	10	
689	9	
690	5	
691	10	
692	1	
693	5	
694	4	
695	2	
696	6	
697	2	
698	6	
699	3	
700	9	
701	10	
702	7	
703	4	
704	5	
705	6	
706	4	
707	3	
708	6	
709	1	
710	10	
711	1	
712	2	
713	3	
714	7	
715	3	
716	7	
717	2	
718	2	
719	7	
720	8	
721	2	
722	10	
723	1	
724	6	
725	3	
726	6	
727	1	
728	5	
729	3	
730	5	
731	10	
732	8	
733	8	
734	1	
735	3	
736	3	
737	10	
738	5	
739	6	
740	5	
741	6	
742	3	
743	10	
744	9	
745	7	
746	6	
747	1	
748	4	
749	5	
750	2	
751	4	
752	2	
753	10	
754	3	
755	6	
756	8	
757	6	
758	8	
759	3	
760	10	
761	8	
762	1	
763	6	
764	4	
765	9	
766	2	
767	9	
768	3	
769	4	
770	10	
771	9	
772	3	
773	8	
774	2	
775	1	
776	10	
777	5	
778	5	
779	6	
780	6	
781	6	
782	10	
783	7	
784	3	
785	1	
786	3	
787	3	
788	7	
789	1	
790	8	
791	4	
792	5	
793	6	
794	9	
795	8	
796	4	
797	7	
798	3	
799	5	
800	3	
801	9	
802	4	
803	10	
804	6	
805	1	
806	8	
807	4	
808	6	
809	10	
810	10	
811	10	
812	2	
813	2	
814	4	
815	9	
816	3	
817	10	
818	6	
819	2	
820	2	
821	6	
822	5	
823	10	
824	3	
825	10	
826	5	
827	7	
828	4	
829	1	
830	1	
831	7	
832	3	
833	6	
834	8	
835	7	
836	2	
837	4	
838	6	
839	2	
840	4	
841	2	
842	10	
843	6	
844	8	
845	6	
846	3	
847	7	
848	7	
849	6	
850	3	
851	3	
852	4	
853	1	
854	6	
855	1	
856	4	
857	3	
858	2	
859	6	
860	9	
861	10	
862	8	
863	8	
864	5	
865	10	
866	7	
867	8	
868	5	
869	4	
870	4	
871	1	
872	9	
873	2	
874	8	
875	3	
876	1	
877	9	
878	4	
879	2	
880	8	
881	6	
882	1	
883	8	
884	5	
885	10	
886	2	
887	2	
888	1	
889	6	
890	9	
891	1	
892	8	
893	1	
894	1	
895	6	
896	8	
897	5	
898	3	
899	4	
900	4	
901	3	
902	9	
903	7	
904	4	
905	1	
906	4	
907	6	
908	10	
909	1	
910	3	
911	6	
912	7	
913	7	
914	5	
915	4	
916	10	
917	10	
918	10	
919	1	
920	4	
921	9	
922	3	
923	3	
924	1	
925	1	
926	3	
927	5	
928	9	
929	4	
930	3	
931	8	
932	4	
933	4	
934	4	
935	4	
936	9	
937	3	
938	3	
939	2	
940	10	
941	10	
942	5	
943	2	
944	8	
945	7	
946	9	
947	7	
948	1	
949	8	
950	10	
951	9	
952	1	
953	3	
954	1	
955	3	
956	9	
957	10	
958	2	
959	9	
960	5	
961	8	
962	8	
963	2	
964	5	
965	6	
966	6	
967	3	
968	3	
969	9	
970	4	
971	3	
972	2	
973	8	
974	7	
975	3	
976	8	
977	5	
978	4	
979	10	
980	2	
981	10	
982	1	
983	2	
984	7	
985	8	
986	1	
987	7	
988	1	
989	9	
990	2	
991	9	
992	1	
993	9	
994	4	
995	5	
996	2	
997	6	
998	4	
999	5	
1000	9	
1001	8	
1002	3	
1003	2	
1004	8	
1005	6	
1006	6	
1007	10	
1008	10	
1009	4	
1010	7	
1011	10	
1012	1	
1013	5	
1014	8	
1015	1	
1016	5	
1017	1	
1018	6	
1019	10	
1020	6	
1021	9	
1022	5	
1023	4	
1024	1	
1025	2	
1026	6	
1027	2	
1028	8	
1029	3	
1030	4	
1031	9	
1032	7	
1033	5	
1034	7	
1035	8	
1036	9	
1037	8	
1038	1	
1039	8	
1040	9	
1041	9	
1042	4	
1043	7	
1044	3	
1045	4	
1046	2	
1047	10	
1048	2	
1049	6	
1050	5	
1051	5	
1052	7	
1053	4	
1054	4	
1055	9	
1056	6	
1057	10	
1058	5	
1059	8	
1060	10	
1061	9	
1062	9	
1063	2	
1064	6	
1065	3	
1066	10	
1067	3	
1068	2	
1069	9	
1070	6	
1071	7	
1072	2	
1073	10	
1074	10	
1075	2	
1076	3	
1077	4	
1078	6	
1079	5	
1080	3	
1081	5	
1082	7	
1083	3	
1084	6	
1085	5	
1086	2	
1087	3	
1088	9	
1089	8	
1090	8	
1091	5	
1092	10	
1093	1	
1094	8	
1095	2	
1096	3	
1097	6	
1098	8	
1099	10	
1100	10	
1101	3	
1102	6	
1103	2	
1104	9	
1105	2	
1106	2	
1107	8	
1108	10	
1109	9	
1110	8	
1111	6	
1112	2	
1113	10	
1114	10	
1115	3	
1116	10	
1117	3	
1118	1	
1119	10	
1120	6	
1121	6	
1122	5	
1123	4	
1124	7	
1125	2	
1126	8	
1127	8	
1128	5	
1129	1	
1130	9	
1131	4	
1132	4	
1133	7	
1134	4	
1135	4	
1136	5	
1137	6	
1138	3	
1139	1	
1140	1	
1141	2	
1142	1	
1143	5	
1144	2	
1145	9	
1146	9	
1147	2	
1148	6	
1149	5	
1150	10	
1151	5	
1152	10	
1153	7	
1154	5	
1155	6	
1156	4	
1157	4	
1158	10	
1159	1	
1160	10	
1161	5	
1162	7	
1163	7	
1164	4	
1165	9	
1166	8	
1167	1	
1168	1	
1169	8	
1170	4	
1171	8	
1172	6	
1173	2	
1174	10	
1175	6	
1176	4	
1177	9	
1178	7	
1179	6	
1180	6	
1181	8	
1182	4	
1183	9	
1184	8	
1185	4	
1186	1	
1187	6	
1188	10	
1189	4	
1190	8	
1191	5	
1192	1	
1193	7	
1194	6	
1195	6	
1196	8	
1197	5	
1198	7	
1199	10	
1200	3	
1201	7	
1202	9	
1203	8	
1204	2	
1205	8	
1206	7	
1207	6	
1208	9	
1209	4	
1210	2	
1211	1	
1212	5	
1213	10	
1214	2	
1215	1	
1216	3	
1217	1	
1218	10	
1219	7	
1220	10	
1221	5	
1222	6	
1223	5	
1224	1	
1225	2	
1226	10	
1227	9	
1228	1	
1229	5	
1230	2	
1231	4	
1232	8	
1233	10	
1234	3	
1235	4	
1236	8	
1237	8	
1238	3	
1239	10	
1240	3	
1241	8	
1242	3	
1243	8	
1244	6	
1245	4	
1246	6	
1247	4	
1248	4	
1249	2	
1250	9	
1251	1	
1252	6	
1253	4	
1254	9	
1255	2	
1256	1	
1257	4	
1258	9	
1259	4	
1260	1	
1261	1	
1262	2	
1263	2	
1264	3	
1265	8	
1266	7	
1267	1	
1268	6	
1269	1	
1270	3	
1271	6	
1272	5	
1273	2	
1274	3	
1275	3	
1276	7	
1277	5	
1278	1	
1279	2	
1280	9	
1281	10	
1282	4	
1283	1	
1284	8	
1285	4	
1286	7	
1287	1	
1288	6	
1289	9	
1290	6	
1291	5	
1292	4	
1293	1	
1294	6	
1295	5	
1296	6	
1297	4	
1298	6	
1299	1	
1300	5	
1301	4	
1302	2	
1303	9	
1304	6	
1305	6	
1306	7	
1307	6	
1308	1	
1309	8	
1310	8	
1311	1	
1312	7	
1313	3	
1314	6	
1315	6	
1316	3	
1317	1	
1318	6	
1319	9	
1320	8	
1321	8	
1322	7	
1323	2	
1324	6	
1325	4	
1326	10	
1327	7	
1328	2	
1329	9	
1330	7	
1331	5	
1332	6	
1333	1	
1334	9	
1335	10	
1336	4	
1337	6	
1338	2	
1339	3	
1340	4	
1341	5	
1342	8	
1343	4	
1344	3	
1345	9	
1346	8	
1347	2	
1348	5	
1349	2	
1350	2	
1351	4	
1352	2	
1353	1	
1354	3	
1355	1	
1356	5	
1357	9	
1358	7	
1359	9	
1360	1	
1361	5	
1362	4	
1363	2	
1364	8	
1365	4	
1366	6	
1367	10	
1368	9	
1369	8	
1370	9	
1371	8	
1372	10	
1373	3	
1374	5	
1375	7	
1376	3	
1377	7	
1378	6	
1379	2	
1380	9	
1381	2	
1382	9	
1383	7	
1384	6	
1385	9	
1386	1	
1387	1	
1388	2	
1389	10	
1390	8	
1391	6	
1392	9	
1393	4	
1394	7	
1395	5	
1396	2	
1397	1	
1398	4	
1399	9	
1400	3	
1401	8	
1402	2	
1403	4	
1404	9	
1405	5	
1406	10	
1407	3	
1408	4	
1409	8	
1410	7	
1411	3	
1412	1	
1413	5	
1414	2	
1415	1	
1416	7	
1417	6	
1418	3	
1419	5	
1420	9	
1421	2	
1422	5	
1423	8	
1424	2	
1425	1	
1426	7	
1427	2	
1428	4	
1429	5	
1430	2	
1431	4	
1432	4	
1433	7	
1434	5	
1435	1	
1436	5	
1437	9	
1438	6	
1439	2	
1440	1	
1441	5	
1442	2	
1443	4	
1444	7	
1445	6	
1446	7	
1447	10	
1448	7	
1449	4	
1450	4	
1451	9	
1452	7	
1453	8	
1454	9	
1455	2	
1456	10	
1457	2	
1458	4	
1459	6	
1460	7	
1461	7	
1462	2	
1463	2	
1464	10	
1465	7	
1466	3	
1467	1	
1468	5	
1469	9	
1470	7	
1471	10	
1472	7	
1473	3	
1474	4	
1475	6	
1476	6	
1477	8	
1478	5	
1479	9	
1480	10	
1481	6	
1482	7	
1483	6	
1484	1	
1485	3	
1486	7	
1487	5	
1488	9	
1489	1	
1490	6	
1491	10	
1492	10	
1493	7	
1494	1	
1495	4	
1496	6	
1497	6	
1498	2	
1499	1	
1500	1	
1501	3	
1502	5	
1503	10	
1504	7	
1505	4	
1506	6	
1507	3	
1508	9	
1509	2	
1510	1	
1511	8	
1512	8	
1513	9	
1514	9	
1515	5	
1516	9	
1517	7	
1518	10	
1519	2	
1520	6	
1521	4	
1522	10	
1523	6	
1524	1	
1525	8	
1526	8	
1527	5	
1528	8	
1529	5	
1530	4	
1531	7	
1532	1	
1533	1	
1534	10	
1535	3	
1536	7	
1537	5	
1538	4	
1539	4	
1540	9	
1541	9	
1542	9	
1543	3	
1544	1	
1545	4	
1546	4	
1547	7	
1548	2	
1549	7	
1550	7	
1551	6	
1552	4	
1553	5	
1554	5	
1555	2	
1556	1	
1557	9	
1558	9	
1559	5	
1560	3	
1561	5	
1562	1	
1563	1	
1564	4	
1565	7	
1566	5	
1567	6	
1568	6	
1569	7	
1570	3	
1571	4	
1572	1	
1573	5	
1574	4	
1575	8	
1576	2	
1577	10	
1578	5	
1579	10	
1580	9	
1581	8	
1582	8	
1583	3	
1584	7	
1585	9	
1586	7	
1587	6	
1588	3	
1589	3	
1590	7	
1591	9	
1592	10	
1593	5	
1594	5	
1595	3	
1596	9	
1597	8	
1598	9	
1599	2	
1600	5	
1601	1	
1602	8	
1603	1	
1604	7	
1605	9	
1606	5	
1607	2	
1608	7	
1609	7	
1610	1	
1611	5	
1612	2	
1613	3	
1614	4	
1615	10	
1616	6	
1617	10	
1618	9	
1619	8	
1620	6	
1621	8	
1622	2	
1623	6	
1624	7	
1625	6	
1626	9	
1627	1	
1628	1	
1629	8	
1630	4	
1631	7	
1632	7	
1633	4	
1634	9	
1635	2	
1636	8	
1637	10	
1638	2	
1639	8	
1640	8	
1641	6	
1642	8	
1643	5	
1644	4	
1645	3	
1646	6	
1647	10	
1648	6	
1649	6	
1650	8	
1651	10	
1652	1	
1653	3	
1654	10	
1655	10	
1656	5	
1657	3	
1658	1	
1659	8	
1660	5	
1661	6	
1662	5	
1663	6	
1664	2	
1665	8	
1666	3	
1667	2	
1668	9	
1669	2	
1670	2	
1671	1	
1672	6	
1673	4	
1674	6	
1675	1	
1676	8	
1677	6	
1678	8	
1679	9	
1680	10	
1681	8	
1682	9	
1683	7	
1684	6	
1685	7	
1686	1	
1687	6	
1688	5	
1689	6	
1690	5	
1691	8	
1692	2	
1693	3	
1694	1	
1695	8	
1696	3	
1697	6	
1698	5	
1699	2	
1700	1	
1701	10	
1702	8	
1703	4	
1704	1	
1705	6	
1706	8	
1707	3	
1708	9	
1709	7	
1710	3	
1711	2	
1712	6	
1713	8	
1714	8	
1715	9	
1716	6	
1717	7	
1718	1	
1719	9	
1720	3	
1721	10	
1722	4	
1723	7	
1724	2	
1725	3	
1726	5	
1727	10	
1728	3	
1729	9	
1730	10	
1731	7	
1732	7	
1733	3	
1734	7	
1735	4	
1736	9	
1737	8	
1738	10	
1739	2	
1740	2	
1741	5	
1742	10	
1743	6	
1744	1	
1745	2	
1746	2	
1747	3	
1748	10	
1749	5	
1750	10	
1751	9	
1752	8	
1753	8	
1754	2	
1755	6	
1756	4	
1757	5	
1758	3	
1759	8	
1760	8	
1761	1	
1762	7	
1763	5	
1764	9	
1765	2	
1766	2	
1767	7	
1768	2	
1769	5	
1770	6	
1771	1	
1772	1	
1773	2	
1774	6	
1775	4	
1776	6	
1777	2	
1778	10	
1779	1	
1780	2	
1781	8	
1782	5	
1783	3	
1784	10	
1785	6	
1786	5	
1787	3	
1788	9	
1789	8	
1790	2	
1791	7	
1792	10	
1793	7	
1794	10	
1795	2	
1796	4	
1797	4	
1798	5	
1799	7	
1800	6	
1801	2	
1802	3	
1803	6	
1804	1	
1805	5	
1806	6	
1807	9	
1808	4	
1809	6	
1810	10	
1811	4	
1812	3	
1813	7	
1814	7	
1815	3	
1816	7	
1817	9	
1818	3	
1819	6	
1820	1	
1821	8	
1822	9	
1823	4	
1824	9	
1825	6	
1826	2	
1827	6	
1828	9	
1829	5	
1830	9	
1831	3	
1832	10	
1833	1	
1834	2	
1835	5	
1836	3	
1837	7	
1838	2	
1839	3	
1840	2	
1841	5	
1842	5	
1843	8	
1844	8	
1845	4	
1846	6	
1847	7	
1848	5	
1849	10	
1850	6	
1851	1	
1852	1	
1853	6	
1854	3	
1855	1	
1856	9	
1857	2	
1858	6	
1859	4	
1860	10	
1861	6	
1862	5	
1863	1	
1864	6	
1865	10	
1866	8	
1867	5	
1868	6	
1869	3	
1870	5	
1871	7	
1872	6	
1873	5	
1874	3	
1875	5	
1876	10	
1877	9	
1878	1	
1879	3	
1880	1	
1881	2	
1882	9	
1883	2	
1884	4	
1885	5	
1886	6	
1887	10	
1888	4	
1889	6	
1890	8	
1891	4	
1892	10	
1893	8	
1894	3	
1895	7	
1896	2	
1897	7	
1898	2	
1899	4	
1900	6	
1901	10	
1902	4	
1903	6	
1904	9	
1905	3	
1906	6	
1907	3	
1908	8	
1909	6	
1910	5	
1911	7	
1912	10	
1913	3	
1914	10	
1915	6	
1916	7	
1917	2	
1918	1	
1919	3	
1920	9	
1921	10	
1922	9	
1923	1	
1924	4	
1925	5	
1926	4	
1927	9	
1928	9	
1929	10	
1930	10	
1931	4	
1932	8	
1933	2	
1934	5	
1935	8	
1936	8	
1937	8	
1938	10	
1939	9	
1940	10	
1941	10	
1942	7	
1943	1	
1944	7	
1945	6	
1946	5	
1947	9	
1948	6	
1949	6	
1950	9	
1951	1	
1952	8	
1953	10	
1954	8	
1955	5	
1956	6	
1957	10	
1958	9	
1959	7	
1960	1	
1961	7	
1962	3	
1963	8	
1964	7	
1965	6	
1966	1	
1967	4	
1968	5	
1969	4	
1970	4	
1971	10	
1972	3	
1973	8	
1974	1	
1975	6	
1976	5	
1977	6	
1978	3	
1979	8	
1980	2	
1981	5	
1982	6	
1983	3	
1984	9	
1985	2	
1986	10	
1987	9	
1988	7	
1989	2	
1990	3	
1991	4	
1992	4	
1993	1	
1994	10	
1995	9	
1996	9	
1997	7	
1998	7	
1999	5	
2000	3	
2001	4	
2002	1	
2003	1	
2004	4	
2005	10	
2006	10	
2007	5	
2008	3	
2009	8	
2010	2	
2011	5	
2012	8	
2013	8	
2014	4	
2015	7	
2016	5	
2017	2	
2018	9	
2019	5	
2020	10	
2021	10	
2022	5	
2023	6	
2024	10	
2025	4	
2026	10	
2027	4	
2028	8	
2029	9	
2030	8	
2031	4	
2032	5	
2033	9	
2034	2	
2035	3	
2036	9	
2037	7	
2038	9	
2039	2	
2040	5	
2041	7	
2042	4	
2043	7	
2044	3	
2045	4	
2046	5	
2047	8	
2048	10	
2049	8	
2050	2	
2051	3	
2052	8	
2053	5	
2054	9	
2055	2	
2056	1	
2057	5	
2058	2	
2059	8	
2060	10	
2061	1	
2062	3	
2063	6	
2064	3	
2065	3	
2066	10	
2067	10	
2068	9	
2069	10	
2070	7	
2071	6	
2072	6	
2073	5	
2074	6	
2075	7	
2076	8	
2077	7	
2078	1	
2079	9	
2080	10	
2081	3	
2082	8	
2083	7	
2084	10	
2085	1	
2086	4	
2087	8	
2088	7	
2089	3	
2090	2	
2091	1	
2092	3	
2093	6	
2094	4	
2095	9	
2096	4	
2097	3	
2098	6	
2099	7	
2100	7	
2101	4	
2102	7	
2103	6	
2104	5	
2105	7	
2106	5	
2107	4	
2108	9	
2109	10	
2110	8	
2111	9	
2112	9	
2113	8	
2114	1	
2115	5	
2116	6	
2117	5	
2118	1	
2119	1	
2120	1	
2121	8	
2122	5	
2123	10	
2124	9	
2125	8	
2126	4	
2127	6	
2128	4	
2129	6	
2130	2	
2131	9	
2132	2	
2133	5	
2134	5	
2135	1	
2136	10	
2137	10	
2138	7	
2139	1	
2140	7	
2141	2	
2142	5	
2143	2	
2144	1	
2145	5	
2146	3	
2147	2	
2148	7	
2149	8	
2150	7	
2151	3	
2152	10	
2153	9	
2154	8	
2155	2	
2156	9	
2157	2	
2158	6	
2159	8	
2160	1	
2161	1	
2162	4	
2163	4	
2164	3	
2165	2	
2166	8	
2167	5	
2168	4	
2169	2	
2170	7	
2171	4	
2172	7	
2173	10	
2174	6	
2175	1	
2176	1	
2177	3	
2178	7	
2179	4	
2180	10	
2181	4	
2182	2	
2183	4	
2184	6	
2185	9	
2186	7	
2187	8	
2188	1	
2189	4	
2190	10	
2191	5	
2192	1	
2193	1	
2194	7	
2195	1	
2196	6	
2197	4	
2198	5	
2199	5	
2200	6	
2201	2	
2202	6	
2203	2	
2204	5	
2205	7	
2206	4	
2207	7	
2208	1	
2209	3	
2210	7	
2211	9	
2212	10	
2213	8	
2214	1	
2215	6	
2216	8	
2217	2	
2218	9	
2219	5	
2220	6	
2221	6	
2222	5	
2223	6	
2224	4	
2225	8	
2226	3	
2227	6	
2228	6	
2229	8	
2230	2	
2231	8	
2232	2	
2233	5	
2234	5	
2235	8	
2236	4	
2237	7	
2238	6	
2239	2	
2240	8	
2241	2	
2242	1	
2243	8	
2244	4	
2245	9	
2246	7	
2247	10	
2248	1	
2249	3	
2250	5	
2251	7	
2252	6	
2253	2	
2254	2	
2255	10	
2256	6	
2257	1	
2258	9	
2259	1	
2260	10	
2261	6	
2262	10	
2263	9	
2264	5	
2265	2	
2266	2	
2267	5	
2268	3	
2269	1	
2270	8	
2271	9	
2272	9	
2273	8	
2274	10	
2275	2	
2276	4	
2277	8	
2278	6	
2279	3	
2280	6	
2281	7	
2282	1	
2283	3	
2284	6	
2285	10	
2286	10	
2287	6	
2288	4	
2289	1	
2290	1	
2291	4	
2292	4	
2293	1	
2294	8	
2295	9	
2296	10	
2297	8	
2298	8	
2299	1	
2300	3	
2301	8	
2302	3	
2303	8	
2304	8	
2305	2	
2306	2	
2307	10	
2308	1	
2309	6	
2310	2	
2311	2	
2312	10	
2313	9	
2314	4	
2315	8	
2316	8	
2317	9	
2318	10	
2319	7	
2320	5	
2321	4	
2322	3	
2323	6	
2324	1	
2325	10	
2326	5	
2327	4	
2328	6	
2329	1	
2330	2	
2331	7	
2332	1	
2333	5	
2334	6	
2335	9	
2336	4	
2337	1	
2338	1	
2339	1	
2340	10	
2341	5	
2342	9	
2343	8	
2344	3	
2345	10	
2346	6	
2347	6	
2348	8	
2349	7	
2350	2	
2351	7	
2352	1	
2353	3	
2354	6	
2355	2	
2356	6	
2357	3	
2358	10	
2359	9	
2360	10	
2361	2	
2362	2	
2363	10	
2364	7	
2365	1	
2366	1	
2367	8	
2368	4	
2369	8	
2370	5	
2371	6	
2372	5	
2373	4	
2374	7	
2375	3	
2376	10	
2377	2	
2378	9	
2379	2	
2380	10	
2381	4	
2382	5	
2383	3	
2384	7	
2385	7	
2386	1	
2387	7	
2388	8	
2389	10	
2390	1	
2391	3	
2392	8	
2393	10	
2394	7	
2395	8	
2396	2	
2397	10	
2398	7	
2399	1	
2400	8	
2401	4	
2402	4	
2403	7	
2404	1	
2405	4	
2406	10	
2407	8	
2408	2	
2409	2	
2410	7	
2411	9	
2412	9	
2413	7	
2414	8	
2415	4	
2416	4	
2417	7	
2418	7	
2419	6	
2420	2	
2421	5	
2422	4	
2423	4	
2424	7	
2425	7	
2426	4	
2427	10	
2428	5	
2429	2	
2430	6	
2431	8	
2432	5	
2433	3	
2434	9	
2435	5	
2436	3	
2437	3	
2438	7	
2439	6	
2440	5	
2441	1	
2442	6	
2443	3	
2444	10	
2445	9	
2446	3	
2447	2	
2448	7	
2449	2	
2450	3	
2451	8	
2452	6	
2453	7	
2454	8	
2455	3	
2456	2	
2457	8	
2458	10	
2459	9	
2460	8	
2461	4	
2462	8	
2463	3	
2464	10	
2465	8	
2466	4	
2467	5	
2468	9	
2469	6	
2470	8	
2471	5	
2472	10	
2473	10	
2474	6	
2475	7	
2476	6	
2477	3	
2478	1	
2479	8	
2480	4	
2481	6	
2482	7	
2483	1	
2484	9	
2485	9	
2486	9	
2487	3	
2488	2	
2489	4	
2490	4	
2491	4	
2492	8	
2493	6	
2494	3	
2495	6	
2496	4	
2497	8	
2498	1	
2499	3	
2500	10	
2501	4	
2502	5	
2503	2	
2504	4	
2505	2	
2506	8	
2507	8	
2508	4	
2509	8	
2510	9	
2511	9	
2512	6	
2513	4	
2514	6	
2515	7	
2516	6	
2517	3	
2518	10	
2519	3	
2520	2	
2521	8	
2522	10	
2523	10	
2524	4	
2525	2	
2526	3	
2527	2	
2528	4	
2529	3	
2530	3	
2531	8	
2532	4	
2533	4	
2534	7	
2535	2	
2536	2	
2537	3	
2538	7	
2539	5	
2540	10	
2541	6	
2542	6	
2543	2	
2544	2	
2545	1	
2546	3	
2547	9	
2548	7	
2549	2	
2550	1	
2551	3	
2552	8	
2553	7	
2554	5	
2555	5	
2556	6	
2557	10	
2558	8	
2559	7	
2560	6	
2561	8	
2562	5	
2563	3	
2564	9	
2565	1	
2566	10	
2567	2	
2568	7	
2569	1	
2570	3	
2571	9	
2572	1	
2573	6	
2574	5	
2575	10	
2576	9	
2577	1	
2578	7	
2579	3	
2580	5	
2581	7	
2582	10	
2583	8	
2584	2	
2585	1	
2586	8	
2587	4	
2588	9	
2589	10	
2590	6	
2591	2	
2592	1	
2593	8	
2594	6	
2595	1	
2596	3	
2597	3	
2598	6	
2599	9	
2600	9	
2601	1	
2602	9	
2603	2	
2604	4	
2605	5	
2606	4	
2607	5	
2608	4	
2609	5	
2610	6	
2611	4	
2612	5	
2613	5	
2614	10	
2615	3	
2616	3	
2617	7	
2618	7	
2619	10	
2620	5	
2621	3	
2622	7	
2623	4	
2624	8	
2625	9	
2626	7	
2627	4	
2628	6	
2629	9	
2630	4	
2631	5	
2632	9	
2633	9	
2634	4	
2635	3	
2636	9	
2637	8	
2638	4	
2639	8	
2640	3	
2641	6	
2642	9	
2643	10	
2644	4	
2645	10	
2646	1	
2647	6	
2648	7	
2649	2	
2650	7	
2651	5	
2652	10	
2653	9	
2654	2	
2655	1	
2656	9	
2657	8	
2658	5	
2659	9	
2660	4	
2661	6	
2662	5	
2663	5	
2664	4	
2665	6	
2666	9	
2667	3	
2668	9	
2669	10	
2670	2	
2671	10	
2672	1	
2673	5	
2674	3	
2675	5	
2676	9	
2677	1	
2678	3	
2679	9	
2680	2	
2681	6	
2682	3	
2683	2	
2684	6	
2685	9	
2686	9	
2687	2	
2688	7	
2689	5	
2690	6	
2691	3	
2692	5	
2693	2	
2694	7	
2695	8	
2696	6	
2697	10	
2698	2	
2699	7	
2700	1	
2701	5	
2702	8	
2703	5	
2704	1	
2705	1	
2706	6	
2707	2	
2708	4	
2709	7	
2710	2	
2711	9	
2712	1	
2713	8	
2714	8	
2715	10	
2716	7	
2717	8	
2718	3	
2719	6	
2720	3	
2721	10	
2722	9	
2723	1	
2724	5	
2725	4	
2726	5	
2727	8	
2728	10	
2729	7	
2730	2	
2731	2	
2732	10	
2733	6	
2734	1	
2735	6	
2736	5	
2737	2	
2738	4	
2739	4	
2740	2	
2741	9	
2742	4	
2743	4	
2744	1	
2745	1	
2746	7	
2747	4	
2748	4	
2749	6	
2750	9	
2751	5	
2752	6	
2753	9	
2754	9	
2755	4	
2756	1	
2757	5	
2758	8	
2759	4	
2760	5	
2761	8	
2762	6	
2763	2	
2764	1	
2765	10	
2766	4	
2767	2	
2768	4	
2769	3	
2770	1	
2771	10	
2772	2	
2773	8	
2774	7	
2775	10	
2776	2	
2777	6	
2778	6	
2779	1	
2780	9	
2781	2	
2782	5	
2783	10	
2784	5	
2785	4	
2786	8	
2787	2	
2788	1	
2789	2	
2790	3	
2791	6	
2792	6	
2793	4	
2794	5	
2795	4	
2796	8	
2797	5	
2798	8	
2799	8	
2800	9	
2801	9	
2802	5	
2803	5	
2804	2	
2805	10	
2806	10	
2807	2	
2808	9	
2809	10	
2810	4	
2811	7	
2812	2	
2813	7	
2814	8	
2815	2	
2816	6	
2817	7	
2818	3	
2819	2	
2820	10	
2821	2	
2822	4	
2823	10	
2824	7	
2825	2	
2826	6	
2827	9	
2828	2	
2829	2	
2830	6	
2831	7	
2832	2	
2833	8	
2834	8	
2835	9	
2836	5	
2837	1	
2838	4	
2839	7	
2840	7	
2841	1	
2842	8	
2843	5	
2844	2	
2845	9	
2846	5	
2847	4	
2848	10	
2849	10	
2850	3	
2851	5	
2852	7	
2853	1	
2854	4	
2855	6	
2856	9	
2857	7	
2858	1	
2859	1	
2860	8	
2861	2	
2862	10	
2863	7	
2864	2	
2865	7	
2866	5	
2867	1	
2868	4	
2869	4	
2870	3	
2871	10	
2872	7	
2873	10	
2874	10	
2875	8	
2876	10	
2877	1	
2878	10	
2879	3	
2880	6	
2881	5	
2882	9	
2883	7	
2884	8	
2885	4	
2886	2	
2887	7	
2888	9	
2889	9	
2890	10	
2891	3	
2892	1	
2893	2	
2894	3	
2895	1	
2896	9	
2897	6	
2898	4	
2899	6	
2900	10	
2901	3	
2902	8	
2903	6	
2904	9	
2905	2	
2906	1	
2907	10	
2908	5	
2909	4	
2910	6	
2911	3	
2912	2	
2913	1	
2914	9	
2915	3	
2916	8	
2917	2	
2918	2	
2919	8	
2920	10	
2921	1	
2922	6	
2923	2	
2924	8	
2925	5	
2926	4	
2927	6	
2928	5	
2929	5	
2930	10	
2931	2	
2932	10	
2933	9	
2934	4	
2935	10	
2936	2	
2937	1	
2938	4	
2939	10	
2940	6	
2941	9	
2942	3	
2943	7	
2944	7	
2945	10	
2946	10	
2947	10	
2948	4	
2949	7	
2950	3	
2951	4	
2952	1	
2953	8	
2954	7	
2955	6	
2956	1	
2957	3	
2958	7	
2959	2	
2960	6	
2961	10	
2962	6	
2963	4	
2964	4	
2965	6	
2966	10	
2967	10	
2968	1	
2969	4	
2970	4	
2971	7	
2972	4	
2973	9	
2974	5	
2975	8	
2976	8	
2977	7	
2978	9	
2979	9	
2980	4	
2981	6	
2982	8	
2983	4	
2984	10	
2985	10	
2986	8	
2987	2	
2988	10	
2989	1	
2990	9	
2991	10	
2992	6	
2993	8	
2994	6	
2995	4	
2996	7	
2997	2	
2998	6	
2999	2	
3000	6	
3001	8	
3002	8	
3003	2	
3004	5	
3005	8	
3006	10	
3007	3	
3008	4	
3009	3	
3010	7	
3011	5	
3012	9	
3013	6	
3014	4	
3015	5	
3016	10	
3017	8	
3018	7	
3019	2	
3020	2	
3021	6	
3022	5	
3023	9	
3024	9	
3025	4	
3026	3	
3027	4	
3028	10	
3029	4	
3030	5	
3031	4	
3032	8	
3033	8	
3034	2	
3035	4	
3036	1	
3037	5	
3038	2	
3039	3	
3040	4	
3041	4	
3042	3	
3043	4	
3044	7	
3045	2	
3046	10	
3047	9	
3048	8	
3049	2	
3050	4	
3051	8	
3052	5	
3053	8	
3054	10	
3055	8	
3056	8	
3057	3	
3058	2	
3059	4	
3060	3	
3061	7	
3062	10	
3063	5	
3064	7	
3065	8	
3066	3	
3067	5	
3068	2	
3069	5	
3070	9	
3071	2	
3072	10	
3073	3	
3074	9	
3075	1	
3076	2	
3077	5	
3078	10	
3079	10	
3080	10	
3081	6	
3082	2	
3083	10	
3084	7	
3085	8	
3086	1	
3087	6	
3088	2	
3089	10	
3090	1	
3091	9	
3092	5	
3093	2	
3094	10	
3095	5	
3096	1	
3097	5	
3098	8	
3099	2	
3100	7	
3101	10	
3102	5	
3103	3	
3104	9	
3105	1	
3106	10	
3107	3	
3108	2	
3109	9	
3110	3	
3111	5	
3112	3	
3113	8	
3114	2	
3115	4	
3116	7	
3117	5	
3118	6	
3119	9	
3120	9	
3121	5	
3122	9	
3123	10	
3124	1	
3125	4	
3126	4	
3127	5	
3128	6	
3129	10	
3130	1	
3131	8	
3132	2	
3133	1	
3134	4	
3135	1	
3136	4	
3137	9	
3138	5	
3139	10	
3140	1	
3141	1	
3142	8	
3143	6	
3144	6	
3145	8	
3146	7	
3147	4	
3148	10	
3149	1	
3150	2	
3151	4	
3152	8	
3153	7	
3154	3	
3155	4	
3156	2	
3157	7	
3158	2	
3159	8	
3160	2	
3161	7	
3162	1	
3163	7	
3164	10	
3165	4	
3166	3	
3167	10	
3168	6	
3169	10	
3170	4	
3171	1	
3172	3	
3173	8	
3174	10	
3175	1	
3176	6	
3177	8	
3178	4	
3179	9	
3180	2	
3181	7	
3182	10	
3183	6	
3184	6	
3185	3	
3186	2	
3187	10	
3188	3	
3189	6	
3190	5	
3191	6	
3192	9	
3193	6	
3194	9	
3195	8	
3196	6	
3197	9	
3198	8	
3199	1	
3200	9	
3201	6	
3202	4	
3203	5	
3204	2	
3205	2	
3206	3	
3207	8	
3208	4	
3209	4	
3210	3	
3211	10	
3212	10	
3213	7	
3214	2	
3215	9	
3216	10	
3217	7	
3218	7	
3219	1	
3220	4	
3221	6	
3222	8	
3223	8	
3224	3	
3225	4	
3226	6	
3227	8	
3228	6	
3229	10	
3230	8	
3231	9	
3232	8	
3233	1	
3234	10	
3235	5	
3236	6	
3237	10	
3238	6	
3239	9	
3240	6	
3241	2	
3242	1	
3243	1	
3244	5	
3245	7	
3246	1	
3247	8	
3248	4	
3249	9	
3250	6	
3251	7	
3252	8	
3253	10	
3254	3	
3255	1	
3256	4	
3257	7	
3258	1	
3259	4	
3260	3	
3261	6	
3262	8	
3263	4	
3264	10	
3265	6	
3266	3	
3267	1	
3268	10	
3269	1	
3270	8	
3271	1	
3272	3	
3273	3	
3274	7	
3275	9	
3276	4	
3277	7	
3278	6	
3279	8	
3280	9	
3281	3	
3282	4	
3283	8	
3284	10	
3285	7	
3286	3	
3287	8	
3288	5	
3289	3	
3290	6	
3291	5	
3292	10	
3293	2	
3294	6	
3295	3	
3296	9	
3297	9	
3298	6	
3299	8	
3300	4	
3301	4	
3302	5	
3303	2	
3304	2	
3305	3	
3306	6	
3307	3	
3308	5	
3309	3	
3310	10	
3311	8	
3312	4	
3313	9	
3314	6	
3315	5	
3316	6	
3317	5	
3318	7	
3319	8	
3320	6	
3321	5	
3322	8	
3323	7	
3324	10	
3325	3	
3326	5	
3327	1	
3328	3	
3329	7	
3330	3	
3331	7	
3332	5	
3333	10	
3334	10	
3335	7	
3336	3	
3337	9	
3338	1	
3339	2	
3340	9	
3341	2	
3342	2	
3343	9	
3344	2	
3345	1	
3346	1	
3347	4	
3348	5	
3349	6	
3350	2	
3351	9	
3352	2	
3353	7	
3354	2	
3355	5	
3356	10	
3357	6	
3358	2	
3359	5	
3360	2	
3361	2	
3362	7	
3363	8	
3364	6	
3365	1	
3366	10	
3367	10	
3368	1	
3369	4	
3370	10	
3371	4	
3372	9	
3373	10	
3374	8	
3375	7	
3376	8	
3377	10	
3378	3	
3379	4	
3380	4	
3381	3	
3382	8	
3383	3	
3384	6	
3385	1	
3386	1	
3387	10	
3388	4	
3389	4	
3390	3	
3391	4	
3392	6	
3393	10	
3394	3	
3395	9	
3396	3	
3397	10	
3398	6	
3399	6	
3400	7	
3401	8	
3402	8	
3403	8	
3404	3	
3405	9	
3406	3	
3407	2	
3408	10	
3409	8	
3410	7	
3411	7	
3412	6	
3413	10	
3414	2	
3415	10	
3416	10	
3417	7	
3418	1	
3419	6	
3420	5	
3421	7	
3422	9	
3423	8	
3424	5	
3425	10	
3426	1	
3427	5	
3428	3	
3429	8	
3430	5	
3431	7	
3432	4	
3433	2	
3434	2	
3435	5	
3436	4	
3437	10	
3438	6	
3439	8	
3440	9	
3441	3	
3442	10	
3443	5	
3444	8	
3445	10	
3446	9	
3447	5	
3448	9	
3449	9	
3450	5	
3451	2	
3452	6	
3453	1	
3454	2	
3455	10	
3456	2	
3457	3	
3458	2	
3459	4	
3460	1	
3461	3	
3462	8	
3463	9	
3464	7	
3465	5	
3466	6	
3467	8	
3468	9	
3469	6	
3470	1	
3471	8	
3472	2	
3473	8	
3474	8	
3475	5	
3476	8	
3477	3	
3478	5	
3479	8	
3480	10	
3481	4	
3482	8	
3483	7	
3484	3	
3485	5	
3486	8	
3487	9	
3488	5	
3489	2	
3490	9	
3491	4	
3492	6	
3493	2	
3494	5	
3495	6	
3496	2	
3497	9	
3498	3	
3499	9	
3500	9	
3501	6	
3502	5	
3503	6	
3504	1	
3505	7	
3506	5	
3507	10	
3508	5	
3509	7	
3510	4	
3511	10	
3512	3	
3513	6	
3514	6	
3515	2	
3516	5	
3517	3	
3518	7	
3519	10	
3520	4	
3521	4	
3522	9	
3523	4	
3524	6	
3525	10	
3526	8	
3527	5	
3528	4	
3529	1	
3530	10	
3531	5	
3532	7	
3533	3	
3534	3	
3535	7	
3536	9	
3537	2	
3538	7	
3539	9	
3540	10	
3541	9	
3542	5	
3543	7	
3544	1	
3545	7	
3546	10	
3547	4	
3548	5	
3549	5	
3550	7	
3551	10	
3552	8	
3553	1	
3554	5	
3555	4	
3556	2	
3557	6	
3558	2	
3559	5	
3560	2	
3561	10	
3562	1	
3563	5	
3564	7	
3565	6	
3566	10	
3567	2	
3568	7	
3569	1	
3570	2	
3571	3	
3572	1	
3573	10	
3574	8	
3575	10	
3576	5	
3577	4	
3578	7	
3579	5	
3580	6	
3581	2	
3582	8	
3583	1	
3584	5	
3585	4	
3586	5	
3587	4	
3588	1	
3589	7	
3590	1	
3591	9	
3592	6	
3593	9	
3594	1	
3595	1	
3596	2	
3597	1	
3598	7	
3599	9	
3600	5	
3601	6	
3602	10	
3603	4	
3604	5	
3605	5	
3606	1	
3607	1	
3608	2	
3609	9	
3610	10	
3611	6	
3612	3	
3613	3	
3614	8	
3615	3	
3616	1	
3617	4	
3618	4	
3619	4	
3620	5	
3621	1	
3622	9	
3623	4	
3624	5	
3625	1	
3626	6	
3627	1	
3628	7	
3629	8	
3630	8	
3631	9	
3632	6	
3633	4	
3634	10	
3635	5	
3636	3	
3637	7	
3638	5	
3639	8	
3640	9	
3641	8	
3642	2	
3643	2	
3644	8	
3645	4	
3646	3	
3647	9	
3648	4	
3649	10	
3650	7	
3651	6	
3652	10	
3653	7	
3654	2	
3655	6	
3656	8	
3657	2	
3658	10	
3659	6	
3660	5	
3661	3	
3662	4	
3663	1	
3664	8	
3665	9	
3666	6	
3667	7	
3668	10	
3669	2	
3670	9	
3671	1	
3672	4	
3673	3	
3674	9	
3675	7	
3676	5	
3677	4	
3678	8	
3679	1	
3680	4	
3681	1	
3682	10	
3683	5	
3684	6	
3685	2	
3686	10	
3687	6	
3688	8	
3689	3	
3690	3	
3691	4	
3692	4	
3693	3	
3694	6	
3695	8	
3696	1	
3697	10	
3698	9	
3699	10	
3700	7	
3701	5	
3702	4	
3703	2	
3704	10	
3705	10	
3706	2	
3707	2	
3708	10	
3709	6	
3710	7	
3711	4	
3712	2	
3713	1	
3714	4	
3715	1	
3716	4	
3717	8	
3718	2	
3719	9	
3720	8	
3721	9	
3722	1	
3723	7	
3724	5	
3725	6	
3726	6	
3727	3	
3728	1	
3729	5	
3730	8	
3731	5	
3732	8	
3733	1	
3734	5	
3735	1	
3736	10	
3737	1	
3738	8	
3739	4	
3740	6	
3741	5	
3742	7	
3743	8	
3744	4	
3745	5	
3746	8	
3747	2	
3748	7	
3749	4	
3750	6	
3751	5	
3752	8	
3753	5	
3754	2	
3755	8	
3756	5	
3757	1	
3758	1	
3759	8	
3760	4	
3761	5	
3762	5	
3763	6	
3764	10	
3765	7	
3766	7	
3767	5	
3768	1	
3769	3	
3770	9	
3771	10	
3772	3	
3773	5	
3774	3	
3775	3	
3776	3	
3777	4	
3778	9	
3779	9	
3780	5	
3781	3	
3782	5	
3783	5	
3784	7	
3785	6	
3786	1	
3787	10	
3788	4	
3789	9	
3790	10	
3791	8	
3792	2	
3793	2	
3794	9	
3795	5	
3796	4	
3797	10	
3798	2	
3799	5	
3800	4	
3801	1	
3802	9	
3803	1	
3804	8	
3805	3	
3806	1	
3807	10	
3808	8	
3809	10	
3810	3	
3811	7	
3812	1	
3813	6	
3814	2	
3815	4	
3816	2	
3817	10	
3818	5	
3819	2	
3820	4	
3821	8	
3822	8	
3823	7	
3824	6	
3825	8	
3826	7	
3827	10	
3828	4	
3829	2	
3830	8	
3831	1	
3832	9	
3833	7	
3834	4	
3835	1	
3836	3	
3837	10	
3838	4	
3839	10	
3840	9	
3841	8	
3842	1	
3843	3	
3844	8	
3845	10	
3846	1	
3847	3	
3848	1	
3849	9	
3850	2	
3851	7	
3852	1	
3853	7	
3854	6	
3855	2	
3856	5	
3857	7	
3858	1	
3859	10	
3860	1	
3861	1	
3862	9	
3863	6	
3864	10	
3865	6	
3866	6	
3867	5	
3868	3	
3869	8	
3870	1	
3871	8	
3872	9	
3873	3	
3874	2	
3875	6	
3876	9	
3877	7	
3878	9	
3879	1	
3880	9	
3881	2	
3882	3	
3883	7	
3884	9	
3885	3	
3886	2	
3887	7	
3888	7	
3889	4	
3890	2	
3891	4	
3892	6	
3893	10	
3894	8	
3895	3	
3896	6	
3897	7	
3898	7	
3899	4	
3900	10	
3901	8	
3902	10	
3903	7	
3904	5	
3905	8	
3906	6	
3907	5	
3908	6	
3909	8	
3910	9	
3911	4	
3912	3	
3913	3	
3914	7	
3915	3	
3916	6	
3917	1	
3918	6	
3919	8	
3920	5	
3921	8	
3922	9	
3923	7	
3924	10	
3925	7	
3926	9	
3927	1	
3928	9	
3929	3	
3930	8	
3931	1	
3932	10	
3933	7	
3934	2	
3935	3	
3936	3	
3937	1	
3938	5	
3939	10	
3940	4	
3941	10	
3942	5	
3943	5	
3944	4	
3945	10	
3946	7	
3947	4	
3948	1	
3949	8	
3950	10	
3951	9	
3952	6	
3953	10	
3954	3	
3955	8	
3956	8	
3957	5	
3958	9	
3959	2	
3960	2	
3961	9	
3962	3	
3963	4	
3964	1	
3965	4	
3966	2	
3967	7	
3968	2	
3969	7	
3970	2	
3971	7	
3972	2	
3973	5	
3974	6	
3975	5	
3976	3	
3977	6	
3978	3	
3979	5	
3980	6	
3981	2	
3982	1	
3983	6	
3984	9	
3985	7	
3986	1	
3987	10	
3988	2	
3989	4	
3990	3	
3991	5	
3992	7	
3993	3	
3994	6	
3995	10	
3996	9	
3997	6	
3998	7	
3999	8	
4000	1	
4001	3	
4002	3	
4003	2	
4004	7	
4005	4	
4006	7	
4007	4	
4008	10	
4009	6	
4010	10	
4011	9	
4012	6	
4013	2	
4014	3	
4015	10	
4016	10	
4017	3	
4018	3	
4019	7	
4020	5	
4021	10	
4022	9	
4023	5	
4024	2	
4025	10	
4026	4	
4027	2	
4028	1	
4029	7	
4030	8	
4031	1	
4032	1	
4033	1	
4034	4	
4035	10	
4036	10	
4037	6	
4038	5	
4039	9	
4040	8	
4041	8	
4042	3	
4043	10	
4044	10	
4045	5	
4046	9	
4047	9	
4048	4	
4049	9	
4050	4	
4051	5	
4052	10	
4053	6	
4054	6	
4055	7	
4056	6	
4057	1	
4058	5	
4059	8	
4060	7	
4061	6	
4062	7	
4063	10	
4064	3	
4065	3	
4066	6	
4067	7	
4068	5	
4069	10	
4070	1	
4071	4	
4072	8	
4073	3	
4074	7	
4075	1	
4076	10	
4077	1	
4078	2	
4079	3	
4080	2	
4081	4	
4082	5	
4083	3	
4084	6	
4085	1	
4086	9	
4087	10	
4088	10	
4089	10	
4090	1	
4091	3	
4092	9	
4093	4	
4094	7	
4095	10	
4096	9	
4097	8	
4098	3	
4099	4	
4100	4	
4101	5	
4102	3	
4103	5	
4104	2	
4105	2	
4106	5	
4107	1	
4108	1	
4109	1	
4110	6	
4111	1	
4112	7	
4113	6	
4114	1	
4115	9	
4116	1	
4117	6	
4118	1	
4119	2	
4120	1	
4121	6	
4122	10	
4123	4	
4124	4	
4125	2	
4126	5	
4127	4	
4128	8	
4129	4	
4130	1	
4131	2	
4132	2	
4133	3	
4134	2	
4135	8	
4136	5	
4137	6	
4138	9	
4139	6	
4140	10	
4141	4	
4142	10	
4143	3	
4144	10	
4145	8	
4146	10	
4147	9	
4148	6	
4149	6	
4150	7	
4151	8	
4152	4	
4153	10	
4154	10	
4155	4	
4156	7	
4157	10	
4158	10	
4159	10	
4160	3	
4161	3	
4162	8	
4163	3	
4164	5	
4165	3	
4166	5	
4167	2	
4168	8	
4169	3	
4170	7	
4171	5	
4172	9	
4173	9	
4174	1	
4175	3	
4176	9	
4177	1	
4178	7	
4179	10	
4180	10	
4181	3	
4182	9	
4183	3	
4184	3	
4185	9	
4186	4	
4187	2	
4188	1	
4189	3	
4190	3	
4191	6	
4192	4	
4193	8	
4194	8	
4195	6	
4196	4	
4197	6	
4198	6	
4199	4	
4200	10	
4201	6	
4202	6	
4203	1	
4204	1	
4205	2	
4206	4	
4207	3	
4208	5	
4209	6	
4210	7	
4211	5	
4212	9	
4213	8	
4214	4	
4215	7	
4216	3	
4217	3	
4218	8	
4219	2	
4220	1	
4221	2	
4222	6	
4223	10	
4224	2	
4225	2	
4226	6	
4227	4	
4228	5	
4229	8	
4230	8	
4231	5	
4232	3	
4233	10	
4234	6	
4235	6	
4236	1	
4237	8	
4238	8	
4239	3	
4240	1	
4241	8	
4242	10	
4243	6	
4244	6	
4245	4	
4246	3	
4247	1	
4248	5	
4249	3	
4250	8	
4251	9	
4252	8	
4253	7	
4254	2	
4255	7	
4256	10	
4257	2	
4258	4	
4259	2	
4260	2	
4261	4	
4262	6	
4263	2	
4264	10	
4265	7	
4266	2	
4267	7	
4268	10	
4269	10	
4270	5	
4271	10	
4272	9	
4273	1	
4274	8	
4275	4	
4276	10	
4277	4	
4278	2	
4279	4	
4280	8	
4281	4	
4282	5	
4283	2	
4284	4	
4285	9	
4286	2	
4287	4	
4288	9	
4289	7	
4290	4	
4291	9	
4292	4	
4293	9	
4294	1	
4295	4	
4296	6	
4297	10	
4298	6	
4299	3	
4300	7	
4301	2	
4302	10	
4303	10	
4304	8	
4305	2	
4306	7	
4307	4	
4308	4	
4309	5	
4310	10	
4311	6	
4312	8	
4313	1	
4314	9	
4315	7	
4316	5	
4317	7	
4318	8	
4319	3	
4320	6	
4321	9	
4322	7	
4323	3	
4324	8	
4325	2	
4326	6	
4327	3	
4328	8	
4329	9	
4330	2	
4331	9	
4332	2	
4333	2	
4334	6	
4335	3	
4336	9	
4337	10	
4338	4	
4339	3	
4340	7	
4341	5	
4342	2	
4343	4	
4344	6	
4345	3	
4346	2	
4347	1	
4348	9	
4349	4	
4350	3	
4351	9	
4352	5	
4353	9	
4354	4	
4355	1	
4356	3	
4357	4	
4358	5	
4359	9	
4360	3	
4361	6	
4362	3	
4363	6	
4364	10	
4365	3	
4366	3	
4367	6	
4368	8	
4369	5	
4370	6	
4371	9	
4372	5	
4373	8	
4374	10	
4375	8	
4376	9	
4377	2	
4378	2	
4379	7	
4380	5	
4381	7	
4382	6	
4383	5	
4384	1	
4385	8	
4386	4	
4387	4	
4388	2	
4389	9	
4390	1	
4391	7	
4392	3	
4393	7	
4394	6	
4395	7	
4396	4	
4397	7	
4398	4	
4399	9	
4400	6	
4401	6	
4402	5	
4403	9	
4404	5	
4405	3	
4406	3	
4407	2	
4408	3	
4409	1	
4410	1	
4411	4	
4412	1	
4413	3	
4414	1	
4415	10	
4416	7	
4417	9	
4418	8	
4419	10	
4420	5	
4421	6	
4422	3	
4423	9	
4424	9	
4425	3	
4426	10	
4427	2	
4428	10	
4429	2	
4430	6	
4431	8	
4432	5	
4433	6	
4434	2	
4435	8	
4436	8	
4437	4	
4438	3	
4439	2	
4440	10	
4441	9	
4442	10	
4443	1	
4444	10	
4445	10	
4446	9	
4447	10	
4448	3	
4449	5	
4450	7	
4451	10	
4452	5	
4453	8	
4454	8	
4455	5	
4456	5	
4457	9	
4458	2	
4459	5	
4460	3	
4461	7	
4462	6	
4463	3	
4464	9	
4465	6	
4466	6	
4467	4	
4468	2	
4469	8	
4470	4	
4471	10	
4472	4	
4473	8	
4474	9	
4475	10	
4476	3	
4477	2	
4478	7	
4479	6	
4480	6	
4481	8	
4482	3	
4483	1	
4484	7	
4485	1	
4486	10	
4487	3	
4488	6	
4489	4	
4490	10	
4491	2	
4492	1	
4493	1	
4494	7	
4495	4	
4496	8	
4497	1	
4498	2	
4499	8	
4500	10	
4501	3	
4502	10	
4503	2	
4504	10	
4505	7	
4506	1	
4507	10	
4508	10	
4509	2	
4510	6	
4511	9	
4512	1	
4513	9	
4514	5	
4515	6	
4516	4	
4517	8	
4518	10	
4519	7	
4520	10	
4521	9	
4522	7	
4523	2	
4524	6	
4525	5	
4526	5	
4527	10	
4528	10	
4529	7	
4530	6	
4531	1	
4532	5	
4533	7	
4534	1	
4535	3	
4536	3	
4537	7	
4538	6	
4539	4	
4540	6	
4541	4	
4542	9	
4543	8	
4544	9	
4545	1	
4546	6	
4547	6	
4548	5	
4549	8	
4550	3	
4551	8	
4552	3	
4553	5	
4554	4	
4555	5	
4556	2	
4557	10	
4558	9	
4559	9	
4560	7	
4561	1	
4562	9	
4563	4	
4564	8	
4565	5	
4566	3	
4567	6	
4568	1	
4569	5	
4570	9	
4571	10	
4572	6	
4573	10	
4574	2	
4575	1	
4576	7	
4577	4	
4578	8	
4579	9	
4580	6	
4581	10	
4582	9	
4583	2	
4584	5	
4585	2	
4586	6	
4587	4	
4588	4	
4589	9	
4590	6	
4591	5	
4592	10	
4593	4	
4594	4	
4595	10	
4596	4	
4597	4	
4598	9	
4599	1	
4600	1	
4601	8	
4602	6	
4603	2	
4604	9	
4605	3	
4606	8	
4607	9	
4608	3	
4609	9	
4610	10	
4611	6	
4612	3	
4613	7	
4614	6	
4615	6	
4616	8	
4617	7	
4618	2	
4619	4	
4620	7	
4621	8	
4622	10	
4623	1	
4624	6	
4625	4	
4626	9	
4627	3	
4628	7	
4629	1	
4630	10	
4631	3	
4632	10	
4633	4	
4634	7	
4635	2	
4636	4	
4637	10	
4638	10	
4639	3	
4640	8	
4641	7	
4642	3	
4643	2	
4644	7	
4645	1	
4646	10	
4647	10	
4648	5	
4649	7	
4650	2	
4651	7	
4652	8	
4653	2	
4654	4	
4655	7	
4656	3	
4657	10	
4658	5	
4659	8	
4660	2	
4661	1	
4662	2	
4663	7	
4664	3	
4665	4	
4666	8	
4667	8	
4668	7	
4669	1	
4670	9	
4671	7	
4672	5	
4673	4	
4674	6	
4675	3	
4676	2	
4677	9	
4678	3	
4679	7	
4680	6	
4681	2	
4682	1	
4683	10	
4684	6	
4685	10	
4686	9	
4687	5	
4688	4	
4689	9	
4690	5	
4691	8	
4692	10	
4693	8	
4694	8	
4695	4	
4696	2	
4697	9	
4698	6	
4699	10	
4700	7	
4701	3	
4702	2	
4703	3	
4704	7	
4705	7	
4706	3	
4707	4	
4708	7	
4709	4	
4710	7	
4711	5	
4712	7	
4713	5	
4714	8	
4715	10	
4716	6	
4717	8	
4718	10	
4719	1	
4720	6	
4721	2	
4722	6	
4723	10	
4724	5	
4725	1	
4726	3	
4727	10	
4728	8	
4729	7	
4730	10	
4731	1	
4732	9	
4733	7	
4734	1	
4735	9	
4736	8	
4737	4	
4738	1	
4739	6	
4740	4	
4741	6	
4742	7	
4743	10	
4744	5	
4745	5	
4746	9	
4747	5	
4748	10	
4749	1	
4750	8	
4751	5	
4752	4	
4753	10	
4754	5	
4755	7	
4756	8	
4757	3	
4758	10	
4759	4	
4760	4	
4761	1	
4762	9	
4763	7	
4764	9	
4765	8	
4766	5	
4767	5	
4768	3	
4769	9	
4770	3	
4771	2	
4772	3	
4773	8	
4774	9	
4775	10	
4776	10	
4777	6	
4778	7	
4779	8	
4780	10	
4781	4	
4782	1	
4783	8	
4784	4	
4785	5	
4786	8	
4787	5	
4788	4	
4789	1	
4790	9	
4791	1	
4792	4	
4793	2	
4794	10	
4795	2	
4796	4	
4797	6	
4798	9	
4799	7	
4800	7	
4801	2	
4802	10	
4803	8	
4804	5	
4805	9	
4806	10	
4807	2	
4808	2	
4809	5	
4810	5	
4811	5	
4812	7	
4813	8	
4814	6	
4815	2	
4816	7	
4817	8	
4818	4	
4819	2	
4820	2	
4821	10	
4822	3	
4823	6	
4824	3	
4825	7	
4826	5	
4827	7	
4828	5	
4829	2	
4830	9	
4831	8	
4832	2	
4833	7	
4834	9	
4835	7	
4836	7	
4837	10	
4838	7	
4839	5	
4840	5	
4841	5	
4842	3	
4843	4	
4844	5	
4845	5	
4846	7	
4847	1	
4848	6	
4849	4	
4850	8	
4851	1	
4852	9	
4853	4	
4854	1	
4855	2	
4856	5	
4857	7	
4858	9	
4859	8	
4860	3	
4861	5	
4862	10	
4863	8	
4864	2	
4865	8	
4866	6	
4867	10	
4868	8	
4869	8	
4870	2	
4871	10	
4872	7	
4873	1	
4874	2	
4875	1	
4876	2	
4877	8	
4878	7	
4879	6	
4880	8	
4881	2	
4882	9	
4883	4	
4884	5	
4885	3	
4886	10	
4887	3	
4888	10	
4889	2	
4890	7	
4891	5	
4892	6	
4893	1	
4894	9	
4895	2	
4896	9	
4897	6	
4898	10	
4899	9	
4900	3	
4901	9	
4902	6	
4903	6	
4904	3	
4905	2	
4906	4	
4907	4	
4908	7	
4909	6	
4910	8	
4911	7	
4912	6	
4913	10	
4914	8	
4915	5	
4916	9	
4917	2	
4918	1	
4919	2	
4920	4	
4921	9	
4922	3	
4923	10	
4924	1	
4925	1	
4926	2	
4927	5	
4928	3	
4929	4	
4930	6	
4931	6	
4932	8	
4933	2	
4934	4	
4935	7	
4936	7	
4937	2	
4938	3	
4939	7	
4940	1	
4941	4	
4942	2	
4943	10	
4944	4	
4945	7	
4946	1	
4947	9	
4948	10	
4949	5	
4950	6	
4951	6	
4952	8	
4953	9	
4954	4	
4955	9	
4956	5	
4957	2	
4958	8	
4959	7	
4960	10	
4961	8	
4962	4	
4963	4	
4964	6	
4965	6	
4966	4	
4967	8	
4968	9	
4969	6	
4970	5	
4971	7	
4972	6	
4973	5	
4974	9	
4975	1	
4976	9	
4977	6	
4978	2	
4979	7	
4980	4	
4981	9	
4982	8	
4983	5	
4984	1	
4985	8	
4986	3	
4987	3	
4988	2	
4989	7	
4990	4	
4991	1	
4992	3	
4993	3	
4994	3	
4995	3	
4996	10	
4997	1	
4998	9	
4999	4	
5000	2	
5001	9	
5002	10	
5003	7	
5004	7	
5005	1	
5006	7	
5007	10	
5008	2	
5009	9	
5010	10	
5011	9	
5012	7	
5013	4	
5014	10	
5015	6	
5016	4	
5017	5	
5018	9	
5019	10	
5020	6	
5021	7	
5022	1	
5023	2	
5024	8	
5025	10	
5026	10	
5027	3	
5028	9	
5029	6	
5030	6	
5031	5	
5032	8	
5033	2	
5034	10	
5035	7	
5036	5	
5037	5	
5038	5	
5039	3	
5040	5	
5041	9	
5042	1	
5043	4	
5044	1	
5045	8	
5046	6	
5047	2	
5048	4	
5049	9	
5050	5	
5051	4	
5052	6	
5053	6	
5054	4	
5055	6	
5056	7	
5057	2	
5058	4	
5059	7	
5060	6	
5061	8	
5062	2	
5063	10	
5064	5	
5065	7	
5066	6	
5067	10	
5068	5	
5069	2	
5070	9	
5071	1	
5072	7	
5073	3	
5074	9	
5075	3	
5076	10	
5077	6	
5078	9	
5079	4	
5080	8	
5081	9	
5082	3	
5083	2	
5084	6	
5085	5	
5086	5	
5087	4	
5088	9	
5089	9	
5090	4	
5091	5	
5092	9	
5093	4	
5094	10	
5095	2	
5096	3	
5097	9	
5098	3	
5099	3	
5100	5	
5101	10	
5102	3	
5103	1	
5104	3	
5105	4	
5106	5	
5107	7	
5108	10	
5109	3	
5110	4	
5111	10	
5112	10	
5113	8	
5114	4	
5115	8	
5116	2	
5117	1	
5118	3	
5119	2	
5120	10	
5121	6	
5122	2	
5123	5	
5124	1	
5125	7	
5126	2	
5127	10	
5128	8	
5129	9	
5130	9	
5131	3	
5132	6	
5133	10	
5134	8	
5135	1	
5136	1	
5137	5	
5138	4	
5139	6	
5140	6	
5141	8	
5142	10	
5143	1	
5144	1	
5145	2	
5146	3	
5147	4	
5148	5	
5149	7	
5150	7	
5151	6	
5152	6	
5153	4	
5154	9	
5155	1	
5156	3	
5157	5	
5158	5	
5159	1	
5160	7	
5161	5	
5162	7	
5163	4	
5164	3	
5165	1	
5166	4	
5167	4	
5168	10	
5169	1	
5170	2	
5171	7	
5172	4	
5173	10	
5174	6	
5175	8	
5176	10	
5177	4	
5178	2	
5179	6	
5180	9	
5181	1	
5182	2	
5183	4	
5184	3	
5185	10	
5186	10	
5187	3	
5188	3	
5189	5	
5190	6	
5191	1	
5192	8	
5193	9	
5194	2	
5195	9	
5196	8	
5197	4	
5198	7	
5199	3	
5200	8	
5201	10	
5202	2	
5203	7	
5204	2	
5205	1	
5206	8	
5207	1	
5208	7	
5209	5	
5210	2	
5211	4	
5212	10	
5213	4	
5214	5	
5215	10	
5216	5	
5217	1	
5218	5	
5219	1	
5220	8	
5221	10	
5222	1	
5223	9	
5224	5	
5225	5	
5226	3	
5227	1	
5228	8	
5229	5	
5230	3	
5231	7	
5232	5	
5233	4	
5234	3	
5235	2	
5236	9	
5237	8	
5238	10	
5239	4	
5240	5	
5241	1	
5242	10	
5243	7	
5244	10	
5245	9	
5246	10	
5247	4	
5248	9	
5249	3	
5250	9	
5251	4	
5252	5	
5253	2	
5254	9	
5255	8	
5256	9	
5257	7	
5258	6	
5259	1	
5260	2	
5261	7	
5262	6	
5263	1	
5264	7	
5265	2	
5266	4	
5267	9	
5268	5	
5269	4	
5270	4	
5271	10	
5272	9	
5273	1	
5274	9	
5275	3	
5276	9	
5277	8	
5278	6	
5279	6	
5280	7	
5281	5	
5282	3	
5283	7	
5284	8	
5285	10	
5286	7	
5287	6	
5288	9	
5289	9	
5290	6	
5291	10	
5292	3	
5293	9	
5294	1	
5295	7	
5296	6	
5297	8	
5298	7	
5299	7	
5300	10	
5301	6	
5302	5	
5303	5	
5304	5	
5305	6	
5306	4	
5307	10	
5308	3	
5309	9	
5310	8	
5311	6	
5312	10	
5313	6	
5314	2	
5315	2	
5316	6	
5317	3	
5318	8	
5319	6	
5320	2	
5321	4	
5322	6	
5323	8	
5324	10	
5325	3	
5326	8	
5327	4	
5328	4	
5329	8	
5330	7	
5331	9	
5332	2	
5333	3	
5334	5	
5335	3	
5336	4	
5337	3	
5338	3	
5339	7	
5340	9	
5341	2	
5342	8	
5343	3	
5344	5	
5345	2	
5346	5	
5347	10	
5348	2	
5349	10	
5350	3	
5351	8	
5352	3	
5353	6	
5354	1	
5355	5	
5356	5	
5357	3	
5358	3	
5359	7	
5360	2	
5361	6	
5362	9	
5363	10	
5364	1	
5365	7	
5366	7	
5367	9	
5368	3	
5369	2	
5370	5	
5371	2	
5372	10	
5373	9	
5374	9	
5375	3	
5376	4	
5377	2	
5378	4	
5379	4	
5380	3	
5381	10	
5382	8	
5383	10	
5384	9	
5385	2	
5386	2	
5387	10	
5388	5	
5389	6	
5390	3	
5391	8	
5392	3	
5393	6	
5394	9	
5395	8	
5396	6	
5397	4	
5398	9	
5399	2	
5400	9	
5401	8	
5402	5	
5403	5	
5404	4	
5405	6	
5406	2	
5407	9	
5408	10	
5409	9	
5410	6	
5411	5	
5412	8	
5413	1	
5414	10	
5415	4	
5416	8	
5417	5	
5418	9	
5419	9	
5420	5	
5421	6	
5422	10	
5423	10	
5424	5	
5425	9	
5426	4	
5427	2	
5428	9	
5429	6	
5430	6	
5431	5	
5432	3	
5433	10	
5434	3	
5435	9	
5436	10	
5437	10	
5438	5	
5439	6	
5440	6	
5441	9	
5442	2	
5443	1	
5444	1	
5445	2	
5446	8	
5447	7	
5448	7	
5449	9	
5450	2	
5451	5	
5452	6	
5453	9	
5454	6	
5455	8	
5456	7	
5457	9	
5458	8	
5459	5	
5460	4	
5461	10	
5462	6	
5463	9	
5464	7	
5465	2	
5466	10	
5467	3	
5468	7	
5469	1	
5470	7	
5471	2	
5472	10	
5473	7	
5474	4	
5475	7	
5476	5	
5477	10	
5478	9	
5479	4	
5480	5	
5481	9	
5482	10	
5483	2	
5484	4	
5485	2	
5486	7	
5487	3	
5488	8	
5489	4	
5490	7	
5491	6	
5492	10	
5493	8	
5494	3	
5495	7	
5496	10	
5497	2	
5498	9	
5499	1	
5500	6	
5501	5	
5502	1	
5503	4	
5504	9	
5505	5	
5506	7	
5507	4	
5508	7	
5509	3	
5510	3	
5511	8	
5512	6	
5513	4	
5514	1	
5515	4	
5516	6	
5517	5	
5518	7	
5519	6	
5520	5	
5521	1	
5522	7	
5523	2	
5524	1	
5525	7	
5526	5	
5527	7	
5528	9	
5529	7	
5530	7	
5531	6	
5532	5	
5533	9	
5534	8	
5535	3	
5536	6	
5537	9	
5538	8	
5539	9	
5540	2	
5541	4	
5542	1	
5543	8	
5544	7	
5545	4	
5546	10	
5547	4	
5548	5	
5549	6	
5550	9	
5551	7	
5552	6	
5553	10	
5554	1	
5555	7	
5556	3	
5557	3	
5558	2	
5559	3	
5560	5	
5561	7	
5562	3	
5563	5	
5564	7	
5565	1	
5566	7	
5567	5	
5568	4	
5569	3	
5570	10	
5571	3	
5572	3	
5573	2	
5574	2	
5575	1	
5576	7	
5577	10	
5578	3	
5579	5	
5580	7	
5581	7	
5582	3	
5583	7	
5584	8	
5585	1	
5586	4	
5587	9	
5588	10	
5589	7	
5590	10	
5591	1	
5592	7	
5593	4	
5594	5	
5595	4	
5596	7	
5597	8	
5598	2	
5599	9	
5600	8	
5601	3	
5602	9	
5603	4	
5604	8	
5605	2	
5606	2	
5607	3	
5608	7	
5609	5	
5610	6	
5611	2	
5612	8	
5613	2	
5614	1	
5615	1	
5616	2	
5617	9	
5618	3	
5619	7	
5620	4	
5621	4	
5622	8	
5623	6	
5624	9	
5625	7	
5626	4	
5627	6	
5628	2	
5629	4	
5630	4	
5631	4	
5632	10	
5633	5	
5634	10	
5635	9	
5636	4	
5637	3	
5638	7	
5639	2	
5640	2	
5641	8	
5642	2	
5643	10	
5644	10	
5645	1	
5646	8	
5647	1	
5648	9	
5649	3	
5650	3	
5651	9	
5652	2	
5653	9	
5654	7	
5655	8	
5656	9	
5657	2	
5658	3	
5659	7	
5660	9	
5661	1	
5662	8	
5663	3	
5664	1	
5665	7	
5666	4	
5667	7	
5668	10	
5669	5	
5670	1	
5671	7	
5672	6	
5673	6	
5674	2	
5675	1	
5676	3	
5677	7	
5678	2	
5679	4	
5680	2	
5681	5	
5682	3	
5683	7	
5684	10	
5685	9	
5686	9	
5687	4	
5688	2	
5689	5	
5690	8	
5691	7	
5692	10	
5693	8	
5694	3	
5695	5	
5696	4	
5697	3	
5698	5	
5699	4	
5700	4	
5701	5	
5702	10	
5703	6	
5704	4	
5705	9	
5706	9	
5707	6	
5708	7	
5709	7	
5710	9	
5711	7	
5712	7	
5713	2	
5714	1	
5715	6	
5716	6	
5717	10	
5718	3	
5719	1	
5720	8	
5721	8	
5722	4	
5723	10	
5724	10	
5725	4	
5726	2	
5727	6	
5728	5	
5729	10	
5730	5	
5731	9	
5732	1	
5733	8	
5734	10	
5735	1	
5736	1	
5737	10	
5738	2	
5739	6	
5740	3	
5741	7	
5742	1	
5743	3	
5744	3	
5745	7	
5746	9	
5747	9	
5748	1	
5749	5	
5750	6	
5751	5	
5752	5	
5753	3	
5754	4	
5755	7	
5756	4	
5757	2	
5758	1	
5759	3	
5760	5	
5761	6	
5762	5	
5763	9	
5764	6	
5765	2	
5766	2	
5767	10	
5768	9	
5769	8	
5770	3	
5771	4	
5772	3	
5773	10	
5774	8	
5775	7	
5776	5	
5777	7	
5778	2	
5779	8	
5780	5	
5781	9	
5782	7	
5783	1	
5784	8	
5785	9	
5786	9	
5787	3	
5788	10	
5789	5	
5790	10	
5791	3	
5792	9	
5793	4	
5794	9	
5795	7	
5796	1	
5797	8	
5798	6	
5799	7	
5800	5	
5801	10	
5802	1	
5803	9	
5804	6	
5805	7	
5806	9	
5807	5	
5808	9	
5809	10	
5810	2	
5811	8	
5812	4	
5813	5	
5814	10	
5815	8	
5816	8	
5817	6	
5818	10	
5819	9	
5820	9	
5821	7	
5822	10	
5823	5	
5824	8	
5825	1	
5826	5	
5827	2	
5828	1	
5829	7	
5830	4	
5831	3	
5832	6	
5833	7	
5834	9	
5835	3	
5836	3	
5837	7	
5838	4	
5839	2	
5840	4	
5841	9	
5842	6	
5843	2	
5844	6	
5845	8	
5846	8	
5847	9	
5848	1	
5849	8	
5850	9	
5851	4	
5852	8	
5853	1	
5854	1	
5855	4	
5856	1	
5857	1	
5858	4	
5859	2	
5860	8	
5861	6	
5862	1	
5863	6	
5864	5	
5865	5	
5866	8	
5867	5	
5868	8	
5869	10	
5870	5	
5871	1	
5872	9	
5873	3	
5874	10	
5875	9	
5876	7	
5877	4	
5878	2	
5879	7	
5880	2	
5881	10	
5882	1	
5883	8	
5884	6	
5885	4	
5886	8	
5887	2	
5888	4	
5889	7	
5890	10	
5891	4	
5892	10	
5893	8	
5894	9	
5895	1	
5896	4	
5897	2	
5898	3	
5899	6	
5900	6	
5901	3	
5902	5	
5903	10	
5904	4	
5905	8	
5906	8	
5907	5	
5908	2	
5909	2	
5910	5	
5911	4	
5912	2	
5913	4	
5914	1	
5915	4	
5916	4	
5917	2	
5918	1	
5919	7	
5920	10	
5921	2	
5922	5	
5923	3	
5924	5	
5925	5	
5926	6	
5927	10	
5928	10	
5929	9	
5930	10	
5931	4	
5932	10	
5933	1	
5934	2	
5935	2	
5936	8	
5937	7	
5938	9	
5939	9	
5940	1	
5941	1	
5942	10	
5943	10	
5944	10	
5945	2	
5946	6	
5947	5	
5948	4	
5949	8	
5950	4	
5951	2	
5952	6	
5953	7	
5954	9	
5955	7	
5956	5	
5957	8	
5958	3	
5959	2	
5960	8	
5961	4	
5962	10	
5963	6	
5964	4	
5965	3	
5966	8	
5967	4	
5968	3	
5969	5	
5970	10	
5971	6	
5972	4	
5973	7	
5974	1	
5975	7	
5976	10	
5977	2	
5978	2	
5979	9	
5980	3	
5981	7	
5982	2	
5983	9	
5984	2	
5985	9	
5986	2	
5987	1	
5988	2	
5989	6	
5990	1	
5991	1	
5992	3	
5993	6	
5994	8	
5995	3	
5996	9	
5997	6	
5998	1	
5999	7	
6000	3	
6001	7	
6002	2	
6003	2	
6004	4	
6005	5	
6006	1	
6007	8	
6008	5	
6009	6	
6010	6	
6011	1	
6012	10	
6013	6	
6014	2	
6015	5	
6016	5	
6017	6	
6018	1	
6019	8	
6020	4	
6021	5	
6022	2	
6023	5	
6024	6	
6025	5	
6026	8	
6027	5	
6028	6	
6029	10	
6030	1	
6031	7	
6032	4	
6033	6	
6034	4	
6035	10	
6036	7	
6037	8	
6038	5	
6039	9	
6040	8	
6041	10	
6042	5	
6043	8	
6044	5	
6045	10	
6046	9	
6047	8	
6048	2	
6049	8	
6050	6	
6051	5	
6052	9	
6053	10	
6054	9	
6055	6	
6056	9	
6057	5	
6058	9	
6059	9	
6060	6	
6061	8	
6062	9	
6063	9	
6064	6	
6065	2	
6066	4	
6067	1	
6068	3	
6069	2	
6070	3	
6071	5	
6072	2	
6073	3	
6074	3	
6075	1	
6076	1	
6077	7	
6078	8	
6079	6	
6080	4	
6081	6	
6082	3	
6083	5	
6084	6	
6085	4	
6086	3	
6087	3	
6088	5	
6089	5	
6090	10	
6091	8	
6092	6	
6093	5	
6094	3	
6095	10	
6096	1	
6097	6	
6098	1	
6099	4	
6100	10	
6101	4	
6102	8	
6103	10	
6104	7	
6105	6	
6106	3	
6107	3	
6108	9	
6109	4	
6110	9	
6111	8	
6112	6	
6113	10	
6114	1	
6115	4	
6116	9	
6117	2	
6118	1	
6119	3	
6120	1	
6121	10	
6122	4	
6123	3	
6124	10	
6125	9	
6126	3	
6127	3	
6128	2	
6129	9	
6130	2	
6131	8	
6132	2	
6133	7	
6134	1	
6135	5	
6136	6	
6137	9	
6138	8	
6139	10	
6140	8	
6141	6	
6142	1	
6143	9	
6144	4	
6145	1	
6146	5	
6147	9	
6148	5	
6149	7	
6150	9	
6151	5	
6152	5	
6153	3	
6154	1	
6155	7	
6156	5	
6157	7	
6158	10	
6159	9	
6160	4	
6161	5	
6162	9	
6163	5	
6164	6	
6165	2	
6166	7	
6167	4	
6168	4	
6169	1	
6170	9	
6171	1	
6172	2	
6173	2	
6174	9	
6175	10	
6176	7	
6177	1	
6178	2	
6179	1	
6180	7	
6181	5	
6182	6	
6183	8	
6184	4	
6185	9	
6186	4	
6187	1	
6188	4	
6189	10	
6190	4	
6191	6	
6192	1	
6193	3	
6194	1	
6195	6	
6196	6	
6197	2	
6198	4	
6199	9	
6200	7	
6201	3	
6202	7	
6203	5	
6204	2	
6205	2	
6206	2	
6207	10	
6208	4	
6209	6	
6210	3	
6211	4	
6212	7	
6213	7	
6214	9	
6215	8	
6216	1	
6217	8	
6218	2	
6219	5	
6220	4	
6221	9	
6222	7	
6223	1	
6224	2	
6225	8	
6226	10	
6227	8	
6228	6	
6229	9	
6230	3	
6231	4	
6232	5	
6233	4	
6234	7	
6235	10	
6236	9	
6237	7	
6238	9	
6239	5	
6240	4	
6241	3	
6242	5	
6243	5	
6244	6	
6245	8	
6246	2	
6247	2	
6248	9	
6249	3	
6250	3	
6251	1	
6252	5	
6253	3	
6254	9	
6255	5	
6256	2	
6257	1	
6258	10	
6259	2	
6260	3	
6261	4	
6262	5	
6263	3	
6264	6	
6265	1	
6266	7	
6267	1	
6268	9	
6269	8	
6270	10	
6271	2	
6272	7	
6273	7	
6274	10	
6275	9	
6276	7	
6277	2	
6278	2	
6279	3	
6280	5	
6281	5	
6282	1	
6283	3	
6284	8	
6285	4	
6286	10	
6287	6	
6288	8	
6289	3	
6290	9	
6291	7	
6292	3	
6293	2	
6294	8	
6295	8	
6296	8	
6297	2	
6298	7	
6299	1	
6300	10	
6301	5	
6302	1	
6303	8	
6304	2	
6305	5	
6306	7	
6307	4	
6308	5	
6309	4	
6310	10	
6311	7	
6312	3	
6313	9	
6314	4	
6315	8	
6316	10	
6317	2	
6318	1	
6319	1	
6320	6	
6321	8	
6322	1	
6323	9	
6324	4	
6325	2	
6326	8	
6327	6	
6328	3	
6329	6	
6330	6	
6331	3	
6332	5	
6333	8	
6334	3	
6335	6	
6336	8	
6337	10	
6338	9	
6339	7	
6340	8	
6341	9	
6342	7	
6343	5	
6344	10	
6345	7	
6346	9	
6347	8	
6348	7	
6349	1	
6350	4	
6351	3	
6352	3	
6353	7	
6354	6	
6355	8	
6356	10	
6357	1	
6358	6	
6359	10	
6360	4	
6361	10	
6362	2	
6363	2	
6364	4	
6365	9	
6366	8	
6367	9	
6368	3	
6369	8	
6370	10	
6371	2	
6372	5	
6373	10	
6374	8	
6375	4	
6376	9	
6377	8	
6378	5	
6379	4	
6380	9	
6381	8	
6382	5	
6383	3	
6384	2	
6385	5	
6386	10	
6387	3	
6388	1	
6389	3	
6390	2	
6391	2	
6392	9	
6393	10	
6394	1	
6395	10	
6396	1	
6397	2	
6398	3	
6399	1	
6400	7	
6401	2	
6402	7	
6403	3	
6404	5	
6405	8	
6406	5	
6407	3	
6408	10	
6409	7	
6410	4	
6411	1	
6412	4	
6413	1	
6414	5	
6415	8	
6416	8	
6417	6	
6418	1	
6419	2	
6420	4	
6421	3	
6422	8	
6423	5	
6424	7	
6425	5	
6426	1	
6427	8	
6428	5	
6429	5	
6430	10	
6431	10	
6432	10	
6433	9	
6434	5	
6435	8	
6436	6	
6437	9	
6438	1	
6439	3	
6440	4	
6441	4	
6442	7	
6443	7	
6444	6	
6445	3	
6446	2	
6447	8	
6448	2	
6449	7	
6450	2	
6451	7	
6452	9	
6453	4	
6454	7	
6455	4	
6456	3	
6457	2	
6458	8	
6459	3	
6460	8	
6461	7	
6462	5	
6463	1	
6464	2	
6465	10	
6466	5	
6467	3	
6468	2	
6469	10	
6470	3	
6471	2	
6472	8	
6473	5	
6474	1	
6475	1	
6476	9	
6477	10	
6478	6	
6479	6	
6480	10	
6481	5	
6482	3	
6483	5	
6484	8	
6485	6	
6486	4	
6487	8	
6488	7	
6489	4	
6490	3	
6491	9	
6492	6	
6493	6	
6494	3	
6495	2	
6496	7	
6497	6	
6498	1	
6499	7	
6500	3	
6501	4	
6502	4	
6503	3	
6504	9	
6505	6	
6506	1	
6507	10	
6508	2	
6509	9	
6510	1	
6511	7	
6512	3	
6513	9	
6514	7	
6515	7	
6516	4	
6517	8	
6518	8	
6519	3	
6520	6	
6521	1	
6522	10	
6523	7	
6524	9	
6525	9	
6526	7	
6527	1	
6528	8	
6529	1	
6530	8	
6531	2	
6532	4	
6533	1	
6534	4	
6535	7	
6536	2	
6537	7	
6538	5	
6539	10	
6540	1	
6541	10	
6542	9	
6543	1	
6544	4	
6545	10	
6546	9	
6547	5	
6548	5	
6549	7	
6550	6	
6551	4	
6552	7	
6553	8	
6554	9	
6555	8	
6556	7	
6557	6	
6558	4	
6559	9	
6560	3	
6561	4	
6562	1	
6563	6	
6564	4	
6565	6	
6566	8	
6567	10	
6568	9	
6569	2	
6570	2	
6571	8	
6572	6	
6573	9	
6574	5	
6575	3	
6576	9	
6577	4	
6578	9	
6579	8	
6580	9	
6581	7	
6582	7	
6583	6	
6584	10	
6585	2	
6586	1	
6587	5	
6588	2	
6589	6	
6590	1	
6591	5	
6592	10	
6593	6	
6594	3	
6595	6	
6596	7	
6597	2	
6598	7	
6599	5	
6600	3	
6601	8	
6602	9	
6603	2	
6604	6	
6605	2	
6606	5	
6607	10	
6608	1	
6609	6	
6610	10	
6611	3	
6612	9	
6613	7	
6614	5	
6615	2	
6616	10	
6617	8	
6618	6	
6619	3	
6620	9	
6621	3	
6622	10	
6623	9	
6624	10	
6625	7	
6626	1	
6627	3	
6628	4	
6629	4	
6630	1	
6631	8	
6632	7	
6633	9	
6634	3	
6635	6	
6636	5	
6637	7	
6638	5	
6639	9	
6640	1	
6641	7	
6642	1	
6643	5	
6644	2	
6645	8	
6646	6	
6647	7	
6648	2	
6649	3	
6650	10	
6651	10	
6652	1	
6653	5	
6654	2	
6655	4	
6656	5	
6657	10	
6658	9	
6659	2	
6660	8	
6661	3	
6662	9	
6663	1	
6664	9	
6665	10	
6666	3	
6667	4	
6668	10	
6669	6	
6670	10	
6671	3	
6672	6	
6673	6	
6674	10	
6675	6	
6676	10	
6677	7	
6678	10	
6679	7	
6680	3	
6681	1	
6682	5	
6683	9	
6684	10	
6685	8	
6686	8	
6687	9	
6688	7	
6689	4	
6690	2	
6691	10	
6692	6	
6693	3	
6694	10	
6695	8	
6696	10	
6697	6	
6698	3	
6699	4	
6700	5	
6701	8	
6702	6	
6703	2	
6704	4	
6705	1	
6706	2	
6707	1	
6708	4	
6709	5	
6710	8	
6711	7	
6712	10	
6713	5	
6714	3	
6715	7	
6716	9	
6717	5	
6718	9	
6719	7	
6720	8	
6721	2	
6722	3	
6723	10	
6724	4	
6725	1	
6726	3	
6727	8	
6728	1	
6729	1	
6730	8	
6731	4	
6732	2	
6733	10	
6734	1	
6735	7	
6736	10	
6737	1	
6738	10	
6739	5	
6740	9	
6741	2	
6742	10	
6743	10	
6744	3	
6745	6	
6746	5	
6747	8	
6748	1	
6749	7	
6750	10	
6751	4	
6752	2	
6753	4	
6754	6	
6755	2	
6756	1	
6757	4	
6758	9	
6759	6	
6760	1	
6761	8	
6762	3	
6763	5	
6764	2	
6765	10	
6766	1	
6767	9	
6768	1	
6769	9	
6770	3	
6771	10	
6772	7	
6773	9	
6774	3	
6775	6	
6776	5	
6777	2	
6778	5	
6779	1	
6780	9	
6781	9	
6782	9	
6783	3	
6784	4	
6785	1	
6786	2	
6787	3	
6788	8	
6789	2	
6790	5	
6791	3	
6792	5	
6793	6	
6794	4	
6795	10	
6796	10	
6797	3	
6798	4	
6799	6	
6800	5	
6801	1	
6802	6	
6803	1	
6804	9	
6805	7	
6806	4	
6807	8	
6808	1	
6809	10	
6810	9	
6811	9	
6812	5	
6813	10	
6814	4	
6815	9	
6816	2	
6817	4	
6818	2	
6819	10	
6820	4	
6821	6	
6822	3	
6823	6	
6824	1	
6825	9	
6826	2	
6827	5	
6828	3	
6829	10	
6830	3	
6831	3	
6832	10	
6833	6	
6834	5	
6835	9	
6836	10	
6837	9	
6838	1	
6839	1	
6840	4	
6841	1	
6842	6	
6843	3	
6844	2	
6845	8	
6846	10	
6847	7	
6848	1	
6849	9	
6850	5	
6851	5	
6852	9	
6853	7	
6854	5	
6855	6	
6856	4	
6857	8	
6858	8	
6859	1	
6860	4	
6861	2	
6862	2	
6863	3	
6864	5	
6865	5	
6866	9	
6867	5	
6868	9	
6869	8	
6870	1	
6871	9	
6872	9	
6873	6	
6874	8	
6875	2	
6876	3	
6877	6	
6878	3	
6879	9	
6880	10	
6881	4	
6882	10	
6883	7	
6884	2	
6885	2	
6886	10	
6887	3	
6888	5	
6889	2	
6890	8	
6891	7	
6892	7	
6893	9	
6894	9	
6895	9	
6896	2	
6897	5	
6898	5	
6899	4	
6900	7	
6901	2	
6902	3	
6903	9	
6904	8	
6905	6	
6906	9	
6907	8	
6908	5	
6909	3	
6910	6	
6911	2	
6912	9	
6913	6	
6914	3	
6915	3	
6916	4	
6917	10	
6918	6	
6919	9	
6920	8	
6921	6	
6922	1	
6923	8	
6924	9	
6925	2	
6926	7	
6927	2	
6928	1	
6929	1	
6930	8	
6931	2	
6932	8	
6933	2	
6934	8	
6935	9	
6936	9	
6937	9	
6938	8	
6939	8	
6940	1	
6941	1	
6942	9	
6943	5	
6944	3	
6945	9	
6946	5	
6947	2	
6948	3	
6949	7	
6950	7	
6951	3	
6952	10	
6953	3	
6954	8	
6955	8	
6956	1	
6957	4	
6958	6	
6959	4	
6960	9	
6961	4	
6962	8	
6963	4	
6964	1	
6965	3	
6966	9	
6967	1	
6968	7	
6969	4	
6970	10	
6971	1	
6972	7	
6973	9	
6974	4	
6975	4	
6976	3	
6977	7	
6978	3	
6979	10	
6980	1	
6981	8	
6982	3	
6983	5	
6984	10	
6985	5	
6986	10	
6987	2	
6988	7	
6989	4	
6990	6	
6991	2	
6992	3	
6993	4	
6994	8	
6995	1	
6996	3	
6997	9	
6998	6	
6999	7	
7000	4	
7001	10	
7002	3	
7003	9	
7004	2	
7005	2	
7006	2	
7007	7	
7008	9	
7009	5	
7010	1	
7011	4	
7012	3	
7013	10	
7014	8	
7015	9	
7016	3	
7017	1	
7018	6	
7019	7	
7020	8	
7021	3	
7022	7	
7023	5	
7024	6	
7025	9	
7026	9	
7027	6	
7028	7	
7029	5	
7030	10	
7031	7	
7032	3	
7033	7	
7034	8	
7035	3	
7036	9	
7037	3	
7038	6	
7039	6	
7040	2	
7041	4	
7042	2	
7043	1	
7044	9	
7045	7	
7046	3	
7047	7	
7048	2	
7049	2	
7050	5	
7051	6	
7052	7	
7053	9	
7054	9	
7055	7	
7056	9	
7057	6	
7058	1	
7059	1	
7060	3	
7061	2	
7062	2	
7063	3	
7064	2	
7065	10	
7066	2	
7067	10	
7068	10	
7069	1	
7070	1	
7071	4	
7072	5	
7073	1	
7074	3	
7075	6	
7076	9	
7077	2	
7078	10	
7079	3	
7080	5	
7081	3	
7082	9	
7083	2	
7084	9	
7085	3	
7086	5	
7087	3	
7088	4	
7089	9	
7090	6	
7091	5	
7092	6	
7093	10	
7094	4	
7095	10	
7096	7	
7097	6	
7098	8	
7099	7	
7100	4	
7101	2	
7102	6	
7103	10	
7104	5	
7105	9	
7106	3	
7107	2	
7108	4	
7109	8	
7110	10	
7111	4	
7112	3	
7113	7	
7114	10	
7115	1	
7116	5	
7117	10	
7118	9	
7119	4	
7120	10	
7121	4	
7122	2	
7123	9	
7124	5	
7125	8	
7126	3	
7127	9	
7128	1	
7129	4	
7130	10	
7131	1	
7132	2	
7133	7	
7134	5	
7135	4	
7136	5	
7137	4	
7138	1	
7139	3	
7140	5	
7141	2	
7142	4	
7143	10	
7144	1	
7145	4	
7146	6	
7147	9	
7148	7	
7149	4	
7150	3	
7151	7	
7152	10	
7153	3	
7154	9	
7155	3	
7156	4	
7157	7	
7158	2	
7159	6	
7160	5	
7161	1	
7162	7	
7163	10	
7164	3	
7165	7	
7166	9	
7167	5	
7168	9	
7169	1	
7170	3	
7171	10	
7172	3	
7173	7	
7174	10	
7175	6	
7176	9	
7177	10	
7178	10	
7179	1	
7180	10	
7181	8	
7182	4	
7183	1	
7184	9	
7185	10	
7186	1	
7187	7	
7188	4	
7189	10	
7190	9	
7191	4	
7192	4	
7193	5	
7194	8	
7195	5	
7196	10	
7197	3	
7198	9	
7199	10	
7200	10	
7201	9	
7202	6	
7203	6	
7204	3	
7205	7	
7206	3	
7207	4	
7208	6	
7209	8	
7210	4	
7211	9	
7212	3	
7213	7	
7214	10	
7215	10	
7216	4	
7217	8	
7218	1	
7219	7	
7220	8	
7221	10	
7222	7	
7223	4	
7224	1	
7225	9	
7226	1	
7227	3	
7228	3	
7229	1	
7230	4	
7231	2	
7232	3	
7233	3	
7234	3	
7235	9	
7236	7	
7237	5	
7238	10	
7239	9	
7240	3	
7241	2	
7242	3	
7243	4	
7244	3	
7245	8	
7246	7	
7247	5	
7248	1	
7249	7	
7250	9	
7251	5	
7252	9	
7253	9	
7254	2	
7255	1	
7256	4	
7257	2	
7258	1	
7259	8	
7260	5	
7261	2	
7262	4	
7263	7	
7264	6	
7265	6	
7266	2	
7267	6	
7268	4	
7269	8	
7270	5	
7271	1	
7272	5	
7273	8	
7274	4	
7275	6	
7276	3	
7277	2	
7278	9	
7279	1	
7280	7	
7281	3	
7282	2	
7283	3	
7284	8	
7285	4	
7286	2	
7287	1	
7288	8	
7289	2	
7290	7	
7291	3	
7292	1	
7293	1	
7294	8	
7295	10	
7296	10	
7297	10	
7298	4	
7299	6	
7300	3	
7301	2	
7302	9	
7303	4	
7304	5	
7305	3	
7306	5	
7307	3	
7308	9	
7309	1	
7310	10	
7311	8	
7312	3	
7313	9	
7314	1	
7315	6	
7316	7	
7317	2	
7318	5	
7319	9	
7320	8	
7321	10	
7322	4	
7323	3	
7324	5	
7325	10	
7326	1	
7327	2	
7328	10	
7329	8	
7330	6	
7331	6	
7332	3	
7333	2	
7334	5	
7335	4	
7336	7	
7337	10	
7338	3	
7339	4	
7340	9	
7341	10	
7342	9	
7343	5	
7344	3	
7345	5	
7346	10	
7347	10	
7348	9	
7349	2	
7350	5	
7351	4	
7352	5	
7353	7	
7354	3	
7355	9	
7356	2	
7357	9	
7358	7	
7359	5	
7360	3	
7361	5	
7362	5	
7363	9	
7364	1	
7365	3	
7366	2	
7367	2	
7368	7	
7369	3	
7370	7	
7371	4	
7372	8	
7373	2	
7374	10	
7375	5	
7376	4	
7377	1	
7378	2	
7379	10	
7380	9	
7381	9	
7382	1	
7383	5	
7384	1	
7385	8	
7386	8	
7387	2	
7388	1	
7389	4	
7390	6	
7391	10	
7392	2	
7393	7	
7394	5	
7395	3	
7396	5	
7397	8	
7398	1	
7399	5	
7400	7	
7401	3	
7402	10	
7403	8	
7404	4	
7405	5	
7406	9	
7407	5	
7408	1	
7409	6	
7410	8	
7411	1	
7412	3	
7413	3	
7414	5	
7415	5	
7416	9	
7417	8	
7418	6	
7419	2	
7420	3	
7421	7	
7422	8	
7423	9	
7424	3	
7425	5	
7426	3	
7427	7	
7428	9	
7429	6	
7430	10	
7431	8	
7432	4	
7433	3	
7434	4	
7435	3	
7436	1	
7437	8	
7438	9	
7439	10	
7440	9	
7441	7	
7442	8	
7443	1	
7444	2	
7445	9	
7446	7	
7447	8	
7448	10	
7449	7	
7450	2	
7451	8	
7452	6	
7453	4	
7454	4	
7455	2	
7456	1	
7457	6	
7458	8	
7459	4	
7460	4	
7461	3	
7462	6	
7463	10	
7464	2	
7465	10	
7466	2	
7467	5	
7468	10	
7469	6	
7470	10	
7471	2	
7472	6	
7473	4	
7474	7	
7475	7	
7476	3	
7477	10	
7478	6	
7479	3	
7480	8	
7481	6	
7482	10	
7483	5	
7484	7	
7485	10	
7486	5	
7487	7	
7488	1	
7489	6	
7490	4	
7491	2	
7492	4	
7493	6	
7494	6	
7495	1	
7496	6	
7497	2	
7498	5	
7499	1	
7500	8	
7501	3	
7502	2	
7503	8	
7504	7	
7505	4	
7506	10	
7507	6	
7508	1	
7509	10	
7510	7	
7511	5	
7512	7	
7513	6	
7514	3	
7515	4	
7516	9	
7517	5	
7518	7	
7519	4	
7520	3	
7521	8	
7522	1	
7523	6	
7524	2	
7525	8	
7526	2	
7527	4	
7528	8	
7529	6	
7530	5	
7531	2	
7532	3	
7533	10	
7534	3	
7535	9	
7536	9	
7537	4	
7538	4	
7539	8	
7540	1	
7541	2	
7542	1	
7543	2	
7544	1	
7545	5	
7546	8	
7547	5	
7548	2	
7549	8	
7550	5	
7551	3	
7552	10	
7553	8	
7554	2	
7555	5	
7556	4	
7557	3	
7558	3	
7559	2	
7560	5	
7561	1	
7562	6	
7563	5	
7564	4	
7565	7	
7566	5	
7567	9	
7568	10	
7569	5	
7570	8	
7571	8	
7572	9	
7573	5	
7574	7	
7575	1	
7576	5	
7577	8	
7578	6	
7579	1	
7580	6	
7581	2	
7582	6	
7583	4	
7584	7	
7585	6	
7586	5	
7587	2	
7588	6	
7589	8	
7590	2	
7591	9	
7592	9	
7593	9	
7594	6	
7595	3	
7596	4	
7597	6	
7598	1	
7599	9	
7600	6	
7601	3	
7602	6	
7603	9	
7604	4	
7605	1	
7606	1	
7607	3	
7608	4	
7609	8	
7610	8	
7611	7	
7612	4	
7613	3	
7614	3	
7615	1	
7616	3	
7617	6	
7618	6	
7619	1	
7620	5	
7621	4	
7622	10	
7623	8	
7624	8	
7625	9	
7626	4	
7627	6	
7628	4	
7629	1	
7630	5	
7631	6	
7632	6	
7633	9	
7634	9	
7635	10	
7636	9	
7637	1	
7638	2	
7639	9	
7640	10	
7641	10	
7642	2	
7643	9	
7644	10	
7645	10	
7646	10	
7647	7	
7648	1	
7649	4	
7650	2	
7651	7	
7652	4	
7653	4	
7654	8	
7655	10	
7656	10	
7657	3	
7658	3	
7659	5	
7660	4	
7661	10	
7662	7	
7663	5	
7664	10	
7665	4	
7666	8	
7667	2	
7668	2	
7669	6	
7670	9	
7671	7	
7672	10	
7673	2	
7674	1	
7675	10	
7676	2	
7677	8	
7678	6	
7679	2	
7680	5	
7681	8	
7682	5	
7683	5	
7684	10	
7685	9	
7686	6	
7687	6	
7688	3	
7689	5	
7690	3	
7691	9	
7692	3	
7693	6	
7694	10	
7695	5	
7696	4	
7697	2	
7698	10	
7699	1	
7700	6	
7701	9	
7702	7	
7703	4	
7704	7	
7705	5	
7706	4	
7707	9	
7708	9	
7709	1	
7710	10	
7711	3	
7712	4	
7713	3	
7714	9	
7715	1	
7716	6	
7717	7	
7718	9	
7719	7	
7720	2	
7721	1	
7722	3	
7723	10	
7724	8	
7725	3	
7726	8	
7727	8	
7728	9	
7729	8	
7730	1	
7731	2	
7732	10	
7733	9	
7734	1	
7735	7	
7736	2	
7737	4	
7738	9	
7739	7	
7740	9	
7741	8	
7742	9	
7743	7	
7744	3	
7745	4	
7746	10	
7747	7	
7748	10	
7749	5	
7750	6	
7751	3	
7752	1	
7753	3	
7754	8	
7755	9	
7756	5	
7757	7	
7758	9	
7759	5	
7760	8	
7761	9	
7762	6	
7763	8	
7764	3	
7765	6	
7766	5	
7767	4	
7768	9	
7769	7	
7770	3	
7771	7	
7772	4	
7773	8	
7774	3	
7775	10	
7776	9	
7777	1	
7778	8	
7779	6	
7780	3	
7781	8	
7782	10	
7783	9	
7784	2	
7785	1	
7786	1	
7787	9	
7788	5	
7789	5	
7790	9	
7791	7	
7792	10	
7793	2	
7794	8	
7795	6	
7796	8	
7797	9	
7798	10	
7799	9	
7800	7	
7801	2	
7802	9	
7803	7	
7804	2	
7805	10	
7806	7	
7807	7	
7808	8	
7809	7	
7810	2	
7811	6	
7812	10	
7813	10	
7814	3	
7815	8	
7816	8	
7817	3	
7818	10	
7819	8	
7820	1	
7821	10	
7822	2	
7823	8	
7824	4	
7825	4	
7826	7	
7827	2	
7828	1	
7829	1	
7830	9	
7831	1	
7832	1	
7833	2	
7834	8	
7835	8	
7836	1	
7837	1	
7838	6	
7839	3	
7840	9	
7841	7	
7842	10	
7843	1	
7844	10	
7845	4	
7846	4	
7847	6	
7848	7	
7849	3	
7850	2	
7851	5	
7852	8	
7853	9	
7854	9	
7855	7	
7856	4	
7857	9	
7858	9	
7859	5	
7860	7	
7861	7	
7862	2	
7863	4	
7864	5	
7865	5	
7866	3	
7867	5	
7868	9	
7869	1	
7870	2	
7871	2	
7872	9	
7873	2	
7874	10	
7875	4	
7876	6	
7877	5	
7878	8	
7879	2	
7880	3	
7881	8	
7882	4	
7883	8	
7884	5	
7885	3	
7886	8	
7887	1	
7888	1	
7889	2	
7890	10	
7891	2	
7892	5	
7893	2	
7894	10	
7895	2	
7896	2	
7897	5	
7898	2	
7899	8	
7900	3	
7901	9	
7902	7	
7903	5	
7904	4	
7905	4	
7906	5	
7907	1	
7908	10	
7909	6	
7910	1	
7911	10	
7912	8	
7913	4	
7914	3	
7915	9	
7916	2	
7917	4	
7918	3	
7919	7	
7920	10	
7921	8	
7922	4	
7923	3	
7924	3	
7925	8	
7926	8	
7927	8	
7928	10	
7929	3	
7930	2	
7931	8	
7932	6	
7933	8	
7934	7	
7935	9	
7936	10	
7937	6	
7938	2	
7939	10	
7940	9	
7941	4	
7942	7	
7943	8	
7944	10	
7945	10	
7946	6	
7947	4	
7948	10	
7949	5	
7950	1	
7951	8	
7952	10	
7953	5	
7954	5	
7955	2	
7956	8	
7957	4	
7958	3	
7959	3	
7960	5	
7961	1	
7962	10	
7963	2	
7964	2	
7965	10	
7966	5	
7967	3	
7968	5	
7969	1	
7970	8	
7971	5	
7972	6	
7973	9	
7974	8	
7975	8	
7976	2	
7977	3	
7978	3	
7979	5	
7980	10	
7981	9	
7982	2	
7983	4	
7984	6	
7985	8	
7986	10	
7987	5	
7988	1	
7989	9	
7990	8	
7991	8	
7992	3	
7993	3	
7994	6	
7995	3	
7996	10	
7997	8	
7998	2	
7999	4	
8000	7	
8001	8	
8002	2	
8003	10	
8004	7	
8005	6	
8006	8	
8007	7	
8008	10	
8009	3	
8010	7	
8011	10	
8012	9	
8013	7	
8014	4	
8015	4	
8016	10	
8017	10	
8018	1	
8019	4	
8020	5	
8021	5	
8022	1	
8023	4	
8024	6	
8025	1	
8026	5	
8027	6	
8028	1	
8029	3	
8030	10	
8031	6	
8032	10	
8033	8	
8034	1	
8035	4	
8036	3	
8037	4	
8038	9	
8039	10	
8040	10	
8041	7	
8042	5	
8043	3	
8044	9	
8045	10	
8046	7	
8047	9	
8048	9	
8049	2	
8050	1	
8051	3	
8052	5	
8053	7	
8054	9	
8055	9	
8056	2	
8057	5	
8058	2	
8059	2	
8060	10	
8061	6	
8062	6	
8063	10	
8064	1	
8065	1	
8066	5	
8067	1	
8068	9	
8069	7	
8070	2	
8071	6	
8072	3	
8073	4	
8074	3	
8075	4	
8076	7	
8077	10	
8078	5	
8079	9	
8080	4	
8081	5	
8082	5	
8083	7	
8084	7	
8085	4	
8086	7	
8087	4	
8088	5	
8089	4	
8090	6	
8091	1	
8092	5	
8093	6	
8094	9	
8095	9	
8096	8	
8097	6	
8098	5	
8099	9	
8100	9	
8101	8	
8102	3	
8103	8	
8104	3	
8105	10	
8106	8	
8107	4	
8108	8	
8109	4	
8110	10	
8111	7	
8112	3	
8113	9	
8114	1	
8115	2	
8116	8	
8117	8	
8118	7	
8119	10	
8120	7	
8121	10	
8122	4	
8123	3	
8124	9	
8125	5	
8126	2	
8127	8	
8128	3	
8129	6	
8130	2	
8131	3	
8132	10	
8133	8	
8134	3	
8135	5	
8136	10	
8137	8	
8138	3	
8139	9	
8140	10	
8141	9	
8142	7	
8143	10	
8144	5	
8145	1	
8146	10	
8147	1	
8148	7	
8149	4	
8150	10	
8151	6	
8152	5	
8153	9	
8154	8	
8155	1	
8156	3	
8157	10	
8158	5	
8159	2	
8160	5	
8161	1	
8162	6	
8163	2	
8164	1	
8165	6	
8166	2	
8167	1	
8168	10	
8169	9	
8170	4	
8171	8	
8172	5	
8173	9	
8174	3	
8175	9	
8176	7	
8177	2	
8178	5	
8179	1	
8180	2	
8181	10	
8182	1	
8183	7	
8184	7	
8185	6	
8186	3	
8187	5	
8188	4	
8189	8	
8190	1	
8191	1	
8192	2	
8193	8	
8194	10	
8195	7	
8196	5	
8197	9	
8198	5	
8199	2	
8200	3	
8201	4	
8202	6	
8203	4	
8204	3	
8205	9	
8206	10	
8207	5	
8208	6	
8209	6	
8210	4	
8211	6	
8212	6	
8213	8	
8214	6	
8215	3	
8216	6	
8217	5	
8218	10	
8219	9	
8220	9	
8221	8	
8222	1	
8223	10	
8224	4	
8225	6	
8226	5	
8227	3	
8228	3	
8229	9	
8230	6	
8231	7	
8232	6	
8233	4	
8234	5	
8235	9	
8236	4	
8237	4	
8238	9	
8239	4	
8240	6	
8241	4	
8242	4	
8243	9	
8244	4	
8245	8	
8246	8	
8247	1	
8248	7	
8249	2	
8250	2	
8251	1	
8252	4	
8253	3	
8254	10	
8255	4	
8256	9	
8257	1	
8258	2	
8259	7	
8260	7	
8261	9	
8262	3	
8263	8	
8264	7	
8265	3	
8266	5	
8267	2	
8268	8	
8269	5	
8270	7	
8271	5	
8272	10	
8273	3	
8274	4	
8275	3	
8276	9	
8277	2	
8278	1	
8279	4	
8280	8	
8281	9	
8282	7	
8283	7	
8284	2	
8285	3	
8286	10	
8287	3	
8288	7	
8289	8	
8290	5	
8291	5	
8292	2	
8293	4	
8294	10	
8295	9	
8296	8	
8297	10	
8298	8	
8299	10	
8300	10	
8301	7	
8302	7	
8303	1	
8304	9	
8305	4	
8306	9	
8307	8	
8308	8	
8309	4	
8310	3	
8311	4	
8312	4	
8313	2	
8314	10	
8315	2	
8316	2	
8317	8	
8318	6	
8319	4	
8320	1	
8321	3	
8322	5	
8323	6	
8324	9	
8325	8	
8326	4	
8327	4	
8328	4	
8329	6	
8330	2	
8331	8	
8332	2	
8333	10	
8334	10	
8335	10	
8336	1	
8337	2	
8338	8	
8339	9	
8340	9	
8341	4	
8342	10	
8343	10	
8344	10	
8345	3	
8346	6	
8347	10	
8348	6	
8349	1	
8350	7	
8351	10	
8352	9	
8353	4	
8354	7	
8355	5	
8356	7	
8357	8	
8358	2	
8359	7	
8360	10	
8361	2	
8362	1	
8363	6	
8364	3	
8365	1	
8366	4	
8367	7	
8368	6	
8369	1	
8370	3	
8371	5	
8372	1	
8373	10	
8374	4	
8375	9	
8376	2	
8377	1	
8378	9	
8379	5	
8380	1	
8381	2	
8382	5	
8383	1	
8384	10	
8385	1	
8386	6	
8387	8	
8388	3	
8389	7	
8390	3	
8391	7	
8392	7	
8393	6	
8394	3	
8395	9	
8396	8	
8397	5	
8398	2	
8399	9	
8400	7	
8401	4	
8402	9	
8403	1	
8404	1	
8405	3	
8406	5	
8407	2	
8408	7	
8409	7	
8410	6	
8411	4	
8412	8	
8413	9	
8414	4	
8415	6	
8416	7	
8417	8	
8418	7	
8419	4	
8420	3	
8421	6	
8422	6	
8423	8	
8424	4	
8425	1	
8426	8	
8427	6	
8428	9	
8429	6	
8430	5	
8431	1	
8432	6	
8433	10	
8434	5	
8435	4	
8436	7	
8437	5	
8438	2	
8439	2	
8440	8	
8441	9	
8442	2	
8443	9	
8444	10	
8445	10	
8446	2	
8447	2	
8448	4	
8449	5	
8450	8	
8451	8	
8452	2	
8453	6	
8454	3	
8455	7	
8456	8	
8457	8	
8458	7	
8459	3	
8460	7	
8461	7	
8462	7	
8463	5	
8464	3	
8465	6	
8466	10	
8467	8	
8468	8	
8469	1	
8470	4	
8471	5	
8472	6	
8473	10	
8474	8	
8475	6	
8476	4	
8477	9	
8478	2	
8479	10	
8480	6	
8481	4	
8482	4	
8483	7	
8484	5	
8485	7	
8486	5	
8487	6	
8488	5	
8489	3	
8490	4	
8491	4	
8492	1	
8493	1	
8494	7	
8495	2	
8496	1	
8497	10	
8498	1	
8499	10	
8500	7	
8501	4	
8502	3	
8503	7	
8504	2	
8505	3	
8506	9	
8507	7	
8508	6	
8509	7	
8510	7	
8511	7	
8512	4	
8513	9	
8514	10	
8515	7	
8516	6	
8517	8	
8518	3	
8519	6	
8520	4	
8521	4	
8522	10	
8523	7	
8524	3	
8525	6	
8526	8	
8527	9	
8528	1	
8529	9	
8530	4	
8531	7	
8532	1	
8533	2	
8534	4	
8535	5	
8536	4	
8537	5	
8538	3	
8539	2	
8540	5	
8541	6	
8542	7	
8543	5	
8544	8	
8545	7	
8546	2	
8547	5	
8548	10	
8549	2	
8550	9	
8551	5	
8552	4	
8553	1	
8554	2	
8555	1	
8556	6	
8557	3	
8558	9	
8559	7	
8560	10	
8561	6	
8562	3	
8563	4	
8564	1	
8565	4	
8566	6	
8567	1	
8568	1	
8569	3	
8570	5	
8571	8	
8572	8	
8573	7	
8574	5	
8575	7	
8576	9	
8577	4	
8578	9	
8579	4	
8580	4	
8581	3	
8582	8	
8583	5	
8584	1	
8585	1	
8586	10	
8587	7	
8588	9	
8589	6	
8590	7	
8591	5	
8592	9	
8593	3	
8594	1	
8595	1	
8596	5	
8597	7	
8598	2	
8599	6	
8600	10	
8601	9	
8602	10	
8603	1	
8604	9	
8605	3	
8606	4	
8607	6	
8608	6	
8609	7	
8610	8	
8611	7	
8612	4	
8613	8	
8614	1	
8615	2	
8616	4	
8617	1	
8618	1	
8619	3	
8620	3	
8621	9	
8622	6	
8623	3	
8624	6	
8625	9	
8626	2	
8627	5	
8628	2	
8629	7	
8630	8	
8631	2	
8632	2	
8633	4	
8634	2	
8635	9	
8636	1	
8637	2	
8638	1	
8639	9	
8640	4	
8641	9	
8642	2	
8643	3	
8644	3	
8645	8	
8646	7	
8647	9	
8648	6	
8649	9	
8650	2	
8651	10	
8652	5	
8653	4	
8654	1	
8655	6	
8656	2	
8657	5	
8658	10	
8659	3	
8660	5	
8661	7	
8662	9	
8663	5	
8664	2	
8665	7	
8666	9	
8667	9	
8668	5	
8669	3	
8670	10	
8671	9	
8672	10	
8673	4	
8674	6	
8675	2	
8676	5	
8677	10	
8678	7	
8679	5	
8680	6	
8681	8	
8682	8	
8683	7	
8684	7	
8685	5	
8686	1	
8687	5	
8688	8	
8689	4	
8690	6	
8691	5	
8692	10	
8693	7	
8694	4	
8695	6	
8696	10	
8697	6	
8698	9	
8699	3	
8700	3	
8701	7	
8702	4	
8703	2	
8704	2	
8705	5	
8706	8	
8707	7	
8708	4	
8709	1	
8710	9	
8711	7	
8712	3	
8713	1	
8714	7	
8715	3	
8716	2	
8717	3	
8718	8	
8719	4	
8720	7	
8721	1	
8722	5	
8723	5	
8724	2	
8725	3	
8726	10	
8727	3	
8728	8	
8729	10	
8730	2	
8731	7	
8732	8	
8733	2	
8734	8	
8735	10	
8736	9	
8737	5	
8738	1	
8739	9	
8740	10	
8741	1	
8742	4	
8743	10	
8744	9	
8745	9	
8746	6	
8747	6	
8748	7	
8749	8	
8750	3	
8751	2	
8752	4	
8753	10	
8754	7	
8755	3	
8756	6	
8757	3	
8758	6	
8759	8	
8760	5	
8761	8	
8762	10	
8763	7	
8764	2	
8765	5	
8766	2	
8767	2	
8768	8	
8769	9	
8770	4	
8771	4	
8772	9	
8773	3	
8774	5	
8775	8	
8776	1	
8777	8	
8778	8	
8779	1	
8780	2	
8781	6	
8782	5	
8783	4	
8784	3	
8785	6	
8786	5	
8787	5	
8788	5	
8789	7	
8790	8	
8791	9	
8792	5	
8793	3	
8794	8	
8795	9	
8796	5	
8797	7	
8798	1	
8799	2	
8800	7	
8801	8	
8802	1	
8803	7	
8804	5	
8805	4	
8806	1	
8807	4	
8808	2	
8809	3	
8810	5	
8811	5	
8812	2	
8813	10	
8814	7	
8815	6	
8816	7	
8817	10	
8818	8	
8819	3	
8820	8	
8821	9	
8822	7	
8823	2	
8824	3	
8825	3	
8826	10	
8827	10	
8828	9	
8829	3	
8830	1	
8831	9	
8832	5	
8833	8	
8834	9	
8835	1	
8836	2	
8837	2	
8838	6	
8839	3	
8840	8	
8841	7	
8842	3	
8843	3	
8844	1	
8845	3	
8846	10	
8847	2	
8848	3	
8849	4	
8850	1	
8851	4	
8852	1	
8853	7	
8854	4	
8855	1	
8856	5	
8857	7	
8858	2	
8859	10	
8860	8	
8861	2	
8862	10	
8863	1	
8864	1	
8865	5	
8866	9	
8867	3	
8868	4	
8869	2	
8870	5	
8871	5	
8872	6	
8873	4	
8874	3	
8875	2	
8876	9	
8877	10	
8878	8	
8879	1	
8880	5	
8881	8	
8882	2	
8883	2	
8884	3	
8885	7	
8886	3	
8887	9	
8888	9	
8889	6	
8890	1	
8891	10	
8892	5	
8893	10	
8894	8	
8895	10	
8896	6	
8897	10	
8898	2	
8899	6	
8900	8	
8901	9	
8902	1	
8903	1	
8904	9	
8905	9	
8906	7	
8907	10	
8908	10	
8909	4	
8910	2	
8911	7	
8912	6	
8913	8	
8914	8	
8915	6	
8916	7	
8917	6	
8918	1	
8919	1	
8920	8	
8921	7	
8922	7	
8923	10	
8924	6	
8925	4	
8926	9	
8927	1	
8928	7	
8929	9	
8930	3	
8931	6	
8932	6	
8933	8	
8934	4	
8935	8	
8936	8	
8937	9	
8938	9	
8939	7	
8940	5	
8941	10	
8942	5	
8943	8	
8944	9	
8945	4	
8946	6	
8947	5	
8948	3	
8949	10	
8950	9	
8951	3	
8952	1	
8953	5	
8954	10	
8955	7	
8956	7	
8957	1	
8958	9	
8959	7	
8960	8	
8961	3	
8962	2	
8963	2	
8964	5	
8965	10	
8966	6	
8967	5	
8968	9	
8969	1	
8970	10	
8971	4	
8972	1	
8973	6	
8974	1	
8975	7	
8976	5	
8977	10	
8978	8	
8979	9	
8980	8	
8981	8	
8982	2	
8983	6	
8984	5	
8985	8	
8986	6	
8987	8	
8988	5	
8989	9	
8990	4	
8991	9	
8992	2	
8993	10	
8994	2	
8995	3	
8996	10	
8997	9	
8998	1	
8999	1	
9000	7	
9001	10	
9002	3	
9003	9	
9004	7	
9005	4	
9006	5	
9007	10	
9008	2	
9009	7	
9010	7	
9011	9	
9012	3	
9013	9	
9014	4	
9015	7	
9016	9	
9017	3	
9018	5	
9019	8	
9020	3	
9021	5	
9022	2	
9023	6	
9024	10	
9025	4	
9026	2	
9027	7	
9028	5	
9029	4	
9030	5	
9031	4	
9032	5	
9033	6	
9034	1	
9035	9	
9036	8	
9037	6	
9038	10	
9039	1	
9040	5	
9041	5	
9042	6	
9043	10	
9044	7	
9045	5	
9046	8	
9047	9	
9048	3	
9049	3	
9050	6	
9051	10	
9052	8	
9053	1	
9054	4	
9055	8	
9056	4	
9057	6	
9058	6	
9059	9	
9060	7	
9061	4	
9062	4	
9063	9	
9064	4	
9065	8	
9066	5	
9067	2	
9068	7	
9069	1	
9070	9	
9071	8	
9072	5	
9073	6	
9074	2	
9075	8	
9076	5	
9077	5	
9078	3	
9079	8	
9080	10	
9081	2	
9082	3	
9083	4	
9084	5	
9085	7	
9086	4	
9087	4	
9088	1	
9089	5	
9090	3	
9091	8	
9092	9	
9093	7	
9094	7	
9095	9	
9096	3	
9097	9	
9098	1	
9099	2	
9100	8	
9101	3	
9102	9	
9103	7	
9104	8	
9105	9	
9106	8	
9107	2	
9108	5	
9109	8	
9110	3	
9111	3	
9112	5	
9113	7	
9114	2	
9115	7	
9116	1	
9117	1	
9118	7	
9119	1	
9120	4	
9121	10	
9122	6	
9123	1	
9124	1	
9125	6	
9126	8	
9127	8	
9128	8	
9129	6	
9130	10	
9131	8	
9132	7	
9133	3	
9134	10	
9135	9	
9136	2	
9137	4	
9138	4	
9139	9	
9140	4	
9141	6	
9142	6	
9143	1	
9144	7	
9145	7	
9146	4	
9147	8	
9148	8	
9149	8	
9150	6	
9151	10	
9152	2	
9153	10	
9154	2	
9155	6	
9156	10	
9157	4	
9158	7	
9159	5	
9160	8	
9161	6	
9162	5	
9163	9	
9164	1	
9165	6	
9166	7	
9167	2	
9168	4	
9169	7	
9170	5	
9171	2	
9172	9	
9173	2	
9174	3	
9175	9	
9176	2	
9177	1	
9178	9	
9179	4	
9180	5	
9181	3	
9182	7	
9183	1	
9184	8	
9185	1	
9186	7	
9187	6	
9188	8	
9189	10	
9190	9	
9191	10	
9192	2	
9193	7	
9194	7	
9195	10	
9196	8	
9197	8	
9198	1	
9199	10	
9200	4	
9201	6	
9202	4	
9203	10	
9204	8	
9205	8	
9206	8	
9207	6	
9208	5	
9209	4	
9210	5	
9211	7	
9212	9	
9213	3	
9214	5	
9215	7	
9216	6	
9217	8	
9218	8	
9219	6	
9220	3	
9221	1	
9222	10	
9223	7	
9224	6	
9225	1	
9226	3	
9227	8	
9228	8	
9229	8	
9230	10	
9231	6	
9232	8	
9233	9	
9234	6	
9235	9	
9236	8	
9237	10	
9238	7	
9239	4	
9240	5	
9241	4	
9242	4	
9243	10	
9244	6	
9245	9	
9246	3	
9247	5	
9248	1	
9249	8	
9250	2	
9251	4	
9252	9	
9253	7	
9254	4	
9255	6	
9256	3	
9257	7	
9258	5	
9259	1	
9260	2	
9261	1	
9262	7	
9263	10	
9264	7	
9265	7	
9266	6	
9267	8	
9268	10	
9269	8	
9270	7	
9271	8	
9272	4	
9273	8	
9274	6	
9275	10	
9276	1	
9277	10	
9278	7	
9279	3	
9280	10	
9281	4	
9282	1	
9283	2	
9284	8	
9285	3	
9286	8	
9287	10	
9288	4	
9289	9	
9290	2	
9291	8	
9292	5	
9293	8	
9294	3	
9295	10	
9296	6	
9297	6	
9298	8	
9299	2	
9300	7	
9301	4	
9302	6	
9303	1	
9304	4	
9305	3	
9306	8	
9307	1	
9308	1	
9309	2	
9310	4	
9311	7	
9312	8	
9313	9	
9314	5	
9315	5	
9316	4	
9317	6	
9318	3	
9319	2	
9320	10	
9321	6	
9322	1	
9323	6	
9324	5	
9325	8	
9326	1	
9327	6	
9328	10	
9329	7	
9330	2	
9331	8	
9332	8	
9333	4	
9334	10	
9335	9	
9336	1	
9337	5	
9338	2	
9339	8	
9340	1	
9341	7	
9342	10	
9343	1	
9344	5	
9345	5	
9346	1	
9347	7	
9348	10	
9349	6	
9350	9	
9351	3	
9352	10	
9353	10	
9354	8	
9355	2	
9356	3	
9357	7	
9358	6	
9359	6	
9360	4	
9361	2	
9362	9	
9363	2	
9364	9	
9365	10	
9366	9	
9367	1	
9368	5	
9369	7	
9370	1	
9371	2	
9372	7	
9373	4	
9374	1	
9375	6	
9376	4	
9377	3	
9378	5	
9379	2	
9380	3	
9381	2	
9382	3	
9383	2	
9384	4	
9385	9	
9386	2	
9387	7	
9388	6	
9389	10	
9390	2	
9391	5	
9392	2	
9393	10	
9394	9	
9395	7	
9396	1	
9397	2	
9398	7	
9399	8	
9400	2	
9401	10	
9402	7	
9403	8	
9404	4	
9405	3	
9406	9	
9407	3	
9408	2	
9409	4	
9410	7	
9411	9	
9412	9	
9413	5	
9414	10	
9415	10	
9416	7	
9417	8	
9418	10	
9419	5	
9420	3	
9421	6	
9422	2	
9423	7	
9424	3	
9425	5	
9426	3	
9427	10	
9428	1	
9429	3	
9430	6	
9431	10	
9432	3	
9433	3	
9434	7	
9435	5	
9436	1	
9437	8	
9438	6	
9439	8	
9440	5	
9441	8	
9442	2	
9443	2	
9444	3	
9445	8	
9446	7	
9447	9	
9448	8	
9449	8	
9450	2	
9451	3	
9452	10	
9453	5	
9454	7	
9455	4	
9456	10	
9457	5	
9458	5	
9459	9	
9460	1	
9461	1	
9462	3	
9463	4	
9464	2	
9465	5	
9466	5	
9467	9	
9468	5	
9469	2	
9470	8	
9471	10	
9472	9	
9473	6	
9474	10	
9475	3	
9476	6	
9477	10	
9478	2	
9479	7	
9480	5	
9481	4	
9482	7	
9483	10	
9484	8	
9485	2	
9486	1	
9487	5	
9488	2	
9489	8	
9490	3	
9491	8	
9492	6	
9493	3	
9494	9	
9495	10	
9496	6	
9497	10	
9498	7	
9499	1	
9500	1	
9501	4	
9502	3	
9503	2	
9504	2	
9505	1	
9506	1	
9507	4	
9508	1	
9509	1	
9510	8	
9511	5	
9512	9	
9513	7	
9514	7	
9515	4	
9516	6	
9517	4	
9518	5	
9519	6	
9520	10	
9521	1	
9522	8	
9523	9	
9524	9	
9525	10	
9526	2	
9527	8	
9528	2	
9529	3	
9530	9	
9531	8	
9532	3	
9533	4	
9534	7	
9535	7	
9536	8	
9537	10	
9538	3	
9539	7	
9540	2	
9541	4	
9542	10	
9543	7	
9544	7	
9545	1	
9546	6	
9547	10	
9548	8	
9549	6	
9550	6	
9551	1	
9552	8	
9553	5	
9554	1	
9555	2	
9556	3	
9557	8	
9558	1	
9559	4	
9560	2	
9561	1	
9562	6	
9563	6	
9564	8	
9565	7	
9566	1	
9567	9	
9568	1	
9569	5	
9570	6	
9571	6	
9572	6	
9573	4	
9574	10	
9575	5	
9576	10	
9577	5	
9578	8	
9579	1	
9580	3	
9581	8	
9582	3	
9583	8	
9584	1	
9585	7	
9586	9	
9587	1	
9588	5	
9589	6	
9590	5	
9591	8	
9592	3	
9593	6	
9594	7	
9595	10	
9596	1	
9597	8	
9598	7	
9599	9	
9600	10	
9601	9	
9602	6	
9603	4	
9604	4	
9605	7	
9606	9	
9607	1	
9608	1	
9609	4	
9610	1	
9611	5	
9612	8	
9613	5	
9614	7	
9615	7	
9616	8	
9617	8	
9618	3	
9619	3	
9620	3	
9621	9	
9622	3	
9623	4	
9624	10	
9625	1	
9626	9	
9627	5	
9628	10	
9629	6	
9630	4	
9631	2	
9632	5	
9633	5	
9634	10	
9635	4	
9636	1	
9637	4	
9638	4	
9639	9	
9640	6	
9641	5	
9642	9	
9643	5	
9644	8	
9645	10	
9646	4	
9647	5	
9648	3	
9649	6	
9650	9	
9651	6	
9652	4	
9653	7	
9654	1	
9655	3	
9656	3	
9657	9	
9658	7	
9659	8	
9660	6	
9661	7	
9662	3	
9663	2	
9664	8	
9665	7	
9666	9	
9667	10	
9668	9	
9669	10	
9670	4	
9671	8	
9672	4	
9673	10	
9674	4	
9675	3	
9676	6	
9677	7	
9678	3	
9679	10	
9680	5	
9681	2	
9682	4	
9683	5	
9684	5	
9685	5	
9686	2	
9687	4	
9688	5	
9689	7	
9690	5	
9691	6	
9692	2	
9693	4	
9694	2	
9695	4	
9696	10	
9697	5	
9698	1	
9699	9	
9700	7	
9701	2	
9702	10	
9703	8	
9704	2	
9705	8	
9706	4	
9707	3	
9708	4	
9709	6	
9710	3	
9711	6	
9712	5	
9713	3	
9714	9	
9715	5	
9716	8	
9717	1	
9718	3	
9719	5	
9720	5	
9721	4	
9722	10	
9723	3	
9724	9	
9725	8	
9726	10	
9727	4	
9728	5	
9729	4	
9730	1	
9731	10	
9732	6	
9733	9	
9734	4	
9735	8	
9736	2	
9737	2	
9738	8	
9739	9	
9740	7	
9741	6	
9742	4	
9743	10	
9744	2	
9745	5	
9746	8	
9747	10	
9748	6	
9749	1	
9750	7	
9751	7	
9752	4	
9753	4	
9754	9	
9755	4	
9756	4	
9757	1	
9758	10	
9759	8	
9760	9	
9761	6	
9762	10	
9763	8	
9764	8	
9765	3	
9766	1	
9767	8	
9768	5	
9769	6	
9770	8	
9771	5	
9772	4	
9773	9	
9774	9	
9775	2	
9776	10	
9777	9	
9778	4	
9779	3	
9780	4	
9781	1	
9782	5	
9783	3	
9784	3	
9785	4	
9786	6	
9787	10	
9788	7	
9789	2	
9790	4	
9791	2	
9792	3	
9793	1	
9794	7	
9795	2	
9796	7	
9797	9	
9798	6	
9799	9	
9800	8	
9801	8	
9802	9	
9803	5	
9804	8	
9805	7	
9806	3	
9807	8	
9808	8	
9809	10	
9810	1	
9811	1	
9812	9	
9813	9	
9814	1	
9815	8	
9816	6	
9817	7	
9818	8	
9819	9	
9820	7	
9821	4	
9822	1	
9823	6	
9824	4	
9825	8	
9826	7	
9827	4	
9828	7	
9829	6	
9830	9	
9831	9	
9832	8	
9833	6	
9834	2	
9835	5	
9836	7	
9837	5	
9838	3	
9839	8	
9840	9	
9841	9	
9842	9	
9843	4	
9844	4	
9845	5	
9846	6	
9847	10	
9848	8	
9849	3	
9850	4	
9851	4	
9852	9	
9853	10	
9854	5	
9855	2	
9856	6	
9857	10	
9858	4	
9859	4	
9860	5	
9861	2	
9862	3	
9863	2	
9864	2	
9865	8	
9866	3	
9867	9	
9868	10	
9869	10	
9870	2	
9871	6	
9872	9	
9873	7	
9874	8	
9875	3	
9876	9	
9877	1	
9878	5	
9879	4	
9880	6	
9881	5	
9882	5	
9883	4	
9884	7	
9885	3	
9886	8	
9887	6	
9888	6	
9889	2	
9890	3	
9891	2	
9892	4	
9893	4	
9894	10	
9895	2	
9896	6	
9897	6	
9898	9	
9899	4	
9900	6	
9901	9	
9902	2	
9903	7	
9904	6	
9905	8	
9906	3	
9907	9	
9908	3	
9909	9	
9910	8	
9911	3	
9912	5	
9913	2	
9914	2	
9915	4	
9916	2	
9917	7	
9918	4	
9919	8	
9920	5	
9921	7	
9922	5	
9923	1	
9924	4	
9925	7	
9926	8	
9927	4	
9928	7	
9929	5	
9930	3	
9931	4	
9932	9	
9933	9	
9934	10	
9935	1	
9936	9	
9937	3	
9938	7	
9939	7	
9940	7	
9941	8	
9942	2	
9943	6	
9944	8	
9945	10	
9946	3	
9947	5	
9948	5	
9949	3	
9950	3	
9951	7	
9952	2	
9953	9	
9954	4	
9955	7	
9956	2	
9957	6	
9958	3	
9959	7	
9960	2	
9961	9	
9962	8	
9963	8	
9964	5	
9965	3	
9966	5	
9967	8	
9968	2	
9969	1	
9970	7	
9971	10	
9972	8	
9973	2	
9974	2	
9975	10	
9976	9	
9977	6	
9978	1	
9979	5	
9980	6	
9981	10	
9982	9	
9983	7	
9984	5	
9985	1	
9986	3	
9987	9	
9988	1	
9989	6	
9990	6	
9991	8	
9992	1	
9993	1	
9994	4	
9995	7	
9996	8	
9997	1	
9998	7	
9999	5	
10000	7	
3324
