10000
1	69	
2	93	
3	71	
4	96	
5	41	
6	63	
7	18	
8	17	
9	70	
10	7	
11	37	
12	84	
13	13	
14	73	
15	70	
16	70	
17	98	
18	57	
19	98	
20	95	
21	26	
22	29	
23	73	
24	72	
25	66	
26	81	
27	3	
28	61	
29	23	
30	12	
31	23	
32	33	
33	57	
34	38	
35	17	
36	86	
37	57	
38	30	
39	45	
40	12	
41	28	
42	39	
43	35	
44	3	
45	96	
46	28	
47	47	
48	99	
49	28	
50	17	
51	72	
52	13	
53	90	
54	21	
55	82	
56	53	
57	86	
58	24	
59	93	
60	19	
61	54	
62	32	
63	53	
64	72	
65	93	
66	41	
67	6	
68	44	
69	89	
70	79	
71	47	
72	51	
73	35	
74	88	
75	25	
76	22	
77	64	
78	40	
79	62	
80	68	
81	27	
82	83	
83	52	
84	79	
85	79	
86	43	
87	85	
88	49	
89	71	
90	96	
91	82	
92	46	
93	82	
94	21	
95	29	
96	78	
97	86	
98	58	
99	37	
100	73	
101	42	
102	17	
103	51	
104	25	
105	94	
106	15	
107	8	
108	68	
109	60	
110	82	
111	48	
112	12	
113	34	
114	86	
115	94	
116	48	
117	20	
118	30	
119	94	
120	22	
121	1	
122	2	
123	89	
124	72	
125	54	
126	68	
127	61	
128	89	
129	52	
130	64	
131	27	
132	94	
133	100	
134	97	
135	22	
136	11	
137	42	
138	28	
139	23	
140	37	
141	36	
142	6	
143	24	
144	4	
145	2	
146	95	
147	79	
148	68	
149	54	
150	7	
151	2	
152	74	
153	67	
154	97	
155	19	
156	73	
157	27	
158	84	
159	23	
160	54	
161	22	
162	12	
163	67	
164	3	
165	78	
166	15	
167	96	
168	61	
169	99	
170	6	
171	92	
172	67	
173	38	
174	95	
175	16	
176	20	
177	3	
178	70	
179	51	
180	21	
181	68	
182	86	
183	89	
184	33	
185	66	
186	98	
187	95	
188	30	
189	49	
190	22	
191	15	
192	76	
193	25	
194	17	
195	38	
196	99	
197	1	
198	11	
199	56	
200	14	
201	40	
202	50	
203	20	
204	20	
205	28	
206	10	
207	25	
208	51	
209	68	
210	10	
211	61	
212	69	
213	56	
214	78	
215	47	
216	88	
217	81	
218	61	
219	94	
220	43	
221	35	
222	58	
223	18	
224	9	
225	21	
226	37	
227	92	
228	66	
229	84	
230	8	
231	38	
232	55	
233	18	
234	79	
235	26	
236	93	
237	98	
238	90	
239	26	
240	42	
241	22	
242	80	
243	82	
244	80	
245	75	
246	32	
247	47	
248	35	
249	5	
250	61	
251	92	
252	68	
253	42	
254	83	
255	64	
256	78	
257	53	
258	21	
259	88	
260	30	
261	72	
262	66	
263	44	
264	60	
265	56	
266	47	
267	15	
268	25	
269	22	
270	40	
271	69	
272	92	
273	57	
274	40	
275	78	
276	7	
277	76	
278	7	
279	46	
280	93	
281	54	
282	91	
283	36	
284	60	
285	73	
286	62	
287	20	
288	2	
289	10	
290	32	
291	55	
292	1	
293	57	
294	67	
295	8	
296	24	
297	99	
298	75	
299	31	
300	25	
301	77	
302	12	
303	87	
304	54	
305	24	
306	81	
307	40	
308	74	
309	45	
310	44	
311	35	
312	79	
313	11	
314	75	
315	67	
316	79	
317	14	
318	94	
319	87	
320	94	
321	99	
322	16	
323	1	
324	19	
325	90	
326	32	
327	47	
328	80	
329	87	
330	94	
331	57	
332	16	
333	90	
334	53	
335	83	
336	72	
337	100	
338	48	
339	89	
340	37	
341	98	
342	15	
343	63	
344	45	
345	13	
346	32	
347	57	
348	71	
349	70	
350	100	
351	1	
352	1	
353	37	
354	89	
355	45	
356	74	
357	72	
358	32	
359	44	
360	59	
361	23	
362	90	
363	42	
364	27	
365	79	
366	16	
367	66	
368	93	
369	92	
370	48	
371	81	
372	95	
373	53	
374	55	
375	57	
376	74	
377	68	
378	23	
379	9	
380	34	
381	80	
382	12	
383	65	
384	32	
385	4	
386	96	
387	8	
388	7	
389	47	
390	29	
391	28	
392	26	
393	72	
394	79	
395	29	
396	18	
397	9	
398	37	
399	99	
400	90	
401	33	
402	34	
403	31	
404	76	
405	55	
406	57	
407	31	
408	99	
409	19	
410	39	
411	80	
412	24	
413	70	
414	30	
415	28	
416	79	
417	40	
418	13	
419	21	
420	33	
421	54	
422	68	
423	78	
424	25	
425	9	
426	82	
427	47	
428	45	
429	83	
430	19	
431	24	
432	99	
433	67	
434	50	
435	96	
436	30	
437	59	
438	69	
439	75	
440	20	
441	91	
442	65	
443	89	
444	63	
445	48	
446	85	
447	26	
448	58	
449	44	
450	28	
451	86	
452	42	
453	54	
454	40	
455	79	
456	27	
457	88	
458	67	
459	76	
460	7	
461	58	
462	87	
463	30	
464	3	
465	57	
466	43	
467	79	
468	19	
469	91	
470	54	
471	89	
472	52	
473	27	
474	53	
475	29	
476	52	
477	88	
478	29	
479	2	
480	12	
481	88	
482	80	
483	4	
484	7	
485	14	
486	42	
487	63	
488	9	
489	22	
490	54	
491	8	
492	44	
493	14	
494	88	
495	4	
496	59	
497	56	
498	70	
499	85	
500	51	
501	56	
502	81	
503	98	
504	12	
505	4	
506	54	
507	92	
508	14	
509	32	
510	68	
511	17	
512	29	
513	37	
514	9	
515	30	
516	15	
517	47	
518	82	
519	66	
520	75	
521	18	
522	74	
523	89	
524	5	
525	38	
526	27	
527	68	
528	3	
529	40	
530	90	
531	46	
532	55	
533	65	
534	2	
535	10	
536	91	
537	50	
538	69	
539	57	
540	75	
541	16	
542	23	
543	90	
544	67	
545	51	
546	21	
547	6	
548	91	
549	77	
550	95	
551	11	
552	56	
553	34	
554	8	
555	6	
556	18	
557	83	
558	44	
559	59	
560	54	
561	96	
562	60	
563	5	
564	67	
565	31	
566	8	
567	8	
568	30	
569	84	
570	6	
571	49	
572	88	
573	45	
574	97	
575	94	
576	44	
577	10	
578	58	
579	96	
580	63	
581	51	
582	34	
583	42	
584	17	
585	98	
586	27	
587	93	
588	35	
589	68	
590	74	
591	48	
592	84	
593	33	
594	36	
595	63	
596	42	
597	14	
598	43	
599	85	
600	93	
601	59	
602	56	
603	83	
604	40	
605	39	
606	52	
607	9	
608	100	
609	57	
610	88	
611	57	
612	2	
613	82	
614	59	
615	73	
616	21	
617	32	
618	36	
619	63	
620	75	
621	10	
622	46	
623	84	
624	7	
625	50	
626	38	
627	91	
628	14	
629	33	
630	41	
631	5	
632	35	
633	23	
634	72	
635	17	
636	92	
637	30	
638	57	
639	2	
640	96	
641	93	
642	64	
643	81	
644	13	
645	34	
646	49	
647	50	
648	13	
649	37	
650	51	
651	24	
652	99	
653	53	
654	68	
655	94	
656	21	
657	20	
658	93	
659	55	
660	80	
661	53	
662	96	
663	11	
664	57	
665	91	
666	25	
667	16	
668	72	
669	37	
670	87	
671	2	
672	8	
673	45	
674	26	
675	52	
676	11	
677	86	
678	25	
679	21	
680	13	
681	16	
682	71	
683	35	
684	30	
685	72	
686	51	
687	100	
688	70	
689	79	
690	25	
691	92	
692	95	
693	13	
694	84	
695	76	
696	22	
697	84	
698	8	
699	23	
700	79	
701	44	
702	99	
703	56	
704	55	
705	86	
706	78	
707	53	
708	78	
709	7	
710	78	
711	87	
712	24	
713	67	
714	77	
715	61	
716	41	
717	32	
718	28	
719	47	
720	72	
721	82	
722	12	
723	77	
724	68	
725	39	
726	14	
727	67	
728	59	
729	65	
730	57	
731	100	
732	62	
733	40	
734	9	
735	29	
736	15	
737	76	
738	83	
739	64	
740	55	
741	28	
742	21	
743	36	
744	43	
745	75	
746	72	
747	37	
748	60	
749	13	
750	42	
751	42	
752	84	
753	34	
754	99	
755	8	
756	38	
757	96	
758	14	
759	33	
760	52	
761	64	
762	91	
763	32	
764	92	
765	81	
766	24	
767	81	
768	25	
769	10	
770	58	
771	35	
772	45	
773	50	
774	90	
775	59	
776	6	
777	47	
778	65	
779	12	
780	78	
781	94	
782	38	
783	3	
784	73	
785	51	
786	41	
787	49	
788	47	
789	27	
790	64	
791	46	
792	53	
793	82	
794	59	
795	86	
796	70	
797	95	
798	17	
799	95	
800	23	
801	37	
802	42	
803	48	
804	18	
805	37	
806	24	
807	82	
808	64	
809	24	
810	84	
811	82	
812	88	
813	56	
814	40	
815	83	
816	57	
817	76	
818	88	
819	62	
820	36	
821	82	
822	3	
823	2	
824	9	
825	94	
826	49	
827	91	
828	20	
829	25	
830	83	
831	85	
832	29	
833	76	
834	16	
835	87	
836	34	
837	100	
838	92	
839	42	
840	6	
841	86	
842	28	
843	50	
844	58	
845	86	
846	7	
847	37	
848	33	
849	70	
850	49	
851	93	
852	44	
853	77	
854	40	
855	95	
856	100	
857	81	
858	4	
859	70	
860	17	
861	64	
862	16	
863	88	
864	7	
865	60	
866	43	
867	10	
868	83	
869	28	
870	90	
871	45	
872	15	
873	32	
874	62	
875	5	
876	43	
877	5	
878	36	
879	70	
880	68	
881	32	
882	7	
883	46	
884	37	
885	58	
886	86	
887	48	
888	87	
889	54	
890	21	
891	5	
892	26	
893	59	
894	13	
895	98	
896	16	
897	81	
898	21	
899	42	
900	30	
901	77	
902	49	
903	27	
904	60	
905	31	
906	46	
907	38	
908	44	
909	9	
910	43	
911	38	
912	31	
913	95	
914	3	
915	50	
916	68	
917	66	
918	90	
919	47	
920	78	
921	11	
922	83	
923	81	
924	31	
925	35	
926	69	
927	99	
928	5	
929	62	
930	91	
931	90	
932	78	
933	30	
934	10	
935	72	
936	29	
937	63	
938	47	
939	6	
940	88	
941	10	
942	99	
943	12	
944	66	
945	99	
946	25	
947	97	
948	91	
949	48	
950	40	
951	9	
952	93	
953	81	
954	31	
955	77	
956	59	
957	68	
958	50	
959	7	
960	41	
961	24	
962	72	
963	40	
964	37	
965	76	
966	4	
967	51	
968	89	
969	91	
970	94	
971	69	
972	64	
973	94	
974	73	
975	1	
976	56	
977	63	
978	24	
979	82	
980	2	
981	38	
982	83	
983	42	
984	67	
985	68	
986	85	
987	99	
988	91	
989	85	
990	76	
991	77	
992	69	
993	71	
994	86	
995	5	
996	68	
997	78	
998	96	
999	33	
1000	9	
1001	92	
1002	75	
1003	26	
1004	28	
1005	60	
1006	52	
1007	52	
1008	10	
1009	100	
1010	25	
1011	26	
1012	9	
1013	33	
1014	44	
1015	81	
1016	85	
1017	15	
1018	16	
1019	32	
1020	42	
1021	7	
1022	5	
1023	30	
1024	25	
1025	54	
1026	22	
1027	52	
1028	70	
1029	33	
1030	50	
1031	29	
1032	89	
1033	37	
1034	5	
1035	42	
1036	11	
1037	42	
1038	9	
1039	98	
1040	7	
1041	45	
1042	20	
1043	41	
1044	59	
1045	16	
1046	26	
1047	26	
1048	54	
1049	70	
1050	65	
1051	51	
1052	17	
1053	82	
1054	46	
1055	85	
1056	12	
1057	70	
1058	39	
1059	70	
1060	52	
1061	73	
1062	93	
1063	80	
1064	96	
1065	11	
1066	4	
1067	37	
1068	2	
1069	65	
1070	96	
1071	67	
1072	12	
1073	52	
1074	92	
1075	14	
1076	85	
1077	48	
1078	54	
1079	51	
1080	71	
1081	75	
1082	31	
1083	5	
1084	64	
1085	49	
1086	74	
1087	55	
1088	95	
1089	42	
1090	98	
1091	23	
1092	50	
1093	33	
1094	50	
1095	86	
1096	79	
1097	62	
1098	42	
1099	50	
1100	32	
1101	49	
1102	80	
1103	18	
1104	89	
1105	98	
1106	50	
1107	10	
1108	10	
1109	65	
1110	92	
1111	22	
1112	68	
1113	8	
1114	16	
1115	41	
1116	82	
1117	93	
1118	63	
1119	8	
1120	46	
1121	12	
1122	95	
1123	38	
1124	59	
1125	46	
1126	44	
1127	58	
1128	89	
1129	41	
1130	37	
1131	62	
1132	26	
1133	89	
1134	74	
1135	28	
1136	89	
1137	10	
1138	69	
1139	77	
1140	11	
1141	46	
1142	23	
1143	79	
1144	56	
1145	49	
1146	85	
1147	24	
1148	28	
1149	93	
1150	74	
1151	27	
1152	72	
1153	77	
1154	17	
1155	96	
1156	96	
1157	20	
1158	52	
1159	37	
1160	100	
1161	89	
1162	25	
1163	65	
1164	72	
1165	93	
1166	90	
1167	97	
1168	53	
1169	82	
1170	46	
1171	78	
1172	100	
1173	40	
1174	36	
1175	72	
1176	36	
1177	99	
1178	37	
1179	82	
1180	42	
1181	94	
1182	62	
1183	65	
1184	82	
1185	72	
1186	53	
1187	80	
1188	92	
1189	62	
1190	26	
1191	55	
1192	61	
1193	85	
1194	88	
1195	70	
1196	42	
1197	23	
1198	43	
1199	4	
1200	57	
1201	35	
1202	81	
1203	14	
1204	12	
1205	2	
1206	75	
1207	78	
1208	31	
1209	66	
1210	98	
1211	43	
1212	7	
1213	32	
1214	96	
1215	69	
1216	31	
1217	79	
1218	14	
1219	3	
1220	80	
1221	41	
1222	22	
1223	31	
1224	3	
1225	74	
1226	44	
1227	9	
1228	79	
1229	65	
1230	90	
1231	50	
1232	96	
1233	12	
1234	37	
1235	32	
1236	72	
1237	50	
1238	63	
1239	60	
1240	19	
1241	58	
1242	53	
1243	74	
1244	80	
1245	30	
1246	40	
1247	56	
1248	24	
1249	18	
1250	33	
1251	21	
1252	72	
1253	76	
1254	55	
1255	70	
1256	99	
1257	84	
1258	1	
1259	4	
1260	55	
1261	39	
1262	46	
1263	82	
1264	67	
1265	2	
1266	11	
1267	81	
1268	96	
1269	73	
1270	17	
1271	52	
1272	77	
1273	46	
1274	29	
1275	23	
1276	65	
1277	49	
1278	89	
1279	26	
1280	81	
1281	2	
1282	54	
1283	93	
1284	64	
1285	24	
1286	49	
1287	19	
1288	52	
1289	23	
1290	76	
1291	1	
1292	36	
1293	7	
1294	56	
1295	57	
1296	58	
1297	20	
1298	62	
1299	85	
1300	79	
1301	14	
1302	100	
1303	3	
1304	60	
1305	38	
1306	39	
1307	44	
1308	65	
1309	64	
1310	36	
1311	43	
1312	17	
1313	99	
1314	52	
1315	68	
1316	39	
1317	97	
1318	14	
1319	3	
1320	40	
1321	30	
1322	73	
1323	64	
1324	96	
1325	98	
1326	84	
1327	3	
1328	64	
1329	51	
1330	11	
1331	27	
1332	42	
1333	7	
1334	13	
1335	76	
1336	6	
1337	60	
1338	94	
1339	63	
1340	28	
1341	33	
1342	24	
1343	90	
1344	73	
1345	53	
1346	56	
1347	66	
1348	97	
1349	22	
1350	24	
1351	98	
1352	64	
1353	41	
1354	19	
1355	83	
1356	67	
1357	35	
1358	5	
1359	95	
1360	9	
1361	7	
1362	42	
1363	4	
1364	72	
1365	72	
1366	20	
1367	76	
1368	35	
1369	54	
1370	83	
1371	24	
1372	36	
1373	97	
1374	43	
1375	23	
1376	37	
1377	23	
1378	90	
1379	46	
1380	39	
1381	36	
1382	71	
1383	43	
1384	76	
1385	21	
1386	27	
1387	91	
1388	42	
1389	4	
1390	28	
1391	98	
1392	75	
1393	48	
1394	31	
1395	27	
1396	6	
1397	95	
1398	12	
1399	27	
1400	1	
1401	88	
1402	94	
1403	36	
1404	15	
1405	83	
1406	62	
1407	39	
1408	88	
1409	86	
1410	65	
1411	5	
1412	13	
1413	23	
1414	12	
1415	39	
1416	55	
1417	98	
1418	1	
1419	51	
1420	29	
1421	86	
1422	61	
1423	68	
1424	56	
1425	57	
1426	61	
1427	6	
1428	48	
1429	37	
1430	10	
1431	8	
1432	94	
1433	27	
1434	19	
1435	39	
1436	1	
1437	17	
1438	88	
1439	70	
1440	91	
1441	97	
1442	6	
1443	78	
1444	79	
1445	26	
1446	51	
1447	38	
1448	49	
1449	20	
1450	76	
1451	97	
1452	35	
1453	16	
1454	51	
1455	16	
1456	4	
1457	94	
1458	32	
1459	66	
1460	13	
1461	37	
1462	6	
1463	72	
1464	22	
1465	23	
1466	17	
1467	77	
1468	35	
1469	63	
1470	31	
1471	68	
1472	81	
1473	17	
1474	68	
1475	58	
1476	24	
1477	62	
1478	15	
1479	19	
1480	88	
1481	26	
1482	49	
1483	94	
1484	53	
1485	83	
1486	31	
1487	39	
1488	73	
1489	41	
1490	66	
1491	22	
1492	38	
1493	57	
1494	87	
1495	50	
1496	98	
1497	4	
1498	32	
1499	85	
1500	85	
1501	7	
1502	39	
1503	68	
1504	63	
1505	98	
1506	24	
1507	73	
1508	61	
1509	66	
1510	57	
1511	90	
1512	94	
1513	13	
1514	95	
1515	1	
1516	15	
1517	7	
1518	36	
1519	60	
1520	80	
1521	32	
1522	16	
1523	68	
1524	95	
1525	46	
1526	6	
1527	43	
1528	90	
1529	89	
1530	78	
1531	99	
1532	35	
1533	67	
1534	42	
1535	15	
1536	85	
1537	35	
1538	70	
1539	26	
1540	13	
1541	75	
1542	1	
1543	57	
1544	15	
1545	88	
1546	72	
1547	19	
1548	100	
1549	83	
1550	23	
1551	72	
1552	16	
1553	27	
1554	57	
1555	52	
1556	15	
1557	71	
1558	75	
1559	63	
1560	81	
1561	7	
1562	89	
1563	13	
1564	68	
1565	59	
1566	93	
1567	88	
1568	54	
1569	25	
1570	33	
1571	54	
1572	85	
1573	93	
1574	34	
1575	34	
1576	76	
1577	16	
1578	1	
1579	12	
1580	17	
1581	68	
1582	8	
1583	19	
1584	47	
1585	55	
1586	31	
1587	28	
1588	43	
1589	53	
1590	65	
1591	81	
1592	96	
1593	85	
1594	77	
1595	49	
1596	41	
1597	72	
1598	59	
1599	4	
1600	95	
1601	99	
1602	6	
1603	41	
1604	33	
1605	59	
1606	17	
1607	94	
1608	77	
1609	81	
1610	65	
1611	39	
1612	94	
1613	1	
1614	18	
1615	56	
1616	98	
1617	32	
1618	99	
1619	30	
1620	78	
1621	68	
1622	20	
1623	6	
1624	35	
1625	92	
1626	7	
1627	7	
1628	89	
1629	74	
1630	30	
1631	75	
1632	83	
1633	6	
1634	25	
1635	94	
1636	48	
1637	30	
1638	46	
1639	12	
1640	58	
1641	78	
1642	54	
1643	57	
1644	18	
1645	67	
1646	98	
1647	100	
1648	20	
1649	66	
1650	8	
1651	2	
1652	53	
1653	67	
1654	42	
1655	58	
1656	81	
1657	3	
1658	75	
1659	16	
1660	13	
1661	100	
1662	75	
1663	76	
1664	24	
1665	10	
1666	25	
1667	46	
1668	55	
1669	26	
1670	8	
1671	77	
1672	90	
1673	92	
1674	40	
1675	9	
1676	70	
1677	50	
1678	88	
1679	35	
1680	50	
1681	44	
1682	87	
1683	9	
1684	4	
1685	95	
1686	17	
1687	64	
1688	55	
1689	64	
1690	69	
1691	84	
1692	80	
1693	79	
1694	89	
1695	80	
1696	75	
1697	58	
1698	3	
1699	44	
1700	77	
1701	94	
1702	48	
1703	20	
1704	17	
1705	2	
1706	96	
1707	69	
1708	29	
1709	61	
1710	11	
1711	64	
1712	16	
1713	26	
1714	72	
1715	35	
1716	18	
1717	87	
1718	29	
1719	13	
1720	93	
1721	84	
1722	12	
1723	87	
1724	28	
1725	15	
1726	69	
1727	10	
1728	39	
1729	55	
1730	94	
1731	85	
1732	7	
1733	19	
1734	1	
1735	94	
1736	5	
1737	6	
1738	94	
1739	50	
1740	28	
1741	13	
1742	20	
1743	52	
1744	9	
1745	10	
1746	78	
1747	59	
1748	36	
1749	65	
1750	20	
1751	29	
1752	86	
1753	26	
1754	48	
1755	4	
1756	30	
1757	75	
1758	91	
1759	44	
1760	66	
1761	97	
1762	7	
1763	25	
1764	37	
1765	12	
1766	96	
1767	83	
1768	16	
1769	89	
1770	62	
1771	19	
1772	47	
1773	42	
1774	6	
1775	2	
1776	14	
1777	30	
1778	10	
1779	43	
1780	74	
1781	54	
1782	67	
1783	39	
1784	26	
1785	72	
1786	75	
1787	15	
1788	33	
1789	44	
1790	98	
1791	27	
1792	16	
1793	27	
1794	30	
1795	84	
1796	18	
1797	58	
1798	57	
1799	3	
1800	38	
1801	70	
1802	83	
1803	86	
1804	73	
1805	91	
1806	78	
1807	23	
1808	62	
1809	58	
1810	100	
1811	80	
1812	43	
1813	61	
1814	73	
1815	35	
1816	71	
1817	91	
1818	83	
1819	18	
1820	7	
1821	50	
1822	59	
1823	74	
1824	43	
1825	90	
1826	86	
1827	96	
1828	15	
1829	69	
1830	27	
1831	37	
1832	28	
1833	51	
1834	50	
1835	43	
1836	39	
1837	61	
1838	100	
1839	27	
1840	86	
1841	43	
1842	99	
1843	48	
1844	48	
1845	60	
1846	16	
1847	11	
1848	67	
1849	74	
1850	24	
1851	3	
1852	41	
1853	32	
1854	89	
1855	51	
1856	77	
1857	22	
1858	64	
1859	28	
1860	76	
1861	60	
1862	3	
1863	65	
1864	74	
1865	40	
1866	82	
1867	27	
1868	4	
1869	67	
1870	35	
1871	73	
1872	46	
1873	57	
1874	83	
1875	95	
1876	44	
1877	95	
1878	21	
1879	45	
1880	91	
1881	38	
1882	35	
1883	94	
1884	22	
1885	39	
1886	82	
1887	90	
1888	34	
1889	18	
1890	60	
1891	54	
1892	76	
1893	24	
1894	29	
1895	17	
1896	52	
1897	23	
1898	96	
1899	86	
1900	54	
1901	22	
1902	8	
1903	98	
1904	57	
1905	75	
1906	74	
1907	9	
1908	48	
1909	4	
1910	79	
1911	21	
1912	94	
1913	23	
1914	12	
1915	44	
1916	67	
1917	90	
1918	39	
1919	57	
1920	83	
1921	2	
1922	17	
1923	3	
1924	8	
1925	37	
1926	52	
1927	83	
1928	13	
1929	2	
1930	12	
1931	60	
1932	18	
1933	14	
1934	35	
1935	70	
1936	92	
1937	58	
1938	70	
1939	33	
1940	24	
1941	76	
1942	91	
1943	29	
1944	17	
1945	24	
1946	71	
1947	5	
1948	64	
1949	78	
1950	95	
1951	41	
1952	68	
1953	28	
1954	48	
1955	7	
1956	100	
1957	10	
1958	53	
1959	35	
1960	33	
1961	61	
1962	89	
1963	76	
1964	51	
1965	2	
1966	51	
1967	56	
1968	87	
1969	34	
1970	44	
1971	8	
1972	15	
1973	10	
1974	69	
1975	62	
1976	67	
1977	74	
1978	99	
1979	48	
1980	84	
1981	63	
1982	64	
1983	45	
1984	97	
1985	6	
1986	12	
1987	21	
1988	83	
1989	12	
1990	67	
1991	22	
1992	58	
1993	69	
1994	64	
1995	63	
1996	55	
1997	91	
1998	65	
1999	53	
2000	17	
2001	70	
2002	91	
2003	61	
2004	14	
2005	4	
2006	100	
2007	95	
2008	49	
2009	36	
2010	28	
2011	59	
2012	52	
2013	60	
2014	90	
2015	99	
2016	53	
2017	48	
2018	43	
2019	53	
2020	30	
2021	98	
2022	91	
2023	12	
2024	82	
2025	14	
2026	48	
2027	8	
2028	2	
2029	45	
2030	72	
2031	64	
2032	75	
2033	31	
2034	64	
2035	25	
2036	65	
2037	23	
2038	29	
2039	6	
2040	75	
2041	23	
2042	24	
2043	79	
2044	19	
2045	38	
2046	27	
2047	80	
2048	4	
2049	4	
2050	6	
2051	5	
2052	4	
2053	17	
2054	37	
2055	56	
2056	21	
2057	43	
2058	10	
2059	52	
2060	86	
2061	23	
2062	25	
2063	18	
2064	73	
2065	61	
2066	86	
2067	12	
2068	99	
2069	30	
2070	87	
2071	76	
2072	16	
2073	55	
2074	32	
2075	79	
2076	22	
2077	49	
2078	45	
2079	91	
2080	84	
2081	91	
2082	64	
2083	75	
2084	70	
2085	5	
2086	48	
2087	68	
2088	61	
2089	65	
2090	86	
2091	27	
2092	45	
2093	82	
2094	72	
2095	75	
2096	50	
2097	35	
2098	62	
2099	85	
2100	29	
2101	18	
2102	7	
2103	40	
2104	33	
2105	59	
2106	83	
2107	80	
2108	33	
2109	96	
2110	4	
2111	17	
2112	27	
2113	4	
2114	99	
2115	23	
2116	64	
2117	13	
2118	41	
2119	97	
2120	7	
2121	72	
2122	83	
2123	64	
2124	63	
2125	38	
2126	4	
2127	6	
2128	90	
2129	58	
2130	72	
2131	25	
2132	50	
2133	71	
2134	25	
2135	11	
2136	66	
2137	4	
2138	23	
2139	41	
2140	31	
2141	84	
2142	33	
2143	26	
2144	81	
2145	13	
2146	47	
2147	10	
2148	81	
2149	42	
2150	51	
2151	45	
2152	18	
2153	55	
2154	30	
2155	16	
2156	61	
2157	82	
2158	18	
2159	80	
2160	67	
2161	89	
2162	100	
2163	24	
2164	7	
2165	16	
2166	68	
2167	53	
2168	26	
2169	74	
2170	41	
2171	64	
2172	37	
2173	20	
2174	68	
2175	93	
2176	63	
2177	59	
2178	57	
2179	24	
2180	74	
2181	88	
2182	32	
2183	68	
2184	68	
2185	59	
2186	43	
2187	34	
2188	19	
2189	30	
2190	90	
2191	25	
2192	27	
2193	69	
2194	61	
2195	73	
2196	80	
2197	14	
2198	93	
2199	81	
2200	66	
2201	72	
2202	72	
2203	54	
2204	51	
2205	85	
2206	8	
2207	83	
2208	93	
2209	69	
2210	1	
2211	97	
2212	66	
2213	90	
2214	33	
2215	2	
2216	54	
2217	28	
2218	49	
2219	19	
2220	40	
2221	12	
2222	15	
2223	32	
2224	6	
2225	66	
2226	47	
2227	36	
2228	64	
2229	36	
2230	28	
2231	12	
2232	54	
2233	19	
2234	53	
2235	94	
2236	20	
2237	59	
2238	90	
2239	100	
2240	30	
2241	80	
2242	43	
2243	64	
2244	70	
2245	17	
2246	37	
2247	50	
2248	95	
2249	69	
2250	41	
2251	79	
2252	54	
2253	30	
2254	50	
2255	42	
2256	54	
2257	83	
2258	35	
2259	51	
2260	36	
2261	24	
2262	48	
2263	85	
2264	49	
2265	50	
2266	52	
2267	41	
2268	5	
2269	65	
2270	10	
2271	91	
2272	31	
2273	76	
2274	86	
2275	46	
2276	78	
2277	36	
2278	94	
2279	33	
2280	52	
2281	43	
2282	67	
2283	37	
2284	6	
2285	92	
2286	30	
2287	78	
2288	12	
2289	21	
2290	53	
2291	44	
2292	64	
2293	99	
2294	54	
2295	45	
2296	24	
2297	66	
2298	92	
2299	67	
2300	57	
2301	28	
2302	23	
2303	24	
2304	12	
2305	40	
2306	18	
2307	90	
2308	5	
2309	72	
2310	44	
2311	2	
2312	8	
2313	89	
2314	54	
2315	30	
2316	34	
2317	43	
2318	44	
2319	57	
2320	63	
2321	24	
2322	17	
2323	100	
2324	91	
2325	48	
2326	49	
2327	80	
2328	2	
2329	11	
2330	58	
2331	79	
2332	73	
2333	87	
2334	94	
2335	65	
2336	24	
2337	17	
2338	29	
2339	25	
2340	8	
2341	1	
2342	25	
2343	10	
2344	73	
2345	88	
2346	82	
2347	46	
2348	82	
2349	63	
2350	12	
2351	47	
2352	93	
2353	55	
2354	70	
2355	94	
2356	74	
2357	97	
2358	54	
2359	29	
2360	4	
2361	60	
2362	58	
2363	42	
2364	45	
2365	75	
2366	19	
2367	76	
2368	100	
2369	82	
2370	81	
2371	78	
2372	99	
2373	30	
2374	67	
2375	5	
2376	16	
2377	80	
2378	37	
2379	24	
2380	46	
2381	76	
2382	97	
2383	47	
2384	7	
2385	67	
2386	89	
2387	99	
2388	44	
2389	30	
2390	17	
2391	57	
2392	18	
2393	54	
2394	31	
2395	72	
2396	84	
2397	68	
2398	49	
2399	81	
2400	56	
2401	44	
2402	98	
2403	51	
2404	85	
2405	32	
2406	78	
2407	18	
2408	12	
2409	80	
2410	97	
2411	89	
2412	21	
2413	29	
2414	8	
2415	82	
2416	16	
2417	67	
2418	61	
2419	30	
2420	62	
2421	89	
2422	38	
2423	72	
2424	59	
2425	29	
2426	54	
2427	28	
2428	3	
2429	82	
2430	92	
2431	78	
2432	51	
2433	79	
2434	73	
2435	13	
2436	23	
2437	31	
2438	63	
2439	38	
2440	47	
2441	89	
2442	10	
2443	73	
2444	24	
2445	27	
2446	25	
2447	92	
2448	37	
2449	44	
2450	7	
2451	40	
2452	12	
2453	63	
2454	16	
2455	81	
2456	84	
2457	16	
2458	70	
2459	39	
2460	10	
2461	92	
2462	14	
2463	25	
2464	22	
2465	50	
2466	70	
2467	59	
2468	17	
2469	70	
2470	86	
2471	77	
2472	34	
2473	74	
2474	26	
2475	11	
2476	6	
2477	29	
2478	35	
2479	16	
2480	50	
2481	18	
2482	35	
2483	81	
2484	85	
2485	67	
2486	39	
2487	89	
2488	56	
2489	44	
2490	8	
2491	16	
2492	16	
2493	18	
2494	53	
2495	90	
2496	16	
2497	86	
2498	61	
2499	71	
2500	6	
2501	30	
2502	59	
2503	62	
2504	48	
2505	8	
2506	22	
2507	4	
2508	8	
2509	8	
2510	91	
2511	55	
2512	14	
2513	96	
2514	84	
2515	69	
2516	30	
2517	99	
2518	12	
2519	19	
2520	88	
2521	76	
2522	60	
2523	52	
2524	62	
2525	14	
2526	5	
2527	6	
2528	58	
2529	11	
2530	1	
2531	98	
2532	86	
2533	6	
2534	33	
2535	34	
2536	18	
2537	27	
2538	77	
2539	31	
2540	98	
2541	32	
2542	56	
2543	68	
2544	62	
2545	87	
2546	59	
2547	87	
2548	35	
2549	56	
2550	31	
2551	45	
2552	96	
2553	25	
2554	97	
2555	11	
2556	36	
2557	66	
2558	68	
2559	45	
2560	48	
2561	4	
2562	95	
2563	99	
2564	75	
2565	11	
2566	12	
2567	4	
2568	35	
2569	83	
2570	17	
2571	93	
2572	39	
2573	92	
2574	43	
2575	72	
2576	89	
2577	87	
2578	47	
2579	11	
2580	91	
2581	57	
2582	12	
2583	76	
2584	56	
2585	71	
2586	88	
2587	56	
2588	85	
2589	18	
2590	84	
2591	2	
2592	53	
2593	6	
2594	46	
2595	51	
2596	51	
2597	33	
2598	22	
2599	41	
2600	65	
2601	43	
2602	63	
2603	90	
2604	72	
2605	57	
2606	40	
2607	11	
2608	16	
2609	23	
2610	78	
2611	42	
2612	91	
2613	35	
2614	58	
2615	27	
2616	75	
2617	49	
2618	1	
2619	12	
2620	13	
2621	3	
2622	77	
2623	86	
2624	90	
2625	41	
2626	91	
2627	6	
2628	50	
2629	95	
2630	92	
2631	41	
2632	85	
2633	11	
2634	58	
2635	45	
2636	49	
2637	30	
2638	70	
2639	28	
2640	59	
2641	60	
2642	17	
2643	8	
2644	90	
2645	34	
2646	61	
2647	72	
2648	41	
2649	96	
2650	71	
2651	15	
2652	6	
2653	29	
2654	20	
2655	37	
2656	83	
2657	64	
2658	81	
2659	79	
2660	82	
2661	58	
2662	5	
2663	91	
2664	26	
2665	96	
2666	79	
2667	15	
2668	81	
2669	76	
2670	94	
2671	12	
2672	13	
2673	13	
2674	91	
2675	21	
2676	9	
2677	29	
2678	91	
2679	35	
2680	16	
2681	60	
2682	43	
2683	100	
2684	58	
2685	87	
2686	81	
2687	42	
2688	75	
2689	55	
2690	94	
2691	87	
2692	41	
2693	46	
2694	95	
2695	76	
2696	30	
2697	14	
2698	98	
2699	27	
2700	9	
2701	3	
2702	84	
2703	47	
2704	3	
2705	43	
2706	22	
2707	52	
2708	28	
2709	1	
2710	78	
2711	29	
2712	37	
2713	68	
2714	64	
2715	84	
2716	73	
2717	66	
2718	75	
2719	70	
2720	59	
2721	32	
2722	27	
2723	1	
2724	11	
2725	14	
2726	87	
2727	100	
2728	10	
2729	81	
2730	18	
2731	70	
2732	28	
2733	18	
2734	71	
2735	72	
2736	89	
2737	82	
2738	66	
2739	62	
2740	66	
2741	25	
2742	14	
2743	62	
2744	19	
2745	69	
2746	95	
2747	18	
2748	72	
2749	90	
2750	39	
2751	17	
2752	66	
2753	29	
2754	95	
2755	62	
2756	93	
2757	23	
2758	12	
2759	30	
2760	49	
2761	84	
2762	52	
2763	4	
2764	23	
2765	30	
2766	80	
2767	68	
2768	38	
2769	9	
2770	25	
2771	10	
2772	48	
2773	26	
2774	73	
2775	58	
2776	60	
2777	74	
2778	88	
2779	99	
2780	59	
2781	2	
2782	9	
2783	18	
2784	73	
2785	78	
2786	8	
2787	18	
2788	83	
2789	12	
2790	63	
2791	38	
2792	24	
2793	64	
2794	91	
2795	28	
2796	78	
2797	31	
2798	50	
2799	90	
2800	59	
2801	53	
2802	61	
2803	1	
2804	62	
2805	84	
2806	80	
2807	28	
2808	13	
2809	20	
2810	58	
2811	55	
2812	58	
2813	23	
2814	60	
2815	18	
2816	12	
2817	17	
2818	15	
2819	56	
2820	80	
2821	50	
2822	52	
2823	70	
2824	79	
2825	96	
2826	12	
2827	67	
2828	28	
2829	76	
2830	58	
2831	79	
2832	52	
2833	86	
2834	86	
2835	19	
2836	39	
2837	75	
2838	62	
2839	81	
2840	89	
2841	91	
2842	50	
2843	61	
2844	52	
2845	21	
2846	13	
2847	48	
2848	98	
2849	96	
2850	83	
2851	9	
2852	41	
2853	97	
2854	78	
2855	64	
2856	73	
2857	53	
2858	55	
2859	9	
2860	98	
2861	38	
2862	4	
2863	67	
2864	64	
2865	7	
2866	97	
2867	3	
2868	4	
2869	42	
2870	89	
2871	12	
2872	37	
2873	50	
2874	28	
2875	74	
2876	98	
2877	35	
2878	8	
2879	89	
2880	28	
2881	7	
2882	9	
2883	81	
2884	54	
2885	16	
2886	14	
2887	41	
2888	87	
2889	67	
2890	20	
2891	69	
2892	31	
2893	64	
2894	55	
2895	9	
2896	59	
2897	56	
2898	90	
2899	58	
2900	20	
2901	13	
2902	98	
2903	78	
2904	29	
2905	38	
2906	11	
2907	10	
2908	95	
2909	74	
2910	72	
2911	9	
2912	22	
2913	19	
2914	17	
2915	59	
2916	26	
2917	12	
2918	100	
2919	4	
2920	44	
2921	53	
2922	70	
2923	8	
2924	100	
2925	51	
2926	16	
2927	74	
2928	63	
2929	35	
2930	24	
2931	100	
2932	64	
2933	13	
2934	60	
2935	30	
2936	4	
2937	35	
2938	60	
2939	4	
2940	12	
2941	21	
2942	25	
2943	47	
2944	51	
2945	80	
2946	98	
2947	20	
2948	82	
2949	81	
2950	3	
2951	2	
2952	85	
2953	60	
2954	41	
2955	58	
2956	13	
2957	79	
2958	99	
2959	98	
2960	46	
2961	26	
2962	12	
2963	40	
2964	48	
2965	78	
2966	80	
2967	54	
2968	91	
2969	32	
2970	10	
2971	17	
2972	44	
2973	45	
2974	81	
2975	52	
2976	4	
2977	25	
2978	89	
2979	83	
2980	22	
2981	6	
2982	40	
2983	46	
2984	18	
2985	64	
2986	30	
2987	30	
2988	42	
2989	15	
2990	7	
2991	92	
2992	88	
2993	2	
2994	50	
2995	62	
2996	67	
2997	12	
2998	94	
2999	28	
3000	78	
3001	10	
3002	2	
3003	64	
3004	53	
3005	38	
3006	62	
3007	15	
3008	36	
3009	11	
3010	81	
3011	65	
3012	1	
3013	40	
3014	6	
3015	5	
3016	18	
3017	44	
3018	29	
3019	56	
3020	66	
3021	72	
3022	89	
3023	81	
3024	3	
3025	22	
3026	89	
3027	84	
3028	2	
3029	74	
3030	81	
3031	36	
3032	96	
3033	48	
3034	32	
3035	58	
3036	5	
3037	99	
3038	32	
3039	85	
3040	64	
3041	46	
3042	75	
3043	22	
3044	55	
3045	82	
3046	74	
3047	55	
3048	50	
3049	100	
3050	34	
3051	74	
3052	17	
3053	82	
3054	96	
3055	88	
3056	72	
3057	3	
3058	98	
3059	96	
3060	89	
3061	53	
3062	98	
3063	55	
3064	77	
3065	20	
3066	55	
3067	51	
3068	40	
3069	49	
3070	37	
3071	94	
3072	92	
3073	89	
3074	15	
3075	37	
3076	10	
3077	25	
3078	4	
3079	84	
3080	54	
3081	2	
3082	52	
3083	98	
3084	49	
3085	80	
3086	9	
3087	34	
3088	38	
3089	56	
3090	45	
3091	59	
3092	39	
3093	84	
3094	12	
3095	45	
3096	63	
3097	27	
3098	24	
3099	6	
3100	79	
3101	92	
3102	15	
3103	85	
3104	31	
3105	69	
3106	12	
3107	71	
3108	32	
3109	65	
3110	11	
3111	23	
3112	25	
3113	92	
3114	92	
3115	68	
3116	55	
3117	7	
3118	80	
3119	7	
3120	63	
3121	71	
3122	89	
3123	16	
3124	97	
3125	52	
3126	8	
3127	53	
3128	24	
3129	28	
3130	99	
3131	20	
3132	18	
3133	47	
3134	58	
3135	11	
3136	90	
3137	9	
3138	23	
3139	84	
3140	61	
3141	69	
3142	52	
3143	28	
3144	36	
3145	90	
3146	1	
3147	58	
3148	70	
3149	19	
3150	12	
3151	42	
3152	8	
3153	81	
3154	47	
3155	60	
3156	30	
3157	29	
3158	50	
3159	84	
3160	60	
3161	33	
3162	71	
3163	13	
3164	12	
3165	34	
3166	99	
3167	44	
3168	32	
3169	6	
3170	24	
3171	59	
3172	39	
3173	10	
3174	66	
3175	37	
3176	46	
3177	94	
3178	16	
3179	93	
3180	60	
3181	59	
3182	98	
3183	52	
3184	8	
3185	81	
3186	2	
3187	78	
3188	3	
3189	46	
3190	57	
3191	34	
3192	33	
3193	74	
3194	5	
3195	72	
3196	94	
3197	95	
3198	50	
3199	95	
3200	95	
3201	92	
3202	26	
3203	1	
3204	12	
3205	60	
3206	91	
3207	24	
3208	80	
3209	94	
3210	81	
3211	88	
3212	42	
3213	99	
3214	74	
3215	89	
3216	72	
3217	53	
3218	43	
3219	91	
3220	60	
3221	72	
3222	50	
3223	26	
3224	97	
3225	64	
3226	20	
3227	30	
3228	36	
3229	92	
3230	54	
3231	97	
3232	100	
3233	39	
3234	30	
3235	81	
3236	88	
3237	50	
3238	76	
3239	25	
3240	82	
3241	46	
3242	27	
3243	29	
3244	11	
3245	33	
3246	59	
3247	8	
3248	96	
3249	13	
3250	54	
3251	23	
3252	56	
3253	98	
3254	97	
3255	69	
3256	60	
3257	87	
3258	17	
3259	26	
3260	37	
3261	2	
3262	64	
3263	54	
3264	70	
3265	38	
3266	55	
3267	69	
3268	64	
3269	93	
3270	24	
3271	81	
3272	63	
3273	31	
3274	11	
3275	97	
3276	24	
3277	39	
3278	18	
3279	90	
3280	31	
3281	27	
3282	74	
3283	6	
3284	72	
3285	85	
3286	25	
3287	82	
3288	75	
3289	3	
3290	40	
3291	5	
3292	14	
3293	48	
3294	64	
3295	1	
3296	7	
3297	37	
3298	78	
3299	90	
3300	60	
3301	64	
3302	29	
3303	80	
3304	68	
3305	29	
3306	72	
3307	23	
3308	57	
3309	53	
3310	2	
3311	86	
3312	18	
3313	61	
3314	64	
3315	91	
3316	80	
3317	45	
3318	11	
3319	66	
3320	94	
3321	39	
3322	64	
3323	63	
3324	70	
3325	15	
3326	9	
3327	71	
3328	23	
3329	37	
3330	79	
3331	39	
3332	63	
3333	92	
3334	36	
3335	21	
3336	69	
3337	19	
3338	51	
3339	84	
3340	17	
3341	8	
3342	92	
3343	21	
3344	80	
3345	27	
3346	39	
3347	74	
3348	15	
3349	98	
3350	54	
3351	1	
3352	24	
3353	79	
3354	46	
3355	63	
3356	42	
3357	58	
3358	48	
3359	27	
3360	12	
3361	10	
3362	61	
3363	18	
3364	50	
3365	29	
3366	68	
3367	46	
3368	93	
3369	22	
3370	60	
3371	36	
3372	65	
3373	80	
3374	72	
3375	55	
3376	42	
3377	78	
3378	21	
3379	72	
3380	78	
3381	71	
3382	96	
3383	51	
3384	6	
3385	45	
3386	81	
3387	6	
3388	66	
3389	38	
3390	17	
3391	70	
3392	44	
3393	72	
3394	17	
3395	11	
3396	93	
3397	58	
3398	6	
3399	60	
3400	41	
3401	78	
3402	82	
3403	74	
3404	9	
3405	1	
3406	33	
3407	60	
3408	44	
3409	2	
3410	79	
3411	33	
3412	84	
3413	4	
3414	66	
3415	86	
3416	4	
3417	35	
3418	27	
3419	80	
3420	37	
3421	11	
3422	39	
3423	36	
3424	11	
3425	18	
3426	31	
3427	15	
3428	15	
3429	84	
3430	33	
3431	49	
3432	96	
3433	10	
3434	18	
3435	11	
3436	4	
3437	26	
3438	40	
3439	14	
3440	29	
3441	3	
3442	16	
3443	33	
3444	78	
3445	2	
3446	75	
3447	9	
3448	97	
3449	89	
3450	85	
3451	48	
3452	96	
3453	37	
3454	6	
3455	68	
3456	54	
3457	29	
3458	14	
3459	22	
3460	69	
3461	75	
3462	42	
3463	81	
3464	67	
3465	35	
3466	60	
3467	98	
3468	19	
3469	32	
3470	93	
3471	4	
3472	34	
3473	28	
3474	34	
3475	59	
3476	20	
3477	77	
3478	97	
3479	46	
3480	50	
3481	64	
3482	54	
3483	23	
3484	31	
3485	39	
3486	44	
3487	11	
3488	81	
3489	76	
3490	79	
3491	84	
3492	66	
3493	26	
3494	61	
3495	84	
3496	70	
3497	45	
3498	15	
3499	73	
3500	57	
3501	50	
3502	75	
3503	36	
3504	11	
3505	5	
3506	45	
3507	92	
3508	73	
3509	73	
3510	20	
3511	10	
3512	35	
3513	64	
3514	36	
3515	88	
3516	25	
3517	41	
3518	67	
3519	92	
3520	8	
3521	56	
3522	57	
3523	72	
3524	36	
3525	74	
3526	86	
3527	29	
3528	36	
3529	39	
3530	100	
3531	73	
3532	47	
3533	97	
3534	47	
3535	71	
3536	35	
3537	16	
3538	19	
3539	3	
3540	6	
3541	25	
3542	69	
3543	9	
3544	15	
3545	37	
3546	12	
3547	84	
3548	79	
3549	61	
3550	71	
3551	96	
3552	70	
3553	17	
3554	97	
3555	6	
3556	68	
3557	30	
3558	72	
3559	41	
3560	42	
3561	94	
3562	87	
3563	97	
3564	49	
3565	28	
3566	60	
3567	100	
3568	47	
3569	47	
3570	98	
3571	13	
3572	15	
3573	78	
3574	24	
3575	90	
3576	3	
3577	90	
3578	69	
3579	67	
3580	96	
3581	8	
3582	70	
3583	71	
3584	75	
3585	70	
3586	3	
3587	8	
3588	13	
3589	35	
3590	95	
3591	43	
3592	76	
3593	13	
3594	35	
3595	91	
3596	14	
3597	41	
3598	27	
3599	17	
3600	51	
3601	82	
3602	94	
3603	22	
3604	55	
3605	47	
3606	61	
3607	69	
3608	14	
3609	51	
3610	8	
3611	60	
3612	33	
3613	61	
3614	50	
3615	25	
3616	97	
3617	96	
3618	6	
3619	36	
3620	81	
3621	5	
3622	77	
3623	96	
3624	37	
3625	65	
3626	100	
3627	95	
3628	7	
3629	6	
3630	16	
3631	67	
3632	66	
3633	38	
3634	64	
3635	33	
3636	19	
3637	81	
3638	63	
3639	96	
3640	49	
3641	18	
3642	100	
3643	44	
3644	46	
3645	34	
3646	39	
3647	13	
3648	98	
3649	66	
3650	39	
3651	66	
3652	84	
3653	7	
3654	60	
3655	28	
3656	46	
3657	66	
3658	96	
3659	98	
3660	7	
3661	47	
3662	38	
3663	81	
3664	4	
3665	35	
3666	36	
3667	15	
3668	62	
3669	92	
3670	75	
3671	13	
3672	28	
3673	41	
3674	55	
3675	83	
3676	15	
3677	84	
3678	42	
3679	51	
3680	98	
3681	45	
3682	70	
3683	67	
3684	56	
3685	42	
3686	8	
3687	38	
3688	6	
3689	95	
3690	29	
3691	56	
3692	48	
3693	1	
3694	18	
3695	16	
3696	55	
3697	48	
3698	9	
3699	96	
3700	1	
3701	31	
3702	80	
3703	100	
3704	34	
3705	92	
3706	10	
3707	36	
3708	78	
3709	50	
3710	75	
3711	88	
3712	78	
3713	73	
3714	58	
3715	43	
3716	54	
3717	46	
3718	18	
3719	51	
3720	42	
3721	97	
3722	27	
3723	81	
3724	83	
3725	12	
3726	72	
3727	7	
3728	29	
3729	55	
3730	56	
3731	3	
3732	52	
3733	63	
3734	3	
3735	3	
3736	36	
3737	33	
3738	80	
3739	60	
3740	82	
3741	41	
3742	77	
3743	36	
3744	18	
3745	41	
3746	68	
3747	82	
3748	29	
3749	86	
3750	34	
3751	51	
3752	34	
3753	71	
3754	68	
3755	72	
3756	71	
3757	75	
3758	75	
3759	80	
3760	18	
3761	13	
3762	97	
3763	84	
3764	22	
3765	55	
3766	43	
3767	99	
3768	9	
3769	49	
3770	59	
3771	94	
3772	77	
3773	93	
3774	21	
3775	71	
3776	29	
3777	10	
3778	35	
3779	31	
3780	83	
3781	91	
3782	83	
3783	13	
3784	85	
3785	54	
3786	9	
3787	90	
3788	54	
3789	95	
3790	36	
3791	84	
3792	68	
3793	32	
3794	23	
3795	65	
3796	64	
3797	80	
3798	58	
3799	63	
3800	22	
3801	3	
3802	3	
3803	47	
3804	48	
3805	77	
3806	7	
3807	84	
3808	60	
3809	52	
3810	65	
3811	23	
3812	21	
3813	28	
3814	26	
3815	2	
3816	28	
3817	34	
3818	9	
3819	66	
3820	12	
3821	72	
3822	86	
3823	27	
3824	60	
3825	36	
3826	3	
3827	4	
3828	94	
3829	30	
3830	22	
3831	93	
3832	35	
3833	85	
3834	6	
3835	43	
3836	91	
3837	50	
3838	38	
3839	60	
3840	15	
3841	98	
3842	31	
3843	9	
3844	38	
3845	58	
3846	11	
3847	89	
3848	15	
3849	47	
3850	74	
3851	37	
3852	35	
3853	25	
3854	22	
3855	28	
3856	13	
3857	93	
3858	29	
3859	66	
3860	11	
3861	41	
3862	83	
3863	58	
3864	64	
3865	40	
3866	54	
3867	41	
3868	61	
3869	72	
3870	91	
3871	62	
3872	77	
3873	53	
3874	36	
3875	78	
3876	83	
3877	81	
3878	41	
3879	23	
3880	61	
3881	32	
3882	57	
3883	39	
3884	33	
3885	47	
3886	24	
3887	87	
3888	37	
3889	62	
3890	44	
3891	14	
3892	8	
3893	32	
3894	54	
3895	5	
3896	60	
3897	7	
3898	27	
3899	6	
3900	30	
3901	82	
3902	70	
3903	19	
3904	3	
3905	16	
3906	34	
3907	13	
3908	84	
3909	12	
3910	69	
3911	12	
3912	95	
3913	93	
3914	81	
3915	15	
3916	42	
3917	13	
3918	72	
3919	62	
3920	9	
3921	44	
3922	65	
3923	45	
3924	60	
3925	15	
3926	83	
3927	27	
3928	83	
3929	51	
3930	38	
3931	5	
3932	8	
3933	97	
3934	2	
3935	47	
3936	69	
3937	29	
3938	25	
3939	72	
3940	84	
3941	20	
3942	31	
3943	35	
3944	28	
3945	36	
3946	7	
3947	38	
3948	15	
3949	8	
3950	44	
3951	99	
3952	100	
3953	62	
3954	39	
3955	62	
3956	48	
3957	47	
3958	25	
3959	88	
3960	18	
3961	43	
3962	95	
3963	48	
3964	69	
3965	64	
3966	68	
3967	9	
3968	98	
3969	61	
3970	58	
3971	29	
3972	84	
3973	13	
3974	62	
3975	45	
3976	93	
3977	42	
3978	87	
3979	87	
3980	40	
3981	8	
3982	51	
3983	98	
3984	87	
3985	33	
3986	87	
3987	42	
3988	40	
3989	68	
3990	33	
3991	71	
3992	81	
3993	65	
3994	70	
3995	8	
3996	53	
3997	80	
3998	11	
3999	54	
4000	79	
4001	35	
4002	33	
4003	32	
4004	63	
4005	54	
4006	63	
4007	94	
4008	30	
4009	42	
4010	52	
4011	47	
4012	12	
4013	80	
4014	15	
4015	24	
4016	94	
4017	65	
4018	37	
4019	69	
4020	75	
4021	82	
4022	71	
4023	33	
4024	88	
4025	2	
4026	90	
4027	48	
4028	77	
4029	13	
4030	8	
4031	13	
4032	3	
4033	97	
4034	34	
4035	70	
4036	42	
4037	28	
4038	41	
4039	25	
4040	42	
4041	66	
4042	7	
4043	18	
4044	28	
4045	49	
4046	21	
4047	29	
4048	24	
4049	13	
4050	40	
4051	39	
4052	30	
4053	60	
4054	10	
4055	25	
4056	98	
4057	45	
4058	75	
4059	2	
4060	45	
4061	6	
4062	95	
4063	64	
4064	31	
4065	55	
4066	68	
4067	91	
4068	73	
4069	74	
4070	45	
4071	14	
4072	70	
4073	83	
4074	19	
4075	23	
4076	84	
4077	15	
4078	32	
4079	97	
4080	42	
4081	98	
4082	33	
4083	59	
4084	24	
4085	11	
4086	67	
4087	20	
4088	16	
4089	32	
4090	19	
4091	87	
4092	85	
4093	24	
4094	15	
4095	84	
4096	99	
4097	26	
4098	63	
4099	62	
4100	44	
4101	37	
4102	87	
4103	43	
4104	22	
4105	32	
4106	1	
4107	7	
4108	43	
4109	89	
4110	6	
4111	47	
4112	23	
4113	40	
4114	23	
4115	33	
4116	7	
4117	2	
4118	49	
4119	6	
4120	97	
4121	92	
4122	80	
4123	54	
4124	48	
4125	26	
4126	65	
4127	60	
4128	42	
4129	58	
4130	85	
4131	4	
4132	78	
4133	17	
4134	98	
4135	58	
4136	61	
4137	82	
4138	77	
4139	18	
4140	58	
4141	44	
4142	40	
4143	47	
4144	8	
4145	2	
4146	88	
4147	39	
4148	48	
4149	50	
4150	89	
4151	42	
4152	30	
4153	16	
4154	98	
4155	80	
4156	59	
4157	46	
4158	76	
4159	14	
4160	49	
4161	39	
4162	100	
4163	25	
4164	63	
4165	45	
4166	75	
4167	72	
4168	16	
4169	49	
4170	83	
4171	71	
4172	57	
4173	79	
4174	13	
4175	91	
4176	25	
4177	41	
4178	69	
4179	26	
4180	90	
4181	71	
4182	79	
4183	29	
4184	67	
4185	61	
4186	14	
4187	88	
4188	93	
4189	73	
4190	33	
4191	18	
4192	100	
4193	4	
4194	36	
4195	88	
4196	40	
4197	18	
4198	66	
4199	8	
4200	2	
4201	16	
4202	62	
4203	19	
4204	55	
4205	40	
4206	2	
4207	37	
4208	77	
4209	36	
4210	57	
4211	85	
4212	19	
4213	100	
4214	82	
4215	39	
4216	75	
4217	51	
4218	60	
4219	12	
4220	55	
4221	26	
4222	72	
4223	70	
4224	94	
4225	70	
4226	62	
4227	6	
4228	45	
4229	40	
4230	90	
4231	59	
4232	49	
4233	32	
4234	90	
4235	30	
4236	61	
4237	100	
4238	6	
4239	65	
4240	37	
4241	64	
4242	6	
4243	58	
4244	40	
4245	62	
4246	35	
4247	55	
4248	7	
4249	57	
4250	96	
4251	53	
4252	76	
4253	7	
4254	32	
4255	23	
4256	68	
4257	56	
4258	62	
4259	2	
4260	78	
4261	78	
4262	48	
4263	12	
4264	42	
4265	65	
4266	96	
4267	83	
4268	2	
4269	70	
4270	75	
4271	40	
4272	57	
4273	93	
4274	44	
4275	30	
4276	20	
4277	64	
4278	38	
4279	82	
4280	62	
4281	84	
4282	81	
4283	14	
4284	22	
4285	81	
4286	82	
4287	84	
4288	93	
4289	59	
4290	60	
4291	13	
4292	62	
4293	41	
4294	59	
4295	96	
4296	84	
4297	10	
4298	60	
4299	31	
4300	71	
4301	52	
4302	70	
4303	86	
4304	40	
4305	42	
4306	25	
4307	32	
4308	96	
4309	47	
4310	78	
4311	64	
4312	86	
4313	55	
4314	39	
4315	73	
4316	55	
4317	79	
4318	42	
4319	19	
4320	74	
4321	87	
4322	99	
4323	35	
4324	98	
4325	56	
4326	60	
4327	11	
4328	8	
4329	79	
4330	10	
4331	13	
4332	68	
4333	14	
4334	70	
4335	31	
4336	23	
4337	96	
4338	90	
4339	89	
4340	87	
4341	99	
4342	4	
4343	8	
4344	12	
4345	87	
4346	52	
4347	3	
4348	31	
4349	42	
4350	75	
4351	77	
4352	71	
4353	11	
4354	56	
4355	99	
4356	49	
4357	20	
4358	7	
4359	13	
4360	69	
4361	30	
4362	97	
4363	42	
4364	72	
4365	25	
4366	93	
4367	54	
4368	30	
4369	43	
4370	62	
4371	57	
4372	79	
4373	36	
4374	16	
4375	38	
4376	79	
4377	100	
4378	38	
4379	15	
4380	83	
4381	93	
4382	50	
4383	25	
4384	19	
4385	32	
4386	94	
4387	34	
4388	4	
4389	45	
4390	7	
4391	21	
4392	69	
4393	29	
4394	14	
4395	45	
4396	12	
4397	57	
4398	32	
4399	59	
4400	16	
4401	62	
4402	79	
4403	95	
4404	61	
4405	81	
4406	17	
4407	96	
4408	53	
4409	5	
4410	89	
4411	58	
4412	83	
4413	17	
4414	55	
4415	96	
4416	19	
4417	49	
4418	98	
4419	36	
4420	55	
4421	98	
4422	41	
4423	7	
4424	33	
4425	65	
4426	44	
4427	76	
4428	60	
4429	46	
4430	18	
4431	92	
4432	9	
4433	86	
4434	62	
4435	24	
4436	84	
4437	78	
4438	27	
4439	4	
4440	14	
4441	11	
4442	22	
4443	31	
4444	14	
4445	58	
4446	29	
4447	38	
4448	3	
4449	55	
4450	95	
4451	40	
4452	29	
4453	64	
4454	60	
4455	9	
4456	13	
4457	21	
4458	12	
4459	81	
4460	27	
4461	11	
4462	8	
4463	91	
4464	31	
4465	62	
4466	70	
4467	80	
4468	26	
4469	100	
4470	64	
4471	54	
4472	64	
4473	18	
4474	73	
4475	8	
4476	1	
4477	8	
4478	53	
4479	98	
4480	30	
4481	78	
4482	79	
4483	63	
4484	39	
4485	59	
4486	6	
4487	25	
4488	28	
4489	26	
4490	50	
4491	32	
4492	33	
4493	97	
4494	33	
4495	28	
4496	44	
4497	43	
4498	96	
4499	90	
4500	24	
4501	27	
4502	78	
4503	52	
4504	20	
4505	53	
4506	89	
4507	86	
4508	52	
4509	46	
4510	6	
4511	45	
4512	85	
4513	1	
4514	3	
4515	64	
4516	40	
4517	26	
4518	16	
4519	95	
4520	54	
4521	99	
4522	77	
4523	70	
4524	84	
4525	67	
4526	15	
4527	84	
4528	68	
4529	25	
4530	4	
4531	59	
4532	61	
4533	35	
4534	57	
4535	59	
4536	17	
4537	45	
4538	96	
4539	16	
4540	22	
4541	100	
4542	85	
4543	26	
4544	99	
4545	33	
4546	66	
4547	4	
4548	61	
4549	10	
4550	21	
4551	92	
4552	29	
4553	17	
4554	42	
4555	19	
4556	2	
4557	14	
4558	27	
4559	23	
4560	45	
4561	3	
4562	37	
4563	14	
4564	26	
4565	47	
4566	43	
4567	78	
4568	17	
4569	29	
4570	15	
4571	92	
4572	80	
4573	52	
4574	82	
4575	19	
4576	73	
4577	2	
4578	98	
4579	79	
4580	82	
4581	90	
4582	27	
4583	64	
4584	23	
4585	52	
4586	24	
4587	94	
4588	84	
4589	45	
4590	56	
4591	29	
4592	24	
4593	46	
4594	88	
4595	16	
4596	30	
4597	96	
4598	1	
4599	23	
4600	29	
4601	6	
4602	100	
4603	54	
4604	45	
4605	35	
4606	28	
4607	53	
4608	75	
4609	99	
4610	12	
4611	12	
4612	35	
4613	79	
4614	86	
4615	54	
4616	72	
4617	95	
4618	48	
4619	44	
4620	65	
4621	54	
4622	20	
4623	13	
4624	16	
4625	22	
4626	77	
4627	85	
4628	83	
4629	61	
4630	74	
4631	67	
4632	64	
4633	4	
4634	35	
4635	44	
4636	74	
4637	4	
4638	100	
4639	99	
4640	24	
4641	45	
4642	63	
4643	100	
4644	15	
4645	25	
4646	12	
4647	64	
4648	65	
4649	27	
4650	22	
4651	93	
4652	46	
4653	70	
4654	4	
4655	71	
4656	43	
4657	94	
4658	55	
4659	32	
4660	82	
4661	43	
4662	16	
4663	93	
4664	7	
4665	26	
4666	44	
4667	44	
4668	27	
4669	13	
4670	85	
4671	7	
4672	89	
4673	12	
4674	80	
4675	43	
4676	58	
4677	83	
4678	63	
4679	51	
4680	58	
4681	72	
4682	65	
4683	96	
4684	74	
4685	88	
4686	71	
4687	29	
4688	14	
4689	35	
4690	51	
4691	10	
4692	34	
4693	78	
4694	24	
4695	18	
4696	10	
4697	93	
4698	58	
4699	98	
4700	35	
4701	15	
4702	16	
4703	21	
4704	29	
4705	15	
4706	99	
4707	12	
4708	21	
4709	58	
4710	87	
4711	77	
4712	35	
4713	81	
4714	74	
4715	10	
4716	6	
4717	66	
4718	10	
4719	57	
4720	56	
4721	76	
4722	92	
4723	70	
4724	45	
4725	37	
4726	53	
4727	22	
4728	84	
4729	49	
4730	62	
4731	83	
4732	79	
4733	53	
4734	61	
4735	51	
4736	18	
4737	10	
4738	67	
4739	96	
4740	80	
4741	34	
4742	85	
4743	10	
4744	95	
4745	27	
4746	29	
4747	75	
4748	62	
4749	29	
4750	64	
4751	43	
4752	70	
4753	14	
4754	47	
4755	89	
4756	76	
4757	77	
4758	16	
4759	36	
4760	26	
4761	89	
4762	31	
4763	7	
4764	91	
4765	92	
4766	27	
4767	3	
4768	17	
4769	11	
4770	1	
4771	6	
4772	43	
4773	42	
4774	25	
4775	10	
4776	38	
4777	98	
4778	77	
4779	62	
4780	62	
4781	12	
4782	75	
4783	100	
4784	80	
4785	33	
4786	56	
4787	7	
4788	66	
4789	1	
4790	73	
4791	57	
4792	76	
4793	38	
4794	98	
4795	38	
4796	6	
4797	44	
4798	31	
4799	25	
4800	21	
4801	60	
4802	16	
4803	40	
4804	25	
4805	87	
4806	86	
4807	64	
4808	86	
4809	69	
4810	31	
4811	27	
4812	1	
4813	24	
4814	68	
4815	44	
4816	5	
4817	28	
4818	42	
4819	12	
4820	100	
4821	86	
4822	11	
4823	8	
4824	17	
4825	55	
4826	23	
4827	51	
4828	89	
4829	52	
4830	29	
4831	22	
4832	52	
4833	61	
4834	69	
4835	15	
4836	31	
4837	60	
4838	37	
4839	77	
4840	33	
4841	33	
4842	55	
4843	32	
4844	15	
4845	13	
4846	27	
4847	83	
4848	58	
4849	8	
4850	90	
4851	67	
4852	13	
4853	28	
4854	11	
4855	22	
4856	17	
4857	37	
4858	73	
4859	66	
4860	11	
4861	61	
4862	8	
4863	70	
4864	34	
4865	44	
4866	96	
4867	54	
4868	52	
4869	10	
4870	66	
4871	96	
4872	39	
4873	33	
4874	48	
4875	27	
4876	86	
4877	14	
4878	7	
4879	20	
4880	18	
4881	92	
4882	11	
4883	72	
4884	35	
4885	79	
4886	84	
4887	87	
4888	50	
4889	44	
4890	33	
4891	73	
4892	46	
4893	19	
4894	45	
4895	56	
4896	69	
4897	14	
4898	88	
4899	43	
4900	33	
4901	81	
4902	84	
4903	78	
4904	17	
4905	78	
4906	62	
4907	44	
4908	23	
4909	44	
4910	32	
4911	71	
4912	62	
4913	98	
4914	54	
4915	5	
4916	19	
4917	34	
4918	91	
4919	98	
4920	14	
4921	79	
4922	99	
4923	2	
4924	79	
4925	69	
4926	20	
4927	21	
4928	71	
4929	34	
4930	14	
4931	98	
4932	94	
4933	92	
4934	16	
4935	23	
4936	99	
4937	100	
4938	3	
4939	9	
4940	45	
4941	2	
4942	88	
4943	42	
4944	74	
4945	91	
4946	51	
4947	67	
4948	52	
4949	33	
4950	88	
4951	80	
4952	18	
4953	95	
4954	18	
4955	61	
4956	81	
4957	84	
4958	96	
4959	65	
4960	76	
4961	10	
4962	98	
4963	96	
4964	6	
4965	20	
4966	50	
4967	82	
4968	37	
4969	26	
4970	73	
4971	51	
4972	38	
4973	65	
4974	77	
4975	15	
4976	33	
4977	66	
4978	42	
4979	41	
4980	24	
4981	73	
4982	14	
4983	13	
4984	85	
4985	44	
4986	7	
4987	91	
4988	34	
4989	79	
4990	70	
4991	27	
4992	57	
4993	91	
4994	39	
4995	61	
4996	54	
4997	89	
4998	33	
4999	16	
5000	50	
5001	41	
5002	44	
5003	53	
5004	19	
5005	49	
5006	59	
5007	2	
5008	12	
5009	17	
5010	50	
5011	69	
5012	51	
5013	90	
5014	26	
5015	24	
5016	16	
5017	5	
5018	9	
5019	28	
5020	78	
5021	71	
5022	65	
5023	12	
5024	50	
5025	32	
5026	6	
5027	73	
5028	37	
5029	42	
5030	10	
5031	17	
5032	10	
5033	16	
5034	86	
5035	21	
5036	7	
5037	29	
5038	23	
5039	65	
5040	83	
5041	93	
5042	39	
5043	36	
5044	75	
5045	44	
5046	56	
5047	58	
5048	58	
5049	15	
5050	57	
5051	28	
5052	74	
5053	12	
5054	14	
5055	44	
5056	43	
5057	70	
5058	74	
5059	31	
5060	52	
5061	92	
5062	92	
5063	48	
5064	7	
5065	93	
5066	56	
5067	64	
5068	19	
5069	86	
5070	45	
5071	85	
5072	85	
5073	93	
5074	59	
5075	13	
5076	10	
5077	18	
5078	23	
5079	74	
5080	48	
5081	69	
5082	35	
5083	50	
5084	70	
5085	33	
5086	25	
5087	14	
5088	79	
5089	65	
5090	60	
5091	87	
5092	63	
5093	26	
5094	60	
5095	42	
5096	51	
5097	97	
5098	53	
5099	5	
5100	15	
5101	88	
5102	93	
5103	13	
5104	75	
5105	94	
5106	15	
5107	81	
5108	16	
5109	89	
5110	8	
5111	94	
5112	14	
5113	32	
5114	74	
5115	74	
5116	30	
5117	47	
5118	33	
5119	62	
5120	26	
5121	40	
5122	72	
5123	35	
5124	69	
5125	81	
5126	18	
5127	14	
5128	18	
5129	47	
5130	35	
5131	61	
5132	14	
5133	74	
5134	54	
5135	11	
5136	1	
5137	75	
5138	58	
5139	84	
5140	26	
5141	4	
5142	46	
5143	31	
5144	27	
5145	56	
5146	91	
5147	94	
5148	85	
5149	69	
5150	3	
5151	10	
5152	6	
5153	56	
5154	25	
5155	61	
5156	47	
5157	69	
5158	73	
5159	85	
5160	37	
5161	89	
5162	99	
5163	40	
5164	25	
5165	1	
5166	76	
5167	28	
5168	34	
5169	17	
5170	74	
5171	33	
5172	88	
5173	64	
5174	82	
5175	12	
5176	36	
5177	64	
5178	54	
5179	8	
5180	91	
5181	41	
5182	94	
5183	96	
5184	25	
5185	28	
5186	12	
5187	17	
5188	41	
5189	33	
5190	6	
5191	75	
5192	48	
5193	23	
5194	64	
5195	1	
5196	80	
5197	60	
5198	57	
5199	67	
5200	74	
5201	60	
5202	36	
5203	89	
5204	70	
5205	33	
5206	76	
5207	79	
5208	1	
5209	5	
5210	54	
5211	100	
5212	46	
5213	28	
5214	51	
5215	100	
5216	83	
5217	21	
5218	97	
5219	49	
5220	86	
5221	94	
5222	81	
5223	35	
5224	23	
5225	83	
5226	35	
5227	17	
5228	86	
5229	93	
5230	63	
5231	81	
5232	39	
5233	12	
5234	35	
5235	36	
5236	23	
5237	90	
5238	40	
5239	32	
5240	49	
5241	51	
5242	40	
5243	47	
5244	20	
5245	77	
5246	82	
5247	4	
5248	93	
5249	39	
5250	63	
5251	78	
5252	59	
5253	84	
5254	89	
5255	82	
5256	37	
5257	67	
5258	68	
5259	15	
5260	92	
5261	33	
5262	2	
5263	81	
5264	67	
5265	92	
5266	52	
5267	97	
5268	71	
5269	76	
5270	20	
5271	16	
5272	73	
5273	85	
5274	63	
5275	73	
5276	9	
5277	70	
5278	74	
5279	82	
5280	3	
5281	49	
5282	75	
5283	71	
5284	48	
5285	10	
5286	35	
5287	4	
5288	27	
5289	55	
5290	42	
5291	68	
5292	65	
5293	55	
5294	7	
5295	37	
5296	62	
5297	72	
5298	55	
5299	69	
5300	88	
5301	10	
5302	7	
5303	27	
5304	21	
5305	20	
5306	44	
5307	86	
5308	87	
5309	71	
5310	60	
5311	86	
5312	40	
5313	100	
5314	56	
5315	98	
5316	60	
5317	77	
5318	10	
5319	64	
5320	84	
5321	12	
5322	54	
5323	48	
5324	26	
5325	85	
5326	38	
5327	18	
5328	86	
5329	78	
5330	55	
5331	71	
5332	20	
5333	61	
5334	43	
5335	37	
5336	24	
5337	55	
5338	35	
5339	5	
5340	71	
5341	14	
5342	92	
5343	21	
5344	9	
5345	64	
5346	79	
5347	8	
5348	72	
5349	16	
5350	39	
5351	30	
5352	81	
5353	74	
5354	75	
5355	3	
5356	3	
5357	19	
5358	95	
5359	79	
5360	20	
5361	60	
5362	85	
5363	60	
5364	31	
5365	1	
5366	53	
5367	61	
5368	3	
5369	88	
5370	63	
5371	70	
5372	16	
5373	45	
5374	93	
5375	55	
5376	62	
5377	32	
5378	12	
5379	80	
5380	19	
5381	80	
5382	94	
5383	8	
5384	49	
5385	84	
5386	14	
5387	32	
5388	95	
5389	18	
5390	37	
5391	6	
5392	31	
5393	78	
5394	65	
5395	100	
5396	58	
5397	30	
5398	33	
5399	16	
5400	73	
5401	76	
5402	77	
5403	59	
5404	100	
5405	8	
5406	60	
5407	3	
5408	78	
5409	33	
5410	30	
5411	19	
5412	62	
5413	9	
5414	6	
5415	48	
5416	74	
5417	55	
5418	47	
5419	35	
5420	51	
5421	50	
5422	20	
5423	44	
5424	17	
5425	49	
5426	10	
5427	42	
5428	77	
5429	74	
5430	50	
5431	13	
5432	27	
5433	78	
5434	5	
5435	45	
5436	36	
5437	12	
5438	25	
5439	78	
5440	46	
5441	51	
5442	98	
5443	77	
5444	5	
5445	90	
5446	12	
5447	95	
5448	97	
5449	19	
5450	10	
5451	21	
5452	2	
5453	51	
5454	54	
5455	64	
5456	35	
5457	89	
5458	28	
5459	31	
5460	80	
5461	84	
5462	16	
5463	89	
5464	17	
5465	4	
5466	74	
5467	11	
5468	39	
5469	33	
5470	43	
5471	96	
5472	26	
5473	21	
5474	4	
5475	29	
5476	83	
5477	100	
5478	39	
5479	76	
5480	45	
5481	71	
5482	94	
5483	22	
5484	22	
5485	56	
5486	1	
5487	59	
5488	88	
5489	98	
5490	1	
5491	62	
5492	22	
5493	94	
5494	1	
5495	75	
5496	54	
5497	66	
5498	1	
5499	75	
5500	66	
5501	55	
5502	35	
5503	100	
5504	5	
5505	23	
5506	11	
5507	72	
5508	65	
5509	91	
5510	65	
5511	76	
5512	44	
5513	4	
5514	27	
5515	30	
5516	32	
5517	77	
5518	61	
5519	92	
5520	61	
5521	79	
5522	51	
5523	56	
5524	19	
5525	9	
5526	35	
5527	93	
5528	75	
5529	13	
5530	89	
5531	74	
5532	1	
5533	5	
5534	36	
5535	95	
5536	92	
5537	51	
5538	68	
5539	17	
5540	6	
5541	10	
5542	43	
5543	50	
5544	83	
5545	62	
5546	90	
5547	40	
5548	87	
5549	56	
5550	3	
5551	69	
5552	98	
5553	40	
5554	99	
5555	37	
5556	29	
5557	29	
5558	6	
5559	17	
5560	63	
5561	1	
5562	35	
5563	27	
5564	71	
5565	19	
5566	71	
5567	89	
5568	34	
5569	79	
5570	38	
5571	69	
5572	79	
5573	58	
5574	84	
5575	67	
5576	49	
5577	52	
5578	63	
5579	9	
5580	1	
5581	23	
5582	63	
5583	55	
5584	50	
5585	3	
5586	12	
5587	89	
5588	6	
5589	17	
5590	20	
5591	35	
5592	87	
5593	50	
5594	51	
5595	84	
5596	13	
5597	90	
5598	80	
5599	57	
5600	44	
5601	7	
5602	39	
5603	44	
5604	4	
5605	34	
5606	50	
5607	55	
5608	67	
5609	83	
5610	78	
5611	72	
5612	10	
5613	74	
5614	57	
5615	25	
5616	34	
5617	9	
5618	27	
5619	63	
5620	22	
5621	6	
5622	82	
5623	84	
5624	3	
5625	99	
5626	56	
5627	62	
5628	54	
5629	78	
5630	14	
5631	56	
5632	98	
5633	65	
5634	36	
5635	69	
5636	100	
5637	71	
5638	17	
5639	70	
5640	64	
5641	46	
5642	86	
5643	82	
5644	40	
5645	7	
5646	60	
5647	57	
5648	61	
5649	17	
5650	83	
5651	51	
5652	98	
5653	19	
5654	95	
5655	40	
5656	11	
5657	32	
5658	15	
5659	79	
5660	11	
5661	63	
5662	38	
5663	21	
5664	71	
5665	55	
5666	64	
5667	85	
5668	44	
5669	1	
5670	43	
5671	7	
5672	70	
5673	74	
5674	32	
5675	43	
5676	61	
5677	11	
5678	80	
5679	60	
5680	56	
5681	33	
5682	13	
5683	19	
5684	90	
5685	25	
5686	93	
5687	74	
5688	82	
5689	63	
5690	56	
5691	11	
5692	48	
5693	88	
5694	99	
5695	45	
5696	28	
5697	5	
5698	45	
5699	8	
5700	96	
5701	19	
5702	98	
5703	6	
5704	74	
5705	59	
5706	55	
5707	78	
5708	53	
5709	93	
5710	27	
5711	85	
5712	23	
5713	78	
5714	5	
5715	56	
5716	42	
5717	72	
5718	69	
5719	71	
5720	4	
5721	22	
5722	86	
5723	42	
5724	88	
5725	2	
5726	10	
5727	56	
5728	25	
5729	32	
5730	31	
5731	65	
5732	35	
5733	26	
5734	66	
5735	85	
5736	43	
5737	16	
5738	32	
5739	96	
5740	41	
5741	87	
5742	51	
5743	81	
5744	33	
5745	99	
5746	15	
5747	85	
5748	13	
5749	67	
5750	2	
5751	67	
5752	67	
5753	33	
5754	82	
5755	59	
5756	60	
5757	52	
5758	87	
5759	17	
5760	73	
5761	60	
5762	7	
5763	81	
5764	2	
5765	62	
5766	4	
5767	10	
5768	47	
5769	50	
5770	99	
5771	16	
5772	13	
5773	54	
5774	32	
5775	83	
5776	75	
5777	57	
5778	2	
5779	88	
5780	99	
5781	39	
5782	41	
5783	25	
5784	88	
5785	69	
5786	83	
5787	71	
5788	32	
5789	15	
5790	58	
5791	81	
5792	69	
5793	20	
5794	97	
5795	87	
5796	73	
5797	22	
5798	4	
5799	17	
5800	67	
5801	80	
5802	79	
5803	75	
5804	44	
5805	65	
5806	15	
5807	41	
5808	1	
5809	12	
5810	78	
5811	34	
5812	30	
5813	43	
5814	10	
5815	62	
5816	78	
5817	98	
5818	10	
5819	29	
5820	75	
5821	67	
5822	78	
5823	75	
5824	36	
5825	33	
5826	45	
5827	36	
5828	15	
5829	79	
5830	90	
5831	51	
5832	30	
5833	31	
5834	77	
5835	81	
5836	43	
5837	77	
5838	4	
5839	84	
5840	62	
5841	39	
5842	4	
5843	38	
5844	64	
5845	100	
5846	72	
5847	49	
5848	83	
5849	76	
5850	75	
5851	70	
5852	30	
5853	35	
5854	19	
5855	12	
5856	23	
5857	43	
5858	2	
5859	76	
5860	36	
5861	8	
5862	49	
5863	64	
5864	97	
5865	43	
5866	24	
5867	21	
5868	94	
5869	46	
5870	27	
5871	79	
5872	39	
5873	95	
5874	20	
5875	61	
5876	17	
5877	18	
5878	12	
5879	59	
5880	32	
5881	6	
5882	21	
5883	14	
5884	44	
5885	40	
5886	46	
5887	8	
5888	26	
5889	73	
5890	24	
5891	98	
5892	30	
5893	38	
5894	53	
5895	23	
5896	36	
5897	24	
5898	53	
5899	12	
5900	76	
5901	19	
5902	7	
5903	56	
5904	36	
5905	44	
5906	18	
5907	87	
5908	86	
5909	60	
5910	65	
5911	92	
5912	52	
5913	56	
5914	29	
5915	80	
5916	10	
5917	30	
5918	87	
5919	27	
5920	8	
5921	32	
5922	93	
5923	43	
5924	83	
5925	61	
5926	20	
5927	94	
5928	62	
5929	45	
5930	76	
5931	86	
5932	90	
5933	33	
5934	52	
5935	4	
5936	40	
5937	9	
5938	45	
5939	63	
5940	43	
5941	47	
5942	80	
5943	96	
5944	40	
5945	60	
5946	62	
5947	9	
5948	32	
5949	96	
5950	42	
5951	64	
5952	50	
5953	91	
5954	31	
5955	59	
5956	51	
5957	48	
5958	51	
5959	70	
5960	100	
5961	10	
5962	72	
5963	90	
5964	44	
5965	71	
5966	56	
5967	18	
5968	91	
5969	71	
5970	98	
5971	86	
5972	36	
5973	99	
5974	25	
5975	21	
5976	100	
5977	40	
5978	54	
5979	9	
5980	85	
5981	67	
5982	22	
5983	15	
5984	92	
5985	27	
5986	46	
5987	37	
5988	44	
5989	84	
5990	33	
5991	25	
5992	49	
5993	36	
5994	38	
5995	25	
5996	5	
5997	38	
5998	49	
5999	19	
6000	79	
6001	45	
6002	8	
6003	28	
6004	8	
6005	55	
6006	71	
6007	70	
6008	99	
6009	40	
6010	74	
6011	47	
6012	10	
6013	74	
6014	80	
6015	37	
6016	9	
6017	64	
6018	31	
6019	54	
6020	72	
6021	65	
6022	80	
6023	75	
6024	66	
6025	95	
6026	66	
6027	59	
6028	70	
6029	6	
6030	87	
6031	35	
6032	70	
6033	12	
6034	12	
6035	44	
6036	83	
6037	92	
6038	79	
6039	65	
6040	22	
6041	82	
6042	49	
6043	20	
6044	99	
6045	10	
6046	27	
6047	46	
6048	34	
6049	42	
6050	30	
6051	69	
6052	63	
6053	54	
6054	73	
6055	52	
6056	59	
6057	59	
6058	11	
6059	83	
6060	30	
6061	42	
6062	27	
6063	69	
6064	32	
6065	100	
6066	50	
6067	15	
6068	95	
6069	26	
6070	5	
6071	31	
6072	96	
6073	55	
6074	53	
6075	27	
6076	7	
6077	7	
6078	44	
6079	2	
6080	46	
6081	40	
6082	55	
6083	47	
6084	78	
6085	4	
6086	83	
6087	43	
6088	91	
6089	71	
6090	90	
6091	14	
6092	22	
6093	95	
6094	85	
6095	90	
6096	51	
6097	60	
6098	69	
6099	48	
6100	54	
6101	4	
6102	8	
6103	44	
6104	39	
6105	18	
6106	43	
6107	9	
6108	23	
6109	84	
6110	15	
6111	68	
6112	78	
6113	62	
6114	85	
6115	40	
6116	53	
6117	34	
6118	19	
6119	85	
6120	99	
6121	28	
6122	26	
6123	19	
6124	18	
6125	97	
6126	85	
6127	5	
6128	8	
6129	69	
6130	98	
6131	32	
6132	8	
6133	75	
6134	85	
6135	15	
6136	44	
6137	49	
6138	82	
6139	2	
6140	50	
6141	54	
6142	19	
6143	41	
6144	34	
6145	97	
6146	57	
6147	67	
6148	91	
6149	41	
6150	33	
6151	29	
6152	79	
6153	61	
6154	81	
6155	91	
6156	1	
6157	63	
6158	46	
6159	27	
6160	42	
6161	71	
6162	81	
6163	15	
6164	22	
6165	62	
6166	55	
6167	44	
6168	2	
6169	77	
6170	47	
6171	93	
6172	50	
6173	84	
6174	33	
6175	76	
6176	9	
6177	17	
6178	86	
6179	33	
6180	33	
6181	85	
6182	100	
6183	72	
6184	74	
6185	3	
6186	60	
6187	45	
6188	32	
6189	86	
6190	60	
6191	32	
6192	95	
6193	13	
6194	9	
6195	32	
6196	24	
6197	50	
6198	64	
6199	17	
6200	27	
6201	9	
6202	89	
6203	55	
6204	56	
6205	32	
6206	52	
6207	34	
6208	84	
6209	10	
6210	37	
6211	86	
6212	19	
6213	77	
6214	93	
6215	78	
6216	85	
6217	42	
6218	82	
6219	35	
6220	42	
6221	45	
6222	49	
6223	83	
6224	40	
6225	60	
6226	42	
6227	60	
6228	54	
6229	95	
6230	49	
6231	20	
6232	35	
6233	34	
6234	93	
6235	84	
6236	91	
6237	79	
6238	25	
6239	99	
6240	78	
6241	71	
6242	65	
6243	93	
6244	80	
6245	10	
6246	84	
6247	94	
6248	87	
6249	1	
6250	57	
6251	59	
6252	37	
6253	85	
6254	67	
6255	33	
6256	12	
6257	59	
6258	18	
6259	26	
6260	35	
6261	84	
6262	17	
6263	81	
6264	52	
6265	27	
6266	31	
6267	43	
6268	41	
6269	52	
6270	84	
6271	86	
6272	73	
6273	45	
6274	68	
6275	99	
6276	37	
6277	48	
6278	44	
6279	49	
6280	9	
6281	37	
6282	17	
6283	1	
6284	54	
6285	98	
6286	30	
6287	14	
6288	8	
6289	23	
6290	43	
6291	83	
6292	51	
6293	62	
6294	30	
6295	6	
6296	76	
6297	26	
6298	91	
6299	33	
6300	66	
6301	73	
6302	13	
6303	88	
6304	22	
6305	43	
6306	87	
6307	8	
6308	13	
6309	34	
6310	78	
6311	87	
6312	31	
6313	85	
6314	44	
6315	70	
6316	96	
6317	20	
6318	55	
6319	9	
6320	44	
6321	68	
6322	73	
6323	39	
6324	44	
6325	16	
6326	60	
6327	36	
6328	95	
6329	8	
6330	52	
6331	65	
6332	47	
6333	46	
6334	7	
6335	12	
6336	56	
6337	70	
6338	5	
6339	67	
6340	54	
6341	69	
6342	97	
6343	3	
6344	40	
6345	87	
6346	55	
6347	18	
6348	65	
6349	49	
6350	50	
6351	79	
6352	31	
6353	29	
6354	90	
6355	58	
6356	4	
6357	91	
6358	8	
6359	14	
6360	30	
6361	96	
6362	50	
6363	4	
6364	60	
6365	5	
6366	58	
6367	43	
6368	85	
6369	10	
6370	12	
6371	88	
6372	5	
6373	88	
6374	70	
6375	34	
6376	89	
6377	48	
6378	9	
6379	92	
6380	17	
6381	64	
6382	87	
6383	3	
6384	50	
6385	79	
6386	52	
6387	71	
6388	7	
6389	39	
6390	26	
6391	18	
6392	85	
6393	16	
6394	11	
6395	10	
6396	53	
6397	60	
6398	43	
6399	69	
6400	53	
6401	74	
6402	17	
6403	41	
6404	85	
6405	56	
6406	25	
6407	35	
6408	98	
6409	51	
6410	28	
6411	85	
6412	26	
6413	15	
6414	65	
6415	30	
6416	8	
6417	98	
6418	83	
6419	50	
6420	26	
6421	3	
6422	2	
6423	5	
6424	7	
6425	65	
6426	5	
6427	10	
6428	53	
6429	19	
6430	82	
6431	2	
6432	30	
6433	67	
6434	15	
6435	60	
6436	64	
6437	33	
6438	81	
6439	43	
6440	74	
6441	46	
6442	69	
6443	69	
6444	2	
6445	63	
6446	4	
6447	92	
6448	46	
6449	81	
6450	24	
6451	93	
6452	85	
6453	8	
6454	27	
6455	62	
6456	13	
6457	98	
6458	48	
6459	25	
6460	60	
6461	19	
6462	11	
6463	41	
6464	94	
6465	8	
6466	51	
6467	1	
6468	14	
6469	82	
6470	71	
6471	62	
6472	34	
6473	17	
6474	15	
6475	51	
6476	93	
6477	4	
6478	94	
6479	36	
6480	4	
6481	89	
6482	27	
6483	17	
6484	8	
6485	58	
6486	42	
6487	82	
6488	23	
6489	80	
6490	81	
6491	51	
6492	80	
6493	16	
6494	97	
6495	14	
6496	81	
6497	30	
6498	17	
6499	85	
6500	81	
6501	64	
6502	94	
6503	75	
6504	21	
6505	70	
6506	35	
6507	8	
6508	28	
6509	29	
6510	1	
6511	63	
6512	61	
6513	13	
6514	35	
6515	29	
6516	38	
6517	52	
6518	78	
6519	37	
6520	68	
6521	35	
6522	4	
6523	11	
6524	43	
6525	89	
6526	49	
6527	67	
6528	64	
6529	61	
6530	100	
6531	32	
6532	34	
6533	75	
6534	76	
6535	43	
6536	28	
6537	59	
6538	93	
6539	96	
6540	87	
6541	70	
6542	93	
6543	25	
6544	82	
6545	66	
6546	9	
6547	83	
6548	11	
6549	15	
6550	92	
6551	70	
6552	41	
6553	26	
6554	21	
6555	82	
6556	13	
6557	8	
6558	62	
6559	81	
6560	15	
6561	52	
6562	97	
6563	10	
6564	32	
6565	62	
6566	78	
6567	90	
6568	47	
6569	52	
6570	36	
6571	66	
6572	14	
6573	1	
6574	87	
6575	97	
6576	75	
6577	20	
6578	69	
6579	32	
6580	9	
6581	83	
6582	19	
6583	14	
6584	86	
6585	42	
6586	99	
6587	99	
6588	40	
6589	70	
6590	37	
6591	31	
6592	6	
6593	96	
6594	31	
6595	62	
6596	89	
6597	86	
6598	95	
6599	27	
6600	25	
6601	90	
6602	25	
6603	58	
6604	24	
6605	84	
6606	79	
6607	4	
6608	11	
6609	62	
6610	62	
6611	15	
6612	57	
6613	99	
6614	85	
6615	92	
6616	70	
6617	86	
6618	46	
6619	15	
6620	73	
6621	81	
6622	62	
6623	87	
6624	56	
6625	21	
6626	7	
6627	29	
6628	66	
6629	10	
6630	45	
6631	14	
6632	83	
6633	69	
6634	95	
6635	82	
6636	93	
6637	59	
6638	21	
6639	57	
6640	15	
6641	69	
6642	69	
6643	73	
6644	38	
6645	92	
6646	36	
6647	65	
6648	46	
6649	43	
6650	92	
6651	34	
6652	55	
6653	21	
6654	56	
6655	90	
6656	1	
6657	82	
6658	97	
6659	42	
6660	70	
6661	91	
6662	25	
6663	21	
6664	41	
6665	28	
6666	67	
6667	84	
6668	26	
6669	76	
6670	88	
6671	57	
6672	54	
6673	28	
6674	94	
6675	70	
6676	82	
6677	93	
6678	76	
6679	13	
6680	5	
6681	45	
6682	87	
6683	87	
6684	56	
6685	2	
6686	24	
6687	79	
6688	75	
6689	28	
6690	8	
6691	82	
6692	10	
6693	45	
6694	34	
6695	90	
6696	18	
6697	56	
6698	37	
6699	56	
6700	27	
6701	80	
6702	16	
6703	64	
6704	54	
6705	45	
6706	56	
6707	25	
6708	94	
6709	27	
6710	26	
6711	91	
6712	60	
6713	11	
6714	7	
6715	3	
6716	45	
6717	7	
6718	73	
6719	51	
6720	36	
6721	82	
6722	13	
6723	32	
6724	18	
6725	7	
6726	61	
6727	86	
6728	43	
6729	1	
6730	100	
6731	40	
6732	52	
6733	46	
6734	7	
6735	17	
6736	16	
6737	41	
6738	48	
6739	15	
6740	25	
6741	62	
6742	74	
6743	60	
6744	79	
6745	46	
6746	89	
6747	50	
6748	93	
6749	73	
6750	44	
6751	6	
6752	84	
6753	18	
6754	28	
6755	30	
6756	97	
6757	22	
6758	25	
6759	88	
6760	59	
6761	58	
6762	21	
6763	37	
6764	92	
6765	36	
6766	75	
6767	33	
6768	55	
6769	75	
6770	53	
6771	88	
6772	73	
6773	29	
6774	19	
6775	100	
6776	29	
6777	90	
6778	53	
6779	79	
6780	21	
6781	59	
6782	53	
6783	23	
6784	72	
6785	69	
6786	24	
6787	33	
6788	8	
6789	86	
6790	83	
6791	9	
6792	67	
6793	100	
6794	88	
6795	58	
6796	52	
6797	35	
6798	88	
6799	4	
6800	89	
6801	69	
6802	80	
6803	71	
6804	75	
6805	97	
6806	2	
6807	66	
6808	3	
6809	54	
6810	3	
6811	51	
6812	89	
6813	46	
6814	48	
6815	95	
6816	32	
6817	94	
6818	82	
6819	44	
6820	82	
6821	62	
6822	59	
6823	60	
6824	11	
6825	43	
6826	52	
6827	1	
6828	23	
6829	62	
6830	95	
6831	57	
6832	10	
6833	16	
6834	5	
6835	25	
6836	46	
6837	9	
6838	7	
6839	91	
6840	76	
6841	43	
6842	90	
6843	45	
6844	96	
6845	34	
6846	80	
6847	25	
6848	15	
6849	39	
6850	25	
6851	65	
6852	49	
6853	87	
6854	17	
6855	46	
6856	90	
6857	94	
6858	10	
6859	19	
6860	62	
6861	18	
6862	24	
6863	49	
6864	95	
6865	71	
6866	79	
6867	81	
6868	71	
6869	34	
6870	77	
6871	51	
6872	13	
6873	8	
6874	34	
6875	66	
6876	15	
6877	74	
6878	21	
6879	35	
6880	46	
6881	36	
6882	2	
6883	81	
6884	70	
6885	68	
6886	64	
6887	11	
6888	77	
6889	54	
6890	10	
6891	35	
6892	13	
6893	15	
6894	51	
6895	87	
6896	48	
6897	31	
6898	47	
6899	4	
6900	49	
6901	40	
6902	97	
6903	97	
6904	2	
6905	62	
6906	9	
6907	78	
6908	17	
6909	75	
6910	24	
6911	86	
6912	41	
6913	54	
6914	37	
6915	3	
6916	36	
6917	22	
6918	52	
6919	51	
6920	44	
6921	82	
6922	19	
6923	78	
6924	47	
6925	64	
6926	63	
6927	92	
6928	41	
6929	59	
6930	80	
6931	62	
6932	90	
6933	6	
6934	74	
6935	97	
6936	23	
6937	37	
6938	32	
6939	32	
6940	15	
6941	21	
6942	69	
6943	65	
6944	31	
6945	5	
6946	45	
6947	72	
6948	25	
6949	81	
6950	63	
6951	33	
6952	10	
6953	23	
6954	6	
6955	24	
6956	57	
6957	74	
6958	8	
6959	64	
6960	73	
6961	84	
6962	76	
6963	66	
6964	87	
6965	25	
6966	49	
6967	49	
6968	71	
6969	80	
6970	90	
6971	85	
6972	77	
6973	7	
6974	28	
6975	26	
6976	57	
6977	21	
6978	63	
6979	68	
6980	81	
6981	72	
6982	71	
6983	45	
6984	48	
6985	53	
6986	74	
6987	4	
6988	91	
6989	4	
6990	32	
6991	54	
6992	97	
6993	6	
6994	48	
6995	69	
6996	95	
6997	1	
6998	54	
6999	87	
7000	50	
7001	52	
7002	97	
7003	85	
7004	42	
7005	22	
7006	48	
7007	53	
7008	15	
7009	93	
7010	27	
7011	50	
7012	1	
7013	40	
7014	56	
7015	37	
7016	49	
7017	75	
7018	72	
7019	79	
7020	100	
7021	51	
7022	97	
7023	59	
7024	100	
7025	61	
7026	67	
7027	18	
7028	71	
7029	5	
7030	88	
7031	27	
7032	13	
7033	29	
7034	34	
7035	31	
7036	51	
7037	61	
7038	50	
7039	80	
7040	32	
7041	26	
7042	80	
7043	91	
7044	73	
7045	45	
7046	59	
7047	79	
7048	58	
7049	98	
7050	51	
7051	60	
7052	5	
7053	75	
7054	3	
7055	23	
7056	55	
7057	4	
7058	79	
7059	91	
7060	83	
7061	18	
7062	20	
7063	43	
7064	32	
7065	26	
7066	52	
7067	32	
7068	100	
7069	37	
7070	77	
7071	76	
7072	89	
7073	91	
7074	31	
7075	86	
7076	53	
7077	30	
7078	92	
7079	91	
7080	67	
7081	41	
7082	61	
7083	68	
7084	25	
7085	3	
7086	27	
7087	97	
7088	22	
7089	7	
7090	52	
7091	13	
7092	18	
7093	56	
7094	22	
7095	32	
7096	67	
7097	88	
7098	24	
7099	27	
7100	40	
7101	70	
7102	10	
7103	40	
7104	5	
7105	9	
7106	83	
7107	16	
7108	68	
7109	76	
7110	34	
7111	82	
7112	67	
7113	57	
7114	20	
7115	83	
7116	13	
7117	88	
7118	21	
7119	82	
7120	76	
7121	64	
7122	40	
7123	27	
7124	77	
7125	82	
7126	53	
7127	41	
7128	61	
7129	30	
7130	70	
7131	89	
7132	52	
7133	15	
7134	61	
7135	58	
7136	57	
7137	40	
7138	29	
7139	25	
7140	19	
7141	2	
7142	74	
7143	96	
7144	71	
7145	6	
7146	84	
7147	61	
7148	57	
7149	34	
7150	21	
7151	45	
7152	86	
7153	57	
7154	37	
7155	83	
7156	96	
7157	61	
7158	18	
7159	28	
7160	79	
7161	53	
7162	97	
7163	62	
7164	23	
7165	81	
7166	97	
7167	31	
7168	25	
7169	19	
7170	33	
7171	20	
7172	25	
7173	93	
7174	64	
7175	24	
7176	91	
7177	44	
7178	58	
7179	73	
7180	48	
7181	80	
7182	22	
7183	99	
7184	19	
7185	38	
7186	23	
7187	73	
7188	22	
7189	44	
7190	73	
7191	70	
7192	80	
7193	57	
7194	90	
7195	25	
7196	2	
7197	39	
7198	63	
7199	2	
7200	36	
7201	91	
7202	62	
7203	62	
7204	27	
7205	25	
7206	95	
7207	28	
7208	90	
7209	26	
7210	22	
7211	95	
7212	3	
7213	55	
7214	16	
7215	44	
7216	44	
7217	28	
7218	59	
7219	67	
7220	12	
7221	56	
7222	17	
7223	62	
7224	37	
7225	85	
7226	25	
7227	27	
7228	45	
7229	63	
7230	38	
7231	52	
7232	95	
7233	15	
7234	5	
7235	99	
7236	17	
7237	69	
7238	32	
7239	81	
7240	25	
7241	80	
7242	27	
7243	68	
7244	1	
7245	78	
7246	93	
7247	59	
7248	57	
7249	67	
7250	81	
7251	51	
7252	33	
7253	93	
7254	62	
7255	37	
7256	30	
7257	18	
7258	37	
7259	72	
7260	99	
7261	54	
7262	24	
7263	17	
7264	90	
7265	16	
7266	54	
7267	30	
7268	26	
7269	42	
7270	3	
7271	9	
7272	27	
7273	80	
7274	94	
7275	20	
7276	95	
7277	42	
7278	47	
7279	37	
7280	57	
7281	87	
7282	80	
7283	1	
7284	22	
7285	46	
7286	10	
7287	55	
7288	34	
7289	80	
7290	67	
7291	15	
7292	21	
7293	67	
7294	78	
7295	100	
7296	64	
7297	30	
7298	68	
7299	4	
7300	15	
7301	36	
7302	15	
7303	68	
7304	29	
7305	31	
7306	87	
7307	39	
7308	13	
7309	47	
7310	6	
7311	90	
7312	57	
7313	39	
7314	33	
7315	94	
7316	35	
7317	64	
7318	87	
7319	75	
7320	46	
7321	62	
7322	42	
7323	29	
7324	31	
7325	56	
7326	79	
7327	10	
7328	34	
7329	64	
7330	76	
7331	24	
7332	95	
7333	34	
7334	17	
7335	50	
7336	3	
7337	32	
7338	33	
7339	76	
7340	95	
7341	44	
7342	15	
7343	13	
7344	77	
7345	95	
7346	92	
7347	2	
7348	15	
7349	58	
7350	1	
7351	34	
7352	45	
7353	9	
7354	3	
7355	33	
7356	20	
7357	25	
7358	89	
7359	59	
7360	35	
7361	75	
7362	57	
7363	67	
7364	91	
7365	85	
7366	44	
7367	34	
7368	77	
7369	37	
7370	25	
7371	4	
7372	72	
7373	58	
7374	86	
7375	55	
7376	80	
7377	1	
7378	96	
7379	80	
7380	63	
7381	93	
7382	61	
7383	3	
7384	97	
7385	68	
7386	14	
7387	32	
7388	65	
7389	56	
7390	32	
7391	14	
7392	76	
7393	11	
7394	77	
7395	53	
7396	83	
7397	72	
7398	5	
7399	77	
7400	93	
7401	87	
7402	58	
7403	30	
7404	28	
7405	45	
7406	7	
7407	75	
7408	99	
7409	34	
7410	38	
7411	89	
7412	55	
7413	5	
7414	39	
7415	19	
7416	35	
7417	44	
7418	2	
7419	58	
7420	69	
7421	71	
7422	98	
7423	27	
7424	49	
7425	51	
7426	89	
7427	93	
7428	55	
7429	28	
7430	88	
7431	30	
7432	2	
7433	93	
7434	66	
7435	31	
7436	9	
7437	40	
7438	21	
7439	78	
7440	33	
7441	61	
7442	98	
7443	61	
7444	10	
7445	77	
7446	27	
7447	78	
7448	90	
7449	73	
7450	8	
7451	94	
7452	50	
7453	94	
7454	28	
7455	16	
7456	61	
7457	80	
7458	48	
7459	48	
7460	2	
7461	77	
7462	96	
7463	66	
7464	90	
7465	48	
7466	34	
7467	3	
7468	40	
7469	56	
7470	8	
7471	88	
7472	60	
7473	100	
7474	87	
7475	31	
7476	41	
7477	82	
7478	24	
7479	95	
7480	48	
7481	54	
7482	40	
7483	45	
7484	49	
7485	86	
7486	53	
7487	7	
7488	29	
7489	6	
7490	36	
7491	34	
7492	56	
7493	62	
7494	10	
7495	57	
7496	46	
7497	40	
7498	49	
7499	61	
7500	88	
7501	41	
7502	94	
7503	76	
7504	1	
7505	4	
7506	2	
7507	48	
7508	59	
7509	32	
7510	15	
7511	67	
7512	5	
7513	8	
7514	49	
7515	82	
7516	57	
7517	87	
7518	63	
7519	48	
7520	73	
7521	44	
7522	45	
7523	14	
7524	74	
7525	28	
7526	58	
7527	82	
7528	78	
7529	76	
7530	53	
7531	10	
7532	83	
7533	98	
7534	41	
7535	99	
7536	71	
7537	64	
7538	50	
7539	68	
7540	89	
7541	38	
7542	35	
7543	6	
7544	3	
7545	19	
7546	68	
7547	83	
7548	36	
7549	68	
7550	51	
7551	81	
7552	36	
7553	82	
7554	92	
7555	29	
7556	28	
7557	15	
7558	99	
7559	34	
7560	45	
7561	81	
7562	98	
7563	85	
7564	10	
7565	79	
7566	97	
7567	1	
7568	56	
7569	45	
7570	24	
7571	94	
7572	47	
7573	97	
7574	21	
7575	31	
7576	51	
7577	74	
7578	100	
7579	5	
7580	74	
7581	46	
7582	68	
7583	20	
7584	67	
7585	30	
7586	61	
7587	6	
7588	78	
7589	18	
7590	14	
7591	49	
7592	47	
7593	43	
7594	98	
7595	35	
7596	64	
7597	34	
7598	63	
7599	29	
7600	32	
7601	31	
7602	56	
7603	51	
7604	84	
7605	21	
7606	5	
7607	27	
7608	44	
7609	82	
7610	38	
7611	59	
7612	40	
7613	25	
7614	95	
7615	1	
7616	5	
7617	98	
7618	48	
7619	79	
7620	83	
7621	10	
7622	78	
7623	38	
7624	34	
7625	89	
7626	90	
7627	88	
7628	54	
7629	13	
7630	7	
7631	12	
7632	88	
7633	33	
7634	9	
7635	82	
7636	41	
7637	49	
7638	78	
7639	9	
7640	4	
7641	86	
7642	30	
7643	95	
7644	6	
7645	76	
7646	20	
7647	93	
7648	83	
7649	82	
7650	36	
7651	61	
7652	96	
7653	66	
7654	12	
7655	94	
7656	76	
7657	99	
7658	17	
7659	19	
7660	92	
7661	96	
7662	57	
7663	49	
7664	60	
7665	52	
7666	64	
7667	16	
7668	70	
7669	98	
7670	29	
7671	59	
7672	28	
7673	64	
7674	19	
7675	54	
7676	72	
7677	100	
7678	78	
7679	64	
7680	45	
7681	76	
7682	57	
7683	39	
7684	56	
7685	23	
7686	88	
7687	40	
7688	89	
7689	11	
7690	73	
7691	29	
7692	17	
7693	84	
7694	96	
7695	13	
7696	20	
7697	16	
7698	40	
7699	93	
7700	54	
7701	3	
7702	69	
7703	6	
7704	3	
7705	45	
7706	38	
7707	35	
7708	17	
7709	89	
7710	14	
7711	21	
7712	74	
7713	65	
7714	45	
7715	79	
7716	52	
7717	21	
7718	49	
7719	73	
7720	82	
7721	19	
7722	43	
7723	94	
7724	70	
7725	85	
7726	84	
7727	68	
7728	43	
7729	24	
7730	43	
7731	32	
7732	6	
7733	49	
7734	95	
7735	1	
7736	26	
7737	64	
7738	71	
7739	67	
7740	9	
7741	14	
7742	43	
7743	1	
7744	31	
7745	24	
7746	62	
7747	41	
7748	48	
7749	39	
7750	100	
7751	33	
7752	19	
7753	31	
7754	90	
7755	69	
7756	23	
7757	39	
7758	15	
7759	89	
7760	78	
7761	97	
7762	70	
7763	54	
7764	69	
7765	28	
7766	99	
7767	66	
7768	49	
7769	83	
7770	73	
7771	49	
7772	22	
7773	60	
7774	87	
7775	32	
7776	59	
7777	79	
7778	48	
7779	10	
7780	15	
7781	18	
7782	40	
7783	11	
7784	72	
7785	17	
7786	11	
7787	59	
7788	43	
7789	29	
7790	19	
7791	13	
7792	80	
7793	2	
7794	84	
7795	18	
7796	44	
7797	91	
7798	48	
7799	89	
7800	19	
7801	22	
7802	61	
7803	55	
7804	18	
7805	82	
7806	11	
7807	5	
7808	52	
7809	83	
7810	56	
7811	86	
7812	30	
7813	14	
7814	35	
7815	64	
7816	16	
7817	75	
7818	50	
7819	56	
7820	99	
7821	76	
7822	100	
7823	32	
7824	10	
7825	36	
7826	87	
7827	66	
7828	3	
7829	95	
7830	23	
7831	59	
7832	97	
7833	22	
7834	2	
7835	86	
7836	93	
7837	29	
7838	34	
7839	9	
7840	71	
7841	7	
7842	78	
7843	89	
7844	88	
7845	46	
7846	30	
7847	28	
7848	19	
7849	53	
7850	30	
7851	71	
7852	42	
7853	87	
7854	11	
7855	61	
7856	36	
7857	11	
7858	75	
7859	35	
7860	93	
7861	71	
7862	20	
7863	28	
7864	83	
7865	31	
7866	37	
7867	61	
7868	33	
7869	69	
7870	94	
7871	20	
7872	55	
7873	84	
7874	62	
7875	74	
7876	26	
7877	27	
7878	40	
7879	70	
7880	47	
7881	60	
7882	44	
7883	8	
7884	89	
7885	59	
7886	56	
7887	73	
7888	17	
7889	66	
7890	86	
7891	80	
7892	87	
7893	44	
7894	10	
7895	72	
7896	52	
7897	97	
7898	34	
7899	42	
7900	39	
7901	25	
7902	31	
7903	21	
7904	50	
7905	30	
7906	3	
7907	61	
7908	60	
7909	40	
7910	31	
7911	22	
7912	34	
7913	92	
7914	55	
7915	21	
7916	80	
7917	16	
7918	55	
7919	27	
7920	26	
7921	90	
7922	22	
7923	67	
7924	1	
7925	34	
7926	82	
7927	74	
7928	100	
7929	31	
7930	44	
7931	46	
7932	58	
7933	46	
7934	23	
7935	17	
7936	40	
7937	60	
7938	98	
7939	80	
7940	25	
7941	90	
7942	99	
7943	10	
7944	56	
7945	24	
7946	68	
7947	100	
7948	90	
7949	77	
7950	67	
7951	28	
7952	2	
7953	47	
7954	83	
7955	96	
7956	22	
7957	88	
7958	11	
7959	23	
7960	65	
7961	37	
7962	36	
7963	52	
7964	20	
7965	8	
7966	51	
7967	15	
7968	79	
7969	87	
7970	46	
7971	69	
7972	94	
7973	53	
7974	78	
7975	8	
7976	86	
7977	61	
7978	7	
7979	21	
7980	100	
7981	71	
7982	68	
7983	40	
7984	14	
7985	20	
7986	62	
7987	49	
7988	7	
7989	71	
7990	82	
7991	62	
7992	93	
7993	33	
7994	54	
7995	77	
7996	58	
7997	2	
7998	62	
7999	80	
8000	61	
8001	54	
8002	44	
8003	44	
8004	55	
8005	8	
8006	18	
8007	97	
8008	96	
8009	59	
8010	99	
8011	94	
8012	45	
8013	41	
8014	68	
8015	14	
8016	70	
8017	22	
8018	47	
8019	24	
8020	23	
8021	67	
8022	87	
8023	12	
8024	28	
8025	53	
8026	53	
8027	20	
8028	71	
8029	29	
8030	94	
8031	36	
8032	46	
8033	22	
8034	55	
8035	82	
8036	31	
8037	8	
8038	99	
8039	44	
8040	70	
8041	1	
8042	89	
8043	37	
8044	11	
8045	20	
8046	53	
8047	31	
8048	13	
8049	12	
8050	93	
8051	57	
8052	31	
8053	39	
8054	61	
8055	1	
8056	20	
8057	61	
8058	22	
8059	6	
8060	8	
8061	48	
8062	32	
8063	90	
8064	59	
8065	71	
8066	73	
8067	7	
8068	95	
8069	85	
8070	78	
8071	82	
8072	39	
8073	36	
8074	53	
8075	62	
8076	47	
8077	60	
8078	23	
8079	95	
8080	64	
8081	27	
8082	9	
8083	37	
8084	55	
8085	64	
8086	69	
8087	100	
8088	23	
8089	70	
8090	36	
8091	55	
8092	65	
8093	96	
8094	47	
8095	67	
8096	28	
8097	56	
8098	27	
8099	91	
8100	75	
8101	2	
8102	3	
8103	18	
8104	31	
8105	36	
8106	66	
8107	18	
8108	44	
8109	92	
8110	20	
8111	9	
8112	79	
8113	27	
8114	43	
8115	40	
8116	26	
8117	62	
8118	15	
8119	42	
8120	29	
8121	76	
8122	16	
8123	3	
8124	89	
8125	73	
8126	28	
8127	54	
8128	69	
8129	90	
8130	64	
8131	33	
8132	18	
8133	80	
8134	65	
8135	85	
8136	64	
8137	56	
8138	61	
8139	41	
8140	76	
8141	29	
8142	85	
8143	2	
8144	69	
8145	51	
8146	42	
8147	89	
8148	41	
8149	56	
8150	42	
8151	30	
8152	55	
8153	55	
8154	2	
8155	97	
8156	1	
8157	26	
8158	55	
8159	12	
8160	89	
8161	81	
8162	78	
8163	74	
8164	93	
8165	74	
8166	78	
8167	79	
8168	24	
8169	69	
8170	70	
8171	82	
8172	43	
8173	95	
8174	61	
8175	57	
8176	95	
8177	84	
8178	27	
8179	97	
8180	72	
8181	82	
8182	75	
8183	73	
8184	41	
8185	22	
8186	85	
8187	89	
8188	76	
8189	60	
8190	95	
8191	45	
8192	8	
8193	76	
8194	70	
8195	49	
8196	27	
8197	21	
8198	43	
8199	80	
8200	47	
8201	54	
8202	96	
8203	90	
8204	47	
8205	1	
8206	74	
8207	27	
8208	52	
8209	90	
8210	70	
8211	8	
8212	50	
8213	74	
8214	50	
8215	27	
8216	62	
8217	5	
8218	62	
8219	57	
8220	47	
8221	2	
8222	1	
8223	80	
8224	28	
8225	80	
8226	7	
8227	39	
8228	17	
8229	49	
8230	22	
8231	19	
8232	6	
8233	100	
8234	87	
8235	49	
8236	10	
8237	64	
8238	65	
8239	48	
8240	34	
8241	56	
8242	38	
8243	17	
8244	60	
8245	34	
8246	22	
8247	99	
8248	55	
8249	34	
8250	32	
8251	23	
8252	46	
8253	33	
8254	40	
8255	74	
8256	27	
8257	77	
8258	94	
8259	31	
8260	59	
8261	1	
8262	67	
8263	24	
8264	21	
8265	71	
8266	33	
8267	94	
8268	60	
8269	91	
8270	41	
8271	55	
8272	58	
8273	3	
8274	100	
8275	25	
8276	93	
8277	10	
8278	27	
8279	66	
8280	56	
8281	27	
8282	89	
8283	95	
8284	92	
8285	33	
8286	66	
8287	63	
8288	65	
8289	74	
8290	23	
8291	7	
8292	76	
8293	62	
8294	18	
8295	61	
8296	80	
8297	30	
8298	16	
8299	22	
8300	46	
8301	27	
8302	91	
8303	41	
8304	43	
8305	94	
8306	99	
8307	52	
8308	6	
8309	88	
8310	11	
8311	64	
8312	92	
8313	56	
8314	30	
8315	22	
8316	10	
8317	26	
8318	64	
8319	86	
8320	99	
8321	91	
8322	57	
8323	76	
8324	77	
8325	4	
8326	58	
8327	48	
8328	10	
8329	42	
8330	76	
8331	32	
8332	88	
8333	80	
8334	46	
8335	90	
8336	11	
8337	78	
8338	84	
8339	53	
8340	19	
8341	82	
8342	68	
8343	68	
8344	60	
8345	23	
8346	34	
8347	4	
8348	84	
8349	11	
8350	5	
8351	20	
8352	53	
8353	38	
8354	13	
8355	89	
8356	5	
8357	50	
8358	92	
8359	81	
8360	84	
8361	14	
8362	43	
8363	70	
8364	9	
8365	13	
8366	88	
8367	57	
8368	90	
8369	75	
8370	99	
8371	61	
8372	35	
8373	64	
8374	38	
8375	3	
8376	84	
8377	37	
8378	43	
8379	65	
8380	65	
8381	32	
8382	67	
8383	77	
8384	70	
8385	25	
8386	18	
8387	96	
8388	69	
8389	41	
8390	71	
8391	77	
8392	21	
8393	20	
8394	75	
8395	25	
8396	74	
8397	23	
8398	22	
8399	39	
8400	97	
8401	84	
8402	95	
8403	27	
8404	11	
8405	75	
8406	87	
8407	68	
8408	15	
8409	69	
8410	6	
8411	96	
8412	34	
8413	23	
8414	62	
8415	12	
8416	7	
8417	56	
8418	13	
8419	30	
8420	29	
8421	20	
8422	44	
8423	8	
8424	2	
8425	73	
8426	64	
8427	64	
8428	95	
8429	2	
8430	63	
8431	15	
8432	60	
8433	58	
8434	1	
8435	36	
8436	23	
8437	87	
8438	12	
8439	56	
8440	26	
8441	49	
8442	98	
8443	53	
8444	90	
8445	62	
8446	32	
8447	94	
8448	4	
8449	89	
8450	94	
8451	94	
8452	40	
8453	76	
8454	15	
8455	25	
8456	2	
8457	76	
8458	47	
8459	1	
8460	83	
8461	69	
8462	93	
8463	3	
8464	75	
8465	76	
8466	44	
8467	80	
8468	34	
8469	71	
8470	52	
8471	11	
8472	20	
8473	6	
8474	32	
8475	78	
8476	50	
8477	97	
8478	50	
8479	38	
8480	8	
8481	30	
8482	28	
8483	25	
8484	15	
8485	5	
8486	15	
8487	86	
8488	43	
8489	59	
8490	48	
8491	52	
8492	91	
8493	85	
8494	57	
8495	16	
8496	5	
8497	100	
8498	13	
8499	38	
8500	1	
8501	100	
8502	25	
8503	17	
8504	66	
8505	35	
8506	3	
8507	61	
8508	42	
8509	61	
8510	39	
8511	53	
8512	20	
8513	71	
8514	80	
8515	99	
8516	54	
8517	26	
8518	29	
8519	24	
8520	30	
8521	10	
8522	50	
8523	39	
8524	39	
8525	2	
8526	6	
8527	49	
8528	11	
8529	11	
8530	48	
8531	31	
8532	71	
8533	38	
8534	48	
8535	29	
8536	76	
8537	9	
8538	81	
8539	90	
8540	41	
8541	26	
8542	9	
8543	55	
8544	44	
8545	29	
8546	2	
8547	67	
8548	16	
8549	68	
8550	1	
8551	21	
8552	46	
8553	99	
8554	14	
8555	55	
8556	22	
8557	83	
8558	61	
8559	15	
8560	80	
8561	4	
8562	21	
8563	78	
8564	49	
8565	64	
8566	20	
8567	99	
8568	9	
8569	23	
8570	75	
8571	2	
8572	44	
8573	51	
8574	37	
8575	83	
8576	51	
8577	88	
8578	25	
8579	98	
8580	86	
8581	67	
8582	90	
8583	53	
8584	57	
8585	59	
8586	44	
8587	51	
8588	73	
8589	4	
8590	37	
8591	1	
8592	25	
8593	49	
8594	59	
8595	69	
8596	27	
8597	95	
8598	98	
8599	72	
8600	82	
8601	35	
8602	92	
8603	41	
8604	63	
8605	61	
8606	86	
8607	30	
8608	10	
8609	63	
8610	86	
8611	23	
8612	16	
8613	18	
8614	37	
8615	68	
8616	24	
8617	57	
8618	3	
8619	33	
8620	87	
8621	87	
8622	84	
8623	73	
8624	94	
8625	91	
8626	94	
8627	49	
8628	84	
8629	75	
8630	66	
8631	36	
8632	98	
8633	34	
8634	94	
8635	83	
8636	89	
8637	8	
8638	61	
8639	99	
8640	28	
8641	35	
8642	92	
8643	19	
8644	13	
8645	98	
8646	1	
8647	73	
8648	50	
8649	47	
8650	72	
8651	14	
8652	69	
8653	70	
8654	23	
8655	68	
8656	90	
8657	61	
8658	72	
8659	25	
8660	25	
8661	23	
8662	35	
8663	47	
8664	30	
8665	43	
8666	77	
8667	31	
8668	7	
8669	31	
8670	50	
8671	3	
8672	50	
8673	28	
8674	64	
8675	18	
8676	21	
8677	54	
8678	3	
8679	41	
8680	4	
8681	54	
8682	38	
8683	85	
8684	67	
8685	29	
8686	77	
8687	21	
8688	58	
8689	40	
8690	62	
8691	11	
8692	14	
8693	59	
8694	78	
8695	4	
8696	26	
8697	84	
8698	95	
8699	13	
8700	81	
8701	51	
8702	56	
8703	94	
8704	80	
8705	13	
8706	86	
8707	67	
8708	14	
8709	91	
8710	43	
8711	11	
8712	49	
8713	57	
8714	75	
8715	99	
8716	8	
8717	61	
8718	28	
8719	30	
8720	25	
8721	43	
8722	55	
8723	67	
8724	42	
8725	69	
8726	18	
8727	95	
8728	10	
8729	42	
8730	62	
8731	95	
8732	50	
8733	92	
8734	64	
8735	88	
8736	53	
8737	19	
8738	69	
8739	67	
8740	62	
8741	37	
8742	4	
8743	72	
8744	83	
8745	5	
8746	56	
8747	68	
8748	9	
8749	86	
8750	9	
8751	56	
8752	72	
8753	12	
8754	89	
8755	23	
8756	78	
8757	99	
8758	80	
8759	54	
8760	17	
8761	4	
8762	66	
8763	7	
8764	30	
8765	9	
8766	50	
8767	16	
8768	78	
8769	13	
8770	74	
8771	54	
8772	5	
8773	7	
8774	7	
8775	96	
8776	99	
8777	26	
8778	12	
8779	11	
8780	22	
8781	8	
8782	55	
8783	66	
8784	91	
8785	68	
8786	69	
8787	81	
8788	65	
8789	53	
8790	56	
8791	27	
8792	83	
8793	51	
8794	40	
8795	29	
8796	47	
8797	87	
8798	9	
8799	86	
8800	47	
8801	84	
8802	53	
8803	11	
8804	89	
8805	42	
8806	87	
8807	82	
8808	8	
8809	99	
8810	69	
8811	85	
8812	30	
8813	86	
8814	19	
8815	14	
8816	29	
8817	42	
8818	34	
8819	25	
8820	96	
8821	69	
8822	33	
8823	50	
8824	81	
8825	79	
8826	40	
8827	2	
8828	51	
8829	81	
8830	61	
8831	51	
8832	87	
8833	92	
8834	49	
8835	27	
8836	52	
8837	98	
8838	14	
8839	31	
8840	56	
8841	57	
8842	79	
8843	61	
8844	69	
8845	25	
8846	84	
8847	96	
8848	83	
8849	44	
8850	33	
8851	44	
8852	31	
8853	29	
8854	80	
8855	53	
8856	51	
8857	59	
8858	2	
8859	26	
8860	30	
8861	56	
8862	96	
8863	91	
8864	99	
8865	37	
8866	11	
8867	41	
8868	6	
8869	62	
8870	57	
8871	59	
8872	84	
8873	36	
8874	91	
8875	72	
8876	1	
8877	20	
8878	12	
8879	61	
8880	5	
8881	14	
8882	78	
8883	70	
8884	5	
8885	61	
8886	5	
8887	49	
8888	57	
8889	28	
8890	45	
8891	52	
8892	53	
8893	92	
8894	40	
8895	62	
8896	46	
8897	26	
8898	10	
8899	10	
8900	44	
8901	67	
8902	75	
8903	89	
8904	75	
8905	83	
8906	89	
8907	66	
8908	52	
8909	16	
8910	28	
8911	1	
8912	30	
8913	26	
8914	44	
8915	22	
8916	71	
8917	38	
8918	11	
8919	69	
8920	38	
8921	81	
8922	49	
8923	58	
8924	52	
8925	44	
8926	41	
8927	3	
8928	53	
8929	63	
8930	43	
8931	42	
8932	34	
8933	24	
8934	6	
8935	98	
8936	18	
8937	99	
8938	5	
8939	27	
8940	11	
8941	40	
8942	3	
8943	24	
8944	7	
8945	58	
8946	44	
8947	65	
8948	69	
8949	88	
8950	35	
8951	83	
8952	51	
8953	91	
8954	40	
8955	5	
8956	43	
8957	41	
8958	65	
8959	11	
8960	28	
8961	9	
8962	74	
8963	84	
8964	59	
8965	74	
8966	78	
8967	85	
8968	57	
8969	15	
8970	78	
8971	62	
8972	97	
8973	30	
8974	7	
8975	69	
8976	43	
8977	70	
8978	6	
8979	39	
8980	58	
8981	74	
8982	76	
8983	92	
8984	87	
8985	66	
8986	76	
8987	56	
8988	29	
8989	7	
8990	42	
8991	69	
8992	34	
8993	28	
8994	42	
8995	73	
8996	88	
8997	89	
8998	29	
8999	35	
9000	59	
9001	56	
9002	37	
9003	87	
9004	91	
9005	84	
9006	9	
9007	16	
9008	16	
9009	55	
9010	69	
9011	87	
9012	59	
9013	85	
9014	8	
9015	39	
9016	91	
9017	1	
9018	25	
9019	88	
9020	11	
9021	29	
9022	36	
9023	50	
9024	32	
9025	24	
9026	48	
9027	13	
9028	45	
9029	48	
9030	41	
9031	16	
9032	45	
9033	54	
9034	85	
9035	47	
9036	8	
9037	22	
9038	20	
9039	67	
9040	47	
9041	89	
9042	90	
9043	66	
9044	3	
9045	85	
9046	36	
9047	81	
9048	59	
9049	57	
9050	24	
9051	48	
9052	92	
9053	15	
9054	32	
9055	18	
9056	34	
9057	80	
9058	40	
9059	43	
9060	89	
9061	64	
9062	90	
9063	75	
9064	42	
9065	24	
9066	15	
9067	74	
9068	73	
9069	65	
9070	5	
9071	80	
9072	35	
9073	56	
9074	16	
9075	36	
9076	7	
9077	25	
9078	31	
9079	6	
9080	22	
9081	38	
9082	69	
9083	86	
9084	33	
9085	95	
9086	74	
9087	52	
9088	71	
9089	45	
9090	57	
9091	36	
9092	21	
9093	89	
9094	45	
9095	93	
9096	23	
9097	3	
9098	67	
9099	20	
9100	10	
9101	61	
9102	11	
9103	79	
9104	94	
9105	71	
9106	60	
9107	56	
9108	47	
9109	26	
9110	55	
9111	37	
9112	25	
9113	95	
9114	64	
9115	87	
9116	25	
9117	27	
9118	69	
9119	37	
9120	64	
9121	14	
9122	48	
9123	99	
9124	93	
9125	62	
9126	50	
9127	74	
9128	44	
9129	62	
9130	56	
9131	64	
9132	35	
9133	41	
9134	52	
9135	13	
9136	28	
9137	30	
9138	54	
9139	51	
9140	2	
9141	20	
9142	36	
9143	35	
9144	91	
9145	81	
9146	76	
9147	30	
9148	66	
9149	40	
9150	58	
9151	96	
9152	24	
9153	40	
9154	100	
9155	94	
9156	76	
9157	84	
9158	49	
9159	69	
9160	56	
9161	66	
9162	23	
9163	51	
9164	87	
9165	82	
9166	1	
9167	90	
9168	42	
9169	71	
9170	45	
9171	72	
9172	9	
9173	86	
9174	63	
9175	19	
9176	14	
9177	31	
9178	61	
9179	40	
9180	65	
9181	73	
9182	45	
9183	63	
9184	48	
9185	79	
9186	19	
9187	62	
9188	50	
9189	50	
9190	33	
9191	30	
9192	68	
9193	99	
9194	27	
9195	80	
9196	86	
9197	72	
9198	65	
9199	58	
9200	28	
9201	28	
9202	74	
9203	100	
9204	80	
9205	32	
9206	72	
9207	42	
9208	3	
9209	78	
9210	53	
9211	77	
9212	37	
9213	27	
9214	85	
9215	43	
9216	36	
9217	38	
9218	34	
9219	18	
9220	57	
9221	1	
9222	6	
9223	75	
9224	84	
9225	13	
9226	17	
9227	20	
9228	42	
9229	2	
9230	94	
9231	68	
9232	62	
9233	33	
9234	52	
9235	23	
9236	30	
9237	20	
9238	35	
9239	40	
9240	5	
9241	26	
9242	50	
9243	12	
9244	44	
9245	85	
9246	3	
9247	7	
9248	67	
9249	34	
9250	64	
9251	4	
9252	95	
9253	73	
9254	98	
9255	6	
9256	43	
9257	27	
9258	13	
9259	19	
9260	76	
9261	69	
9262	81	
9263	76	
9264	67	
9265	87	
9266	56	
9267	16	
9268	24	
9269	40	
9270	59	
9271	32	
9272	66	
9273	38	
9274	36	
9275	94	
9276	99	
9277	40	
9278	47	
9279	77	
9280	98	
9281	78	
9282	35	
9283	4	
9284	64	
9285	17	
9286	46	
9287	4	
9288	26	
9289	37	
9290	90	
9291	100	
9292	75	
9293	76	
9294	1	
9295	40	
9296	28	
9297	90	
9298	42	
9299	44	
9300	21	
9301	28	
9302	4	
9303	43	
9304	26	
9305	23	
9306	48	
9307	39	
9308	89	
9309	40	
9310	24	
9311	41	
9312	4	
9313	55	
9314	31	
9315	79	
9316	86	
9317	94	
9318	5	
9319	20	
9320	72	
9321	60	
9322	41	
9323	40	
9324	77	
9325	64	
9326	31	
9327	90	
9328	32	
9329	89	
9330	50	
9331	22	
9332	6	
9333	78	
9334	64	
9335	81	
9336	75	
9337	57	
9338	58	
9339	86	
9340	11	
9341	45	
9342	42	
9343	29	
9344	7	
9345	25	
9346	77	
9347	53	
9348	6	
9349	56	
9350	85	
9351	91	
9352	14	
9353	8	
9354	86	
9355	42	
9356	95	
9357	45	
9358	18	
9359	38	
9360	64	
9361	26	
9362	51	
9363	36	
9364	55	
9365	56	
9366	45	
9367	33	
9368	99	
9369	91	
9370	81	
9371	8	
9372	13	
9373	30	
9374	23	
9375	82	
9376	40	
9377	43	
9378	69	
9379	18	
9380	11	
9381	14	
9382	43	
9383	20	
9384	20	
9385	53	
9386	52	
9387	39	
9388	88	
9389	6	
9390	16	
9391	1	
9392	60	
9393	70	
9394	33	
9395	23	
9396	35	
9397	58	
9398	23	
9399	72	
9400	70	
9401	6	
9402	71	
9403	36	
9404	50	
9405	87	
9406	57	
9407	67	
9408	54	
9409	74	
9410	91	
9411	53	
9412	87	
9413	57	
9414	98	
9415	100	
9416	49	
9417	34	
9418	20	
9419	99	
9420	53	
9421	60	
9422	38	
9423	19	
9424	87	
9425	31	
9426	57	
9427	34	
9428	11	
9429	97	
9430	20	
9431	66	
9432	29	
9433	89	
9434	1	
9435	3	
9436	11	
9437	6	
9438	40	
9439	70	
9440	55	
9441	38	
9442	54	
9443	98	
9444	75	
9445	28	
9446	43	
9447	27	
9448	18	
9449	44	
9450	70	
9451	41	
9452	78	
9453	31	
9454	67	
9455	48	
9456	74	
9457	25	
9458	35	
9459	79	
9460	3	
9461	25	
9462	61	
9463	74	
9464	28	
9465	5	
9466	5	
9467	37	
9468	95	
9469	20	
9470	26	
9471	80	
9472	75	
9473	54	
9474	46	
9475	55	
9476	50	
9477	80	
9478	90	
9479	1	
9480	87	
9481	66	
9482	53	
9483	22	
9484	46	
9485	78	
9486	25	
9487	7	
9488	8	
9489	8	
9490	3	
9491	58	
9492	74	
9493	57	
9494	29	
9495	72	
9496	6	
9497	70	
9498	11	
9499	81	
9500	59	
9501	44	
9502	57	
9503	8	
9504	56	
9505	63	
9506	53	
9507	82	
9508	49	
9509	77	
9510	2	
9511	61	
9512	51	
9513	25	
9514	17	
9515	26	
9516	78	
9517	58	
9518	21	
9519	8	
9520	90	
9521	67	
9522	16	
9523	45	
9524	73	
9525	62	
9526	58	
9527	78	
9528	4	
9529	75	
9530	11	
9531	68	
9532	27	
9533	88	
9534	9	
9535	3	
9536	36	
9537	92	
9538	17	
9539	63	
9540	28	
9541	14	
9542	20	
9543	59	
9544	43	
9545	61	
9546	4	
9547	80	
9548	54	
9549	22	
9550	34	
9551	69	
9552	16	
9553	83	
9554	63	
9555	34	
9556	79	
9557	60	
9558	5	
9559	2	
9560	54	
9561	97	
9562	80	
9563	58	
9564	6	
9565	57	
9566	55	
9567	89	
9568	47	
9569	99	
9570	94	
9571	48	
9572	14	
9573	60	
9574	56	
9575	73	
9576	6	
9577	45	
9578	92	
9579	65	
9580	81	
9581	4	
9582	41	
9583	8	
9584	53	
9585	39	
9586	75	
9587	1	
9588	33	
9589	46	
9590	21	
9591	84	
9592	79	
9593	96	
9594	59	
9595	34	
9596	73	
9597	2	
9598	11	
9599	5	
9600	90	
9601	17	
9602	94	
9603	70	
9604	88	
9605	87	
9606	61	
9607	61	
9608	77	
9609	86	
9610	77	
9611	1	
9612	92	
9613	93	
9614	81	
9615	49	
9616	38	
9617	64	
9618	17	
9619	27	
9620	55	
9621	9	
9622	47	
9623	42	
9624	12	
9625	43	
9626	59	
9627	33	
9628	16	
9629	92	
9630	96	
9631	28	
9632	5	
9633	77	
9634	94	
9635	76	
9636	57	
9637	94	
9638	40	
9639	83	
9640	72	
9641	15	
9642	37	
9643	99	
9644	82	
9645	92	
9646	40	
9647	37	
9648	39	
9649	66	
9650	77	
9651	84	
9652	40	
9653	17	
9654	11	
9655	21	
9656	9	
9657	7	
9658	17	
9659	46	
9660	98	
9661	91	
9662	47	
9663	74	
9664	16	
9665	21	
9666	21	
9667	28	
9668	75	
9669	70	
9670	36	
9671	100	
9672	50	
9673	22	
9674	82	
9675	3	
9676	48	
9677	71	
9678	59	
9679	12	
9680	75	
9681	96	
9682	70	
9683	31	
9684	17	
9685	85	
9686	92	
9687	16	
9688	45	
9689	99	
9690	69	
9691	82	
9692	72	
9693	46	
9694	96	
9695	50	
9696	82	
9697	49	
9698	25	
9699	83	
9700	19	
9701	70	
9702	22	
9703	60	
9704	76	
9705	68	
9706	4	
9707	27	
9708	82	
9709	50	
9710	41	
9711	46	
9712	47	
9713	63	
9714	69	
9715	25	
9716	62	
9717	69	
9718	3	
9719	45	
9720	61	
9721	32	
9722	78	
9723	1	
9724	61	
9725	6	
9726	18	
9727	40	
9728	63	
9729	14	
9730	51	
9731	88	
9732	4	
9733	31	
9734	22	
9735	66	
9736	10	
9737	32	
9738	48	
9739	73	
9740	91	
9741	30	
9742	72	
9743	6	
9744	94	
9745	19	
9746	74	
9747	94	
9748	22	
9749	15	
9750	75	
9751	53	
9752	76	
9753	90	
9754	49	
9755	38	
9756	62	
9757	23	
9758	82	
9759	70	
9760	1	
9761	88	
9762	82	
9763	92	
9764	32	
9765	57	
9766	15	
9767	52	
9768	87	
9769	68	
9770	82	
9771	37	
9772	72	
9773	87	
9774	9	
9775	60	
9776	46	
9777	47	
9778	60	
9779	25	
9780	70	
9781	73	
9782	61	
9783	7	
9784	67	
9785	20	
9786	18	
9787	22	
9788	47	
9789	40	
9790	28	
9791	22	
9792	1	
9793	83	
9794	27	
9795	42	
9796	15	
9797	55	
9798	82	
9799	67	
9800	88	
9801	60	
9802	1	
9803	57	
9804	52	
9805	93	
9806	83	
9807	62	
9808	88	
9809	28	
9810	91	
9811	59	
9812	1	
9813	23	
9814	57	
9815	28	
9816	46	
9817	71	
9818	92	
9819	69	
9820	83	
9821	34	
9822	79	
9823	76	
9824	98	
9825	94	
9826	5	
9827	32	
9828	23	
9829	14	
9830	95	
9831	25	
9832	52	
9833	66	
9834	66	
9835	39	
9836	89	
9837	79	
9838	11	
9839	34	
9840	15	
9841	45	
9842	29	
9843	48	
9844	96	
9845	75	
9846	14	
9847	52	
9848	20	
9849	11	
9850	24	
9851	34	
9852	71	
9853	68	
9854	55	
9855	50	
9856	10	
9857	98	
9858	94	
9859	36	
9860	61	
9861	46	
9862	29	
9863	18	
9864	4	
9865	92	
9866	81	
9867	35	
9868	80	
9869	34	
9870	8	
9871	72	
9872	5	
9873	79	
9874	24	
9875	35	
9876	63	
9877	95	
9878	97	
9879	42	
9880	94	
9881	43	
9882	13	
9883	66	
9884	31	
9885	15	
9886	14	
9887	62	
9888	26	
9889	10	
9890	99	
9891	62	
9892	52	
9893	98	
9894	28	
9895	90	
9896	52	
9897	10	
9898	69	
9899	94	
9900	100	
9901	93	
9902	44	
9903	65	
9904	46	
9905	94	
9906	1	
9907	89	
9908	65	
9909	55	
9910	18	
9911	35	
9912	59	
9913	44	
9914	12	
9915	48	
9916	70	
9917	75	
9918	26	
9919	48	
9920	33	
9921	23	
9922	75	
9923	71	
9924	98	
9925	75	
9926	98	
9927	72	
9928	47	
9929	65	
9930	11	
9931	60	
9932	31	
9933	49	
9934	20	
9935	69	
9936	99	
9937	97	
9938	27	
9939	93	
9940	87	
9941	76	
9942	64	
9943	58	
9944	12	
9945	58	
9946	9	
9947	21	
9948	93	
9949	31	
9950	99	
9951	9	
9952	36	
9953	25	
9954	8	
9955	55	
9956	20	
9957	68	
9958	41	
9959	37	
9960	94	
9961	53	
9962	54	
9963	52	
9964	61	
9965	85	
9966	3	
9967	96	
9968	36	
9969	57	
9970	19	
9971	20	
9972	96	
9973	94	
9974	72	
9975	64	
9976	25	
9977	12	
9978	51	
9979	97	
9980	48	
9981	96	
9982	27	
9983	29	
9984	11	
9985	71	
9986	35	
9987	77	
9988	97	
9989	54	
9990	70	
9991	56	
9992	85	
9993	69	
9994	72	
9995	39	
9996	64	
9997	51	
9998	79	
9999	13	
10000	33	
9997
