10000
1	75	
2	83	
3	1	
4	66	
5	15	
6	29	
7	4	
8	99	
9	100	
10	81	
11	15	
12	2	
13	79	
14	23	
15	24	
16	40	
17	44	
18	99	
19	12	
20	81	
21	92	
22	83	
23	87	
24	78	
25	52	
26	67	
27	61	
28	15	
29	13	
30	38	
31	97	
32	11	
33	59	
34	56	
35	43	
36	16	
37	19	
38	72	
39	7	
40	82	
41	22	
42	45	
43	57	
44	49	
45	98	
46	6	
47	25	
48	25	
49	6	
50	55	
51	22	
52	19	
53	84	
54	15	
55	20	
56	35	
57	100	
58	30	
59	47	
60	17	
61	88	
62	22	
63	39	
64	6	
65	35	
66	19	
67	36	
68	26	
69	3	
70	25	
71	69	
72	65	
73	13	
74	10	
75	35	
76	64	
77	58	
78	34	
79	88	
80	90	
81	53	
82	13	
83	78	
84	69	
85	9	
86	85	
87	31	
88	99	
89	89	
90	46	
91	32	
92	8	
93	76	
94	67	
95	23	
96	16	
97	8	
98	8	
99	91	
100	95	
101	56	
102	7	
103	57	
104	59	
105	80	
106	17	
107	10	
108	74	
109	78	
110	36	
111	38	
112	42	
113	72	
114	36	
115	96	
116	82	
117	66	
118	36	
119	12	
120	100	
121	95	
122	52	
123	95	
124	62	
125	4	
126	18	
127	47	
128	55	
129	98	
130	78	
131	41	
132	36	
133	30	
134	71	
135	76	
136	9	
137	60	
138	6	
139	37	
140	71	
141	82	
142	72	
143	82	
144	74	
145	76	
146	77	
147	25	
148	50	
149	24	
150	49	
151	100	
152	8	
153	65	
154	83	
155	57	
156	99	
157	53	
158	42	
159	73	
160	88	
161	84	
162	70	
163	85	
164	93	
165	20	
166	77	
167	98	
168	87	
169	77	
170	40	
171	98	
172	33	
173	100	
174	33	
175	82	
176	30	
177	77	
178	76	
179	69	
180	47	
181	46	
182	92	
183	63	
184	71	
185	40	
186	40	
187	5	
188	96	
189	95	
190	52	
191	89	
192	90	
193	99	
194	27	
195	72	
196	5	
197	79	
198	69	
199	94	
200	52	
201	2	
202	48	
203	14	
204	18	
205	62	
206	84	
207	27	
208	21	
209	14	
210	16	
211	43	
212	83	
213	2	
214	36	
215	29	
216	98	
217	7	
218	11	
219	24	
220	45	
221	25	
222	28	
223	16	
224	79	
225	3	
226	39	
227	66	
228	4	
229	90	
230	74	
231	40	
232	9	
233	40	
234	33	
235	16	
236	19	
237	40	
238	24	
239	36	
240	60	
241	60	
242	42	
243	32	
244	18	
245	21	
246	34	
247	57	
248	57	
249	11	
250	51	
251	58	
252	98	
253	72	
254	73	
255	22	
256	4	
257	87	
258	87	
259	90	
260	8	
261	82	
262	64	
263	22	
264	50	
265	66	
266	33	
267	73	
268	15	
269	80	
270	14	
271	39	
272	66	
273	59	
274	46	
275	64	
276	1	
277	34	
278	5	
279	44	
280	35	
281	20	
282	37	
283	18	
284	54	
285	67	
286	52	
287	14	
288	4	
289	44	
290	18	
291	33	
292	75	
293	67	
294	77	
295	70	
296	94	
297	25	
298	49	
299	93	
300	67	
301	39	
302	14	
303	65	
304	16	
305	62	
306	51	
307	98	
308	100	
309	51	
310	94	
311	69	
312	17	
313	13	
314	73	
315	5	
316	21	
317	20	
318	76	
319	29	
320	60	
321	81	
322	58	
323	71	
324	37	
325	76	
326	38	
327	81	
328	42	
329	9	
330	96	
331	19	
332	34	
333	68	
334	75	
335	49	
336	66	
337	46	
338	86	
339	63	
340	67	
341	12	
342	33	
343	17	
344	75	
345	31	
346	62	
347	55	
348	85	
349	64	
350	70	
351	43	
352	39	
353	15	
354	7	
355	31	
356	28	
357	86	
358	26	
359	34	
360	45	
361	69	
362	88	
363	68	
364	97	
365	9	
366	58	
367	40	
368	91	
369	22	
370	38	
371	79	
372	93	
373	67	
374	13	
375	7	
376	64	
377	82	
378	49	
379	39	
380	40	
381	62	
382	26	
383	99	
384	70	
385	26	
386	38	
387	54	
388	37	
389	61	
390	15	
391	38	
392	88	
393	74	
394	77	
395	91	
396	56	
397	55	
398	11	
399	41	
400	76	
401	19	
402	44	
403	21	
404	54	
405	29	
406	83	
407	89	
408	33	
409	61	
410	1	
411	18	
412	86	
413	16	
414	100	
415	30	
416	13	
417	58	
418	63	
419	27	
420	19	
421	20	
422	50	
423	68	
424	31	
425	47	
426	64	
427	33	
428	15	
429	37	
430	89	
431	34	
432	81	
433	85	
434	80	
435	18	
436	40	
437	85	
438	47	
439	93	
440	6	
441	93	
442	91	
443	35	
444	41	
445	10	
446	79	
447	64	
448	4	
449	54	
450	50	
451	20	
452	12	
453	100	
454	82	
455	93	
456	69	
457	46	
458	1	
459	90	
460	13	
461	32	
462	73	
463	92	
464	5	
465	83	
466	21	
467	29	
468	61	
469	33	
470	28	
471	3	
472	62	
473	21	
474	51	
475	87	
476	50	
477	94	
478	23	
479	80	
480	6	
481	46	
482	74	
483	98	
484	81	
485	44	
486	68	
487	85	
488	95	
489	80	
490	36	
491	14	
492	90	
493	100	
494	70	
495	42	
496	29	
497	18	
498	8	
499	27	
500	69	
501	54	
502	51	
503	88	
504	90	
505	22	
506	12	
507	86	
508	80	
509	86	
510	46	
511	79	
512	75	
513	95	
514	51	
515	24	
516	9	
517	41	
518	68	
519	16	
520	33	
521	12	
522	36	
523	63	
524	35	
525	52	
526	41	
527	94	
528	5	
529	66	
530	36	
531	4	
532	85	
533	87	
534	24	
535	92	
536	53	
537	28	
538	59	
539	19	
540	1	
541	46	
542	73	
543	68	
544	41	
545	61	
546	75	
547	8	
548	65	
549	87	
550	77	
551	49	
552	86	
553	48	
554	14	
555	40	
556	72	
557	17	
558	86	
559	25	
560	24	
561	62	
562	90	
563	67	
564	93	
565	21	
566	94	
567	86	
568	56	
569	54	
570	84	
571	27	
572	62	
573	59	
574	15	
575	56	
576	94	
577	76	
578	64	
579	26	
580	21	
581	9	
582	4	
583	16	
584	39	
585	68	
586	69	
587	91	
588	97	
589	42	
590	92	
591	90	
592	74	
593	19	
594	58	
595	29	
596	40	
597	88	
598	69	
599	99	
600	39	
601	57	
602	54	
603	89	
604	94	
605	17	
606	42	
607	63	
608	34	
609	83	
610	74	
611	99	
612	92	
613	92	
614	17	
615	71	
616	19	
617	42	
618	42	
619	93	
620	25	
621	16	
622	48	
623	82	
624	41	
625	88	
626	44	
627	77	
628	56	
629	35	
630	31	
631	39	
632	73	
633	37	
634	62	
635	27	
636	2	
637	28	
638	31	
639	44	
640	2	
641	35	
642	34	
643	79	
644	83	
645	80	
646	51	
647	44	
648	47	
649	75	
650	81	
651	18	
652	61	
653	11	
654	18	
655	12	
656	95	
657	38	
658	7	
659	89	
660	82	
661	55	
662	86	
663	81	
664	27	
665	9	
666	3	
667	14	
668	10	
669	39	
670	13	
671	20	
672	86	
673	7	
674	68	
675	66	
676	45	
677	76	
678	83	
679	27	
680	11	
681	70	
682	65	
683	37	
684	20	
685	78	
686	21	
687	94	
688	96	
689	9	
690	51	
691	66	
692	69	
693	59	
694	14	
695	38	
696	88	
697	42	
698	6	
699	13	
700	9	
701	6	
702	53	
703	70	
704	81	
705	76	
706	16	
707	59	
708	12	
709	25	
710	64	
711	5	
712	78	
713	25	
714	7	
715	27	
716	23	
717	6	
718	46	
719	57	
720	30	
721	8	
722	86	
723	43	
724	18	
725	1	
726	36	
727	69	
728	53	
729	3	
730	91	
731	94	
732	44	
733	50	
734	19	
735	51	
736	29	
737	2	
738	69	
739	94	
740	65	
741	82	
742	11	
743	54	
744	21	
745	25	
746	94	
747	39	
748	42	
749	55	
750	92	
751	48	
752	78	
753	36	
754	41	
755	86	
756	64	
757	22	
758	32	
759	7	
760	22	
761	70	
762	57	
763	10	
764	34	
765	95	
766	34	
767	59	
768	39	
769	32	
770	28	
771	41	
772	55	
773	24	
774	72	
775	5	
776	92	
777	81	
778	15	
779	34	
780	12	
781	76	
782	64	
783	25	
784	23	
785	17	
786	51	
787	71	
788	93	
789	89	
790	90	
791	16	
792	19	
793	48	
794	33	
795	36	
796	16	
797	1	
798	71	
799	69	
800	17	
801	63	
802	64	
803	94	
804	92	
805	43	
806	86	
807	24	
808	14	
809	82	
810	82	
811	20	
812	70	
813	74	
814	42	
815	77	
816	55	
817	38	
818	2	
819	72	
820	38	
821	80	
822	9	
823	76	
824	11	
825	12	
826	91	
827	69	
828	66	
829	83	
830	81	
831	31	
832	7	
833	66	
834	38	
835	97	
836	32	
837	26	
838	34	
839	32	
840	44	
841	8	
842	74	
843	68	
844	28	
845	16	
846	41	
847	47	
848	91	
849	12	
850	31	
851	47	
852	90	
853	83	
854	54	
855	73	
856	98	
857	91	
858	58	
859	44	
860	3	
861	62	
862	22	
863	18	
864	85	
865	74	
866	45	
867	24	
868	65	
869	86	
870	16	
871	27	
872	37	
873	62	
874	40	
875	23	
876	37	
877	47	
878	14	
879	80	
880	62	
881	94	
882	5	
883	68	
884	51	
885	24	
886	40	
887	14	
888	9	
889	100	
890	59	
891	3	
892	32	
893	9	
894	91	
895	68	
896	86	
897	83	
898	67	
899	64	
900	92	
901	55	
902	23	
903	81	
904	78	
905	61	
906	20	
907	48	
908	42	
909	39	
910	89	
911	72	
912	65	
913	61	
914	93	
915	72	
916	74	
917	68	
918	76	
919	29	
920	20	
921	85	
922	13	
923	47	
924	37	
925	29	
926	95	
927	97	
928	27	
929	64	
930	77	
931	84	
932	16	
933	92	
934	52	
935	18	
936	75	
937	37	
938	65	
939	4	
940	14	
941	80	
942	37	
943	26	
944	56	
945	9	
946	71	
947	67	
948	57	
949	38	
950	6	
951	19	
952	27	
953	27	
954	41	
955	19	
956	85	
957	70	
958	56	
959	13	
960	43	
961	86	
962	74	
963	86	
964	91	
965	10	
966	90	
967	97	
968	15	
969	5	
970	84	
971	71	
972	38	
973	32	
974	39	
975	47	
976	42	
977	5	
978	18	
979	60	
980	88	
981	44	
982	33	
983	32	
984	77	
985	82	
986	43	
987	37	
988	1	
989	31	
990	98	
991	7	
992	51	
993	61	
994	64	
995	95	
996	70	
997	52	
998	10	
999	75	
1000	39	
1001	90	
1002	49	
1003	60	
1004	14	
1005	18	
1006	38	
1007	66	
1008	100	
1009	62	
1010	95	
1011	88	
1012	19	
1013	59	
1014	42	
1015	91	
1016	79	
1017	93	
1018	26	
1019	2	
1020	100	
1021	69	
1022	39	
1023	92	
1024	3	
1025	84	
1026	68	
1027	42	
1028	100	
1029	87	
1030	32	
1031	99	
1032	63	
1033	67	
1034	55	
1035	96	
1036	65	
1037	100	
1038	15	
1039	4	
1040	29	
1041	67	
1042	22	
1043	75	
1044	45	
1045	90	
1046	40	
1047	84	
1048	8	
1049	8	
1050	59	
1051	49	
1052	27	
1053	48	
1054	96	
1055	23	
1056	74	
1057	56	
1058	77	
1059	28	
1060	30	
1061	75	
1062	91	
1063	50	
1064	26	
1065	17	
1066	6	
1067	15	
1068	28	
1069	27	
1070	26	
1071	77	
1072	62	
1073	26	
1074	66	
1075	68	
1076	95	
1077	26	
1078	60	
1079	73	
1080	81	
1081	69	
1082	29	
1083	39	
1084	26	
1085	87	
1086	48	
1087	49	
1088	97	
1089	100	
1090	32	
1091	33	
1092	44	
1093	27	
1094	68	
1095	68	
1096	45	
1097	44	
1098	4	
1099	20	
1100	26	
1101	47	
1102	98	
1103	84	
1104	35	
1105	16	
1106	16	
1107	48	
1108	80	
1109	27	
1110	26	
1111	64	
1112	50	
1113	58	
1114	14	
1115	87	
1116	92	
1117	47	
1118	77	
1119	78	
1120	16	
1121	58	
1122	65	
1123	96	
1124	33	
1125	48	
1126	46	
1127	52	
1128	91	
1129	47	
1130	99	
1131	52	
1132	80	
1133	79	
1134	48	
1135	42	
1136	67	
1137	12	
1138	31	
1139	79	
1140	25	
1141	100	
1142	73	
1143	81	
1144	94	
1145	3	
1146	63	
1147	18	
1148	22	
1149	83	
1150	52	
1151	85	
1152	6	
1153	31	
1154	91	
1155	10	
1156	54	
1157	26	
1158	6	
1159	79	
1160	10	
1161	67	
1162	7	
1163	71	
1164	74	
1165	55	
1166	100	
1167	83	
1168	67	
1169	64	
1170	40	
1171	32	
1172	38	
1173	66	
1174	98	
1175	18	
1176	86	
1177	9	
1178	7	
1179	24	
1180	4	
1181	16	
1182	84	
1183	7	
1184	44	
1185	54	
1186	83	
1187	74	
1188	86	
1189	44	
1190	56	
1191	21	
1192	67	
1193	35	
1194	42	
1195	48	
1196	20	
1197	69	
1198	69	
1199	82	
1200	35	
1201	41	
1202	75	
1203	76	
1204	46	
1205	60	
1206	57	
1207	36	
1208	65	
1209	80	
1210	4	
1211	97	
1212	65	
1213	6	
1214	50	
1215	31	
1216	57	
1217	5	
1218	32	
1219	9	
1220	54	
1221	43	
1222	64	
1223	33	
1224	13	
1225	48	
1226	6	
1227	79	
1228	9	
1229	75	
1230	76	
1231	72	
1232	82	
1233	86	
1234	79	
1235	18	
1236	70	
1237	24	
1238	73	
1239	90	
1240	81	
1241	28	
1242	23	
1243	16	
1244	58	
1245	52	
1246	18	
1247	10	
1248	70	
1249	60	
1250	55	
1251	91	
1252	18	
1253	70	
1254	97	
1255	60	
1256	89	
1257	34	
1258	39	
1259	50	
1260	9	
1261	25	
1262	40	
1263	92	
1264	25	
1265	40	
1266	33	
1267	71	
1268	70	
1269	71	
1270	75	
1271	98	
1272	31	
1273	24	
1274	71	
1275	93	
1276	31	
1277	43	
1278	95	
1279	84	
1280	71	
1281	80	
1282	80	
1283	87	
1284	66	
1285	58	
1286	87	
1287	89	
1288	74	
1289	1	
1290	90	
1291	19	
1292	26	
1293	5	
1294	62	
1295	35	
1296	72	
1297	18	
1298	80	
1299	23	
1300	37	
1301	24	
1302	30	
1303	1	
1304	38	
1305	76	
1306	93	
1307	46	
1308	27	
1309	26	
1310	26	
1311	57	
1312	91	
1313	37	
1314	10	
1315	62	
1316	25	
1317	95	
1318	4	
1319	81	
1320	58	
1321	40	
1322	95	
1323	62	
1324	30	
1325	16	
1326	62	
1327	69	
1328	38	
1329	5	
1330	69	
1331	21	
1332	84	
1333	89	
1334	51	
1335	98	
1336	60	
1337	14	
1338	84	
1339	13	
1340	46	
1341	39	
1342	66	
1343	48	
1344	99	
1345	71	
1346	6	
1347	48	
1348	91	
1349	32	
1350	78	
1351	52	
1352	18	
1353	35	
1354	61	
1355	37	
1356	1	
1357	13	
1358	27	
1359	57	
1360	15	
1361	17	
1362	68	
1363	74	
1364	46	
1365	14	
1366	54	
1367	34	
1368	37	
1369	76	
1370	61	
1371	2	
1372	58	
1373	95	
1374	9	
1375	49	
1376	95	
1377	45	
1378	28	
1379	68	
1380	9	
1381	34	
1382	5	
1383	25	
1384	22	
1385	55	
1386	85	
1387	37	
1388	72	
1389	2	
1390	18	
1391	52	
1392	57	
1393	62	
1394	85	
1395	5	
1396	100	
1397	9	
1398	38	
1399	69	
1400	91	
1401	82	
1402	48	
1403	86	
1404	37	
1405	49	
1406	80	
1407	1	
1408	30	
1409	36	
1410	67	
1411	83	
1412	23	
1413	9	
1414	2	
1415	45	
1416	17	
1417	76	
1418	3	
1419	37	
1420	99	
1421	44	
1422	3	
1423	98	
1424	74	
1425	75	
1426	83	
1427	88	
1428	46	
1429	11	
1430	80	
1431	22	
1432	84	
1433	53	
1434	17	
1435	65	
1436	63	
1437	3	
1438	46	
1439	20	
1440	41	
1441	51	
1442	28	
1443	40	
1444	33	
1445	76	
1446	29	
1447	100	
1448	23	
1449	2	
1450	30	
1451	39	
1452	81	
1453	98	
1454	85	
1455	94	
1456	42	
1457	64	
1458	98	
1459	16	
1460	95	
1461	87	
1462	84	
1463	82	
1464	92	
1465	85	
1466	11	
1467	99	
1468	69	
1469	45	
1470	73	
1471	98	
1472	79	
1473	99	
1474	50	
1475	96	
1476	74	
1477	80	
1478	21	
1479	5	
1480	38	
1481	16	
1482	99	
1483	16	
1484	7	
1485	77	
1486	5	
1487	77	
1488	31	
1489	15	
1490	32	
1491	12	
1492	80	
1493	71	
1494	89	
1495	72	
1496	48	
1497	10	
1498	2	
1499	39	
1500	23	
1501	41	
1502	17	
1503	10	
1504	21	
1505	36	
1506	90	
1507	43	
1508	55	
1509	80	
1510	83	
1511	8	
1512	56	
1513	71	
1514	13	
1515	43	
1516	53	
1517	33	
1518	2	
1519	6	
1520	78	
1521	14	
1522	18	
1523	82	
1524	13	
1525	92	
1526	8	
1527	29	
1528	40	
1529	47	
1530	92	
1531	77	
1532	97	
1533	29	
1534	12	
1535	85	
1536	31	
1537	5	
1538	72	
1539	96	
1540	91	
1541	37	
1542	55	
1543	55	
1544	93	
1545	22	
1546	62	
1547	33	
1548	42	
1549	29	
1550	45	
1551	14	
1552	94	
1553	65	
1554	67	
1555	42	
1556	73	
1557	41	
1558	57	
1559	53	
1560	67	
1561	77	
1562	91	
1563	27	
1564	26	
1565	53	
1566	19	
1567	42	
1568	40	
1569	7	
1570	59	
1571	4	
1572	83	
1573	35	
1574	24	
1575	96	
1576	94	
1577	82	
1578	3	
1579	66	
1580	79	
1581	54	
1582	54	
1583	81	
1584	17	
1585	57	
1586	49	
1587	6	
1588	97	
1589	63	
1590	15	
1591	55	
1592	78	
1593	75	
1594	95	
1595	71	
1596	55	
1597	30	
1598	65	
1599	38	
1600	89	
1601	69	
1602	72	
1603	15	
1604	31	
1605	33	
1606	11	
1607	44	
1608	27	
1609	95	
1610	47	
1611	61	
1612	32	
1613	67	
1614	12	
1615	2	
1616	88	
1617	50	
1618	9	
1619	24	
1620	32	
1621	14	
1622	86	
1623	32	
1624	41	
1625	14	
1626	53	
1627	25	
1628	15	
1629	52	
1630	92	
1631	21	
1632	25	
1633	44	
1634	83	
1635	52	
1636	18	
1637	20	
1638	20	
1639	10	
1640	52	
1641	48	
1642	72	
1643	91	
1644	40	
1645	85	
1646	72	
1647	86	
1648	78	
1649	56	
1650	78	
1651	100	
1652	3	
1653	65	
1654	76	
1655	40	
1656	59	
1657	17	
1658	93	
1659	26	
1660	3	
1661	78	
1662	29	
1663	6	
1664	74	
1665	48	
1666	55	
1667	60	
1668	17	
1669	40	
1670	90	
1671	23	
1672	64	
1673	78	
1674	22	
1675	59	
1676	24	
1677	12	
1678	34	
1679	97	
1680	44	
1681	10	
1682	13	
1683	19	
1684	90	
1685	41	
1686	79	
1687	94	
1688	21	
1689	86	
1690	31	
1691	2	
1692	82	
1693	65	
1694	31	
1695	54	
1696	9	
1697	28	
1698	69	
1699	98	
1700	95	
1701	12	
1702	78	
1703	2	
1704	19	
1705	68	
1706	62	
1707	7	
1708	59	
1709	39	
1710	73	
1711	34	
1712	86	
1713	28	
1714	86	
1715	17	
1716	76	
1717	1	
1718	35	
1719	27	
1720	83	
1721	22	
1722	78	
1723	37	
1724	30	
1725	93	
1726	47	
1727	76	
1728	57	
1729	37	
1730	92	
1731	75	
1732	37	
1733	1	
1734	23	
1735	40	
1736	7	
1737	68	
1738	92	
1739	56	
1740	70	
1741	3	
1742	50	
1743	94	
1744	11	
1745	52	
1746	40	
1747	97	
1748	98	
1749	95	
1750	46	
1751	43	
1752	56	
1753	96	
1754	6	
1755	26	
1756	16	
1757	5	
1758	61	
1759	86	
1760	32	
1761	75	
1762	17	
1763	15	
1764	83	
1765	42	
1766	14	
1767	5	
1768	58	
1769	7	
1770	68	
1771	89	
1772	33	
1773	68	
1774	16	
1775	24	
1776	24	
1777	20	
1778	16	
1779	77	
1780	12	
1781	72	
1782	41	
1783	17	
1784	52	
1785	90	
1786	45	
1787	9	
1788	87	
1789	62	
1790	24	
1791	21	
1792	18	
1793	81	
1794	60	
1795	98	
1796	76	
1797	96	
1798	31	
1799	5	
1800	32	
1801	60	
1802	13	
1803	80	
1804	31	
1805	49	
1806	36	
1807	65	
1808	28	
1809	8	
1810	26	
1811	18	
1812	77	
1813	63	
1814	35	
1815	69	
1816	49	
1817	21	
1818	17	
1819	52	
1820	49	
1821	64	
1822	13	
1823	84	
1824	37	
1825	8	
1826	28	
1827	22	
1828	77	
1829	3	
1830	73	
1831	11	
1832	54	
1833	81	
1834	96	
1835	85	
1836	41	
1837	23	
1838	82	
1839	25	
1840	24	
1841	9	
1842	53	
1843	58	
1844	94	
1845	22	
1846	10	
1847	89	
1848	61	
1849	32	
1850	10	
1851	57	
1852	91	
1853	78	
1854	51	
1855	77	
1856	87	
1857	36	
1858	94	
1859	66	
1860	78	
1861	98	
1862	45	
1863	87	
1864	80	
1865	26	
1866	20	
1867	1	
1868	14	
1869	85	
1870	69	
1871	95	
1872	40	
1873	51	
1874	53	
1875	61	
1876	58	
1877	17	
1878	51	
1879	39	
1880	85	
1881	40	
1882	37	
1883	8	
1884	92	
1885	33	
1886	84	
1887	20	
1888	60	
1889	16	
1890	34	
1891	20	
1892	98	
1893	6	
1894	95	
1895	7	
1896	6	
1897	81	
1898	34	
1899	40	
1900	84	
1901	20	
1902	86	
1903	52	
1904	63	
1905	9	
1906	84	
1907	27	
1908	82	
1909	10	
1910	1	
1911	95	
1912	92	
1913	89	
1914	82	
1915	26	
1916	17	
1917	16	
1918	25	
1919	19	
1920	37	
1921	20	
1922	23	
1923	73	
1924	26	
1925	27	
1926	82	
1927	97	
1928	7	
1929	52	
1930	42	
1931	58	
1932	24	
1933	92	
1934	1	
1935	4	
1936	34	
1937	92	
1938	76	
1939	11	
1940	26	
1941	18	
1942	73	
1943	79	
1944	43	
1945	70	
1946	37	
1947	23	
1948	46	
1949	52	
1950	13	
1951	51	
1952	82	
1953	54	
1954	58	
1955	21	
1956	82	
1957	44	
1958	91	
1959	65	
1960	71	
1961	19	
1962	31	
1963	42	
1964	29	
1965	40	
1966	5	
1967	54	
1968	61	
1969	84	
1970	30	
1971	18	
1972	29	
1973	64	
1974	35	
1975	80	
1976	61	
1977	20	
1978	25	
1979	34	
1980	94	
1981	25	
1982	70	
1983	59	
1984	79	
1985	80	
1986	26	
1987	35	
1988	45	
1989	6	
1990	65	
1991	52	
1992	72	
1993	55	
1994	22	
1995	37	
1996	1	
1997	89	
1998	71	
1999	39	
2000	35	
2001	48	
2002	77	
2003	91	
2004	24	
2005	22	
2006	30	
2007	5	
2008	75	
2009	2	
2010	10	
2011	57	
2012	30	
2013	74	
2014	48	
2015	57	
2016	23	
2017	54	
2018	45	
2019	83	
2020	80	
2021	44	
2022	9	
2023	14	
2024	16	
2025	100	
2026	10	
2027	90	
2028	56	
2029	83	
2030	46	
2031	98	
2032	69	
2033	49	
2034	98	
2035	75	
2036	3	
2037	85	
2038	59	
2039	24	
2040	65	
2041	29	
2042	90	
2043	49	
2044	1	
2045	96	
2046	5	
2047	14	
2048	58	
2049	86	
2050	64	
2051	35	
2052	46	
2053	31	
2054	87	
2055	90	
2056	91	
2057	49	
2058	92	
2059	10	
2060	28	
2061	53	
2062	39	
2063	52	
2064	99	
2065	87	
2066	52	
2067	42	
2068	89	
2069	40	
2070	13	
2071	6	
2072	70	
2073	25	
2074	38	
2075	93	
2076	40	
2077	67	
2078	23	
2079	69	
2080	82	
2081	37	
2082	26	
2083	45	
2084	100	
2085	27	
2086	6	
2087	78	
2088	3	
2089	63	
2090	88	
2091	89	
2092	55	
2093	84	
2094	58	
2095	97	
2096	76	
2097	33	
2098	24	
2099	71	
2100	43	
2101	56	
2102	77	
2103	22	
2104	75	
2105	13	
2106	73	
2107	22	
2108	11	
2109	18	
2110	66	
2111	47	
2112	53	
2113	6	
2114	45	
2115	45	
2116	26	
2117	63	
2118	87	
2119	19	
2120	29	
2121	86	
2122	89	
2123	22	
2124	61	
2125	68	
2126	98	
2127	92	
2128	12	
2129	48	
2130	26	
2131	7	
2132	100	
2133	93	
2134	99	
2135	77	
2136	84	
2137	18	
2138	69	
2139	11	
2140	89	
2141	78	
2142	19	
2143	4	
2144	35	
2145	63	
2146	89	
2147	100	
2148	59	
2149	16	
2150	69	
2151	55	
2152	44	
2153	57	
2154	4	
2155	74	
2156	15	
2157	72	
2158	16	
2159	94	
2160	93	
2161	35	
2162	26	
2163	54	
2164	5	
2165	54	
2166	14	
2167	19	
2168	80	
2169	68	
2170	99	
2171	74	
2172	87	
2173	30	
2174	78	
2175	3	
2176	17	
2177	1	
2178	91	
2179	18	
2180	52	
2181	50	
2182	18	
2183	26	
2184	42	
2185	73	
2186	81	
2187	60	
2188	89	
2189	88	
2190	96	
2191	71	
2192	89	
2193	91	
2194	19	
2195	67	
2196	78	
2197	24	
2198	79	
2199	3	
2200	36	
2201	22	
2202	30	
2203	28	
2204	53	
2205	31	
2206	46	
2207	45	
2208	87	
2209	95	
2210	3	
2211	43	
2212	68	
2213	88	
2214	87	
2215	8	
2216	92	
2217	30	
2218	79	
2219	97	
2220	82	
2221	18	
2222	85	
2223	50	
2224	4	
2225	32	
2226	29	
2227	70	
2228	10	
2229	2	
2230	86	
2231	86	
2232	88	
2233	53	
2234	79	
2235	72	
2236	78	
2237	37	
2238	68	
2239	26	
2240	24	
2241	86	
2242	73	
2243	70	
2244	16	
2245	23	
2246	67	
2247	44	
2248	77	
2249	87	
2250	23	
2251	53	
2252	20	
2253	96	
2254	52	
2255	60	
2256	60	
2257	61	
2258	17	
2259	21	
2260	22	
2261	54	
2262	14	
2263	43	
2264	67	
2265	92	
2266	98	
2267	23	
2268	63	
2269	99	
2270	100	
2271	29	
2272	5	
2273	58	
2274	32	
2275	88	
2276	36	
2277	46	
2278	16	
2279	43	
2280	34	
2281	1	
2282	93	
2283	15	
2284	92	
2285	2	
2286	36	
2287	16	
2288	62	
2289	87	
2290	91	
2291	54	
2292	78	
2293	81	
2294	20	
2295	7	
2296	62	
2297	92	
2298	90	
2299	69	
2300	11	
2301	14	
2302	49	
2303	10	
2304	14	
2305	42	
2306	4	
2307	4	
2308	83	
2309	58	
2310	78	
2311	92	
2312	14	
2313	63	
2314	48	
2315	84	
2316	76	
2317	57	
2318	82	
2319	71	
2320	69	
2321	94	
2322	51	
2323	18	
2324	65	
2325	38	
2326	67	
2327	6	
2328	20	
2329	1	
2330	76	
2331	77	
2332	7	
2333	45	
2334	40	
2335	27	
2336	74	
2337	35	
2338	11	
2339	63	
2340	58	
2341	63	
2342	3	
2343	84	
2344	43	
2345	10	
2346	4	
2347	60	
2348	16	
2349	65	
2350	22	
2351	33	
2352	83	
2353	53	
2354	68	
2355	4	
2356	36	
2357	35	
2358	32	
2359	19	
2360	26	
2361	90	
2362	40	
2363	80	
2364	91	
2365	9	
2366	25	
2367	78	
2368	38	
2369	64	
2370	43	
2371	52	
2372	21	
2373	92	
2374	21	
2375	55	
2376	14	
2377	26	
2378	23	
2379	98	
2380	48	
2381	30	
2382	71	
2383	85	
2384	77	
2385	17	
2386	55	
2387	93	
2388	10	
2389	76	
2390	19	
2391	95	
2392	92	
2393	8	
2394	9	
2395	54	
2396	18	
2397	50	
2398	63	
2399	71	
2400	38	
2401	90	
2402	12	
2403	89	
2404	23	
2405	42	
2406	4	
2407	72	
2408	66	
2409	82	
2410	67	
2411	83	
2412	15	
2413	23	
2414	98	
2415	92	
2416	34	
2417	41	
2418	79	
2419	68	
2420	52	
2421	31	
2422	36	
2423	82	
2424	53	
2425	83	
2426	88	
2427	74	
2428	93	
2429	12	
2430	70	
2431	48	
2432	53	
2433	85	
2434	87	
2435	55	
2436	13	
2437	17	
2438	61	
2439	16	
2440	61	
2441	75	
2442	68	
2443	63	
2444	26	
2445	73	
2446	39	
2447	38	
2448	43	
2449	18	
2450	45	
2451	94	
2452	34	
2453	65	
2454	86	
2455	27	
2456	82	
2457	2	
2458	4	
2459	29	
2460	24	
2461	98	
2462	16	
2463	3	
2464	40	
2465	68	
2466	68	
2467	57	
2468	43	
2469	84	
2470	12	
2471	87	
2472	76	
2473	28	
2474	56	
2475	33	
2476	32	
2477	15	
2478	89	
2479	42	
2480	48	
2481	68	
2482	41	
2483	35	
2484	91	
2485	69	
2486	69	
2487	71	
2488	14	
2489	94	
2490	70	
2491	94	
2492	62	
2493	52	
2494	99	
2495	92	
2496	70	
2497	16	
2498	55	
2499	93	
2500	92	
2501	96	
2502	77	
2503	48	
2504	62	
2505	10	
2506	40	
2507	62	
2508	10	
2509	2	
2510	5	
2511	97	
2512	80	
2513	94	
2514	90	
2515	23	
2516	24	
2517	65	
2518	46	
2519	77	
2520	30	
2521	22	
2522	54	
2523	26	
2524	92	
2525	52	
2526	19	
2527	88	
2528	32	
2529	57	
2530	43	
2531	72	
2532	56	
2533	80	
2534	15	
2535	28	
2536	60	
2537	9	
2538	31	
2539	89	
2540	28	
2541	74	
2542	10	
2543	50	
2544	92	
2545	13	
2546	25	
2547	53	
2548	57	
2549	30	
2550	17	
2551	3	
2552	18	
2553	51	
2554	15	
2555	53	
2556	2	
2557	64	
2558	82	
2559	51	
2560	98	
2561	66	
2562	61	
2563	21	
2564	41	
2565	21	
2566	86	
2567	78	
2568	85	
2569	81	
2570	39	
2571	75	
2572	45	
2573	50	
2574	73	
2575	6	
2576	99	
2577	69	
2578	21	
2579	13	
2580	29	
2581	3	
2582	6	
2583	2	
2584	18	
2585	61	
2586	54	
2587	50	
2588	27	
2589	4	
2590	90	
2591	12	
2592	3	
2593	36	
2594	96	
2595	77	
2596	77	
2597	83	
2598	24	
2599	55	
2600	71	
2601	93	
2602	17	
2603	40	
2604	94	
2605	71	
2606	42	
2607	97	
2608	90	
2609	89	
2610	36	
2611	68	
2612	29	
2613	45	
2614	24	
2615	25	
2616	65	
2617	87	
2618	15	
2619	6	
2620	19	
2621	33	
2622	71	
2623	20	
2624	84	
2625	95	
2626	69	
2627	4	
2628	88	
2629	17	
2630	14	
2631	43	
2632	67	
2633	45	
2634	36	
2635	19	
2636	19	
2637	68	
2638	92	
2639	58	
2640	1	
2641	38	
2642	67	
2643	10	
2644	52	
2645	76	
2646	71	
2647	34	
2648	59	
2649	70	
2650	69	
2651	69	
2652	8	
2653	35	
2654	6	
2655	3	
2656	37	
2657	46	
2658	63	
2659	85	
2660	32	
2661	56	
2662	95	
2663	17	
2664	20	
2665	2	
2666	9	
2667	29	
2668	79	
2669	82	
2670	44	
2671	62	
2672	47	
2673	35	
2674	77	
2675	63	
2676	19	
2677	99	
2678	73	
2679	41	
2680	34	
2681	2	
2682	93	
2683	42	
2684	32	
2685	73	
2686	19	
2687	36	
2688	21	
2689	69	
2690	36	
2691	45	
2692	99	
2693	4	
2694	61	
2695	2	
2696	92	
2697	76	
2698	40	
2699	61	
2700	59	
2701	49	
2702	26	
2703	81	
2704	73	
2705	37	
2706	64	
2707	62	
2708	50	
2709	19	
2710	16	
2711	99	
2712	99	
2713	18	
2714	66	
2715	46	
2716	91	
2717	16	
2718	33	
2719	28	
2720	1	
2721	86	
2722	17	
2723	71	
2724	13	
2725	40	
2726	41	
2727	38	
2728	20	
2729	39	
2730	60	
2731	20	
2732	98	
2733	96	
2734	25	
2735	94	
2736	7	
2737	32	
2738	20	
2739	32	
2740	64	
2741	87	
2742	48	
2743	52	
2744	85	
2745	15	
2746	81	
2747	56	
2748	98	
2749	64	
2750	45	
2751	11	
2752	76	
2753	79	
2754	57	
2755	68	
2756	71	
2757	49	
2758	74	
2759	32	
2760	3	
2761	26	
2762	70	
2763	78	
2764	77	
2765	64	
2766	26	
2767	70	
2768	36	
2769	47	
2770	79	
2771	44	
2772	74	
2773	52	
2774	55	
2775	64	
2776	10	
2777	4	
2778	22	
2779	25	
2780	5	
2781	32	
2782	91	
2783	60	
2784	95	
2785	80	
2786	42	
2787	96	
2788	17	
2789	98	
2790	13	
2791	92	
2792	86	
2793	78	
2794	37	
2795	46	
2796	72	
2797	17	
2798	24	
2799	4	
2800	89	
2801	11	
2802	83	
2803	19	
2804	16	
2805	22	
2806	14	
2807	34	
2808	51	
2809	26	
2810	36	
2811	45	
2812	76	
2813	69	
2814	58	
2815	4	
2816	54	
2817	83	
2818	9	
2819	54	
2820	90	
2821	32	
2822	22	
2823	4	
2824	33	
2825	74	
2826	74	
2827	13	
2828	14	
2829	38	
2830	52	
2831	73	
2832	86	
2833	48	
2834	76	
2835	49	
2836	17	
2837	97	
2838	12	
2839	59	
2840	83	
2841	61	
2842	48	
2843	59	
2844	42	
2845	19	
2846	75	
2847	70	
2848	44	
2849	34	
2850	53	
2851	43	
2852	43	
2853	83	
2854	60	
2855	94	
2856	75	
2857	35	
2858	53	
2859	31	
2860	72	
2861	76	
2862	18	
2863	97	
2864	42	
2865	57	
2866	91	
2867	93	
2868	94	
2869	48	
2870	27	
2871	70	
2872	27	
2873	24	
2874	58	
2875	32	
2876	4	
2877	97	
2878	34	
2879	71	
2880	78	
2881	25	
2882	55	
2883	23	
2884	60	
2885	94	
2886	8	
2887	23	
2888	13	
2889	93	
2890	54	
2891	27	
2892	85	
2893	98	
2894	45	
2895	71	
2896	45	
2897	30	
2898	52	
2899	12	
2900	54	
2901	79	
2902	48	
2903	16	
2904	75	
2905	60	
2906	17	
2907	96	
2908	5	
2909	40	
2910	74	
2911	15	
2912	96	
2913	29	
2914	67	
2915	1	
2916	92	
2917	98	
2918	10	
2919	82	
2920	86	
2921	67	
2922	24	
2923	74	
2924	70	
2925	33	
2926	46	
2927	100	
2928	85	
2929	69	
2930	2	
2931	42	
2932	22	
2933	35	
2934	6	
2935	84	
2936	82	
2937	49	
2938	62	
2939	46	
2940	10	
2941	51	
2942	19	
2943	33	
2944	89	
2945	94	
2946	68	
2947	66	
2948	8	
2949	59	
2950	93	
2951	52	
2952	59	
2953	54	
2954	79	
2955	72	
2956	27	
2957	85	
2958	37	
2959	60	
2960	52	
2961	8	
2962	34	
2963	2	
2964	50	
2965	88	
2966	14	
2967	52	
2968	1	
2969	78	
2970	68	
2971	11	
2972	54	
2973	27	
2974	43	
2975	54	
2976	66	
2977	7	
2978	23	
2979	45	
2980	4	
2981	92	
2982	78	
2983	40	
2984	4	
2985	82	
2986	100	
2987	92	
2988	76	
2989	49	
2990	33	
2991	50	
2992	46	
2993	20	
2994	28	
2995	44	
2996	81	
2997	58	
2998	64	
2999	30	
3000	88	
3001	84	
3002	100	
3003	18	
3004	99	
3005	88	
3006	72	
3007	13	
3008	50	
3009	73	
3010	59	
3011	75	
3012	75	
3013	22	
3014	20	
3015	51	
3016	68	
3017	30	
3018	59	
3019	30	
3020	88	
3021	10	
3022	87	
3023	35	
3024	5	
3025	12	
3026	67	
3027	94	
3028	40	
3029	84	
3030	43	
3031	94	
3032	42	
3033	94	
3034	42	
3035	92	
3036	3	
3037	57	
3038	26	
3039	99	
3040	30	
3041	100	
3042	53	
3043	24	
3044	57	
3045	76	
3046	96	
3047	97	
3048	40	
3049	50	
3050	84	
3051	36	
3052	91	
3053	76	
3054	58	
3055	22	
3056	26	
3057	57	
3058	100	
3059	10	
3060	55	
3061	79	
3062	64	
3063	9	
3064	67	
3065	34	
3066	29	
3067	49	
3068	2	
3069	31	
3070	63	
3071	28	
3072	26	
3073	51	
3074	37	
3075	83	
3076	16	
3077	75	
3078	78	
3079	58	
3080	72	
3081	64	
3082	66	
3083	88	
3084	83	
3085	58	
3086	35	
3087	24	
3088	20	
3089	62	
3090	27	
3091	13	
3092	37	
3093	58	
3094	50	
3095	75	
3096	73	
3097	5	
3098	46	
3099	64	
3100	57	
3101	42	
3102	25	
3103	83	
3104	69	
3105	55	
3106	2	
3107	33	
3108	66	
3109	87	
3110	81	
3111	49	
3112	83	
3113	10	
3114	98	
3115	90	
3116	1	
3117	77	
3118	22	
3119	69	
3120	21	
3121	73	
3122	43	
3123	62	
3124	19	
3125	78	
3126	46	
3127	23	
3128	50	
3129	18	
3130	85	
3131	50	
3132	16	
3133	29	
3134	12	
3135	57	
3136	92	
3137	83	
3138	33	
3139	42	
3140	91	
3141	55	
3142	74	
3143	18	
3144	66	
3145	64	
3146	3	
3147	80	
3148	76	
3149	9	
3150	38	
3151	24	
3152	58	
3153	19	
3154	45	
3155	62	
3156	16	
3157	39	
3158	20	
3159	2	
3160	66	
3161	35	
3162	21	
3163	35	
3164	70	
3165	44	
3166	61	
3167	6	
3168	74	
3169	88	
3170	94	
3171	9	
3172	77	
3173	28	
3174	4	
3175	39	
3176	96	
3177	20	
3178	6	
3179	47	
3180	66	
3181	29	
3182	24	
3183	94	
3184	86	
3185	47	
3186	96	
3187	64	
3188	89	
3189	96	
3190	51	
3191	40	
3192	7	
3193	36	
3194	47	
3195	26	
3196	56	
3197	53	
3198	44	
3199	33	
3200	21	
3201	98	
3202	24	
3203	3	
3204	62	
3205	6	
3206	61	
3207	26	
3208	22	
3209	24	
3210	27	
3211	14	
3212	36	
3213	77	
3214	28	
3215	19	
3216	86	
3217	39	
3218	69	
3219	1	
3220	22	
3221	94	
3222	64	
3223	52	
3224	91	
3225	34	
3226	18	
3227	64	
3228	30	
3229	42	
3230	12	
3231	7	
3232	30	
3233	89	
3234	60	
3235	59	
3236	2	
3237	44	
3238	6	
3239	51	
3240	4	
3241	80	
3242	33	
3243	35	
3244	73	
3245	31	
3246	25	
3247	42	
3248	70	
3249	67	
3250	80	
3251	9	
3252	18	
3253	48	
3254	35	
3255	35	
3256	46	
3257	17	
3258	63	
3259	4	
3260	95	
3261	64	
3262	22	
3263	24	
3264	36	
3265	52	
3266	49	
3267	55	
3268	38	
3269	83	
3270	46	
3271	47	
3272	73	
3273	17	
3274	13	
3275	3	
3276	30	
3277	37	
3278	36	
3279	84	
3280	61	
3281	89	
3282	48	
3283	36	
3284	2	
3285	51	
3286	99	
3287	96	
3288	49	
3289	93	
3290	62	
3291	55	
3292	8	
3293	70	
3294	14	
3295	3	
3296	13	
3297	83	
3298	52	
3299	84	
3300	82	
3301	18	
3302	31	
3303	86	
3304	46	
3305	71	
3306	90	
3307	13	
3308	27	
3309	63	
3310	72	
3311	32	
3312	16	
3313	79	
3314	70	
3315	49	
3316	38	
3317	35	
3318	89	
3319	72	
3320	20	
3321	41	
3322	22	
3323	25	
3324	64	
3325	69	
3326	7	
3327	65	
3328	93	
3329	87	
3330	81	
3331	53	
3332	69	
3333	62	
3334	18	
3335	59	
3336	11	
3337	69	
3338	81	
3339	54	
3340	63	
3341	14	
3342	66	
3343	51	
3344	30	
3345	49	
3346	41	
3347	100	
3348	61	
3349	48	
3350	12	
3351	35	
3352	34	
3353	49	
3354	28	
3355	89	
3356	52	
3357	92	
3358	50	
3359	17	
3360	42	
3361	36	
3362	19	
3363	28	
3364	68	
3365	35	
3366	34	
3367	92	
3368	67	
3369	84	
3370	86	
3371	94	
3372	47	
3373	46	
3374	14	
3375	85	
3376	100	
3377	48	
3378	63	
3379	74	
3380	12	
3381	93	
3382	66	
3383	37	
3384	52	
3385	83	
3386	11	
3387	64	
3388	44	
3389	76	
3390	39	
3391	92	
3392	46	
3393	46	
3394	95	
3395	5	
3396	99	
3397	100	
3398	16	
3399	82	
3400	83	
3401	52	
3402	64	
3403	96	
3404	31	
3405	59	
3406	63	
3407	50	
3408	82	
3409	20	
3410	89	
3411	79	
3412	50	
3413	82	
3414	88	
3415	84	
3416	6	
3417	97	
3418	9	
3419	98	
3420	35	
3421	5	
3422	53	
3423	18	
3424	69	
3425	64	
3426	21	
3427	45	
3428	73	
3429	86	
3430	3	
3431	3	
3432	14	
3433	56	
3434	4	
3435	33	
3436	14	
3437	92	
3438	82	
3439	60	
3440	39	
3441	69	
3442	2	
3443	59	
3444	68	
3445	52	
3446	97	
3447	67	
3448	47	
3449	79	
3450	55	
3451	70	
3452	62	
3453	59	
3454	44	
3455	74	
3456	68	
3457	71	
3458	92	
3459	52	
3460	95	
3461	89	
3462	100	
3463	59	
3464	37	
3465	5	
3466	78	
3467	68	
3468	9	
3469	94	
3470	31	
3471	42	
3472	28	
3473	38	
3474	40	
3475	61	
3476	70	
3477	35	
3478	71	
3479	52	
3480	60	
3481	38	
3482	32	
3483	5	
3484	53	
3485	41	
3486	90	
3487	45	
3488	23	
3489	38	
3490	53	
3491	94	
3492	16	
3493	28	
3494	39	
3495	70	
3496	36	
3497	47	
3498	73	
3499	7	
3500	63	
3501	24	
3502	49	
3503	86	
3504	21	
3505	11	
3506	95	
3507	82	
3508	59	
3509	55	
3510	58	
3511	40	
3512	33	
3513	30	
3514	22	
3515	50	
3516	35	
3517	51	
3518	17	
3519	46	
3520	22	
3521	14	
3522	19	
3523	2	
3524	62	
3525	16	
3526	72	
3527	43	
3528	66	
3529	29	
3530	90	
3531	43	
3532	1	
3533	19	
3534	5	
3535	93	
3536	61	
3537	70	
3538	17	
3539	1	
3540	4	
3541	23	
3542	87	
3543	79	
3544	53	
3545	3	
3546	86	
3547	10	
3548	57	
3549	83	
3550	25	
3551	98	
3552	64	
3553	99	
3554	15	
3555	64	
3556	14	
3557	44	
3558	62	
3559	39	
3560	68	
3561	32	
3562	85	
3563	95	
3564	79	
3565	66	
3566	6	
3567	46	
3568	13	
3569	49	
3570	36	
3571	7	
3572	93	
3573	4	
3574	46	
3575	100	
3576	49	
3577	12	
3578	47	
3579	1	
3580	66	
3581	70	
3582	84	
3583	41	
3584	81	
3585	52	
3586	33	
3587	62	
3588	71	
3589	21	
3590	93	
3591	21	
3592	2	
3593	55	
3594	93	
3595	21	
3596	88	
3597	35	
3598	21	
3599	23	
3600	93	
3601	84	
3602	36	
3603	12	
3604	25	
3605	45	
3606	71	
3607	59	
3608	8	
3609	89	
3610	38	
3611	62	
3612	63	
3613	67	
3614	40	
3615	19	
3616	63	
3617	6	
3618	84	
3619	66	
3620	87	
3621	43	
3622	43	
3623	90	
3624	87	
3625	23	
3626	58	
3627	73	
3628	41	
3629	76	
3630	26	
3631	57	
3632	96	
3633	96	
3634	66	
3635	83	
3636	41	
3637	19	
3638	49	
3639	46	
3640	99	
3641	32	
3642	10	
3643	38	
3644	48	
3645	64	
3646	77	
3647	75	
3648	96	
3649	84	
3650	33	
3651	16	
3652	18	
3653	53	
3654	62	
3655	62	
3656	12	
3657	48	
3658	22	
3659	52	
3660	61	
3661	85	
3662	40	
3663	71	
3664	50	
3665	1	
3666	30	
3667	1	
3668	36	
3669	62	
3670	81	
3671	91	
3672	10	
3673	43	
3674	57	
3675	5	
3676	45	
3677	94	
3678	56	
3679	65	
3680	16	
3681	47	
3682	80	
3683	97	
3684	90	
3685	28	
3686	70	
3687	72	
3688	52	
3689	65	
3690	27	
3691	30	
3692	26	
3693	27	
3694	48	
3695	58	
3696	17	
3697	78	
3698	15	
3699	58	
3700	23	
3701	53	
3702	62	
3703	62	
3704	48	
3705	90	
3706	96	
3707	34	
3708	88	
3709	24	
3710	1	
3711	26	
3712	24	
3713	43	
3714	16	
3715	21	
3716	60	
3717	76	
3718	20	
3719	85	
3720	100	
3721	63	
3722	29	
3723	79	
3724	33	
3725	70	
3726	14	
3727	41	
3728	75	
3729	5	
3730	18	
3731	93	
3732	14	
3733	81	
3734	69	
3735	93	
3736	98	
3737	91	
3738	74	
3739	98	
3740	68	
3741	83	
3742	7	
3743	58	
3744	72	
3745	7	
3746	38	
3747	48	
3748	67	
3749	96	
3750	64	
3751	73	
3752	56	
3753	49	
3754	90	
3755	66	
3756	37	
3757	33	
3758	29	
3759	34	
3760	36	
3761	39	
3762	95	
3763	70	
3764	12	
3765	41	
3766	61	
3767	97	
3768	55	
3769	31	
3770	69	
3771	96	
3772	31	
3773	39	
3774	7	
3775	73	
3776	87	
3777	56	
3778	61	
3779	29	
3780	13	
3781	37	
3782	89	
3783	99	
3784	91	
3785	4	
3786	99	
3787	60	
3788	24	
3789	53	
3790	2	
3791	26	
3792	66	
3793	42	
3794	21	
3795	75	
3796	10	
3797	30	
3798	100	
3799	89	
3800	8	
3801	73	
3802	17	
3803	53	
3804	2	
3805	35	
3806	5	
3807	2	
3808	90	
3809	62	
3810	79	
3811	65	
3812	47	
3813	98	
3814	60	
3815	68	
3816	10	
3817	72	
3818	47	
3819	60	
3820	18	
3821	50	
3822	28	
3823	61	
3824	14	
3825	38	
3826	45	
3827	82	
3828	68	
3829	16	
3830	20	
3831	7	
3832	37	
3833	55	
3834	44	
3835	57	
3836	77	
3837	56	
3838	12	
3839	70	
3840	53	
3841	4	
3842	41	
3843	71	
3844	4	
3845	8	
3846	81	
3847	87	
3848	33	
3849	89	
3850	24	
3851	63	
3852	53	
3853	71	
3854	4	
3855	50	
3856	19	
3857	95	
3858	39	
3859	68	
3860	37	
3861	11	
3862	25	
3863	56	
3864	78	
3865	78	
3866	20	
3867	27	
3868	3	
3869	34	
3870	61	
3871	24	
3872	79	
3873	87	
3874	34	
3875	96	
3876	81	
3877	99	
3878	15	
3879	41	
3880	95	
3881	42	
3882	11	
3883	69	
3884	35	
3885	85	
3886	22	
3887	77	
3888	11	
3889	72	
3890	34	
3891	8	
3892	46	
3893	62	
3894	36	
3895	75	
3896	98	
3897	77	
3898	57	
3899	96	
3900	44	
3901	40	
3902	16	
3903	89	
3904	93	
3905	66	
3906	44	
3907	39	
3908	50	
3909	10	
3910	19	
3911	82	
3912	93	
3913	39	
3914	15	
3915	85	
3916	44	
3917	91	
3918	18	
3919	40	
3920	87	
3921	26	
3922	71	
3923	15	
3924	70	
3925	1	
3926	57	
3927	89	
3928	81	
3929	73	
3930	48	
3931	39	
3932	10	
3933	11	
3934	8	
3935	61	
3936	47	
3937	31	
3938	55	
3939	70	
3940	98	
3941	86	
3942	89	
3943	25	
3944	10	
3945	82	
3946	77	
3947	96	
3948	29	
3949	2	
3950	26	
3951	25	
3952	38	
3953	76	
3954	37	
3955	56	
3956	34	
3957	17	
3958	47	
3959	54	
3960	80	
3961	81	
3962	85	
3963	82	
3964	15	
3965	74	
3966	26	
3967	43	
3968	76	
3969	99	
3970	96	
3971	27	
3972	74	
3973	59	
3974	64	
3975	59	
3976	99	
3977	60	
3978	85	
3979	45	
3980	18	
3981	70	
3982	17	
3983	68	
3984	9	
3985	91	
3986	29	
3987	16	
3988	46	
3989	22	
3990	23	
3991	93	
3992	79	
3993	39	
3994	68	
3995	10	
3996	47	
3997	98	
3998	69	
3999	76	
4000	89	
4001	49	
4002	47	
4003	22	
4004	45	
4005	68	
4006	5	
4007	80	
4008	64	
4009	48	
4010	2	
4011	33	
4012	54	
4013	86	
4014	65	
4015	22	
4016	92	
4017	79	
4018	59	
4019	99	
4020	45	
4021	96	
4022	49	
4023	99	
4024	66	
4025	32	
4026	12	
4027	50	
4028	15	
4029	79	
4030	74	
4031	27	
4032	53	
4033	75	
4034	80	
4035	4	
4036	80	
4037	26	
4038	23	
4039	11	
4040	84	
4041	32	
4042	61	
4043	20	
4044	78	
4045	3	
4046	15	
4047	79	
4048	14	
4049	47	
4050	62	
4051	57	
4052	100	
4053	38	
4054	8	
4055	11	
4056	68	
4057	47	
4058	65	
4059	100	
4060	67	
4061	36	
4062	81	
4063	62	
4064	93	
4065	33	
4066	78	
4067	89	
4068	79	
4069	48	
4070	79	
4071	24	
4072	68	
4073	77	
4074	13	
4075	93	
4076	82	
4077	93	
4078	86	
4079	11	
4080	56	
4081	16	
4082	3	
4083	17	
4084	74	
4085	81	
4086	73	
4087	90	
4088	58	
4089	82	
4090	5	
4091	89	
4092	27	
4093	10	
4094	41	
4095	98	
4096	65	
4097	48	
4098	53	
4099	52	
4100	70	
4101	51	
4102	85	
4103	33	
4104	92	
4105	26	
4106	3	
4107	9	
4108	73	
4109	95	
4110	96	
4111	25	
4112	65	
4113	58	
4114	77	
4115	91	
4116	65	
4117	68	
4118	55	
4119	64	
4120	15	
4121	10	
4122	70	
4123	84	
4124	90	
4125	84	
4126	11	
4127	58	
4128	76	
4129	60	
4130	3	
4131	34	
4132	20	
4133	15	
4134	84	
4135	28	
4136	39	
4137	100	
4138	87	
4139	32	
4140	44	
4141	10	
4142	94	
4143	25	
4144	98	
4145	84	
4146	90	
4147	73	
4148	82	
4149	92	
4150	99	
4151	80	
4152	92	
4153	74	
4154	84	
4155	22	
4156	77	
4157	68	
4158	22	
4159	52	
4160	31	
4161	17	
4162	30	
4163	99	
4164	65	
4165	95	
4166	29	
4167	58	
4168	58	
4169	11	
4170	85	
4171	89	
4172	23	
4173	9	
4174	71	
4175	97	
4176	7	
4177	7	
4178	63	
4179	28	
4180	16	
4181	97	
4182	49	
4183	75	
4184	65	
4185	31	
4186	20	
4187	90	
4188	7	
4189	79	
4190	23	
4191	92	
4192	82	
4193	46	
4194	86	
4195	26	
4196	38	
4197	12	
4198	76	
4199	82	
4200	32	
4201	46	
4202	20	
4203	45	
4204	17	
4205	66	
4206	8	
4207	35	
4208	11	
4209	50	
4210	71	
4211	55	
4212	45	
4213	90	
4214	28	
4215	13	
4216	69	
4217	57	
4218	38	
4219	38	
4220	29	
4221	60	
4222	54	
4223	16	
4224	48	
4225	20	
4226	80	
4227	96	
4228	71	
4229	98	
4230	100	
4231	33	
4232	11	
4233	6	
4234	48	
4235	84	
4236	31	
4237	78	
4238	12	
4239	59	
4240	3	
4241	46	
4242	52	
4243	12	
4244	18	
4245	72	
4246	29	
4247	13	
4248	25	
4249	75	
4250	38	
4251	27	
4252	18	
4253	37	
4254	62	
4255	61	
4256	34	
4257	58	
4258	24	
4259	36	
4260	4	
4261	96	
4262	6	
4263	38	
4264	52	
4265	7	
4266	34	
4267	45	
4268	36	
4269	36	
4270	89	
4271	70	
4272	7	
4273	63	
4274	66	
4275	48	
4276	50	
4277	78	
4278	60	
4279	68	
4280	4	
4281	90	
4282	3	
4283	72	
4284	84	
4285	55	
4286	72	
4287	74	
4288	31	
4289	9	
4290	22	
4291	7	
4292	64	
4293	91	
4294	25	
4295	10	
4296	74	
4297	96	
4298	38	
4299	97	
4300	69	
4301	62	
4302	60	
4303	32	
4304	94	
4305	16	
4306	95	
4307	54	
4308	70	
4309	25	
4310	64	
4311	10	
4312	72	
4313	73	
4314	45	
4315	71	
4316	85	
4317	17	
4318	60	
4319	61	
4320	64	
4321	77	
4322	53	
4323	9	
4324	88	
4325	34	
4326	98	
4327	93	
4328	34	
4329	33	
4330	72	
4331	91	
4332	26	
4333	52	
4334	8	
4335	61	
4336	21	
4337	98	
4338	16	
4339	71	
4340	93	
4341	77	
4342	98	
4343	86	
4344	78	
4345	45	
4346	22	
4347	1	
4348	21	
4349	44	
4350	49	
4351	7	
4352	13	
4353	89	
4354	74	
4355	89	
4356	35	
4357	46	
4358	41	
4359	27	
4360	51	
4361	32	
4362	15	
4363	4	
4364	26	
4365	3	
4366	7	
4367	76	
4368	28	
4369	93	
4370	84	
4371	67	
4372	97	
4373	22	
4374	18	
4375	8	
4376	85	
4377	26	
4378	40	
4379	97	
4380	69	
4381	79	
4382	12	
4383	71	
4384	29	
4385	46	
4386	84	
4387	44	
4388	42	
4389	71	
4390	65	
4391	19	
4392	51	
4393	59	
4394	96	
4395	75	
4396	98	
4397	11	
4398	14	
4399	65	
4400	46	
4401	84	
4402	17	
4403	17	
4404	67	
4405	11	
4406	35	
4407	54	
4408	23	
4409	79	
4410	19	
4411	60	
4412	97	
4413	91	
4414	49	
4415	18	
4416	89	
4417	95	
4418	92	
4419	78	
4420	45	
4421	96	
4422	7	
4423	33	
4424	75	
4425	99	
4426	26	
4427	74	
4428	54	
4429	88	
4430	8	
4431	66	
4432	67	
4433	100	
4434	16	
4435	2	
4436	50	
4437	16	
4438	25	
4439	38	
4440	48	
4441	9	
4442	60	
4443	61	
4444	32	
4445	88	
4446	99	
4447	40	
4448	37	
4449	81	
4450	17	
4451	90	
4452	63	
4453	86	
4454	30	
4455	43	
4456	99	
4457	91	
4458	66	
4459	59	
4460	5	
4461	29	
4462	58	
4463	1	
4464	85	
4465	44	
4466	28	
4467	22	
4468	68	
4469	34	
4470	14	
4471	88	
4472	74	
4473	24	
4474	31	
4475	34	
4476	91	
4477	50	
4478	55	
4479	16	
4480	8	
4481	32	
4482	77	
4483	13	
4484	53	
4485	81	
4486	28	
4487	83	
4488	58	
4489	60	
4490	80	
4491	62	
4492	11	
4493	55	
4494	99	
4495	86	
4496	82	
4497	17	
4498	74	
4499	20	
4500	2	
4501	69	
4502	8	
4503	46	
4504	94	
4505	95	
4506	59	
4507	88	
4508	30	
4509	24	
4510	52	
4511	63	
4512	3	
4513	35	
4514	9	
4515	66	
4516	18	
4517	48	
4518	98	
4519	85	
4520	96	
4521	29	
4522	67	
4523	92	
4524	74	
4525	1	
4526	65	
4527	38	
4528	94	
4529	15	
4530	50	
4531	9	
4532	27	
4533	25	
4534	3	
4535	65	
4536	59	
4537	55	
4538	6	
4539	90	
4540	48	
4541	66	
4542	43	
4543	8	
4544	25	
4545	47	
4546	96	
4547	74	
4548	79	
4549	8	
4550	27	
4551	10	
4552	27	
4553	27	
4554	8	
4555	33	
4556	12	
4557	92	
4558	33	
4559	57	
4560	35	
4561	37	
4562	83	
4563	84	
4564	32	
4565	1	
4566	97	
4567	88	
4568	55	
4569	91	
4570	73	
4571	46	
4572	58	
4573	86	
4574	28	
4575	21	
4576	39	
4577	48	
4578	48	
4579	49	
4580	8	
4581	20	
4582	29	
4583	94	
4584	85	
4585	22	
4586	14	
4587	64	
4588	14	
4589	7	
4590	46	
4591	67	
4592	26	
4593	100	
4594	46	
4595	18	
4596	68	
4597	6	
4598	15	
4599	61	
4600	55	
4601	52	
4602	94	
4603	8	
4604	23	
4605	89	
4606	94	
4607	67	
4608	89	
4609	29	
4610	62	
4611	74	
4612	89	
4613	17	
4614	12	
4615	64	
4616	26	
4617	61	
4618	46	
4619	50	
4620	11	
4621	16	
4622	30	
4623	67	
4624	46	
4625	24	
4626	43	
4627	43	
4628	89	
4629	91	
4630	52	
4631	1	
4632	42	
4633	18	
4634	37	
4635	34	
4636	44	
4637	58	
4638	74	
4639	57	
4640	10	
4641	11	
4642	73	
4643	62	
4644	57	
4645	27	
4646	46	
4647	18	
4648	11	
4649	21	
4650	36	
4651	75	
4652	48	
4653	76	
4654	78	
4655	45	
4656	33	
4657	72	
4658	5	
4659	86	
4660	92	
4661	37	
4662	74	
4663	75	
4664	69	
4665	44	
4666	6	
4667	66	
4668	77	
4669	23	
4670	67	
4671	77	
4672	43	
4673	18	
4674	94	
4675	73	
4676	40	
4677	81	
4678	97	
4679	45	
4680	12	
4681	82	
4682	43	
4683	58	
4684	16	
4685	54	
4686	61	
4687	7	
4688	20	
4689	17	
4690	93	
4691	8	
4692	72	
4693	52	
4694	82	
4695	92	
4696	60	
4697	51	
4698	16	
4699	64	
4700	97	
4701	9	
4702	10	
4703	63	
4704	63	
4705	65	
4706	41	
4707	94	
4708	43	
4709	56	
4710	21	
4711	95	
4712	37	
4713	43	
4714	40	
4715	20	
4716	16	
4717	88	
4718	20	
4719	19	
4720	50	
4721	94	
4722	70	
4723	80	
4724	35	
4725	39	
4726	39	
4727	16	
4728	46	
4729	83	
4730	36	
4731	17	
4732	29	
4733	39	
4734	75	
4735	61	
4736	68	
4737	12	
4738	93	
4739	26	
4740	86	
4741	64	
4742	75	
4743	80	
4744	49	
4745	77	
4746	43	
4747	65	
4748	16	
4749	75	
4750	10	
4751	53	
4752	96	
4753	48	
4754	81	
4755	39	
4756	82	
4757	75	
4758	14	
4759	70	
4760	40	
4761	35	
4762	69	
4763	97	
4764	49	
4765	6	
4766	81	
4767	13	
4768	35	
4769	21	
4770	51	
4771	44	
4772	73	
4773	64	
4774	87	
4775	44	
4776	24	
4777	72	
4778	83	
4779	76	
4780	76	
4781	78	
4782	29	
4783	14	
4784	2	
4785	15	
4786	2	
4787	85	
4788	100	
4789	91	
4790	27	
4791	39	
4792	54	
4793	36	
4794	84	
4795	36	
4796	40	
4797	90	
4798	49	
4799	11	
4800	79	
4801	82	
4802	14	
4803	10	
4804	11	
4805	33	
4806	88	
4807	62	
4808	100	
4809	7	
4810	97	
4811	21	
4812	39	
4813	30	
4814	58	
4815	2	
4816	7	
4817	38	
4818	88	
4819	26	
4820	66	
4821	88	
4822	17	
4823	82	
4824	39	
4825	41	
4826	69	
4827	69	
4828	7	
4829	18	
4830	95	
4831	44	
4832	42	
4833	3	
4834	63	
4835	1	
4836	49	
4837	90	
4838	7	
4839	31	
4840	39	
4841	23	
4842	89	
4843	78	
4844	85	
4845	59	
4846	37	
4847	17	
4848	36	
4849	82	
4850	4	
4851	85	
4852	11	
4853	90	
4854	25	
4855	72	
4856	35	
4857	3	
4858	75	
4859	32	
4860	17	
4861	3	
4862	10	
4863	80	
4864	68	
4865	66	
4866	26	
4867	56	
4868	26	
4869	60	
4870	40	
4871	34	
4872	73	
4873	67	
4874	86	
4875	9	
4876	40	
4877	72	
4878	33	
4879	98	
4880	48	
4881	62	
4882	45	
4883	74	
4884	61	
4885	25	
4886	22	
4887	85	
4888	36	
4889	78	
4890	19	
4891	79	
4892	40	
4893	25	
4894	27	
4895	90	
4896	79	
4897	76	
4898	70	
4899	25	
4900	79	
4901	11	
4902	50	
4903	12	
4904	35	
4905	96	
4906	72	
4907	58	
4908	5	
4909	10	
4910	70	
4911	49	
4912	84	
4913	100	
4914	92	
4915	35	
4916	9	
4917	64	
4918	21	
4919	56	
4920	4	
4921	25	
4922	81	
4923	100	
4924	5	
4925	99	
4926	86	
4927	3	
4928	57	
4929	44	
4930	44	
4931	36	
4932	72	
4933	38	
4934	26	
4935	61	
4936	73	
4937	42	
4938	37	
4939	67	
4940	47	
4941	4	
4942	94	
4943	16	
4944	100	
4945	9	
4946	57	
4947	33	
4948	42	
4949	19	
4950	38	
4951	94	
4952	72	
4953	93	
4954	36	
4955	71	
4956	27	
4957	78	
4958	58	
4959	11	
4960	58	
4961	80	
4962	12	
4963	30	
4964	20	
4965	42	
4966	56	
4967	64	
4968	63	
4969	36	
4970	15	
4971	29	
4972	96	
4973	99	
4974	67	
4975	69	
4976	91	
4977	36	
4978	12	
4979	63	
4980	38	
4981	67	
4982	16	
4983	19	
4984	83	
4985	86	
4986	85	
4987	41	
4988	32	
4989	97	
4990	92	
4991	89	
4992	75	
4993	81	
4994	97	
4995	43	
4996	8	
4997	31	
4998	51	
4999	74	
5000	40	
5001	11	
5002	6	
5003	35	
5004	13	
5005	95	
5006	53	
5007	56	
5008	2	
5009	27	
5010	16	
5011	83	
5012	13	
5013	68	
5014	72	
5015	50	
5016	54	
5017	35	
5018	3	
5019	14	
5020	56	
5021	53	
5022	23	
5023	82	
5024	64	
5025	6	
5026	4	
5027	19	
5028	23	
5029	64	
5030	8	
5031	71	
5032	100	
5033	90	
5034	68	
5035	59	
5036	61	
5037	87	
5038	49	
5039	79	
5040	73	
5041	31	
5042	61	
5043	90	
5044	53	
5045	6	
5046	46	
5047	16	
5048	56	
5049	77	
5050	7	
5051	6	
5052	4	
5053	74	
5054	88	
5055	50	
5056	81	
5057	92	
5058	88	
5059	69	
5060	58	
5061	86	
5062	98	
5063	54	
5064	97	
5065	15	
5066	86	
5067	22	
5068	53	
5069	84	
5070	87	
5071	59	
5072	67	
5073	47	
5074	29	
5075	19	
5076	64	
5077	92	
5078	61	
5079	64	
5080	94	
5081	59	
5082	9	
5083	92	
5084	68	
5085	63	
5086	55	
5087	24	
5088	89	
5089	47	
5090	2	
5091	61	
5092	77	
5093	4	
5094	6	
5095	96	
5096	13	
5097	63	
5098	43	
5099	59	
5100	41	
5101	30	
5102	43	
5103	31	
5104	53	
5105	4	
5106	9	
5107	59	
5108	2	
5109	31	
5110	6	
5111	8	
5112	12	
5113	46	
5114	24	
5115	60	
5116	56	
5117	65	
5118	63	
5119	32	
5120	28	
5121	98	
5122	82	
5123	49	
5124	15	
5125	39	
5126	96	
5127	52	
5128	92	
5129	53	
5130	77	
5131	3	
5132	40	
5133	36	
5134	12	
5135	1	
5136	7	
5137	81	
5138	36	
5139	26	
5140	96	
5141	42	
5142	24	
5143	97	
5144	53	
5145	90	
5146	1	
5147	24	
5148	95	
5149	63	
5150	85	
5151	32	
5152	36	
5153	54	
5154	27	
5155	87	
5156	1	
5157	71	
5158	79	
5159	79	
5160	87	
5161	83	
5162	69	
5163	22	
5164	55	
5165	91	
5166	94	
5167	2	
5168	12	
5169	59	
5170	72	
5171	35	
5172	86	
5173	2	
5174	64	
5175	94	
5176	38	
5177	14	
5178	92	
5179	42	
5180	85	
5181	31	
5182	88	
5183	54	
5184	39	
5185	34	
5186	62	
5187	35	
5188	67	
5189	75	
5190	96	
5191	33	
5192	54	
5193	1	
5194	18	
5195	39	
5196	10	
5197	6	
5198	51	
5199	25	
5200	40	
5201	30	
5202	30	
5203	67	
5204	36	
5205	3	
5206	46	
5207	85	
5208	95	
5209	19	
5210	68	
5211	62	
5212	68	
5213	6	
5214	73	
5215	14	
5216	9	
5217	51	
5218	31	
5219	55	
5220	96	
5221	92	
5222	15	
5223	57	
5224	33	
5225	45	
5226	13	
5227	95	
5228	8	
5229	3	
5230	53	
5231	15	
5232	33	
5233	2	
5234	25	
5235	70	
5236	41	
5237	48	
5238	90	
5239	2	
5240	67	
5241	81	
5242	10	
5243	73	
5244	10	
5245	63	
5246	56	
5247	34	
5248	27	
5249	61	
5250	1	
5251	80	
5252	13	
5253	82	
5254	39	
5255	4	
5256	23	
5257	61	
5258	42	
5259	73	
5260	42	
5261	39	
5262	64	
5263	67	
5264	41	
5265	98	
5266	22	
5267	23	
5268	17	
5269	54	
5270	46	
5271	34	
5272	71	
5273	79	
5274	1	
5275	63	
5276	99	
5277	8	
5278	80	
5279	24	
5280	61	
5281	31	
5282	69	
5283	45	
5284	42	
5285	80	
5286	77	
5287	6	
5288	77	
5289	81	
5290	64	
5291	14	
5292	23	
5293	17	
5294	25	
5295	43	
5296	44	
5297	34	
5298	25	
5299	43	
5300	90	
5301	68	
5302	65	
5303	61	
5304	23	
5305	78	
5306	94	
5307	52	
5308	5	
5309	85	
5310	34	
5311	76	
5312	54	
5313	14	
5314	90	
5315	76	
5316	42	
5317	15	
5318	24	
5319	54	
5320	58	
5321	22	
5322	60	
5323	2	
5324	68	
5325	35	
5326	52	
5327	96	
5328	20	
5329	92	
5330	77	
5331	9	
5332	42	
5333	83	
5334	45	
5335	95	
5336	74	
5337	29	
5338	73	
5339	75	
5340	41	
5341	48	
5342	30	
5343	83	
5344	87	
5345	78	
5346	17	
5347	90	
5348	82	
5349	42	
5350	17	
5351	64	
5352	7	
5353	20	
5354	33	
5355	49	
5356	49	
5357	65	
5358	5	
5359	73	
5360	70	
5361	74	
5362	87	
5363	46	
5364	37	
5365	43	
5366	15	
5367	39	
5368	13	
5369	30	
5370	49	
5371	36	
5372	54	
5373	23	
5374	47	
5375	49	
5376	28	
5377	18	
5378	2	
5379	26	
5380	41	
5381	46	
5382	80	
5383	74	
5384	23	
5385	18	
5386	72	
5387	66	
5388	9	
5389	48	
5390	95	
5391	48	
5392	33	
5393	88	
5394	11	
5395	74	
5396	52	
5397	32	
5398	31	
5399	98	
5400	75	
5401	86	
5402	51	
5403	21	
5404	66	
5405	26	
5406	86	
5407	81	
5408	24	
5409	11	
5410	52	
5411	57	
5412	24	
5413	35	
5414	8	
5415	26	
5416	16	
5417	29	
5418	89	
5419	17	
5420	93	
5421	72	
5422	90	
5423	2	
5424	71	
5425	99	
5426	96	
5427	12	
5428	63	
5429	96	
5430	68	
5431	75	
5432	25	
5433	64	
5434	39	
5435	23	
5436	38	
5437	46	
5438	91	
5439	76	
5440	36	
5441	45	
5442	64	
5443	43	
5444	83	
5445	76	
5446	90	
5447	1	
5448	43	
5449	89	
5450	96	
5451	23	
5452	24	
5453	5	
5454	4	
5455	46	
5456	17	
5457	79	
5458	34	
5459	17	
5460	2	
5461	62	
5462	90	
5463	39	
5464	31	
5465	18	
5466	72	
5467	81	
5468	77	
5469	31	
5470	21	
5471	94	
5472	92	
5473	55	
5474	10	
5475	79	
5476	93	
5477	70	
5478	9	
5479	66	
5480	99	
5481	41	
5482	72	
5483	32	
5484	24	
5485	54	
5486	59	
5487	61	
5488	38	
5489	76	
5490	83	
5491	100	
5492	72	
5493	92	
5494	83	
5495	61	
5496	28	
5497	64	
5498	51	
5499	33	
5500	36	
5501	45	
5502	53	
5503	62	
5504	51	
5505	69	
5506	29	
5507	18	
5508	71	
5509	97	
5510	3	
5511	42	
5512	86	
5513	78	
5514	73	
5515	96	
5516	54	
5517	55	
5518	59	
5519	98	
5520	43	
5521	45	
5522	5	
5523	38	
5524	29	
5525	63	
5526	25	
5527	55	
5528	17	
5529	99	
5530	7	
5531	24	
5532	43	
5533	87	
5534	82	
5535	25	
5536	38	
5537	85	
5538	58	
5539	39	
5540	64	
5541	76	
5542	81	
5543	24	
5544	5	
5545	48	
5546	64	
5547	26	
5548	17	
5549	82	
5550	81	
5551	3	
5552	92	
5553	94	
5554	45	
5555	27	
5556	31	
5557	7	
5558	64	
5559	31	
5560	5	
5561	83	
5562	73	
5563	41	
5564	69	
5565	69	
5566	89	
5567	27	
5568	24	
5569	77	
5570	40	
5571	7	
5572	41	
5573	40	
5574	14	
5575	69	
5576	19	
5577	6	
5578	57	
5579	43	
5580	19	
5581	85	
5582	17	
5583	25	
5584	8	
5585	97	
5586	58	
5587	59	
5588	24	
5589	7	
5590	14	
5591	13	
5592	77	
5593	36	
5594	93	
5595	94	
5596	95	
5597	64	
5598	70	
5599	83	
5600	86	
5601	45	
5602	25	
5603	54	
5604	66	
5605	8	
5606	16	
5607	45	
5608	17	
5609	13	
5610	16	
5611	42	
5612	44	
5613	88	
5614	43	
5615	83	
5616	28	
5617	43	
5618	61	
5619	1	
5620	24	
5621	24	
5622	40	
5623	30	
5624	61	
5625	97	
5626	66	
5627	64	
5628	44	
5629	100	
5630	84	
5631	90	
5632	24	
5633	19	
5634	58	
5635	19	
5636	2	
5637	41	
5638	23	
5639	40	
5640	98	
5641	12	
5642	24	
5643	40	
5644	10	
5645	13	
5646	38	
5647	39	
5648	79	
5649	95	
5650	73	
5651	5	
5652	96	
5653	9	
5654	97	
5655	94	
5656	25	
5657	2	
5658	89	
5659	33	
5660	25	
5661	41	
5662	4	
5663	67	
5664	81	
5665	57	
5666	58	
5667	7	
5668	22	
5669	47	
5670	97	
5671	97	
5672	64	
5673	36	
5674	58	
5675	57	
5676	83	
5677	29	
5678	70	
5679	42	
5680	58	
5681	59	
5682	63	
5683	53	
5684	40	
5685	3	
5686	75	
5687	64	
5688	12	
5689	13	
5690	22	
5691	89	
5692	50	
5693	54	
5694	81	
5695	51	
5696	90	
5697	79	
5698	31	
5699	46	
5700	30	
5701	97	
5702	20	
5703	36	
5704	68	
5705	25	
5706	37	
5707	28	
5708	35	
5709	15	
5710	53	
5711	31	
5712	41	
5713	56	
5714	99	
5715	46	
5716	48	
5717	82	
5718	31	
5719	17	
5720	26	
5721	16	
5722	56	
5723	32	
5724	34	
5725	8	
5726	36	
5727	50	
5728	79	
5729	62	
5730	57	
5731	27	
5732	97	
5733	16	
5734	28	
5735	19	
5736	1	
5737	98	
5738	22	
5739	70	
5740	87	
5741	33	
5742	45	
5743	91	
5744	63	
5745	33	
5746	17	
5747	71	
5748	23	
5749	25	
5750	44	
5751	21	
5752	81	
5753	27	
5754	48	
5755	9	
5756	2	
5757	82	
5758	93	
5759	75	
5760	79	
5761	22	
5762	57	
5763	39	
5764	64	
5765	72	
5766	38	
5767	96	
5768	53	
5769	60	
5770	81	
5771	74	
5772	23	
5773	16	
5774	34	
5775	49	
5776	85	
5777	51	
5778	12	
5779	74	
5780	53	
5781	45	
5782	23	
5783	83	
5784	58	
5785	79	
5786	21	
5787	93	
5788	66	
5789	25	
5790	88	
5791	11	
5792	3	
5793	98	
5794	83	
5795	77	
5796	47	
5797	36	
5798	50	
5799	43	
5800	21	
5801	30	
5802	69	
5803	37	
5804	10	
5805	15	
5806	73	
5807	43	
5808	31	
5809	26	
5810	24	
5811	36	
5812	12	
5813	65	
5814	100	
5815	56	
5816	92	
5817	88	
5818	76	
5819	99	
5820	41	
5821	93	
5822	84	
5823	25	
5824	46	
5825	7	
5826	15	
5827	54	
5828	9	
5829	53	
5830	92	
5831	41	
5832	52	
5833	85	
5834	23	
5835	27	
5836	53	
5837	11	
5838	70	
5839	38	
5840	68	
5841	29	
5842	50	
5843	84	
5844	54	
5845	34	
5846	94	
5847	99	
5848	97	
5849	58	
5850	57	
5851	28	
5852	64	
5853	33	
5854	5	
5855	18	
5856	77	
5857	97	
5858	32	
5859	34	
5860	2	
5861	78	
5862	59	
5863	34	
5864	31	
5865	65	
5866	6	
5867	99	
5868	32	
5869	88	
5870	61	
5871	89	
5872	49	
5873	69	
5874	10	
5875	95	
5876	91	
5877	36	
5878	98	
5879	73	
5880	22	
5881	92	
5882	91	
5883	12	
5884	74	
5885	98	
5886	76	
5887	46	
5888	60	
5889	91	
5890	26	
5891	20	
5892	16	
5893	64	
5894	31	
5895	77	
5896	90	
5897	78	
5898	83	
5899	30	
5900	66	
5901	65	
5902	77	
5903	18	
5904	46	
5905	62	
5906	28	
5907	17	
5908	64	
5909	10	
5910	51	
5911	18	
5912	62	
5913	66	
5914	39	
5915	82	
5916	12	
5917	56	
5918	33	
5919	57	
5920	78	
5921	46	
5922	59	
5923	17	
5924	29	
5925	79	
5926	82	
5927	72	
5928	16	
5929	47	
5930	98	
5931	64	
5932	4	
5933	7	
5934	82	
5935	98	
5936	14	
5937	27	
5938	31	
5939	5	
5940	37	
5941	5	
5942	10	
5943	18	
5944	34	
5945	6	
5946	100	
5947	47	
5948	74	
5949	26	
5950	84	
5951	38	
5952	32	
5953	89	
5954	85	
5955	37	
5956	93	
5957	18	
5958	73	
5959	52	
5960	54	
5961	76	
5962	10	
5963	68	
5964	98	
5965	21	
5966	26	
5967	16	
5968	17	
5969	53	
5970	4	
5971	76	
5972	6	
5973	13	
5974	3	
5975	15	
5976	66	
5977	42	
5978	32	
5979	75	
5980	79	
5981	17	
5982	92	
5983	21	
5984	82	
5985	93	
5986	44	
5987	35	
5988	62	
5989	94	
5990	43	
5991	27	
5992	71	
5993	86	
5994	4	
5995	99	
5996	11	
5997	92	
5998	51	
5999	29	
6000	61	
6001	51	
6002	54	
6003	10	
6004	6	
6005	49	
6006	5	
6007	44	
6008	37	
6009	14	
6010	44	
6011	45	
6012	64	
6013	80	
6014	70	
6015	7	
6016	71	
6017	34	
6018	61	
6019	96	
6020	94	
6021	31	
6022	66	
6023	5	
6024	96	
6025	45	
6026	48	
6027	93	
6028	32	
6029	12	
6030	65	
6031	1	
6032	32	
6033	54	
6034	54	
6035	26	
6036	5	
6037	70	
6038	37	
6039	23	
6040	56	
6041	96	
6042	43	
6043	70	
6044	17	
6045	84	
6046	37	
6047	92	
6048	52	
6049	4	
6050	12	
6051	47	
6052	5	
6053	12	
6054	31	
6055	54	
6056	53	
6057	77	
6058	81	
6059	1	
6060	48	
6061	80	
6062	33	
6063	79	
6064	70	
6065	42	
6066	72	
6067	73	
6068	85	
6069	64	
6070	59	
6071	9	
6072	70	
6073	29	
6074	83	
6075	9	
6076	85	
6077	41	
6078	82	
6079	28	
6080	24	
6081	82	
6082	45	
6083	17	
6084	56	
6085	18	
6086	13	
6087	97	
6088	77	
6089	29	
6090	100	
6091	56	
6092	88	
6093	65	
6094	79	
6095	16	
6096	25	
6097	14	
6098	91	
6099	66	
6100	48	
6101	54	
6102	38	
6103	66	
6104	13	
6105	72	
6106	53	
6107	71	
6108	1	
6109	94	
6110	93	
6111	18	
6112	92	
6113	76	
6114	63	
6115	66	
6116	27	
6117	48	
6118	29	
6119	15	
6120	25	
6121	94	
6122	16	
6123	37	
6124	24	
6125	79	
6126	83	
6127	59	
6128	54	
6129	99	
6130	20	
6131	10	
6132	34	
6133	17	
6134	79	
6135	1	
6136	50	
6137	3	
6138	100	
6139	52	
6140	64	
6141	80	
6142	5	
6143	95	
6144	24	
6145	19	
6146	91	
6147	33	
6148	13	
6149	19	
6150	91	
6151	43	
6152	61	
6153	7	
6154	15	
6155	49	
6156	79	
6157	9	
6158	24	
6159	9	
6160	64	
6161	93	
6162	35	
6163	65	
6164	60	
6165	96	
6166	5	
6167	94	
6168	92	
6169	3	
6170	33	
6171	51	
6172	32	
6173	94	
6174	55	
6175	2	
6176	87	
6177	39	
6178	24	
6179	83	
6180	99	
6181	19	
6182	78	
6183	66	
6184	48	
6185	1	
6186	42	
6187	23	
6188	58	
6189	28	
6190	46	
6191	78	
6192	13	
6193	43	
6194	11	
6195	78	
6196	90	
6197	60	
6198	74	
6199	23	
6200	73	
6201	31	
6202	83	
6203	61	
6204	30	
6205	66	
6206	98	
6207	92	
6208	34	
6209	24	
6210	59	
6211	24	
6212	73	
6213	87	
6214	71	
6215	88	
6216	7	
6217	64	
6218	92	
6219	25	
6220	88	
6221	87	
6222	83	
6223	73	
6224	46	
6225	14	
6226	36	
6227	94	
6228	16	
6229	37	
6230	75	
6231	62	
6232	25	
6233	24	
6234	71	
6235	82	
6236	25	
6237	9	
6238	31	
6239	33	
6240	52	
6241	17	
6242	35	
6243	95	
6244	58	
6245	40	
6246	98	
6247	44	
6248	33	
6249	71	
6250	11	
6251	65	
6252	71	
6253	59	
6254	93	
6255	79	
6256	66	
6257	5	
6258	84	
6259	100	
6260	49	
6261	90	
6262	27	
6263	27	
6264	50	
6265	9	
6266	93	
6267	97	
6268	51	
6269	70	
6270	2	
6271	80	
6272	39	
6273	67	
6274	30	
6275	93	
6276	23	
6277	14	
6278	38	
6279	51	
6280	23	
6281	31	
6282	59	
6283	91	
6284	36	
6285	12	
6286	100	
6287	20	
6288	42	
6289	77	
6290	41	
6291	61	
6292	73	
6293	36	
6294	44	
6295	12	
6296	58	
6297	24	
6298	29	
6299	67	
6300	8	
6301	99	
6302	47	
6303	62	
6304	72	
6305	33	
6306	17	
6307	46	
6308	79	
6309	84	
6310	4	
6311	93	
6312	77	
6313	27	
6314	54	
6315	28	
6316	82	
6317	6	
6318	77	
6319	15	
6320	10	
6321	2	
6322	47	
6323	49	
6324	18	
6325	94	
6326	58	
6327	46	
6328	9	
6329	46	
6330	34	
6331	19	
6332	25	
6333	76	
6334	21	
6335	78	
6336	2	
6337	76	
6338	63	
6339	57	
6340	20	
6341	23	
6342	63	
6343	49	
6344	50	
6345	1	
6346	41	
6347	88	
6348	7	
6349	15	
6350	92	
6351	17	
6352	97	
6353	63	
6354	64	
6355	44	
6356	78	
6357	81	
6358	78	
6359	12	
6360	96	
6361	54	
6362	76	
6363	78	
6364	22	
6365	63	
6366	68	
6367	1	
6368	3	
6369	24	
6370	86	
6371	54	
6372	91	
6373	94	
6374	88	
6375	100	
6376	19	
6377	14	
6378	67	
6379	34	
6380	59	
6381	46	
6382	21	
6383	89	
6384	56	
6385	33	
6386	30	
6387	37	
6388	13	
6389	77	
6390	8	
6391	24	
6392	43	
6393	18	
6394	17	
6395	20	
6396	91	
6397	42	
6398	77	
6399	55	
6400	95	
6401	44	
6402	83	
6403	23	
6404	95	
6405	86	
6406	71	
6407	85	
6408	68	
6409	45	
6410	82	
6411	67	
6412	4	
6413	73	
6414	71	
6415	20	
6416	14	
6417	92	
6418	57	
6419	16	
6420	100	
6421	97	
6422	100	
6423	79	
6424	13	
6425	91	
6426	3	
6427	84	
6428	3	
6429	97	
6430	76	
6431	92	
6432	16	
6433	37	
6434	25	
6435	54	
6436	54	
6437	35	
6438	31	
6439	77	
6440	28	
6441	44	
6442	23	
6443	27	
6444	4	
6445	33	
6446	18	
6447	30	
6448	28	
6449	39	
6450	62	
6451	91	
6452	51	
6453	46	
6454	97	
6455	4	
6456	43	
6457	76	
6458	38	
6459	55	
6460	54	
6461	93	
6462	53	
6463	95	
6464	8	
6465	30	
6466	93	
6467	23	
6468	32	
6469	80	
6470	13	
6471	76	
6472	36	
6473	51	
6474	57	
6475	37	
6476	95	
6477	98	
6478	60	
6479	6	
6480	62	
6481	31	
6482	85	
6483	91	
6484	38	
6485	52	
6486	48	
6487	76	
6488	25	
6489	86	
6490	91	
6491	89	
6492	42	
6493	10	
6494	35	
6495	88	
6496	83	
6497	48	
6498	59	
6499	11	
6500	71	
6501	58	
6502	20	
6503	49	
6504	99	
6505	68	
6506	37	
6507	78	
6508	6	
6509	83	
6510	71	
6511	85	
6512	63	
6513	15	
6514	45	
6515	87	
6516	96	
6517	90	
6518	92	
6519	55	
6520	6	
6521	53	
6522	98	
6523	29	
6524	97	
6525	3	
6526	39	
6527	49	
6528	82	
6529	75	
6530	94	
6531	2	
6532	84	
6533	93	
6534	86	
6535	45	
6536	34	
6537	53	
6538	59	
6539	78	
6540	53	
6541	100	
6542	75	
6543	59	
6544	64	
6545	4	
6546	39	
6547	49	
6548	57	
6549	61	
6550	94	
6551	28	
6552	55	
6553	88	
6554	91	
6555	60	
6556	71	
6557	22	
6558	64	
6559	51	
6560	93	
6561	14	
6562	23	
6563	28	
6564	22	
6565	4	
6566	28	
6567	76	
6568	53	
6569	22	
6570	50	
6571	48	
6572	84	
6573	95	
6574	45	
6575	39	
6576	93	
6577	66	
6578	19	
6579	90	
6580	99	
6581	25	
6582	93	
6583	60	
6584	28	
6585	76	
6586	21	
6587	81	
6588	62	
6589	84	
6590	19	
6591	53	
6592	12	
6593	6	
6594	57	
6595	44	
6596	47	
6597	28	
6598	1	
6599	41	
6600	19	
6601	68	
6602	3	
6603	40	
6604	6	
6605	58	
6606	37	
6607	42	
6608	41	
6609	44	
6610	60	
6611	13	
6612	87	
6613	53	
6614	75	
6615	18	
6616	16	
6617	76	
6618	76	
6619	9	
6620	11	
6621	23	
6622	100	
6623	17	
6624	78	
6625	79	
6626	29	
6627	55	
6628	16	
6629	56	
6630	27	
6631	92	
6632	25	
6633	39	
6634	33	
6635	80	
6636	35	
6637	53	
6638	7	
6639	63	
6640	53	
6641	63	
6642	79	
6643	75	
6644	56	
6645	50	
6646	42	
6647	47	
6648	88	
6649	73	
6650	22	
6651	12	
6652	57	
6653	43	
6654	34	
6655	72	
6656	43	
6657	92	
6658	43	
6659	8	
6660	24	
6661	73	
6662	63	
6663	31	
6664	59	
6665	74	
6666	1	
6667	74	
6668	72	
6669	6	
6670	90	
6671	95	
6672	16	
6673	62	
6674	12	
6675	48	
6676	20	
6677	71	
6678	54	
6679	15	
6680	59	
6681	99	
6682	85	
6683	33	
6684	18	
6685	36	
6686	82	
6687	45	
6688	61	
6689	42	
6690	90	
6691	40	
6692	28	
6693	15	
6694	12	
6695	44	
6696	64	
6697	10	
6698	75	
6699	30	
6700	21	
6701	38	
6702	26	
6703	34	
6704	24	
6705	99	
6706	58	
6707	67	
6708	40	
6709	65	
6710	36	
6711	69	
6712	10	
6713	73	
6714	81	
6715	65	
6716	51	
6717	5	
6718	7	
6719	69	
6720	62	
6721	52	
6722	23	
6723	6	
6724	56	
6725	93	
6726	23	
6727	32	
6728	33	
6729	51	
6730	38	
6731	2	
6732	26	
6733	52	
6734	73	
6735	7	
6736	98	
6737	91	
6738	94	
6739	25	
6740	51	
6741	32	
6742	92	
6743	54	
6744	25	
6745	52	
6746	23	
6747	88	
6748	27	
6749	71	
6750	6	
6751	84	
6752	14	
6753	100	
6754	42	
6755	52	
6756	55	
6757	32	
6758	67	
6759	62	
6760	81	
6761	88	
6762	87	
6763	55	
6764	26	
6765	82	
6766	9	
6767	71	
6768	73	
6769	1	
6770	83	
6771	78	
6772	55	
6773	75	
6774	21	
6775	94	
6776	47	
6777	76	
6778	63	
6779	69	
6780	59	
6781	9	
6782	7	
6783	57	
6784	38	
6785	71	
6786	98	
6787	47	
6788	78	
6789	4	
6790	65	
6791	87	
6792	25	
6793	98	
6794	42	
6795	64	
6796	22	
6797	93	
6798	50	
6799	54	
6800	87	
6801	55	
6802	18	
6803	21	
6804	77	
6805	87	
6806	72	
6807	28	
6808	33	
6809	8	
6810	41	
6811	29	
6812	51	
6813	84	
6814	10	
6815	21	
6816	38	
6817	68	
6818	56	
6819	62	
6820	52	
6821	44	
6822	41	
6823	54	
6824	85	
6825	45	
6826	82	
6827	87	
6828	93	
6829	76	
6830	9	
6831	75	
6832	100	
6833	42	
6834	55	
6835	27	
6836	28	
6837	39	
6838	89	
6839	77	
6840	30	
6841	1	
6842	88	
6843	15	
6844	98	
6845	16	
6846	74	
6847	15	
6848	33	
6849	45	
6850	71	
6851	59	
6852	55	
6853	17	
6854	71	
6855	56	
6856	28	
6857	92	
6858	88	
6859	45	
6860	48	
6861	60	
6862	18	
6863	27	
6864	61	
6865	69	
6866	29	
6867	39	
6868	41	
6869	76	
6870	19	
6871	5	
6872	71	
6873	62	
6874	56	
6875	88	
6876	69	
6877	84	
6878	31	
6879	53	
6880	68	
6881	30	
6882	20	
6883	39	
6884	36	
6885	54	
6886	66	
6887	77	
6888	91	
6889	32	
6890	44	
6891	21	
6892	19	
6893	81	
6894	9	
6895	53	
6896	90	
6897	33	
6898	65	
6899	34	
6900	3	
6901	90	
6902	55	
6903	3	
6904	16	
6905	48	
6906	99	
6907	84	
6908	75	
6909	25	
6910	90	
6911	28	
6912	31	
6913	96	
6914	15	
6915	73	
6916	34	
6917	100	
6918	90	
6919	49	
6920	22	
6921	84	
6922	45	
6923	8	
6924	77	
6925	78	
6926	81	
6927	66	
6928	31	
6929	1	
6930	70	
6931	96	
6932	24	
6933	40	
6934	12	
6935	27	
6936	61	
6937	47	
6938	70	
6939	10	
6940	29	
6941	47	
6942	35	
6943	71	
6944	17	
6945	51	
6946	51	
6947	66	
6948	23	
6949	15	
6950	25	
6951	83	
6952	56	
6953	37	
6954	92	
6955	46	
6956	59	
6957	84	
6958	82	
6959	54	
6960	51	
6961	50	
6962	18	
6963	100	
6964	89	
6965	39	
6966	35	
6967	15	
6968	25	
6969	58	
6970	36	
6971	39	
6972	87	
6973	17	
6974	46	
6975	20	
6976	91	
6977	83	
6978	93	
6979	14	
6980	91	
6981	46	
6982	57	
6983	99	
6984	34	
6985	75	
6986	72	
6987	78	
6988	53	
6989	34	
6990	70	
6991	4	
6992	75	
6993	80	
6994	58	
6995	59	
6996	49	
6997	19	
6998	64	
6999	37	
7000	76	
7001	86	
7002	91	
7003	83	
7004	88	
7005	56	
7006	30	
7007	99	
7008	17	
7009	83	
7010	65	
7011	36	
7012	27	
7013	14	
7014	22	
7015	39	
7016	71	
7017	93	
7018	14	
7019	29	
7020	10	
7021	1	
7022	11	
7023	53	
7024	58	
7025	79	
7026	93	
7027	88	
7028	53	
7029	31	
7030	10	
7031	97	
7032	43	
7033	63	
7034	100	
7035	53	
7036	65	
7037	31	
7038	64	
7039	34	
7040	42	
7041	4	
7042	86	
7043	21	
7044	67	
7045	11	
7046	17	
7047	57	
7048	80	
7049	56	
7050	53	
7051	22	
7052	91	
7053	73	
7054	65	
7055	81	
7056	93	
7057	54	
7058	1	
7059	21	
7060	69	
7061	24	
7062	42	
7063	57	
7064	62	
7065	52	
7066	98	
7067	70	
7068	10	
7069	35	
7070	43	
7071	74	
7072	67	
7073	21	
7074	1	
7075	76	
7076	7	
7077	100	
7078	62	
7079	17	
7080	21	
7081	83	
7082	19	
7083	46	
7084	11	
7085	49	
7086	17	
7087	31	
7088	8	
7089	77	
7090	30	
7091	3	
7092	72	
7093	98	
7094	44	
7095	6	
7096	17	
7097	2	
7098	86	
7099	93	
7100	18	
7101	56	
7102	64	
7103	14	
7104	31	
7105	55	
7106	49	
7107	94	
7108	70	
7109	42	
7110	92	
7111	64	
7112	5	
7113	27	
7114	66	
7115	37	
7116	19	
7117	58	
7118	71	
7119	88	
7120	98	
7121	94	
7122	66	
7123	37	
7124	11	
7125	84	
7126	27	
7127	75	
7128	15	
7129	28	
7130	20	
7131	99	
7132	62	
7133	81	
7134	87	
7135	76	
7136	27	
7137	62	
7138	95	
7139	35	
7140	57	
7141	76	
7142	4	
7143	78	
7144	65	
7145	100	
7146	26	
7147	71	
7148	47	
7149	84	
7150	23	
7151	11	
7152	52	
7153	35	
7154	87	
7155	37	
7156	14	
7157	79	
7158	60	
7159	62	
7160	97	
7161	27	
7162	87	
7163	100	
7164	77	
7165	43	
7166	43	
7167	49	
7168	7	
7169	85	
7170	43	
7171	66	
7172	23	
7173	71	
7174	6	
7175	90	
7176	85	
7177	58	
7178	40	
7179	27	
7180	30	
7181	90	
7182	72	
7183	49	
7184	9	
7185	4	
7186	57	
7187	59	
7188	28	
7189	6	
7190	51	
7191	32	
7192	86	
7193	7	
7194	4	
7195	91	
7196	56	
7197	41	
7198	81	
7199	60	
7200	18	
7201	65	
7202	40	
7203	64	
7204	9	
7205	71	
7206	49	
7207	2	
7208	44	
7209	8	
7210	68	
7211	97	
7212	77	
7213	77	
7214	22	
7215	42	
7216	54	
7217	74	
7218	65	
7219	37	
7220	50	
7221	18	
7222	7	
7223	68	
7224	79	
7225	7	
7226	79	
7227	29	
7228	99	
7229	21	
7230	36	
7231	86	
7232	33	
7233	13	
7234	3	
7235	89	
7236	3	
7237	27	
7238	50	
7239	19	
7240	19	
7241	26	
7242	45	
7243	86	
7244	67	
7245	92	
7246	19	
7247	57	
7248	3	
7249	33	
7250	31	
7251	69	
7252	91	
7253	87	
7254	48	
7255	95	
7256	72	
7257	60	
7258	79	
7259	34	
7260	97	
7261	12	
7262	70	
7263	47	
7264	64	
7265	6	
7266	64	
7267	52	
7268	24	
7269	80	
7270	49	
7271	15	
7272	61	
7273	90	
7274	24	
7275	82	
7276	93	
7277	56	
7278	13	
7279	23	
7280	27	
7281	65	
7282	26	
7283	43	
7284	36	
7285	76	
7286	80	
7287	53	
7288	12	
7289	90	
7290	77	
7291	73	
7292	51	
7293	93	
7294	44	
7295	34	
7296	18	
7297	80	
7298	6	
7299	70	
7300	85	
7301	50	
7302	57	
7303	26	
7304	71	
7305	1	
7306	1	
7307	41	
7308	31	
7309	45	
7310	88	
7311	44	
7312	55	
7313	25	
7314	63	
7315	100	
7316	81	
7317	14	
7318	41	
7319	97	
7320	12	
7321	40	
7322	32	
7323	35	
7324	77	
7325	98	
7326	45	
7327	96	
7328	32	
7329	42	
7330	46	
7331	6	
7332	85	
7333	44	
7334	31	
7335	88	
7336	45	
7337	66	
7338	83	
7339	74	
7340	13	
7341	82	
7342	97	
7343	99	
7344	79	
7345	81	
7346	22	
7347	76	
7348	17	
7349	36	
7350	43	
7351	100	
7352	75	
7353	59	
7354	69	
7355	51	
7356	10	
7357	51	
7358	43	
7359	33	
7360	13	
7361	1	
7362	91	
7363	49	
7364	45	
7365	35	
7366	14	
7367	12	
7368	27	
7369	35	
7370	95	
7371	70	
7372	14	
7373	20	
7374	8	
7375	81	
7376	82	
7377	31	
7378	74	
7379	90	
7380	41	
7381	31	
7382	51	
7383	69	
7384	35	
7385	38	
7386	80	
7387	86	
7388	23	
7389	66	
7390	70	
7391	48	
7392	38	
7393	5	
7394	91	
7395	83	
7396	45	
7397	86	
7398	67	
7399	51	
7400	31	
7401	1	
7402	68	
7403	44	
7404	66	
7405	39	
7406	17	
7407	29	
7408	65	
7409	56	
7410	48	
7411	15	
7412	69	
7413	15	
7414	97	
7415	81	
7416	93	
7417	86	
7418	80	
7419	40	
7420	11	
7421	85	
7422	68	
7423	33	
7424	71	
7425	33	
7426	31	
7427	35	
7428	57	
7429	2	
7430	94	
7431	40	
7432	72	
7433	23	
7434	64	
7435	41	
7436	55	
7437	54	
7438	75	
7439	44	
7440	95	
7441	19	
7442	4	
7443	47	
7444	16	
7445	43	
7446	77	
7447	24	
7448	100	
7449	39	
7450	86	
7451	56	
7452	88	
7453	60	
7454	90	
7455	94	
7456	87	
7457	74	
7458	98	
7459	26	
7460	72	
7461	35	
7462	46	
7463	88	
7464	12	
7465	50	
7466	52	
7467	69	
7468	54	
7469	2	
7470	18	
7471	34	
7472	22	
7473	42	
7474	33	
7475	33	
7476	91	
7477	16	
7478	50	
7479	45	
7480	62	
7481	100	
7482	90	
7483	55	
7484	39	
7485	28	
7486	75	
7487	97	
7488	71	
7489	80	
7490	54	
7491	88	
7492	70	
7493	4	
7494	68	
7495	59	
7496	56	
7497	66	
7498	3	
7499	55	
7500	22	
7501	3	
7502	28	
7503	62	
7504	39	
7505	78	
7506	16	
7507	86	
7508	1	
7509	70	
7510	5	
7511	81	
7512	95	
7513	86	
7514	27	
7515	68	
7516	99	
7517	5	
7518	65	
7519	26	
7520	63	
7521	26	
7522	79	
7523	44	
7524	48	
7525	78	
7526	40	
7527	68	
7528	84	
7529	30	
7530	83	
7531	20	
7532	89	
7533	88	
7534	27	
7535	69	
7536	25	
7537	18	
7538	92	
7539	78	
7540	59	
7541	44	
7542	89	
7543	84	
7544	13	
7545	37	
7546	58	
7547	89	
7548	74	
7549	38	
7550	13	
7551	63	
7552	78	
7553	96	
7554	62	
7555	51	
7556	26	
7557	25	
7558	81	
7559	48	
7560	71	
7561	71	
7562	36	
7563	11	
7564	76	
7565	89	
7566	67	
7567	39	
7568	38	
7569	79	
7570	86	
7571	72	
7572	33	
7573	11	
7574	39	
7575	61	
7576	37	
7577	36	
7578	22	
7579	87	
7580	100	
7581	20	
7582	26	
7583	58	
7584	33	
7585	48	
7586	27	
7587	100	
7588	8	
7589	64	
7590	28	
7591	23	
7592	37	
7593	25	
7594	52	
7595	89	
7596	30	
7597	76	
7598	57	
7599	59	
7600	74	
7601	97	
7602	10	
7603	5	
7604	14	
7605	7	
7606	99	
7607	85	
7608	90	
7609	96	
7610	92	
7611	37	
7612	38	
7613	79	
7614	45	
7615	35	
7616	83	
7617	96	
7618	2	
7619	85	
7620	45	
7621	92	
7622	64	
7623	44	
7624	56	
7625	19	
7626	52	
7627	98	
7628	48	
7629	27	
7630	21	
7631	94	
7632	42	
7633	31	
7634	63	
7635	36	
7636	91	
7637	95	
7638	16	
7639	59	
7640	58	
7641	8	
7642	100	
7643	1	
7644	52	
7645	14	
7646	10	
7647	55	
7648	37	
7649	88	
7650	50	
7651	83	
7652	86	
7653	16	
7654	66	
7655	36	
7656	14	
7657	85	
7658	11	
7659	21	
7660	94	
7661	98	
7662	47	
7663	31	
7664	94	
7665	34	
7666	6	
7667	58	
7668	56	
7669	72	
7670	83	
7671	53	
7672	10	
7673	2	
7674	69	
7675	36	
7676	42	
7677	98	
7678	68	
7679	22	
7680	55	
7681	66	
7682	31	
7683	97	
7684	14	
7685	41	
7686	62	
7687	18	
7688	95	
7689	13	
7690	3	
7691	79	
7692	95	
7693	66	
7694	74	
7695	35	
7696	26	
7697	34	
7698	90	
7699	71	
7700	40	
7701	45	
7702	23	
7703	36	
7704	1	
7705	11	
7706	16	
7707	1	
7708	27	
7709	55	
7710	16	
7711	31	
7712	88	
7713	19	
7714	67	
7715	5	
7716	14	
7717	39	
7718	55	
7719	71	
7720	32	
7721	45	
7722	49	
7723	56	
7724	88	
7725	15	
7726	66	
7727	2	
7728	81	
7729	30	
7730	53	
7731	62	
7732	48	
7733	79	
7734	37	
7735	43	
7736	48	
7737	14	
7738	5	
7739	41	
7740	23	
7741	76	
7742	81	
7743	59	
7744	21	
7745	18	
7746	52	
7747	79	
7748	94	
7749	13	
7750	2	
7751	23	
7752	5	
7753	93	
7754	40	
7755	23	
7756	93	
7757	57	
7758	77	
7759	51	
7760	28	
7761	47	
7762	72	
7763	60	
7764	71	
7765	38	
7766	77	
7767	40	
7768	23	
7769	29	
7770	23	
7771	67	
7772	48	
7773	74	
7774	89	
7775	70	
7776	13	
7777	45	
7778	2	
7779	68	
7780	69	
7781	28	
7782	14	
7783	5	
7784	6	
7785	23	
7786	5	
7787	49	
7788	69	
7789	7	
7790	45	
7791	55	
7792	90	
7793	52	
7794	46	
7795	92	
7796	2	
7797	1	
7798	14	
7799	99	
7800	93	
7801	28	
7802	19	
7803	17	
7804	56	
7805	80	
7806	13	
7807	95	
7808	30	
7809	49	
7810	10	
7811	36	
7812	60	
7813	68	
7814	65	
7815	10	
7816	82	
7817	89	
7818	76	
7819	86	
7820	29	
7821	58	
7822	26	
7823	94	
7824	48	
7825	90	
7826	57	
7827	8	
7828	57	
7829	97	
7830	37	
7831	1	
7832	39	
7833	48	
7834	96	
7835	52	
7836	87	
7837	71	
7838	80	
7839	11	
7840	1	
7841	57	
7842	44	
7843	15	
7844	58	
7845	76	
7846	52	
7847	18	
7848	17	
7849	87	
7850	52	
7851	13	
7852	20	
7853	93	
7854	85	
7855	75	
7856	90	
7857	25	
7858	81	
7859	65	
7860	79	
7861	89	
7862	46	
7863	82	
7864	29	
7865	89	
7866	19	
7867	59	
7868	27	
7869	35	
7870	84	
7871	82	
7872	81	
7873	98	
7874	36	
7875	24	
7876	96	
7877	41	
7878	98	
7879	76	
7880	1	
7881	78	
7882	58	
7883	42	
7884	3	
7885	37	
7886	82	
7887	3	
7888	43	
7889	100	
7890	92	
7891	26	
7892	37	
7893	22	
7894	76	
7895	6	
7896	6	
7897	51	
7898	48	
7899	60	
7900	17	
7901	27	
7902	69	
7903	79	
7904	92	
7905	92	
7906	65	
7907	47	
7908	30	
7909	74	
7910	81	
7911	12	
7912	80	
7913	58	
7914	93	
7915	95	
7916	62	
7917	34	
7918	45	
7919	77	
7920	52	
7921	100	
7922	72	
7923	21	
7924	87	
7925	96	
7926	16	
7927	100	
7928	90	
7929	97	
7930	58	
7931	88	
7932	96	
7933	68	
7934	25	
7935	43	
7936	86	
7937	2	
7938	4	
7939	26	
7940	91	
7941	52	
7942	49	
7943	84	
7944	58	
7945	2	
7946	42	
7947	22	
7948	64	
7949	87	
7950	85	
7951	94	
7952	76	
7953	41	
7954	53	
7955	14	
7956	16	
7957	30	
7958	53	
7959	37	
7960	35	
7961	79	
7962	2	
7963	82	
7964	46	
7965	10	
7966	89	
7967	73	
7968	33	
7969	45	
7970	92	
7971	11	
7972	100	
7973	31	
7974	92	
7975	58	
7976	24	
7977	67	
7978	61	
7979	63	
7980	90	
7981	45	
7982	90	
7983	2	
7984	100	
7985	58	
7986	60	
7987	51	
7988	69	
7989	69	
7990	24	
7991	100	
7992	7	
7993	67	
7994	60	
7995	75	
7996	40	
7997	20	
7998	12	
7999	22	
8000	99	
8001	60	
8002	2	
8003	86	
8004	85	
8005	62	
8006	24	
8007	3	
8008	18	
8009	61	
8010	57	
8011	92	
8012	67	
8013	79	
8014	26	
8015	44	
8016	4	
8017	16	
8018	65	
8019	94	
8020	13	
8021	21	
8022	33	
8023	98	
8024	22	
8025	47	
8026	63	
8027	78	
8028	21	
8029	27	
8030	92	
8031	50	
8032	12	
8033	16	
8034	33	
8035	88	
8036	17	
8037	26	
8038	25	
8039	22	
8040	44	
8041	15	
8042	63	
8043	91	
8044	25	
8045	46	
8046	35	
8047	85	
8048	51	
8049	22	
8050	51	
8051	91	
8052	53	
8053	73	
8054	19	
8055	95	
8056	46	
8057	83	
8058	88	
8059	80	
8060	34	
8061	62	
8062	70	
8063	4	
8064	21	
8065	37	
8066	59	
8067	53	
8068	13	
8069	31	
8070	60	
8071	88	
8072	57	
8073	30	
8074	27	
8075	84	
8076	57	
8077	26	
8078	73	
8079	21	
8080	30	
8081	17	
8082	63	
8083	91	
8084	5	
8085	78	
8086	59	
8087	2	
8088	5	
8089	88	
8090	86	
8091	13	
8092	19	
8093	42	
8094	73	
8095	49	
8096	18	
8097	30	
8098	41	
8099	21	
8100	41	
8101	16	
8102	89	
8103	48	
8104	97	
8105	78	
8106	16	
8107	80	
8108	2	
8109	74	
8110	46	
8111	43	
8112	65	
8113	9	
8114	77	
8115	42	
8116	48	
8117	36	
8118	5	
8119	92	
8120	59	
8121	58	
8122	14	
8123	29	
8124	19	
8125	39	
8126	50	
8127	56	
8128	91	
8129	64	
8130	58	
8131	47	
8132	100	
8133	74	
8134	55	
8135	19	
8136	6	
8137	66	
8138	91	
8139	35	
8140	22	
8141	79	
8142	91	
8143	16	
8144	91	
8145	85	
8146	76	
8147	19	
8148	19	
8149	90	
8150	16	
8151	4	
8152	45	
8153	21	
8154	44	
8155	35	
8156	47	
8157	28	
8158	85	
8159	26	
8160	67	
8161	91	
8162	36	
8163	92	
8164	47	
8165	40	
8166	80	
8167	89	
8168	42	
8169	19	
8170	68	
8171	60	
8172	69	
8173	41	
8174	67	
8175	63	
8176	37	
8177	38	
8178	61	
8179	59	
8180	86	
8181	56	
8182	17	
8183	35	
8184	23	
8185	44	
8186	99	
8187	47	
8188	26	
8189	38	
8190	53	
8191	3	
8192	34	
8193	62	
8194	60	
8195	3	
8196	57	
8197	75	
8198	25	
8199	26	
8200	5	
8201	64	
8202	26	
8203	16	
8204	85	
8205	51	
8206	52	
8207	25	
8208	14	
8209	28	
8210	36	
8211	62	
8212	28	
8213	40	
8214	8	
8215	81	
8216	88	
8217	55	
8218	56	
8219	59	
8220	77	
8221	24	
8222	67	
8223	50	
8224	66	
8225	82	
8226	25	
8227	21	
8228	19	
8229	35	
8230	4	
8231	49	
8232	92	
8233	42	
8234	1	
8235	3	
8236	36	
8237	94	
8238	47	
8239	26	
8240	40	
8241	94	
8242	52	
8243	39	
8244	22	
8245	76	
8246	96	
8247	85	
8248	97	
8249	84	
8250	98	
8251	1	
8252	36	
8253	43	
8254	46	
8255	64	
8256	9	
8257	39	
8258	24	
8259	49	
8260	77	
8261	35	
8262	81	
8263	70	
8264	39	
8265	17	
8266	15	
8267	68	
8268	50	
8269	57	
8270	15	
8271	41	
8272	100	
8273	9	
8274	58	
8275	3	
8276	51	
8277	80	
8278	73	
8279	16	
8280	2	
8281	97	
8282	47	
8283	1	
8284	6	
8285	47	
8286	4	
8287	69	
8288	91	
8289	36	
8290	73	
8291	81	
8292	98	
8293	88	
8294	100	
8295	99	
8296	54	
8297	4	
8298	78	
8299	20	
8300	64	
8301	13	
8302	49	
8303	95	
8304	81	
8305	84	
8306	29	
8307	90	
8308	72	
8309	70	
8310	97	
8311	94	
8312	54	
8313	74	
8314	40	
8315	16	
8316	16	
8317	92	
8318	30	
8319	40	
8320	41	
8321	97	
8322	75	
8323	42	
8324	83	
8325	42	
8326	52	
8327	90	
8328	36	
8329	68	
8330	14	
8331	26	
8332	94	
8333	90	
8334	44	
8335	20	
8336	25	
8337	20	
8338	46	
8339	67	
8340	45	
8341	32	
8342	14	
8343	34	
8344	66	
8345	13	
8346	80	
8347	62	
8348	90	
8349	97	
8350	7	
8351	94	
8352	51	
8353	32	
8354	75	
8355	43	
8356	71	
8357	44	
8358	98	
8359	79	
8360	78	
8361	68	
8362	37	
8363	88	
8364	11	
8365	31	
8366	30	
8367	51	
8368	32	
8369	89	
8370	37	
8371	27	
8372	69	
8373	66	
8374	76	
8375	1	
8376	34	
8377	75	
8378	97	
8379	75	
8380	23	
8381	82	
8382	65	
8383	35	
8384	84	
8385	99	
8386	32	
8387	98	
8388	67	
8389	63	
8390	97	
8391	67	
8392	15	
8393	78	
8394	85	
8395	63	
8396	72	
8397	9	
8398	28	
8399	29	
8400	87	
8401	38	
8402	33	
8403	89	
8404	97	
8405	89	
8406	1	
8407	30	
8408	77	
8409	79	
8410	16	
8411	10	
8412	92	
8413	61	
8414	28	
8415	50	
8416	17	
8417	6	
8418	19	
8419	52	
8420	71	
8421	18	
8422	6	
8423	18	
8424	48	
8425	63	
8426	30	
8427	30	
8428	33	
8429	88	
8430	5	
8431	17	
8432	38	
8433	24	
8434	43	
8435	50	
8436	45	
8437	97	
8438	46	
8439	54	
8440	36	
8441	59	
8442	100	
8443	35	
8444	40	
8445	36	
8446	42	
8447	48	
8448	58	
8449	11	
8450	16	
8451	76	
8452	86	
8453	22	
8454	85	
8455	71	
8456	76	
8457	22	
8458	97	
8459	67	
8460	1	
8461	19	
8462	51	
8463	25	
8464	49	
8465	26	
8466	82	
8467	14	
8468	76	
8469	37	
8470	58	
8471	53	
8472	38	
8473	44	
8474	90	
8475	56	
8476	28	
8477	27	
8478	36	
8479	84	
8480	26	
8481	72	
8482	70	
8483	15	
8484	21	
8485	47	
8486	69	
8487	20	
8488	85	
8489	41	
8490	86	
8491	2	
8492	21	
8493	83	
8494	67	
8495	50	
8496	3	
8497	54	
8498	67	
8499	24	
8500	39	
8501	6	
8502	59	
8503	51	
8504	20	
8505	29	
8506	17	
8507	79	
8508	80	
8509	99	
8510	93	
8511	55	
8512	42	
8513	81	
8514	30	
8515	13	
8516	16	
8517	88	
8518	55	
8519	90	
8520	52	
8521	8	
8522	64	
8523	73	
8524	61	
8525	8	
8526	12	
8527	79	
8528	81	
8529	45	
8530	70	
8531	65	
8532	25	
8533	100	
8534	26	
8535	43	
8536	10	
8537	87	
8538	27	
8539	52	
8540	63	
8541	96	
8542	27	
8543	65	
8544	26	
8545	3	
8546	76	
8547	81	
8548	78	
8549	50	
8550	95	
8551	99	
8552	80	
8553	89	
8554	28	
8555	33	
8556	8	
8557	89	
8558	15	
8559	61	
8560	90	
8561	90	
8562	47	
8563	16	
8564	35	
8565	18	
8566	62	
8567	65	
8568	39	
8569	17	
8570	65	
8571	76	
8572	22	
8573	5	
8574	75	
8575	89	
8576	69	
8577	26	
8578	27	
8579	100	
8580	84	
8581	45	
8582	100	
8583	59	
8584	3	
8585	25	
8586	58	
8587	49	
8588	91	
8589	70	
8590	47	
8591	23	
8592	63	
8593	11	
8594	5	
8595	35	
8596	57	
8597	5	
8598	36	
8599	54	
8600	96	
8601	77	
8602	70	
8603	55	
8604	61	
8605	71	
8606	4	
8607	12	
8608	64	
8609	65	
8610	96	
8611	21	
8612	34	
8613	92	
8614	19	
8615	10	
8616	54	
8617	79	
8618	1	
8619	39	
8620	1	
8621	53	
8622	14	
8623	19	
8624	16	
8625	5	
8626	8	
8627	27	
8628	58	
8629	81	
8630	32	
8631	34	
8632	100	
8633	4	
8634	88	
8635	85	
8636	15	
8637	30	
8638	31	
8639	73	
8640	30	
8641	53	
8642	26	
8643	25	
8644	79	
8645	48	
8646	19	
8647	95	
8648	4	
8649	9	
8650	22	
8651	28	
8652	31	
8653	52	
8654	97	
8655	22	
8656	20	
8657	3	
8658	86	
8659	63	
8660	95	
8661	41	
8662	73	
8663	1	
8664	96	
8665	25	
8666	43	
8667	29	
8668	17	
8669	41	
8670	44	
8671	77	
8672	40	
8673	62	
8674	70	
8675	16	
8676	3	
8677	32	
8678	81	
8679	79	
8680	90	
8681	36	
8682	88	
8683	71	
8684	33	
8685	67	
8686	75	
8687	59	
8688	44	
8689	38	
8690	40	
8691	73	
8692	72	
8693	77	
8694	36	
8695	90	
8696	48	
8697	10	
8698	21	
8699	79	
8700	23	
8701	53	
8702	10	
8703	8	
8704	62	
8705	63	
8706	92	
8707	97	
8708	28	
8709	77	
8710	5	
8711	85	
8712	95	
8713	43	
8714	5	
8715	37	
8716	70	
8717	71	
8718	82	
8719	12	
8720	31	
8721	21	
8722	89	
8723	25	
8724	28	
8725	7	
8726	4	
8727	29	
8728	4	
8729	96	
8730	72	
8731	61	
8732	64	
8733	66	
8734	66	
8735	74	
8736	51	
8737	41	
8738	35	
8739	89	
8740	72	
8741	83	
8742	90	
8743	42	
8744	41	
8745	83	
8746	30	
8747	46	
8748	59	
8749	12	
8750	15	
8751	34	
8752	82	
8753	50	
8754	59	
8755	17	
8756	72	
8757	97	
8758	58	
8759	40	
8760	67	
8761	70	
8762	64	
8763	21	
8764	56	
8765	11	
8766	96	
8767	94	
8768	88	
8769	11	
8770	44	
8771	84	
8772	63	
8773	45	
8774	5	
8775	58	
8776	85	
8777	76	
8778	74	
8779	37	
8780	92	
8781	18	
8782	65	
8783	80	
8784	61	
8785	98	
8786	83	
8787	63	
8788	95	
8789	31	
8790	98	
8791	57	
8792	89	
8793	17	
8794	10	
8795	55	
8796	65	
8797	97	
8798	55	
8799	64	
8800	33	
8801	10	
8802	3	
8803	33	
8804	91	
8805	28	
8806	49	
8807	24	
8808	10	
8809	61	
8810	47	
8811	75	
8812	100	
8813	24	
8814	89	
8815	40	
8816	83	
8817	92	
8818	80	
8819	59	
8820	82	
8821	19	
8822	15	
8823	56	
8824	67	
8825	81	
8826	50	
8827	60	
8828	41	
8829	7	
8830	67	
8831	25	
8832	81	
8833	6	
8834	35	
8835	89	
8836	98	
8837	16	
8838	96	
8839	77	
8840	82	
8841	67	
8842	81	
8843	47	
8844	15	
8845	59	
8846	78	
8847	98	
8848	13	
8849	94	
8850	87	
8851	58	
8852	41	
8853	23	
8854	38	
8855	3	
8856	57	
8857	33	
8858	52	
8859	8	
8860	8	
8861	78	
8862	78	
8863	97	
8864	5	
8865	91	
8866	69	
8867	51	
8868	80	
8869	68	
8870	71	
8871	21	
8872	10	
8873	30	
8874	57	
8875	98	
8876	91	
8877	94	
8878	50	
8879	47	
8880	75	
8881	96	
8882	44	
8883	56	
8884	99	
8885	95	
8886	79	
8887	99	
8888	47	
8889	62	
8890	67	
8891	6	
8892	39	
8893	22	
8894	74	
8895	20	
8896	36	
8897	28	
8898	16	
8899	44	
8900	30	
8901	93	
8902	93	
8903	19	
8904	97	
8905	1	
8906	43	
8907	88	
8908	46	
8909	6	
8910	90	
8911	59	
8912	72	
8913	72	
8914	62	
8915	84	
8916	5	
8917	32	
8918	1	
8919	15	
8920	92	
8921	15	
8922	7	
8923	100	
8924	54	
8925	14	
8926	11	
8927	77	
8928	71	
8929	21	
8930	49	
8931	84	
8932	60	
8933	30	
8934	56	
8935	88	
8936	4	
8937	29	
8938	3	
8939	17	
8940	17	
8941	90	
8942	73	
8943	86	
8944	73	
8945	52	
8946	30	
8947	71	
8948	91	
8949	90	
8950	97	
8951	57	
8952	21	
8953	13	
8954	30	
8955	11	
8956	65	
8957	11	
8958	7	
8959	49	
8960	34	
8961	31	
8962	12	
8963	82	
8964	97	
8965	96	
8966	92	
8967	11	
8968	87	
8969	97	
8970	4	
8971	52	
8972	19	
8973	64	
8974	29	
8975	3	
8976	53	
8977	44	
8978	12	
8979	69	
8980	64	
8981	56	
8982	74	
8983	18	
8984	41	
8985	68	
8986	26	
8987	66	
8988	23	
8989	13	
8990	52	
8991	59	
8992	8	
8993	74	
8994	32	
8995	43	
8996	54	
8997	39	
8998	99	
8999	13	
9000	93	
9001	82	
9002	59	
9003	29	
9004	73	
9005	50	
9006	83	
9007	78	
9008	14	
9009	45	
9010	27	
9011	89	
9012	85	
9013	47	
9014	62	
9015	29	
9016	21	
9017	71	
9018	95	
9019	58	
9020	17	
9021	83	
9022	18	
9023	68	
9024	26	
9025	54	
9026	90	
9027	79	
9028	99	
9029	10	
9030	19	
9031	50	
9032	55	
9033	16	
9034	7	
9035	49	
9036	94	
9037	44	
9038	50	
9039	53	
9040	41	
9041	31	
9042	68	
9043	44	
9044	85	
9045	99	
9046	22	
9047	31	
9048	21	
9049	91	
9050	54	
9051	94	
9052	50	
9053	53	
9054	98	
9055	28	
9056	20	
9057	2	
9058	14	
9059	45	
9060	87	
9061	54	
9062	76	
9063	57	
9064	24	
9065	10	
9066	69	
9067	8	
9068	95	
9069	43	
9070	7	
9071	74	
9072	5	
9073	86	
9074	10	
9075	62	
9076	21	
9077	95	
9078	81	
9079	52	
9080	96	
9081	24	
9082	87	
9083	40	
9084	75	
9085	81	
9086	40	
9087	58	
9088	85	
9089	75	
9090	75	
9091	78	
9092	15	
9093	43	
9094	55	
9095	7	
9096	37	
9097	61	
9098	69	
9099	26	
9100	48	
9101	71	
9102	5	
9103	53	
9104	40	
9105	25	
9106	50	
9107	14	
9108	17	
9109	28	
9110	65	
9111	55	
9112	59	
9113	81	
9114	22	
9115	93	
9116	27	
9117	49	
9118	59	
9119	79	
9120	70	
9121	12	
9122	58	
9123	45	
9124	27	
9125	44	
9126	4	
9127	36	
9128	26	
9129	84	
9130	54	
9131	42	
9132	65	
9133	87	
9134	66	
9135	27	
9136	70	
9137	96	
9138	100	
9139	89	
9140	92	
9141	2	
9142	50	
9143	89	
9144	53	
9145	59	
9146	14	
9147	44	
9148	52	
9149	14	
9150	52	
9151	2	
9152	98	
9153	70	
9154	26	
9155	76	
9156	38	
9157	34	
9158	23	
9159	87	
9160	6	
9161	96	
9162	45	
9163	65	
9164	29	
9165	40	
9166	19	
9167	40	
9168	68	
9169	89	
9170	91	
9171	2	
9172	83	
9173	28	
9174	89	
9175	9	
9176	92	
9177	45	
9178	99	
9179	82	
9180	99	
9181	39	
9182	31	
9183	53	
9184	38	
9185	5	
9186	73	
9187	68	
9188	24	
9189	36	
9190	11	
9191	100	
9192	10	
9193	33	
9194	33	
9195	6	
9196	52	
9197	94	
9198	27	
9199	84	
9200	46	
9201	38	
9202	44	
9203	46	
9204	94	
9205	90	
9206	70	
9207	60	
9208	5	
9209	76	
9210	43	
9211	83	
9212	83	
9213	1	
9214	11	
9215	21	
9216	10	
9217	72	
9218	56	
9219	8	
9220	19	
9221	11	
9222	28	
9223	81	
9224	10	
9225	47	
9226	99	
9227	98	
9228	40	
9229	20	
9230	52	
9231	42	
9232	100	
9233	71	
9234	54	
9235	21	
9236	84	
9237	70	
9238	25	
9239	62	
9240	55	
9241	4	
9242	28	
9243	26	
9244	54	
9245	7	
9246	69	
9247	65	
9248	65	
9249	96	
9250	78	
9251	94	
9252	73	
9253	75	
9254	12	
9255	20	
9256	13	
9257	57	
9258	99	
9259	5	
9260	58	
9261	35	
9262	39	
9263	62	
9264	21	
9265	97	
9266	82	
9267	66	
9268	62	
9269	38	
9270	69	
9271	26	
9272	60	
9273	44	
9274	66	
9275	76	
9276	25	
9277	30	
9278	61	
9279	99	
9280	24	
9281	32	
9282	49	
9283	78	
9284	70	
9285	55	
9286	8	
9287	38	
9288	20	
9289	63	
9290	36	
9291	10	
9292	89	
9293	22	
9294	23	
9295	90	
9296	18	
9297	64	
9298	60	
9299	14	
9300	83	
9301	6	
9302	66	
9303	13	
9304	80	
9305	53	
9306	78	
9307	65	
9308	75	
9309	42	
9310	54	
9311	99	
9312	86	
9313	17	
9314	77	
9315	33	
9316	36	
9317	36	
9318	23	
9319	70	
9320	90	
9321	78	
9322	87	
9323	2	
9324	15	
9325	46	
9326	85	
9327	92	
9328	42	
9329	67	
9330	16	
9331	36	
9332	76	
9333	92	
9334	18	
9335	19	
9336	73	
9337	11	
9338	20	
9339	92	
9340	45	
9341	75	
9342	12	
9343	79	
9344	41	
9345	15	
9346	79	
9347	95	
9348	4	
9349	46	
9350	83	
9351	97	
9352	28	
9353	18	
9354	52	
9355	52	
9356	93	
9357	47	
9358	32	
9359	72	
9360	98	
9361	4	
9362	49	
9363	34	
9364	13	
9365	38	
9366	87	
9367	23	
9368	97	
9369	69	
9370	35	
9371	94	
9372	79	
9373	36	
9374	61	
9375	24	
9376	42	
9377	29	
9378	27	
9379	20	
9380	57	
9381	24	
9382	93	
9383	6	
9384	18	
9385	55	
9386	42	
9387	53	
9388	78	
9389	84	
9390	74	
9391	83	
9392	46	
9393	40	
9394	31	
9395	61	
9396	53	
9397	16	
9398	61	
9399	30	
9400	92	
9401	8	
9402	13	
9403	66	
9404	28	
9405	41	
9406	3	
9407	85	
9408	8	
9409	24	
9410	89	
9411	51	
9412	77	
9413	31	
9414	84	
9415	30	
9416	87	
9417	80	
9418	70	
9419	37	
9420	59	
9421	98	
9422	80	
9423	53	
9424	69	
9425	37	
9426	55	
9427	28	
9428	5	
9429	15	
9430	14	
9431	52	
9432	15	
9433	15	
9434	59	
9435	53	
9436	21	
9437	52	
9438	38	
9439	40	
9440	65	
9441	72	
9442	8	
9443	40	
9444	49	
9445	38	
9446	5	
9447	53	
9448	28	
9449	86	
9450	96	
9451	87	
9452	68	
9453	89	
9454	41	
9455	26	
9456	68	
9457	15	
9458	65	
9459	9	
9460	37	
9461	63	
9462	27	
9463	84	
9464	46	
9465	59	
9466	35	
9467	99	
9468	5	
9469	30	
9470	76	
9471	10	
9472	17	
9473	96	
9474	4	
9475	53	
9476	44	
9477	74	
9478	76	
9479	15	
9480	17	
9481	56	
9482	55	
9483	72	
9484	88	
9485	40	
9486	39	
9487	61	
9488	94	
9489	78	
9490	77	
9491	68	
9492	56	
9493	99	
9494	43	
9495	42	
9496	36	
9497	4	
9498	5	
9499	7	
9500	81	
9501	70	
9502	19	
9503	50	
9504	74	
9505	33	
9506	91	
9507	12	
9508	39	
9509	79	
9510	64	
9511	87	
9512	65	
9513	67	
9514	27	
9515	40	
9516	76	
9517	36	
9518	83	
9519	6	
9520	24	
9521	13	
9522	82	
9523	43	
9524	51	
9525	20	
9526	4	
9527	28	
9528	98	
9529	45	
9530	89	
9531	74	
9532	65	
9533	50	
9534	99	
9535	45	
9536	42	
9537	62	
9538	99	
9539	65	
9540	90	
9541	24	
9542	70	
9543	17	
9544	81	
9545	7	
9546	34	
9547	30	
9548	16	
9549	4	
9550	16	
9551	71	
9552	22	
9553	53	
9554	97	
9555	88	
9556	1	
9557	74	
9558	23	
9559	92	
9560	84	
9561	3	
9562	98	
9563	72	
9564	12	
9565	7	
9566	93	
9567	59	
9568	25	
9569	93	
9570	64	
9571	22	
9572	16	
9573	2	
9574	62	
9575	19	
9576	24	
9577	51	
9578	90	
9579	39	
9580	51	
9581	2	
9582	67	
9583	58	
9584	23	
9585	33	
9586	37	
9587	95	
9588	39	
9589	76	
9590	7	
9591	66	
9592	37	
9593	46	
9594	53	
9595	52	
9596	91	
9597	16	
9598	29	
9599	67	
9600	40	
9601	59	
9602	80	
9603	32	
9604	42	
9605	13	
9606	99	
9607	35	
9608	99	
9609	4	
9610	19	
9611	99	
9612	14	
9613	43	
9614	83	
9615	83	
9616	84	
9617	30	
9618	99	
9619	61	
9620	29	
9621	43	
9622	5	
9623	4	
9624	6	
9625	93	
9626	49	
9627	59	
9628	38	
9629	70	
9630	30	
9631	86	
9632	51	
9633	91	
9634	52	
9635	54	
9636	19	
9637	28	
9638	42	
9639	21	
9640	94	
9641	5	
9642	83	
9643	81	
9644	96	
9645	10	
9646	62	
9647	27	
9648	41	
9649	56	
9650	3	
9651	66	
9652	62	
9653	23	
9654	1	
9655	87	
9656	71	
9657	13	
9658	3	
9659	52	
9660	8	
9661	9	
9662	89	
9663	68	
9664	98	
9665	35	
9666	39	
9667	14	
9668	97	
9669	64	
9670	90	
9671	70	
9672	88	
9673	92	
9674	72	
9675	97	
9676	82	
9677	49	
9678	97	
9679	66	
9680	85	
9681	58	
9682	48	
9683	33	
9684	11	
9685	99	
9686	82	
9687	50	
9688	75	
9689	69	
9690	31	
9691	100	
9692	46	
9693	60	
9694	98	
9695	12	
9696	60	
9697	87	
9698	79	
9699	81	
9700	97	
9701	56	
9702	76	
9703	70	
9704	14	
9705	22	
9706	14	
9707	25	
9708	64	
9709	4	
9710	47	
9711	16	
9712	37	
9713	53	
9714	83	
9715	35	
9716	96	
9717	11	
9718	17	
9719	99	
9720	79	
9721	22	
9722	84	
9723	27	
9724	75	
9725	92	
9726	88	
9727	86	
9728	69	
9729	4	
9730	41	
9731	70	
9732	30	
9733	9	
9734	28	
9735	12	
9736	100	
9737	82	
9738	82	
9739	27	
9740	89	
9741	48	
9742	58	
9743	28	
9744	52	
9745	37	
9746	96	
9747	12	
9748	8	
9749	73	
9750	45	
9751	19	
9752	70	
9753	12	
9754	43	
9755	32	
9756	84	
9757	37	
9758	36	
9759	60	
9760	35	
9761	6	
9762	96	
9763	34	
9764	90	
9765	59	
9766	33	
9767	70	
9768	5	
9769	22	
9770	80	
9771	11	
9772	54	
9773	89	
9774	95	
9775	10	
9776	32	
9777	49	
9778	42	
9779	15	
9780	68	
9781	67	
9782	79	
9783	65	
9784	45	
9785	82	
9786	32	
9787	56	
9788	37	
9789	10	
9790	86	
9791	48	
9792	83	
9793	61	
9794	33	
9795	92	
9796	37	
9797	37	
9798	80	
9799	29	
9800	78	
9801	78	
9802	31	
9803	31	
9804	26	
9805	19	
9806	93	
9807	56	
9808	34	
9809	14	
9810	65	
9811	45	
9812	59	
9813	45	
9814	15	
9815	42	
9816	36	
9817	33	
9818	86	
9819	79	
9820	1	
9821	20	
9822	21	
9823	22	
9824	16	
9825	12	
9826	51	
9827	98	
9828	29	
9829	56	
9830	97	
9831	91	
9832	74	
9833	60	
9834	28	
9835	57	
9836	59	
9837	53	
9838	77	
9839	20	
9840	17	
9841	23	
9842	15	
9843	22	
9844	14	
9845	45	
9846	16	
9847	30	
9848	18	
9849	37	
9850	38	
9851	68	
9852	65	
9853	50	
9854	65	
9855	36	
9856	24	
9857	84	
9858	64	
9859	90	
9860	23	
9861	4	
9862	15	
9863	40	
9864	42	
9865	26	
9866	63	
9867	1	
9868	94	
9869	48	
9870	70	
9871	94	
9872	31	
9873	53	
9874	66	
9875	49	
9876	81	
9877	9	
9878	51	
9879	28	
9880	20	
9881	93	
9882	23	
9883	40	
9884	49	
9885	49	
9886	36	
9887	48	
9888	60	
9889	96	
9890	57	
9891	88	
9892	34	
9893	56	
9894	38	
9895	56	
9896	10	
9897	92	
9898	83	
9899	28	
9900	54	
9901	15	
9902	98	
9903	51	
9904	36	
9905	72	
9906	31	
9907	59	
9908	19	
9909	81	
9910	92	
9911	9	
9912	97	
9913	82	
9914	26	
9915	86	
9916	100	
9917	97	
9918	60	
9919	34	
9920	39	
9921	89	
9922	65	
9923	17	
9924	56	
9925	41	
9926	28	
9927	58	
9928	93	
9929	59	
9930	57	
9931	46	
9932	9	
9933	79	
9934	70	
9935	35	
9936	9	
9937	35	
9938	57	
9939	99	
9940	57	
9941	62	
9942	34	
9943	92	
9944	70	
9945	100	
9946	67	
9947	63	
9948	75	
9949	97	
9950	1	
9951	27	
9952	78	
9953	7	
9954	62	
9955	81	
9956	6	
9957	26	
9958	43	
9959	7	
9960	68	
9961	27	
9962	60	
9963	86	
9964	99	
9965	43	
9966	9	
9967	46	
9968	94	
9969	15	
9970	93	
9971	6	
9972	6	
9973	64	
9974	18	
9975	18	
9976	27	
9977	18	
9978	21	
9979	47	
9980	58	
9981	42	
9982	13	
9983	7	
9984	77	
9985	1	
9986	9	
9987	7	
9988	59	
9989	16	
9990	4	
9991	62	
9992	99	
9993	35	
9994	2	
9995	77	
9996	86	
9997	37	
9998	57	
9999	95	
10000	35	
20234
