1000
1	69	
2	93	
3	71	
4	96	
5	41	
6	63	
7	18	
8	17	
9	70	
10	7	
11	37	
12	84	
13	13	
14	73	
15	70	
16	70	
17	98	
18	57	
19	98	
20	95	
21	26	
22	29	
23	73	
24	72	
25	66	
26	81	
27	3	
28	61	
29	23	
30	12	
31	23	
32	33	
33	57	
34	38	
35	17	
36	86	
37	57	
38	30	
39	45	
40	12	
41	28	
42	39	
43	35	
44	3	
45	96	
46	28	
47	47	
48	99	
49	28	
50	17	
51	72	
52	13	
53	90	
54	21	
55	82	
56	53	
57	86	
58	24	
59	93	
60	19	
61	54	
62	32	
63	53	
64	72	
65	93	
66	41	
67	6	
68	44	
69	89	
70	79	
71	47	
72	51	
73	35	
74	88	
75	25	
76	22	
77	64	
78	40	
79	62	
80	68	
81	27	
82	83	
83	52	
84	79	
85	79	
86	43	
87	85	
88	49	
89	71	
90	96	
91	82	
92	46	
93	82	
94	21	
95	29	
96	78	
97	86	
98	58	
99	37	
100	73	
101	42	
102	17	
103	51	
104	25	
105	94	
106	15	
107	8	
108	68	
109	60	
110	82	
111	48	
112	12	
113	34	
114	86	
115	94	
116	48	
117	20	
118	30	
119	94	
120	22	
121	1	
122	2	
123	89	
124	72	
125	54	
126	68	
127	61	
128	89	
129	52	
130	64	
131	27	
132	94	
133	100	
134	97	
135	22	
136	11	
137	42	
138	28	
139	23	
140	37	
141	36	
142	6	
143	24	
144	4	
145	2	
146	95	
147	79	
148	68	
149	54	
150	7	
151	2	
152	74	
153	67	
154	97	
155	19	
156	73	
157	27	
158	84	
159	23	
160	54	
161	22	
162	12	
163	67	
164	3	
165	78	
166	15	
167	96	
168	61	
169	99	
170	6	
171	92	
172	67	
173	38	
174	95	
175	16	
176	20	
177	3	
178	70	
179	51	
180	21	
181	68	
182	86	
183	89	
184	33	
185	66	
186	98	
187	95	
188	30	
189	49	
190	22	
191	15	
192	76	
193	25	
194	17	
195	38	
196	99	
197	1	
198	11	
199	56	
200	14	
201	40	
202	50	
203	20	
204	20	
205	28	
206	10	
207	25	
208	51	
209	68	
210	10	
211	61	
212	69	
213	56	
214	78	
215	47	
216	88	
217	81	
218	61	
219	94	
220	43	
221	35	
222	58	
223	18	
224	9	
225	21	
226	37	
227	92	
228	66	
229	84	
230	8	
231	38	
232	55	
233	18	
234	79	
235	26	
236	93	
237	98	
238	90	
239	26	
240	42	
241	22	
242	80	
243	82	
244	80	
245	75	
246	32	
247	47	
248	35	
249	5	
250	61	
251	92	
252	68	
253	42	
254	83	
255	64	
256	78	
257	53	
258	21	
259	88	
260	30	
261	72	
262	66	
263	44	
264	60	
265	56	
266	47	
267	15	
268	25	
269	22	
270	40	
271	69	
272	92	
273	57	
274	40	
275	78	
276	7	
277	76	
278	7	
279	46	
280	93	
281	54	
282	91	
283	36	
284	60	
285	73	
286	62	
287	20	
288	2	
289	10	
290	32	
291	55	
292	1	
293	57	
294	67	
295	8	
296	24	
297	99	
298	75	
299	31	
300	25	
301	77	
302	12	
303	87	
304	54	
305	24	
306	81	
307	40	
308	74	
309	45	
310	44	
311	35	
312	79	
313	11	
314	75	
315	67	
316	79	
317	14	
318	94	
319	87	
320	94	
321	99	
322	16	
323	1	
324	19	
325	90	
326	32	
327	47	
328	80	
329	87	
330	94	
331	57	
332	16	
333	90	
334	53	
335	83	
336	72	
337	100	
338	48	
339	89	
340	37	
341	98	
342	15	
343	63	
344	45	
345	13	
346	32	
347	57	
348	71	
349	70	
350	100	
351	1	
352	1	
353	37	
354	89	
355	45	
356	74	
357	72	
358	32	
359	44	
360	59	
361	23	
362	90	
363	42	
364	27	
365	79	
366	16	
367	66	
368	93	
369	92	
370	48	
371	81	
372	95	
373	53	
374	55	
375	57	
376	74	
377	68	
378	23	
379	9	
380	34	
381	80	
382	12	
383	65	
384	32	
385	4	
386	96	
387	8	
388	7	
389	47	
390	29	
391	28	
392	26	
393	72	
394	79	
395	29	
396	18	
397	9	
398	37	
399	99	
400	90	
401	33	
402	34	
403	31	
404	76	
405	55	
406	57	
407	31	
408	99	
409	19	
410	39	
411	80	
412	24	
413	70	
414	30	
415	28	
416	79	
417	40	
418	13	
419	21	
420	33	
421	54	
422	68	
423	78	
424	25	
425	9	
426	82	
427	47	
428	45	
429	83	
430	19	
431	24	
432	99	
433	67	
434	50	
435	96	
436	30	
437	59	
438	69	
439	75	
440	20	
441	91	
442	65	
443	89	
444	63	
445	48	
446	85	
447	26	
448	58	
449	44	
450	28	
451	86	
452	42	
453	54	
454	40	
455	79	
456	27	
457	88	
458	67	
459	76	
460	7	
461	58	
462	87	
463	30	
464	3	
465	57	
466	43	
467	79	
468	19	
469	91	
470	54	
471	89	
472	52	
473	27	
474	53	
475	29	
476	52	
477	88	
478	29	
479	2	
480	12	
481	88	
482	80	
483	4	
484	7	
485	14	
486	42	
487	63	
488	9	
489	22	
490	54	
491	8	
492	44	
493	14	
494	88	
495	4	
496	59	
497	56	
498	70	
499	85	
500	51	
501	56	
502	81	
503	98	
504	12	
505	4	
506	54	
507	92	
508	14	
509	32	
510	68	
511	17	
512	29	
513	37	
514	9	
515	30	
516	15	
517	47	
518	82	
519	66	
520	75	
521	18	
522	74	
523	89	
524	5	
525	38	
526	27	
527	68	
528	3	
529	40	
530	90	
531	46	
532	55	
533	65	
534	2	
535	10	
536	91	
537	50	
538	69	
539	57	
540	75	
541	16	
542	23	
543	90	
544	67	
545	51	
546	21	
547	6	
548	91	
549	77	
550	95	
551	11	
552	56	
553	34	
554	8	
555	6	
556	18	
557	83	
558	44	
559	59	
560	54	
561	96	
562	60	
563	5	
564	67	
565	31	
566	8	
567	8	
568	30	
569	84	
570	6	
571	49	
572	88	
573	45	
574	97	
575	94	
576	44	
577	10	
578	58	
579	96	
580	63	
581	51	
582	34	
583	42	
584	17	
585	98	
586	27	
587	93	
588	35	
589	68	
590	74	
591	48	
592	84	
593	33	
594	36	
595	63	
596	42	
597	14	
598	43	
599	85	
600	93	
601	59	
602	56	
603	83	
604	40	
605	39	
606	52	
607	9	
608	100	
609	57	
610	88	
611	57	
612	2	
613	82	
614	59	
615	73	
616	21	
617	32	
618	36	
619	63	
620	75	
621	10	
622	46	
623	84	
624	7	
625	50	
626	38	
627	91	
628	14	
629	33	
630	41	
631	5	
632	35	
633	23	
634	72	
635	17	
636	92	
637	30	
638	57	
639	2	
640	96	
641	93	
642	64	
643	81	
644	13	
645	34	
646	49	
647	50	
648	13	
649	37	
650	51	
651	24	
652	99	
653	53	
654	68	
655	94	
656	21	
657	20	
658	93	
659	55	
660	80	
661	53	
662	96	
663	11	
664	57	
665	91	
666	25	
667	16	
668	72	
669	37	
670	87	
671	2	
672	8	
673	45	
674	26	
675	52	
676	11	
677	86	
678	25	
679	21	
680	13	
681	16	
682	71	
683	35	
684	30	
685	72	
686	51	
687	100	
688	70	
689	79	
690	25	
691	92	
692	95	
693	13	
694	84	
695	76	
696	22	
697	84	
698	8	
699	23	
700	79	
701	44	
702	99	
703	56	
704	55	
705	86	
706	78	
707	53	
708	78	
709	7	
710	78	
711	87	
712	24	
713	67	
714	77	
715	61	
716	41	
717	32	
718	28	
719	47	
720	72	
721	82	
722	12	
723	77	
724	68	
725	39	
726	14	
727	67	
728	59	
729	65	
730	57	
731	100	
732	62	
733	40	
734	9	
735	29	
736	15	
737	76	
738	83	
739	64	
740	55	
741	28	
742	21	
743	36	
744	43	
745	75	
746	72	
747	37	
748	60	
749	13	
750	42	
751	42	
752	84	
753	34	
754	99	
755	8	
756	38	
757	96	
758	14	
759	33	
760	52	
761	64	
762	91	
763	32	
764	92	
765	81	
766	24	
767	81	
768	25	
769	10	
770	58	
771	35	
772	45	
773	50	
774	90	
775	59	
776	6	
777	47	
778	65	
779	12	
780	78	
781	94	
782	38	
783	3	
784	73	
785	51	
786	41	
787	49	
788	47	
789	27	
790	64	
791	46	
792	53	
793	82	
794	59	
795	86	
796	70	
797	95	
798	17	
799	95	
800	23	
801	37	
802	42	
803	48	
804	18	
805	37	
806	24	
807	82	
808	64	
809	24	
810	84	
811	82	
812	88	
813	56	
814	40	
815	83	
816	57	
817	76	
818	88	
819	62	
820	36	
821	82	
822	3	
823	2	
824	9	
825	94	
826	49	
827	91	
828	20	
829	25	
830	83	
831	85	
832	29	
833	76	
834	16	
835	87	
836	34	
837	100	
838	92	
839	42	
840	6	
841	86	
842	28	
843	50	
844	58	
845	86	
846	7	
847	37	
848	33	
849	70	
850	49	
851	93	
852	44	
853	77	
854	40	
855	95	
856	100	
857	81	
858	4	
859	70	
860	17	
861	64	
862	16	
863	88	
864	7	
865	60	
866	43	
867	10	
868	83	
869	28	
870	90	
871	45	
872	15	
873	32	
874	62	
875	5	
876	43	
877	5	
878	36	
879	70	
880	68	
881	32	
882	7	
883	46	
884	37	
885	58	
886	86	
887	48	
888	87	
889	54	
890	21	
891	5	
892	26	
893	59	
894	13	
895	98	
896	16	
897	81	
898	21	
899	42	
900	30	
901	77	
902	49	
903	27	
904	60	
905	31	
906	46	
907	38	
908	44	
909	9	
910	43	
911	38	
912	31	
913	95	
914	3	
915	50	
916	68	
917	66	
918	90	
919	47	
920	78	
921	11	
922	83	
923	81	
924	31	
925	35	
926	69	
927	99	
928	5	
929	62	
930	91	
931	90	
932	78	
933	30	
934	10	
935	72	
936	29	
937	63	
938	47	
939	6	
940	88	
941	10	
942	99	
943	12	
944	66	
945	99	
946	25	
947	97	
948	91	
949	48	
950	40	
951	9	
952	93	
953	81	
954	31	
955	77	
956	59	
957	68	
958	50	
959	7	
960	41	
961	24	
962	72	
963	40	
964	37	
965	76	
966	4	
967	51	
968	89	
969	91	
970	94	
971	69	
972	64	
973	94	
974	73	
975	1	
976	56	
977	63	
978	24	
979	82	
980	2	
981	38	
982	83	
983	42	
984	67	
985	68	
986	85	
987	99	
988	91	
989	85	
990	76	
991	77	
992	69	
993	71	
994	86	
995	5	
996	68	
997	78	
998	96	
999	33	
1000	9	
1027
