10000
1	6	
2	2	
3	4	
4	1	
5	8	
6	4	
7	9	
8	10	
9	9	
10	4	
11	6	
12	5	
13	10	
14	10	
15	1	
16	3	
17	7	
18	6	
19	7	
20	8	
21	7	
22	6	
23	6	
24	1	
25	9	
26	4	
27	10	
28	8	
29	2	
30	9	
31	10	
32	8	
33	10	
34	7	
35	8	
36	1	
37	6	
38	7	
39	10	
40	9	
41	7	
42	2	
43	8	
44	10	
45	5	
46	3	
47	8	
48	10	
49	9	
50	4	
51	7	
52	10	
53	7	
54	2	
55	5	
56	4	
57	3	
58	3	
59	6	
60	10	
61	9	
62	9	
63	8	
64	5	
65	2	
66	2	
67	7	
68	9	
69	6	
70	8	
71	10	
72	2	
73	6	
74	1	
75	4	
76	7	
77	5	
78	5	
79	5	
80	3	
81	4	
82	4	
83	9	
84	10	
85	10	
86	6	
87	4	
88	8	
89	8	
90	9	
91	7	
92	5	
93	3	
94	8	
95	4	
96	7	
97	3	
98	9	
99	4	
100	6	
101	7	
102	4	
103	10	
104	8	
105	9	
106	4	
107	7	
108	9	
109	9	
110	5	
111	5	
112	1	
113	1	
114	5	
115	7	
116	7	
117	9	
118	1	
119	5	
120	5	
121	2	
122	7	
123	10	
124	7	
125	3	
126	3	
127	2	
128	10	
129	3	
130	1	
131	2	
132	3	
133	9	
134	10	
135	3	
136	2	
137	3	
138	7	
139	6	
140	10	
141	3	
142	3	
143	7	
144	1	
145	1	
146	4	
147	8	
148	5	
149	7	
150	2	
151	9	
152	3	
153	6	
154	2	
155	8	
156	10	
157	2	
158	7	
159	6	
160	3	
161	3	
162	1	
163	2	
164	2	
165	1	
166	6	
167	3	
168	8	
169	4	
170	7	
171	5	
172	2	
173	9	
174	6	
175	1	
176	1	
177	4	
178	1	
179	10	
180	2	
181	3	
182	7	
183	8	
184	10	
185	9	
186	9	
187	10	
188	7	
189	6	
190	1	
191	10	
192	5	
193	6	
194	6	
195	9	
196	6	
197	8	
198	10	
199	9	
200	5	
201	3	
202	3	
203	1	
204	3	
205	3	
206	3	
207	2	
208	2	
209	5	
210	7	
211	4	
212	6	
213	9	
214	5	
215	6	
216	1	
217	6	
218	2	
219	3	
220	8	
221	4	
222	1	
223	9	
224	10	
225	8	
226	2	
227	3	
228	5	
229	1	
230	5	
231	1	
232	6	
233	3	
234	6	
235	3	
236	6	
237	3	
238	9	
239	5	
240	9	
241	3	
242	7	
243	5	
244	9	
245	10	
246	5	
247	10	
248	4	
249	6	
250	8	
251	1	
252	3	
253	1	
254	8	
255	5	
256	7	
257	10	
258	8	
259	9	
260	3	
261	1	
262	9	
263	7	
264	9	
265	3	
266	4	
267	10	
268	4	
269	7	
270	3	
271	2	
272	1	
273	10	
274	5	
275	9	
276	2	
277	3	
278	4	
279	1	
280	4	
281	5	
282	4	
283	7	
284	3	
285	10	
286	7	
287	5	
288	1	
289	5	
290	1	
291	10	
292	2	
293	6	
294	8	
295	3	
296	9	
297	10	
298	2	
299	6	
300	4	
301	10	
302	9	
303	2	
304	5	
305	3	
306	4	
307	1	
308	3	
309	8	
310	7	
311	6	
312	8	
313	10	
314	4	
315	4	
316	4	
317	9	
318	5	
319	6	
320	7	
321	4	
322	7	
323	4	
324	2	
325	9	
326	7	
327	10	
328	7	
329	6	
330	7	
331	6	
332	3	
333	1	
334	2	
335	2	
336	5	
337	9	
338	3	
339	8	
340	8	
341	5	
342	8	
343	2	
344	4	
345	8	
346	9	
347	10	
348	6	
349	1	
350	3	
351	8	
352	4	
353	8	
354	8	
355	4	
356	7	
357	1	
358	9	
359	5	
360	2	
361	4	
362	3	
363	1	
364	10	
365	6	
366	7	
367	3	
368	10	
369	9	
370	7	
371	4	
372	6	
373	4	
374	10	
375	6	
376	3	
377	5	
378	6	
379	6	
380	7	
381	9	
382	3	
383	10	
384	7	
385	5	
386	3	
387	1	
388	6	
389	6	
390	8	
391	1	
392	1	
393	7	
394	6	
395	2	
396	5	
397	4	
398	8	
399	6	
400	7	
401	10	
402	5	
403	6	
404	7	
405	6	
406	8	
407	4	
408	10	
409	2	
410	4	
411	7	
412	5	
413	5	
414	5	
415	7	
416	10	
417	3	
418	10	
419	8	
420	4	
421	3	
422	5	
423	3	
424	2	
425	6	
426	9	
427	2	
428	4	
429	4	
430	10	
431	5	
432	8	
433	6	
434	1	
435	3	
436	1	
437	8	
438	6	
439	2	
440	3	
441	2	
442	2	
443	2	
444	10	
445	9	
446	10	
447	1	
448	3	
449	9	
450	1	
451	7	
452	3	
453	3	
454	1	
455	8	
456	8	
457	9	
458	2	
459	3	
460	2	
461	7	
462	4	
463	3	
464	2	
465	6	
466	4	
467	2	
468	10	
469	6	
470	3	
471	8	
472	9	
473	2	
474	4	
475	8	
476	7	
477	3	
478	8	
479	9	
480	9	
481	1	
482	3	
483	3	
484	8	
485	5	
486	7	
487	2	
488	8	
489	7	
490	5	
491	1	
492	3	
493	9	
494	7	
495	7	
496	8	
497	3	
498	3	
499	6	
500	6	
501	5	
502	8	
503	7	
504	3	
505	1	
506	3	
507	3	
508	7	
509	5	
510	7	
511	2	
512	2	
513	8	
514	4	
515	9	
516	4	
517	2	
518	3	
519	5	
520	2	
521	3	
522	5	
523	8	
524	4	
525	3	
526	6	
527	1	
528	6	
529	7	
530	3	
531	1	
532	6	
533	10	
534	3	
535	7	
536	8	
537	3	
538	2	
539	4	
540	2	
541	5	
542	6	
543	9	
544	4	
545	8	
546	8	
547	3	
548	10	
549	6	
550	2	
551	4	
552	5	
553	9	
554	5	
555	5	
556	5	
557	4	
558	1	
559	8	
560	5	
561	7	
562	5	
563	8	
564	8	
565	8	
566	9	
567	1	
568	1	
569	5	
570	1	
571	10	
572	7	
573	4	
574	6	
575	9	
576	9	
577	7	
578	9	
579	5	
580	4	
581	8	
582	9	
583	7	
584	2	
585	1	
586	4	
587	8	
588	6	
589	9	
590	3	
591	9	
592	5	
593	6	
594	5	
595	4	
596	5	
597	3	
598	10	
599	6	
600	2	
601	6	
602	1	
603	6	
604	9	
605	6	
606	1	
607	4	
608	1	
609	10	
610	9	
611	10	
612	7	
613	5	
614	10	
615	4	
616	4	
617	9	
618	3	
619	10	
620	4	
621	1	
622	3	
623	3	
624	10	
625	5	
626	1	
627	6	
628	7	
629	2	
630	8	
631	10	
632	10	
633	6	
634	1	
635	4	
636	3	
637	9	
638	8	
639	9	
640	5	
641	10	
642	1	
643	4	
644	6	
645	7	
646	10	
647	1	
648	4	
649	2	
650	10	
651	3	
652	2	
653	6	
654	7	
655	5	
656	4	
657	7	
658	4	
659	8	
660	9	
661	4	
662	9	
663	4	
664	2	
665	6	
666	2	
667	7	
668	3	
669	8	
670	6	
671	3	
672	3	
673	8	
674	7	
675	9	
676	4	
677	1	
678	10	
679	4	
680	10	
681	1	
682	4	
683	4	
684	1	
685	7	
686	10	
687	7	
688	3	
689	4	
690	8	
691	5	
692	6	
693	4	
694	5	
695	5	
696	5	
697	1	
698	9	
699	2	
700	6	
701	9	
702	6	
703	1	
704	4	
705	9	
706	7	
707	6	
708	7	
709	6	
710	1	
711	6	
712	3	
713	10	
714	6	
715	2	
716	10	
717	5	
718	7	
719	2	
720	5	
721	5	
722	7	
723	2	
724	1	
725	2	
726	7	
727	8	
728	4	
729	6	
730	10	
731	3	
732	3	
733	1	
734	4	
735	6	
736	2	
737	5	
738	10	
739	7	
740	6	
741	5	
742	6	
743	7	
744	2	
745	4	
746	7	
747	4	
748	3	
749	4	
750	9	
751	5	
752	7	
753	5	
754	2	
755	9	
756	1	
757	9	
758	5	
759	4	
760	9	
761	5	
762	10	
763	3	
764	5	
765	10	
766	1	
767	8	
768	2	
769	7	
770	5	
771	4	
772	6	
773	5	
774	9	
775	6	
776	5	
777	6	
778	6	
779	9	
780	7	
781	7	
782	5	
783	4	
784	4	
785	4	
786	6	
787	8	
788	8	
789	2	
790	3	
791	9	
792	4	
793	1	
794	4	
795	3	
796	5	
797	4	
798	6	
799	2	
800	4	
801	4	
802	1	
803	3	
804	7	
805	6	
806	1	
807	1	
808	7	
809	7	
810	1	
811	5	
812	9	
813	9	
814	1	
815	10	
816	10	
817	7	
818	7	
819	1	
820	7	
821	1	
822	4	
823	1	
824	2	
825	7	
826	4	
827	2	
828	5	
829	10	
830	4	
831	4	
832	4	
833	7	
834	9	
835	2	
836	7	
837	7	
838	7	
839	3	
840	3	
841	1	
842	3	
843	7	
844	3	
845	5	
846	4	
847	8	
848	8	
849	5	
850	2	
851	6	
852	5	
853	10	
854	5	
855	10	
856	1	
857	8	
858	9	
859	9	
860	8	
861	3	
862	1	
863	5	
864	2	
865	1	
866	10	
867	9	
868	2	
869	7	
870	9	
871	4	
872	6	
873	9	
874	5	
875	2	
876	2	
877	2	
878	1	
879	3	
880	1	
881	7	
882	8	
883	9	
884	10	
885	3	
886	7	
887	3	
888	2	
889	3	
890	2	
891	2	
892	9	
893	10	
894	10	
895	9	
896	9	
897	8	
898	8	
899	5	
900	3	
901	10	
902	10	
903	10	
904	9	
905	4	
906	1	
907	9	
908	1	
909	10	
910	10	
911	1	
912	8	
913	2	
914	2	
915	1	
916	9	
917	9	
918	7	
919	8	
920	9	
921	10	
922	2	
923	8	
924	4	
925	8	
926	8	
927	6	
928	2	
929	5	
930	2	
931	3	
932	7	
933	1	
934	7	
935	9	
936	4	
937	6	
938	4	
939	9	
940	5	
941	5	
942	8	
943	7	
944	3	
945	6	
946	4	
947	6	
948	4	
949	9	
950	7	
951	10	
952	6	
953	4	
954	4	
955	2	
956	10	
957	9	
958	1	
959	2	
960	4	
961	7	
962	7	
963	5	
964	4	
965	9	
966	5	
967	4	
968	2	
969	4	
970	5	
971	10	
972	7	
973	9	
974	8	
975	4	
976	3	
977	2	
978	9	
979	9	
980	9	
981	9	
982	6	
983	9	
984	8	
985	9	
986	4	
987	6	
988	8	
989	6	
990	5	
991	10	
992	4	
993	6	
994	3	
995	10	
996	5	
997	9	
998	5	
999	8	
1000	4	
1001	5	
1002	4	
1003	1	
1004	9	
1005	9	
1006	1	
1007	5	
1008	9	
1009	1	
1010	2	
1011	3	
1012	6	
1013	8	
1014	9	
1015	10	
1016	6	
1017	4	
1018	1	
1019	1	
1020	9	
1021	4	
1022	4	
1023	1	
1024	8	
1025	1	
1026	7	
1027	3	
1028	1	
1029	6	
1030	3	
1031	10	
1032	4	
1033	8	
1034	8	
1035	3	
1036	10	
1037	1	
1038	6	
1039	1	
1040	6	
1041	2	
1042	7	
1043	10	
1044	4	
1045	5	
1046	7	
1047	3	
1048	9	
1049	3	
1050	4	
1051	2	
1052	2	
1053	7	
1054	9	
1055	4	
1056	3	
1057	3	
1058	4	
1059	7	
1060	1	
1061	4	
1062	2	
1063	5	
1064	1	
1065	2	
1066	9	
1067	4	
1068	1	
1069	4	
1070	7	
1071	4	
1072	1	
1073	7	
1074	9	
1075	3	
1076	6	
1077	5	
1078	5	
1079	4	
1080	8	
1081	8	
1082	8	
1083	6	
1084	9	
1085	8	
1086	3	
1087	10	
1088	8	
1089	9	
1090	1	
1091	6	
1092	3	
1093	8	
1094	1	
1095	7	
1096	2	
1097	7	
1098	1	
1099	3	
1100	1	
1101	6	
1102	9	
1103	7	
1104	4	
1105	9	
1106	1	
1107	1	
1108	3	
1109	2	
1110	1	
1111	3	
1112	1	
1113	5	
1114	1	
1115	8	
1116	3	
1117	10	
1118	2	
1119	3	
1120	1	
1121	3	
1122	4	
1123	3	
1124	2	
1125	7	
1126	1	
1127	3	
1128	4	
1129	8	
1130	2	
1131	1	
1132	1	
1133	8	
1134	5	
1135	9	
1136	6	
1137	1	
1138	8	
1139	4	
1140	6	
1141	7	
1142	8	
1143	10	
1144	5	
1145	2	
1146	6	
1147	7	
1148	7	
1149	6	
1150	1	
1151	2	
1152	9	
1153	4	
1154	6	
1155	3	
1156	7	
1157	5	
1158	1	
1159	4	
1160	3	
1161	6	
1162	10	
1163	2	
1164	5	
1165	8	
1166	7	
1167	6	
1168	10	
1169	1	
1170	1	
1171	5	
1172	7	
1173	7	
1174	5	
1175	5	
1176	3	
1177	8	
1178	2	
1179	9	
1180	1	
1181	5	
1182	1	
1183	2	
1184	5	
1185	1	
1186	10	
1187	7	
1188	7	
1189	7	
1190	5	
1191	8	
1192	4	
1193	8	
1194	9	
1195	9	
1196	1	
1197	2	
1198	2	
1199	1	
1200	10	
1201	2	
1202	10	
1203	7	
1204	3	
1205	1	
1206	8	
1207	5	
1208	6	
1209	5	
1210	7	
1211	2	
1212	4	
1213	1	
1214	5	
1215	2	
1216	8	
1217	6	
1218	7	
1219	2	
1220	9	
1221	4	
1222	9	
1223	10	
1224	6	
1225	5	
1226	9	
1227	4	
1228	6	
1229	2	
1230	1	
1231	9	
1232	1	
1233	7	
1234	2	
1235	9	
1236	7	
1237	3	
1238	2	
1239	1	
1240	8	
1241	3	
1242	10	
1243	1	
1244	1	
1245	7	
1246	3	
1247	9	
1248	7	
1249	5	
1250	8	
1251	6	
1252	5	
1253	1	
1254	8	
1255	5	
1256	8	
1257	5	
1258	2	
1259	3	
1260	2	
1261	10	
1262	7	
1263	7	
1264	4	
1265	9	
1266	2	
1267	8	
1268	7	
1269	4	
1270	6	
1271	7	
1272	6	
1273	9	
1274	6	
1275	8	
1276	8	
1277	6	
1278	4	
1279	1	
1280	6	
1281	3	
1282	1	
1283	8	
1284	1	
1285	9	
1286	2	
1287	6	
1288	7	
1289	2	
1290	7	
1291	2	
1292	5	
1293	10	
1294	3	
1295	2	
1296	3	
1297	5	
1298	9	
1299	6	
1300	2	
1301	9	
1302	9	
1303	6	
1304	3	
1305	9	
1306	4	
1307	9	
1308	6	
1309	1	
1310	3	
1311	10	
1312	10	
1313	10	
1314	1	
1315	9	
1316	2	
1317	8	
1318	7	
1319	2	
1320	7	
1321	3	
1322	8	
1323	7	
1324	7	
1325	7	
1326	3	
1327	2	
1328	3	
1329	6	
1330	8	
1331	10	
1332	9	
1333	8	
1334	6	
1335	7	
1336	5	
1337	5	
1338	7	
1339	2	
1340	9	
1341	2	
1342	1	
1343	9	
1344	6	
1345	2	
1346	3	
1347	1	
1348	8	
1349	7	
1350	1	
1351	5	
1352	7	
1353	2	
1354	6	
1355	8	
1356	10	
1357	8	
1358	4	
1359	8	
1360	2	
1361	4	
1362	3	
1363	7	
1364	1	
1365	7	
1366	7	
1367	1	
1368	2	
1369	9	
1370	2	
1371	1	
1372	3	
1373	10	
1374	4	
1375	2	
1376	4	
1377	10	
1378	7	
1379	3	
1380	10	
1381	3	
1382	10	
1383	2	
1384	7	
1385	10	
1386	4	
1387	10	
1388	9	
1389	7	
1390	3	
1391	7	
1392	6	
1393	3	
1394	2	
1395	2	
1396	1	
1397	8	
1398	1	
1399	2	
1400	4	
1401	7	
1402	1	
1403	5	
1404	2	
1405	10	
1406	9	
1407	6	
1408	7	
1409	7	
1410	4	
1411	6	
1412	8	
1413	10	
1414	5	
1415	4	
1416	4	
1417	7	
1418	10	
1419	10	
1420	8	
1421	9	
1422	8	
1423	3	
1424	1	
1425	10	
1426	10	
1427	9	
1428	5	
1429	2	
1430	3	
1431	3	
1432	9	
1433	10	
1434	2	
1435	10	
1436	6	
1437	4	
1438	5	
1439	3	
1440	6	
1441	10	
1442	5	
1443	3	
1444	2	
1445	9	
1446	8	
1447	5	
1448	6	
1449	5	
1450	9	
1451	2	
1452	10	
1453	1	
1454	6	
1455	5	
1456	7	
1457	3	
1458	3	
1459	5	
1460	2	
1461	10	
1462	3	
1463	3	
1464	5	
1465	8	
1466	2	
1467	6	
1468	2	
1469	8	
1470	2	
1471	1	
1472	4	
1473	2	
1474	9	
1475	3	
1476	3	
1477	1	
1478	6	
1479	8	
1480	1	
1481	3	
1482	6	
1483	9	
1484	6	
1485	10	
1486	8	
1487	2	
1488	6	
1489	2	
1490	9	
1491	9	
1492	7	
1493	4	
1494	8	
1495	7	
1496	5	
1497	9	
1498	7	
1499	4	
1500	6	
1501	8	
1502	6	
1503	7	
1504	2	
1505	7	
1506	9	
1507	2	
1508	10	
1509	7	
1510	6	
1511	5	
1512	7	
1513	4	
1514	10	
1515	8	
1516	10	
1517	6	
1518	1	
1519	9	
1520	9	
1521	9	
1522	7	
1523	7	
1524	2	
1525	3	
1526	9	
1527	8	
1528	5	
1529	6	
1530	7	
1531	10	
1532	6	
1533	4	
1534	5	
1535	2	
1536	2	
1537	2	
1538	7	
1539	7	
1540	2	
1541	8	
1542	4	
1543	4	
1544	4	
1545	3	
1546	5	
1547	4	
1548	9	
1549	10	
1550	10	
1551	7	
1552	1	
1553	10	
1554	4	
1555	3	
1556	2	
1557	4	
1558	10	
1559	4	
1560	2	
1561	8	
1562	4	
1563	6	
1564	3	
1565	4	
1566	6	
1567	7	
1568	5	
1569	8	
1570	2	
1571	3	
1572	2	
1573	6	
1574	5	
1575	5	
1576	3	
1577	1	
1578	4	
1579	1	
1580	10	
1581	1	
1582	1	
1583	2	
1584	6	
1585	8	
1586	4	
1587	9	
1588	10	
1589	8	
1590	8	
1591	10	
1592	3	
1593	10	
1594	2	
1595	2	
1596	8	
1597	1	
1598	10	
1599	7	
1600	6	
1601	10	
1602	7	
1603	8	
1604	6	
1605	2	
1606	6	
1607	7	
1608	2	
1609	6	
1610	2	
1611	2	
1612	1	
1613	10	
1614	9	
1615	1	
1616	5	
1617	7	
1618	6	
1619	1	
1620	7	
1621	5	
1622	1	
1623	7	
1624	6	
1625	9	
1626	10	
1627	8	
1628	10	
1629	9	
1630	3	
1631	2	
1632	8	
1633	9	
1634	8	
1635	9	
1636	7	
1637	1	
1638	9	
1639	5	
1640	1	
1641	3	
1642	3	
1643	10	
1644	3	
1645	10	
1646	3	
1647	3	
1648	7	
1649	1	
1650	7	
1651	5	
1652	6	
1653	10	
1654	5	
1655	1	
1656	10	
1657	6	
1658	6	
1659	9	
1660	10	
1661	3	
1662	8	
1663	5	
1664	7	
1665	1	
1666	6	
1667	3	
1668	2	
1669	7	
1670	5	
1671	4	
1672	9	
1673	9	
1674	7	
1675	6	
1676	5	
1677	5	
1678	9	
1679	4	
1680	1	
1681	9	
1682	8	
1683	8	
1684	5	
1685	2	
1686	2	
1687	1	
1688	8	
1689	7	
1690	10	
1691	9	
1692	9	
1693	8	
1694	4	
1695	3	
1696	4	
1697	5	
1698	8	
1699	7	
1700	2	
1701	3	
1702	1	
1703	9	
1704	8	
1705	1	
1706	3	
1707	10	
1708	8	
1709	6	
1710	10	
1711	1	
1712	1	
1713	5	
1714	9	
1715	4	
1716	3	
1717	4	
1718	10	
1719	4	
1720	4	
1721	5	
1722	7	
1723	6	
1724	9	
1725	2	
1726	6	
1727	3	
1728	6	
1729	10	
1730	3	
1731	8	
1732	2	
1733	6	
1734	2	
1735	7	
1736	2	
1737	5	
1738	5	
1739	1	
1740	5	
1741	10	
1742	7	
1743	5	
1744	4	
1745	5	
1746	5	
1747	4	
1748	1	
1749	10	
1750	7	
1751	2	
1752	3	
1753	3	
1754	3	
1755	7	
1756	9	
1757	6	
1758	8	
1759	3	
1760	5	
1761	6	
1762	10	
1763	6	
1764	6	
1765	7	
1766	7	
1767	4	
1768	1	
1769	10	
1770	7	
1771	2	
1772	6	
1773	1	
1774	3	
1775	1	
1776	5	
1777	3	
1778	5	
1779	2	
1780	5	
1781	5	
1782	2	
1783	2	
1784	9	
1785	3	
1786	8	
1787	6	
1788	8	
1789	3	
1790	3	
1791	8	
1792	7	
1793	4	
1794	1	
1795	3	
1796	7	
1797	3	
1798	6	
1799	4	
1800	3	
1801	5	
1802	4	
1803	3	
1804	4	
1805	2	
1806	7	
1807	4	
1808	7	
1809	1	
1810	3	
1811	1	
1812	4	
1813	6	
1814	4	
1815	4	
1816	10	
1817	8	
1818	6	
1819	3	
1820	4	
1821	3	
1822	2	
1823	3	
1824	6	
1825	7	
1826	7	
1827	9	
1828	8	
1829	4	
1830	8	
1831	2	
1832	3	
1833	2	
1834	1	
1835	8	
1836	6	
1837	2	
1838	3	
1839	8	
1840	7	
1841	6	
1842	8	
1843	3	
1844	1	
1845	7	
1846	7	
1847	2	
1848	8	
1849	1	
1850	9	
1851	10	
1852	6	
1853	1	
1854	8	
1855	8	
1856	8	
1857	9	
1858	7	
1859	1	
1860	9	
1861	5	
1862	2	
1863	10	
1864	5	
1865	3	
1866	7	
1867	4	
1868	7	
1869	10	
1870	2	
1871	8	
1872	7	
1873	8	
1874	4	
1875	4	
1876	5	
1877	6	
1878	10	
1879	4	
1880	6	
1881	1	
1882	4	
1883	9	
1884	5	
1885	4	
1886	5	
1887	9	
1888	1	
1889	3	
1890	1	
1891	5	
1892	5	
1893	1	
1894	8	
1895	4	
1896	5	
1897	4	
1898	5	
1899	1	
1900	1	
1901	7	
1902	9	
1903	3	
1904	4	
1905	4	
1906	1	
1907	8	
1908	9	
1909	5	
1910	6	
1911	10	
1912	7	
1913	10	
1914	3	
1915	9	
1916	6	
1917	1	
1918	4	
1919	10	
1920	8	
1921	3	
1922	10	
1923	10	
1924	1	
1925	8	
1926	9	
1927	6	
1928	4	
1929	7	
1930	5	
1931	1	
1932	1	
1933	1	
1934	8	
1935	9	
1936	7	
1937	7	
1938	3	
1939	6	
1940	3	
1941	5	
1942	2	
1943	2	
1944	10	
1945	9	
1946	4	
1947	8	
1948	3	
1949	5	
1950	6	
1951	8	
1952	5	
1953	5	
1954	5	
1955	2	
1956	5	
1957	5	
1958	8	
1959	4	
1960	4	
1961	8	
1962	10	
1963	3	
1964	6	
1965	3	
1966	6	
1967	1	
1968	4	
1969	7	
1970	9	
1971	1	
1972	8	
1973	7	
1974	6	
1975	7	
1976	8	
1977	9	
1978	2	
1979	5	
1980	1	
1981	2	
1982	1	
1983	8	
1984	6	
1985	5	
1986	1	
1987	6	
1988	10	
1989	3	
1990	6	
1991	1	
1992	3	
1993	6	
1994	1	
1995	4	
1996	8	
1997	10	
1998	2	
1999	4	
2000	4	
2001	5	
2002	4	
2003	2	
2004	9	
2005	9	
2006	9	
2007	6	
2008	8	
2009	3	
2010	7	
2011	10	
2012	9	
2013	7	
2014	5	
2015	4	
2016	6	
2017	1	
2018	8	
2019	2	
2020	1	
2021	1	
2022	6	
2023	1	
2024	9	
2025	9	
2026	7	
2027	9	
2028	1	
2029	8	
2030	7	
2031	1	
2032	2	
2033	6	
2034	5	
2035	6	
2036	6	
2037	6	
2038	10	
2039	1	
2040	6	
2041	6	
2042	3	
2043	2	
2044	8	
2045	9	
2046	8	
2047	3	
2048	7	
2049	5	
2050	9	
2051	2	
2052	9	
2053	10	
2054	10	
2055	5	
2056	6	
2057	8	
2058	1	
2059	5	
2060	7	
2061	6	
2062	10	
2063	3	
2064	6	
2065	2	
2066	3	
2067	1	
2068	2	
2069	9	
2070	4	
2071	5	
2072	5	
2073	4	
2074	7	
2075	10	
2076	9	
2077	4	
2078	8	
2079	2	
2080	3	
2081	8	
2082	7	
2083	8	
2084	1	
2085	2	
2086	1	
2087	1	
2088	10	
2089	4	
2090	5	
2091	8	
2092	2	
2093	5	
2094	1	
2095	6	
2096	5	
2097	6	
2098	1	
2099	8	
2100	6	
2101	7	
2102	8	
2103	9	
2104	2	
2105	4	
2106	4	
2107	7	
2108	10	
2109	7	
2110	5	
2111	10	
2112	8	
2113	3	
2114	6	
2115	10	
2116	3	
2117	6	
2118	8	
2119	6	
2120	8	
2121	3	
2122	10	
2123	9	
2124	2	
2125	3	
2126	5	
2127	9	
2128	1	
2129	9	
2130	5	
2131	2	
2132	9	
2133	8	
2134	6	
2135	8	
2136	7	
2137	9	
2138	2	
2139	6	
2140	8	
2141	3	
2142	6	
2143	5	
2144	6	
2145	10	
2146	4	
2147	3	
2148	10	
2149	5	
2150	10	
2151	2	
2152	3	
2153	6	
2154	3	
2155	3	
2156	6	
2157	3	
2158	9	
2159	3	
2160	6	
2161	10	
2162	9	
2163	5	
2164	6	
2165	1	
2166	9	
2167	2	
2168	9	
2169	3	
2170	10	
2171	7	
2172	4	
2173	1	
2174	5	
2175	10	
2176	2	
2177	6	
2178	4	
2179	1	
2180	1	
2181	3	
2182	7	
2183	1	
2184	7	
2185	6	
2186	2	
2187	3	
2188	6	
2189	9	
2190	9	
2191	2	
2192	10	
2193	4	
2194	2	
2195	10	
2196	3	
2197	9	
2198	4	
2199	8	
2200	9	
2201	5	
2202	7	
2203	9	
2204	8	
2205	8	
2206	5	
2207	2	
2208	6	
2209	8	
2210	6	
2211	2	
2212	3	
2213	3	
2214	2	
2215	1	
2216	7	
2217	1	
2218	2	
2219	2	
2220	7	
2221	1	
2222	4	
2223	7	
2224	7	
2225	1	
2226	4	
2227	9	
2228	1	
2229	1	
2230	9	
2231	9	
2232	3	
2233	10	
2234	4	
2235	5	
2236	5	
2237	10	
2238	9	
2239	1	
2240	5	
2241	5	
2242	10	
2243	9	
2244	7	
2245	8	
2246	2	
2247	1	
2248	10	
2249	2	
2250	2	
2251	8	
2252	1	
2253	5	
2254	9	
2255	9	
2256	9	
2257	6	
2258	8	
2259	10	
2260	5	
2261	1	
2262	3	
2263	6	
2264	10	
2265	9	
2266	5	
2267	4	
2268	6	
2269	6	
2270	5	
2271	6	
2272	6	
2273	7	
2274	9	
2275	1	
2276	9	
2277	3	
2278	3	
2279	6	
2280	5	
2281	2	
2282	6	
2283	6	
2284	1	
2285	5	
2286	1	
2287	9	
2288	5	
2289	6	
2290	2	
2291	3	
2292	7	
2293	2	
2294	7	
2295	8	
2296	7	
2297	3	
2298	1	
2299	8	
2300	4	
2301	5	
2302	6	
2303	1	
2304	7	
2305	7	
2306	7	
2307	9	
2308	2	
2309	7	
2310	9	
2311	1	
2312	7	
2313	10	
2314	9	
2315	5	
2316	9	
2317	8	
2318	3	
2319	4	
2320	10	
2321	5	
2322	8	
2323	9	
2324	8	
2325	5	
2326	4	
2327	9	
2328	3	
2329	6	
2330	9	
2331	8	
2332	8	
2333	8	
2334	9	
2335	2	
2336	7	
2337	4	
2338	8	
2339	8	
2340	7	
2341	10	
2342	4	
2343	3	
2344	8	
2345	7	
2346	7	
2347	3	
2348	5	
2349	2	
2350	5	
2351	10	
2352	6	
2353	10	
2354	3	
2355	9	
2356	7	
2357	2	
2358	7	
2359	4	
2360	9	
2361	5	
2362	3	
2363	9	
2364	6	
2365	10	
2366	4	
2367	3	
2368	9	
2369	5	
2370	4	
2371	3	
2372	8	
2373	7	
2374	8	
2375	2	
2376	1	
2377	5	
2378	8	
2379	3	
2380	1	
2381	5	
2382	6	
2383	6	
2384	2	
2385	8	
2386	4	
2387	2	
2388	5	
2389	5	
2390	8	
2391	4	
2392	7	
2393	3	
2394	10	
2395	9	
2396	7	
2397	7	
2398	8	
2399	2	
2400	3	
2401	3	
2402	7	
2403	2	
2404	8	
2405	1	
2406	9	
2407	5	
2408	5	
2409	3	
2410	8	
2411	10	
2412	8	
2413	10	
2414	7	
2415	1	
2416	7	
2417	4	
2418	6	
2419	3	
2420	5	
2421	8	
2422	3	
2423	9	
2424	8	
2425	2	
2426	7	
2427	9	
2428	8	
2429	3	
2430	7	
2431	9	
2432	2	
2433	4	
2434	4	
2435	2	
2436	10	
2437	8	
2438	4	
2439	3	
2440	6	
2441	6	
2442	3	
2443	6	
2444	9	
2445	8	
2446	8	
2447	5	
2448	10	
2449	3	
2450	6	
2451	9	
2452	3	
2453	6	
2454	5	
2455	6	
2456	9	
2457	1	
2458	9	
2459	8	
2460	5	
2461	7	
2462	5	
2463	10	
2464	3	
2465	7	
2466	9	
2467	2	
2468	2	
2469	1	
2470	1	
2471	4	
2472	5	
2473	1	
2474	9	
2475	2	
2476	3	
2477	10	
2478	6	
2479	5	
2480	1	
2481	9	
2482	8	
2483	8	
2484	6	
2485	8	
2486	6	
2487	4	
2488	9	
2489	9	
2490	1	
2491	1	
2492	3	
2493	5	
2494	10	
2495	1	
2496	3	
2497	1	
2498	10	
2499	10	
2500	9	
2501	9	
2502	8	
2503	9	
2504	9	
2505	5	
2506	1	
2507	5	
2508	1	
2509	9	
2510	2	
2511	6	
2512	5	
2513	9	
2514	9	
2515	4	
2516	9	
2517	2	
2518	9	
2519	2	
2520	1	
2521	3	
2522	9	
2523	7	
2524	7	
2525	3	
2526	8	
2527	5	
2528	5	
2529	6	
2530	10	
2531	5	
2532	3	
2533	9	
2534	10	
2535	1	
2536	1	
2537	4	
2538	4	
2539	10	
2540	3	
2541	5	
2542	9	
2543	3	
2544	7	
2545	6	
2546	10	
2547	6	
2548	10	
2549	5	
2550	10	
2551	4	
2552	9	
2553	6	
2554	4	
2555	10	
2556	5	
2557	7	
2558	5	
2559	6	
2560	5	
2561	1	
2562	8	
2563	10	
2564	10	
2565	6	
2566	7	
2567	9	
2568	2	
2569	8	
2570	2	
2571	4	
2572	6	
2573	7	
2574	8	
2575	7	
2576	8	
2577	10	
2578	8	
2579	6	
2580	6	
2581	4	
2582	1	
2583	9	
2584	7	
2585	6	
2586	3	
2587	5	
2588	6	
2589	5	
2590	5	
2591	1	
2592	2	
2593	9	
2594	7	
2595	8	
2596	10	
2597	2	
2598	9	
2599	10	
2600	4	
2601	4	
2602	4	
2603	5	
2604	7	
2605	6	
2606	1	
2607	6	
2608	9	
2609	8	
2610	9	
2611	1	
2612	10	
2613	4	
2614	1	
2615	10	
2616	2	
2617	4	
2618	8	
2619	7	
2620	4	
2621	4	
2622	2	
2623	5	
2624	7	
2625	10	
2626	10	
2627	1	
2628	9	
2629	10	
2630	7	
2631	10	
2632	6	
2633	8	
2634	7	
2635	4	
2636	10	
2637	1	
2638	7	
2639	7	
2640	10	
2641	9	
2642	2	
2643	9	
2644	7	
2645	1	
2646	4	
2647	1	
2648	8	
2649	5	
2650	4	
2651	8	
2652	7	
2653	6	
2654	7	
2655	4	
2656	6	
2657	1	
2658	8	
2659	6	
2660	9	
2661	3	
2662	10	
2663	6	
2664	5	
2665	3	
2666	10	
2667	10	
2668	6	
2669	1	
2670	7	
2671	5	
2672	2	
2673	2	
2674	6	
2675	4	
2676	8	
2677	6	
2678	10	
2679	4	
2680	7	
2681	5	
2682	8	
2683	7	
2684	7	
2685	8	
2686	6	
2687	5	
2688	6	
2689	2	
2690	9	
2691	10	
2692	6	
2693	9	
2694	10	
2695	7	
2696	1	
2697	7	
2698	9	
2699	10	
2700	2	
2701	4	
2702	5	
2703	10	
2704	10	
2705	8	
2706	5	
2707	3	
2708	9	
2709	4	
2710	9	
2711	10	
2712	4	
2713	1	
2714	1	
2715	1	
2716	2	
2717	9	
2718	8	
2719	3	
2720	6	
2721	7	
2722	6	
2723	6	
2724	2	
2725	1	
2726	10	
2727	5	
2728	9	
2729	8	
2730	3	
2731	7	
2732	7	
2733	7	
2734	8	
2735	5	
2736	10	
2737	5	
2738	5	
2739	9	
2740	1	
2741	10	
2742	7	
2743	1	
2744	2	
2745	6	
2746	8	
2747	3	
2748	3	
2749	1	
2750	6	
2751	6	
2752	7	
2753	8	
2754	6	
2755	7	
2756	8	
2757	2	
2758	3	
2759	5	
2760	8	
2761	1	
2762	3	
2763	3	
2764	4	
2765	7	
2766	3	
2767	7	
2768	1	
2769	2	
2770	8	
2771	1	
2772	1	
2773	7	
2774	4	
2775	1	
2776	5	
2777	3	
2778	7	
2779	2	
2780	6	
2781	7	
2782	8	
2783	7	
2784	10	
2785	5	
2786	5	
2787	3	
2788	6	
2789	1	
2790	2	
2791	9	
2792	3	
2793	1	
2794	10	
2795	5	
2796	9	
2797	10	
2798	9	
2799	3	
2800	6	
2801	4	
2802	8	
2803	6	
2804	5	
2805	7	
2806	1	
2807	1	
2808	10	
2809	3	
2810	1	
2811	8	
2812	9	
2813	2	
2814	5	
2815	9	
2816	1	
2817	6	
2818	4	
2819	1	
2820	1	
2821	7	
2822	3	
2823	3	
2824	4	
2825	3	
2826	1	
2827	2	
2828	7	
2829	9	
2830	3	
2831	10	
2832	7	
2833	1	
2834	5	
2835	10	
2836	8	
2837	4	
2838	9	
2839	8	
2840	4	
2841	10	
2842	3	
2843	6	
2844	5	
2845	8	
2846	2	
2847	7	
2848	9	
2849	7	
2850	2	
2851	10	
2852	2	
2853	10	
2854	3	
2855	9	
2856	2	
2857	8	
2858	2	
2859	2	
2860	7	
2861	1	
2862	1	
2863	2	
2864	7	
2865	8	
2866	6	
2867	4	
2868	3	
2869	5	
2870	4	
2871	3	
2872	2	
2873	1	
2874	1	
2875	5	
2876	9	
2877	2	
2878	5	
2879	2	
2880	1	
2881	8	
2882	6	
2883	6	
2884	9	
2885	3	
2886	7	
2887	6	
2888	8	
2889	4	
2890	5	
2891	4	
2892	8	
2893	5	
2894	2	
2895	8	
2896	2	
2897	7	
2898	3	
2899	3	
2900	7	
2901	6	
2902	1	
2903	9	
2904	6	
2905	1	
2906	8	
2907	3	
2908	10	
2909	5	
2910	3	
2911	8	
2912	7	
2913	2	
2914	4	
2915	8	
2916	9	
2917	3	
2918	3	
2919	7	
2920	9	
2921	6	
2922	1	
2923	7	
2924	9	
2925	4	
2926	1	
2927	9	
2928	10	
2929	2	
2930	1	
2931	3	
2932	7	
2933	10	
2934	3	
2935	9	
2936	3	
2937	4	
2938	3	
2939	5	
2940	7	
2941	8	
2942	6	
2943	4	
2944	6	
2945	1	
2946	1	
2947	9	
2948	9	
2949	4	
2950	8	
2951	5	
2952	6	
2953	7	
2954	2	
2955	7	
2956	4	
2957	8	
2958	8	
2959	1	
2960	5	
2961	9	
2962	9	
2963	1	
2964	3	
2965	7	
2966	7	
2967	5	
2968	2	
2969	7	
2970	7	
2971	4	
2972	5	
2973	2	
2974	6	
2975	1	
2976	1	
2977	4	
2978	2	
2979	8	
2980	1	
2981	1	
2982	5	
2983	5	
2984	5	
2985	7	
2986	5	
2987	5	
2988	1	
2989	4	
2990	8	
2991	3	
2992	1	
2993	3	
2994	3	
2995	1	
2996	4	
2997	9	
2998	3	
2999	5	
3000	7	
3001	3	
3002	9	
3003	9	
3004	10	
3005	7	
3006	5	
3007	2	
3008	9	
3009	8	
3010	4	
3011	6	
3012	6	
3013	5	
3014	5	
3015	4	
3016	7	
3017	7	
3018	6	
3019	7	
3020	5	
3021	5	
3022	8	
3023	10	
3024	6	
3025	7	
3026	10	
3027	9	
3028	3	
3029	7	
3030	4	
3031	1	
3032	7	
3033	3	
3034	1	
3035	1	
3036	8	
3037	6	
3038	5	
3039	8	
3040	5	
3041	5	
3042	8	
3043	5	
3044	4	
3045	7	
3046	5	
3047	8	
3048	3	
3049	7	
3050	1	
3051	1	
3052	2	
3053	3	
3054	9	
3055	1	
3056	3	
3057	10	
3058	5	
3059	1	
3060	10	
3061	8	
3062	5	
3063	4	
3064	6	
3065	5	
3066	8	
3067	6	
3068	9	
3069	8	
3070	4	
3071	9	
3072	3	
3073	6	
3074	8	
3075	10	
3076	3	
3077	10	
3078	1	
3079	9	
3080	3	
3081	7	
3082	9	
3083	1	
3084	2	
3085	1	
3086	4	
3087	9	
3088	9	
3089	3	
3090	2	
3091	6	
3092	6	
3093	9	
3094	3	
3095	4	
3096	10	
3097	4	
3098	5	
3099	7	
3100	4	
3101	9	
3102	10	
3103	6	
3104	8	
3105	4	
3106	3	
3107	10	
3108	7	
3109	2	
3110	8	
3111	4	
3112	6	
3113	1	
3114	5	
3115	9	
3116	6	
3117	6	
3118	7	
3119	10	
3120	10	
3121	2	
3122	2	
3123	1	
3124	10	
3125	5	
3126	1	
3127	6	
3128	3	
3129	7	
3130	6	
3131	5	
3132	3	
3133	10	
3134	3	
3135	10	
3136	3	
3137	2	
3138	6	
3139	3	
3140	10	
3141	6	
3142	3	
3143	1	
3144	1	
3145	3	
3146	4	
3147	3	
3148	5	
3149	8	
3150	1	
3151	7	
3152	9	
3153	4	
3154	6	
3155	9	
3156	3	
3157	8	
3158	7	
3159	9	
3160	5	
3161	6	
3162	4	
3163	6	
3164	9	
3165	5	
3166	6	
3167	3	
3168	3	
3169	3	
3170	9	
3171	8	
3172	2	
3173	7	
3174	7	
3175	4	
3176	3	
3177	3	
3178	7	
3179	8	
3180	7	
3181	6	
3182	1	
3183	3	
3184	3	
3185	2	
3186	3	
3187	9	
3188	10	
3189	9	
3190	4	
3191	1	
3192	6	
3193	3	
3194	4	
3195	3	
3196	5	
3197	6	
3198	9	
3199	2	
3200	10	
3201	1	
3202	3	
3203	4	
3204	1	
3205	9	
3206	4	
3207	9	
3208	1	
3209	3	
3210	8	
3211	9	
3212	1	
3213	6	
3214	3	
3215	10	
3216	9	
3217	4	
3218	2	
3219	4	
3220	5	
3221	7	
3222	9	
3223	7	
3224	2	
3225	5	
3226	7	
3227	1	
3228	7	
3229	9	
3230	9	
3231	4	
3232	1	
3233	2	
3234	5	
3235	4	
3236	5	
3237	1	
3238	5	
3239	8	
3240	3	
3241	7	
3242	2	
3243	4	
3244	2	
3245	8	
3246	10	
3247	9	
3248	5	
3249	10	
3250	1	
3251	6	
3252	5	
3253	3	
3254	10	
3255	4	
3256	9	
3257	2	
3258	8	
3259	7	
3260	4	
3261	9	
3262	5	
3263	3	
3264	7	
3265	5	
3266	10	
3267	10	
3268	5	
3269	10	
3270	1	
3271	6	
3272	8	
3273	8	
3274	8	
3275	8	
3276	9	
3277	4	
3278	3	
3279	3	
3280	2	
3281	4	
3282	7	
3283	5	
3284	3	
3285	2	
3286	4	
3287	3	
3288	2	
3289	10	
3290	1	
3291	2	
3292	5	
3293	5	
3294	9	
3295	6	
3296	6	
3297	4	
3298	1	
3299	5	
3300	7	
3301	5	
3302	6	
3303	1	
3304	3	
3305	2	
3306	7	
3307	2	
3308	8	
3309	8	
3310	5	
3311	3	
3312	5	
3313	8	
3314	1	
3315	10	
3316	9	
3317	10	
3318	10	
3319	9	
3320	9	
3321	6	
3322	5	
3323	10	
3324	7	
3325	4	
3326	2	
3327	8	
3328	4	
3329	4	
3330	10	
3331	8	
3332	4	
3333	1	
3334	5	
3335	2	
3336	6	
3337	8	
3338	2	
3339	1	
3340	2	
3341	7	
3342	5	
3343	8	
3344	3	
3345	8	
3346	2	
3347	7	
3348	2	
3349	1	
3350	5	
3351	6	
3352	7	
3353	10	
3354	1	
3355	4	
3356	9	
3357	7	
3358	7	
3359	4	
3360	1	
3361	7	
3362	10	
3363	3	
3364	9	
3365	8	
3366	1	
3367	9	
3368	2	
3369	1	
3370	9	
3371	7	
3372	2	
3373	1	
3374	7	
3375	8	
3376	5	
3377	7	
3378	10	
3379	7	
3380	3	
3381	2	
3382	9	
3383	6	
3384	5	
3385	4	
3386	10	
3387	1	
3388	7	
3389	3	
3390	2	
3391	1	
3392	3	
3393	3	
3394	8	
3395	4	
3396	10	
3397	7	
3398	3	
3399	5	
3400	2	
3401	3	
3402	7	
3403	7	
3404	10	
3405	8	
3406	4	
3407	9	
3408	1	
3409	7	
3410	2	
3411	6	
3412	5	
3413	3	
3414	1	
3415	5	
3416	3	
3417	10	
3418	8	
3419	7	
3420	4	
3421	10	
3422	8	
3423	5	
3424	4	
3425	9	
3426	2	
3427	8	
3428	6	
3429	7	
3430	6	
3431	10	
3432	7	
3433	9	
3434	5	
3435	2	
3436	7	
3437	9	
3438	5	
3439	3	
3440	8	
3441	4	
3442	5	
3443	4	
3444	7	
3445	9	
3446	6	
3447	6	
3448	10	
3449	10	
3450	4	
3451	9	
3452	9	
3453	4	
3454	9	
3455	9	
3456	1	
3457	10	
3458	9	
3459	5	
3460	4	
3461	6	
3462	9	
3463	4	
3464	2	
3465	2	
3466	7	
3467	5	
3468	8	
3469	3	
3470	4	
3471	9	
3472	9	
3473	7	
3474	1	
3475	2	
3476	9	
3477	2	
3478	2	
3479	7	
3480	9	
3481	5	
3482	3	
3483	10	
3484	2	
3485	4	
3486	7	
3487	4	
3488	8	
3489	1	
3490	10	
3491	1	
3492	5	
3493	5	
3494	6	
3495	9	
3496	3	
3497	4	
3498	10	
3499	8	
3500	8	
3501	3	
3502	2	
3503	1	
3504	6	
3505	2	
3506	10	
3507	7	
3508	4	
3509	6	
3510	9	
3511	5	
3512	2	
3513	1	
3514	7	
3515	5	
3516	4	
3517	8	
3518	10	
3519	9	
3520	7	
3521	7	
3522	6	
3523	3	
3524	9	
3525	5	
3526	5	
3527	4	
3528	1	
3529	8	
3530	1	
3531	8	
3532	8	
3533	6	
3534	10	
3535	6	
3536	10	
3537	7	
3538	6	
3539	6	
3540	3	
3541	8	
3542	10	
3543	6	
3544	8	
3545	10	
3546	7	
3547	7	
3548	2	
3549	4	
3550	10	
3551	5	
3552	3	
3553	4	
3554	8	
3555	1	
3556	7	
3557	9	
3558	7	
3559	2	
3560	9	
3561	3	
3562	10	
3563	4	
3564	2	
3565	3	
3566	9	
3567	1	
3568	4	
3569	4	
3570	1	
3571	10	
3572	4	
3573	9	
3574	9	
3575	3	
3576	10	
3577	7	
3578	6	
3579	10	
3580	7	
3581	9	
3582	3	
3583	2	
3584	8	
3585	1	
3586	10	
3587	9	
3588	8	
3589	4	
3590	4	
3591	2	
3592	5	
3593	4	
3594	4	
3595	8	
3596	3	
3597	4	
3598	2	
3599	2	
3600	4	
3601	7	
3602	1	
3603	9	
3604	8	
3605	2	
3606	6	
3607	2	
3608	3	
3609	10	
3610	5	
3611	5	
3612	6	
3613	2	
3614	3	
3615	4	
3616	10	
3617	3	
3618	1	
3619	3	
3620	10	
3621	6	
3622	8	
3623	1	
3624	4	
3625	2	
3626	1	
3627	6	
3628	8	
3629	3	
3630	5	
3631	4	
3632	5	
3633	1	
3634	3	
3635	10	
3636	4	
3637	8	
3638	8	
3639	3	
3640	4	
3641	3	
3642	7	
3643	7	
3644	5	
3645	1	
3646	8	
3647	8	
3648	5	
3649	9	
3650	8	
3651	7	
3652	7	
3653	6	
3654	9	
3655	1	
3656	9	
3657	1	
3658	9	
3659	3	
3660	6	
3661	2	
3662	1	
3663	2	
3664	3	
3665	2	
3666	9	
3667	2	
3668	5	
3669	3	
3670	6	
3671	8	
3672	9	
3673	6	
3674	6	
3675	8	
3676	10	
3677	5	
3678	3	
3679	8	
3680	5	
3681	8	
3682	1	
3683	4	
3684	9	
3685	3	
3686	7	
3687	1	
3688	7	
3689	6	
3690	4	
3691	3	
3692	1	
3693	4	
3694	3	
3695	7	
3696	8	
3697	5	
3698	10	
3699	3	
3700	10	
3701	8	
3702	7	
3703	5	
3704	1	
3705	3	
3706	9	
3707	5	
3708	5	
3709	5	
3710	4	
3711	1	
3712	5	
3713	10	
3714	1	
3715	6	
3716	3	
3717	3	
3718	9	
3719	6	
3720	5	
3721	10	
3722	10	
3723	10	
3724	10	
3725	1	
3726	5	
3727	4	
3728	6	
3729	4	
3730	1	
3731	6	
3732	7	
3733	8	
3734	8	
3735	8	
3736	1	
3737	10	
3738	5	
3739	7	
3740	9	
3741	10	
3742	8	
3743	9	
3744	9	
3745	6	
3746	1	
3747	9	
3748	10	
3749	3	
3750	7	
3751	8	
3752	1	
3753	2	
3754	1	
3755	7	
3756	8	
3757	10	
3758	6	
3759	9	
3760	1	
3761	4	
3762	2	
3763	5	
3764	3	
3765	2	
3766	8	
3767	4	
3768	10	
3769	8	
3770	8	
3771	5	
3772	2	
3773	2	
3774	10	
3775	6	
3776	10	
3777	9	
3778	6	
3779	6	
3780	6	
3781	4	
3782	4	
3783	10	
3784	2	
3785	1	
3786	2	
3787	5	
3788	3	
3789	4	
3790	9	
3791	1	
3792	3	
3793	7	
3794	10	
3795	2	
3796	1	
3797	1	
3798	5	
3799	6	
3800	3	
3801	6	
3802	6	
3803	8	
3804	3	
3805	10	
3806	8	
3807	1	
3808	1	
3809	5	
3810	10	
3811	2	
3812	2	
3813	3	
3814	3	
3815	1	
3816	5	
3817	9	
3818	8	
3819	7	
3820	3	
3821	9	
3822	9	
3823	4	
3824	7	
3825	5	
3826	4	
3827	1	
3828	7	
3829	7	
3830	1	
3831	2	
3832	2	
3833	2	
3834	7	
3835	4	
3836	6	
3837	3	
3838	5	
3839	3	
3840	10	
3841	5	
3842	6	
3843	10	
3844	7	
3845	1	
3846	6	
3847	2	
3848	8	
3849	6	
3850	5	
3851	8	
3852	10	
3853	6	
3854	1	
3855	9	
3856	4	
3857	4	
3858	8	
3859	9	
3860	4	
3861	8	
3862	6	
3863	9	
3864	1	
3865	3	
3866	7	
3867	10	
3868	10	
3869	9	
3870	4	
3871	9	
3872	2	
3873	10	
3874	1	
3875	3	
3876	10	
3877	6	
3878	2	
3879	8	
3880	4	
3881	1	
3882	2	
3883	10	
3884	2	
3885	4	
3886	5	
3887	2	
3888	8	
3889	1	
3890	5	
3891	7	
3892	3	
3893	3	
3894	1	
3895	6	
3896	3	
3897	8	
3898	2	
3899	9	
3900	1	
3901	9	
3902	7	
3903	8	
3904	6	
3905	3	
3906	3	
3907	10	
3908	1	
3909	5	
3910	10	
3911	5	
3912	10	
3913	6	
3914	6	
3915	6	
3916	1	
3917	4	
3918	9	
3919	1	
3920	8	
3921	7	
3922	8	
3923	4	
3924	1	
3925	2	
3926	2	
3927	10	
3928	6	
3929	8	
3930	1	
3931	10	
3932	9	
3933	8	
3934	5	
3935	6	
3936	8	
3937	4	
3938	2	
3939	7	
3940	9	
3941	7	
3942	6	
3943	10	
3944	9	
3945	1	
3946	8	
3947	1	
3948	4	
3949	5	
3950	5	
3951	2	
3952	3	
3953	1	
3954	4	
3955	9	
3956	9	
3957	4	
3958	4	
3959	7	
3960	9	
3961	6	
3962	2	
3963	3	
3964	10	
3965	9	
3966	7	
3967	4	
3968	7	
3969	6	
3970	9	
3971	6	
3972	5	
3973	2	
3974	3	
3975	4	
3976	6	
3977	9	
3978	6	
3979	4	
3980	7	
3981	1	
3982	8	
3983	5	
3984	6	
3985	4	
3986	8	
3987	3	
3988	7	
3989	9	
3990	6	
3991	8	
3992	4	
3993	4	
3994	9	
3995	7	
3996	4	
3997	9	
3998	10	
3999	1	
4000	6	
4001	8	
4002	4	
4003	7	
4004	10	
4005	1	
4006	8	
4007	3	
4008	5	
4009	5	
4010	3	
4011	4	
4012	9	
4013	3	
4014	4	
4015	1	
4016	9	
4017	8	
4018	6	
4019	10	
4020	6	
4021	1	
4022	2	
4023	2	
4024	9	
4025	3	
4026	1	
4027	9	
4028	10	
4029	6	
4030	7	
4031	6	
4032	6	
4033	6	
4034	1	
4035	7	
4036	9	
4037	9	
4038	10	
4039	10	
4040	5	
4041	1	
4042	2	
4043	7	
4044	5	
4045	10	
4046	4	
4047	2	
4048	9	
4049	10	
4050	7	
4051	8	
4052	1	
4053	3	
4054	9	
4055	4	
4056	9	
4057	2	
4058	6	
4059	5	
4060	10	
4061	7	
4062	6	
4063	5	
4064	4	
4065	10	
4066	1	
4067	4	
4068	8	
4069	7	
4070	6	
4071	9	
4072	5	
4073	8	
4074	6	
4075	4	
4076	9	
4077	8	
4078	3	
4079	4	
4080	3	
4081	5	
4082	4	
4083	4	
4084	1	
4085	2	
4086	2	
4087	1	
4088	9	
4089	1	
4090	8	
4091	2	
4092	8	
4093	3	
4094	8	
4095	9	
4096	4	
4097	5	
4098	8	
4099	7	
4100	1	
4101	8	
4102	6	
4103	2	
4104	3	
4105	9	
4106	8	
4107	8	
4108	2	
4109	2	
4110	9	
4111	10	
4112	10	
4113	7	
4114	2	
4115	8	
4116	4	
4117	5	
4118	6	
4119	5	
4120	2	
4121	1	
4122	1	
4123	5	
4124	9	
4125	7	
4126	2	
4127	9	
4128	1	
4129	3	
4130	4	
4131	5	
4132	5	
4133	4	
4134	1	
4135	3	
4136	8	
4137	7	
4138	4	
4139	1	
4140	9	
4141	3	
4142	7	
4143	10	
4144	1	
4145	7	
4146	5	
4147	4	
4148	1	
4149	1	
4150	6	
4151	9	
4152	3	
4153	5	
4154	3	
4155	7	
4156	4	
4157	7	
4158	5	
4159	5	
4160	10	
4161	2	
4162	1	
4163	4	
4164	8	
4165	8	
4166	2	
4167	9	
4168	9	
4169	6	
4170	4	
4171	6	
4172	4	
4173	4	
4174	8	
4175	6	
4176	2	
4177	8	
4178	2	
4179	7	
4180	3	
4181	6	
4182	2	
4183	8	
4184	4	
4185	4	
4186	3	
4187	7	
4188	6	
4189	2	
4190	4	
4191	3	
4192	3	
4193	7	
4194	3	
4195	1	
4196	1	
4197	3	
4198	1	
4199	5	
4200	9	
4201	7	
4202	1	
4203	10	
4204	4	
4205	5	
4206	5	
4207	6	
4208	6	
4209	1	
4210	10	
4211	6	
4212	10	
4213	3	
4214	7	
4215	8	
4216	4	
4217	4	
4218	7	
4219	1	
4220	6	
4221	1	
4222	5	
4223	7	
4224	1	
4225	7	
4226	3	
4227	7	
4228	2	
4229	5	
4230	1	
4231	6	
4232	8	
4233	9	
4234	3	
4235	1	
4236	8	
4237	5	
4238	7	
4239	8	
4240	4	
4241	7	
4242	1	
4243	7	
4244	3	
4245	1	
4246	10	
4247	6	
4248	8	
4249	10	
4250	5	
4251	8	
4252	9	
4253	2	
4254	5	
4255	10	
4256	9	
4257	5	
4258	9	
4259	1	
4260	9	
4261	3	
4262	9	
4263	9	
4264	5	
4265	4	
4266	5	
4267	10	
4268	7	
4269	3	
4270	8	
4271	7	
4272	6	
4273	4	
4274	1	
4275	5	
4276	9	
4277	3	
4278	5	
4279	3	
4280	7	
4281	7	
4282	4	
4283	5	
4284	7	
4285	10	
4286	5	
4287	5	
4288	6	
4289	2	
4290	1	
4291	8	
4292	1	
4293	4	
4294	6	
4295	1	
4296	7	
4297	7	
4298	3	
4299	2	
4300	8	
4301	3	
4302	5	
4303	5	
4304	1	
4305	5	
4306	10	
4307	3	
4308	5	
4309	4	
4310	3	
4311	1	
4312	7	
4313	4	
4314	10	
4315	2	
4316	8	
4317	6	
4318	1	
4319	10	
4320	5	
4321	6	
4322	4	
4323	8	
4324	7	
4325	7	
4326	5	
4327	10	
4328	1	
4329	6	
4330	5	
4331	8	
4332	1	
4333	5	
4334	7	
4335	8	
4336	10	
4337	9	
4338	5	
4339	6	
4340	10	
4341	10	
4342	3	
4343	7	
4344	5	
4345	6	
4346	7	
4347	10	
4348	4	
4349	7	
4350	8	
4351	4	
4352	6	
4353	2	
4354	9	
4355	8	
4356	10	
4357	5	
4358	10	
4359	4	
4360	10	
4361	9	
4362	4	
4363	9	
4364	7	
4365	10	
4366	2	
4367	7	
4368	7	
4369	6	
4370	9	
4371	4	
4372	4	
4373	7	
4374	3	
4375	7	
4376	2	
4377	1	
4378	9	
4379	8	
4380	4	
4381	4	
4382	5	
4383	2	
4384	8	
4385	3	
4386	7	
4387	9	
4388	1	
4389	8	
4390	6	
4391	4	
4392	10	
4393	10	
4394	3	
4395	8	
4396	1	
4397	4	
4398	3	
4399	2	
4400	5	
4401	7	
4402	6	
4403	6	
4404	2	
4405	10	
4406	4	
4407	7	
4408	10	
4409	10	
4410	6	
4411	7	
4412	8	
4413	6	
4414	10	
4415	1	
4416	6	
4417	2	
4418	7	
4419	7	
4420	4	
4421	5	
4422	4	
4423	2	
4424	8	
4425	4	
4426	5	
4427	1	
4428	5	
4429	5	
4430	9	
4431	1	
4432	2	
4433	9	
4434	1	
4435	5	
4436	9	
4437	3	
4438	10	
4439	3	
4440	9	
4441	6	
4442	7	
4443	8	
4444	1	
4445	7	
4446	10	
4447	5	
4448	4	
4449	4	
4450	8	
4451	5	
4452	6	
4453	7	
4454	7	
4455	4	
4456	8	
4457	2	
4458	7	
4459	10	
4460	2	
4461	10	
4462	9	
4463	8	
4464	4	
4465	1	
4466	3	
4467	9	
4468	5	
4469	9	
4470	5	
4471	1	
4472	5	
4473	1	
4474	10	
4475	9	
4476	4	
4477	5	
4478	4	
4479	7	
4480	9	
4481	9	
4482	8	
4483	10	
4484	8	
4485	8	
4486	3	
4487	6	
4488	5	
4489	9	
4490	1	
4491	1	
4492	10	
4493	6	
4494	2	
4495	5	
4496	7	
4497	8	
4498	3	
4499	7	
4500	7	
4501	6	
4502	9	
4503	9	
4504	1	
4505	4	
4506	8	
4507	9	
4508	5	
4509	5	
4510	5	
4511	6	
4512	2	
4513	4	
4514	8	
4515	5	
4516	1	
4517	1	
4518	3	
4519	8	
4520	5	
4521	4	
4522	2	
4523	9	
4524	9	
4525	4	
4526	10	
4527	3	
4528	3	
4529	10	
4530	1	
4531	10	
4532	6	
4533	2	
4534	10	
4535	4	
4536	4	
4537	8	
4538	7	
4539	5	
4540	1	
4541	5	
4542	6	
4543	5	
4544	6	
4545	2	
4546	5	
4547	7	
4548	10	
4549	1	
4550	2	
4551	1	
4552	4	
4553	4	
4554	9	
4555	6	
4556	7	
4557	3	
4558	6	
4559	4	
4560	10	
4561	2	
4562	8	
4563	5	
4564	7	
4565	10	
4566	10	
4567	5	
4568	8	
4569	2	
4570	8	
4571	9	
4572	9	
4573	9	
4574	9	
4575	6	
4576	6	
4577	3	
4578	3	
4579	8	
4580	7	
4581	9	
4582	2	
4583	7	
4584	2	
4585	3	
4586	3	
4587	1	
4588	9	
4589	2	
4590	5	
4591	2	
4592	9	
4593	1	
4594	1	
4595	7	
4596	7	
4597	7	
4598	4	
4599	8	
4600	10	
4601	3	
4602	1	
4603	3	
4604	2	
4605	8	
4606	7	
4607	2	
4608	8	
4609	8	
4610	5	
4611	9	
4612	8	
4613	6	
4614	7	
4615	7	
4616	9	
4617	4	
4618	1	
4619	3	
4620	6	
4621	1	
4622	5	
4623	4	
4624	3	
4625	3	
4626	2	
4627	4	
4628	8	
4629	6	
4630	5	
4631	8	
4632	7	
4633	3	
4634	8	
4635	1	
4636	5	
4637	1	
4638	3	
4639	6	
4640	7	
4641	10	
4642	2	
4643	3	
4644	8	
4645	10	
4646	1	
4647	5	
4648	6	
4649	6	
4650	3	
4651	8	
4652	9	
4653	9	
4654	5	
4655	10	
4656	8	
4657	7	
4658	4	
4659	3	
4660	1	
4661	10	
4662	3	
4663	4	
4664	2	
4665	7	
4666	5	
4667	5	
4668	2	
4669	8	
4670	8	
4671	6	
4672	2	
4673	9	
4674	1	
4675	8	
4676	1	
4677	10	
4678	8	
4679	8	
4680	7	
4681	7	
4682	2	
4683	3	
4684	9	
4685	9	
4686	2	
4687	8	
4688	7	
4689	4	
4690	4	
4691	1	
4692	9	
4693	7	
4694	1	
4695	7	
4696	9	
4697	6	
4698	1	
4699	3	
4700	10	
4701	4	
4702	3	
4703	6	
4704	6	
4705	8	
4706	6	
4707	7	
4708	6	
4709	7	
4710	8	
4711	10	
4712	4	
4713	2	
4714	3	
4715	5	
4716	3	
4717	9	
4718	5	
4719	4	
4720	3	
4721	3	
4722	1	
4723	9	
4724	4	
4725	8	
4726	8	
4727	1	
4728	7	
4729	2	
4730	7	
4731	2	
4732	8	
4733	2	
4734	4	
4735	2	
4736	7	
4737	1	
4738	6	
4739	1	
4740	9	
4741	9	
4742	4	
4743	5	
4744	2	
4745	4	
4746	2	
4747	8	
4748	9	
4749	10	
4750	1	
4751	2	
4752	5	
4753	1	
4754	6	
4755	2	
4756	3	
4757	8	
4758	7	
4759	1	
4760	7	
4761	4	
4762	2	
4763	2	
4764	2	
4765	1	
4766	8	
4767	2	
4768	8	
4769	10	
4770	10	
4771	3	
4772	2	
4773	5	
4774	2	
4775	1	
4776	5	
4777	3	
4778	10	
4779	3	
4780	3	
4781	9	
4782	6	
4783	3	
4784	3	
4785	8	
4786	7	
4787	10	
4788	9	
4789	4	
4790	2	
4791	8	
4792	1	
4793	1	
4794	3	
4795	3	
4796	3	
4797	7	
4798	2	
4799	2	
4800	8	
4801	9	
4802	1	
4803	3	
4804	10	
4805	8	
4806	7	
4807	1	
4808	7	
4809	2	
4810	4	
4811	6	
4812	6	
4813	9	
4814	1	
4815	5	
4816	2	
4817	5	
4818	7	
4819	3	
4820	5	
4821	9	
4822	6	
4823	7	
4824	10	
4825	6	
4826	10	
4827	10	
4828	2	
4829	7	
4830	2	
4831	7	
4832	3	
4833	10	
4834	8	
4835	6	
4836	6	
4837	7	
4838	4	
4839	2	
4840	4	
4841	10	
4842	8	
4843	3	
4844	8	
4845	8	
4846	4	
4847	2	
4848	1	
4849	1	
4850	5	
4851	8	
4852	2	
4853	3	
4854	8	
4855	7	
4856	10	
4857	4	
4858	2	
4859	3	
4860	4	
4861	4	
4862	5	
4863	1	
4864	9	
4865	3	
4866	9	
4867	9	
4868	5	
4869	1	
4870	5	
4871	9	
4872	4	
4873	10	
4874	9	
4875	2	
4876	3	
4877	3	
4878	2	
4879	7	
4880	9	
4881	3	
4882	10	
4883	3	
4884	8	
4885	8	
4886	5	
4887	10	
4888	3	
4889	3	
4890	8	
4891	8	
4892	3	
4893	10	
4894	8	
4895	1	
4896	2	
4897	3	
4898	1	
4899	2	
4900	2	
4901	2	
4902	1	
4903	3	
4904	8	
4905	9	
4906	5	
4907	1	
4908	6	
4909	7	
4910	9	
4911	4	
4912	7	
4913	3	
4914	9	
4915	10	
4916	4	
4917	5	
4918	10	
4919	7	
4920	5	
4921	6	
4922	6	
4923	3	
4924	6	
4925	2	
4926	7	
4927	2	
4928	10	
4929	9	
4930	7	
4931	7	
4932	5	
4933	5	
4934	3	
4935	4	
4936	6	
4937	1	
4938	10	
4939	6	
4940	8	
4941	7	
4942	7	
4943	1	
4944	7	
4945	8	
4946	8	
4947	8	
4948	1	
4949	8	
4950	5	
4951	1	
4952	5	
4953	10	
4954	9	
4955	10	
4956	4	
4957	1	
4958	9	
4959	10	
4960	3	
4961	9	
4962	3	
4963	9	
4964	9	
4965	7	
4966	9	
4967	1	
4968	8	
4969	9	
4970	8	
4971	6	
4972	3	
4973	8	
4974	4	
4975	6	
4976	6	
4977	7	
4978	7	
4979	8	
4980	9	
4981	4	
4982	1	
4983	10	
4984	2	
4985	5	
4986	4	
4987	8	
4988	1	
4989	4	
4990	7	
4991	10	
4992	6	
4993	4	
4994	10	
4995	6	
4996	1	
4997	8	
4998	6	
4999	1	
5000	3	
5001	8	
5002	5	
5003	6	
5004	8	
5005	10	
5006	4	
5007	9	
5008	7	
5009	10	
5010	9	
5011	6	
5012	6	
5013	9	
5014	5	
5015	7	
5016	7	
5017	8	
5018	6	
5019	9	
5020	3	
5021	6	
5022	8	
5023	7	
5024	7	
5025	1	
5026	7	
5027	6	
5028	8	
5029	3	
5030	9	
5031	2	
5032	1	
5033	3	
5034	5	
5035	4	
5036	2	
5037	6	
5038	10	
5039	6	
5040	6	
5041	2	
5042	8	
5043	5	
5044	4	
5045	9	
5046	1	
5047	7	
5048	7	
5049	8	
5050	4	
5051	5	
5052	1	
5053	3	
5054	1	
5055	1	
5056	10	
5057	5	
5058	5	
5059	4	
5060	7	
5061	3	
5062	5	
5063	7	
5064	8	
5065	10	
5066	1	
5067	1	
5068	4	
5069	7	
5070	2	
5071	2	
5072	10	
5073	8	
5074	6	
5075	4	
5076	7	
5077	5	
5078	10	
5079	5	
5080	5	
5081	4	
5082	8	
5083	3	
5084	3	
5085	2	
5086	4	
5087	3	
5088	10	
5089	2	
5090	1	
5091	10	
5092	8	
5093	9	
5094	9	
5095	5	
5096	6	
5097	4	
5098	2	
5099	10	
5100	4	
5101	5	
5102	4	
5103	10	
5104	10	
5105	9	
5106	2	
5107	6	
5108	7	
5109	10	
5110	1	
5111	5	
5112	5	
5113	9	
5114	1	
5115	7	
5116	3	
5117	10	
5118	2	
5119	5	
5120	1	
5121	1	
5122	7	
5123	2	
5124	6	
5125	2	
5126	3	
5127	7	
5128	5	
5129	10	
5130	2	
5131	10	
5132	5	
5133	3	
5134	9	
5135	10	
5136	8	
5137	4	
5138	9	
5139	5	
5140	7	
5141	9	
5142	1	
5143	8	
5144	10	
5145	1	
5146	10	
5147	1	
5148	6	
5149	8	
5150	10	
5151	5	
5152	5	
5153	5	
5154	6	
5155	4	
5156	2	
5157	2	
5158	4	
5159	6	
5160	6	
5161	10	
5162	2	
5163	1	
5164	2	
5165	4	
5166	3	
5167	9	
5168	1	
5169	10	
5170	5	
5171	6	
5172	7	
5173	7	
5174	1	
5175	1	
5176	7	
5177	5	
5178	9	
5179	7	
5180	6	
5181	4	
5182	9	
5183	1	
5184	10	
5185	3	
5186	9	
5187	4	
5188	8	
5189	6	
5190	1	
5191	2	
5192	7	
5193	8	
5194	3	
5195	2	
5196	3	
5197	3	
5198	8	
5199	10	
5200	3	
5201	5	
5202	5	
5203	10	
5204	5	
5205	6	
5206	7	
5207	4	
5208	8	
5209	4	
5210	9	
5211	5	
5212	3	
5213	7	
5214	8	
5215	1	
5216	4	
5217	10	
5218	4	
5219	4	
5220	1	
5221	1	
5222	10	
5223	8	
5224	6	
5225	8	
5226	4	
5227	2	
5228	1	
5229	10	
5230	8	
5231	8	
5232	10	
5233	5	
5234	2	
5235	5	
5236	6	
5237	9	
5238	3	
5239	5	
5240	8	
5241	10	
5242	9	
5243	10	
5244	9	
5245	8	
5246	9	
5247	9	
5248	10	
5249	6	
5250	6	
5251	3	
5252	10	
5253	9	
5254	10	
5255	9	
5256	10	
5257	4	
5258	1	
5259	4	
5260	1	
5261	2	
5262	7	
5263	6	
5264	8	
5265	1	
5266	7	
5267	10	
5268	8	
5269	1	
5270	1	
5271	7	
5272	6	
5273	2	
5274	6	
5275	2	
5276	10	
5277	7	
5278	7	
5279	3	
5280	2	
5281	8	
5282	2	
5283	6	
5284	1	
5285	1	
5286	8	
5287	3	
5288	10	
5289	4	
5290	5	
5291	5	
5292	6	
5293	10	
5294	4	
5295	8	
5296	9	
5297	1	
5298	4	
5299	8	
5300	3	
5301	7	
5302	8	
5303	2	
5304	8	
5305	3	
5306	9	
5307	5	
5308	6	
5309	4	
5310	5	
5311	1	
5312	7	
5313	1	
5314	7	
5315	5	
5316	5	
5317	10	
5318	9	
5319	7	
5320	9	
5321	9	
5322	7	
5323	9	
5324	1	
5325	2	
5326	3	
5327	1	
5328	5	
5329	1	
5330	2	
5331	8	
5332	1	
5333	4	
5334	6	
5335	10	
5336	3	
5337	8	
5338	6	
5339	4	
5340	4	
5341	3	
5342	5	
5343	10	
5344	8	
5345	7	
5346	8	
5347	7	
5348	9	
5349	7	
5350	4	
5351	3	
5352	6	
5353	1	
5354	8	
5355	2	
5356	10	
5357	2	
5358	6	
5359	8	
5360	1	
5361	3	
5362	10	
5363	3	
5364	4	
5365	2	
5366	10	
5367	6	
5368	8	
5369	3	
5370	4	
5371	9	
5372	1	
5373	10	
5374	10	
5375	10	
5376	7	
5377	1	
5378	9	
5379	9	
5380	8	
5381	7	
5382	9	
5383	5	
5384	2	
5385	9	
5386	9	
5387	9	
5388	2	
5389	5	
5390	2	
5391	5	
5392	8	
5393	9	
5394	8	
5395	9	
5396	3	
5397	5	
5398	8	
5399	7	
5400	10	
5401	1	
5402	4	
5403	10	
5404	3	
5405	3	
5406	3	
5407	4	
5408	5	
5409	2	
5410	5	
5411	10	
5412	3	
5413	8	
5414	3	
5415	1	
5416	9	
5417	2	
5418	10	
5419	10	
5420	8	
5421	5	
5422	5	
5423	7	
5424	8	
5425	6	
5426	3	
5427	7	
5428	2	
5429	7	
5430	1	
5431	2	
5432	6	
5433	3	
5434	8	
5435	10	
5436	9	
5437	7	
5438	10	
5439	5	
5440	7	
5441	10	
5442	7	
5443	2	
5444	2	
5445	9	
5446	3	
5447	6	
5448	10	
5449	2	
5450	7	
5451	4	
5452	5	
5453	6	
5454	7	
5455	1	
5456	10	
5457	4	
5458	5	
5459	10	
5460	7	
5461	1	
5462	5	
5463	8	
5464	10	
5465	3	
5466	1	
5467	4	
5468	10	
5469	10	
5470	4	
5471	9	
5472	5	
5473	2	
5474	1	
5475	6	
5476	10	
5477	5	
5478	10	
5479	3	
5480	8	
5481	4	
5482	7	
5483	5	
5484	5	
5485	3	
5486	10	
5487	2	
5488	9	
5489	7	
5490	2	
5491	7	
5492	9	
5493	9	
5494	10	
5495	8	
5496	1	
5497	3	
5498	8	
5499	2	
5500	7	
5501	6	
5502	4	
5503	7	
5504	2	
5505	10	
5506	6	
5507	1	
5508	6	
5509	10	
5510	2	
5511	3	
5512	9	
5513	5	
5514	6	
5515	9	
5516	3	
5517	4	
5518	8	
5519	1	
5520	8	
5521	10	
5522	2	
5523	3	
5524	2	
5525	6	
5526	4	
5527	6	
5528	2	
5529	8	
5530	10	
5531	3	
5532	2	
5533	2	
5534	9	
5535	2	
5536	7	
5537	10	
5538	7	
5539	10	
5540	5	
5541	1	
5542	10	
5543	9	
5544	6	
5545	7	
5546	7	
5547	9	
5548	10	
5549	9	
5550	6	
5551	2	
5552	9	
5553	7	
5554	2	
5555	2	
5556	6	
5557	4	
5558	1	
5559	2	
5560	6	
5561	2	
5562	6	
5563	6	
5564	6	
5565	2	
5566	8	
5567	2	
5568	3	
5569	10	
5570	7	
5571	10	
5572	10	
5573	9	
5574	7	
5575	10	
5576	10	
5577	7	
5578	6	
5579	6	
5580	6	
5581	4	
5582	6	
5583	8	
5584	1	
5585	6	
5586	7	
5587	6	
5588	5	
5589	8	
5590	5	
5591	4	
5592	2	
5593	5	
5594	2	
5595	3	
5596	4	
5597	7	
5598	7	
5599	8	
5600	3	
5601	4	
5602	10	
5603	7	
5604	5	
5605	3	
5606	5	
5607	6	
5608	2	
5609	2	
5610	3	
5611	7	
5612	5	
5613	7	
5614	6	
5615	8	
5616	1	
5617	6	
5618	4	
5619	8	
5620	5	
5621	7	
5622	5	
5623	9	
5624	10	
5625	10	
5626	9	
5627	5	
5628	5	
5629	5	
5630	1	
5631	3	
5632	9	
5633	2	
5634	7	
5635	2	
5636	7	
5637	8	
5638	4	
5639	5	
5640	5	
5641	9	
5642	3	
5643	3	
5644	3	
5645	2	
5646	7	
5647	4	
5648	6	
5649	8	
5650	4	
5651	10	
5652	3	
5653	8	
5654	4	
5655	7	
5656	2	
5657	3	
5658	2	
5659	8	
5660	6	
5661	10	
5662	5	
5663	4	
5664	10	
5665	2	
5666	9	
5667	4	
5668	7	
5669	4	
5670	8	
5671	10	
5672	1	
5673	9	
5674	5	
5675	2	
5676	4	
5677	4	
5678	1	
5679	7	
5680	1	
5681	8	
5682	2	
5683	2	
5684	7	
5685	6	
5686	4	
5687	7	
5688	7	
5689	2	
5690	3	
5691	10	
5692	3	
5693	5	
5694	10	
5695	6	
5696	3	
5697	10	
5698	8	
5699	5	
5700	3	
5701	8	
5702	1	
5703	3	
5704	5	
5705	8	
5706	6	
5707	7	
5708	8	
5709	4	
5710	4	
5711	4	
5712	8	
5713	3	
5714	10	
5715	1	
5716	5	
5717	3	
5718	4	
5719	4	
5720	7	
5721	7	
5722	9	
5723	7	
5724	9	
5725	3	
5726	3	
5727	5	
5728	8	
5729	1	
5730	4	
5731	8	
5732	6	
5733	9	
5734	3	
5735	4	
5736	4	
5737	9	
5738	7	
5739	9	
5740	8	
5741	6	
5742	8	
5743	4	
5744	8	
5745	2	
5746	2	
5747	8	
5748	6	
5749	4	
5750	5	
5751	8	
5752	8	
5753	6	
5754	3	
5755	10	
5756	7	
5757	1	
5758	4	
5759	6	
5760	8	
5761	9	
5762	4	
5763	6	
5764	9	
5765	9	
5766	3	
5767	7	
5768	8	
5769	3	
5770	8	
5771	1	
5772	6	
5773	9	
5774	3	
5775	2	
5776	2	
5777	6	
5778	5	
5779	7	
5780	4	
5781	10	
5782	10	
5783	8	
5784	9	
5785	6	
5786	4	
5787	4	
5788	1	
5789	6	
5790	9	
5791	8	
5792	6	
5793	7	
5794	4	
5795	4	
5796	6	
5797	3	
5798	3	
5799	8	
5800	10	
5801	5	
5802	2	
5803	10	
5804	5	
5805	4	
5806	10	
5807	6	
5808	10	
5809	1	
5810	7	
5811	9	
5812	1	
5813	6	
5814	1	
5815	5	
5816	3	
5817	9	
5818	3	
5819	6	
5820	8	
5821	4	
5822	3	
5823	6	
5824	3	
5825	8	
5826	4	
5827	3	
5828	8	
5829	4	
5830	5	
5831	8	
5832	1	
5833	2	
5834	4	
5835	2	
5836	10	
5837	10	
5838	7	
5839	9	
5840	3	
5841	4	
5842	5	
5843	1	
5844	7	
5845	3	
5846	5	
5847	4	
5848	2	
5849	9	
5850	6	
5851	3	
5852	5	
5853	4	
5854	6	
5855	3	
5856	8	
5857	4	
5858	9	
5859	9	
5860	1	
5861	7	
5862	6	
5863	1	
5864	10	
5865	8	
5866	1	
5867	10	
5868	9	
5869	3	
5870	10	
5871	8	
5872	6	
5873	4	
5874	9	
5875	2	
5876	8	
5877	5	
5878	9	
5879	8	
5880	7	
5881	5	
5882	2	
5883	7	
5884	3	
5885	5	
5886	5	
5887	7	
5888	7	
5889	4	
5890	7	
5891	7	
5892	3	
5893	1	
5894	6	
5895	2	
5896	1	
5897	3	
5898	8	
5899	3	
5900	7	
5901	2	
5902	10	
5903	9	
5904	7	
5905	9	
5906	7	
5907	4	
5908	3	
5909	3	
5910	4	
5911	7	
5912	7	
5913	7	
5914	6	
5915	9	
5916	3	
5917	7	
5918	6	
5919	6	
5920	7	
5921	5	
5922	4	
5923	6	
5924	8	
5925	10	
5926	5	
5927	7	
5928	7	
5929	6	
5930	9	
5931	7	
5932	3	
5933	8	
5934	5	
5935	5	
5936	5	
5937	10	
5938	2	
5939	8	
5940	4	
5941	2	
5942	3	
5943	9	
5944	3	
5945	3	
5946	1	
5947	10	
5948	3	
5949	5	
5950	1	
5951	9	
5952	1	
5953	8	
5954	10	
5955	8	
5956	4	
5957	3	
5958	6	
5959	5	
5960	3	
5961	3	
5962	9	
5963	1	
5964	9	
5965	10	
5966	9	
5967	5	
5968	6	
5969	8	
5970	9	
5971	9	
5972	9	
5973	8	
5974	8	
5975	10	
5976	7	
5977	5	
5978	5	
5979	10	
5980	6	
5981	10	
5982	7	
5983	6	
5984	3	
5985	2	
5986	9	
5987	4	
5988	1	
5989	7	
5990	6	
5991	4	
5992	8	
5993	9	
5994	7	
5995	10	
5996	10	
5997	3	
5998	4	
5999	6	
6000	10	
6001	6	
6002	5	
6003	5	
6004	5	
6005	2	
6006	8	
6007	5	
6008	10	
6009	1	
6010	7	
6011	6	
6012	7	
6013	5	
6014	9	
6015	8	
6016	4	
6017	7	
6018	2	
6019	5	
6020	1	
6021	6	
6022	1	
6023	4	
6024	5	
6025	8	
6026	9	
6027	6	
6028	5	
6029	7	
6030	2	
6031	2	
6032	7	
6033	9	
6034	7	
6035	7	
6036	10	
6037	9	
6038	6	
6039	2	
6040	9	
6041	7	
6042	2	
6043	1	
6044	6	
6045	3	
6046	6	
6047	7	
6048	5	
6049	3	
6050	1	
6051	8	
6052	4	
6053	5	
6054	4	
6055	1	
6056	10	
6057	4	
6058	8	
6059	2	
6060	5	
6061	9	
6062	2	
6063	2	
6064	1	
6065	9	
6066	7	
6067	4	
6068	8	
6069	3	
6070	4	
6071	8	
6072	9	
6073	4	
6074	6	
6075	10	
6076	2	
6077	8	
6078	9	
6079	1	
6080	3	
6081	3	
6082	4	
6083	4	
6084	9	
6085	7	
6086	8	
6087	6	
6088	6	
6089	6	
6090	7	
6091	5	
6092	9	
6093	10	
6094	8	
6095	9	
6096	8	
6097	7	
6098	4	
6099	7	
6100	3	
6101	9	
6102	3	
6103	5	
6104	6	
6105	1	
6106	8	
6107	10	
6108	10	
6109	3	
6110	4	
6111	3	
6112	5	
6113	3	
6114	6	
6115	9	
6116	4	
6117	3	
6118	8	
6119	8	
6120	8	
6121	9	
6122	7	
6123	4	
6124	9	
6125	2	
6126	6	
6127	2	
6128	7	
6129	4	
6130	5	
6131	5	
6132	7	
6133	8	
6134	6	
6135	8	
6136	9	
6137	6	
6138	5	
6139	5	
6140	9	
6141	5	
6142	6	
6143	2	
6144	5	
6145	6	
6146	4	
6147	4	
6148	6	
6149	4	
6150	2	
6151	4	
6152	8	
6153	2	
6154	8	
6155	4	
6156	10	
6157	10	
6158	1	
6159	2	
6160	5	
6161	8	
6162	6	
6163	10	
6164	5	
6165	1	
6166	8	
6167	7	
6168	3	
6169	2	
6170	8	
6171	4	
6172	9	
6173	5	
6174	4	
6175	5	
6176	10	
6177	4	
6178	9	
6179	6	
6180	2	
6181	8	
6182	9	
6183	3	
6184	1	
6185	8	
6186	1	
6187	4	
6188	1	
6189	7	
6190	9	
6191	1	
6192	2	
6193	6	
6194	8	
6195	3	
6196	7	
6197	7	
6198	9	
6199	8	
6200	6	
6201	6	
6202	4	
6203	6	
6204	5	
6205	9	
6206	3	
6207	1	
6208	9	
6209	1	
6210	2	
6211	9	
6212	4	
6213	4	
6214	6	
6215	7	
6216	4	
6217	7	
6218	3	
6219	4	
6220	9	
6221	4	
6222	8	
6223	6	
6224	9	
6225	9	
6226	7	
6227	9	
6228	1	
6229	2	
6230	8	
6231	7	
6232	2	
6233	3	
6234	6	
6235	3	
6236	8	
6237	2	
6238	10	
6239	6	
6240	3	
6241	2	
6242	6	
6243	10	
6244	5	
6245	1	
6246	7	
6247	3	
6248	2	
6249	4	
6250	8	
6251	6	
6252	4	
6253	10	
6254	4	
6255	4	
6256	9	
6257	4	
6258	9	
6259	1	
6260	4	
6261	1	
6262	10	
6263	6	
6264	9	
6265	6	
6266	2	
6267	10	
6268	2	
6269	5	
6270	7	
6271	7	
6272	6	
6273	6	
6274	3	
6275	8	
6276	8	
6277	7	
6278	5	
6279	6	
6280	10	
6281	6	
6282	10	
6283	6	
6284	1	
6285	5	
6286	1	
6287	9	
6288	1	
6289	8	
6290	6	
6291	8	
6292	8	
6293	9	
6294	9	
6295	7	
6296	9	
6297	3	
6298	8	
6299	2	
6300	9	
6301	4	
6302	8	
6303	5	
6304	3	
6305	8	
6306	8	
6307	5	
6308	4	
6309	5	
6310	3	
6311	4	
6312	10	
6313	2	
6314	3	
6315	5	
6316	9	
6317	9	
6318	4	
6319	2	
6320	5	
6321	9	
6322	6	
6323	6	
6324	7	
6325	5	
6326	5	
6327	1	
6328	2	
6329	5	
6330	1	
6331	2	
6332	6	
6333	5	
6334	8	
6335	7	
6336	5	
6337	3	
6338	4	
6339	4	
6340	9	
6341	6	
6342	10	
6343	4	
6344	1	
6345	10	
6346	6	
6347	3	
6348	4	
6349	6	
6350	7	
6351	4	
6352	2	
6353	8	
6354	1	
6355	3	
6356	5	
6357	2	
6358	1	
6359	1	
6360	5	
6361	7	
6362	1	
6363	3	
6364	7	
6365	10	
6366	5	
6367	6	
6368	6	
6369	1	
6370	3	
6371	1	
6372	6	
6373	3	
6374	5	
6375	1	
6376	4	
6377	7	
6378	2	
6379	5	
6380	10	
6381	1	
6382	4	
6383	2	
6384	1	
6385	6	
6386	7	
6387	8	
6388	2	
6389	4	
6390	3	
6391	7	
6392	10	
6393	9	
6394	8	
6395	9	
6396	8	
6397	9	
6398	10	
6399	8	
6400	2	
6401	1	
6402	10	
6403	8	
6404	6	
6405	7	
6406	8	
6407	10	
6408	7	
6409	2	
6410	3	
6411	10	
6412	3	
6413	6	
6414	8	
6415	3	
6416	1	
6417	9	
6418	2	
6419	1	
6420	9	
6421	4	
6422	5	
6423	8	
6424	6	
6425	8	
6426	10	
6427	9	
6428	6	
6429	2	
6430	5	
6431	9	
6432	1	
6433	6	
6434	4	
6435	9	
6436	7	
6437	2	
6438	6	
6439	2	
6440	1	
6441	3	
6442	6	
6443	2	
6444	3	
6445	2	
6446	7	
6447	1	
6448	5	
6449	2	
6450	7	
6451	4	
6452	8	
6453	7	
6454	2	
6455	5	
6456	4	
6457	7	
6458	7	
6459	2	
6460	1	
6461	4	
6462	8	
6463	10	
6464	3	
6465	7	
6466	2	
6467	10	
6468	7	
6469	3	
6470	10	
6471	9	
6472	3	
6473	10	
6474	10	
6475	2	
6476	2	
6477	7	
6478	1	
6479	1	
6480	7	
6481	10	
6482	4	
6483	2	
6484	3	
6485	7	
6486	9	
6487	7	
6488	4	
6489	7	
6490	4	
6491	8	
6492	1	
6493	3	
6494	10	
6495	3	
6496	4	
6497	3	
6498	10	
6499	10	
6500	4	
6501	3	
6502	3	
6503	2	
6504	10	
6505	9	
6506	6	
6507	5	
6508	7	
6509	6	
6510	6	
6511	10	
6512	8	
6513	8	
6514	2	
6515	6	
6516	7	
6517	5	
6518	5	
6519	6	
6520	5	
6521	10	
6522	1	
6523	4	
6524	8	
6525	4	
6526	10	
6527	10	
6528	5	
6529	4	
6530	1	
6531	1	
6532	9	
6533	8	
6534	3	
6535	2	
6536	7	
6537	2	
6538	10	
6539	3	
6540	8	
6541	1	
6542	2	
6543	2	
6544	9	
6545	1	
6546	10	
6547	8	
6548	10	
6549	4	
6550	9	
6551	5	
6552	2	
6553	9	
6554	4	
6555	5	
6556	8	
6557	7	
6558	1	
6559	2	
6560	2	
6561	7	
6562	2	
6563	3	
6564	1	
6565	3	
6566	9	
6567	3	
6568	2	
6569	1	
6570	7	
6571	7	
6572	1	
6573	6	
6574	8	
6575	2	
6576	10	
6577	3	
6578	6	
6579	1	
6580	4	
6581	10	
6582	10	
6583	7	
6584	3	
6585	7	
6586	2	
6587	8	
6588	7	
6589	7	
6590	4	
6591	4	
6592	3	
6593	3	
6594	2	
6595	1	
6596	6	
6597	1	
6598	2	
6599	2	
6600	10	
6601	1	
6602	4	
6603	5	
6604	7	
6605	3	
6606	8	
6607	1	
6608	6	
6609	5	
6610	3	
6611	4	
6612	2	
6613	8	
6614	10	
6615	1	
6616	3	
6617	9	
6618	7	
6619	6	
6620	10	
6621	10	
6622	7	
6623	4	
6624	7	
6625	10	
6626	2	
6627	4	
6628	7	
6629	5	
6630	10	
6631	3	
6632	10	
6633	10	
6634	8	
6635	1	
6636	2	
6637	2	
6638	10	
6639	8	
6640	2	
6641	2	
6642	8	
6643	10	
6644	1	
6645	7	
6646	7	
6647	8	
6648	5	
6649	2	
6650	9	
6651	7	
6652	4	
6653	8	
6654	9	
6655	1	
6656	8	
6657	3	
6658	4	
6659	9	
6660	7	
6661	4	
6662	6	
6663	8	
6664	2	
6665	7	
6666	2	
6667	5	
6668	1	
6669	1	
6670	7	
6671	8	
6672	3	
6673	1	
6674	3	
6675	7	
6676	1	
6677	8	
6678	5	
6679	6	
6680	10	
6681	2	
6682	8	
6683	4	
6684	1	
6685	3	
6686	5	
6687	6	
6688	8	
6689	9	
6690	1	
6691	3	
6692	9	
6693	10	
6694	7	
6695	5	
6696	7	
6697	7	
6698	2	
6699	5	
6700	6	
6701	1	
6702	9	
6703	7	
6704	9	
6705	10	
6706	5	
6707	10	
6708	7	
6709	4	
6710	1	
6711	4	
6712	9	
6713	2	
6714	8	
6715	6	
6716	8	
6717	8	
6718	10	
6719	4	
6720	1	
6721	9	
6722	10	
6723	1	
6724	7	
6725	10	
6726	2	
6727	1	
6728	6	
6729	10	
6730	7	
6731	9	
6732	3	
6733	3	
6734	4	
6735	2	
6736	7	
6737	6	
6738	5	
6739	4	
6740	10	
6741	7	
6742	7	
6743	3	
6744	4	
6745	5	
6746	6	
6747	1	
6748	8	
6749	2	
6750	5	
6751	1	
6752	1	
6753	3	
6754	7	
6755	9	
6756	2	
6757	1	
6758	8	
6759	3	
6760	2	
6761	5	
6762	2	
6763	8	
6764	3	
6765	1	
6766	6	
6767	10	
6768	2	
6769	4	
6770	10	
6771	1	
6772	4	
6773	6	
6774	2	
6775	1	
6776	6	
6777	1	
6778	10	
6779	6	
6780	6	
6781	10	
6782	6	
6783	6	
6784	1	
6785	8	
6786	9	
6787	6	
6788	7	
6789	9	
6790	6	
6791	4	
6792	4	
6793	3	
6794	3	
6795	3	
6796	7	
6797	10	
6798	3	
6799	1	
6800	6	
6801	4	
6802	7	
6803	8	
6804	2	
6805	10	
6806	1	
6807	7	
6808	2	
6809	7	
6810	2	
6811	8	
6812	4	
6813	5	
6814	1	
6815	4	
6816	1	
6817	1	
6818	7	
6819	9	
6820	5	
6821	3	
6822	2	
6823	9	
6824	8	
6825	8	
6826	5	
6827	6	
6828	10	
6829	7	
6830	4	
6831	6	
6832	1	
6833	5	
6834	2	
6835	10	
6836	9	
6837	2	
6838	4	
6839	8	
6840	9	
6841	4	
6842	3	
6843	2	
6844	3	
6845	1	
6846	9	
6847	4	
6848	2	
6849	2	
6850	8	
6851	6	
6852	6	
6853	6	
6854	6	
6855	9	
6856	9	
6857	9	
6858	1	
6859	2	
6860	7	
6861	5	
6862	9	
6863	4	
6864	8	
6865	6	
6866	8	
6867	6	
6868	6	
6869	5	
6870	8	
6871	10	
6872	6	
6873	5	
6874	3	
6875	1	
6876	8	
6877	1	
6878	4	
6879	10	
6880	3	
6881	1	
6882	9	
6883	4	
6884	1	
6885	3	
6886	9	
6887	2	
6888	6	
6889	7	
6890	3	
6891	2	
6892	4	
6893	8	
6894	8	
6895	4	
6896	5	
6897	8	
6898	2	
6899	5	
6900	8	
6901	3	
6902	4	
6903	10	
6904	3	
6905	7	
6906	10	
6907	5	
6908	6	
6909	4	
6910	7	
6911	9	
6912	6	
6913	3	
6914	10	
6915	4	
6916	3	
6917	9	
6918	3	
6919	4	
6920	3	
6921	5	
6922	8	
6923	9	
6924	10	
6925	3	
6926	2	
6927	7	
6928	4	
6929	8	
6930	1	
6931	5	
6932	9	
6933	7	
6934	1	
6935	2	
6936	6	
6937	2	
6938	3	
6939	3	
6940	10	
6941	8	
6942	8	
6943	8	
6944	2	
6945	4	
6946	6	
6947	5	
6948	2	
6949	2	
6950	6	
6951	2	
6952	7	
6953	10	
6954	7	
6955	1	
6956	8	
6957	3	
6958	7	
6959	3	
6960	2	
6961	7	
6962	7	
6963	1	
6964	8	
6965	10	
6966	8	
6967	6	
6968	2	
6969	3	
6970	1	
6971	2	
6972	8	
6973	10	
6974	7	
6975	1	
6976	4	
6977	2	
6978	8	
6979	5	
6980	10	
6981	3	
6982	2	
6983	6	
6984	5	
6985	4	
6986	7	
6987	7	
6988	6	
6989	5	
6990	9	
6991	7	
6992	6	
6993	5	
6994	3	
6995	2	
6996	8	
6997	4	
6998	7	
6999	2	
7000	9	
7001	1	
7002	8	
7003	4	
7004	7	
7005	7	
7006	5	
7007	8	
7008	8	
7009	10	
7010	10	
7011	9	
7012	8	
7013	9	
7014	7	
7015	6	
7016	2	
7017	2	
7018	3	
7019	2	
7020	1	
7021	8	
7022	8	
7023	8	
7024	3	
7025	2	
7026	8	
7027	3	
7028	2	
7029	4	
7030	7	
7031	6	
7032	2	
7033	6	
7034	3	
7035	10	
7036	6	
7037	8	
7038	9	
7039	5	
7040	9	
7041	3	
7042	3	
7043	8	
7044	2	
7045	2	
7046	10	
7047	10	
7048	9	
7049	9	
7050	8	
7051	1	
7052	4	
7053	10	
7054	8	
7055	10	
7056	10	
7057	9	
7058	2	
7059	8	
7060	10	
7061	9	
7062	5	
7063	10	
7064	9	
7065	5	
7066	1	
7067	9	
7068	5	
7069	4	
7070	2	
7071	9	
7072	10	
7073	6	
7074	2	
7075	9	
7076	10	
7077	3	
7078	5	
7079	2	
7080	6	
7081	6	
7082	6	
7083	3	
7084	8	
7085	2	
7086	2	
7087	2	
7088	1	
7089	6	
7090	3	
7091	10	
7092	1	
7093	7	
7094	7	
7095	7	
7096	10	
7097	7	
7098	3	
7099	4	
7100	9	
7101	7	
7102	5	
7103	7	
7104	2	
7105	4	
7106	10	
7107	3	
7108	9	
7109	7	
7110	1	
7111	5	
7112	2	
7113	2	
7114	1	
7115	8	
7116	10	
7117	3	
7118	2	
7119	3	
7120	3	
7121	5	
7122	7	
7123	4	
7124	4	
7125	7	
7126	6	
7127	10	
7128	4	
7129	7	
7130	1	
7131	6	
7132	9	
7133	8	
7134	10	
7135	7	
7136	4	
7137	7	
7138	2	
7139	2	
7140	4	
7141	7	
7142	3	
7143	7	
7144	10	
7145	5	
7146	9	
7147	8	
7148	6	
7149	1	
7150	4	
7151	2	
7152	1	
7153	4	
7154	2	
7155	2	
7156	9	
7157	10	
7158	9	
7159	7	
7160	6	
7161	4	
7162	2	
7163	9	
7164	4	
7165	2	
7166	4	
7167	6	
7168	8	
7169	8	
7170	4	
7171	5	
7172	2	
7173	4	
7174	9	
7175	9	
7176	10	
7177	7	
7178	7	
7179	2	
7180	1	
7181	1	
7182	1	
7183	6	
7184	4	
7185	5	
7186	2	
7187	8	
7188	3	
7189	3	
7190	6	
7191	7	
7192	3	
7193	4	
7194	3	
7195	10	
7196	3	
7197	6	
7198	10	
7199	5	
7200	9	
7201	10	
7202	7	
7203	3	
7204	4	
7205	10	
7206	2	
7207	1	
7208	1	
7209	5	
7210	9	
7211	8	
7212	10	
7213	6	
7214	7	
7215	9	
7216	5	
7217	5	
7218	4	
7219	2	
7220	3	
7221	3	
7222	6	
7223	9	
7224	10	
7225	10	
7226	2	
7227	6	
7228	6	
7229	8	
7230	7	
7231	9	
7232	6	
7233	4	
7234	6	
7235	8	
7236	6	
7237	2	
7238	3	
7239	8	
7240	2	
7241	1	
7242	8	
7243	1	
7244	8	
7245	1	
7246	2	
7247	6	
7248	10	
7249	2	
7250	4	
7251	6	
7252	6	
7253	8	
7254	1	
7255	4	
7256	7	
7257	9	
7258	8	
7259	1	
7260	2	
7261	3	
7262	7	
7263	8	
7264	5	
7265	1	
7266	7	
7267	7	
7268	7	
7269	1	
7270	4	
7271	4	
7272	10	
7273	7	
7274	5	
7275	7	
7276	10	
7277	5	
7278	8	
7279	10	
7280	6	
7281	6	
7282	7	
7283	10	
7284	3	
7285	3	
7286	3	
7287	8	
7288	5	
7289	3	
7290	10	
7291	4	
7292	8	
7293	2	
7294	7	
7295	7	
7296	9	
7297	9	
7298	7	
7299	5	
7300	2	
7301	1	
7302	6	
7303	3	
7304	6	
7305	6	
7306	10	
7307	8	
7308	6	
7309	4	
7310	3	
7311	3	
7312	6	
7313	6	
7314	8	
7315	1	
7316	8	
7317	5	
7318	6	
7319	2	
7320	3	
7321	9	
7322	3	
7323	8	
7324	10	
7325	7	
7326	6	
7327	1	
7328	7	
7329	5	
7330	9	
7331	3	
7332	8	
7333	9	
7334	6	
7335	5	
7336	2	
7337	7	
7338	8	
7339	7	
7340	6	
7341	3	
7342	10	
7343	6	
7344	6	
7345	4	
7346	7	
7347	1	
7348	4	
7349	1	
7350	2	
7351	3	
7352	6	
7353	6	
7354	8	
7355	6	
7356	5	
7357	4	
7358	4	
7359	4	
7360	10	
7361	4	
7362	6	
7363	2	
7364	4	
7365	8	
7366	1	
7367	1	
7368	4	
7369	10	
7370	6	
7371	7	
7372	1	
7373	9	
7374	3	
7375	10	
7376	1	
7377	6	
7378	9	
7379	9	
7380	8	
7381	6	
7382	2	
7383	4	
7384	2	
7385	1	
7386	7	
7387	9	
7388	4	
7389	3	
7390	7	
7391	1	
7392	7	
7393	2	
7394	2	
7395	10	
7396	2	
7397	7	
7398	2	
7399	4	
7400	2	
7401	2	
7402	1	
7403	5	
7404	9	
7405	8	
7406	10	
7407	2	
7408	8	
7409	7	
7410	7	
7411	10	
7412	2	
7413	6	
7414	6	
7415	10	
7416	6	
7417	1	
7418	5	
7419	5	
7420	6	
7421	6	
7422	9	
7423	2	
7424	8	
7425	4	
7426	6	
7427	4	
7428	6	
7429	7	
7430	7	
7431	9	
7432	5	
7433	4	
7434	9	
7435	2	
7436	10	
7437	1	
7438	2	
7439	5	
7440	6	
7441	4	
7442	5	
7443	10	
7444	7	
7445	8	
7446	8	
7447	1	
7448	5	
7449	8	
7450	3	
7451	7	
7452	7	
7453	7	
7454	9	
7455	5	
7456	10	
7457	5	
7458	3	
7459	1	
7460	1	
7461	10	
7462	9	
7463	1	
7464	5	
7465	7	
7466	5	
7467	4	
7468	1	
7469	3	
7470	9	
7471	3	
7472	1	
7473	7	
7474	10	
7475	4	
7476	8	
7477	1	
7478	5	
7479	2	
7480	5	
7481	1	
7482	9	
7483	4	
7484	2	
7485	3	
7486	2	
7487	6	
7488	4	
7489	5	
7490	7	
7491	7	
7492	9	
7493	1	
7494	7	
7495	6	
7496	5	
7497	5	
7498	4	
7499	8	
7500	7	
7501	6	
7502	5	
7503	5	
7504	8	
7505	5	
7506	9	
7507	5	
7508	8	
7509	9	
7510	2	
7511	6	
7512	8	
7513	5	
7514	8	
7515	3	
7516	6	
7517	6	
7518	10	
7519	9	
7520	4	
7521	7	
7522	4	
7523	5	
7524	9	
7525	7	
7526	1	
7527	9	
7528	9	
7529	5	
7530	4	
7531	1	
7532	10	
7533	1	
7534	6	
7535	10	
7536	10	
7537	7	
7538	5	
7539	7	
7540	8	
7541	3	
7542	4	
7543	1	
7544	10	
7545	6	
7546	5	
7547	10	
7548	1	
7549	3	
7550	2	
7551	8	
7552	7	
7553	7	
7554	9	
7555	8	
7556	7	
7557	6	
7558	8	
7559	5	
7560	2	
7561	8	
7562	3	
7563	10	
7564	7	
7565	6	
7566	6	
7567	6	
7568	9	
7569	4	
7570	1	
7571	9	
7572	8	
7573	10	
7574	8	
7575	8	
7576	10	
7577	5	
7578	5	
7579	10	
7580	9	
7581	7	
7582	3	
7583	5	
7584	4	
7585	9	
7586	2	
7587	7	
7588	9	
7589	5	
7590	9	
7591	4	
7592	4	
7593	2	
7594	3	
7595	4	
7596	3	
7597	3	
7598	6	
7599	4	
7600	5	
7601	2	
7602	9	
7603	10	
7604	1	
7605	4	
7606	2	
7607	6	
7608	7	
7609	3	
7610	1	
7611	4	
7612	5	
7613	8	
7614	2	
7615	4	
7616	6	
7617	3	
7618	1	
7619	4	
7620	6	
7621	3	
7622	7	
7623	5	
7624	7	
7625	6	
7626	7	
7627	3	
7628	7	
7629	10	
7630	2	
7631	9	
7632	1	
7633	4	
7634	6	
7635	3	
7636	8	
7637	10	
7638	3	
7639	4	
7640	1	
7641	7	
7642	9	
7643	6	
7644	5	
7645	1	
7646	7	
7647	2	
7648	4	
7649	5	
7650	9	
7651	6	
7652	3	
7653	1	
7654	9	
7655	9	
7656	1	
7657	2	
7658	8	
7659	4	
7660	1	
7661	3	
7662	8	
7663	8	
7664	3	
7665	7	
7666	7	
7667	5	
7668	1	
7669	1	
7670	10	
7671	8	
7672	7	
7673	5	
7674	8	
7675	9	
7676	7	
7677	1	
7678	1	
7679	1	
7680	10	
7681	5	
7682	2	
7683	8	
7684	7	
7685	2	
7686	7	
7687	7	
7688	8	
7689	8	
7690	4	
7691	8	
7692	10	
7693	3	
7694	1	
7695	8	
7696	9	
7697	7	
7698	9	
7699	6	
7700	3	
7701	8	
7702	4	
7703	3	
7704	10	
7705	2	
7706	7	
7707	10	
7708	6	
7709	8	
7710	9	
7711	10	
7712	3	
7713	4	
7714	4	
7715	4	
7716	3	
7717	10	
7718	2	
7719	8	
7720	3	
7721	2	
7722	10	
7723	3	
7724	9	
7725	10	
7726	1	
7727	5	
7728	8	
7729	9	
7730	6	
7731	7	
7732	9	
7733	8	
7734	6	
7735	2	
7736	5	
7737	9	
7738	8	
7739	4	
7740	6	
7741	5	
7742	8	
7743	10	
7744	8	
7745	7	
7746	3	
7747	8	
7748	3	
7749	10	
7750	9	
7751	8	
7752	4	
7753	10	
7754	3	
7755	6	
7756	6	
7757	4	
7758	2	
7759	8	
7760	3	
7761	4	
7762	9	
7763	3	
7764	6	
7765	1	
7766	2	
7767	1	
7768	2	
7769	2	
7770	4	
7771	8	
7772	5	
7773	5	
7774	6	
7775	9	
7776	2	
7777	6	
7778	5	
7779	3	
7780	8	
7781	7	
7782	9	
7783	10	
7784	9	
7785	10	
7786	10	
7787	6	
7788	6	
7789	6	
7790	6	
7791	2	
7792	9	
7793	5	
7794	1	
7795	1	
7796	1	
7797	2	
7798	3	
7799	10	
7800	6	
7801	3	
7802	8	
7803	8	
7804	3	
7805	9	
7806	10	
7807	2	
7808	9	
7809	4	
7810	3	
7811	5	
7812	7	
7813	5	
7814	8	
7815	5	
7816	7	
7817	10	
7818	9	
7819	1	
7820	2	
7821	1	
7822	3	
7823	7	
7824	1	
7825	9	
7826	2	
7827	7	
7828	8	
7829	4	
7830	2	
7831	8	
7832	8	
7833	5	
7834	3	
7835	9	
7836	8	
7837	8	
7838	9	
7839	10	
7840	8	
7841	8	
7842	3	
7843	10	
7844	7	
7845	3	
7846	7	
7847	5	
7848	4	
7849	4	
7850	5	
7851	8	
7852	1	
7853	2	
7854	6	
7855	10	
7856	3	
7857	2	
7858	10	
7859	8	
7860	6	
7861	2	
7862	3	
7863	3	
7864	8	
7865	8	
7866	8	
7867	8	
7868	10	
7869	6	
7870	9	
7871	9	
7872	4	
7873	9	
7874	1	
7875	9	
7876	3	
7877	6	
7878	1	
7879	7	
7880	8	
7881	9	
7882	1	
7883	9	
7884	6	
7885	2	
7886	3	
7887	8	
7888	6	
7889	5	
7890	5	
7891	5	
7892	10	
7893	9	
7894	1	
7895	1	
7896	3	
7897	2	
7898	1	
7899	1	
7900	6	
7901	6	
7902	10	
7903	10	
7904	3	
7905	3	
7906	10	
7907	10	
7908	3	
7909	5	
7910	10	
7911	3	
7912	5	
7913	9	
7914	4	
7915	4	
7916	3	
7917	7	
7918	10	
7919	2	
7920	5	
7921	3	
7922	5	
7923	4	
7924	4	
7925	5	
7926	9	
7927	7	
7928	5	
7929	6	
7930	7	
7931	5	
7932	5	
7933	5	
7934	10	
7935	4	
7936	3	
7937	9	
7938	3	
7939	9	
7940	4	
7941	7	
7942	6	
7943	7	
7944	5	
7945	3	
7946	3	
7947	3	
7948	3	
7949	6	
7950	4	
7951	7	
7952	5	
7953	6	
7954	6	
7955	1	
7956	7	
7957	9	
7958	8	
7959	6	
7960	6	
7961	10	
7962	1	
7963	1	
7964	1	
7965	7	
7966	10	
7967	10	
7968	6	
7969	8	
7970	7	
7971	10	
7972	1	
7973	10	
7974	9	
7975	3	
7976	7	
7977	10	
7978	8	
7979	8	
7980	1	
7981	10	
7982	5	
7983	3	
7984	5	
7985	7	
7986	9	
7987	8	
7988	6	
7989	6	
7990	5	
7991	1	
7992	8	
7993	10	
7994	9	
7995	10	
7996	3	
7997	1	
7998	5	
7999	3	
8000	4	
8001	5	
8002	5	
8003	7	
8004	8	
8005	7	
8006	1	
8007	10	
8008	3	
8009	10	
8010	4	
8011	7	
8012	2	
8013	6	
8014	9	
8015	1	
8016	1	
8017	7	
8018	8	
8019	5	
8020	2	
8021	10	
8022	10	
8023	1	
8024	1	
8025	8	
8026	6	
8027	7	
8028	6	
8029	8	
8030	7	
8031	3	
8032	5	
8033	3	
8034	10	
8035	3	
8036	4	
8037	7	
8038	8	
8039	3	
8040	3	
8041	4	
8042	8	
8043	8	
8044	6	
8045	5	
8046	6	
8047	2	
8048	6	
8049	9	
8050	8	
8051	8	
8052	4	
8053	2	
8054	10	
8055	4	
8056	5	
8057	6	
8058	5	
8059	3	
8060	5	
8061	7	
8062	3	
8063	7	
8064	4	
8065	4	
8066	10	
8067	6	
8068	10	
8069	2	
8070	1	
8071	5	
8072	8	
8073	9	
8074	2	
8075	5	
8076	4	
8077	3	
8078	8	
8079	8	
8080	3	
8081	4	
8082	10	
8083	6	
8084	8	
8085	1	
8086	6	
8087	9	
8088	8	
8089	5	
8090	3	
8091	8	
8092	2	
8093	9	
8094	8	
8095	2	
8096	7	
8097	9	
8098	2	
8099	8	
8100	4	
8101	1	
8102	2	
8103	3	
8104	2	
8105	5	
8106	9	
8107	3	
8108	9	
8109	7	
8110	7	
8111	4	
8112	4	
8113	4	
8114	2	
8115	3	
8116	5	
8117	9	
8118	4	
8119	1	
8120	8	
8121	7	
8122	3	
8123	10	
8124	8	
8125	8	
8126	3	
8127	1	
8128	6	
8129	1	
8130	9	
8131	10	
8132	7	
8133	9	
8134	8	
8135	8	
8136	5	
8137	3	
8138	4	
8139	6	
8140	7	
8141	6	
8142	2	
8143	3	
8144	4	
8145	8	
8146	1	
8147	2	
8148	2	
8149	5	
8150	5	
8151	5	
8152	10	
8153	8	
8154	7	
8155	6	
8156	2	
8157	7	
8158	6	
8159	3	
8160	2	
8161	10	
8162	3	
8163	5	
8164	8	
8165	9	
8166	1	
8167	4	
8168	1	
8169	8	
8170	9	
8171	5	
8172	4	
8173	6	
8174	6	
8175	10	
8176	4	
8177	7	
8178	2	
8179	2	
8180	5	
8181	1	
8182	8	
8183	8	
8184	6	
8185	9	
8186	8	
8187	2	
8188	7	
8189	5	
8190	10	
8191	2	
8192	7	
8193	9	
8194	5	
8195	2	
8196	10	
8197	10	
8198	6	
8199	3	
8200	10	
8201	5	
8202	7	
8203	9	
8204	10	
8205	8	
8206	7	
8207	6	
8208	5	
8209	9	
8210	3	
8211	5	
8212	3	
8213	5	
8214	1	
8215	8	
8216	5	
8217	8	
8218	5	
8219	6	
8220	6	
8221	7	
8222	2	
8223	7	
8224	5	
8225	1	
8226	4	
8227	6	
8228	8	
8229	2	
8230	9	
8231	2	
8232	9	
8233	7	
8234	2	
8235	6	
8236	1	
8237	7	
8238	10	
8239	7	
8240	5	
8241	1	
8242	1	
8243	6	
8244	5	
8245	5	
8246	7	
8247	4	
8248	4	
8249	1	
8250	1	
8251	8	
8252	1	
8253	8	
8254	7	
8255	9	
8256	2	
8257	8	
8258	7	
8259	4	
8260	6	
8261	4	
8262	8	
8263	9	
8264	2	
8265	8	
8266	6	
8267	9	
8268	1	
8269	4	
8270	2	
8271	6	
8272	3	
8273	6	
8274	1	
8275	6	
8276	8	
8277	3	
8278	6	
8279	3	
8280	7	
8281	2	
8282	6	
8283	4	
8284	5	
8285	2	
8286	9	
8287	6	
8288	6	
8289	7	
8290	8	
8291	2	
8292	9	
8293	1	
8294	7	
8295	6	
8296	5	
8297	1	
8298	1	
8299	9	
8300	7	
8301	4	
8302	6	
8303	6	
8304	10	
8305	3	
8306	2	
8307	5	
8308	5	
8309	1	
8310	6	
8311	7	
8312	1	
8313	5	
8314	9	
8315	3	
8316	1	
8317	9	
8318	9	
8319	5	
8320	10	
8321	2	
8322	2	
8323	9	
8324	4	
8325	9	
8326	3	
8327	9	
8328	9	
8329	7	
8330	9	
8331	7	
8332	1	
8333	9	
8334	9	
8335	9	
8336	4	
8337	9	
8338	1	
8339	8	
8340	2	
8341	9	
8342	5	
8343	9	
8344	9	
8345	6	
8346	1	
8347	1	
8348	9	
8349	4	
8350	4	
8351	3	
8352	2	
8353	3	
8354	10	
8355	8	
8356	6	
8357	1	
8358	5	
8359	2	
8360	1	
8361	1	
8362	6	
8363	7	
8364	4	
8365	2	
8366	9	
8367	10	
8368	5	
8369	2	
8370	8	
8371	4	
8372	8	
8373	3	
8374	5	
8375	10	
8376	5	
8377	4	
8378	4	
8379	10	
8380	2	
8381	5	
8382	8	
8383	10	
8384	5	
8385	2	
8386	9	
8387	9	
8388	6	
8389	6	
8390	2	
8391	8	
8392	8	
8393	5	
8394	8	
8395	10	
8396	9	
8397	4	
8398	1	
8399	4	
8400	2	
8401	1	
8402	4	
8403	10	
8404	8	
8405	4	
8406	8	
8407	9	
8408	8	
8409	6	
8410	3	
8411	9	
8412	1	
8413	2	
8414	3	
8415	1	
8416	4	
8417	3	
8418	2	
8419	9	
8420	4	
8421	7	
8422	3	
8423	5	
8424	1	
8425	8	
8426	7	
8427	9	
8428	10	
8429	7	
8430	2	
8431	8	
8432	1	
8433	1	
8434	10	
8435	9	
8436	6	
8437	10	
8438	9	
8439	9	
8440	7	
8441	2	
8442	9	
8443	6	
8444	9	
8445	9	
8446	1	
8447	3	
8448	9	
8449	8	
8450	7	
8451	9	
8452	5	
8453	5	
8454	2	
8455	8	
8456	3	
8457	3	
8458	10	
8459	6	
8460	8	
8461	2	
8462	4	
8463	2	
8464	8	
8465	5	
8466	7	
8467	9	
8468	1	
8469	4	
8470	3	
8471	10	
8472	9	
8473	5	
8474	5	
8475	5	
8476	5	
8477	6	
8478	1	
8479	9	
8480	1	
8481	1	
8482	7	
8483	2	
8484	6	
8485	4	
8486	8	
8487	3	
8488	4	
8489	6	
8490	7	
8491	9	
8492	8	
8493	2	
8494	6	
8495	3	
8496	8	
8497	7	
8498	6	
8499	3	
8500	10	
8501	1	
8502	2	
8503	4	
8504	5	
8505	2	
8506	2	
8507	8	
8508	1	
8509	4	
8510	2	
8511	10	
8512	7	
8513	6	
8514	5	
8515	2	
8516	3	
8517	7	
8518	4	
8519	5	
8520	7	
8521	3	
8522	3	
8523	2	
8524	6	
8525	1	
8526	3	
8527	2	
8528	6	
8529	4	
8530	7	
8531	2	
8532	8	
8533	5	
8534	7	
8535	2	
8536	9	
8537	10	
8538	8	
8539	5	
8540	4	
8541	1	
8542	10	
8543	8	
8544	1	
8545	2	
8546	5	
8547	4	
8548	1	
8549	1	
8550	4	
8551	6	
8552	5	
8553	2	
8554	7	
8555	8	
8556	5	
8557	6	
8558	4	
8559	6	
8560	5	
8561	9	
8562	6	
8563	7	
8564	2	
8565	5	
8566	9	
8567	6	
8568	6	
8569	6	
8570	2	
8571	1	
8572	5	
8573	10	
8574	2	
8575	2	
8576	8	
8577	5	
8578	2	
8579	3	
8580	1	
8581	10	
8582	1	
8583	4	
8584	10	
8585	4	
8586	7	
8587	2	
8588	2	
8589	9	
8590	6	
8591	2	
8592	10	
8593	6	
8594	8	
8595	10	
8596	8	
8597	8	
8598	5	
8599	7	
8600	5	
8601	2	
8602	9	
8603	4	
8604	4	
8605	10	
8606	9	
8607	5	
8608	1	
8609	6	
8610	5	
8611	2	
8612	1	
8613	1	
8614	8	
8615	5	
8616	3	
8617	6	
8618	4	
8619	10	
8620	2	
8621	4	
8622	7	
8623	6	
8624	1	
8625	6	
8626	5	
8627	8	
8628	9	
8629	6	
8630	9	
8631	9	
8632	5	
8633	5	
8634	3	
8635	4	
8636	6	
8637	1	
8638	10	
8639	8	
8640	9	
8641	4	
8642	9	
8643	8	
8644	6	
8645	3	
8646	6	
8647	8	
8648	7	
8649	6	
8650	7	
8651	5	
8652	8	
8653	3	
8654	8	
8655	3	
8656	7	
8657	8	
8658	7	
8659	8	
8660	8	
8661	2	
8662	10	
8663	8	
8664	9	
8665	8	
8666	6	
8667	10	
8668	4	
8669	4	
8670	9	
8671	4	
8672	5	
8673	9	
8674	5	
8675	3	
8676	8	
8677	1	
8678	2	
8679	10	
8680	5	
8681	5	
8682	9	
8683	2	
8684	4	
8685	2	
8686	10	
8687	6	
8688	3	
8689	9	
8690	1	
8691	8	
8692	7	
8693	4	
8694	1	
8695	9	
8696	9	
8697	9	
8698	10	
8699	6	
8700	8	
8701	8	
8702	9	
8703	3	
8704	1	
8705	2	
8706	1	
8707	8	
8708	7	
8709	4	
8710	8	
8711	6	
8712	10	
8713	6	
8714	4	
8715	4	
8716	5	
8717	8	
8718	5	
8719	3	
8720	2	
8721	4	
8722	6	
8723	4	
8724	9	
8725	8	
8726	5	
8727	4	
8728	3	
8729	1	
8730	9	
8731	8	
8732	1	
8733	1	
8734	5	
8735	9	
8736	6	
8737	8	
8738	6	
8739	4	
8740	3	
8741	4	
8742	7	
8743	7	
8744	10	
8745	4	
8746	7	
8747	5	
8748	6	
8749	7	
8750	8	
8751	5	
8752	5	
8753	9	
8754	6	
8755	6	
8756	1	
8757	10	
8758	9	
8759	1	
8760	2	
8761	9	
8762	1	
8763	4	
8764	5	
8765	4	
8766	3	
8767	5	
8768	7	
8769	6	
8770	9	
8771	9	
8772	4	
8773	2	
8774	8	
8775	7	
8776	6	
8777	9	
8778	1	
8779	6	
8780	3	
8781	5	
8782	2	
8783	9	
8784	4	
8785	1	
8786	4	
8787	8	
8788	8	
8789	8	
8790	9	
8791	8	
8792	8	
8793	2	
8794	3	
8795	2	
8796	4	
8797	4	
8798	8	
8799	5	
8800	4	
8801	5	
8802	10	
8803	6	
8804	6	
8805	3	
8806	4	
8807	1	
8808	7	
8809	6	
8810	8	
8811	4	
8812	9	
8813	9	
8814	10	
8815	5	
8816	2	
8817	9	
8818	3	
8819	4	
8820	3	
8821	6	
8822	8	
8823	9	
8824	6	
8825	4	
8826	5	
8827	9	
8828	2	
8829	8	
8830	8	
8831	2	
8832	10	
8833	3	
8834	6	
8835	10	
8836	5	
8837	1	
8838	9	
8839	6	
8840	7	
8841	10	
8842	6	
8843	4	
8844	4	
8845	6	
8846	3	
8847	7	
8848	4	
8849	9	
8850	4	
8851	9	
8852	2	
8853	8	
8854	9	
8855	4	
8856	2	
8857	2	
8858	3	
8859	1	
8860	3	
8861	7	
8862	3	
8863	4	
8864	8	
8865	6	
8866	4	
8867	4	
8868	7	
8869	9	
8870	8	
8871	10	
8872	5	
8873	7	
8874	8	
8875	9	
8876	8	
8877	9	
8878	3	
8879	8	
8880	6	
8881	1	
8882	3	
8883	1	
8884	4	
8885	2	
8886	4	
8887	4	
8888	8	
8889	3	
8890	8	
8891	7	
8892	4	
8893	5	
8894	1	
8895	9	
8896	5	
8897	9	
8898	5	
8899	7	
8900	7	
8901	8	
8902	4	
8903	10	
8904	2	
8905	2	
8906	4	
8907	7	
8908	7	
8909	9	
8910	9	
8911	4	
8912	3	
8913	3	
8914	3	
8915	3	
8916	8	
8917	1	
8918	2	
8919	10	
8920	5	
8921	8	
8922	4	
8923	7	
8924	9	
8925	9	
8926	8	
8927	2	
8928	2	
8929	6	
8930	2	
8931	9	
8932	5	
8933	3	
8934	7	
8935	9	
8936	9	
8937	10	
8938	4	
8939	6	
8940	2	
8941	5	
8942	4	
8943	5	
8944	8	
8945	5	
8946	5	
8947	10	
8948	2	
8949	3	
8950	4	
8951	6	
8952	4	
8953	8	
8954	5	
8955	6	
8956	2	
8957	2	
8958	8	
8959	10	
8960	5	
8961	2	
8962	1	
8963	1	
8964	6	
8965	3	
8966	1	
8967	4	
8968	2	
8969	6	
8970	9	
8971	1	
8972	4	
8973	3	
8974	4	
8975	6	
8976	10	
8977	1	
8978	3	
8979	6	
8980	5	
8981	1	
8982	3	
8983	1	
8984	6	
8985	1	
8986	7	
8987	5	
8988	4	
8989	2	
8990	1	
8991	4	
8992	5	
8993	3	
8994	3	
8995	2	
8996	9	
8997	4	
8998	2	
8999	2	
9000	2	
9001	9	
9002	10	
9003	6	
9004	10	
9005	3	
9006	6	
9007	1	
9008	7	
9009	8	
9010	2	
9011	4	
9012	2	
9013	6	
9014	9	
9015	10	
9016	8	
9017	4	
9018	4	
9019	3	
9020	6	
9021	4	
9022	3	
9023	9	
9024	3	
9025	7	
9026	9	
9027	2	
9028	8	
9029	9	
9030	4	
9031	1	
9032	6	
9033	7	
9034	6	
9035	10	
9036	7	
9037	5	
9038	7	
9039	6	
9040	6	
9041	2	
9042	7	
9043	1	
9044	4	
9045	8	
9046	1	
9047	2	
9048	6	
9049	4	
9050	9	
9051	1	
9052	3	
9053	4	
9054	7	
9055	5	
9056	7	
9057	7	
9058	7	
9059	2	
9060	2	
9061	7	
9062	5	
9063	8	
9064	1	
9065	5	
9066	8	
9067	1	
9068	6	
9069	10	
9070	8	
9071	1	
9072	2	
9073	1	
9074	3	
9075	3	
9076	8	
9077	4	
9078	10	
9079	1	
9080	7	
9081	5	
9082	10	
9083	1	
9084	8	
9085	10	
9086	7	
9087	3	
9088	8	
9089	10	
9090	6	
9091	7	
9092	6	
9093	8	
9094	2	
9095	8	
9096	4	
9097	10	
9098	10	
9099	1	
9100	3	
9101	6	
9102	10	
9103	8	
9104	3	
9105	2	
9106	1	
9107	5	
9108	10	
9109	5	
9110	2	
9111	4	
9112	2	
9113	10	
9114	1	
9115	6	
9116	10	
9117	8	
9118	10	
9119	2	
9120	7	
9121	7	
9122	5	
9123	6	
9124	10	
9125	9	
9126	3	
9127	9	
9128	5	
9129	7	
9130	1	
9131	1	
9132	8	
9133	6	
9134	9	
9135	4	
9136	5	
9137	5	
9138	7	
9139	6	
9140	1	
9141	5	
9142	3	
9143	6	
9144	2	
9145	10	
9146	1	
9147	7	
9148	1	
9149	7	
9150	5	
9151	9	
9152	1	
9153	9	
9154	3	
9155	1	
9156	7	
9157	5	
9158	6	
9159	2	
9160	9	
9161	1	
9162	10	
9163	8	
9164	10	
9165	3	
9166	8	
9167	9	
9168	7	
9169	8	
9170	8	
9171	1	
9172	10	
9173	3	
9174	6	
9175	10	
9176	9	
9177	4	
9178	2	
9179	1	
9180	8	
9181	6	
9182	6	
9183	4	
9184	5	
9185	4	
9186	8	
9187	5	
9188	9	
9189	1	
9190	10	
9191	9	
9192	7	
9193	2	
9194	10	
9195	9	
9196	7	
9197	1	
9198	2	
9199	7	
9200	5	
9201	3	
9202	9	
9203	7	
9204	9	
9205	3	
9206	7	
9207	3	
9208	2	
9209	7	
9210	6	
9211	2	
9212	2	
9213	2	
9214	2	
9215	2	
9216	7	
9217	7	
9218	3	
9219	5	
9220	4	
9221	6	
9222	7	
9223	6	
9224	9	
9225	2	
9226	2	
9227	1	
9228	1	
9229	7	
9230	1	
9231	7	
9232	1	
9233	8	
9234	1	
9235	10	
9236	3	
9237	7	
9238	8	
9239	3	
9240	4	
9241	1	
9242	7	
9243	1	
9244	7	
9245	2	
9246	10	
9247	4	
9248	8	
9249	5	
9250	5	
9251	5	
9252	10	
9253	6	
9254	5	
9255	7	
9256	2	
9257	4	
9258	8	
9259	8	
9260	7	
9261	2	
9262	10	
9263	9	
9264	4	
9265	2	
9266	9	
9267	9	
9268	9	
9269	5	
9270	2	
9271	3	
9272	9	
9273	1	
9274	7	
9275	5	
9276	6	
9277	9	
9278	2	
9279	8	
9280	9	
9281	5	
9282	10	
9283	9	
9284	9	
9285	4	
9286	7	
9287	5	
9288	5	
9289	6	
9290	5	
9291	7	
9292	8	
9293	1	
9294	2	
9295	5	
9296	9	
9297	5	
9298	1	
9299	9	
9300	6	
9301	5	
9302	3	
9303	6	
9304	9	
9305	10	
9306	5	
9307	6	
9308	10	
9309	3	
9310	5	
9311	4	
9312	7	
9313	8	
9314	10	
9315	2	
9316	7	
9317	9	
9318	2	
9319	7	
9320	7	
9321	9	
9322	10	
9323	5	
9324	8	
9325	7	
9326	2	
9327	5	
9328	5	
9329	10	
9330	1	
9331	7	
9332	9	
9333	9	
9334	1	
9335	10	
9336	8	
9337	6	
9338	1	
9339	3	
9340	2	
9341	8	
9342	5	
9343	8	
9344	10	
9345	10	
9346	8	
9347	4	
9348	1	
9349	7	
9350	2	
9351	8	
9352	1	
9353	7	
9354	3	
9355	7	
9356	6	
9357	4	
9358	7	
9359	3	
9360	5	
9361	7	
9362	10	
9363	9	
9364	6	
9365	7	
9366	4	
9367	10	
9368	6	
9369	4	
9370	4	
9371	1	
9372	8	
9373	9	
9374	6	
9375	5	
9376	1	
9377	2	
9378	2	
9379	7	
9380	6	
9381	5	
9382	2	
9383	5	
9384	9	
9385	6	
9386	3	
9387	8	
9388	5	
9389	1	
9390	5	
9391	2	
9392	7	
9393	9	
9394	6	
9395	8	
9396	6	
9397	9	
9398	8	
9399	7	
9400	7	
9401	7	
9402	6	
9403	3	
9404	5	
9405	8	
9406	4	
9407	6	
9408	7	
9409	5	
9410	4	
9411	10	
9412	4	
9413	6	
9414	3	
9415	5	
9416	2	
9417	3	
9418	3	
9419	8	
9420	2	
9421	1	
9422	1	
9423	2	
9424	6	
9425	10	
9426	10	
9427	1	
9428	2	
9429	4	
9430	3	
9431	9	
9432	4	
9433	4	
9434	2	
9435	10	
9436	10	
9437	1	
9438	9	
9439	9	
9440	2	
9441	1	
9442	1	
9443	7	
9444	10	
9445	9	
9446	4	
9447	4	
9448	3	
9449	1	
9450	7	
9451	6	
9452	5	
9453	10	
9454	4	
9455	5	
9456	3	
9457	10	
9458	10	
9459	4	
9460	8	
9461	2	
9462	2	
9463	5	
9464	7	
9465	6	
9466	4	
9467	6	
9468	8	
9469	9	
9470	9	
9471	9	
9472	2	
9473	3	
9474	9	
9475	2	
9476	7	
9477	1	
9478	5	
9479	6	
9480	2	
9481	9	
9482	6	
9483	9	
9484	9	
9485	5	
9486	6	
9487	6	
9488	1	
9489	7	
9490	4	
9491	3	
9492	7	
9493	6	
9494	2	
9495	7	
9496	3	
9497	7	
9498	6	
9499	2	
9500	2	
9501	1	
9502	10	
9503	1	
9504	1	
9505	6	
9506	8	
9507	1	
9508	6	
9509	6	
9510	7	
9511	10	
9512	2	
9513	2	
9514	2	
9515	7	
9516	5	
9517	7	
9518	10	
9519	9	
9520	7	
9521	10	
9522	1	
9523	10	
9524	8	
9525	9	
9526	3	
9527	7	
9528	1	
9529	6	
9530	10	
9531	5	
9532	10	
9533	3	
9534	6	
9535	6	
9536	1	
9537	5	
9538	4	
9539	6	
9540	1	
9541	9	
9542	7	
9543	10	
9544	4	
9545	4	
9546	9	
9547	5	
9548	5	
9549	1	
9550	9	
9551	4	
9552	7	
9553	2	
9554	2	
9555	5	
9556	2	
9557	3	
9558	4	
9559	7	
9560	1	
9561	6	
9562	3	
9563	3	
9564	7	
9565	2	
9566	10	
9567	2	
9568	4	
9569	6	
9570	5	
9571	9	
9572	3	
9573	7	
9574	5	
9575	2	
9576	9	
9577	6	
9578	5	
9579	8	
9580	4	
9581	9	
9582	8	
9583	9	
9584	10	
9585	8	
9586	8	
9587	10	
9588	8	
9589	7	
9590	4	
9591	3	
9592	8	
9593	7	
9594	10	
9595	5	
9596	4	
9597	7	
9598	8	
9599	6	
9600	9	
9601	2	
9602	9	
9603	3	
9604	9	
9605	4	
9606	6	
9607	10	
9608	2	
9609	3	
9610	10	
9611	6	
9612	9	
9613	2	
9614	2	
9615	6	
9616	1	
9617	3	
9618	2	
9619	2	
9620	8	
9621	2	
9622	6	
9623	7	
9624	7	
9625	6	
9626	2	
9627	6	
9628	9	
9629	3	
9630	9	
9631	3	
9632	6	
9633	8	
9634	1	
9635	1	
9636	4	
9637	9	
9638	7	
9639	10	
9640	9	
9641	6	
9642	2	
9643	10	
9644	9	
9645	9	
9646	7	
9647	8	
9648	6	
9649	5	
9650	4	
9651	3	
9652	1	
9653	10	
9654	2	
9655	6	
9656	8	
9657	2	
9658	10	
9659	1	
9660	5	
9661	6	
9662	8	
9663	9	
9664	5	
9665	6	
9666	2	
9667	9	
9668	2	
9669	9	
9670	7	
9671	3	
9672	5	
9673	3	
9674	7	
9675	8	
9676	3	
9677	10	
9678	4	
9679	3	
9680	10	
9681	9	
9682	3	
9683	2	
9684	4	
9685	2	
9686	7	
9687	1	
9688	10	
9689	2	
9690	10	
9691	7	
9692	5	
9693	3	
9694	7	
9695	1	
9696	7	
9697	10	
9698	6	
9699	4	
9700	4	
9701	5	
9702	5	
9703	3	
9704	7	
9705	1	
9706	5	
9707	4	
9708	1	
9709	3	
9710	8	
9711	5	
9712	10	
9713	6	
9714	4	
9715	10	
9716	3	
9717	8	
9718	10	
9719	4	
9720	6	
9721	5	
9722	9	
9723	2	
9724	6	
9725	3	
9726	1	
9727	9	
9728	6	
9729	7	
9730	8	
9731	9	
9732	5	
9733	8	
9734	7	
9735	7	
9736	9	
9737	9	
9738	5	
9739	2	
9740	6	
9741	9	
9742	5	
9743	9	
9744	3	
9745	2	
9746	7	
9747	7	
9748	9	
9749	10	
9750	2	
9751	2	
9752	3	
9753	5	
9754	2	
9755	5	
9756	1	
9757	6	
9758	1	
9759	1	
9760	6	
9761	1	
9762	9	
9763	7	
9764	7	
9765	6	
9766	8	
9767	3	
9768	8	
9769	3	
9770	9	
9771	10	
9772	1	
9773	6	
9774	2	
9775	3	
9776	5	
9777	4	
9778	1	
9779	6	
9780	5	
9781	2	
9782	8	
9783	10	
9784	4	
9785	7	
9786	1	
9787	9	
9788	8	
9789	9	
9790	1	
9791	5	
9792	6	
9793	8	
9794	10	
9795	3	
9796	2	
9797	4	
9798	3	
9799	2	
9800	3	
9801	3	
9802	10	
9803	8	
9804	9	
9805	4	
9806	2	
9807	7	
9808	5	
9809	9	
9810	10	
9811	4	
9812	4	
9813	2	
9814	2	
9815	5	
9816	1	
9817	8	
9818	3	
9819	6	
9820	2	
9821	7	
9822	8	
9823	3	
9824	5	
9825	3	
9826	2	
9827	9	
9828	2	
9829	3	
9830	10	
9831	4	
9832	9	
9833	7	
9834	3	
9835	10	
9836	2	
9837	10	
9838	6	
9839	3	
9840	10	
9841	10	
9842	2	
9843	5	
9844	1	
9845	10	
9846	3	
9847	7	
9848	7	
9849	2	
9850	1	
9851	3	
9852	6	
9853	7	
9854	10	
9855	9	
9856	5	
9857	9	
9858	3	
9859	3	
9860	4	
9861	3	
9862	8	
9863	7	
9864	9	
9865	7	
9866	6	
9867	4	
9868	7	
9869	5	
9870	5	
9871	9	
9872	4	
9873	8	
9874	3	
9875	2	
9876	2	
9877	6	
9878	6	
9879	7	
9880	1	
9881	2	
9882	6	
9883	1	
9884	8	
9885	4	
9886	7	
9887	5	
9888	3	
9889	1	
9890	4	
9891	9	
9892	1	
9893	5	
9894	5	
9895	5	
9896	5	
9897	3	
9898	10	
9899	7	
9900	1	
9901	8	
9902	3	
9903	8	
9904	5	
9905	9	
9906	8	
9907	4	
9908	6	
9909	8	
9910	5	
9911	6	
9912	4	
9913	9	
9914	9	
9915	7	
9916	1	
9917	8	
9918	5	
9919	1	
9920	8	
9921	4	
9922	6	
9923	8	
9924	5	
9925	2	
9926	3	
9927	7	
9928	10	
9929	4	
9930	2	
9931	7	
9932	2	
9933	4	
9934	5	
9935	10	
9936	10	
9937	6	
9938	8	
9939	10	
9940	2	
9941	9	
9942	7	
9943	7	
9944	1	
9945	1	
9946	4	
9947	10	
9948	6	
9949	4	
9950	2	
9951	6	
9952	3	
9953	4	
9954	7	
9955	6	
9956	5	
9957	5	
9958	6	
9959	6	
9960	7	
9961	4	
9962	9	
9963	3	
9964	6	
9965	6	
9966	4	
9967	9	
9968	3	
9969	6	
9970	8	
9971	9	
9972	3	
9973	3	
9974	5	
9975	7	
9976	4	
9977	5	
9978	10	
9979	6	
9980	7	
9981	1	
9982	6	
9983	8	
9984	8	
9985	2	
9986	4	
9987	2	
9988	8	
9989	9	
9990	5	
9991	7	
9992	2	
9993	4	
9994	9	
9995	6	
9996	1	
9997	10	
9998	6	
9999	10	
10000	4	
4941
