10000
1	536	
2	132	
3	74	
4	291	
5	428	
6	994	
7	869	
8	980	
9	349	
10	914	
11	156	
12	475	
13	540	
14	300	
15	461	
16	693	
17	237	
18	376	
19	297	
20	398	
21	157	
22	96	
23	996	
24	871	
25	789	
26	184	
27	10	
28	928	
29	542	
30	999	
31	330	
32	828	
33	540	
34	277	
35	308	
36	841	
37	396	
38	677	
39	460	
40	759	
41	927	
42	762	
43	238	
44	910	
45	575	
46	3	
47	618	
48	890	
49	799	
50	424	
51	47	
52	760	
53	797	
54	652	
55	345	
56	344	
57	913	
58	123	
59	36	
60	690	
61	549	
62	819	
63	728	
64	435	
65	212	
66	612	
67	437	
68	959	
69	716	
70	818	
71	150	
72	702	
73	606	
74	791	
75	184	
76	497	
77	115	
78	195	
79	305	
80	923	
81	214	
82	214	
83	139	
84	370	
85	710	
86	466	
87	744	
88	948	
89	458	
90	499	
91	957	
92	365	
93	813	
94	928	
95	384	
96	237	
97	713	
98	129	
99	604	
100	676	
101	437	
102	904	
103	250	
104	768	
105	969	
106	674	
107	367	
108	819	
109	719	
110	445	
111	115	
112	671	
113	921	
114	665	
115	77	
116	867	
117	559	
118	201	
119	385	
120	965	
121	232	
122	177	
123	260	
124	687	
125	53	
126	863	
127	412	
128	620	
129	963	
130	891	
131	122	
132	593	
133	279	
134	960	
135	913	
136	102	
137	233	
138	827	
139	846	
140	580	
141	403	
142	113	
143	127	
144	151	
145	81	
146	434	
147	38	
148	275	
149	177	
150	602	
151	549	
152	113	
153	306	
154	772	
155	578	
156	440	
157	742	
158	487	
159	746	
160	173	
161	793	
162	291	
163	582	
164	142	
165	801	
166	506	
167	803	
168	528	
169	94	
170	297	
171	515	
172	222	
173	929	
174	126	
175	871	
176	531	
177	414	
178	321	
179	910	
180	12	
181	843	
182	957	
183	148	
184	440	
185	849	
186	469	
187	550	
188	57	
189	136	
190	401	
191	850	
192	995	
193	236	
194	976	
195	9	
196	946	
197	668	
198	710	
199	439	
200	845	
201	303	
202	693	
203	551	
204	263	
205	223	
206	893	
207	712	
208	242	
209	655	
210	957	
211	244	
212	116	
213	239	
214	305	
215	406	
216	251	
217	276	
218	932	
219	473	
220	298	
221	274	
222	781	
223	109	
224	780	
225	908	
226	692	
227	203	
228	725	
229	231	
230	115	
231	341	
232	966	
233	693	
234	246	
235	393	
236	856	
237	493	
238	309	
239	885	
240	229	
241	333	
242	447	
243	305	
244	139	
245	10	
246	615	
247	930	
248	114	
249	556	
250	648	
251	451	
252	323	
253	21	
254	18	
255	115	
256	297	
257	600	
258	28	
259	419	
260	833	
261	731	
262	209	
263	847	
264	979	
265	463	
266	974	
267	770	
268	544	
269	477	
270	623	
271	292	
272	531	
273	640	
274	935	
275	309	
276	962	
277	903	
278	574	
279	161	
280	964	
281	185	
282	74	
283	347	
284	843	
285	1000	
286	977	
287	995	
288	361	
289	305	
290	331	
291	130	
292	812	
293	296	
294	498	
295	723	
296	699	
297	790	
298	562	
299	746	
300	344	
301	20	
302	139	
303	582	
304	245	
305	383	
306	604	
307	591	
308	393	
309	388	
310	647	
311	26	
312	938	
313	370	
314	394	
315	874	
316	74	
317	109	
318	105	
319	6	
320	77	
321	334	
322	87	
323	344	
324	982	
325	669	
326	427	
327	570	
328	727	
329	586	
330	597	
331	976	
332	383	
333	861	
334	552	
335	962	
336	155	
337	739	
338	183	
339	968	
340	568	
341	25	
342	578	
343	102	
344	4	
345	128	
346	839	
347	480	
348	66	
349	921	
350	923	
351	148	
352	284	
353	408	
354	248	
355	724	
356	417	
357	91	
358	639	
359	555	
360	62	
361	634	
362	733	
363	581	
364	750	
365	86	
366	367	
367	153	
368	460	
369	619	
370	767	
371	544	
372	966	
373	624	
374	30	
375	556	
376	913	
377	995	
378	386	
379	36	
380	177	
381	439	
382	663	
383	580	
384	87	
385	655	
386	743	
387	791	
388	586	
389	146	
390	828	
391	991	
392	41	
393	527	
394	746	
395	872	
396	605	
397	624	
398	168	
399	26	
400	417	
401	360	
402	445	
403	726	
404	747	
405	366	
406	268	
407	134	
408	770	
409	242	
410	434	
411	367	
412	415	
413	205	
414	525	
415	7	
416	70	
417	523	
418	140	
419	568	
420	684	
421	113	
422	355	
423	893	
424	72	
425	216	
426	69	
427	402	
428	964	
429	994	
430	210	
431	735	
432	58	
433	506	
434	1	
435	323	
436	241	
437	798	
438	916	
439	162	
440	343	
441	822	
442	32	
443	872	
444	910	
445	339	
446	140	
447	381	
448	593	
449	659	
450	111	
451	257	
452	333	
453	993	
454	691	
455	678	
456	98	
457	239	
458	182	
459	923	
460	282	
461	917	
462	814	
463	173	
464	62	
465	376	
466	714	
467	382	
468	990	
469	886	
470	813	
471	768	
472	159	
473	702	
474	844	
475	8	
476	67	
477	483	
478	708	
479	349	
480	239	
481	591	
482	383	
483	703	
484	438	
485	145	
486	557	
487	362	
488	808	
489	977	
490	565	
491	851	
492	303	
493	889	
494	427	
495	287	
496	78	
497	323	
498	833	
499	56	
500	586	
501	775	
502	248	
503	417	
504	163	
505	691	
506	733	
507	143	
508	817	
509	595	
510	287	
511	432	
512	992	
513	488	
514	84	
515	309	
516	14	
517	322	
518	433	
519	265	
520	682	
521	473	
522	265	
523	48	
524	284	
525	613	
526	306	
527	411	
528	586	
529	827	
530	253	
531	321	
532	486	
533	320	
534	453	
535	597	
536	58	
537	893	
538	612	
539	324	
540	942	
541	75	
542	746	
543	109	
544	454	
545	958	
546	408	
547	913	
548	270	
549	836	
550	982	
551	794	
552	615	
553	509	
554	675	
555	525	
556	905	
557	754	
558	291	
559	938	
560	745	
561	927	
562	815	
563	368	
564	258	
565	18	
566	139	
567	531	
568	901	
569	355	
570	201	
571	200	
572	147	
573	444	
574	536	
575	709	
576	839	
577	337	
578	129	
579	875	
580	614	
581	878	
582	629	
583	677	
584	792	
585	541	
586	274	
587	688	
588	726	
589	599	
590	13	
591	299	
592	675	
593	736	
594	215	
595	94	
596	685	
597	773	
598	930	
599	636	
600	732	
601	406	
602	51	
603	906	
604	679	
605	286	
606	871	
607	24	
608	371	
609	720	
610	559	
611	900	
612	797	
613	345	
614	510	
615	164	
616	244	
617	19	
618	583	
619	570	
620	274	
621	581	
622	553	
623	103	
624	130	
625	805	
626	661	
627	666	
628	137	
629	592	
630	428	
631	520	
632	470	
633	126	
634	131	
635	924	
636	403	
637	49	
638	968	
639	429	
640	515	
641	260	
642	131	
643	124	
644	156	
645	797	
646	280	
647	781	
648	84	
649	372	
650	730	
651	203	
652	862	
653	356	
654	767	
655	885	
656	4	
657	407	
658	664	
659	598	
660	139	
661	884	
662	759	
663	854	
664	132	
665	506	
666	672	
667	787	
668	303	
669	868	
670	706	
671	213	
672	783	
673	188	
674	877	
675	579	
676	634	
677	401	
678	780	
679	64	
680	1000	
681	331	
682	874	
683	314	
684	721	
685	667	
686	470	
687	127	
688	833	
689	134	
690	688	
691	375	
692	926	
693	624	
694	115	
695	495	
696	605	
697	691	
698	579	
699	362	
700	786	
701	839	
702	686	
703	631	
704	494	
705	529	
706	837	
707	696	
708	497	
709	366	
710	481	
711	846	
712	663	
713	270	
714	656	
715	992	
716	180	
717	195	
718	887	
719	882	
720	75	
721	945	
722	247	
723	712	
724	591	
725	182	
726	537	
727	698	
728	634	
729	776	
730	100	
731	783	
732	253	
733	371	
734	124	
735	356	
736	762	
737	595	
738	10	
739	947	
740	766	
741	115	
742	216	
743	47	
744	642	
745	54	
746	147	
747	444	
748	623	
749	484	
750	769	
751	865	
752	887	
753	945	
754	722	
755	759	
756	1	
757	659	
758	625	
759	544	
760	419	
761	115	
762	170	
763	203	
764	335	
765	280	
766	731	
767	708	
768	72	
769	337	
770	405	
771	934	
772	876	
773	785	
774	449	
775	546	
776	985	
777	266	
778	716	
779	839	
780	897	
781	77	
782	205	
783	954	
784	424	
785	254	
786	756	
787	828	
788	178	
789	842	
790	683	
791	89	
792	184	
793	641	
794	94	
795	613	
796	585	
797	614	
798	676	
799	982	
800	154	
801	204	
802	941	
803	383	
804	577	
805	336	
806	291	
807	801	
808	67	
809	227	
810	451	
811	945	
812	99	
813	919	
814	971	
815	510	
816	900	
817	367	
818	187	
819	321	
820	147	
821	121	
822	774	
823	261	
824	192	
825	357	
826	824	
827	62	
828	835	
829	980	
830	454	
831	44	
832	624	
833	667	
834	139	
835	822	
836	357	
837	167	
838	487	
839	833	
840	593	
841	641	
842	663	
843	737	
844	453	
845	665	
846	274	
847	948	
848	708	
849	445	
850	912	
851	436	
852	275	
853	800	
854	635	
855	890	
856	491	
857	68	
858	519	
859	949	
860	468	
861	83	
862	211	
863	995	
864	82	
865	311	
866	550	
867	109	
868	642	
869	407	
870	309	
871	84	
872	266	
873	139	
874	785	
875	272	
876	622	
877	852	
878	411	
879	933	
880	551	
881	847	
882	298	
883	869	
884	460	
885	313	
886	497	
887	83	
888	162	
889	513	
890	132	
891	772	
892	549	
893	690	
894	840	
895	189	
896	639	
897	888	
898	808	
899	865	
900	973	
901	1000	
902	660	
903	170	
904	319	
905	514	
906	881	
907	469	
908	711	
909	440	
910	150	
911	481	
912	198	
913	302	
914	922	
915	701	
916	939	
917	49	
918	937	
919	958	
920	829	
921	570	
922	662	
923	888	
924	974	
925	938	
926	488	
927	666	
928	432	
929	765	
930	342	
931	893	
932	337	
933	521	
934	557	
935	259	
936	64	
937	326	
938	534	
939	49	
940	455	
941	805	
942	858	
943	567	
944	33	
945	506	
946	864	
947	916	
948	194	
949	939	
950	467	
951	420	
952	436	
953	744	
954	214	
955	852	
956	70	
957	419	
958	121	
959	802	
960	324	
961	567	
962	907	
963	375	
964	924	
965	499	
966	55	
967	414	
968	132	
969	14	
970	185	
971	900	
972	47	
973	49	
974	8	
975	464	
976	983	
977	282	
978	859	
979	409	
980	49	
981	509	
982	206	
983	909	
984	878	
985	19	
986	964	
987	886	
988	278	
989	476	
990	555	
991	460	
992	4	
993	206	
994	413	
995	520	
996	575	
997	589	
998	795	
999	628	
1000	964	
1001	35	
1002	434	
1003	541	
1004	799	
1005	639	
1006	831	
1007	875	
1008	249	
1009	191	
1010	772	
1011	93	
1012	96	
1013	48	
1014	59	
1015	640	
1016	716	
1017	514	
1018	151	
1019	151	
1020	869	
1021	894	
1022	504	
1023	521	
1024	48	
1025	881	
1026	37	
1027	943	
1028	721	
1029	776	
1030	513	
1031	100	
1032	224	
1033	388	
1034	608	
1035	853	
1036	550	
1037	421	
1038	56	
1039	41	
1040	406	
1041	272	
1042	627	
1043	80	
1044	214	
1045	675	
1046	97	
1047	53	
1048	869	
1049	53	
1050	224	
1051	342	
1052	452	
1053	537	
1054	69	
1055	264	
1056	303	
1057	993	
1058	474	
1059	77	
1060	651	
1061	484	
1062	112	
1063	855	
1064	351	
1065	282	
1066	539	
1067	884	
1068	341	
1069	84	
1070	627	
1071	754	
1072	311	
1073	887	
1074	199	
1075	553	
1076	116	
1077	495	
1078	25	
1079	654	
1080	858	
1081	758	
1082	598	
1083	76	
1084	979	
1085	508	
1086	733	
1087	610	
1088	778	
1089	669	
1090	221	
1091	786	
1092	333	
1093	488	
1094	241	
1095	677	
1096	562	
1097	597	
1098	661	
1099	993	
1100	811	
1101	116	
1102	319	
1103	877	
1104	324	
1105	409	
1106	281	
1107	721	
1108	153	
1109	732	
1110	331	
1111	393	
1112	731	
1113	435	
1114	331	
1115	128	
1116	313	
1117	560	
1118	262	
1119	383	
1120	441	
1121	503	
1122	414	
1123	893	
1124	742	
1125	557	
1126	651	
1127	13	
1128	224	
1129	908	
1130	252	
1131	781	
1132	641	
1133	28	
1134	285	
1135	299	
1136	36	
1137	121	
1138	688	
1139	384	
1140	686	
1141	57	
1142	518	
1143	390	
1144	15	
1145	292	
1146	756	
1147	827	
1148	7	
1149	836	
1150	521	
1151	782	
1152	339	
1153	844	
1154	876	
1155	623	
1156	327	
1157	595	
1158	191	
1159	384	
1160	683	
1161	536	
1162	360	
1163	112	
1164	775	
1165	788	
1166	197	
1167	276	
1168	80	
1169	21	
1170	701	
1171	245	
1172	307	
1173	607	
1174	955	
1175	735	
1176	583	
1177	858	
1178	932	
1179	229	
1180	861	
1181	345	
1182	261	
1183	712	
1184	225	
1185	831	
1186	80	
1187	7	
1188	47	
1189	697	
1190	285	
1191	758	
1192	104	
1193	688	
1194	579	
1195	569	
1196	741	
1197	982	
1198	262	
1199	151	
1200	680	
1201	782	
1202	360	
1203	657	
1204	383	
1205	781	
1206	58	
1207	785	
1208	426	
1209	165	
1210	97	
1211	982	
1212	114	
1213	991	
1214	755	
1215	132	
1216	498	
1217	446	
1218	777	
1219	502	
1220	719	
1221	824	
1222	269	
1223	190	
1224	186	
1225	685	
1226	139	
1227	304	
1228	586	
1229	952	
1230	841	
1231	229	
1232	171	
1233	147	
1234	912	
1235	459	
1236	867	
1237	733	
1238	722	
1239	391	
1240	938	
1241	253	
1242	700	
1243	621	
1244	831	
1245	757	
1246	763	
1247	619	
1248	7	
1249	665	
1250	488	
1251	516	
1252	935	
1253	31	
1254	878	
1255	265	
1256	118	
1257	335	
1258	512	
1259	263	
1260	542	
1261	490	
1262	397	
1263	317	
1264	194	
1265	709	
1266	342	
1267	548	
1268	607	
1269	44	
1270	796	
1271	367	
1272	916	
1273	769	
1274	276	
1275	18	
1276	268	
1277	676	
1278	284	
1279	781	
1280	816	
1281	753	
1282	141	
1283	848	
1284	471	
1285	319	
1286	112	
1287	966	
1288	527	
1289	222	
1290	627	
1291	612	
1292	675	
1293	270	
1294	123	
1295	832	
1296	333	
1297	835	
1298	49	
1299	596	
1300	682	
1301	749	
1302	759	
1303	946	
1304	83	
1305	649	
1306	354	
1307	799	
1308	136	
1309	131	
1310	703	
1311	290	
1312	180	
1313	230	
1314	551	
1315	99	
1316	142	
1317	688	
1318	957	
1319	702	
1320	907	
1321	313	
1322	348	
1323	87	
1324	367	
1325	537	
1326	883	
1327	462	
1328	723	
1329	566	
1330	738	
1331	330	
1332	189	
1333	718	
1334	596	
1335	727	
1336	445	
1337	895	
1338	157	
1339	962	
1340	739	
1341	652	
1342	771	
1343	289	
1344	436	
1345	992	
1346	183	
1347	581	
1348	628	
1349	457	
1350	11	
1351	185	
1352	627	
1353	72	
1354	866	
1355	898	
1356	610	
1357	78	
1358	604	
1359	38	
1360	332	
1361	14	
1362	33	
1363	247	
1364	751	
1365	967	
1366	187	
1367	951	
1368	42	
1369	129	
1370	982	
1371	771	
1372	63	
1373	740	
1374	874	
1375	842	
1376	264	
1377	750	
1378	397	
1379	253	
1380	210	
1381	203	
1382	90	
1383	982	
1384	7	
1385	540	
1386	654	
1387	650	
1388	149	
1389	547	
1390	343	
1391	137	
1392	986	
1393	843	
1394	542	
1395	602	
1396	481	
1397	818	
1398	651	
1399	922	
1400	844	
1401	847	
1402	781	
1403	555	
1404	842	
1405	790	
1406	129	
1407	406	
1408	287	
1409	737	
1410	144	
1411	756	
1412	768	
1413	550	
1414	275	
1415	334	
1416	494	
1417	677	
1418	680	
1419	730	
1420	648	
1421	89	
1422	908	
1423	423	
1424	171	
1425	140	
1426	240	
1427	949	
1428	315	
1429	372	
1430	733	
1431	103	
1432	609	
1433	690	
1434	362	
1435	530	
1436	716	
1437	144	
1438	595	
1439	973	
1440	866	
1441	560	
1442	985	
1443	873	
1444	342	
1445	929	
1446	798	
1447	825	
1448	456	
1449	155	
1450	239	
1451	992	
1452	770	
1453	551	
1454	746	
1455	15	
1456	887	
1457	313	
1458	63	
1459	765	
1460	852	
1461	560	
1462	153	
1463	183	
1464	665	
1465	738	
1466	92	
1467	256	
1468	182	
1469	778	
1470	782	
1471	551	
1472	224	
1473	732	
1474	959	
1475	93	
1476	603	
1477	901	
1478	506	
1479	318	
1480	591	
1481	693	
1482	996	
1483	669	
1484	116	
1485	390	
1486	338	
1487	122	
1488	576	
1489	252	
1490	469	
1491	709	
1492	757	
1493	84	
1494	518	
1495	177	
1496	245	
1497	199	
1498	627	
1499	44	
1500	216	
1501	598	
1502	386	
1503	187	
1504	362	
1505	757	
1506	779	
1507	192	
1508	240	
1509	737	
1510	576	
1511	805	
1512	537	
1513	564	
1514	230	
1515	648	
1516	70	
1517	246	
1518	371	
1519	119	
1520	899	
1521	339	
1522	847	
1523	67	
1524	182	
1525	233	
1526	909	
1527	318	
1528	85	
1529	416	
1530	497	
1531	350	
1532	106	
1533	234	
1534	985	
1535	682	
1536	472	
1537	482	
1538	877	
1539	617	
1540	12	
1541	918	
1542	264	
1543	224	
1544	814	
1545	103	
1546	815	
1547	794	
1548	319	
1549	670	
1550	550	
1551	767	
1552	91	
1553	790	
1554	264	
1555	943	
1556	342	
1557	414	
1558	910	
1559	854	
1560	232	
1561	198	
1562	244	
1563	136	
1564	843	
1565	814	
1566	936	
1567	27	
1568	505	
1569	308	
1570	772	
1571	953	
1572	552	
1573	836	
1574	625	
1575	125	
1576	263	
1577	151	
1578	284	
1579	51	
1580	880	
1581	991	
1582	891	
1583	762	
1584	966	
1585	438	
1586	694	
1587	779	
1588	710	
1589	788	
1590	368	
1591	240	
1592	583	
1593	1000	
1594	892	
1595	952	
1596	188	
1597	51	
1598	850	
1599	647	
1600	526	
1601	770	
1602	537	
1603	128	
1604	596	
1605	522	
1606	796	
1607	317	
1608	452	
1609	276	
1610	232	
1611	642	
1612	681	
1613	160	
1614	169	
1615	71	
1616	685	
1617	947	
1618	586	
1619	61	
1620	117	
1621	275	
1622	251	
1623	117	
1624	106	
1625	319	
1626	970	
1627	718	
1628	180	
1629	369	
1630	773	
1631	662	
1632	158	
1633	869	
1634	748	
1635	349	
1636	367	
1637	121	
1638	649	
1639	655	
1640	941	
1641	93	
1642	313	
1643	1000	
1644	873	
1645	330	
1646	633	
1647	423	
1648	647	
1649	181	
1650	627	
1651	725	
1652	476	
1653	10	
1654	585	
1655	141	
1656	200	
1657	106	
1658	686	
1659	579	
1660	380	
1661	223	
1662	18	
1663	655	
1664	947	
1665	421	
1666	476	
1667	193	
1668	522	
1669	497	
1670	895	
1671	564	
1672	569	
1673	19	
1674	407	
1675	436	
1676	185	
1677	45	
1678	219	
1679	354	
1680	781	
1681	779	
1682	778	
1683	988	
1684	355	
1685	882	
1686	832	
1687	671	
1688	858	
1689	987	
1690	240	
1691	319	
1692	259	
1693	758	
1694	584	
1695	763	
1696	794	
1697	25	
1698	658	
1699	307	
1700	412	
1701	233	
1702	751	
1703	59	
1704	248	
1705	61	
1706	803	
1707	600	
1708	408	
1709	936	
1710	550	
1711	631	
1712	911	
1713	405	
1714	919	
1715	274	
1716	873	
1717	514	
1718	600	
1719	484	
1720	384	
1721	495	
1722	767	
1723	986	
1724	859	
1725	542	
1726	216	
1727	913	
1728	446	
1729	890	
1730	613	
1731	28	
1732	262	
1733	306	
1734	32	
1735	277	
1736	612	
1737	45	
1738	885	
1739	321	
1740	575	
1741	980	
1742	627	
1743	775	
1744	164	
1745	205	
1746	945	
1747	814	
1748	751	
1749	220	
1750	907	
1751	932	
1752	433	
1753	473	
1754	123	
1755	427	
1756	409	
1757	806	
1758	538	
1759	443	
1760	45	
1761	216	
1762	590	
1763	316	
1764	496	
1765	667	
1766	587	
1767	434	
1768	91	
1769	280	
1770	437	
1771	842	
1772	326	
1773	481	
1774	593	
1775	601	
1776	925	
1777	873	
1778	705	
1779	162	
1780	85	
1781	565	
1782	702	
1783	182	
1784	669	
1785	183	
1786	118	
1787	146	
1788	168	
1789	303	
1790	693	
1791	158	
1792	847	
1793	194	
1794	461	
1795	83	
1796	497	
1797	93	
1798	216	
1799	234	
1800	93	
1801	265	
1802	914	
1803	593	
1804	204	
1805	742	
1806	657	
1807	974	
1808	417	
1809	881	
1810	863	
1811	611	
1812	514	
1813	96	
1814	964	
1815	554	
1816	870	
1817	418	
1818	6	
1819	313	
1820	454	
1821	73	
1822	602	
1823	133	
1824	846	
1825	977	
1826	737	
1827	359	
1828	58	
1829	184	
1830	38	
1831	892	
1832	443	
1833	582	
1834	461	
1835	838	
1836	146	
1837	932	
1838	683	
1839	118	
1840	17	
1841	726	
1842	658	
1843	483	
1844	231	
1845	427	
1846	747	
1847	882	
1848	698	
1849	201	
1850	899	
1851	790	
1852	716	
1853	771	
1854	128	
1855	238	
1856	768	
1857	149	
1858	147	
1859	211	
1860	259	
1861	795	
1862	422	
1863	720	
1864	845	
1865	663	
1866	117	
1867	634	
1868	767	
1869	930	
1870	582	
1871	248	
1872	477	
1873	88	
1874	354	
1875	74	
1876	915	
1877	846	
1878	100	
1879	724	
1880	746	
1881	421	
1882	494	
1883	969	
1884	745	
1885	614	
1886	865	
1887	169	
1888	821	
1889	813	
1890	771	
1891	205	
1892	555	
1893	511	
1894	288	
1895	384	
1896	795	
1897	574	
1898	955	
1899	701	
1900	861	
1901	17	
1902	379	
1903	413	
1904	4	
1905	494	
1906	361	
1907	168	
1908	919	
1909	475	
1910	886	
1911	200	
1912	837	
1913	950	
1914	303	
1915	979	
1916	566	
1917	881	
1918	714	
1919	400	
1920	518	
1921	593	
1922	440	
1923	670	
1924	371	
1925	548	
1926	859	
1927	306	
1928	164	
1929	297	
1930	815	
1931	151	
1932	561	
1933	841	
1934	538	
1935	189	
1936	367	
1937	657	
1938	613	
1939	756	
1940	83	
1941	95	
1942	282	
1943	32	
1944	780	
1945	859	
1946	854	
1947	988	
1948	123	
1949	685	
1950	206	
1951	728	
1952	595	
1953	195	
1954	755	
1955	582	
1956	715	
1957	105	
1958	88	
1959	694	
1960	344	
1961	288	
1962	560	
1963	183	
1964	726	
1965	633	
1966	146	
1967	751	
1968	94	
1969	257	
1970	519	
1971	671	
1972	38	
1973	197	
1974	776	
1975	897	
1976	198	
1977	309	
1978	42	
1979	995	
1980	991	
1981	2	
1982	11	
1983	468	
1984	956	
1985	985	
1986	11	
1987	996	
1988	650	
1989	743	
1990	286	
1991	181	
1992	953	
1993	996	
1994	991	
1995	694	
1996	218	
1997	410	
1998	12	
1999	804	
2000	104	
2001	565	
2002	814	
2003	592	
2004	849	
2005	219	
2006	79	
2007	6	
2008	868	
2009	643	
2010	267	
2011	850	
2012	299	
2013	207	
2014	265	
2015	354	
2016	176	
2017	971	
2018	578	
2019	112	
2020	681	
2021	261	
2022	726	
2023	671	
2024	149	
2025	589	
2026	387	
2027	499	
2028	461	
2029	548	
2030	727	
2031	11	
2032	382	
2033	646	
2034	35	
2035	96	
2036	196	
2037	66	
2038	360	
2039	221	
2040	966	
2041	46	
2042	203	
2043	622	
2044	558	
2045	989	
2046	378	
2047	723	
2048	567	
2049	915	
2050	109	
2051	532	
2052	399	
2053	140	
2054	40	
2055	395	
2056	516	
2057	538	
2058	21	
2059	655	
2060	257	
2061	326	
2062	700	
2063	213	
2064	136	
2065	452	
2066	493	
2067	191	
2068	542	
2069	289	
2070	274	
2071	455	
2072	635	
2073	574	
2074	807	
2075	450	
2076	409	
2077	764	
2078	468	
2079	542	
2080	803	
2081	478	
2082	807	
2083	198	
2084	101	
2085	412	
2086	51	
2087	51	
2088	560	
2089	284	
2090	45	
2091	618	
2092	452	
2093	865	
2094	171	
2095	626	
2096	645	
2097	606	
2098	981	
2099	188	
2100	976	
2101	777	
2102	78	
2103	379	
2104	652	
2105	874	
2106	274	
2107	27	
2108	980	
2109	947	
2110	295	
2111	300	
2112	618	
2113	463	
2114	286	
2115	70	
2116	203	
2117	516	
2118	648	
2119	676	
2120	758	
2121	643	
2122	530	
2123	739	
2124	582	
2125	493	
2126	235	
2127	529	
2128	541	
2129	269	
2130	515	
2131	712	
2132	129	
2133	298	
2134	836	
2135	938	
2136	577	
2137	99	
2138	162	
2139	36	
2140	158	
2141	363	
2142	636	
2143	325	
2144	796	
2145	540	
2146	474	
2147	653	
2148	680	
2149	645	
2150	790	
2151	152	
2152	833	
2153	886	
2154	13	
2155	843	
2156	776	
2157	673	
2158	389	
2159	403	
2160	186	
2161	800	
2162	919	
2163	155	
2164	26	
2165	771	
2166	299	
2167	532	
2168	889	
2169	153	
2170	520	
2171	347	
2172	664	
2173	931	
2174	275	
2175	200	
2176	402	
2177	606	
2178	604	
2179	731	
2180	421	
2181	183	
2182	207	
2183	71	
2184	327	
2185	86	
2186	822	
2187	953	
2188	866	
2189	29	
2190	209	
2191	32	
2192	770	
2193	744	
2194	392	
2195	100	
2196	123	
2197	749	
2198	644	
2199	408	
2200	909	
2201	75	
2202	547	
2203	89	
2204	258	
2205	548	
2206	315	
2207	502	
2208	996	
2209	988	
2210	636	
2211	832	
2212	673	
2213	113	
2214	872	
2215	1	
2216	457	
2217	611	
2218	852	
2219	342	
2220	467	
2221	211	
2222	534	
2223	167	
2224	277	
2225	21	
2226	214	
2227	659	
2228	851	
2229	991	
2230	879	
2231	319	
2232	573	
2233	410	
2234	244	
2235	565	
2236	395	
2237	710	
2238	589	
2239	391	
2240	985	
2241	975	
2242	370	
2243	139	
2244	37	
2245	988	
2246	292	
2247	181	
2248	110	
2249	52	
2250	552	
2251	138	
2252	861	
2253	385	
2254	29	
2255	809	
2256	949	
2257	86	
2258	898	
2259	370	
2260	315	
2261	531	
2262	403	
2263	736	
2264	360	
2265	469	
2266	435	
2267	904	
2268	36	
2269	456	
2270	145	
2271	226	
2272	666	
2273	607	
2274	749	
2275	21	
2276	329	
2277	623	
2278	393	
2279	316	
2280	815	
2281	842	
2282	986	
2283	436	
2284	301	
2285	575	
2286	21	
2287	989	
2288	415	
2289	596	
2290	12	
2291	703	
2292	67	
2293	182	
2294	537	
2295	388	
2296	7	
2297	933	
2298	111	
2299	98	
2300	644	
2301	875	
2302	886	
2303	631	
2304	47	
2305	267	
2306	797	
2307	469	
2308	452	
2309	427	
2310	39	
2311	741	
2312	27	
2313	300	
2314	289	
2315	845	
2316	429	
2317	38	
2318	703	
2319	284	
2320	510	
2321	95	
2322	508	
2323	139	
2324	978	
2325	915	
2326	664	
2327	299	
2328	313	
2329	826	
2330	169	
2331	178	
2332	468	
2333	518	
2334	829	
2335	232	
2336	527	
2337	4	
2338	988	
2339	508	
2340	87	
2341	920	
2342	344	
2343	393	
2344	868	
2345	187	
2346	557	
2347	773	
2348	645	
2349	422	
2350	795	
2351	70	
2352	56	
2353	150	
2354	313	
2355	149	
2356	137	
2357	352	
2358	177	
2359	444	
2360	159	
2361	995	
2362	873	
2363	729	
2364	956	
2365	490	
2366	214	
2367	3	
2368	379	
2369	945	
2370	224	
2371	513	
2372	978	
2373	997	
2374	58	
2375	152	
2376	231	
2377	815	
2378	888	
2379	683	
2380	101	
2381	615	
2382	456	
2383	506	
2384	502	
2385	218	
2386	244	
2387	502	
2388	655	
2389	965	
2390	148	
2391	264	
2392	657	
2393	913	
2394	230	
2395	239	
2396	27	
2397	927	
2398	48	
2399	72	
2400	363	
2401	203	
2402	217	
2403	982	
2404	668	
2405	571	
2406	469	
2407	985	
2408	55	
2409	183	
2410	568	
2411	320	
2412	548	
2413	80	
2414	647	
2415	321	
2416	407	
2417	954	
2418	476	
2419	13	
2420	925	
2421	588	
2422	153	
2423	959	
2424	638	
2425	92	
2426	577	
2427	139	
2428	498	
2429	613	
2430	987	
2431	249	
2432	382	
2433	354	
2434	944	
2435	432	
2436	390	
2437	658	
2438	154	
2439	413	
2440	546	
2441	916	
2442	813	
2443	436	
2444	859	
2445	938	
2446	48	
2447	675	
2448	380	
2449	903	
2450	466	
2451	379	
2452	363	
2453	946	
2454	415	
2455	416	
2456	279	
2457	891	
2458	369	
2459	278	
2460	585	
2461	987	
2462	945	
2463	700	
2464	813	
2465	517	
2466	309	
2467	2	
2468	32	
2469	841	
2470	401	
2471	884	
2472	385	
2473	461	
2474	729	
2475	542	
2476	993	
2477	660	
2478	946	
2479	655	
2480	741	
2481	689	
2482	358	
2483	48	
2484	136	
2485	298	
2486	46	
2487	924	
2488	59	
2489	519	
2490	351	
2491	191	
2492	503	
2493	585	
2494	960	
2495	601	
2496	503	
2497	421	
2498	720	
2499	170	
2500	609	
2501	889	
2502	898	
2503	709	
2504	19	
2505	315	
2506	161	
2507	55	
2508	991	
2509	439	
2510	742	
2511	726	
2512	745	
2513	119	
2514	79	
2515	284	
2516	29	
2517	82	
2518	479	
2519	442	
2520	211	
2521	663	
2522	819	
2523	287	
2524	797	
2525	873	
2526	928	
2527	345	
2528	165	
2529	546	
2530	520	
2531	585	
2532	353	
2533	689	
2534	220	
2535	561	
2536	41	
2537	694	
2538	544	
2539	630	
2540	933	
2541	355	
2542	899	
2543	103	
2544	17	
2545	906	
2546	870	
2547	566	
2548	810	
2549	435	
2550	530	
2551	324	
2552	319	
2553	316	
2554	964	
2555	110	
2556	115	
2557	857	
2558	595	
2559	716	
2560	495	
2561	771	
2562	798	
2563	150	
2564	10	
2565	746	
2566	47	
2567	639	
2568	362	
2569	878	
2570	572	
2571	484	
2572	586	
2573	567	
2574	978	
2575	267	
2576	948	
2577	650	
2578	258	
2579	366	
2580	46	
2581	964	
2582	191	
2583	519	
2584	127	
2585	286	
2586	963	
2587	235	
2588	656	
2589	745	
2590	455	
2591	161	
2592	852	
2593	289	
2594	697	
2595	138	
2596	690	
2597	532	
2598	829	
2599	640	
2600	64	
2601	114	
2602	574	
2603	145	
2604	247	
2605	956	
2606	171	
2607	866	
2608	899	
2609	678	
2610	709	
2611	781	
2612	170	
2613	494	
2614	741	
2615	70	
2616	962	
2617	84	
2618	848	
2619	767	
2620	884	
2621	34	
2622	332	
2623	905	
2624	797	
2625	780	
2626	290	
2627	101	
2628	809	
2629	270	
2630	467	
2631	100	
2632	96	
2633	378	
2634	957	
2635	4	
2636	620	
2637	841	
2638	397	
2639	107	
2640	830	
2641	559	
2642	772	
2643	539	
2644	357	
2645	961	
2646	844	
2647	191	
2648	128	
2649	375	
2650	714	
2651	58	
2652	337	
2653	396	
2654	347	
2655	44	
2656	946	
2657	851	
2658	768	
2659	46	
2660	9	
2661	353	
2662	220	
2663	186	
2664	605	
2665	863	
2666	810	
2667	190	
2668	776	
2669	151	
2670	17	
2671	135	
2672	732	
2673	412	
2674	266	
2675	344	
2676	768	
2677	276	
2678	950	
2679	234	
2680	507	
2681	335	
2682	418	
2683	267	
2684	917	
2685	238	
2686	316	
2687	425	
2688	386	
2689	982	
2690	789	
2691	990	
2692	616	
2693	949	
2694	150	
2695	867	
2696	101	
2697	857	
2698	469	
2699	350	
2700	212	
2701	614	
2702	455	
2703	190	
2704	270	
2705	598	
2706	245	
2707	763	
2708	659	
2709	864	
2710	209	
2711	600	
2712	304	
2713	571	
2714	71	
2715	131	
2716	232	
2717	769	
2718	358	
2719	273	
2720	6	
2721	847	
2722	246	
2723	196	
2724	742	
2725	1	
2726	850	
2727	935	
2728	369	
2729	408	
2730	293	
2731	997	
2732	927	
2733	397	
2734	438	
2735	975	
2736	500	
2737	205	
2738	5	
2739	509	
2740	981	
2741	940	
2742	237	
2743	281	
2744	2	
2745	956	
2746	98	
2747	473	
2748	363	
2749	621	
2750	306	
2751	596	
2752	677	
2753	428	
2754	686	
2755	257	
2756	868	
2757	662	
2758	183	
2759	885	
2760	408	
2761	731	
2762	763	
2763	763	
2764	714	
2765	477	
2766	743	
2767	827	
2768	981	
2769	912	
2770	588	
2771	981	
2772	191	
2773	817	
2774	84	
2775	781	
2776	815	
2777	833	
2778	907	
2779	262	
2780	966	
2781	257	
2782	248	
2783	337	
2784	520	
2785	165	
2786	955	
2787	213	
2788	226	
2789	411	
2790	662	
2791	229	
2792	163	
2793	291	
2794	430	
2795	215	
2796	709	
2797	510	
2798	609	
2799	313	
2800	266	
2801	304	
2802	488	
2803	836	
2804	505	
2805	767	
2806	51	
2807	651	
2808	520	
2809	563	
2810	881	
2811	298	
2812	569	
2813	662	
2814	55	
2815	849	
2816	911	
2817	196	
2818	494	
2819	751	
2820	391	
2821	257	
2822	423	
2823	793	
2824	994	
2825	143	
2826	431	
2827	402	
2828	207	
2829	319	
2830	13	
2831	930	
2832	947	
2833	501	
2834	505	
2835	650	
2836	938	
2837	854	
2838	789	
2839	828	
2840	444	
2841	610	
2842	173	
2843	276	
2844	315	
2845	868	
2846	752	
2847	627	
2848	809	
2849	727	
2850	702	
2851	800	
2852	252	
2853	200	
2854	593	
2855	199	
2856	932	
2857	488	
2858	22	
2859	732	
2860	337	
2861	241	
2862	851	
2863	822	
2864	967	
2865	758	
2866	576	
2867	14	
2868	443	
2869	565	
2870	344	
2871	343	
2872	652	
2873	261	
2874	111	
2875	525	
2876	269	
2877	282	
2878	275	
2879	552	
2880	351	
2881	398	
2882	516	
2883	256	
2884	129	
2885	143	
2886	517	
2887	456	
2888	978	
2889	134	
2890	915	
2891	44	
2892	698	
2893	435	
2894	442	
2895	948	
2896	382	
2897	867	
2898	333	
2899	673	
2900	67	
2901	116	
2902	21	
2903	189	
2904	336	
2905	541	
2906	278	
2907	133	
2908	630	
2909	225	
2910	903	
2911	208	
2912	57	
2913	482	
2914	544	
2915	158	
2916	509	
2917	183	
2918	763	
2919	747	
2920	419	
2921	576	
2922	581	
2923	667	
2924	619	
2925	814	
2926	891	
2927	389	
2928	610	
2929	582	
2930	871	
2931	443	
2932	267	
2933	20	
2934	723	
2935	149	
2936	303	
2937	754	
2938	43	
2939	155	
2940	327	
2941	248	
2942	956	
2943	594	
2944	486	
2945	531	
2946	521	
2947	779	
2948	49	
2949	104	
2950	818	
2951	305	
2952	416	
2953	287	
2954	172	
2955	257	
2956	564	
2957	178	
2958	358	
2959	41	
2960	65	
2961	189	
2962	839	
2963	931	
2964	483	
2965	157	
2966	227	
2967	545	
2968	602	
2969	867	
2970	757	
2971	624	
2972	55	
2973	32	
2974	996	
2975	511	
2976	271	
2977	584	
2978	512	
2979	678	
2980	781	
2981	81	
2982	275	
2983	25	
2984	145	
2985	27	
2986	945	
2987	845	
2988	861	
2989	854	
2990	298	
2991	223	
2992	771	
2993	113	
2994	973	
2995	521	
2996	794	
2997	519	
2998	293	
2999	535	
3000	537	
3001	993	
3002	869	
3003	579	
3004	640	
3005	937	
3006	45	
3007	262	
3008	59	
3009	698	
3010	4	
3011	376	
3012	936	
3013	355	
3014	405	
3015	164	
3016	797	
3017	547	
3018	356	
3019	687	
3020	45	
3021	475	
3022	208	
3023	720	
3024	586	
3025	17	
3026	360	
3027	919	
3028	913	
3029	457	
3030	224	
3031	391	
3032	707	
3033	483	
3034	891	
3035	901	
3036	248	
3037	426	
3038	615	
3039	808	
3040	315	
3041	385	
3042	878	
3043	825	
3044	34	
3045	517	
3046	705	
3047	778	
3048	13	
3049	727	
3050	661	
3051	841	
3052	652	
3053	33	
3054	39	
3055	211	
3056	683	
3057	470	
3058	505	
3059	771	
3060	200	
3061	548	
3062	805	
3063	274	
3064	16	
3065	995	
3066	38	
3067	166	
3068	279	
3069	388	
3070	404	
3071	589	
3072	383	
3073	556	
3074	918	
3075	200	
3076	533	
3077	600	
3078	111	
3079	539	
3080	593	
3081	217	
3082	779	
3083	241	
3084	92	
3085	831	
3086	824	
3087	729	
3088	849	
3089	983	
3090	712	
3091	926	
3092	406	
3093	719	
3094	923	
3095	624	
3096	370	
3097	54	
3098	375	
3099	357	
3100	54	
3101	439	
3102	250	
3103	556	
3104	518	
3105	844	
3106	123	
3107	310	
3108	327	
3109	892	
3110	958	
3111	814	
3112	456	
3113	631	
3114	535	
3115	399	
3116	666	
3117	126	
3118	507	
3119	970	
3120	490	
3121	502	
3122	732	
3123	231	
3124	700	
3125	995	
3126	91	
3127	576	
3128	263	
3129	247	
3130	926	
3131	195	
3132	933	
3133	10	
3134	193	
3135	470	
3136	73	
3137	72	
3138	286	
3139	563	
3140	40	
3141	496	
3142	783	
3143	491	
3144	291	
3145	73	
3146	584	
3147	13	
3148	865	
3149	438	
3150	151	
3151	277	
3152	159	
3153	264	
3154	566	
3155	319	
3156	233	
3157	688	
3158	597	
3159	419	
3160	655	
3161	716	
3162	994	
3163	616	
3164	419	
3165	645	
3166	666	
3167	163	
3168	703	
3169	993	
3170	719	
3171	438	
3172	242	
3173	677	
3174	697	
3175	644	
3176	873	
3177	513	
3178	127	
3179	128	
3180	207	
3181	126	
3182	541	
3183	723	
3184	983	
3185	712	
3186	933	
3187	229	
3188	750	
3189	669	
3190	384	
3191	481	
3192	36	
3193	413	
3194	804	
3195	683	
3196	105	
3197	746	
3198	429	
3199	602	
3200	490	
3201	991	
3202	173	
3203	984	
3204	611	
3205	299	
3206	14	
3207	879	
3208	651	
3209	773	
3210	68	
3211	579	
3212	821	
3213	526	
3214	213	
3215	620	
3216	419	
3217	284	
3218	362	
3219	74	
3220	275	
3221	147	
3222	549	
3223	817	
3224	172	
3225	835	
3226	587	
3227	301	
3228	767	
3229	39	
3230	529	
3231	684	
3232	151	
3233	642	
3234	985	
3235	224	
3236	35	
3237	881	
3238	555	
3239	68	
3240	833	
3241	437	
3242	902	
3243	324	
3244	2	
3245	648	
3246	990	
3247	479	
3248	155	
3249	500	
3250	21	
3251	726	
3252	895	
3253	353	
3254	580	
3255	924	
3256	239	
3257	742	
3258	808	
3259	77	
3260	964	
3261	669	
3262	415	
3263	473	
3264	697	
3265	185	
3266	410	
3267	720	
3268	195	
3269	680	
3270	51	
3271	636	
3272	498	
3273	258	
3274	998	
3275	468	
3276	319	
3277	834	
3278	433	
3279	293	
3280	982	
3281	474	
3282	37	
3283	65	
3284	923	
3285	792	
3286	84	
3287	953	
3288	862	
3289	70	
3290	371	
3291	732	
3292	665	
3293	675	
3294	719	
3295	56	
3296	926	
3297	724	
3298	761	
3299	445	
3300	187	
3301	455	
3302	916	
3303	351	
3304	863	
3305	52	
3306	307	
3307	962	
3308	348	
3309	988	
3310	845	
3311	373	
3312	285	
3313	628	
3314	211	
3315	490	
3316	559	
3317	160	
3318	910	
3319	489	
3320	9	
3321	826	
3322	315	
3323	730	
3324	77	
3325	554	
3326	952	
3327	778	
3328	494	
3329	764	
3330	510	
3331	938	
3332	634	
3333	431	
3334	175	
3335	252	
3336	216	
3337	818	
3338	582	
3339	151	
3340	952	
3341	7	
3342	955	
3343	48	
3344	383	
3345	978	
3346	342	
3347	937	
3348	522	
3349	121	
3350	585	
3351	996	
3352	207	
3353	770	
3354	961	
3355	454	
3356	449	
3357	377	
3358	707	
3359	214	
3360	891	
3361	177	
3362	840	
3363	53	
3364	489	
3365	648	
3366	771	
3367	509	
3368	652	
3369	461	
3370	799	
3371	467	
3372	252	
3373	531	
3374	747	
3375	438	
3376	845	
3377	677	
3378	640	
3379	327	
3380	893	
3381	642	
3382	319	
3383	826	
3384	265	
3385	304	
3386	260	
3387	481	
3388	317	
3389	473	
3390	472	
3391	821	
3392	323	
3393	83	
3394	688	
3395	414	
3396	560	
3397	577	
3398	313	
3399	815	
3400	892	
3401	493	
3402	197	
3403	277	
3404	560	
3405	608	
3406	964	
3407	679	
3408	951	
3409	117	
3410	462	
3411	996	
3412	215	
3413	3	
3414	21	
3415	25	
3416	663	
3417	450	
3418	638	
3419	467	
3420	184	
3421	610	
3422	118	
3423	495	
3424	334	
3425	529	
3426	822	
3427	518	
3428	246	
3429	467	
3430	856	
3431	540	
3432	487	
3433	169	
3434	345	
3435	462	
3436	987	
3437	509	
3438	415	
3439	353	
3440	588	
3441	354	
3442	795	
3443	24	
3444	217	
3445	549	
3446	726	
3447	636	
3448	800	
3449	680	
3450	404	
3451	299	
3452	299	
3453	964	
3454	189	
3455	339	
3456	701	
3457	900	
3458	889	
3459	5	
3460	484	
3461	726	
3462	769	
3463	484	
3464	462	
3465	482	
3466	947	
3467	845	
3468	558	
3469	923	
3470	4	
3471	359	
3472	189	
3473	387	
3474	981	
3475	842	
3476	739	
3477	632	
3478	432	
3479	617	
3480	509	
3481	75	
3482	73	
3483	810	
3484	102	
3485	774	
3486	807	
3487	754	
3488	928	
3489	771	
3490	490	
3491	771	
3492	65	
3493	385	
3494	156	
3495	959	
3496	753	
3497	304	
3498	970	
3499	188	
3500	528	
3501	353	
3502	562	
3503	511	
3504	746	
3505	352	
3506	20	
3507	627	
3508	924	
3509	836	
3510	699	
3511	265	
3512	182	
3513	971	
3514	707	
3515	455	
3516	584	
3517	728	
3518	890	
3519	379	
3520	727	
3521	87	
3522	696	
3523	583	
3524	999	
3525	125	
3526	785	
3527	724	
3528	911	
3529	258	
3530	391	
3531	848	
3532	138	
3533	376	
3534	650	
3535	826	
3536	330	
3537	627	
3538	666	
3539	546	
3540	973	
3541	688	
3542	80	
3543	76	
3544	698	
3545	240	
3546	947	
3547	147	
3548	802	
3549	964	
3550	830	
3551	655	
3552	873	
3553	304	
3554	188	
3555	961	
3556	707	
3557	449	
3558	687	
3559	132	
3560	129	
3561	153	
3562	850	
3563	844	
3564	52	
3565	863	
3566	619	
3567	711	
3568	174	
3569	954	
3570	301	
3571	920	
3572	214	
3573	469	
3574	479	
3575	873	
3576	490	
3577	817	
3578	296	
3579	110	
3580	467	
3581	399	
3582	893	
3583	942	
3584	918	
3585	981	
3586	710	
3587	619	
3588	568	
3589	534	
3590	614	
3591	942	
3592	415	
3593	564	
3594	514	
3595	798	
3596	173	
3597	824	
3598	182	
3599	312	
3600	774	
3601	317	
3602	621	
3603	589	
3604	678	
3605	42	
3606	296	
3607	312	
3608	293	
3609	510	
3610	915	
3611	295	
3612	636	
3613	732	
3614	413	
3615	904	
3616	280	
3617	103	
3618	381	
3619	163	
3620	580	
3621	636	
3622	408	
3623	51	
3624	384	
3625	92	
3626	151	
3627	766	
3628	78	
3629	153	
3630	355	
3631	634	
3632	145	
3633	541	
3634	523	
3635	360	
3636	294	
3637	488	
3638	538	
3639	723	
3640	924	
3641	593	
3642	787	
3643	247	
3644	125	
3645	241	
3646	318	
3647	508	
3648	365	
3649	549	
3650	218	
3651	417	
3652	727	
3653	466	
3654	739	
3655	371	
3656	429	
3657	881	
3658	339	
3659	13	
3660	246	
3661	482	
3662	201	
3663	72	
3664	343	
3665	42	
3666	719	
3667	442	
3668	45	
3669	463	
3670	326	
3671	488	
3672	319	
3673	896	
3674	986	
3675	158	
3676	670	
3677	495	
3678	913	
3679	178	
3680	485	
3681	128	
3682	381	
3683	894	
3684	179	
3685	313	
3686	247	
3687	381	
3688	517	
3689	586	
3690	244	
3691	363	
3692	671	
3693	164	
3694	193	
3695	887	
3696	898	
3697	955	
3698	800	
3699	363	
3700	580	
3701	358	
3702	67	
3703	415	
3704	781	
3705	763	
3706	309	
3707	555	
3708	165	
3709	205	
3710	814	
3711	971	
3712	865	
3713	40	
3714	461	
3715	346	
3716	173	
3717	353	
3718	349	
3719	946	
3720	945	
3721	480	
3722	10	
3723	800	
3724	910	
3725	111	
3726	595	
3727	674	
3728	616	
3729	954	
3730	271	
3731	746	
3732	547	
3733	78	
3734	658	
3735	538	
3736	551	
3737	140	
3738	135	
3739	367	
3740	709	
3741	940	
3742	908	
3743	959	
3744	729	
3745	676	
3746	611	
3747	709	
3748	640	
3749	593	
3750	717	
3751	578	
3752	961	
3753	242	
3754	71	
3755	347	
3756	878	
3757	730	
3758	886	
3759	719	
3760	81	
3761	604	
3762	492	
3763	535	
3764	433	
3765	782	
3766	778	
3767	414	
3768	820	
3769	288	
3770	118	
3771	305	
3772	12	
3773	452	
3774	820	
3775	526	
3776	780	
3777	149	
3778	6	
3779	126	
3780	666	
3781	954	
3782	854	
3783	540	
3784	932	
3785	481	
3786	352	
3787	85	
3788	773	
3789	294	
3790	619	
3791	231	
3792	583	
3793	67	
3794	590	
3795	652	
3796	671	
3797	431	
3798	805	
3799	406	
3800	773	
3801	946	
3802	626	
3803	698	
3804	563	
3805	380	
3806	398	
3807	871	
3808	411	
3809	435	
3810	40	
3811	422	
3812	532	
3813	443	
3814	993	
3815	881	
3816	315	
3817	869	
3818	768	
3819	317	
3820	283	
3821	219	
3822	129	
3823	474	
3824	247	
3825	815	
3826	174	
3827	151	
3828	357	
3829	57	
3830	41	
3831	392	
3832	242	
3833	32	
3834	917	
3835	994	
3836	866	
3837	293	
3838	945	
3839	243	
3840	470	
3841	965	
3842	366	
3843	300	
3844	117	
3845	61	
3846	606	
3847	952	
3848	478	
3849	966	
3850	245	
3851	948	
3852	50	
3853	736	
3854	161	
3855	279	
3856	684	
3857	24	
3858	68	
3859	649	
3860	474	
3861	188	
3862	806	
3863	629	
3864	811	
3865	923	
3866	37	
3867	120	
3868	480	
3869	919	
3870	534	
3871	209	
3872	532	
3873	300	
3874	331	
3875	993	
3876	350	
3877	96	
3878	772	
3879	138	
3880	604	
3881	291	
3882	392	
3883	290	
3884	392	
3885	54	
3886	995	
3887	302	
3888	348	
3889	301	
3890	255	
3891	897	
3892	143	
3893	183	
3894	141	
3895	996	
3896	943	
3897	578	
3898	882	
3899	869	
3900	381	
3901	9	
3902	877	
3903	658	
3904	846	
3905	543	
3906	373	
3907	580	
3908	791	
3909	555	
3910	220	
3911	735	
3912	990	
3913	676	
3914	296	
3915	206	
3916	301	
3917	964	
3918	359	
3919	361	
3920	8	
3921	607	
3922	88	
3923	144	
3924	371	
3925	242	
3926	662	
3927	270	
3928	726	
3929	398	
3930	221	
3931	320	
3932	939	
3933	748	
3934	645	
3935	766	
3936	188	
3937	784	
3938	332	
3939	167	
3940	959	
3941	47	
3942	406	
3943	150	
3944	419	
3945	51	
3946	478	
3947	41	
3948	234	
3949	715	
3950	435	
3951	862	
3952	583	
3953	861	
3954	54	
3955	589	
3956	719	
3957	214	
3958	904	
3959	547	
3960	9	
3961	526	
3962	982	
3963	163	
3964	280	
3965	199	
3966	167	
3967	4	
3968	517	
3969	796	
3970	89	
3971	376	
3972	95	
3973	572	
3974	193	
3975	424	
3976	636	
3977	429	
3978	106	
3979	994	
3980	687	
3981	851	
3982	378	
3983	965	
3984	786	
3985	984	
3986	458	
3987	753	
3988	987	
3989	779	
3990	596	
3991	98	
3992	24	
3993	124	
3994	989	
3995	587	
3996	204	
3997	19	
3998	90	
3999	581	
4000	66	
4001	958	
4002	284	
4003	647	
4004	550	
4005	281	
4006	758	
4007	493	
4008	305	
4009	765	
4010	123	
4011	874	
4012	459	
4013	203	
4014	714	
4015	191	
4016	489	
4017	88	
4018	716	
4019	220	
4020	646	
4021	81	
4022	122	
4023	212	
4024	459	
4025	253	
4026	241	
4027	379	
4028	80	
4029	896	
4030	87	
4031	736	
4032	226	
4033	716	
4034	541	
4035	317	
4036	429	
4037	799	
4038	980	
4039	180	
4040	545	
4041	521	
4042	642	
4043	297	
4044	55	
4045	260	
4046	924	
4047	52	
4048	539	
4049	580	
4050	267	
4051	478	
4052	1	
4053	383	
4054	729	
4055	224	
4056	89	
4057	332	
4058	66	
4059	745	
4060	820	
4061	437	
4062	46	
4063	655	
4064	294	
4065	30	
4066	251	
4067	34	
4068	268	
4069	157	
4070	636	
4071	749	
4072	365	
4073	938	
4074	246	
4075	614	
4076	179	
4077	38	
4078	23	
4079	244	
4080	193	
4081	885	
4082	584	
4083	134	
4084	851	
4085	582	
4086	762	
4087	591	
4088	139	
4089	431	
4090	818	
4091	822	
4092	8	
4093	323	
4094	358	
4095	879	
4096	54	
4097	725	
4098	678	
4099	957	
4100	331	
4101	588	
4102	206	
4103	962	
4104	893	
4105	839	
4106	208	
4107	938	
4108	142	
4109	512	
4110	669	
4111	990	
4112	570	
4113	427	
4114	962	
4115	988	
4116	534	
4117	685	
4118	396	
4119	985	
4120	32	
4121	551	
4122	71	
4123	385	
4124	699	
4125	777	
4126	472	
4127	699	
4128	881	
4129	993	
4130	624	
4131	55	
4132	225	
4133	284	
4134	1	
4135	153	
4136	408	
4137	17	
4138	264	
4139	541	
4140	409	
4141	723	
4142	507	
4143	170	
4144	151	
4145	117	
4146	115	
4147	314	
4148	591	
4149	501	
4150	696	
4151	949	
4152	873	
4153	915	
4154	273	
4155	827	
4156	374	
4157	897	
4158	115	
4159	145	
4160	560	
4161	682	
4162	351	
4163	184	
4164	318	
4165	68	
4166	742	
4167	819	
4168	159	
4169	216	
4170	414	
4171	406	
4172	364	
4173	734	
4174	868	
4175	786	
4176	112	
4177	868	
4178	672	
4179	157	
4180	753	
4181	886	
4182	822	
4183	468	
4184	134	
4185	604	
4186	233	
4187	747	
4188	616	
4189	592	
4190	24	
4191	553	
4192	563	
4193	327	
4194	963	
4195	151	
4196	531	
4197	573	
4198	101	
4199	815	
4200	329	
4201	747	
4202	761	
4203	510	
4204	974	
4205	155	
4206	525	
4207	556	
4208	996	
4209	311	
4210	660	
4211	856	
4212	130	
4213	663	
4214	317	
4215	798	
4216	254	
4217	674	
4218	887	
4219	51	
4220	186	
4221	41	
4222	935	
4223	277	
4224	281	
4225	97	
4226	973	
4227	917	
4228	632	
4229	495	
4230	621	
4231	766	
4232	568	
4233	539	
4234	193	
4235	141	
4236	608	
4237	975	
4238	977	
4239	968	
4240	524	
4241	727	
4242	821	
4243	697	
4244	963	
4245	401	
4246	790	
4247	506	
4248	98	
4249	20	
4250	315	
4251	8	
4252	819	
4253	562	
4254	135	
4255	530	
4256	299	
4257	815	
4258	149	
4259	1	
4260	149	
4261	593	
4262	679	
4263	199	
4264	425	
4265	984	
4266	455	
4267	650	
4268	297	
4269	973	
4270	678	
4271	647	
4272	736	
4273	884	
4274	971	
4275	665	
4276	699	
4277	43	
4278	265	
4279	833	
4280	137	
4281	27	
4282	684	
4283	645	
4284	237	
4285	540	
4286	745	
4287	875	
4288	576	
4289	82	
4290	851	
4291	988	
4292	841	
4293	364	
4294	466	
4295	371	
4296	527	
4297	457	
4298	483	
4299	62	
4300	138	
4301	963	
4302	85	
4303	225	
4304	31	
4305	605	
4306	800	
4307	983	
4308	155	
4309	974	
4310	853	
4311	851	
4312	437	
4313	494	
4314	330	
4315	512	
4316	358	
4317	366	
4318	981	
4319	590	
4320	65	
4321	306	
4322	814	
4323	518	
4324	437	
4325	327	
4326	295	
4327	170	
4328	71	
4329	46	
4330	525	
4331	888	
4332	491	
4333	25	
4334	477	
4335	238	
4336	490	
4337	379	
4338	985	
4339	276	
4340	530	
4341	770	
4342	283	
4343	407	
4344	195	
4345	166	
4346	47	
4347	250	
4348	894	
4349	297	
4350	258	
4351	684	
4352	366	
4353	462	
4354	199	
4355	318	
4356	280	
4357	115	
4358	350	
4359	284	
4360	180	
4361	489	
4362	484	
4363	209	
4364	387	
4365	400	
4366	472	
4367	877	
4368	977	
4369	46	
4370	289	
4371	344	
4372	394	
4373	87	
4374	523	
4375	757	
4376	22	
4377	891	
4378	169	
4379	298	
4380	334	
4381	924	
4382	745	
4383	332	
4384	758	
4385	303	
4386	957	
4387	669	
4388	891	
4389	288	
4390	406	
4391	464	
4392	980	
4393	480	
4394	273	
4395	128	
4396	611	
4397	424	
4398	963	
4399	302	
4400	395	
4401	637	
4402	86	
4403	146	
4404	112	
4405	940	
4406	4	
4407	927	
4408	300	
4409	860	
4410	96	
4411	817	
4412	358	
4413	96	
4414	530	
4415	471	
4416	386	
4417	532	
4418	57	
4419	907	
4420	494	
4421	245	
4422	224	
4423	222	
4424	608	
4425	84	
4426	35	
4427	271	
4428	395	
4429	545	
4430	929	
4431	571	
4432	912	
4433	889	
4434	281	
4435	995	
4436	719	
4437	713	
4438	70	
4439	923	
4440	229	
4441	706	
4442	557	
4443	38	
4444	701	
4445	917	
4446	700	
4447	765	
4448	874	
4449	894	
4450	618	
4451	415	
4452	696	
4453	867	
4454	627	
4455	624	
4456	288	
4457	812	
4458	507	
4459	300	
4460	802	
4461	250	
4462	79	
4463	178	
4464	394	
4465	201	
4466	73	
4467	179	
4468	925	
4469	319	
4470	915	
4471	921	
4472	75	
4473	861	
4474	600	
4475	899	
4476	44	
4477	955	
4478	984	
4479	317	
4480	629	
4481	469	
4482	18	
4483	10	
4484	138	
4485	658	
4486	833	
4487	156	
4488	155	
4489	969	
4490	881	
4491	111	
4492	360	
4493	796	
4494	192	
4495	755	
4496	447	
4497	678	
4498	343	
4499	217	
4500	347	
4501	326	
4502	609	
4503	659	
4504	731	
4505	124	
4506	88	
4507	269	
4508	755	
4509	545	
4510	765	
4511	56	
4512	172	
4513	344	
4514	198	
4515	995	
4516	811	
4517	801	
4518	703	
4519	938	
4520	105	
4521	554	
4522	692	
4523	769	
4524	679	
4525	14	
4526	290	
4527	143	
4528	383	
4529	320	
4530	891	
4531	310	
4532	696	
4533	702	
4534	920	
4535	734	
4536	744	
4537	608	
4538	407	
4539	175	
4540	841	
4541	935	
4542	436	
4543	85	
4544	486	
4545	32	
4546	545	
4547	427	
4548	420	
4549	481	
4550	792	
4551	531	
4552	444	
4553	24	
4554	749	
4555	466	
4556	437	
4557	513	
4558	446	
4559	614	
4560	740	
4561	422	
4562	348	
4563	585	
4564	997	
4565	710	
4566	410	
4567	885	
4568	48	
4569	72	
4570	538	
4571	679	
4572	279	
4573	119	
4574	589	
4575	246	
4576	356	
4577	613	
4578	73	
4579	698	
4580	877	
4581	169	
4582	882	
4583	967	
4584	962	
4585	723	
4586	843	
4587	41	
4588	939	
4589	12	
4590	195	
4591	712	
4592	59	
4593	761	
4594	891	
4595	147	
4596	137	
4597	127	
4598	124	
4599	758	
4600	220	
4601	693	
4602	651	
4603	93	
4604	492	
4605	798	
4606	7	
4607	472	
4608	598	
4609	678	
4610	535	
4611	679	
4612	598	
4613	66	
4614	797	
4615	917	
4616	59	
4617	874	
4618	911	
4619	63	
4620	576	
4621	721	
4622	755	
4623	4	
4624	943	
4625	353	
4626	32	
4627	964	
4628	558	
4629	16	
4630	225	
4631	658	
4632	987	
4633	983	
4634	538	
4635	931	
4636	745	
4637	991	
4638	163	
4639	646	
4640	627	
4641	300	
4642	322	
4643	963	
4644	358	
4645	860	
4646	531	
4647	775	
4648	296	
4649	486	
4650	273	
4651	228	
4652	149	
4653	789	
4654	315	
4655	450	
4656	358	
4657	517	
4658	154	
4659	443	
4660	441	
4661	770	
4662	743	
4663	904	
4664	302	
4665	917	
4666	135	
4667	695	
4668	502	
4669	168	
4670	848	
4671	126	
4672	52	
4673	559	
4674	451	
4675	998	
4676	821	
4677	750	
4678	58	
4679	178	
4680	97	
4681	407	
4682	912	
4683	263	
4684	969	
4685	219	
4686	382	
4687	628	
4688	457	
4689	574	
4690	74	
4691	681	
4692	469	
4693	117	
4694	551	
4695	697	
4696	789	
4697	496	
4698	841	
4699	953	
4700	50	
4701	794	
4702	143	
4703	16	
4704	176	
4705	518	
4706	346	
4707	447	
4708	276	
4709	977	
4710	458	
4711	920	
4712	14	
4713	572	
4714	133	
4715	745	
4716	893	
4717	489	
4718	945	
4719	624	
4720	63	
4721	563	
4722	511	
4723	29	
4724	184	
4725	168	
4726	128	
4727	301	
4728	527	
4729	992	
4730	697	
4731	602	
4732	278	
4733	532	
4734	464	
4735	582	
4736	417	
4737	41	
4738	886	
4739	151	
4740	579	
4741	669	
4742	204	
4743	705	
4744	662	
4745	774	
4746	832	
4747	938	
4748	249	
4749	640	
4750	351	
4751	382	
4752	665	
4753	581	
4754	66	
4755	112	
4756	923	
4757	68	
4758	707	
4759	731	
4760	677	
4761	924	
4762	342	
4763	522	
4764	122	
4765	311	
4766	818	
4767	742	
4768	628	
4769	890	
4770	480	
4771	13	
4772	122	
4773	545	
4774	992	
4775	581	
4776	865	
4777	733	
4778	920	
4779	433	
4780	213	
4781	319	
4782	886	
4783	423	
4784	783	
4785	268	
4786	867	
4787	810	
4788	709	
4789	864	
4790	32	
4791	468	
4792	551	
4793	301	
4794	73	
4795	553	
4796	573	
4797	707	
4798	622	
4799	552	
4800	348	
4801	359	
4802	231	
4803	83	
4804	600	
4805	998	
4806	317	
4807	411	
4808	657	
4809	152	
4810	14	
4811	406	
4812	336	
4813	799	
4814	231	
4815	475	
4816	432	
4817	615	
4818	777	
4819	563	
4820	655	
4821	869	
4822	806	
4823	967	
4824	300	
4825	306	
4826	810	
4827	790	
4828	952	
4829	127	
4830	132	
4831	877	
4832	943	
4833	960	
4834	428	
4835	966	
4836	46	
4837	267	
4838	484	
4839	892	
4840	4	
4841	800	
4842	498	
4843	843	
4844	858	
4845	848	
4846	114	
4847	202	
4848	261	
4849	391	
4850	165	
4851	178	
4852	32	
4853	523	
4854	38	
4855	197	
4856	460	
4857	364	
4858	32	
4859	273	
4860	34	
4861	484	
4862	435	
4863	101	
4864	29	
4865	423	
4866	999	
4867	89	
4868	235	
4869	881	
4870	245	
4871	199	
4872	634	
4873	500	
4874	979	
4875	262	
4876	173	
4877	513	
4878	342	
4879	67	
4880	949	
4881	363	
4882	230	
4883	903	
4884	498	
4885	818	
4886	15	
4887	30	
4888	873	
4889	763	
4890	388	
4891	868	
4892	853	
4893	90	
4894	708	
4895	271	
4896	152	
4897	953	
4898	471	
4899	282	
4900	192	
4901	232	
4902	391	
4903	773	
4904	828	
4905	389	
4906	825	
4907	471	
4908	86	
4909	227	
4910	339	
4911	294	
4912	817	
4913	253	
4914	709	
4915	60	
4916	634	
4917	985	
4918	770	
4919	897	
4920	105	
4921	486	
4922	286	
4923	773	
4924	646	
4925	152	
4926	327	
4927	932	
4928	670	
4929	769	
4930	197	
4931	457	
4932	365	
4933	375	
4934	923	
4935	254	
4936	586	
4937	971	
4938	150	
4939	416	
4940	928	
4941	357	
4942	187	
4943	501	
4944	937	
4945	778	
4946	618	
4947	398	
4948	411	
4949	208	
4950	935	
4951	951	
4952	85	
4953	310	
4954	29	
4955	820	
4956	544	
4957	311	
4958	59	
4959	500	
4960	263	
4961	829	
4962	193	
4963	839	
4964	9	
4965	727	
4966	649	
4967	921	
4968	428	
4969	309	
4970	168	
4971	46	
4972	393	
4973	488	
4974	444	
4975	126	
4976	436	
4977	437	
4978	837	
4979	448	
4980	899	
4981	24	
4982	621	
4983	360	
4984	52	
4985	515	
4986	754	
4987	218	
4988	281	
4989	494	
4990	297	
4991	270	
4992	996	
4993	134	
4994	890	
4995	996	
4996	541	
4997	208	
4998	696	
4999	271	
5000	793	
5001	908	
5002	415	
5003	516	
5004	898	
5005	260	
5006	14	
5007	889	
5008	27	
5009	780	
5010	29	
5011	696	
5012	146	
5013	209	
5014	565	
5015	587	
5016	127	
5017	508	
5018	516	
5019	79	
5020	353	
5021	686	
5022	368	
5023	507	
5024	997	
5025	691	
5026	97	
5027	656	
5028	688	
5029	593	
5030	529	
5031	632	
5032	721	
5033	23	
5034	525	
5035	704	
5036	122	
5037	656	
5038	90	
5039	216	
5040	726	
5041	552	
5042	938	
5043	575	
5044	74	
5045	59	
5046	71	
5047	457	
5048	677	
5049	658	
5050	404	
5051	875	
5052	81	
5053	903	
5054	1	
5055	91	
5056	50	
5057	45	
5058	925	
5059	914	
5060	427	
5061	243	
5062	635	
5063	747	
5064	318	
5065	720	
5066	911	
5067	291	
5068	834	
5069	77	
5070	192	
5071	992	
5072	20	
5073	608	
5074	6	
5075	4	
5076	577	
5077	805	
5078	330	
5079	665	
5080	655	
5081	684	
5082	618	
5083	493	
5084	713	
5085	192	
5086	404	
5087	373	
5088	690	
5089	252	
5090	631	
5091	170	
5092	958	
5093	629	
5094	719	
5095	385	
5096	366	
5097	4	
5098	192	
5099	220	
5100	554	
5101	155	
5102	344	
5103	580	
5104	950	
5105	229	
5106	22	
5107	256	
5108	247	
5109	960	
5110	951	
5111	965	
5112	605	
5113	779	
5114	701	
5115	277	
5116	73	
5117	730	
5118	312	
5119	705	
5120	381	
5121	991	
5122	607	
5123	162	
5124	56	
5125	832	
5126	213	
5127	97	
5128	505	
5129	470	
5130	582	
5131	780	
5132	905	
5133	593	
5134	529	
5135	450	
5136	268	
5137	694	
5138	629	
5139	675	
5140	597	
5141	259	
5142	341	
5143	258	
5144	470	
5145	471	
5146	630	
5147	501	
5148	896	
5149	348	
5150	190	
5151	65	
5152	85	
5153	775	
5154	156	
5155	424	
5156	282	
5157	652	
5158	644	
5159	836	
5160	136	
5161	140	
5162	842	
5163	651	
5164	752	
5165	864	
5166	43	
5167	259	
5168	581	
5169	940	
5170	145	
5171	716	
5172	307	
5173	647	
5174	821	
5175	851	
5176	667	
5177	215	
5178	389	
5179	227	
5180	246	
5181	104	
5182	749	
5183	51	
5184	200	
5185	123	
5186	959	
5187	204	
5188	508	
5189	576	
5190	621	
5191	2	
5192	67	
5193	398	
5194	203	
5195	512	
5196	783	
5197	223	
5198	888	
5199	70	
5200	633	
5201	255	
5202	835	
5203	140	
5204	625	
5205	876	
5206	127	
5207	774	
5208	828	
5209	84	
5210	529	
5211	15	
5212	973	
5213	627	
5214	678	
5215	151	
5216	774	
5217	300	
5218	264	
5219	344	
5220	301	
5221	661	
5222	80	
5223	938	
5224	186	
5225	198	
5226	434	
5227	212	
5228	61	
5229	880	
5230	478	
5231	548	
5232	90	
5233	55	
5234	322	
5235	875	
5236	86	
5237	369	
5238	643	
5239	155	
5240	288	
5241	830	
5242	459	
5243	610	
5244	59	
5245	928	
5246	689	
5247	159	
5248	160	
5249	666	
5250	46	
5251	713	
5252	870	
5253	379	
5254	740	
5255	989	
5256	340	
5257	274	
5258	351	
5259	494	
5260	491	
5261	832	
5262	917	
5263	356	
5264	878	
5265	811	
5266	327	
5267	440	
5268	738	
5269	351	
5270	191	
5271	427	
5272	416	
5273	212	
5274	346	
5275	412	
5276	200	
5277	157	
5278	717	
5279	553	
5280	102	
5281	588	
5282	802	
5283	626	
5284	31	
5285	81	
5286	178	
5287	283	
5288	130	
5289	474	
5290	945	
5291	455	
5292	896	
5293	570	
5294	294	
5295	528	
5296	149	
5297	891	
5298	554	
5299	228	
5300	743	
5301	237	
5302	38	
5303	222	
5304	628	
5305	423	
5306	119	
5307	45	
5308	926	
5309	994	
5310	795	
5311	501	
5312	567	
5313	971	
5314	347	
5315	745	
5316	975	
5317	560	
5318	809	
5319	907	
5320	19	
5321	799	
5322	777	
5323	39	
5324	901	
5325	732	
5326	313	
5327	741	
5328	505	
5329	481	
5330	602	
5331	158	
5332	771	
5333	884	
5334	446	
5335	940	
5336	723	
5337	238	
5338	546	
5339	4	
5340	514	
5341	833	
5342	75	
5343	660	
5344	308	
5345	287	
5346	138	
5347	967	
5348	359	
5349	687	
5350	434	
5351	573	
5352	896	
5353	961	
5354	278	
5355	262	
5356	890	
5357	982	
5358	526	
5359	758	
5360	71	
5361	483	
5362	440	
5363	783	
5364	374	
5365	452	
5366	320	
5367	636	
5368	838	
5369	83	
5370	114	
5371	49	
5372	71	
5373	40	
5374	580	
5375	110	
5376	517	
5377	631	
5378	79	
5379	619	
5380	598	
5381	207	
5382	749	
5383	915	
5384	712	
5385	79	
5386	969	
5387	699	
5388	822	
5389	145	
5390	492	
5391	225	
5392	258	
5393	209	
5394	28	
5395	359	
5396	913	
5397	885	
5398	828	
5399	7	
5400	660	
5401	891	
5402	584	
5403	30	
5404	83	
5405	23	
5406	703	
5407	274	
5408	265	
5409	932	
5410	185	
5411	350	
5412	133	
5413	848	
5414	713	
5415	971	
5416	869	
5417	642	
5418	290	
5419	70	
5420	498	
5421	605	
5422	315	
5423	47	
5424	8	
5425	276	
5426	613	
5427	237	
5428	452	
5429	597	
5430	161	
5431	452	
5432	446	
5433	353	
5434	748	
5435	40	
5436	319	
5437	207	
5438	780	
5439	625	
5440	337	
5441	830	
5442	457	
5443	912	
5444	252	
5445	289	
5446	183	
5447	366	
5448	380	
5449	562	
5450	937	
5451	904	
5452	605	
5453	266	
5454	557	
5455	551	
5456	970	
5457	4	
5458	995	
5459	410	
5460	807	
5461	431	
5462	855	
5463	588	
5464	820	
5465	3	
5466	341	
5467	834	
5468	450	
5469	680	
5470	114	
5471	539	
5472	85	
5473	412	
5474	71	
5475	576	
5476	770	
5477	395	
5478	510	
5479	563	
5480	88	
5481	14	
5482	517	
5483	705	
5484	625	
5485	423	
5486	480	
5487	442	
5488	39	
5489	897	
5490	592	
5491	317	
5492	969	
5493	809	
5494	560	
5495	78	
5496	261	
5497	233	
5498	148	
5499	802	
5500	237	
5501	346	
5502	674	
5503	767	
5504	492	
5505	510	
5506	426	
5507	631	
5508	736	
5509	710	
5510	352	
5511	683	
5512	239	
5513	615	
5514	766	
5515	89	
5516	883	
5517	604	
5518	28	
5519	791	
5520	648	
5521	810	
5522	762	
5523	623	
5524	682	
5525	276	
5526	474	
5527	436	
5528	322	
5529	268	
5530	680	
5531	153	
5532	272	
5533	692	
5534	699	
5535	822	
5536	207	
5537	670	
5538	107	
5539	140	
5540	285	
5541	921	
5542	330	
5543	709	
5544	986	
5545	437	
5546	677	
5547	719	
5548	990	
5549	619	
5550	826	
5551	112	
5552	429	
5553	607	
5554	162	
5555	552	
5556	636	
5557	424	
5558	461	
5559	212	
5560	106	
5561	292	
5562	346	
5563	126	
5564	986	
5565	822	
5566	758	
5567	272	
5568	373	
5569	970	
5570	217	
5571	800	
5572	170	
5573	69	
5574	487	
5575	650	
5576	440	
5577	767	
5578	946	
5579	676	
5580	416	
5581	514	
5582	106	
5583	578	
5584	381	
5585	506	
5586	247	
5587	136	
5588	565	
5589	308	
5590	555	
5591	734	
5592	902	
5593	305	
5594	122	
5595	643	
5596	924	
5597	697	
5598	347	
5599	948	
5600	543	
5601	114	
5602	110	
5603	227	
5604	495	
5605	593	
5606	5	
5607	866	
5608	642	
5609	542	
5610	813	
5611	567	
5612	105	
5613	97	
5614	236	
5615	928	
5616	361	
5617	256	
5618	394	
5619	318	
5620	325	
5621	497	
5622	185	
5623	419	
5624	430	
5625	370	
5626	839	
5627	45	
5628	165	
5629	285	
5630	361	
5631	123	
5632	389	
5633	432	
5634	487	
5635	692	
5636	307	
5637	718	
5638	484	
5639	645	
5640	735	
5641	929	
5642	93	
5643	313	
5644	883	
5645	482	
5646	287	
5647	744	
5648	776	
5649	668	
5650	874	
5651	490	
5652	413	
5653	958	
5654	274	
5655	627	
5656	762	
5657	703	
5658	922	
5659	518	
5660	886	
5661	90	
5662	465	
5663	484	
5664	30	
5665	82	
5666	719	
5667	884	
5668	567	
5669	564	
5670	958	
5671	170	
5672	521	
5673	289	
5674	195	
5675	842	
5676	884	
5677	74	
5678	571	
5679	347	
5680	491	
5681	148	
5682	912	
5683	662	
5684	917	
5685	396	
5686	284	
5687	317	
5688	337	
5689	42	
5690	963	
5691	710	
5692	903	
5693	15	
5694	610	
5695	136	
5696	923	
5697	640	
5698	468	
5699	115	
5700	563	
5701	818	
5702	521	
5703	513	
5704	805	
5705	638	
5706	566	
5707	697	
5708	788	
5709	244	
5710	794	
5711	144	
5712	458	
5713	273	
5714	780	
5715	871	
5716	565	
5717	203	
5718	784	
5719	154	
5720	707	
5721	497	
5722	929	
5723	677	
5724	999	
5725	773	
5726	653	
5727	215	
5728	68	
5729	131	
5730	774	
5731	608	
5732	406	
5733	969	
5734	933	
5735	724	
5736	374	
5737	79	
5738	647	
5739	559	
5740	428	
5741	246	
5742	58	
5743	344	
5744	388	
5745	42	
5746	622	
5747	888	
5748	796	
5749	674	
5750	325	
5751	858	
5752	138	
5753	916	
5754	213	
5755	330	
5756	407	
5757	331	
5758	514	
5759	896	
5760	368	
5761	379	
5762	454	
5763	236	
5764	569	
5765	449	
5766	723	
5767	457	
5768	218	
5769	333	
5770	438	
5771	971	
5772	196	
5773	249	
5774	843	
5775	242	
5776	562	
5777	216	
5778	485	
5779	687	
5780	634	
5781	730	
5782	180	
5783	428	
5784	59	
5785	156	
5786	14	
5787	94	
5788	551	
5789	626	
5790	969	
5791	188	
5792	16	
5793	567	
5794	524	
5795	574	
5796	556	
5797	393	
5798	963	
5799	128	
5800	330	
5801	455	
5802	922	
5803	390	
5804	475	
5805	844	
5806	190	
5807	296	
5808	380	
5809	211	
5810	617	
5811	789	
5812	641	
5813	66	
5814	101	
5815	265	
5816	553	
5817	209	
5818	213	
5819	696	
5820	758	
5821	354	
5822	873	
5823	226	
5824	323	
5825	768	
5826	664	
5827	223	
5828	318	
5829	314	
5830	845	
5831	18	
5832	461	
5833	542	
5834	164	
5835	792	
5836	930	
5837	600	
5838	907	
5839	399	
5840	233	
5841	554	
5842	915	
5843	801	
5844	607	
5845	643	
5846	175	
5847	624	
5848	682	
5849	59	
5850	986	
5851	593	
5852	125	
5853	154	
5854	946	
5855	483	
5856	338	
5857	734	
5858	409	
5859	279	
5860	991	
5861	627	
5862	336	
5863	711	
5864	740	
5865	218	
5866	611	
5867	840	
5868	649	
5869	693	
5870	170	
5871	618	
5872	346	
5873	254	
5874	859	
5875	932	
5876	628	
5877	605	
5878	59	
5879	858	
5880	447	
5881	985	
5882	92	
5883	177	
5884	403	
5885	115	
5886	5	
5887	887	
5888	797	
5889	784	
5890	607	
5891	477	
5892	953	
5893	501	
5894	876	
5895	262	
5896	551	
5897	163	
5898	608	
5899	23	
5900	367	
5901	282	
5902	850	
5903	399	
5904	767	
5905	79	
5906	377	
5907	414	
5908	33	
5909	463	
5910	64	
5911	807	
5912	887	
5913	187	
5914	316	
5915	839	
5916	393	
5917	597	
5918	626	
5919	206	
5920	507	
5921	535	
5922	324	
5923	306	
5924	618	
5925	320	
5926	915	
5927	817	
5928	677	
5929	776	
5930	579	
5931	237	
5932	493	
5933	968	
5934	755	
5935	535	
5936	975	
5937	100	
5938	252	
5939	838	
5940	574	
5941	322	
5942	863	
5943	399	
5944	323	
5945	323	
5946	41	
5947	540	
5948	303	
5949	855	
5950	961	
5951	399	
5952	941	
5953	258	
5954	470	
5955	158	
5956	674	
5957	243	
5958	426	
5959	5	
5960	63	
5961	993	
5962	659	
5963	561	
5964	339	
5965	750	
5966	79	
5967	385	
5968	106	
5969	558	
5970	869	
5971	349	
5972	179	
5973	998	
5974	48	
5975	920	
5976	227	
5977	895	
5978	405	
5979	160	
5980	316	
5981	690	
5982	817	
5983	66	
5984	683	
5985	82	
5986	589	
5987	24	
5988	411	
5989	847	
5990	516	
5991	684	
5992	428	
5993	959	
5994	817	
5995	260	
5996	80	
5997	253	
5998	404	
5999	126	
6000	90	
6001	116	
6002	795	
6003	915	
6004	375	
6005	362	
6006	418	
6007	205	
6008	230	
6009	671	
6010	397	
6011	186	
6012	777	
6013	245	
6014	299	
6015	328	
6016	604	
6017	287	
6018	962	
6019	825	
6020	771	
6021	916	
6022	631	
6023	454	
6024	445	
6025	18	
6026	549	
6027	326	
6028	165	
6029	157	
6030	682	
6031	742	
6032	637	
6033	959	
6034	407	
6035	287	
6036	810	
6037	639	
6038	606	
6039	612	
6040	989	
6041	957	
6042	252	
6043	891	
6044	286	
6045	73	
6046	766	
6047	857	
6048	25	
6049	513	
6050	621	
6051	168	
6052	914	
6053	905	
6054	524	
6055	331	
6056	290	
6057	674	
6058	878	
6059	822	
6060	745	
6061	949	
6062	122	
6063	152	
6064	611	
6065	519	
6066	777	
6067	394	
6068	558	
6069	333	
6070	244	
6071	798	
6072	199	
6073	14	
6074	256	
6075	490	
6076	2	
6077	278	
6078	299	
6079	821	
6080	473	
6081	343	
6082	814	
6083	614	
6084	929	
6085	207	
6086	938	
6087	386	
6088	346	
6089	646	
6090	877	
6091	85	
6092	909	
6093	590	
6094	988	
6095	29	
6096	438	
6097	747	
6098	344	
6099	587	
6100	753	
6101	179	
6102	763	
6103	875	
6104	46	
6105	981	
6106	778	
6107	200	
6108	270	
6109	643	
6110	834	
6111	443	
6112	725	
6113	633	
6114	956	
6115	259	
6116	384	
6117	733	
6118	858	
6119	188	
6120	118	
6121	359	
6122	137	
6123	354	
6124	289	
6125	32	
6126	256	
6127	692	
6128	347	
6129	724	
6130	925	
6131	155	
6132	427	
6133	418	
6134	36	
6135	538	
6136	39	
6137	816	
6138	145	
6139	925	
6140	449	
6141	545	
6142	746	
6143	532	
6144	925	
6145	976	
6146	624	
6147	174	
6148	566	
6149	764	
6150	612	
6151	24	
6152	518	
6153	172	
6154	228	
6155	94	
6156	820	
6157	650	
6158	941	
6159	862	
6160	965	
6161	698	
6162	96	
6163	690	
6164	325	
6165	161	
6166	758	
6167	867	
6168	293	
6169	872	
6170	198	
6171	24	
6172	309	
6173	15	
6174	164	
6175	695	
6176	560	
6177	444	
6178	569	
6179	56	
6180	692	
6181	708	
6182	999	
6183	223	
6184	361	
6185	398	
6186	171	
6187	744	
6188	471	
6189	757	
6190	339	
6191	971	
6192	82	
6193	516	
6194	488	
6195	423	
6196	207	
6197	137	
6198	99	
6199	688	
6200	886	
6201	836	
6202	344	
6203	346	
6204	735	
6205	479	
6206	783	
6207	861	
6208	759	
6209	581	
6210	592	
6211	249	
6212	434	
6213	364	
6214	516	
6215	737	
6216	664	
6217	597	
6218	193	
6219	274	
6220	529	
6221	744	
6222	68	
6223	146	
6224	659	
6225	899	
6226	997	
6227	179	
6228	841	
6229	642	
6230	368	
6231	967	
6232	202	
6233	773	
6234	936	
6235	3	
6236	658	
6237	582	
6238	300	
6239	966	
6240	33	
6241	82	
6242	436	
6243	920	
6244	655	
6245	861	
6246	307	
6247	693	
6248	722	
6249	824	
6250	668	
6251	106	
6252	804	
6253	420	
6254	534	
6255	644	
6256	479	
6257	694	
6258	849	
6259	181	
6260	834	
6261	51	
6262	200	
6263	816	
6264	939	
6265	186	
6266	502	
6267	930	
6268	172	
6269	815	
6270	347	
6271	537	
6272	456	
6273	796	
6274	783	
6275	558	
6276	708	
6277	207	
6278	675	
6279	156	
6280	880	
6281	216	
6282	340	
6283	496	
6284	141	
6285	145	
6286	801	
6287	9	
6288	31	
6289	918	
6290	386	
6291	478	
6292	98	
6293	949	
6294	929	
6295	477	
6296	559	
6297	293	
6298	298	
6299	952	
6300	989	
6301	864	
6302	508	
6303	375	
6304	873	
6305	338	
6306	318	
6307	915	
6308	344	
6309	585	
6310	693	
6311	854	
6312	490	
6313	132	
6314	803	
6315	525	
6316	399	
6317	119	
6318	534	
6319	32	
6320	875	
6321	539	
6322	256	
6323	926	
6324	507	
6325	815	
6326	355	
6327	971	
6328	422	
6329	795	
6330	11	
6331	52	
6332	446	
6333	705	
6334	78	
6335	847	
6336	615	
6337	213	
6338	204	
6339	734	
6340	189	
6341	436	
6342	1000	
6343	114	
6344	151	
6345	790	
6346	886	
6347	113	
6348	784	
6349	156	
6350	797	
6351	34	
6352	162	
6353	748	
6354	621	
6355	733	
6356	235	
6357	682	
6358	951	
6359	381	
6360	65	
6361	447	
6362	841	
6363	263	
6364	127	
6365	380	
6366	145	
6367	746	
6368	176	
6369	661	
6370	23	
6371	871	
6372	176	
6373	983	
6374	885	
6375	361	
6376	144	
6377	227	
6378	912	
6379	835	
6380	760	
6381	451	
6382	654	
6383	702	
6384	421	
6385	866	
6386	327	
6387	378	
6388	482	
6389	294	
6390	93	
6391	617	
6392	560	
6393	999	
6394	678	
6395	169	
6396	288	
6397	719	
6398	990	
6399	168	
6400	452	
6401	841	
6402	720	
6403	848	
6404	796	
6405	787	
6406	908	
6407	930	
6408	197	
6409	302	
6410	663	
6411	300	
6412	753	
6413	466	
6414	608	
6415	493	
6416	251	
6417	29	
6418	942	
6419	981	
6420	809	
6421	234	
6422	445	
6423	168	
6424	26	
6425	828	
6426	1000	
6427	969	
6428	656	
6429	242	
6430	285	
6431	489	
6432	901	
6433	266	
6434	374	
6435	439	
6436	407	
6437	392	
6438	156	
6439	742	
6440	741	
6441	293	
6442	756	
6443	252	
6444	633	
6445	282	
6446	27	
6447	351	
6448	285	
6449	732	
6450	587	
6451	584	
6452	568	
6453	967	
6454	422	
6455	105	
6456	944	
6457	117	
6458	287	
6459	752	
6460	791	
6461	654	
6462	558	
6463	660	
6464	593	
6465	807	
6466	722	
6467	700	
6468	657	
6469	53	
6470	990	
6471	589	
6472	913	
6473	960	
6474	790	
6475	122	
6476	952	
6477	907	
6478	1	
6479	931	
6480	707	
6481	640	
6482	254	
6483	152	
6484	63	
6485	437	
6486	289	
6487	357	
6488	954	
6489	307	
6490	44	
6491	438	
6492	951	
6493	323	
6494	680	
6495	473	
6496	664	
6497	193	
6498	940	
6499	200	
6500	924	
6501	323	
6502	233	
6503	982	
6504	520	
6505	89	
6506	246	
6507	255	
6508	847	
6509	796	
6510	696	
6511	90	
6512	388	
6513	248	
6514	222	
6515	336	
6516	917	
6517	635	
6518	205	
6519	76	
6520	455	
6521	750	
6522	31	
6523	874	
6524	678	
6525	544	
6526	860	
6527	330	
6528	675	
6529	64	
6530	451	
6531	51	
6532	309	
6533	138	
6534	983	
6535	322	
6536	627	
6537	662	
6538	700	
6539	283	
6540	798	
6541	101	
6542	632	
6543	692	
6544	289	
6545	221	
6546	740	
6547	238	
6548	650	
6549	674	
6550	499	
6551	845	
6552	712	
6553	389	
6554	464	
6555	605	
6556	788	
6557	607	
6558	841	
6559	972	
6560	642	
6561	67	
6562	592	
6563	373	
6564	151	
6565	633	
6566	29	
6567	513	
6568	642	
6569	471	
6570	7	
6571	877	
6572	61	
6573	256	
6574	218	
6575	272	
6576	10	
6577	583	
6578	616	
6579	811	
6580	224	
6581	530	
6582	130	
6583	577	
6584	333	
6585	537	
6586	422	
6587	438	
6588	787	
6589	117	
6590	424	
6591	434	
6592	333	
6593	203	
6594	722	
6595	501	
6596	896	
6597	761	
6598	142	
6599	602	
6600	780	
6601	341	
6602	344	
6603	245	
6604	307	
6605	43	
6606	958	
6607	911	
6608	366	
6609	525	
6610	833	
6611	934	
6612	492	
6613	938	
6614	900	
6615	431	
6616	253	
6617	729	
6618	577	
6619	446	
6620	80	
6621	300	
6622	897	
6623	594	
6624	307	
6625	800	
6626	882	
6627	924	
6628	137	
6629	225	
6630	960	
6631	333	
6632	330	
6633	40	
6634	158	
6635	821	
6636	712	
6637	62	
6638	700	
6639	128	
6640	822	
6641	72	
6642	208	
6643	800	
6644	521	
6645	667	
6646	327	
6647	648	
6648	745	
6649	622	
6650	19	
6651	357	
6652	814	
6653	148	
6654	379	
6655	301	
6656	148	
6657	513	
6658	784	
6659	369	
6660	257	
6661	274	
6662	156	
6663	908	
6664	532	
6665	87	
6666	682	
6667	875	
6668	941	
6669	331	
6670	667	
6671	988	
6672	593	
6673	471	
6674	533	
6675	817	
6676	621	
6677	588	
6678	795	
6679	996	
6680	520	
6681	432	
6682	858	
6683	674	
6684	371	
6685	893	
6686	375	
6687	106	
6688	978	
6689	999	
6690	771	
6691	213	
6692	49	
6693	460	
6694	857	
6695	5	
6696	777	
6697	547	
6698	172	
6699	215	
6700	706	
6701	511	
6702	699	
6703	707	
6704	849	
6705	980	
6706	815	
6707	1000	
6708	377	
6709	14	
6710	441	
6711	314	
6712	859	
6713	302	
6714	638	
6715	246	
6716	568	
6717	278	
6718	940	
6719	914	
6720	451	
6721	329	
6722	100	
6723	391	
6724	777	
6725	310	
6726	872	
6727	721	
6728	906	
6729	900	
6730	187	
6731	259	
6732	463	
6733	693	
6734	294	
6735	932	
6736	227	
6737	316	
6738	135	
6739	574	
6740	620	
6741	57	
6742	937	
6743	843	
6744	594	
6745	865	
6746	656	
6747	561	
6748	388	
6749	912	
6750	115	
6751	781	
6752	911	
6753	433	
6754	427	
6755	929	
6756	672	
6757	561	
6758	48	
6759	823	
6760	582	
6761	65	
6762	952	
6763	28	
6764	963	
6765	851	
6766	666	
6767	640	
6768	442	
6769	794	
6770	60	
6771	131	
6772	984	
6773	436	
6774	202	
6775	351	
6776	116	
6777	841	
6778	840	
6779	546	
6780	56	
6781	10	
6782	916	
6783	146	
6784	751	
6785	148	
6786	559	
6787	136	
6788	527	
6789	949	
6790	266	
6791	104	
6792	174	
6793	43	
6794	923	
6795	53	
6796	367	
6797	690	
6798	783	
6799	831	
6800	156	
6801	244	
6802	87	
6803	998	
6804	882	
6805	960	
6806	901	
6807	877	
6808	482	
6809	717	
6810	62	
6811	578	
6812	484	
6813	925	
6814	591	
6815	514	
6816	851	
6817	381	
6818	417	
6819	559	
6820	605	
6821	673	
6822	622	
6823	459	
6824	898	
6825	578	
6826	155	
6827	356	
6828	970	
6829	337	
6830	494	
6831	896	
6832	1	
6833	155	
6834	232	
6835	280	
6836	709	
6837	212	
6838	794	
6839	38	
6840	539	
6841	174	
6842	433	
6843	512	
6844	983	
6845	121	
6846	139	
6847	44	
6848	2	
6849	682	
6850	608	
6851	996	
6852	116	
6853	366	
6854	356	
6855	529	
6856	169	
6857	509	
6858	161	
6859	362	
6860	437	
6861	65	
6862	679	
6863	844	
6864	98	
6865	886	
6866	478	
6867	456	
6868	286	
6869	505	
6870	648	
6871	890	
6872	616	
6873	995	
6874	33	
6875	221	
6876	778	
6877	61	
6878	984	
6879	170	
6880	173	
6881	691	
6882	269	
6883	384	
6884	1	
6885	323	
6886	99	
6887	842	
6888	276	
6889	557	
6890	453	
6891	62	
6892	464	
6893	698	
6894	258	
6895	194	
6896	895	
6897	38	
6898	362	
6899	135	
6900	888	
6901	743	
6902	824	
6903	520	
6904	473	
6905	317	
6906	200	
6907	745	
6908	596	
6909	474	
6910	727	
6911	9	
6912	276	
6913	673	
6914	760	
6915	474	
6916	183	
6917	649	
6918	683	
6919	574	
6920	963	
6921	665	
6922	758	
6923	209	
6924	130	
6925	563	
6926	222	
6927	27	
6928	104	
6929	378	
6930	891	
6931	885	
6932	809	
6933	197	
6934	601	
6935	32	
6936	406	
6937	252	
6938	963	
6939	3	
6940	710	
6941	8	
6942	48	
6943	108	
6944	382	
6945	244	
6946	736	
6947	355	
6948	172	
6949	72	
6950	806	
6951	332	
6952	517	
6953	850	
6954	557	
6955	251	
6956	388	
6957	133	
6958	467	
6959	703	
6960	772	
6961	387	
6962	547	
6963	161	
6964	618	
6965	900	
6966	348	
6967	556	
6968	782	
6969	423	
6970	221	
6971	772	
6972	888	
6973	670	
6974	467	
6975	81	
6976	724	
6977	492	
6978	318	
6979	955	
6980	840	
6981	503	
6982	122	
6983	36	
6984	475	
6985	424	
6986	417	
6987	587	
6988	886	
6989	335	
6990	539	
6991	677	
6992	396	
6993	65	
6994	783	
6995	612	
6996	258	
6997	244	
6998	617	
6999	162	
7000	969	
7001	471	
7002	348	
7003	924	
7004	777	
7005	717	
7006	535	
7007	768	
7008	198	
7009	360	
7010	930	
7011	329	
7012	268	
7013	679	
7014	87	
7015	416	
7016	52	
7017	962	
7018	243	
7019	202	
7020	631	
7021	778	
7022	748	
7023	158	
7024	703	
7025	652	
7026	858	
7027	533	
7028	362	
7029	844	
7030	487	
7031	346	
7032	992	
7033	596	
7034	193	
7035	930	
7036	626	
7037	508	
7038	69	
7039	115	
7040	19	
7041	353	
7042	403	
7043	398	
7044	872	
7045	952	
7046	710	
7047	230	
7048	209	
7049	649	
7050	658	
7051	631	
7052	104	
7053	590	
7054	798	
7055	450	
7056	110	
7057	259	
7058	802	
7059	998	
7060	530	
7061	669	
7062	895	
7063	70	
7064	339	
7065	645	
7066	811	
7067	519	
7068	435	
7069	924	
7070	812	
7071	199	
7072	460	
7073	446	
7074	882	
7075	649	
7076	540	
7077	753	
7078	735	
7079	182	
7080	906	
7081	236	
7082	616	
7083	363	
7084	928	
7085	762	
7086	562	
7087	912	
7088	921	
7089	6	
7090	423	
7091	780	
7092	281	
7093	727	
7094	97	
7095	467	
7096	90	
7097	187	
7098	43	
7099	354	
7100	259	
7101	397	
7102	845	
7103	127	
7104	792	
7105	264	
7106	510	
7107	163	
7108	879	
7109	507	
7110	161	
7111	265	
7112	102	
7113	452	
7114	251	
7115	798	
7116	160	
7117	463	
7118	992	
7119	353	
7120	903	
7121	295	
7122	107	
7123	314	
7124	344	
7125	17	
7126	116	
7127	660	
7128	604	
7129	717	
7130	721	
7131	276	
7132	539	
7133	798	
7134	480	
7135	697	
7136	624	
7137	167	
7138	512	
7139	732	
7140	474	
7141	917	
7142	253	
7143	607	
7144	430	
7145	785	
7146	779	
7147	768	
7148	896	
7149	261	
7150	424	
7151	52	
7152	721	
7153	4	
7154	692	
7155	902	
7156	839	
7157	100	
7158	89	
7159	47	
7160	66	
7161	964	
7162	12	
7163	749	
7164	114	
7165	352	
7166	84	
7167	766	
7168	188	
7169	898	
7170	944	
7171	355	
7172	772	
7173	464	
7174	939	
7175	879	
7176	370	
7177	67	
7178	417	
7179	912	
7180	31	
7181	611	
7182	201	
7183	626	
7184	334	
7185	645	
7186	42	
7187	328	
7188	93	
7189	463	
7190	296	
7191	237	
7192	403	
7193	104	
7194	213	
7195	980	
7196	193	
7197	346	
7198	450	
7199	685	
7200	499	
7201	850	
7202	357	
7203	593	
7204	294	
7205	460	
7206	882	
7207	731	
7208	801	
7209	785	
7210	509	
7211	78	
7212	990	
7213	906	
7214	267	
7215	339	
7216	255	
7217	35	
7218	454	
7219	362	
7220	243	
7221	323	
7222	456	
7223	109	
7224	360	
7225	760	
7226	212	
7227	786	
7228	136	
7229	518	
7230	257	
7231	599	
7232	6	
7233	534	
7234	376	
7235	238	
7236	216	
7237	72	
7238	523	
7239	368	
7240	652	
7241	491	
7242	918	
7243	931	
7244	308	
7245	81	
7246	912	
7247	326	
7248	420	
7249	622	
7250	104	
7251	186	
7252	336	
7253	168	
7254	161	
7255	384	
7256	777	
7257	989	
7258	808	
7259	591	
7260	542	
7261	233	
7262	507	
7263	948	
7264	445	
7265	431	
7266	537	
7267	137	
7268	697	
7269	501	
7270	214	
7271	704	
7272	570	
7273	587	
7274	925	
7275	767	
7276	890	
7277	545	
7278	478	
7279	140	
7280	676	
7281	686	
7282	167	
7283	320	
7284	293	
7285	973	
7286	533	
7287	398	
7288	5	
7289	343	
7290	650	
7291	874	
7292	28	
7293	462	
7294	157	
7295	347	
7296	199	
7297	229	
7298	927	
7299	635	
7300	882	
7301	531	
7302	786	
7303	523	
7304	156	
7305	606	
7306	610	
7307	298	
7308	176	
7309	314	
7310	693	
7311	853	
7312	776	
7313	786	
7314	908	
7315	341	
7316	298	
7317	35	
7318	826	
7319	902	
7320	253	
7321	789	
7322	433	
7323	828	
7324	970	
7325	427	
7326	386	
7327	861	
7328	277	
7329	735	
7330	19	
7331	683	
7332	458	
7333	289	
7334	216	
7335	505	
7336	402	
7337	127	
7338	108	
7339	347	
7340	406	
7341	3	
7342	150	
7343	16	
7344	336	
7345	194	
7346	567	
7347	161	
7348	174	
7349	601	
7350	672	
7351	313	
7352	176	
7353	656	
7354	958	
7355	796	
7356	215	
7357	344	
7358	104	
7359	114	
7360	310	
7361	814	
7362	76	
7363	402	
7364	834	
7365	808	
7366	311	
7367	161	
7368	804	
7369	580	
7370	876	
7371	107	
7372	371	
7373	549	
7374	513	
7375	590	
7376	411	
7377	56	
7378	919	
7379	739	
7380	658	
7381	176	
7382	752	
7383	334	
7384	752	
7385	911	
7386	97	
7387	699	
7388	244	
7389	663	
7390	687	
7391	681	
7392	947	
7393	362	
7394	52	
7395	960	
7396	522	
7397	367	
7398	552	
7399	684	
7400	272	
7401	982	
7402	121	
7403	305	
7404	559	
7405	728	
7406	470	
7407	542	
7408	578	
7409	457	
7410	397	
7411	780	
7412	302	
7413	736	
7414	266	
7415	790	
7416	986	
7417	691	
7418	545	
7419	945	
7420	816	
7421	566	
7422	969	
7423	322	
7424	28	
7425	714	
7426	336	
7427	364	
7428	786	
7429	287	
7430	307	
7431	409	
7432	425	
7433	924	
7434	189	
7435	342	
7436	620	
7437	291	
7438	412	
7439	785	
7440	276	
7441	64	
7442	65	
7443	860	
7444	457	
7445	208	
7446	78	
7447	961	
7448	25	
7449	108	
7450	503	
7451	437	
7452	957	
7453	797	
7454	899	
7455	15	
7456	800	
7457	855	
7458	723	
7459	871	
7460	201	
7461	280	
7462	199	
7463	841	
7464	965	
7465	127	
7466	925	
7467	634	
7468	791	
7469	663	
7470	619	
7471	303	
7472	531	
7473	547	
7474	970	
7475	114	
7476	468	
7477	401	
7478	715	
7479	942	
7480	275	
7481	841	
7482	139	
7483	904	
7484	312	
7485	933	
7486	552	
7487	246	
7488	624	
7489	945	
7490	627	
7491	897	
7492	479	
7493	881	
7494	37	
7495	236	
7496	205	
7497	255	
7498	484	
7499	868	
7500	787	
7501	956	
7502	765	
7503	375	
7504	708	
7505	915	
7506	649	
7507	135	
7508	478	
7509	419	
7510	282	
7511	566	
7512	448	
7513	235	
7514	668	
7515	433	
7516	76	
7517	326	
7518	70	
7519	519	
7520	364	
7521	407	
7522	984	
7523	545	
7524	909	
7525	627	
7526	821	
7527	209	
7528	569	
7529	995	
7530	864	
7531	821	
7532	750	
7533	841	
7534	216	
7535	770	
7536	10	
7537	7	
7538	245	
7539	427	
7540	688	
7541	413	
7542	394	
7543	881	
7544	810	
7545	306	
7546	235	
7547	330	
7548	871	
7549	663	
7550	142	
7551	588	
7552	507	
7553	577	
7554	539	
7555	808	
7556	947	
7557	846	
7558	438	
7559	385	
7560	232	
7561	348	
7562	833	
7563	900	
7564	17	
7565	686	
7566	716	
7567	736	
7568	219	
7569	944	
7570	191	
7571	589	
7572	98	
7573	120	
7574	508	
7575	838	
7576	630	
7577	365	
7578	55	
7579	120	
7580	89	
7581	977	
7582	423	
7583	75	
7584	494	
7585	969	
7586	972	
7587	157	
7588	129	
7589	825	
7590	89	
7591	884	
7592	914	
7593	882	
7594	113	
7595	674	
7596	843	
7597	253	
7598	866	
7599	184	
7600	255	
7601	262	
7602	799	
7603	190	
7604	291	
7605	844	
7606	32	
7607	6	
7608	727	
7609	853	
7610	881	
7611	534	
7612	955	
7613	788	
7614	242	
7615	124	
7616	956	
7617	93	
7618	11	
7619	274	
7620	246	
7621	373	
7622	677	
7623	905	
7624	937	
7625	196	
7626	357	
7627	943	
7628	637	
7629	60	
7630	682	
7631	99	
7632	751	
7633	424	
7634	876	
7635	773	
7636	188	
7637	760	
7638	533	
7639	784	
7640	91	
7641	137	
7642	729	
7643	146	
7644	445	
7645	231	
7646	87	
7647	312	
7648	574	
7649	605	
7650	679	
7651	516	
7652	83	
7653	161	
7654	299	
7655	169	
7656	131	
7657	2	
7658	168	
7659	554	
7660	271	
7661	203	
7662	548	
7663	488	
7664	483	
7665	487	
7666	87	
7667	315	
7668	821	
7669	781	
7670	620	
7671	238	
7672	787	
7673	875	
7674	998	
7675	69	
7676	767	
7677	971	
7678	541	
7679	471	
7680	380	
7681	195	
7682	992	
7683	718	
7684	7	
7685	462	
7686	347	
7687	787	
7688	888	
7689	118	
7690	304	
7691	428	
7692	840	
7693	843	
7694	191	
7695	488	
7696	419	
7697	27	
7698	39	
7699	296	
7700	853	
7701	978	
7702	84	
7703	133	
7704	870	
7705	872	
7706	137	
7707	70	
7708	456	
7709	968	
7710	949	
7711	960	
7712	253	
7713	604	
7714	624	
7715	294	
7716	643	
7717	260	
7718	692	
7719	288	
7720	433	
7721	662	
7722	110	
7723	13	
7724	689	
7725	660	
7726	571	
7727	915	
7728	678	
7729	499	
7730	526	
7731	387	
7732	829	
7733	328	
7734	846	
7735	952	
7736	405	
7737	739	
7738	938	
7739	254	
7740	736	
7741	805	
7742	878	
7743	780	
7744	698	
7745	107	
7746	773	
7747	748	
7748	583	
7749	570	
7750	559	
7751	848	
7752	694	
7753	170	
7754	313	
7755	836	
7756	346	
7757	54	
7758	682	
7759	8	
7760	53	
7761	824	
7762	729	
7763	53	
7764	276	
7765	311	
7766	922	
7767	101	
7768	912	
7769	922	
7770	24	
7771	188	
7772	385	
7773	635	
7774	146	
7775	19	
7776	402	
7777	886	
7778	415	
7779	313	
7780	178	
7781	377	
7782	179	
7783	490	
7784	919	
7785	140	
7786	570	
7787	26	
7788	186	
7789	776	
7790	906	
7791	512	
7792	439	
7793	625	
7794	51	
7795	301	
7796	371	
7797	422	
7798	303	
7799	100	
7800	206	
7801	13	
7802	268	
7803	818	
7804	673	
7805	329	
7806	270	
7807	972	
7808	599	
7809	94	
7810	943	
7811	685	
7812	837	
7813	425	
7814	138	
7815	255	
7816	147	
7817	850	
7818	89	
7819	391	
7820	82	
7821	11	
7822	643	
7823	427	
7824	941	
7825	399	
7826	82	
7827	517	
7828	218	
7829	654	
7830	342	
7831	678	
7832	968	
7833	485	
7834	453	
7835	469	
7836	648	
7837	248	
7838	269	
7839	640	
7840	798	
7841	58	
7842	533	
7843	80	
7844	287	
7845	273	
7846	257	
7847	815	
7848	114	
7849	324	
7850	405	
7851	818	
7852	241	
7853	182	
7854	846	
7855	80	
7856	423	
7857	762	
7858	550	
7859	738	
7860	96	
7861	182	
7862	863	
7863	963	
7864	518	
7865	58	
7866	628	
7867	128	
7868	960	
7869	976	
7870	229	
7871	559	
7872	274	
7873	459	
7874	721	
7875	849	
7876	993	
7877	26	
7878	771	
7879	817	
7880	958	
7881	499	
7882	71	
7883	179	
7884	736	
7885	802	
7886	523	
7887	648	
7888	436	
7889	905	
7890	585	
7891	615	
7892	510	
7893	319	
7894	961	
7895	571	
7896	743	
7897	612	
7898	481	
7899	81	
7900	606	
7901	856	
7902	390	
7903	120	
7904	673	
7905	473	
7906	890	
7907	360	
7908	3	
7909	155	
7910	30	
7911	733	
7912	125	
7913	599	
7914	14	
7915	204	
7916	463	
7917	807	
7918	690	
7919	402	
7920	245	
7921	373	
7922	425	
7923	154	
7924	204	
7925	25	
7926	349	
7927	917	
7928	515	
7929	786	
7930	867	
7931	665	
7932	645	
7933	145	
7934	730	
7935	284	
7936	323	
7937	659	
7938	673	
7939	439	
7940	484	
7941	757	
7942	146	
7943	917	
7944	15	
7945	423	
7946	403	
7947	203	
7948	253	
7949	636	
7950	754	
7951	407	
7952	985	
7953	526	
7954	806	
7955	611	
7956	497	
7957	739	
7958	978	
7959	426	
7960	36	
7961	660	
7962	771	
7963	31	
7964	411	
7965	187	
7966	30	
7967	370	
7968	266	
7969	338	
7970	557	
7971	420	
7972	341	
7973	200	
7974	529	
7975	383	
7976	717	
7977	660	
7978	718	
7979	768	
7980	491	
7981	930	
7982	995	
7983	183	
7984	865	
7985	307	
7986	609	
7987	308	
7988	126	
7989	366	
7990	505	
7991	721	
7992	368	
7993	180	
7994	249	
7995	420	
7996	993	
7997	741	
7998	885	
7999	3	
8000	844	
8001	5	
8002	575	
8003	767	
8004	38	
8005	147	
8006	161	
8007	340	
8008	823	
8009	590	
8010	254	
8011	437	
8012	272	
8013	896	
8014	719	
8015	41	
8016	741	
8017	477	
8018	658	
8019	395	
8020	642	
8021	930	
8022	850	
8023	11	
8024	831	
8025	8	
8026	916	
8027	47	
8028	446	
8029	168	
8030	237	
8031	263	
8032	505	
8033	773	
8034	30	
8035	953	
8036	334	
8037	847	
8038	738	
8039	443	
8040	933	
8041	924	
8042	668	
8043	448	
8044	86	
8045	535	
8046	316	
8047	222	
8048	196	
8049	499	
8050	248	
8051	848	
8052	134	
8053	382	
8054	20	
8055	104	
8056	435	
8057	536	
8058	125	
8059	313	
8060	275	
8061	747	
8062	263	
8063	917	
8064	274	
8065	74	
8066	900	
8067	546	
8068	230	
8069	572	
8070	941	
8071	205	
8072	998	
8073	39	
8074	192	
8075	585	
8076	34	
8077	663	
8078	778	
8079	238	
8080	943	
8081	414	
8082	420	
8083	356	
8084	858	
8085	491	
8086	256	
8087	559	
8088	258	
8089	805	
8090	163	
8091	458	
8092	232	
8093	279	
8094	738	
8095	102	
8096	967	
8097	219	
8098	902	
8099	618	
8100	934	
8101	321	
8102	802	
8103	73	
8104	762	
8105	935	
8106	169	
8107	113	
8108	919	
8109	127	
8110	107	
8111	704	
8112	134	
8113	734	
8114	662	
8115	543	
8116	725	
8117	769	
8118	734	
8119	641	
8120	708	
8121	687	
8122	663	
8123	890	
8124	268	
8125	228	
8126	503	
8127	561	
8128	896	
8129	521	
8130	319	
8131	360	
8132	277	
8133	959	
8134	928	
8135	608	
8136	115	
8137	643	
8138	744	
8139	496	
8140	467	
8141	656	
8142	532	
8143	453	
8144	824	
8145	898	
8146	61	
8147	272	
8148	112	
8149	775	
8150	125	
8151	885	
8152	970	
8153	38	
8154	977	
8155	776	
8156	512	
8157	257	
8158	486	
8159	263	
8160	612	
8161	140	
8162	533	
8163	965	
8164	508	
8165	629	
8166	161	
8167	794	
8168	111	
8169	68	
8170	109	
8171	805	
8172	534	
8173	786	
8174	456	
8175	780	
8176	814	
8177	347	
8178	722	
8179	512	
8180	875	
8181	741	
8182	478	
8183	988	
8184	956	
8185	649	
8186	408	
8187	492	
8188	747	
8189	735	
8190	750	
8191	872	
8192	27	
8193	379	
8194	785	
8195	712	
8196	530	
8197	660	
8198	26	
8199	743	
8200	150	
8201	865	
8202	127	
8203	209	
8204	330	
8205	348	
8206	197	
8207	846	
8208	695	
8209	449	
8210	853	
8211	295	
8212	573	
8213	885	
8214	601	
8215	438	
8216	705	
8217	928	
8218	765	
8219	336	
8220	806	
8221	557	
8222	752	
8223	427	
8224	335	
8225	191	
8226	74	
8227	26	
8228	928	
8229	972	
8230	109	
8231	422	
8232	529	
8233	347	
8234	462	
8235	316	
8236	381	
8237	167	
8238	700	
8239	747	
8240	405	
8241	691	
8242	61	
8243	516	
8244	775	
8245	205	
8246	877	
8247	874	
8248	274	
8249	381	
8250	711	
8251	498	
8252	281	
8253	68	
8254	507	
8255	289	
8256	62	
8257	168	
8258	497	
8259	794	
8260	326	
8261	44	
8262	738	
8263	239	
8264	32	
8265	58	
8266	916	
8267	429	
8268	471	
8269	74	
8270	572	
8271	626	
8272	853	
8273	546	
8274	451	
8275	776	
8276	48	
8277	733	
8278	66	
8279	713	
8280	367	
8281	702	
8282	496	
8283	714	
8284	795	
8285	412	
8286	969	
8287	106	
8288	56	
8289	517	
8290	678	
8291	842	
8292	179	
8293	501	
8294	177	
8295	596	
8296	715	
8297	741	
8298	431	
8299	69	
8300	657	
8301	374	
8302	446	
8303	36	
8304	250	
8305	133	
8306	502	
8307	835	
8308	385	
8309	751	
8310	186	
8311	867	
8312	231	
8313	195	
8314	589	
8315	953	
8316	781	
8317	629	
8318	719	
8319	525	
8320	70	
8321	62	
8322	872	
8323	479	
8324	424	
8325	959	
8326	433	
8327	699	
8328	729	
8329	37	
8330	959	
8331	107	
8332	211	
8333	739	
8334	9	
8335	169	
8336	314	
8337	149	
8338	751	
8339	148	
8340	482	
8341	209	
8342	355	
8343	599	
8344	579	
8345	286	
8346	721	
8347	831	
8348	279	
8349	534	
8350	584	
8351	283	
8352	272	
8353	213	
8354	280	
8355	748	
8356	36	
8357	81	
8358	35	
8359	772	
8360	411	
8361	681	
8362	646	
8363	57	
8364	164	
8365	552	
8366	839	
8367	40	
8368	365	
8369	522	
8370	678	
8371	444	
8372	578	
8373	123	
8374	445	
8375	70	
8376	955	
8377	164	
8378	154	
8379	700	
8380	592	
8381	935	
8382	738	
8383	500	
8384	245	
8385	432	
8386	269	
8387	199	
8388	856	
8389	196	
8390	662	
8391	568	
8392	448	
8393	675	
8394	458	
8395	380	
8396	189	
8397	574	
8398	141	
8399	954	
8400	12	
8401	51	
8402	674	
8403	970	
8404	858	
8405	174	
8406	938	
8407	959	
8408	478	
8409	776	
8410	193	
8411	719	
8412	561	
8413	282	
8414	493	
8415	591	
8416	494	
8417	383	
8418	512	
8419	609	
8420	324	
8421	287	
8422	283	
8423	695	
8424	441	
8425	8	
8426	547	
8427	719	
8428	150	
8429	757	
8430	582	
8431	398	
8432	231	
8433	241	
8434	700	
8435	359	
8436	226	
8437	570	
8438	559	
8439	299	
8440	37	
8441	232	
8442	229	
8443	416	
8444	689	
8445	869	
8446	291	
8447	333	
8448	99	
8449	468	
8450	497	
8451	529	
8452	775	
8453	435	
8454	482	
8455	488	
8456	133	
8457	363	
8458	170	
8459	856	
8460	918	
8461	492	
8462	144	
8463	502	
8464	358	
8465	875	
8466	427	
8467	699	
8468	881	
8469	174	
8470	23	
8471	810	
8472	559	
8473	85	
8474	535	
8475	105	
8476	945	
8477	256	
8478	601	
8479	949	
8480	451	
8481	901	
8482	727	
8483	992	
8484	706	
8485	224	
8486	658	
8487	333	
8488	614	
8489	546	
8490	407	
8491	879	
8492	398	
8493	252	
8494	316	
8495	583	
8496	48	
8497	267	
8498	776	
8499	813	
8500	160	
8501	251	
8502	672	
8503	964	
8504	325	
8505	862	
8506	22	
8507	448	
8508	121	
8509	244	
8510	802	
8511	760	
8512	847	
8513	426	
8514	355	
8515	422	
8516	893	
8517	117	
8518	124	
8519	355	
8520	257	
8521	773	
8522	553	
8523	382	
8524	166	
8525	901	
8526	353	
8527	252	
8528	206	
8529	654	
8530	827	
8531	622	
8532	638	
8533	305	
8534	747	
8535	552	
8536	119	
8537	460	
8538	268	
8539	405	
8540	344	
8541	521	
8542	900	
8543	38	
8544	231	
8545	812	
8546	965	
8547	514	
8548	831	
8549	931	
8550	704	
8551	516	
8552	865	
8553	342	
8554	537	
8555	978	
8556	725	
8557	326	
8558	824	
8559	426	
8560	415	
8561	279	
8562	236	
8563	837	
8564	852	
8565	55	
8566	319	
8567	406	
8568	716	
8569	206	
8570	742	
8571	681	
8572	615	
8573	110	
8574	472	
8575	182	
8576	18	
8577	795	
8578	732	
8579	733	
8580	681	
8581	90	
8582	21	
8583	424	
8584	20	
8585	914	
8586	967	
8587	742	
8588	212	
8589	759	
8590	696	
8591	852	
8592	580	
8593	716	
8594	618	
8595	500	
8596	578	
8597	158	
8598	325	
8599	607	
8600	805	
8601	782	
8602	719	
8603	844	
8604	254	
8605	900	
8606	29	
8607	345	
8608	721	
8609	46	
8610	625	
8611	662	
8612	531	
8613	681	
8614	148	
8615	415	
8616	403	
8617	836	
8618	74	
8619	600	
8620	882	
8621	994	
8622	467	
8623	56	
8624	941	
8625	366	
8626	845	
8627	848	
8628	319	
8629	246	
8630	269	
8631	379	
8632	705	
8633	105	
8634	973	
8635	894	
8636	556	
8637	211	
8638	780	
8639	838	
8640	539	
8641	294	
8642	739	
8643	918	
8644	516	
8645	73	
8646	716	
8647	728	
8648	437	
8649	186	
8650	347	
8651	185	
8652	288	
8653	933	
8654	958	
8655	983	
8656	297	
8657	908	
8658	847	
8659	388	
8660	468	
8661	582	
8662	190	
8663	658	
8664	409	
8665	378	
8666	456	
8667	150	
8668	714	
8669	794	
8670	709	
8671	934	
8672	865	
8673	819	
8674	435	
8675	733	
8676	908	
8677	201	
8678	222	
8679	820	
8680	555	
8681	565	
8682	889	
8683	112	
8684	294	
8685	112	
8686	740	
8687	776	
8688	33	
8689	79	
8690	781	
8691	878	
8692	617	
8693	574	
8694	81	
8695	979	
8696	829	
8697	199	
8698	290	
8699	516	
8700	648	
8701	338	
8702	919	
8703	393	
8704	291	
8705	692	
8706	681	
8707	98	
8708	117	
8709	714	
8710	538	
8711	66	
8712	540	
8713	436	
8714	934	
8715	654	
8716	75	
8717	948	
8718	395	
8719	293	
8720	572	
8721	894	
8722	426	
8723	574	
8724	189	
8725	848	
8726	845	
8727	814	
8728	13	
8729	81	
8730	849	
8731	378	
8732	101	
8733	531	
8734	595	
8735	439	
8736	696	
8737	98	
8738	476	
8739	414	
8740	893	
8741	324	
8742	927	
8743	787	
8744	210	
8745	624	
8746	967	
8747	195	
8748	256	
8749	377	
8750	708	
8751	355	
8752	635	
8753	899	
8754	356	
8755	806	
8756	281	
8757	690	
8758	779	
8759	581	
8760	512	
8761	39	
8762	581	
8763	334	
8764	945	
8765	444	
8766	113	
8767	815	
8768	137	
8769	156	
8770	669	
8771	809	
8772	804	
8773	942	
8774	678	
8775	887	
8776	226	
8777	129	
8778	831	
8779	726	
8780	493	
8781	815	
8782	462	
8783	389	
8784	814	
8785	971	
8786	564	
8787	868	
8788	468	
8789	948	
8790	299	
8791	558	
8792	478	
8793	282	
8794	383	
8795	792	
8796	214	
8797	774	
8798	768	
8799	585	
8800	294	
8801	955	
8802	500	
8803	666	
8804	676	
8805	393	
8806	54	
8807	701	
8808	367	
8809	966	
8810	668	
8811	424	
8812	729	
8813	789	
8814	210	
8815	905	
8816	892	
8817	289	
8818	873	
8819	944	
8820	823	
8821	896	
8822	468	
8823	369	
8824	856	
8825	34	
8826	775	
8827	9	
8828	762	
8829	48	
8830	528	
8831	662	
8832	590	
8833	663	
8834	296	
8835	770	
8836	235	
8837	781	
8838	49	
8839	166	
8840	47	
8841	640	
8842	86	
8843	784	
8844	604	
8845	316	
8846	783	
8847	607	
8848	414	
8849	419	
8850	324	
8851	419	
8852	842	
8853	708	
8854	679	
8855	24	
8856	302	
8857	342	
8858	453	
8859	561	
8860	533	
8861	987	
8862	883	
8863	134	
8864	818	
8865	976	
8866	194	
8867	304	
8868	617	
8869	729	
8870	508	
8871	730	
8872	875	
8873	567	
8874	398	
8875	559	
8876	888	
8877	59	
8878	943	
8879	408	
8880	476	
8881	401	
8882	413	
8883	621	
8884	284	
8885	152	
8886	764	
8887	624	
8888	848	
8889	23	
8890	48	
8891	967	
8892	104	
8893	295	
8894	711	
8895	969	
8896	785	
8897	109	
8898	305	
8899	877	
8900	247	
8901	758	
8902	714	
8903	400	
8904	2	
8905	722	
8906	604	
8907	717	
8908	707	
8909	179	
8910	119	
8911	4	
8912	653	
8913	613	
8914	3	
8915	13	
8916	38	
8917	541	
8918	202	
8919	180	
8920	405	
8921	348	
8922	504	
8923	877	
8924	659	
8925	139	
8926	308	
8927	462	
8928	412	
8929	366	
8930	262	
8931	289	
8932	925	
8933	923	
8934	977	
8935	889	
8936	389	
8937	130	
8938	344	
8939	666	
8940	862	
8941	315	
8942	74	
8943	715	
8944	138	
8945	485	
8946	95	
8947	60	
8948	672	
8949	243	
8950	354	
8951	546	
8952	494	
8953	518	
8954	255	
8955	976	
8956	822	
8957	712	
8958	788	
8959	470	
8960	795	
8961	12	
8962	561	
8963	731	
8964	66	
8965	553	
8966	801	
8967	724	
8968	92	
8969	206	
8970	169	
8971	981	
8972	824	
8973	373	
8974	334	
8975	236	
8976	730	
8977	81	
8978	153	
8979	946	
8980	825	
8981	161	
8982	843	
8983	411	
8984	626	
8985	821	
8986	827	
8987	595	
8988	104	
8989	702	
8990	981	
8991	384	
8992	645	
8993	663	
8994	633	
8995	492	
8996	319	
8997	64	
8998	252	
8999	682	
9000	702	
9001	199	
9002	320	
9003	806	
9004	930	
9005	863	
9006	916	
9007	711	
9008	207	
9009	698	
9010	752	
9011	614	
9012	402	
9013	776	
9014	319	
9015	950	
9016	618	
9017	224	
9018	844	
9019	83	
9020	506	
9021	564	
9022	903	
9023	189	
9024	363	
9025	927	
9026	719	
9027	572	
9028	388	
9029	519	
9030	584	
9031	611	
9032	756	
9033	117	
9034	116	
9035	350	
9036	907	
9037	625	
9038	827	
9039	846	
9040	726	
9041	912	
9042	437	
9043	961	
9044	914	
9045	688	
9046	11	
9047	452	
9048	926	
9049	824	
9050	459	
9051	411	
9052	843	
9053	874	
9054	187	
9055	205	
9056	357	
9057	787	
9058	947	
9059	802	
9060	712	
9061	327	
9062	845	
9063	38	
9064	701	
9065	455	
9066	558	
9067	221	
9068	76	
9069	940	
9070	188	
9071	911	
9072	82	
9073	411	
9074	543	
9075	403	
9076	258	
9077	944	
9078	210	
9079	741	
9080	357	
9081	445	
9082	880	
9083	201	
9084	228	
9085	370	
9086	777	
9087	23	
9088	698	
9089	900	
9090	196	
9091	807	
9092	876	
9093	328	
9094	332	
9095	988	
9096	74	
9097	430	
9098	950	
9099	691	
9100	573	
9101	776	
9102	390	
9103	738	
9104	633	
9105	162	
9106	471	
9107	835	
9108	290	
9109	705	
9110	162	
9111	624	
9112	472	
9113	670	
9114	571	
9115	206	
9116	460	
9117	178	
9118	480	
9119	132	
9120	507	
9121	857	
9122	355	
9123	186	
9124	760	
9125	849	
9126	13	
9127	189	
9128	755	
9129	937	
9130	971	
9131	911	
9132	318	
9133	76	
9134	99	
9135	384	
9136	675	
9137	365	
9138	37	
9139	786	
9140	721	
9141	635	
9142	963	
9143	846	
9144	62	
9145	380	
9146	11	
9147	577	
9148	741	
9149	147	
9150	785	
9151	619	
9152	431	
9153	419	
9154	543	
9155	301	
9156	67	
9157	435	
9158	456	
9159	232	
9160	559	
9161	721	
9162	70	
9163	298	
9164	710	
9165	833	
9166	288	
9167	169	
9168	257	
9169	558	
9170	328	
9171	551	
9172	520	
9173	613	
9174	526	
9175	710	
9176	489	
9177	734	
9178	72	
9179	811	
9180	588	
9181	676	
9182	996	
9183	974	
9184	615	
9185	194	
9186	658	
9187	685	
9188	709	
9189	21	
9190	780	
9191	549	
9192	967	
9193	342	
9194	470	
9195	219	
9196	717	
9197	551	
9198	312	
9199	997	
9200	315	
9201	683	
9202	769	
9203	707	
9204	279	
9205	783	
9206	867	
9207	153	
9208	982	
9209	997	
9210	196	
9211	492	
9212	972	
9213	982	
9214	872	
9215	962	
9216	947	
9217	637	
9218	713	
9219	605	
9220	104	
9221	136	
9222	57	
9223	46	
9224	299	
9225	632	
9226	332	
9227	371	
9228	861	
9229	437	
9230	521	
9231	627	
9232	721	
9233	668	
9234	911	
9235	590	
9236	493	
9237	147	
9238	378	
9239	543	
9240	104	
9241	401	
9242	997	
9243	411	
9244	107	
9245	512	
9246	830	
9247	314	
9248	258	
9249	725	
9250	215	
9251	995	
9252	490	
9253	956	
9254	145	
9255	657	
9256	562	
9257	134	
9258	288	
9259	418	
9260	67	
9261	452	
9262	860	
9263	579	
9264	834	
9265	322	
9266	619	
9267	519	
9268	459	
9269	135	
9270	642	
9271	983	
9272	869	
9273	681	
9274	267	
9275	785	
9276	466	
9277	979	
9278	222	
9279	308	
9280	989	
9281	665	
9282	730	
9283	839	
9284	939	
9285	624	
9286	257	
9287	695	
9288	805	
9289	976	
9290	425	
9291	7	
9292	778	
9293	211	
9294	552	
9295	415	
9296	839	
9297	845	
9298	981	
9299	159	
9300	616	
9301	675	
9302	643	
9303	586	
9304	789	
9305	230	
9306	55	
9307	606	
9308	640	
9309	543	
9310	655	
9311	744	
9312	267	
9313	98	
9314	970	
9315	642	
9316	557	
9317	189	
9318	572	
9319	47	
9320	787	
9321	599	
9322	1000	
9323	235	
9324	88	
9325	27	
9326	222	
9327	925	
9328	415	
9329	140	
9330	781	
9331	917	
9332	29	
9333	649	
9334	351	
9335	840	
9336	418	
9337	696	
9338	601	
9339	33	
9340	582	
9341	428	
9342	985	
9343	8	
9344	750	
9345	40	
9346	8	
9347	924	
9348	421	
9349	747	
9350	272	
9351	938	
9352	861	
9353	747	
9354	893	
9355	77	
9356	566	
9357	524	
9358	517	
9359	533	
9360	435	
9361	97	
9362	770	
9363	779	
9364	906	
9365	367	
9366	44	
9367	520	
9368	266	
9369	14	
9370	424	
9371	811	
9372	348	
9373	929	
9374	686	
9375	505	
9376	171	
9377	442	
9378	772	
9379	277	
9380	446	
9381	145	
9382	142	
9383	895	
9384	59	
9385	316	
9386	143	
9387	438	
9388	275	
9389	501	
9390	295	
9391	312	
9392	387	
9393	889	
9394	76	
9395	878	
9396	846	
9397	909	
9398	778	
9399	827	
9400	117	
9401	537	
9402	846	
9403	243	
9404	345	
9405	798	
9406	844	
9407	206	
9408	717	
9409	425	
9410	734	
9411	220	
9412	254	
9413	416	
9414	973	
9415	855	
9416	612	
9417	873	
9418	343	
9419	758	
9420	472	
9421	191	
9422	361	
9423	262	
9424	726	
9425	30	
9426	300	
9427	161	
9428	242	
9429	484	
9430	243	
9431	769	
9432	884	
9433	184	
9434	952	
9435	730	
9436	70	
9437	541	
9438	59	
9439	309	
9440	42	
9441	661	
9442	341	
9443	897	
9444	510	
9445	839	
9446	334	
9447	194	
9448	753	
9449	91	
9450	237	
9451	476	
9452	45	
9453	130	
9454	654	
9455	95	
9456	773	
9457	440	
9458	690	
9459	834	
9460	998	
9461	532	
9462	692	
9463	585	
9464	687	
9465	396	
9466	184	
9467	976	
9468	178	
9469	859	
9470	29	
9471	959	
9472	522	
9473	373	
9474	769	
9475	702	
9476	677	
9477	311	
9478	265	
9479	896	
9480	762	
9481	329	
9482	936	
9483	169	
9484	89	
9485	645	
9486	396	
9487	746	
9488	111	
9489	727	
9490	414	
9491	793	
9492	457	
9493	556	
9494	632	
9495	787	
9496	533	
9497	517	
9498	886	
9499	292	
9500	582	
9501	131	
9502	800	
9503	331	
9504	991	
9505	306	
9506	588	
9507	441	
9508	116	
9509	936	
9510	997	
9511	280	
9512	702	
9513	892	
9514	752	
9515	597	
9516	525	
9517	257	
9518	340	
9519	279	
9520	437	
9521	730	
9522	671	
9523	960	
9524	948	
9525	869	
9526	573	
9527	577	
9528	631	
9529	866	
9530	10	
9531	335	
9532	810	
9533	83	
9534	996	
9535	226	
9536	31	
9537	435	
9538	684	
9539	546	
9540	371	
9541	49	
9542	347	
9543	290	
9544	774	
9545	844	
9546	239	
9547	255	
9548	145	
9549	581	
9550	269	
9551	224	
9552	487	
9553	682	
9554	382	
9555	525	
9556	182	
9557	783	
9558	244	
9559	297	
9560	781	
9561	596	
9562	843	
9563	233	
9564	277	
9565	332	
9566	490	
9567	332	
9568	314	
9569	226	
9570	345	
9571	659	
9572	793	
9573	507	
9574	555	
9575	232	
9576	689	
9577	736	
9578	435	
9579	248	
9580	404	
9581	19	
9582	8	
9583	59	
9584	820	
9585	518	
9586	418	
9587	760	
9588	328	
9589	177	
9590	524	
9591	323	
9592	678	
9593	347	
9594	890	
9595	145	
9596	64	
9597	997	
9598	98	
9599	696	
9600	889	
9601	812	
9602	69	
9603	713	
9604	599	
9605	774	
9606	796	
9607	400	
9608	552	
9609	953	
9610	900	
9611	16	
9612	999	
9613	72	
9614	692	
9615	616	
9616	221	
9617	623	
9618	932	
9619	442	
9620	938	
9621	332	
9622	126	
9623	457	
9624	667	
9625	166	
9626	422	
9627	976	
9628	419	
9629	63	
9630	539	
9631	703	
9632	636	
9633	28	
9634	221	
9635	351	
9636	724	
9637	89	
9638	847	
9639	290	
9640	299	
9641	206	
9642	972	
9643	790	
9644	129	
9645	159	
9646	67	
9647	448	
9648	546	
9649	205	
9650	244	
9651	243	
9652	491	
9653	560	
9654	2	
9655	576	
9656	628	
9657	102	
9658	240	
9659	941	
9660	5	
9661	706	
9662	198	
9663	129	
9664	675	
9665	816	
9666	212	
9667	179	
9668	2	
9669	29	
9670	827	
9671	943	
9672	105	
9673	113	
9674	377	
9675	738	
9676	843	
9677	270	
9678	114	
9679	403	
9680	410	
9681	919	
9682	513	
9683	162	
9684	444	
9685	212	
9686	607	
9687	211	
9688	200	
9689	242	
9690	640	
9691	217	
9692	935	
9693	293	
9694	907	
9695	941	
9696	757	
9697	80	
9698	736	
9699	654	
9700	894	
9701	145	
9702	985	
9703	143	
9704	707	
9705	511	
9706	315	
9707	894	
9708	941	
9709	733	
9710	588	
9711	465	
9712	510	
9713	126	
9714	44	
9715	560	
9716	653	
9717	488	
9718	430	
9719	664	
9720	496	
9721	75	
9722	349	
9723	92	
9724	136	
9725	833	
9726	641	
9727	179	
9728	386	
9729	277	
9730	418	
9731	519	
9732	795	
9733	758	
9734	617	
9735	177	
9736	929	
9737	459	
9738	195	
9739	232	
9740	86	
9741	869	
9742	575	
9743	209	
9744	373	
9745	282	
9746	77	
9747	357	
9748	949	
9749	270	
9750	22	
9751	112	
9752	203	
9753	465	
9754	432	
9755	565	
9756	561	
9757	446	
9758	721	
9759	581	
9760	796	
9761	31	
9762	529	
9763	567	
9764	287	
9765	716	
9766	378	
9767	863	
9768	178	
9769	483	
9770	649	
9771	720	
9772	831	
9773	166	
9774	332	
9775	763	
9776	25	
9777	74	
9778	971	
9779	536	
9780	685	
9781	452	
9782	168	
9783	610	
9784	714	
9785	187	
9786	641	
9787	789	
9788	138	
9789	339	
9790	331	
9791	985	
9792	536	
9793	958	
9794	270	
9795	493	
9796	562	
9797	714	
9798	973	
9799	182	
9800	503	
9801	103	
9802	980	
9803	168	
9804	959	
9805	464	
9806	842	
9807	737	
9808	95	
9809	879	
9810	230	
9811	634	
9812	484	
9813	602	
9814	332	
9815	255	
9816	461	
9817	618	
9818	143	
9819	956	
9820	42	
9821	457	
9822	598	
9823	783	
9824	985	
9825	753	
9826	792	
9827	539	
9828	622	
9829	233	
9830	50	
9831	784	
9832	559	
9833	97	
9834	413	
9835	150	
9836	632	
9837	10	
9838	66	
9839	113	
9840	370	
9841	240	
9842	752	
9843	955	
9844	611	
9845	770	
9846	593	
9847	127	
9848	867	
9849	502	
9850	51	
9851	633	
9852	826	
9853	927	
9854	290	
9855	449	
9856	405	
9857	249	
9858	713	
9859	223	
9860	104	
9861	273	
9862	8	
9863	797	
9864	139	
9865	7	
9866	716	
9867	794	
9868	607	
9869	5	
9870	675	
9871	299	
9872	424	
9873	38	
9874	23	
9875	882	
9876	602	
9877	666	
9878	736	
9879	217	
9880	861	
9881	222	
9882	676	
9883	701	
9884	218	
9885	534	
9886	17	
9887	565	
9888	573	
9889	861	
9890	774	
9891	49	
9892	611	
9893	225	
9894	15	
9895	445	
9896	75	
9897	473	
9898	920	
9899	717	
9900	511	
9901	648	
9902	183	
9903	88	
9904	585	
9905	89	
9906	308	
9907	384	
9908	456	
9909	298	
9910	305	
9911	846	
9912	594	
9913	579	
9914	939	
9915	807	
9916	481	
9917	398	
9918	745	
9919	771	
9920	128	
9921	934	
9922	666	
9923	178	
9924	525	
9925	82	
9926	753	
9927	447	
9928	830	
9929	624	
9930	122	
9931	687	
9932	582	
9933	804	
9934	795	
9935	400	
9936	510	
9937	656	
9938	558	
9939	740	
9940	982	
9941	979	
9942	107	
9943	877	
9944	891	
9945	701	
9946	984	
9947	720	
9948	576	
9949	214	
9950	882	
9951	676	
9952	263	
9953	364	
9954	267	
9955	546	
9956	695	
9957	75	
9958	196	
9959	756	
9960	877	
9961	284	
9962	729	
9963	143	
9964	116	
9965	816	
9966	74	
9967	899	
9968	263	
9969	356	
9970	478	
9971	519	
9972	683	
9973	133	
9974	855	
9975	847	
9976	384	
9977	235	
9978	170	
9979	16	
9980	807	
9981	111	
9982	326	
9983	328	
9984	898	
9985	302	
9986	994	
9987	712	
9988	488	
9989	469	
9990	185	
9991	427	
9992	632	
9993	724	
9994	679	
9995	926	
9996	691	
9997	350	
9998	906	
9999	320	
10000	364	
447507
