10000
1	122	
2	414	
3	36	
4	181	
5	854	
6	196	
7	911	
8	734	
9	111	
10	44	
11	726	
12	669	
13	446	
14	598	
15	647	
16	31	
17	495	
18	802	
19	355	
20	688	
21	959	
22	930	
23	254	
24	401	
25	335	
26	274	
27	332	
28	962	
29	968	
30	825	
31	660	
32	798	
33	582	
34	423	
35	830	
36	251	
37	662	
38	951	
39	726	
40	897	
41	201	
42	892	
43	320	
44	976	
45	673	
46	517	
47	636	
48	412	
49	217	
50	162	
51	497	
52	242	
53	263	
54	518	
55	27	
56	794	
57	619	
58	301	
59	670	
60	492	
61	47	
62	101	
63	170	
64	989	
65	638	
66	430	
67	47	
68	961	
69	622	
70	276	
71	184	
72	8	
73	824	
74	625	
75	154	
76	867	
77	285	
78	213	
79	475	
80	405	
81	640	
82	424	
83	765	
84	748	
85	768	
86	388	
87	858	
88	350	
89	204	
90	997	
91	7	
92	527	
93	679	
94	394	
95	602	
96	871	
97	347	
98	483	
99	990	
100	958	
101	799	
102	538	
103	228	
104	466	
105	811	
106	916	
107	409	
108	597	
109	969	
110	783	
111	93	
112	977	
113	803	
114	211	
115	471	
116	165	
117	969	
118	83	
119	627	
120	735	
121	498	
122	227	
123	342	
124	417	
125	303	
126	769	
127	54	
128	622	
129	525	
130	645	
131	484	
132	515	
133	689	
134	234	
135	699	
136	560	
137	275	
138	293	
139	656	
140	78	
141	109	
142	763	
143	553	
144	289	
145	763	
146	236	
147	952	
148	485	
149	715	
150	228	
151	951	
152	515	
153	116	
154	14	
155	764	
156	210	
157	816	
158	913	
159	148	
160	271	
161	603	
162	717	
163	576	
164	272	
165	275	
166	172	
167	597	
168	850	
169	512	
170	99	
171	245	
172	424	
173	243	
174	664	
175	73	
176	301	
177	840	
178	299	
179	960	
180	334	
181	357	
182	639	
183	726	
184	178	
185	827	
186	543	
187	424	
188	363	
189	546	
190	11	
191	276	
192	709	
193	862	
194	698	
195	155	
196	876	
197	590	
198	640	
199	425	
200	983	
201	521	
202	999	
203	217	
204	769	
205	369	
206	71	
207	650	
208	236	
209	17	
210	439	
211	502	
212	126	
213	353	
214	883	
215	512	
216	469	
217	294	
218	886	
219	483	
220	844	
221	604	
222	119	
223	567	
224	70	
225	462	
226	38	
227	829	
228	311	
229	113	
230	765	
231	39	
232	256	
233	679	
234	280	
235	171	
236	530	
237	119	
238	407	
239	207	
240	127	
241	367	
242	761	
243	707	
244	325	
245	772	
246	457	
247	252	
248	396	
249	382	
250	530	
251	501	
252	133	
253	631	
254	452	
255	893	
256	267	
257	146	
258	678	
259	13	
260	843	
261	101	
262	915	
263	409	
264	605	
265	785	
266	16	
267	644	
268	570	
269	951	
270	801	
271	630	
272	453	
273	34	
274	817	
275	247	
276	780	
277	81	
278	632	
279	19	
280	38	
281	187	
282	340	
283	501	
284	557	
285	970	
286	107	
287	717	
288	203	
289	451	
290	725	
291	44	
292	38	
293	162	
294	772	
295	989	
296	285	
297	912	
298	188	
299	212	
300	170	
301	134	
302	437	
303	552	
304	511	
305	369	
306	142	
307	969	
308	563	
309	822	
310	345	
311	76	
312	324	
313	812	
314	148	
315	60	
316	300	
317	943	
318	59	
319	632	
320	127	
321	640	
322	961	
323	386	
324	128	
325	759	
326	661	
327	364	
328	985	
329	924	
330	495	
331	338	
332	425	
333	479	
334	538	
335	516	
336	469	
337	149	
338	817	
339	850	
340	426	
341	331	
342	924	
343	40	
344	310	
345	522	
346	297	
347	730	
348	28	
349	843	
350	61	
351	622	
352	670	
353	626	
354	98	
355	214	
356	451	
357	205	
358	105	
359	389	
360	552	
361	796	
362	239	
363	655	
364	688	
365	144	
366	137	
367	227	
368	318	
369	181	
370	993	
371	154	
372	520	
373	786	
374	208	
375	6	
376	243	
377	749	
378	60	
379	598	
380	11	
381	745	
382	169	
383	182	
384	377	
385	489	
386	417	
387	857	
388	148	
389	804	
390	622	
391	657	
392	707	
393	73	
394	604	
395	634	
396	87	
397	482	
398	698	
399	244	
400	459	
401	50	
402	463	
403	152	
404	565	
405	792	
406	46	
407	760	
408	316	
409	716	
410	244	
411	649	
412	281	
413	319	
414	815	
415	353	
416	272	
417	925	
418	838	
419	850	
420	326	
421	611	
422	509	
423	223	
424	354	
425	602	
426	23	
427	340	
428	254	
429	84	
430	4	
431	353	
432	716	
433	900	
434	715	
435	757	
436	859	
437	672	
438	182	
439	260	
440	737	
441	568	
442	954	
443	738	
444	528	
445	405	
446	158	
447	71	
448	507	
449	125	
450	89	
451	203	
452	927	
453	403	
454	61	
455	136	
456	524	
457	817	
458	384	
459	333	
460	260	
461	95	
462	256	
463	487	
464	504	
465	594	
466	732	
467	528	
468	264	
469	112	
470	391	
471	970	
472	881	
473	224	
474	502	
475	482	
476	477	
477	365	
478	926	
479	615	
480	809	
481	217	
482	601	
483	977	
484	768	
485	203	
486	879	
487	748	
488	402	
489	51	
490	519	
491	837	
492	817	
493	731	
494	429	
495	873	
496	968	
497	437	
498	763	
499	130	
500	284	
501	329	
502	842	
503	43	
504	77	
505	389	
506	159	
507	465	
508	971	
509	933	
510	57	
511	898	
512	602	
513	266	
514	206	
515	327	
516	536	
517	244	
518	675	
519	67	
520	204	
521	539	
522	179	
523	226	
524	94	
525	471	
526	660	
527	181	
528	380	
529	453	
530	463	
531	51	
532	696	
533	602	
534	239	
535	951	
536	172	
537	415	
538	190	
539	838	
540	464	
541	581	
542	948	
543	679	
544	928	
545	480	
546	98	
547	307	
548	352	
549	558	
550	936	
551	780	
552	321	
553	367	
554	461	
555	23	
556	795	
557	700	
558	965	
559	492	
560	339	
561	929	
562	25	
563	586	
564	980	
565	852	
566	877	
567	197	
568	367	
569	245	
570	371	
571	762	
572	925	
573	902	
574	930	
575	975	
576	793	
577	443	
578	811	
579	437	
580	592	
581	56	
582	319	
583	655	
584	378	
585	183	
586	548	
587	442	
588	40	
589	481	
590	559	
591	869	
592	53	
593	226	
594	497	
595	496	
596	591	
597	351	
598	556	
599	942	
600	142	
601	808	
602	605	
603	236	
604	217	
605	904	
606	97	
607	562	
608	917	
609	794	
610	657	
611	878	
612	271	
613	763	
614	488	
615	222	
616	846	
617	37	
618	665	
619	28	
620	324	
621	263	
622	347	
623	257	
624	124	
625	143	
626	791	
627	460	
628	459	
629	234	
630	110	
631	722	
632	504	
633	80	
634	917	
635	198	
636	173	
637	755	
638	194	
639	447	
640	149	
641	638	
642	125	
643	630	
644	398	
645	607	
646	274	
647	47	
648	630	
649	606	
650	940	
651	621	
652	280	
653	182	
654	417	
655	527	
656	182	
657	905	
658	474	
659	96	
660	781	
661	278	
662	841	
663	896	
664	318	
665	300	
666	890	
667	341	
668	41	
669	14	
670	276	
671	311	
672	497	
673	750	
674	247	
675	533	
676	828	
677	531	
678	454	
679	650	
680	562	
681	869	
682	644	
683	460	
684	51	
685	349	
686	112	
687	497	
688	259	
689	944	
690	362	
691	105	
692	56	
693	586	
694	525	
695	657	
696	855	
697	213	
698	781	
699	692	
700	844	
701	201	
702	176	
703	337	
704	368	
705	755	
706	471	
707	882	
708	795	
709	816	
710	971	
711	496	
712	401	
713	96	
714	66	
715	794	
716	582	
717	869	
718	537	
719	852	
720	901	
721	171	
722	673	
723	10	
724	993	
725	896	
726	675	
727	892	
728	356	
729	810	
730	598	
731	897	
732	303	
733	445	
734	638	
735	590	
736	372	
737	213	
738	500	
739	605	
740	584	
741	605	
742	242	
743	545	
744	508	
745	400	
746	333	
747	638	
748	225	
749	358	
750	267	
751	995	
752	705	
753	235	
754	844	
755	473	
756	427	
757	733	
758	123	
759	370	
760	813	
761	693	
762	924	
763	621	
764	313	
765	338	
766	253	
767	670	
768	82	
769	971	
770	343	
771	112	
772	950	
773	811	
774	907	
775	956	
776	723	
777	964	
778	814	
779	673	
780	795	
781	135	
782	975	
783	140	
784	674	
785	560	
786	222	
787	910	
788	644	
789	308	
790	53	
791	131	
792	186	
793	339	
794	472	
795	311	
796	43	
797	648	
798	70	
799	208	
800	20	
801	726	
802	679	
803	345	
804	555	
805	114	
806	605	
807	227	
808	213	
809	653	
810	357	
811	827	
812	5	
813	865	
814	317	
815	280	
816	406	
817	833	
818	645	
819	291	
820	637	
821	731	
822	56	
823	439	
824	586	
825	703	
826	546	
827	880	
828	293	
829	54	
830	56	
831	758	
832	594	
833	197	
834	677	
835	992	
836	207	
837	689	
838	313	
839	11	
840	475	
841	771	
842	625	
843	883	
844	343	
845	275	
846	324	
847	166	
848	438	
849	167	
850	66	
851	270	
852	741	
853	730	
854	397	
855	460	
856	149	
857	486	
858	657	
859	183	
860	710	
861	37	
862	645	
863	53	
864	196	
865	217	
866	944	
867	367	
868	948	
869	33	
870	479	
871	86	
872	652	
873	197	
874	51	
875	114	
876	440	
877	326	
878	525	
879	151	
880	265	
881	113	
882	556	
883	407	
884	118	
885	515	
886	539	
887	581	
888	748	
889	27	
890	814	
891	230	
892	679	
893	84	
894	202	
895	783	
896	377	
897	82	
898	170	
899	603	
900	935	
901	866	
902	886	
903	404	
904	769	
905	620	
906	459	
907	543	
908	17	
909	50	
910	216	
911	531	
912	448	
913	352	
914	748	
915	887	
916	621	
917	843	
918	883	
919	312	
920	799	
921	748	
922	72	
923	538	
924	360	
925	756	
926	458	
927	324	
928	66	
929	463	
930	784	
931	311	
932	771	
933	187	
934	431	
935	469	
936	226	
937	200	
938	80	
939	755	
940	425	
941	895	
942	292	
943	969	
944	811	
945	828	
946	74	
947	206	
948	700	
949	69	
950	173	
951	838	
952	686	
953	754	
954	536	
955	174	
956	696	
957	69	
958	203	
959	36	
960	918	
961	529	
962	597	
963	537	
964	614	
965	893	
966	697	
967	624	
968	502	
969	624	
970	763	
971	446	
972	177	
973	387	
974	106	
975	74	
976	425	
977	260	
978	621	
979	771	
980	795	
981	791	
982	408	
983	287	
984	448	
985	925	
986	438	
987	168	
988	96	
989	734	
990	837	
991	766	
992	710	
993	792	
994	575	
995	650	
996	569	
997	415	
998	853	
999	254	
1000	774	
1001	541	
1002	812	
1003	943	
1004	145	
1005	65	
1006	121	
1007	885	
1008	579	
1009	457	
1010	310	
1011	7	
1012	114	
1013	722	
1014	317	
1015	562	
1016	382	
1017	980	
1018	721	
1019	841	
1020	95	
1021	312	
1022	898	
1023	435	
1024	514	
1025	995	
1026	895	
1027	73	
1028	35	
1029	810	
1030	867	
1031	190	
1032	202	
1033	902	
1034	554	
1035	343	
1036	488	
1037	847	
1038	538	
1039	275	
1040	992	
1041	706	
1042	221	
1043	482	
1044	152	
1045	53	
1046	907	
1047	679	
1048	255	
1049	639	
1050	538	
1051	400	
1052	622	
1053	739	
1054	71	
1055	954	
1056	969	
1057	787	
1058	308	
1059	399	
1060	917	
1061	574	
1062	466	
1063	441	
1064	961	
1065	164	
1066	229	
1067	150	
1068	215	
1069	846	
1070	237	
1071	372	
1072	961	
1073	913	
1074	129	
1075	891	
1076	590	
1077	313	
1078	707	
1079	888	
1080	676	
1081	272	
1082	656	
1083	622	
1084	245	
1085	542	
1086	311	
1087	228	
1088	820	
1089	247	
1090	15	
1091	652	
1092	447	
1093	906	
1094	235	
1095	127	
1096	412	
1097	103	
1098	623	
1099	235	
1100	229	
1101	622	
1102	465	
1103	727	
1104	286	
1105	107	
1106	883	
1107	603	
1108	395	
1109	446	
1110	733	
1111	419	
1112	485	
1113	933	
1114	189	
1115	90	
1116	387	
1117	546	
1118	320	
1119	769	
1120	531	
1121	809	
1122	856	
1123	167	
1124	272	
1125	647	
1126	45	
1127	31	
1128	714	
1129	894	
1130	718	
1131	7	
1132	179	
1133	758	
1134	311	
1135	509	
1136	54	
1137	411	
1138	650	
1139	578	
1140	544	
1141	547	
1142	424	
1143	80	
1144	649	
1145	726	
1146	174	
1147	645	
1148	625	
1149	614	
1150	139	
1151	56	
1152	589	
1153	830	
1154	654	
1155	977	
1156	49	
1157	773	
1158	329	
1159	658	
1160	5	
1161	402	
1162	266	
1163	842	
1164	273	
1165	998	
1166	919	
1167	366	
1168	634	
1169	423	
1170	119	
1171	31	
1172	893	
1173	529	
1174	917	
1175	945	
1176	185	
1177	428	
1178	22	
1179	503	
1180	23	
1181	179	
1182	47	
1183	386	
1184	539	
1185	289	
1186	642	
1187	977	
1188	113	
1189	803	
1190	391	
1191	312	
1192	890	
1193	786	
1194	565	
1195	483	
1196	655	
1197	296	
1198	432	
1199	569	
1200	746	
1201	64	
1202	978	
1203	771	
1204	129	
1205	455	
1206	916	
1207	707	
1208	172	
1209	23	
1210	675	
1211	120	
1212	436	
1213	569	
1214	197	
1215	350	
1216	220	
1217	416	
1218	923	
1219	80	
1220	193	
1221	418	
1222	743	
1223	32	
1224	508	
1225	911	
1226	549	
1227	594	
1228	44	
1229	770	
1230	683	
1231	111	
1232	813	
1233	325	
1234	234	
1235	501	
1236	821	
1237	311	
1238	492	
1239	849	
1240	500	
1241	743	
1242	638	
1243	895	
1244	193	
1245	191	
1246	229	
1247	509	
1248	921	
1249	139	
1250	370	
1251	206	
1252	145	
1253	449	
1254	1000	
1255	91	
1256	544	
1257	833	
1258	394	
1259	577	
1260	232	
1261	932	
1262	367	
1263	487	
1264	620	
1265	47	
1266	872	
1267	926	
1268	433	
1269	398	
1270	670	
1271	225	
1272	54	
1273	835	
1274	150	
1275	508	
1276	574	
1277	446	
1278	318	
1279	455	
1280	202	
1281	267	
1282	967	
1283	314	
1284	65	
1285	617	
1286	42	
1287	104	
1288	713	
1289	88	
1290	733	
1291	110	
1292	605	
1293	880	
1294	909	
1295	746	
1296	191	
1297	493	
1298	995	
1299	878	
1300	308	
1301	119	
1302	865	
1303	52	
1304	349	
1305	483	
1306	740	
1307	745	
1308	146	
1309	845	
1310	81	
1311	900	
1312	54	
1313	568	
1314	881	
1315	165	
1316	32	
1317	346	
1318	383	
1319	168	
1320	949	
1321	835	
1322	134	
1323	89	
1324	513	
1325	931	
1326	349	
1327	912	
1328	101	
1329	952	
1330	364	
1331	300	
1332	863	
1333	472	
1334	182	
1335	561	
1336	183	
1337	937	
1338	39	
1339	412	
1340	237	
1341	286	
1342	445	
1343	619	
1344	662	
1345	538	
1346	281	
1347	583	
1348	694	
1349	27	
1350	501	
1351	275	
1352	765	
1353	138	
1354	140	
1355	884	
1356	508	
1357	648	
1358	790	
1359	800	
1360	462	
1361	488	
1362	955	
1363	89	
1364	633	
1365	193	
1366	437	
1367	681	
1368	36	
1369	715	
1370	48	
1371	637	
1372	97	
1373	46	
1374	676	
1375	660	
1376	90	
1377	784	
1378	583	
1379	983	
1380	300	
1381	661	
1382	388	
1383	384	
1384	625	
1385	638	
1386	280	
1387	964	
1388	7	
1389	53	
1390	873	
1391	675	
1392	892	
1393	605	
1394	432	
1395	716	
1396	403	
1397	676	
1398	925	
1399	348	
1400	22	
1401	561	
1402	71	
1403	261	
1404	76	
1405	240	
1406	771	
1407	520	
1408	809	
1409	787	
1410	90	
1411	518	
1412	642	
1413	592	
1414	357	
1415	368	
1416	712	
1417	487	
1418	226	
1419	820	
1420	938	
1421	715	
1422	582	
1423	833	
1424	965	
1425	990	
1426	122	
1427	247	
1428	21	
1429	798	
1430	271	
1431	65	
1432	339	
1433	364	
1434	268	
1435	252	
1436	782	
1437	986	
1438	317	
1439	471	
1440	916	
1441	50	
1442	67	
1443	835	
1444	80	
1445	675	
1446	816	
1447	443	
1448	186	
1449	661	
1450	977	
1451	818	
1452	932	
1453	257	
1454	892	
1455	729	
1456	473	
1457	3	
1458	665	
1459	967	
1460	54	
1461	562	
1462	371	
1463	153	
1464	107	
1465	804	
1466	414	
1467	738	
1468	328	
1469	628	
1470	352	
1471	209	
1472	130	
1473	334	
1474	609	
1475	527	
1476	549	
1477	247	
1478	844	
1479	512	
1480	889	
1481	71	
1482	550	
1483	55	
1484	206	
1485	504	
1486	868	
1487	908	
1488	2	
1489	78	
1490	223	
1491	343	
1492	135	
1493	390	
1494	64	
1495	611	
1496	647	
1497	633	
1498	517	
1499	486	
1500	954	
1501	848	
1502	804	
1503	413	
1504	892	
1505	743	
1506	781	
1507	882	
1508	58	
1509	947	
1510	794	
1511	199	
1512	899	
1513	942	
1514	280	
1515	522	
1516	760	
1517	520	
1518	669	
1519	433	
1520	653	
1521	197	
1522	241	
1523	525	
1524	328	
1525	995	
1526	607	
1527	712	
1528	191	
1529	442	
1530	459	
1531	464	
1532	916	
1533	348	
1534	427	
1535	924	
1536	482	
1537	20	
1538	71	
1539	211	
1540	926	
1541	32	
1542	154	
1543	130	
1544	880	
1545	505	
1546	393	
1547	300	
1548	897	
1549	632	
1550	584	
1551	993	
1552	805	
1553	120	
1554	138	
1555	73	
1556	520	
1557	856	
1558	816	
1559	984	
1560	874	
1561	992	
1562	190	
1563	794	
1564	173	
1565	680	
1566	106	
1567	365	
1568	347	
1569	166	
1570	646	
1571	203	
1572	810	
1573	614	
1574	803	
1575	839	
1576	761	
1577	849	
1578	126	
1579	789	
1580	898	
1581	537	
1582	805	
1583	676	
1584	8	
1585	632	
1586	240	
1587	941	
1588	96	
1589	558	
1590	66	
1591	218	
1592	737	
1593	930	
1594	86	
1595	834	
1596	398	
1597	277	
1598	36	
1599	497	
1600	992	
1601	260	
1602	339	
1603	2	
1604	358	
1605	796	
1606	814	
1607	119	
1608	902	
1609	438	
1610	482	
1611	76	
1612	363	
1613	258	
1614	339	
1615	729	
1616	567	
1617	941	
1618	404	
1619	127	
1620	855	
1621	741	
1622	853	
1623	743	
1624	188	
1625	353	
1626	380	
1627	16	
1628	302	
1629	987	
1630	735	
1631	424	
1632	128	
1633	551	
1634	430	
1635	623	
1636	409	
1637	499	
1638	883	
1639	161	
1640	655	
1641	487	
1642	763	
1643	50	
1644	355	
1645	76	
1646	259	
1647	217	
1648	673	
1649	511	
1650	669	
1651	375	
1652	678	
1653	316	
1654	435	
1655	199	
1656	770	
1657	460	
1658	984	
1659	997	
1660	358	
1661	689	
1662	452	
1663	65	
1664	149	
1665	455	
1666	990	
1667	803	
1668	236	
1669	659	
1670	249	
1671	726	
1672	3	
1673	309	
1674	905	
1675	534	
1676	923	
1677	607	
1678	85	
1679	716	
1680	47	
1681	877	
1682	700	
1683	414	
1684	397	
1685	244	
1686	98	
1687	929	
1688	212	
1689	125	
1690	450	
1691	17	
1692	5	
1693	896	
1694	10	
1695	893	
1696	692	
1697	467	
1698	12	
1699	997	
1700	862	
1701	579	
1702	713	
1703	461	
1704	242	
1705	511	
1706	253	
1707	338	
1708	770	
1709	850	
1710	968	
1711	273	
1712	601	
1713	303	
1714	729	
1715	476	
1716	747	
1717	220	
1718	682	
1719	694	
1720	314	
1721	777	
1722	969	
1723	988	
1724	605	
1725	304	
1726	34	
1727	819	
1728	648	
1729	396	
1730	519	
1731	406	
1732	72	
1733	660	
1734	562	
1735	191	
1736	206	
1737	111	
1738	543	
1739	803	
1740	249	
1741	558	
1742	85	
1743	97	
1744	310	
1745	831	
1746	59	
1747	952	
1748	417	
1749	630	
1750	733	
1751	886	
1752	171	
1753	211	
1754	101	
1755	565	
1756	947	
1757	864	
1758	676	
1759	165	
1760	599	
1761	986	
1762	112	
1763	94	
1764	610	
1765	277	
1766	229	
1767	468	
1768	413	
1769	722	
1770	615	
1771	980	
1772	616	
1773	755	
1774	811	
1775	339	
1776	295	
1777	51	
1778	187	
1779	260	
1780	119	
1781	463	
1782	728	
1783	304	
1784	239	
1785	881	
1786	360	
1787	412	
1788	610	
1789	753	
1790	311	
1791	424	
1792	241	
1793	28	
1794	71	
1795	541	
1796	123	
1797	927	
1798	394	
1799	980	
1800	359	
1801	91	
1802	924	
1803	107	
1804	678	
1805	520	
1806	883	
1807	144	
1808	219	
1809	683	
1810	889	
1811	149	
1812	460	
1813	986	
1814	878	
1815	252	
1816	384	
1817	180	
1818	1000	
1819	859	
1820	528	
1821	83	
1822	36	
1823	655	
1824	64	
1825	275	
1826	907	
1827	233	
1828	372	
1829	986	
1830	1000	
1831	574	
1832	717	
1833	992	
1834	23	
1835	664	
1836	340	
1837	742	
1838	341	
1839	776	
1840	955	
1841	176	
1842	52	
1843	453	
1844	545	
1845	941	
1846	413	
1847	900	
1848	764	
1849	379	
1850	541	
1851	280	
1852	766	
1853	581	
1854	946	
1855	64	
1856	882	
1857	503	
1858	405	
1859	397	
1860	53	
1861	29	
1862	648	
1863	602	
1864	927	
1865	457	
1866	951	
1867	164	
1868	185	
1869	76	
1870	328	
1871	434	
1872	343	
1873	754	
1874	644	
1875	628	
1876	725	
1877	632	
1878	910	
1879	142	
1880	764	
1881	615	
1882	736	
1883	875	
1884	731	
1885	536	
1886	459	
1887	979	
1888	47	
1889	767	
1890	997	
1891	463	
1892	237	
1893	65	
1894	138	
1895	362	
1896	629	
1897	152	
1898	189	
1899	839	
1900	919	
1901	171	
1902	397	
1903	799	
1904	86	
1905	192	
1906	779	
1907	618	
1908	265	
1909	957	
1910	816	
1911	82	
1912	943	
1913	656	
1914	97	
1915	285	
1916	416	
1917	3	
1918	708	
1919	914	
1920	160	
1921	235	
1922	570	
1923	512	
1924	317	
1925	382	
1926	517	
1927	964	
1928	134	
1929	603	
1930	577	
1931	609	
1932	347	
1933	803	
1934	892	
1935	487	
1936	689	
1937	451	
1938	447	
1939	222	
1940	325	
1941	473	
1942	132	
1943	130	
1944	254	
1945	173	
1946	504	
1947	838	
1948	29	
1949	815	
1950	104	
1951	946	
1952	749	
1953	565	
1954	429	
1955	440	
1956	565	
1957	603	
1958	322	
1959	600	
1960	626	
1961	866	
1962	386	
1963	185	
1964	240	
1965	571	
1966	428	
1967	305	
1968	824	
1969	459	
1970	761	
1971	137	
1972	448	
1973	687	
1974	226	
1975	595	
1976	464	
1977	223	
1978	612	
1979	341	
1980	465	
1981	20	
1982	493	
1983	726	
1984	862	
1985	667	
1986	869	
1987	54	
1988	364	
1989	9	
1990	392	
1991	887	
1992	515	
1993	638	
1994	417	
1995	624	
1996	428	
1997	916	
1998	342	
1999	646	
2000	850	
2001	735	
2002	160	
2003	850	
2004	19	
2005	813	
2006	41	
2007	24	
2008	438	
2009	45	
2010	469	
2011	508	
2012	765	
2013	417	
2014	243	
2015	28	
2016	514	
2017	501	
2018	668	
2019	418	
2020	131	
2021	471	
2022	824	
2023	713	
2024	399	
2025	631	
2026	5	
2027	549	
2028	303	
2029	638	
2030	809	
2031	157	
2032	248	
2033	240	
2034	181	
2035	450	
2036	334	
2037	828	
2038	570	
2039	615	
2040	496	
2041	776	
2042	157	
2043	864	
2044	760	
2045	767	
2046	940	
2047	821	
2048	105	
2049	21	
2050	535	
2051	294	
2052	425	
2053	598	
2054	186	
2055	997	
2056	6	
2057	620	
2058	775	
2059	881	
2060	931	
2061	88	
2062	358	
2063	311	
2064	610	
2065	174	
2066	895	
2067	401	
2068	768	
2069	59	
2070	700	
2071	265	
2072	869	
2073	664	
2074	985	
2075	412	
2076	355	
2077	558	
2078	934	
2079	56	
2080	157	
2081	488	
2082	321	
2083	784	
2084	511	
2085	142	
2086	477	
2087	773	
2088	282	
2089	590	
2090	287	
2091	884	
2092	774	
2093	459	
2094	165	
2095	12	
2096	63	
2097	408	
2098	743	
2099	878	
2100	786	
2101	763	
2102	216	
2103	981	
2104	478	
2105	660	
2106	204	
2107	301	
2108	998	
2109	333	
2110	161	
2111	558	
2112	140	
2113	305	
2114	696	
2115	8	
2116	69	
2117	614	
2118	114	
2119	358	
2120	144	
2121	253	
2122	612	
2123	69	
2124	336	
2125	503	
2126	501	
2127	523	
2128	327	
2129	703	
2130	149	
2131	666	
2132	875	
2133	132	
2134	62	
2135	44	
2136	675	
2137	461	
2138	372	
2139	726	
2140	136	
2141	581	
2142	926	
2143	991	
2144	334	
2145	38	
2146	292	
2147	631	
2148	394	
2149	279	
2150	584	
2151	674	
2152	107	
2153	480	
2154	343	
2155	69	
2156	714	
2157	403	
2158	391	
2159	13	
2160	556	
2161	962	
2162	937	
2163	965	
2164	732	
2165	861	
2166	165	
2167	486	
2168	27	
2169	571	
2170	946	
2171	69	
2172	162	
2173	701	
2174	597	
2175	922	
2176	540	
2177	480	
2178	750	
2179	597	
2180	287	
2181	593	
2182	849	
2183	297	
2184	505	
2185	592	
2186	512	
2187	123	
2188	4	
2189	559	
2190	643	
2191	898	
2192	732	
2193	330	
2194	714	
2195	870	
2196	429	
2197	519	
2198	286	
2199	242	
2200	351	
2201	221	
2202	125	
2203	915	
2204	452	
2205	958	
2206	101	
2207	264	
2208	166	
2209	558	
2210	326	
2211	946	
2212	667	
2213	315	
2214	410	
2215	131	
2216	699	
2217	853	
2218	14	
2219	608	
2220	85	
2221	989	
2222	976	
2223	265	
2224	279	
2225	975	
2226	112	
2227	653	
2228	661	
2229	993	
2230	257	
2231	49	
2232	671	
2233	612	
2234	966	
2235	783	
2236	373	
2237	624	
2238	503	
2239	513	
2240	3	
2241	809	
2242	932	
2243	317	
2244	343	
2245	70	
2246	302	
2247	47	
2248	312	
2249	454	
2250	58	
2251	516	
2252	911	
2253	987	
2254	175	
2255	451	
2256	231	
2257	248	
2258	700	
2259	660	
2260	853	
2261	389	
2262	357	
2263	714	
2264	258	
2265	895	
2266	349	
2267	906	
2268	910	
2269	106	
2270	379	
2271	660	
2272	844	
2273	817	
2274	159	
2275	591	
2276	507	
2277	41	
2278	331	
2279	438	
2280	17	
2281	372	
2282	356	
2283	750	
2284	999	
2285	297	
2286	559	
2287	823	
2288	361	
2289	54	
2290	398	
2291	225	
2292	821	
2293	240	
2294	787	
2295	950	
2296	993	
2297	55	
2298	617	
2299	492	
2300	734	
2301	621	
2302	512	
2303	17	
2304	137	
2305	565	
2306	87	
2307	623	
2308	270	
2309	765	
2310	185	
2311	271	
2312	61	
2313	526	
2314	451	
2315	783	
2316	255	
2317	600	
2318	737	
2319	590	
2320	592	
2321	185	
2322	510	
2323	285	
2324	52	
2325	293	
2326	458	
2327	117	
2328	411	
2329	956	
2330	667	
2331	28	
2332	414	
2333	792	
2334	743	
2335	546	
2336	73	
2337	350	
2338	246	
2339	894	
2340	633	
2341	482	
2342	914	
2343	523	
2344	358	
2345	573	
2346	143	
2347	127	
2348	399	
2349	264	
2350	717	
2351	464	
2352	538	
2353	104	
2354	19	
2355	175	
2356	955	
2357	242	
2358	643	
2359	174	
2360	889	
2361	749	
2362	523	
2363	611	
2364	718	
2365	92	
2366	896	
2367	853	
2368	69	
2369	899	
2370	538	
2371	291	
2372	660	
2373	511	
2374	444	
2375	354	
2376	241	
2377	777	
2378	530	
2379	461	
2380	847	
2381	953	
2382	834	
2383	292	
2384	792	
2385	868	
2386	446	
2387	120	
2388	201	
2389	927	
2390	942	
2391	250	
2392	979	
2393	155	
2394	896	
2395	537	
2396	125	
2397	433	
2398	506	
2399	402	
2400	973	
2401	517	
2402	379	
2403	120	
2404	454	
2405	837	
2406	591	
2407	771	
2408	89	
2409	681	
2410	306	
2411	986	
2412	318	
2413	202	
2414	577	
2415	787	
2416	1	
2417	380	
2418	670	
2419	799	
2420	207	
2421	310	
2422	163	
2423	177	
2424	656	
2425	230	
2426	771	
2427	101	
2428	124	
2429	671	
2430	405	
2431	339	
2432	128	
2433	732	
2434	154	
2435	58	
2436	568	
2437	900	
2438	812	
2439	927	
2440	604	
2441	806	
2442	39	
2443	318	
2444	301	
2445	500	
2446	506	
2447	741	
2448	214	
2449	81	
2450	852	
2451	717	
2452	949	
2453	188	
2454	1	
2455	530	
2456	833	
2457	933	
2458	363	
2459	960	
2460	491	
2461	21	
2462	91	
2463	814	
2464	55	
2465	559	
2466	119	
2467	108	
2468	506	
2469	3	
2470	923	
2471	606	
2472	555	
2473	551	
2474	891	
2475	72	
2476	19	
2477	446	
2478	788	
2479	929	
2480	599	
2481	843	
2482	488	
2483	482	
2484	562	
2485	892	
2486	504	
2487	230	
2488	485	
2489	369	
2490	65	
2491	105	
2492	465	
2493	35	
2494	426	
2495	691	
2496	393	
2497	327	
2498	34	
2499	556	
2500	899	
2501	339	
2502	492	
2503	455	
2504	181	
2505	309	
2506	707	
2507	233	
2508	185	
2509	305	
2510	648	
2511	152	
2512	147	
2513	721	
2514	913	
2515	222	
2516	151	
2517	932	
2518	929	
2519	924	
2520	285	
2521	825	
2522	933	
2523	513	
2524	503	
2525	659	
2526	538	
2527	347	
2528	295	
2529	60	
2530	946	
2531	211	
2532	947	
2533	867	
2534	974	
2535	131	
2536	515	
2537	544	
2538	978	
2539	560	
2540	87	
2541	229	
2542	133	
2543	609	
2544	627	
2545	324	
2546	368	
2547	520	
2548	396	
2549	517	
2550	324	
2551	950	
2552	257	
2553	838	
2554	806	
2555	832	
2556	869	
2557	915	
2558	349	
2559	198	
2560	897	
2561	885	
2562	352	
2563	136	
2564	308	
2565	516	
2566	225	
2567	817	
2568	260	
2569	432	
2570	454	
2571	134	
2572	516	
2573	745	
2574	684	
2575	413	
2576	870	
2577	852	
2578	84	
2579	712	
2580	184	
2581	30	
2582	209	
2583	889	
2584	937	
2585	816	
2586	621	
2587	853	
2588	82	
2589	787	
2590	937	
2591	731	
2592	702	
2593	947	
2594	747	
2595	764	
2596	764	
2597	182	
2598	223	
2599	898	
2600	994	
2601	468	
2602	464	
2603	291	
2604	33	
2605	214	
2606	317	
2607	604	
2608	29	
2609	232	
2610	583	
2611	55	
2612	860	
2613	664	
2614	391	
2615	176	
2616	444	
2617	518	
2618	58	
2619	785	
2620	166	
2621	844	
2622	950	
2623	803	
2624	711	
2625	118	
2626	556	
2627	455	
2628	643	
2629	456	
2630	453	
2631	542	
2632	402	
2633	228	
2634	471	
2635	582	
2636	310	
2637	675	
2638	831	
2639	317	
2640	856	
2641	873	
2642	766	
2643	733	
2644	271	
2645	131	
2646	766	
2647	953	
2648	226	
2649	857	
2650	620	
2651	492	
2652	331	
2653	182	
2654	389	
2655	846	
2656	684	
2657	605	
2658	322	
2659	432	
2660	907	
2661	507	
2662	350	
2663	604	
2664	423	
2665	449	
2666	268	
2667	296	
2668	330	
2669	129	
2670	819	
2671	737	
2672	430	
2673	550	
2674	860	
2675	18	
2676	490	
2677	414	
2678	256	
2679	612	
2680	549	
2681	257	
2682	868	
2683	645	
2684	95	
2685	280	
2686	950	
2687	339	
2688	148	
2689	136	
2690	815	
2691	816	
2692	794	
2693	575	
2694	504	
2695	389	
2696	711	
2697	371	
2698	895	
2699	944	
2700	910	
2701	376	
2702	881	
2703	88	
2704	264	
2705	464	
2706	919	
2707	581	
2708	389	
2709	10	
2710	947	
2711	538	
2712	818	
2713	517	
2714	265	
2715	141	
2716	682	
2717	67	
2718	280	
2719	899	
2720	80	
2721	985	
2722	872	
2723	86	
2724	88	
2725	27	
2726	740	
2727	969	
2728	139	
2729	234	
2730	63	
2731	495	
2732	313	
2733	7	
2734	624	
2735	57	
2736	798	
2737	7	
2738	943	
2739	647	
2740	591	
2741	206	
2742	631	
2743	707	
2744	252	
2745	166	
2746	588	
2747	963	
2748	85	
2749	951	
2750	92	
2751	814	
2752	847	
2753	678	
2754	152	
2755	939	
2756	182	
2757	736	
2758	393	
2759	231	
2760	202	
2761	205	
2762	661	
2763	741	
2764	300	
2765	71	
2766	353	
2767	669	
2768	87	
2769	402	
2770	326	
2771	127	
2772	761	
2773	739	
2774	238	
2775	311	
2776	561	
2777	739	
2778	5	
2779	888	
2780	632	
2781	467	
2782	650	
2783	363	
2784	658	
2785	903	
2786	149	
2787	631	
2788	276	
2789	605	
2790	912	
2791	615	
2792	229	
2793	997	
2794	240	
2795	113	
2796	975	
2797	1000	
2798	187	
2799	123	
2800	124	
2801	482	
2802	322	
2803	134	
2804	139	
2805	953	
2806	597	
2807	181	
2808	906	
2809	197	
2810	547	
2811	876	
2812	467	
2813	672	
2814	409	
2815	587	
2816	33	
2817	750	
2818	712	
2819	305	
2820	561	
2821	715	
2822	313	
2823	987	
2824	132	
2825	561	
2826	993	
2827	764	
2828	897	
2829	633	
2830	631	
2831	252	
2832	645	
2833	967	
2834	731	
2835	460	
2836	652	
2837	336	
2838	887	
2839	646	
2840	110	
2841	252	
2842	775	
2843	134	
2844	997	
2845	670	
2846	570	
2847	909	
2848	371	
2849	265	
2850	944	
2851	402	
2852	542	
2853	490	
2854	195	
2855	305	
2856	974	
2857	994	
2858	528	
2859	670	
2860	459	
2861	731	
2862	461	
2863	832	
2864	329	
2865	8	
2866	194	
2867	448	
2868	573	
2869	95	
2870	34	
2871	17	
2872	382	
2873	87	
2874	17	
2875	503	
2876	551	
2877	292	
2878	245	
2879	954	
2880	953	
2881	392	
2882	782	
2883	626	
2884	507	
2885	905	
2886	135	
2887	858	
2888	900	
2889	56	
2890	613	
2891	422	
2892	932	
2893	581	
2894	524	
2895	214	
2896	728	
2897	293	
2898	695	
2899	411	
2900	213	
2901	222	
2902	223	
2903	623	
2904	2	
2905	975	
2906	264	
2907	879	
2908	1000	
2909	283	
2910	297	
2911	586	
2912	35	
2913	300	
2914	242	
2915	880	
2916	559	
2917	481	
2918	581	
2919	869	
2920	341	
2921	434	
2922	71	
2923	565	
2924	909	
2925	816	
2926	805	
2927	463	
2928	700	
2929	176	
2930	89	
2931	621	
2932	293	
2933	950	
2934	533	
2935	583	
2936	569	
2937	116	
2938	885	
2939	125	
2940	537	
2941	210	
2942	222	
2943	140	
2944	320	
2945	437	
2946	59	
2947	893	
2948	619	
2949	370	
2950	548	
2951	203	
2952	898	
2953	257	
2954	110	
2955	915	
2956	470	
2957	308	
2958	344	
2959	403	
2960	99	
2961	191	
2962	673	
2963	845	
2964	573	
2965	583	
2966	973	
2967	203	
2968	572	
2969	429	
2970	639	
2971	138	
2972	473	
2973	586	
2974	462	
2975	753	
2976	585	
2977	442	
2978	706	
2979	88	
2980	39	
2981	523	
2982	509	
2983	443	
2984	187	
2985	773	
2986	339	
2987	311	
2988	559	
2989	456	
2990	420	
2991	745	
2992	741	
2993	11	
2994	239	
2995	627	
2996	748	
2997	185	
2998	479	
2999	329	
3000	107	
3001	923	
3002	975	
3003	765	
3004	602	
3005	787	
3006	567	
3007	64	
3008	917	
3009	268	
3010	670	
3011	794	
3012	314	
3013	605	
3014	263	
3015	478	
3016	543	
3017	37	
3018	270	
3019	817	
3020	327	
3021	965	
3022	762	
3023	258	
3024	980	
3025	843	
3026	578	
3027	889	
3028	147	
3029	179	
3030	586	
3031	865	
3032	269	
3033	845	
3034	461	
3035	399	
3036	354	
3037	404	
3038	929	
3039	666	
3040	221	
3041	323	
3042	240	
3043	123	
3044	580	
3045	279	
3046	835	
3047	52	
3048	695	
3049	825	
3050	159	
3051	355	
3052	630	
3053	603	
3054	201	
3055	605	
3056	373	
3057	856	
3058	899	
3059	29	
3060	98	
3061	566	
3062	255	
3063	308	
3064	698	
3065	453	
3066	16	
3067	424	
3068	745	
3069	990	
3070	126	
3071	687	
3072	985	
3073	470	
3074	200	
3075	410	
3076	263	
3077	650	
3078	41	
3079	821	
3080	587	
3081	683	
3082	333	
3083	19	
3084	790	
3085	745	
3086	298	
3087	155	
3088	203	
3089	809	
3090	562	
3091	112	
3092	264	
3093	697	
3094	957	
3095	434	
3096	92	
3097	816	
3098	409	
3099	335	
3100	768	
3101	993	
3102	820	
3103	710	
3104	200	
3105	238	
3106	957	
3107	328	
3108	225	
3109	726	
3110	96	
3111	136	
3112	930	
3113	825	
3114	321	
3115	129	
3116	428	
3117	16	
3118	877	
3119	588	
3120	668	
3121	248	
3122	966	
3123	89	
3124	134	
3125	965	
3126	677	
3127	362	
3128	737	
3129	473	
3130	16	
3131	309	
3132	343	
3133	212	
3134	635	
3135	184	
3136	715	
3137	346	
3138	952	
3139	389	
3140	650	
3141	738	
3142	713	
3143	573	
3144	501	
3145	603	
3146	778	
3147	895	
3148	947	
3149	64	
3150	825	
3151	583	
3152	409	
3153	250	
3154	520	
3155	161	
3156	123	
3157	458	
3158	935	
3159	69	
3160	737	
3161	110	
3162	196	
3163	498	
3164	941	
3165	615	
3166	180	
3167	925	
3168	329	
3169	147	
3170	609	
3171	584	
3172	484	
3173	319	
3174	235	
3175	838	
3176	571	
3177	883	
3178	961	
3179	170	
3180	537	
3181	968	
3182	511	
3183	197	
3184	697	
3185	914	
3186	999	
3187	471	
3188	296	
3189	471	
3190	554	
3191	163	
3192	670	
3193	279	
3194	526	
3195	773	
3196	475	
3197	324	
3198	447	
3199	588	
3200	508	
3201	569	
3202	975	
3203	826	
3204	613	
3205	757	
3206	152	
3207	225	
3208	325	
3209	735	
3210	830	
3211	301	
3212	239	
3213	488	
3214	351	
3215	430	
3216	429	
3217	222	
3218	932	
3219	996	
3220	941	
3221	933	
3222	807	
3223	739	
3224	94	
3225	373	
3226	293	
3227	847	
3228	633	
3229	841	
3230	307	
3231	702	
3232	465	
3233	140	
3234	795	
3235	594	
3236	245	
3237	347	
3238	517	
3239	238	
3240	819	
3241	287	
3242	880	
3243	758	
3244	316	
3245	706	
3246	992	
3247	425	
3248	733	
3249	590	
3250	543	
3251	416	
3252	761	
3253	147	
3254	766	
3255	278	
3256	329	
3257	752	
3258	666	
3259	191	
3260	942	
3261	383	
3262	793	
3263	315	
3264	3	
3265	995	
3266	28	
3267	962	
3268	325	
3269	362	
3270	885	
3271	638	
3272	868	
3273	300	
3274	536	
3275	750	
3276	601	
3277	388	
3278	227	
3279	863	
3280	896	
3281	84	
3282	311	
3283	771	
3284	37	
3285	394	
3286	862	
3287	563	
3288	88	
3289	248	
3290	901	
3291	630	
3292	987	
3293	709	
3294	713	
3295	202	
3296	360	
3297	134	
3298	339	
3299	711	
3300	621	
3301	41	
3302	606	
3303	233	
3304	481	
3305	726	
3306	805	
3307	444	
3308	342	
3309	158	
3310	887	
3311	335	
3312	391	
3313	670	
3314	741	
3315	620	
3316	233	
3317	90	
3318	824	
3319	219	
3320	131	
3321	116	
3322	93	
3323	844	
3324	943	
3325	92	
3326	458	
3327	692	
3328	632	
3329	662	
3330	256	
3331	596	
3332	316	
3333	977	
3334	177	
3335	990	
3336	90	
3337	868	
3338	792	
3339	345	
3340	314	
3341	337	
3342	229	
3343	562	
3344	681	
3345	964	
3346	40	
3347	411	
3348	388	
3349	323	
3350	59	
3351	342	
3352	129	
3353	364	
3354	563	
3355	376	
3356	971	
3357	675	
3358	149	
3359	696	
3360	453	
3361	347	
3362	314	
3363	223	
3364	683	
3365	282	
3366	477	
3367	119	
3368	230	
3369	527	
3370	473	
3371	341	
3372	606	
3373	637	
3374	469	
3375	296	
3376	71	
3377	663	
3378	418	
3379	873	
3380	495	
3381	132	
3382	657	
3383	620	
3384	979	
3385	290	
3386	670	
3387	259	
3388	631	
3389	507	
3390	802	
3391	7	
3392	469	
3393	909	
3394	506	
3395	784	
3396	146	
3397	203	
3398	587	
3399	297	
3400	62	
3401	815	
3402	199	
3403	311	
3404	794	
3405	530	
3406	174	
3407	305	
3408	689	
3409	111	
3410	584	
3411	206	
3412	417	
3413	517	
3414	351	
3415	435	
3416	305	
3417	516	
3418	192	
3419	13	
3420	986	
3421	484	
3422	520	
3423	801	
3424	664	
3425	291	
3426	952	
3427	880	
3428	368	
3429	709	
3430	442	
3431	526	
3432	281	
3433	883	
3434	187	
3435	648	
3436	309	
3437	359	
3438	737	
3439	211	
3440	158	
3441	612	
3442	933	
3443	946	
3444	499	
3445	951	
3446	760	
3447	814	
3448	298	
3449	58	
3450	494	
3451	333	
3452	605	
3453	798	
3454	375	
3455	221	
3456	311	
3457	774	
3458	3	
3459	663	
3460	958	
3461	632	
3462	995	
3463	646	
3464	352	
3465	620	
3466	845	
3467	983	
3468	440	
3469	237	
3470	238	
3471	897	
3472	407	
3473	357	
3474	863	
3475	36	
3476	845	
3477	506	
3478	58	
3479	699	
3480	879	
3481	301	
3482	443	
3483	564	
3484	192	
3485	464	
3486	17	
3487	652	
3488	2	
3489	533	
3490	316	
3491	189	
3492	915	
3493	427	
3494	174	
3495	601	
3496	3	
3497	146	
3498	844	
3499	590	
3500	410	
3501	387	
3502	388	
3503	161	
3504	516	
3505	434	
3506	670	
3507	461	
3508	566	
3509	190	
3510	389	
3511	75	
3512	584	
3513	421	
3514	453	
3515	969	
3516	354	
3517	946	
3518	892	
3519	69	
3520	241	
3521	409	
3522	314	
3523	737	
3524	273	
3525	495	
3526	979	
3527	486	
3528	225	
3529	684	
3530	569	
3531	634	
3532	724	
3533	458	
3534	276	
3535	708	
3536	348	
3537	469	
3538	868	
3539	252	
3540	479	
3541	250	
3542	778	
3543	70	
3544	84	
3545	594	
3546	573	
3547	621	
3548	468	
3549	398	
3550	272	
3551	897	
3552	891	
3553	458	
3554	382	
3555	635	
3556	717	
3557	763	
3558	617	
3559	990	
3560	355	
3561	939	
3562	12	
3563	646	
3564	14	
3565	97	
3566	133	
3567	873	
3568	280	
3569	748	
3570	191	
3571	186	
3572	880	
3573	391	
3574	9	
3575	195	
3576	900	
3577	651	
3578	658	
3579	608	
3580	157	
3581	865	
3582	303	
3583	832	
3584	704	
3585	487	
3586	968	
3587	109	
3588	242	
3589	128	
3590	720	
3591	208	
3592	489	
3593	734	
3594	988	
3595	56	
3596	151	
3597	738	
3598	200	
3599	546	
3600	248	
3601	207	
3602	39	
3603	967	
3604	64	
3605	196	
3606	66	
3607	90	
3608	911	
3609	296	
3610	573	
3611	337	
3612	798	
3613	414	
3614	495	
3615	522	
3616	130	
3617	25	
3618	895	
3619	925	
3620	110	
3621	974	
3622	10	
3623	669	
3624	386	
3625	918	
3626	729	
3627	784	
3628	624	
3629	291	
3630	21	
3631	12	
3632	355	
3633	567	
3634	365	
3635	858	
3636	280	
3637	874	
3638	132	
3639	421	
3640	374	
3641	51	
3642	5	
3643	865	
3644	471	
3645	99	
3646	8	
3647	918	
3648	423	
3649	551	
3650	236	
3651	67	
3652	625	
3653	380	
3654	685	
3655	621	
3656	879	
3657	883	
3658	109	
3659	551	
3660	584	
3661	516	
3662	539	
3663	2	
3664	801	
3665	844	
3666	233	
3667	932	
3668	423	
3669	801	
3670	504	
3671	202	
3672	369	
3673	642	
3674	380	
3675	544	
3676	880	
3677	913	
3678	675	
3679	132	
3680	631	
3681	122	
3682	151	
3683	856	
3684	573	
3685	411	
3686	913	
3687	879	
3688	79	
3689	180	
3690	702	
3691	693	
3692	937	
3693	190	
3694	459	
3695	761	
3696	612	
3697	13	
3698	938	
3699	877	
3700	462	
3701	792	
3702	821	
3703	281	
3704	991	
3705	365	
3706	903	
3707	709	
3708	183	
3709	287	
3710	288	
3711	557	
3712	827	
3713	834	
3714	287	
3715	908	
3716	807	
3717	611	
3718	343	
3719	292	
3720	371	
3721	330	
3722	4	
3723	354	
3724	208	
3725	241	
3726	517	
3727	924	
3728	978	
3729	404	
3730	337	
3731	124	
3732	309	
3733	472	
3734	860	
3735	972	
3736	217	
3737	62	
3738	953	
3739	153	
3740	151	
3741	862	
3742	966	
3743	897	
3744	619	
3745	974	
3746	853	
3747	615	
3748	522	
3749	115	
3750	823	
3751	412	
3752	795	
3753	260	
3754	505	
3755	69	
3756	280	
3757	204	
3758	128	
3759	57	
3760	627	
3761	126	
3762	846	
3763	777	
3764	67	
3765	72	
3766	476	
3767	224	
3768	382	
3769	890	
3770	240	
3771	395	
3772	54	
3773	166	
3774	214	
3775	872	
3776	558	
3777	959	
3778	672	
3779	280	
3780	124	
3781	564	
3782	736	
3783	782	
3784	862	
3785	179	
3786	130	
3787	375	
3788	263	
3789	424	
3790	669	
3791	705	
3792	641	
3793	237	
3794	296	
3795	270	
3796	137	
3797	681	
3798	279	
3799	976	
3800	815	
3801	188	
3802	484	
3803	276	
3804	701	
3805	206	
3806	56	
3807	17	
3808	125	
3809	957	
3810	898	
3811	944	
3812	158	
3813	37	
3814	843	
3815	435	
3816	469	
3817	303	
3818	202	
3819	439	
3820	165	
3821	37	
3822	707	
3823	820	
3824	937	
3825	513	
3826	1000	
3827	817	
3828	231	
3829	347	
3830	747	
3831	850	
3832	436	
3833	770	
3834	351	
3835	700	
3836	860	
3837	327	
3838	675	
3839	565	
3840	608	
3841	351	
3842	536	
3843	414	
3844	471	
3845	959	
3846	496	
3847	114	
3848	424	
3849	792	
3850	999	
3851	974	
3852	244	
3853	698	
3854	163	
3855	865	
3856	566	
3857	970	
3858	134	
3859	843	
3860	948	
3861	726	
3862	80	
3863	383	
3864	621	
3865	909	
3866	887	
3867	458	
3868	706	
3869	329	
3870	376	
3871	419	
3872	78	
3873	246	
3874	285	
3875	787	
3876	256	
3877	690	
3878	654	
3879	132	
3880	54	
3881	61	
3882	834	
3883	804	
3884	434	
3885	392	
3886	549	
3887	832	
3888	774	
3889	167	
3890	89	
3891	611	
3892	377	
3893	897	
3894	495	
3895	790	
3896	329	
3897	516	
3898	692	
3899	151	
3900	887	
3901	35	
3902	343	
3903	804	
3904	872	
3905	641	
3906	639	
3907	950	
3908	393	
3909	661	
3910	870	
3911	473	
3912	744	
3913	542	
3914	498	
3915	600	
3916	343	
3917	278	
3918	121	
3919	875	
3920	122	
3921	961	
3922	218	
3923	530	
3924	141	
3925	132	
3926	544	
3927	184	
3928	32	
3929	536	
3930	943	
3931	722	
3932	333	
3933	54	
3934	831	
3935	880	
3936	558	
3937	930	
3938	790	
3939	521	
3940	17	
3941	553	
3942	184	
3943	880	
3944	69	
3945	709	
3946	216	
3947	867	
3948	396	
3949	381	
3950	885	
3951	736	
3952	969	
3953	519	
3954	712	
3955	959	
3956	417	
3957	408	
3958	586	
3959	997	
3960	75	
3961	712	
3962	864	
3963	965	
3964	842	
3965	169	
3966	697	
3967	750	
3968	887	
3969	430	
3970	27	
3971	578	
3972	929	
3973	86	
3974	987	
3975	378	
3976	270	
3977	175	
3978	860	
3979	316	
3980	353	
3981	613	
3982	284	
3983	559	
3984	172	
3985	362	
3986	932	
3987	579	
3988	269	
3989	69	
3990	878	
3991	132	
3992	130	
3993	102	
3994	743	
3995	933	
3996	126	
3997	813	
3998	116	
3999	15	
4000	884	
4001	768	
4002	990	
4003	777	
4004	504	
4005	187	
4006	984	
4007	887	
4008	747	
4009	495	
4010	77	
4011	916	
4012	333	
4013	933	
4014	964	
4015	497	
4016	43	
4017	146	
4018	998	
4019	134	
4020	136	
4021	739	
4022	36	
4023	566	
4024	677	
4025	367	
4026	875	
4027	573	
4028	170	
4029	746	
4030	641	
4031	546	
4032	28	
4033	286	
4034	7	
4035	263	
4036	111	
4037	201	
4038	582	
4039	918	
4040	763	
4041	675	
4042	684	
4043	443	
4044	753	
4045	902	
4046	694	
4047	454	
4048	869	
4049	230	
4050	701	
4051	624	
4052	939	
4053	49	
4054	483	
4055	618	
4056	283	
4057	470	
4058	644	
4059	251	
4060	206	
4061	295	
4062	688	
4063	513	
4064	112	
4065	544	
4066	173	
4067	140	
4068	902	
4069	935	
4070	86	
4071	719	
4072	119	
4073	556	
4074	616	
4075	408	
4076	933	
4077	904	
4078	609	
4079	54	
4080	699	
4081	231	
4082	218	
4083	112	
4084	149	
4085	672	
4086	796	
4087	729	
4088	613	
4089	81	
4090	812	
4091	264	
4092	82	
4093	917	
4094	528	
4095	441	
4096	656	
4097	263	
4098	808	
4099	783	
4100	757	
4101	694	
4102	912	
4103	388	
4104	383	
4105	505	
4106	202	
4107	732	
4108	208	
4109	42	
4110	951	
4111	912	
4112	444	
4113	173	
4114	900	
4115	262	
4116	960	
4117	335	
4118	326	
4119	259	
4120	882	
4121	801	
4122	249	
4123	195	
4124	469	
4125	555	
4126	138	
4127	309	
4128	883	
4129	883	
4130	418	
4131	969	
4132	899	
4133	390	
4134	491	
4135	243	
4136	274	
4137	267	
4138	882	
4139	199	
4140	251	
4141	77	
4142	541	
4143	836	
4144	729	
4145	567	
4146	813	
4147	156	
4148	289	
4149	271	
4150	18	
4151	735	
4152	987	
4153	45	
4154	515	
4155	301	
4156	168	
4157	731	
4158	125	
4159	483	
4160	314	
4161	852	
4162	265	
4163	362	
4164	664	
4165	270	
4166	776	
4167	765	
4168	537	
4169	130	
4170	8	
4171	656	
4172	414	
4173	144	
4174	942	
4175	868	
4176	466	
4177	574	
4178	642	
4179	351	
4180	779	
4181	408	
4182	264	
4183	478	
4184	840	
4185	846	
4186	67	
4187	989	
4188	674	
4189	426	
4190	402	
4191	579	
4192	917	
4193	249	
4194	861	
4195	281	
4196	589	
4197	391	
4198	671	
4199	145	
4200	91	
4201	357	
4202	91	
4203	832	
4204	336	
4205	277	
4206	455	
4207	62	
4208	694	
4209	369	
4210	414	
4211	346	
4212	156	
4213	345	
4214	431	
4215	376	
4216	672	
4217	804	
4218	249	
4219	325	
4220	68	
4221	243	
4222	937	
4223	343	
4224	171	
4225	195	
4226	71	
4227	551	
4228	58	
4229	169	
4230	895	
4231	696	
4232	730	
4233	69	
4234	19	
4235	231	
4236	946	
4237	889	
4238	459	
4239	538	
4240	870	
4241	481	
4242	279	
4243	235	
4244	629	
4245	667	
4246	656	
4247	684	
4248	140	
4249	766	
4250	141	
4251	90	
4252	997	
4253	572	
4254	897	
4255	916	
4256	101	
4257	57	
4258	367	
4259	795	
4260	567	
4261	787	
4262	353	
4263	225	
4264	147	
4265	962	
4266	889	
4267	364	
4268	595	
4269	479	
4270	232	
4271	905	
4272	882	
4273	278	
4274	405	
4275	515	
4276	261	
4277	445	
4278	899	
4279	275	
4280	859	
4281	661	
4282	318	
4283	119	
4284	503	
4285	518	
4286	227	
4287	605	
4288	162	
4289	684	
4290	165	
4291	110	
4292	787	
4293	166	
4294	468	
4295	677	
4296	705	
4297	603	
4298	749	
4299	64	
4300	996	
4301	933	
4302	815	
4303	835	
4304	217	
4305	479	
4306	834	
4307	217	
4308	133	
4309	136	
4310	95	
4311	261	
4312	279	
4313	240	
4314	468	
4315	122	
4316	120	
4317	248	
4318	727	
4319	264	
4320	395	
4321	732	
4322	200	
4323	296	
4324	119	
4325	545	
4326	729	
4327	628	
4328	97	
4329	680	
4330	791	
4331	2	
4332	773	
4333	107	
4334	663	
4335	496	
4336	748	
4337	821	
4338	3	
4339	830	
4340	764	
4341	388	
4342	501	
4343	121	
4344	445	
4345	792	
4346	737	
4347	252	
4348	176	
4349	443	
4350	636	
4351	942	
4352	192	
4353	776	
4354	41	
4355	944	
4356	466	
4357	333	
4358	200	
4359	46	
4360	534	
4361	531	
4362	382	
4363	123	
4364	925	
4365	314	
4366	626	
4367	415	
4368	779	
4369	744	
4370	323	
4371	962	
4372	988	
4373	929	
4374	317	
4375	447	
4376	408	
4377	413	
4378	515	
4379	756	
4380	776	
4381	62	
4382	707	
4383	798	
4384	624	
4385	113	
4386	639	
4387	439	
4388	373	
4389	458	
4390	536	
4391	370	
4392	934	
4393	394	
4394	379	
4395	986	
4396	205	
4397	610	
4398	773	
4399	736	
4400	357	
4401	823	
4402	224	
4403	380	
4404	138	
4405	846	
4406	502	
4407	249	
4408	638	
4409	542	
4410	554	
4411	659	
4412	216	
4413	378	
4414	852	
4415	457	
4416	628	
4417	46	
4418	19	
4419	333	
4420	624	
4421	447	
4422	674	
4423	96	
4424	930	
4425	582	
4426	685	
4427	25	
4428	757	
4429	867	
4430	963	
4431	205	
4432	738	
4433	43	
4434	315	
4435	613	
4436	217	
4437	947	
4438	576	
4439	221	
4440	831	
4441	60	
4442	991	
4443	296	
4444	199	
4445	623	
4446	390	
4447	863	
4448	620	
4449	568	
4450	356	
4451	465	
4452	146	
4453	901	
4454	669	
4455	626	
4456	482	
4457	206	
4458	389	
4459	470	
4460	316	
4461	996	
4462	433	
4463	596	
4464	284	
4465	403	
4466	499	
4467	701	
4468	847	
4469	217	
4470	965	
4471	171	
4472	693	
4473	295	
4474	226	
4475	821	
4476	22	
4477	29	
4478	930	
4479	807	
4480	95	
4481	655	
4482	28	
4483	812	
4484	196	
4485	396	
4486	267	
4487	430	
4488	869	
4489	819	
4490	739	
4491	321	
4492	322	
4493	326	
4494	842	
4495	581	
4496	337	
4497	256	
4498	9	
4499	379	
4500	613	
4501	648	
4502	619	
4503	173	
4504	557	
4505	998	
4506	474	
4507	911	
4508	317	
4509	59	
4510	679	
4511	554	
4512	718	
4513	642	
4514	680	
4515	189	
4516	29	
4517	187	
4518	857	
4519	316	
4520	75	
4521	964	
4522	622	
4523	507	
4524	705	
4525	408	
4526	740	
4527	985	
4528	705	
4529	146	
4530	53	
4531	360	
4532	194	
4533	280	
4534	130	
4535	512	
4536	762	
4537	826	
4538	177	
4539	753	
4540	59	
4541	33	
4542	614	
4543	191	
4544	912	
4545	290	
4546	755	
4547	165	
4548	670	
4549	235	
4550	874	
4551	125	
4552	902	
4553	698	
4554	551	
4555	676	
4556	407	
4557	979	
4558	80	
4559	64	
4560	366	
4561	320	
4562	910	
4563	523	
4564	879	
4565	448	
4566	996	
4567	207	
4568	386	
4569	786	
4570	668	
4571	569	
4572	545	
4573	369	
4574	855	
4575	896	
4576	606	
4577	575	
4578	323	
4579	940	
4580	295	
4581	731	
4582	628	
4583	929	
4584	228	
4585	261	
4586	669	
4587	179	
4588	349	
4589	126	
4590	277	
4591	698	
4592	301	
4593	747	
4594	517	
4595	893	
4596	523	
4597	1	
4598	382	
4599	592	
4600	742	
4601	303	
4602	173	
4603	831	
4604	758	
4605	136	
4606	361	
4607	586	
4608	56	
4609	40	
4610	137	
4611	193	
4612	936	
4613	948	
4614	823	
4615	383	
4616	949	
4617	828	
4618	321	
4619	97	
4620	538	
4621	835	
4622	725	
4623	790	
4624	257	
4625	747	
4626	386	
4627	190	
4628	536	
4629	426	
4630	387	
4631	308	
4632	53	
4633	137	
4634	836	
4635	565	
4636	283	
4637	481	
4638	837	
4639	128	
4640	117	
4641	302	
4642	644	
4643	381	
4644	336	
4645	702	
4646	629	
4647	865	
4648	362	
4649	248	
4650	179	
4651	934	
4652	447	
4653	623	
4654	141	
4655	932	
4656	288	
4657	183	
4658	956	
4659	333	
4660	363	
4661	540	
4662	569	
4663	658	
4664	64	
4665	511	
4666	649	
4667	729	
4668	552	
4669	594	
4670	250	
4671	568	
4672	190	
4673	689	
4674	861	
4675	408	
4676	775	
4677	208	
4678	956	
4679	348	
4680	35	
4681	377	
4682	930	
4683	577	
4684	595	
4685	621	
4686	616	
4687	742	
4688	691	
4689	976	
4690	396	
4691	635	
4692	303	
4693	439	
4694	977	
4695	179	
4696	135	
4697	322	
4698	363	
4699	107	
4700	116	
4701	12	
4702	913	
4703	642	
4704	370	
4705	864	
4706	620	
4707	153	
4708	158	
4709	131	
4710	4	
4711	610	
4712	312	
4713	638	
4714	231	
4715	115	
4716	511	
4717	27	
4718	315	
4719	938	
4720	729	
4721	61	
4722	481	
4723	199	
4724	866	
4725	714	
4726	970	
4727	119	
4728	841	
4729	442	
4730	723	
4731	700	
4732	128	
4733	822	
4734	418	
4735	656	
4736	867	
4737	235	
4738	856	
4739	561	
4740	309	
4741	23	
4742	830	
4743	395	
4744	248	
4745	128	
4746	386	
4747	620	
4748	139	
4749	602	
4750	113	
4751	448	
4752	683	
4753	431	
4754	164	
4755	514	
4756	5	
4757	526	
4758	365	
4759	829	
4760	783	
4761	286	
4762	776	
4763	252	
4764	196	
4765	25	
4766	4	
4767	808	
4768	326	
4769	516	
4770	626	
4771	399	
4772	884	
4773	379	
4774	306	
4775	327	
4776	107	
4777	111	
4778	306	
4779	195	
4780	919	
4781	121	
4782	176	
4783	481	
4784	865	
4785	974	
4786	629	
4787	620	
4788	359	
4789	346	
4790	674	
4791	422	
4792	65	
4793	111	
4794	467	
4795	763	
4796	223	
4797	917	
4798	264	
4799	842	
4800	726	
4801	545	
4802	89	
4803	525	
4804	842	
4805	960	
4806	511	
4807	13	
4808	419	
4809	538	
4810	664	
4811	824	
4812	370	
4813	577	
4814	713	
4815	397	
4816	730	
4817	633	
4818	91	
4819	469	
4820	657	
4821	911	
4822	240	
4823	745	
4824	278	
4825	348	
4826	420	
4827	784	
4828	498	
4829	385	
4830	686	
4831	607	
4832	873	
4833	82	
4834	590	
4835	408	
4836	240	
4837	725	
4838	222	
4839	430	
4840	886	
4841	778	
4842	196	
4843	5	
4844	700	
4845	810	
4846	332	
4847	900	
4848	71	
4849	369	
4850	271	
4851	676	
4852	138	
4853	733	
4854	192	
4855	47	
4856	102	
4857	670	
4858	874	
4859	923	
4860	764	
4861	358	
4862	533	
4863	175	
4864	527	
4865	105	
4866	761	
4867	931	
4868	413	
4869	35	
4870	127	
4871	89	
4872	380	
4873	550	
4874	917	
4875	768	
4876	863	
4877	643	
4878	720	
4879	733	
4880	7	
4881	253	
4882	128	
4883	297	
4884	372	
4885	228	
4886	753	
4887	536	
4888	819	
4889	261	
4890	126	
4891	502	
4892	967	
4893	572	
4894	862	
4895	873	
4896	674	
4897	419	
4898	129	
4899	84	
4900	706	
4901	946	
4902	193	
4903	119	
4904	326	
4905	887	
4906	843	
4907	377	
4908	688	
4909	877	
4910	477	
4911	160	
4912	947	
4913	199	
4914	399	
4915	870	
4916	964	
4917	699	
4918	132	
4919	627	
4920	435	
4921	352	
4922	640	
4923	527	
4924	16	
4925	10	
4926	929	
4927	286	
4928	464	
4929	139	
4930	103	
4931	643	
4932	183	
4933	289	
4934	597	
4935	792	
4936	460	
4937	245	
4938	496	
4939	938	
4940	122	
4941	303	
4942	565	
4943	79	
4944	811	
4945	524	
4946	804	
4947	600	
4948	797	
4949	50	
4950	137	
4951	161	
4952	671	
4953	320	
4954	127	
4955	990	
4956	954	
4957	681	
4958	677	
4959	462	
4960	17	
4961	119	
4962	755	
4963	937	
4964	363	
4965	257	
4966	27	
4967	723	
4968	150	
4969	231	
4970	794	
4971	616	
4972	67	
4973	282	
4974	422	
4975	616	
4976	462	
4977	975	
4978	927	
4979	178	
4980	557	
4981	594	
4982	815	
4983	290	
4984	558	
4985	341	
4986	20	
4987	316	
4988	483	
4989	288	
4990	731	
4991	32	
4992	542	
4993	312	
4994	868	
4995	102	
4996	631	
4997	786	
4998	842	
4999	745	
5000	219	
5001	950	
5002	625	
5003	318	
5004	316	
5005	822	
5006	480	
5007	179	
5008	757	
5009	998	
5010	783	
5011	250	
5012	908	
5013	179	
5014	375	
5015	813	
5016	361	
5017	70	
5018	782	
5019	721	
5020	67	
5021	536	
5022	594	
5023	597	
5024	607	
5025	269	
5026	955	
5027	970	
5028	330	
5029	427	
5030	35	
5031	818	
5032	555	
5033	553	
5034	327	
5035	490	
5036	460	
5037	682	
5038	460	
5039	122	
5040	152	
5041	938	
5042	524	
5043	113	
5044	388	
5045	525	
5046	1	
5047	187	
5048	831	
5049	420	
5050	206	
5051	541	
5052	939	
5053	217	
5054	227	
5055	21	
5056	436	
5057	431	
5058	831	
5059	500	
5060	405	
5061	965	
5062	269	
5063	725	
5064	352	
5065	354	
5066	721	
5067	269	
5068	236	
5069	335	
5070	466	
5071	722	
5072	926	
5073	546	
5074	944	
5075	142	
5076	211	
5077	879	
5078	116	
5079	795	
5080	121	
5081	414	
5082	548	
5083	471	
5084	19	
5085	98	
5086	366	
5087	695	
5088	708	
5089	806	
5090	105	
5091	900	
5092	320	
5093	591	
5094	833	
5095	219	
5096	832	
5097	606	
5098	74	
5099	758	
5100	428	
5101	133	
5102	642	
5103	622	
5104	264	
5105	999	
5106	888	
5107	770	
5108	585	
5109	234	
5110	857	
5111	375	
5112	863	
5113	789	
5114	999	
5115	367	
5116	43	
5117	780	
5118	922	
5119	547	
5120	327	
5121	969	
5122	577	
5123	68	
5124	466	
5125	810	
5126	983	
5127	483	
5128	779	
5129	800	
5130	656	
5131	406	
5132	627	
5133	555	
5134	907	
5135	332	
5136	654	
5137	528	
5138	647	
5139	205	
5140	935	
5141	397	
5142	159	
5143	164	
5144	440	
5145	673	
5146	296	
5147	959	
5148	66	
5149	166	
5150	944	
5151	595	
5152	47	
5153	681	
5154	550	
5155	698	
5156	724	
5157	846	
5158	126	
5159	158	
5160	386	
5161	910	
5162	284	
5163	757	
5164	314	
5165	146	
5166	85	
5167	789	
5168	199	
5169	614	
5170	299	
5171	358	
5172	613	
5173	33	
5174	223	
5175	453	
5176	61	
5177	65	
5178	423	
5179	525	
5180	712	
5181	386	
5182	967	
5183	125	
5184	706	
5185	357	
5186	761	
5187	902	
5188	230	
5189	554	
5190	751	
5191	628	
5192	901	
5193	512	
5194	541	
5195	946	
5196	145	
5197	233	
5198	354	
5199	96	
5200	83	
5201	145	
5202	109	
5203	854	
5204	427	
5205	318	
5206	961	
5207	608	
5208	798	
5209	638	
5210	987	
5211	81	
5212	207	
5213	493	
5214	912	
5215	257	
5216	496	
5217	510	
5218	514	
5219	626	
5220	167	
5221	119	
5222	322	
5223	220	
5224	652	
5225	864	
5226	900	
5227	630	
5228	447	
5229	98	
5230	8	
5231	198	
5232	412	
5233	433	
5234	756	
5235	429	
5236	232	
5237	395	
5238	989	
5239	93	
5240	482	
5241	392	
5242	101	
5243	884	
5244	741	
5245	570	
5246	19	
5247	769	
5248	210	
5249	100	
5250	432	
5251	603	
5252	360	
5253	733	
5254	438	
5255	967	
5256	630	
5257	540	
5258	881	
5259	120	
5260	93	
5261	810	
5262	383	
5263	798	
5264	904	
5265	845	
5266	313	
5267	410	
5268	44	
5269	265	
5270	9	
5271	325	
5272	922	
5273	982	
5274	932	
5275	142	
5276	330	
5277	839	
5278	103	
5279	827	
5280	32	
5281	390	
5282	772	
5283	308	
5284	945	
5285	171	
5286	556	
5287	981	
5288	228	
5289	44	
5290	827	
5291	617	
5292	170	
5293	636	
5294	40	
5295	266	
5296	503	
5297	53	
5298	540	
5299	406	
5300	289	
5301	415	
5302	112	
5303	920	
5304	622	
5305	849	
5306	169	
5307	343	
5308	472	
5309	404	
5310	21	
5311	231	
5312	73	
5313	181	
5314	349	
5315	211	
5316	25	
5317	946	
5318	267	
5319	333	
5320	645	
5321	217	
5322	707	
5323	225	
5324	271	
5325	934	
5326	971	
5327	207	
5328	603	
5329	435	
5330	92	
5331	440	
5332	605	
5333	422	
5334	144	
5335	966	
5336	173	
5337	368	
5338	580	
5339	790	
5340	356	
5341	731	
5342	861	
5343	678	
5344	822	
5345	545	
5346	324	
5347	425	
5348	577	
5349	353	
5350	252	
5351	71	
5352	618	
5353	371	
5354	304	
5355	176	
5356	100	
5357	792	
5358	200	
5359	776	
5360	121	
5361	141	
5362	586	
5363	577	
5364	808	
5365	222	
5366	834	
5367	150	
5368	208	
5369	509	
5370	356	
5371	403	
5372	409	
5373	258	
5374	470	
5375	528	
5376	671	
5377	825	
5378	657	
5379	29	
5380	280	
5381	913	
5382	87	
5383	165	
5384	186	
5385	577	
5386	843	
5387	149	
5388	176	
5389	107	
5390	166	
5391	251	
5392	556	
5393	83	
5394	38	
5395	937	
5396	579	
5397	831	
5398	582	
5399	857	
5400	150	
5401	805	
5402	314	
5403	840	
5404	733	
5405	817	
5406	473	
5407	892	
5408	427	
5409	198	
5410	67	
5411	888	
5412	543	
5413	722	
5414	907	
5415	637	
5416	895	
5417	516	
5418	468	
5419	376	
5420	972	
5421	335	
5422	205	
5423	873	
5424	994	
5425	774	
5426	103	
5427	327	
5428	894	
5429	735	
5430	459	
5431	470	
5432	400	
5433	195	
5434	246	
5435	410	
5436	361	
5437	905	
5438	382	
5439	227	
5440	667	
5441	848	
5442	907	
5443	210	
5444	918	
5445	883	
5446	801	
5447	448	
5448	494	
5449	404	
5450	227	
5451	898	
5452	87	
5453	804	
5454	55	
5455	305	
5456	876	
5457	134	
5458	581	
5459	900	
5460	241	
5461	849	
5462	529	
5463	590	
5464	374	
5465	461	
5466	647	
5467	620	
5468	284	
5469	682	
5470	732	
5471	245	
5472	183	
5473	462	
5474	57	
5475	778	
5476	188	
5477	685	
5478	648	
5479	45	
5480	322	
5481	256	
5482	783	
5483	27	
5484	323	
5485	529	
5486	506	
5487	884	
5488	537	
5489	211	
5490	242	
5491	607	
5492	171	
5493	19	
5494	266	
5495	568	
5496	991	
5497	891	
5498	950	
5499	428	
5500	175	
5501	476	
5502	668	
5503	681	
5504	454	
5505	120	
5506	620	
5507	745	
5508	18	
5509	744	
5510	634	
5511	885	
5512	65	
5513	641	
5514	224	
5515	539	
5516	269	
5517	166	
5518	86	
5519	721	
5520	202	
5521	812	
5522	852	
5523	273	
5524	100	
5525	510	
5526	156	
5527	550	
5528	596	
5529	606	
5530	74	
5531	499	
5532	298	
5533	846	
5534	309	
5535	736	
5536	865	
5537	968	
5538	237	
5539	278	
5540	511	
5541	819	
5542	612	
5543	287	
5544	668	
5545	879	
5546	303	
5547	609	
5548	152	
5549	893	
5550	892	
5551	610	
5552	295	
5553	993	
5554	772	
5555	282	
5556	630	
5557	42	
5558	535	
5559	774	
5560	84	
5561	742	
5562	780	
5563	584	
5564	996	
5565	320	
5566	104	
5567	258	
5568	703	
5569	628	
5570	363	
5571	938	
5572	36	
5573	375	
5574	449	
5575	244	
5576	34	
5577	153	
5578	660	
5579	126	
5580	410	
5581	828	
5582	740	
5583	764	
5584	255	
5585	924	
5586	809	
5587	474	
5588	815	
5589	38	
5590	317	
5591	200	
5592	832	
5593	843	
5594	748	
5595	413	
5596	430	
5597	227	
5598	725	
5599	470	
5600	665	
5601	52	
5602	408	
5603	149	
5604	961	
5605	571	
5606	559	
5607	100	
5608	292	
5609	648	
5610	647	
5611	857	
5612	603	
5613	907	
5614	526	
5615	554	
5616	731	
5617	602	
5618	44	
5619	8	
5620	423	
5621	491	
5622	811	
5623	933	
5624	56	
5625	924	
5626	161	
5627	839	
5628	999	
5629	15	
5630	299	
5631	573	
5632	511	
5633	466	
5634	73	
5635	694	
5636	301	
5637	56	
5638	70	
5639	831	
5640	81	
5641	779	
5642	79	
5643	587	
5644	525	
5645	260	
5646	849	
5647	898	
5648	570	
5649	30	
5650	804	
5651	28	
5652	623	
5653	440	
5654	820	
5655	317	
5656	268	
5657	393	
5658	852	
5659	856	
5660	144	
5661	852	
5662	371	
5663	294	
5664	800	
5665	332	
5666	137	
5667	70	
5668	633	
5669	374	
5670	896	
5671	252	
5672	291	
5673	155	
5674	69	
5675	700	
5676	222	
5677	420	
5678	901	
5679	101	
5680	133	
5681	270	
5682	314	
5683	760	
5684	415	
5685	14	
5686	334	
5687	943	
5688	347	
5689	588	
5690	765	
5691	976	
5692	649	
5693	121	
5694	364	
5695	74	
5696	485	
5697	418	
5698	262	
5699	453	
5700	213	
5701	284	
5702	659	
5703	771	
5704	871	
5705	392	
5706	120	
5707	603	
5708	694	
5709	478	
5710	564	
5711	258	
5712	756	
5713	91	
5714	902	
5715	401	
5716	495	
5717	677	
5718	450	
5719	220	
5720	989	
5721	219	
5722	571	
5723	711	
5724	561	
5725	255	
5726	423	
5727	329	
5728	302	
5729	997	
5730	544	
5731	170	
5732	416	
5733	347	
5734	647	
5735	126	
5736	696	
5737	433	
5738	377	
5739	433	
5740	390	
5741	760	
5742	172	
5743	210	
5744	998	
5745	92	
5746	416	
5747	178	
5748	918	
5749	796	
5750	247	
5751	444	
5752	900	
5753	30	
5754	15	
5755	484	
5756	81	
5757	941	
5758	940	
5759	922	
5760	650	
5761	141	
5762	856	
5763	310	
5764	683	
5765	67	
5766	621	
5767	603	
5768	900	
5769	655	
5770	840	
5771	245	
5772	318	
5773	211	
5774	733	
5775	940	
5776	580	
5777	578	
5778	607	
5779	281	
5780	676	
5781	68	
5782	582	
5783	654	
5784	949	
5785	774	
5786	352	
5787	232	
5788	249	
5789	244	
5790	923	
5791	846	
5792	162	
5793	633	
5794	214	
5795	608	
5796	134	
5797	3	
5798	477	
5799	954	
5800	268	
5801	305	
5802	900	
5803	656	
5804	477	
5805	790	
5806	168	
5807	242	
5808	990	
5809	269	
5810	75	
5811	335	
5812	595	
5813	204	
5814	679	
5815	883	
5816	11	
5817	43	
5818	167	
5819	490	
5820	8	
5821	580	
5822	107	
5823	276	
5824	941	
5825	794	
5826	706	
5827	769	
5828	336	
5829	92	
5830	991	
5831	796	
5832	991	
5833	432	
5834	974	
5835	154	
5836	148	
5837	194	
5838	813	
5839	937	
5840	115	
5841	884	
5842	477	
5843	811	
5844	785	
5845	293	
5846	209	
5847	74	
5848	940	
5849	717	
5850	340	
5851	523	
5852	423	
5853	308	
5854	36	
5855	965	
5856	124	
5857	920	
5858	867	
5859	105	
5860	745	
5861	117	
5862	954	
5863	49	
5864	990	
5865	204	
5866	565	
5867	210	
5868	387	
5869	967	
5870	20	
5871	484	
5872	620	
5873	32	
5874	589	
5875	78	
5876	254	
5877	551	
5878	5	
5879	916	
5880	177	
5881	323	
5882	982	
5883	939	
5884	509	
5885	645	
5886	111	
5887	177	
5888	943	
5889	282	
5890	601	
5891	159	
5892	299	
5893	375	
5894	742	
5895	400	
5896	737	
5897	901	
5898	18	
5899	121	
5900	897	
5901	692	
5902	892	
5903	313	
5904	641	
5905	729	
5906	99	
5907	528	
5908	651	
5909	561	
5910	258	
5911	881	
5912	257	
5913	661	
5914	934	
5915	881	
5916	387	
5917	319	
5918	84	
5919	368	
5920	293	
5921	689	
5922	326	
5923	580	
5924	732	
5925	970	
5926	277	
5927	683	
5928	863	
5929	170	
5930	813	
5931	999	
5932	647	
5933	746	
5934	117	
5935	201	
5936	801	
5937	294	
5938	438	
5939	208	
5940	640	
5941	500	
5942	169	
5943	881	
5944	237	
5945	933	
5946	931	
5947	878	
5948	177	
5949	361	
5950	339	
5951	777	
5952	791	
5953	364	
5954	8	
5955	624	
5956	996	
5957	133	
5958	412	
5959	511	
5960	401	
5961	843	
5962	141	
5963	379	
5964	621	
5965	496	
5966	417	
5967	843	
5968	380	
5969	512	
5970	751	
5971	831	
5972	821	
5973	256	
5974	914	
5975	242	
5976	733	
5977	241	
5978	167	
5979	266	
5980	382	
5981	292	
5982	507	
5983	44	
5984	813	
5985	684	
5986	895	
5987	386	
5988	53	
5989	865	
5990	838	
5991	726	
5992	510	
5993	961	
5994	971	
5995	686	
5996	258	
5997	991	
5998	550	
5999	400	
6000	396	
6001	998	
6002	957	
6003	469	
6004	633	
6005	476	
6006	412	
6007	431	
6008	168	
6009	601	
6010	335	
6011	396	
6012	963	
6013	327	
6014	925	
6015	922	
6016	966	
6017	473	
6018	972	
6019	299	
6020	757	
6021	22	
6022	473	
6023	264	
6024	655	
6025	820	
6026	207	
6027	776	
6028	975	
6029	983	
6030	700	
6031	192	
6032	351	
6033	833	
6034	433	
6035	385	
6036	44	
6037	105	
6038	584	
6039	494	
6040	639	
6041	863	
6042	670	
6043	645	
6044	784	
6045	147	
6046	832	
6047	419	
6048	67	
6049	323	
6050	271	
6051	482	
6052	884	
6053	483	
6054	302	
6055	829	
6056	156	
6057	468	
6058	520	
6059	816	
6060	539	
6061	87	
6062	956	
6063	474	
6064	901	
6065	697	
6066	11	
6067	668	
6068	40	
6069	71	
6070	182	
6071	720	
6072	633	
6073	592	
6074	218	
6075	444	
6076	620	
6077	224	
6078	837	
6079	391	
6080	435	
6081	361	
6082	800	
6083	8	
6084	843	
6085	361	
6086	948	
6087	420	
6088	484	
6089	224	
6090	95	
6091	711	
6092	655	
6093	280	
6094	406	
6095	903	
6096	264	
6097	437	
6098	130	
6099	533	
6100	75	
6101	829	
6102	573	
6103	205	
6104	776	
6105	119	
6106	348	
6107	466	
6108	488	
6109	765	
6110	404	
6111	693	
6112	935	
6113	395	
6114	974	
6115	429	
6116	114	
6117	991	
6118	924	
6119	350	
6120	936	
6121	761	
6122	171	
6123	452	
6124	571	
6125	938	
6126	610	
6127	782	
6128	757	
6129	734	
6130	959	
6131	21	
6132	797	
6133	396	
6134	806	
6135	332	
6136	721	
6137	650	
6138	91	
6139	127	
6140	307	
6141	867	
6142	436	
6143	118	
6144	855	
6145	858	
6146	74	
6147	976	
6148	952	
6149	430	
6150	438	
6151	186	
6152	920	
6153	334	
6154	22	
6155	720	
6156	190	
6157	212	
6158	759	
6159	168	
6160	503	
6161	732	
6162	834	
6163	940	
6164	215	
6165	955	
6166	456	
6167	869	
6168	23	
6169	490	
6170	640	
6171	298	
6172	167	
6173	689	
6174	294	
6175	313	
6176	474	
6177	478	
6178	555	
6179	858	
6180	542	
6181	102	
6182	465	
6183	593	
6184	987	
6185	152	
6186	77	
6187	410	
6188	745	
6189	783	
6190	29	
6191	181	
6192	380	
6193	878	
6194	386	
6195	681	
6196	57	
6197	955	
6198	869	
6199	570	
6200	200	
6201	870	
6202	810	
6203	932	
6204	569	
6205	25	
6206	201	
6207	487	
6208	9	
6209	343	
6210	274	
6211	579	
6212	820	
6213	582	
6214	382	
6215	859	
6216	946	
6217	727	
6218	563	
6219	356	
6220	491	
6221	466	
6222	566	
6223	228	
6224	493	
6225	437	
6226	863	
6227	877	
6228	59	
6229	116	
6230	938	
6231	441	
6232	780	
6233	455	
6234	658	
6235	709	
6236	708	
6237	944	
6238	678	
6239	616	
6240	115	
6241	44	
6242	326	
6243	818	
6244	969	
6245	775	
6246	565	
6247	743	
6248	884	
6249	10	
6250	558	
6251	788	
6252	854	
6253	198	
6254	656	
6255	606	
6256	713	
6257	208	
6258	251	
6259	263	
6260	92	
6261	237	
6262	122	
6263	930	
6264	901	
6265	644	
6266	712	
6267	20	
6268	646	
6269	361	
6270	293	
6271	507	
6272	306	
6273	30	
6274	449	
6275	872	
6276	606	
6277	57	
6278	141	
6279	350	
6280	290	
6281	34	
6282	214	
6283	770	
6284	295	
6285	355	
6286	891	
6287	491	
6288	25	
6289	400	
6290	892	
6291	48	
6292	388	
6293	975	
6294	987	
6295	559	
6296	817	
6297	199	
6298	636	
6299	850	
6300	63	
6301	386	
6302	806	
6303	1	
6304	571	
6305	164	
6306	328	
6307	301	
6308	746	
6309	683	
6310	767	
6311	40	
6312	604	
6313	406	
6314	125	
6315	599	
6316	289	
6317	913	
6318	816	
6319	362	
6320	77	
6321	285	
6322	786	
6323	544	
6324	381	
6325	881	
6326	509	
6327	741	
6328	976	
6329	477	
6330	469	
6331	342	
6332	912	
6333	11	
6334	688	
6335	745	
6336	329	
6337	847	
6338	534	
6339	712	
6340	687	
6341	222	
6342	906	
6343	476	
6344	569	
6345	944	
6346	472	
6347	3	
6348	362	
6349	406	
6350	671	
6351	172	
6352	164	
6353	246	
6354	151	
6355	175	
6356	565	
6357	412	
6358	393	
6359	487	
6360	763	
6361	425	
6362	763	
6363	41	
6364	41	
6365	758	
6366	963	
6367	572	
6368	570	
6369	567	
6370	649	
6371	121	
6372	922	
6373	265	
6374	79	
6375	67	
6376	554	
6377	581	
6378	338	
6379	13	
6380	538	
6381	805	
6382	104	
6383	296	
6384	903	
6385	556	
6386	241	
6387	228	
6388	460	
6389	32	
6390	543	
6391	395	
6392	338	
6393	393	
6394	464	
6395	339	
6396	322	
6397	825	
6398	384	
6399	562	
6400	574	
6401	83	
6402	26	
6403	506	
6404	614	
6405	797	
6406	374	
6407	484	
6408	783	
6409	72	
6410	505	
6411	102	
6412	915	
6413	644	
6414	442	
6415	175	
6416	37	
6417	895	
6418	920	
6419	983	
6420	187	
6421	100	
6422	151	
6423	642	
6424	260	
6425	302	
6426	754	
6427	947	
6428	154	
6429	508	
6430	855	
6431	723	
6432	647	
6433	452	
6434	96	
6435	857	
6436	385	
6437	434	
6438	406	
6439	984	
6440	775	
6441	295	
6442	646	
6443	174	
6444	627	
6445	724	
6446	285	
6447	737	
6448	287	
6449	710	
6450	69	
6451	642	
6452	418	
6453	153	
6454	512	
6455	283	
6456	802	
6457	287	
6458	817	
6459	114	
6460	657	
6461	232	
6462	432	
6463	694	
6464	651	
6465	145	
6466	596	
6467	686	
6468	499	
6469	207	
6470	416	
6471	695	
6472	811	
6473	610	
6474	712	
6475	820	
6476	194	
6477	125	
6478	603	
6479	621	
6480	333	
6481	210	
6482	32	
6483	330	
6484	73	
6485	855	
6486	419	
6487	879	
6488	100	
6489	333	
6490	862	
6491	920	
6492	761	
6493	789	
6494	866	
6495	251	
6496	458	
6497	139	
6498	814	
6499	74	
6500	302	
6501	685	
6502	107	
6503	112	
6504	786	
6505	995	
6506	536	
6507	193	
6508	17	
6509	430	
6510	386	
6511	724	
6512	838	
6513	490	
6514	440	
6515	858	
6516	391	
6517	621	
6518	559	
6519	270	
6520	937	
6521	744	
6522	1	
6523	20	
6524	920	
6525	546	
6526	894	
6527	484	
6528	773	
6529	618	
6530	173	
6531	941	
6532	159	
6533	284	
6534	105	
6535	620	
6536	557	
6537	32	
6538	102	
6539	437	
6540	544	
6541	511	
6542	34	
6543	542	
6544	499	
6545	759	
6546	598	
6547	840	
6548	508	
6549	988	
6550	493	
6551	23	
6552	74	
6553	7	
6554	506	
6555	471	
6556	918	
6557	865	
6558	787	
6559	766	
6560	404	
6561	533	
6562	10	
6563	919	
6564	377	
6565	507	
6566	727	
6567	107	
6568	676	
6569	761	
6570	617	
6571	31	
6572	999	
6573	874	
6574	892	
6575	594	
6576	60	
6577	993	
6578	370	
6579	685	
6580	354	
6581	4	
6582	356	
6583	387	
6584	207	
6585	35	
6586	160	
6587	240	
6588	525	
6589	127	
6590	578	
6591	468	
6592	559	
6593	77	
6594	444	
6595	503	
6596	18	
6597	83	
6598	624	
6599	308	
6600	798	
6601	255	
6602	314	
6603	399	
6604	965	
6605	21	
6606	232	
6607	649	
6608	776	
6609	279	
6610	387	
6611	840	
6612	46	
6613	476	
6614	830	
6615	505	
6616	767	
6617	907	
6618	987	
6619	912	
6620	466	
6621	926	
6622	731	
6623	452	
6624	941	
6625	826	
6626	868	
6627	342	
6628	291	
6629	83	
6630	962	
6631	303	
6632	4	
6633	530	
6634	288	
6635	431	
6636	938	
6637	32	
6638	190	
6639	210	
6640	960	
6641	890	
6642	874	
6643	898	
6644	971	
6645	597	
6646	313	
6647	306	
6648	467	
6649	232	
6650	133	
6651	23	
6652	856	
6653	382	
6654	245	
6655	255	
6656	222	
6657	387	
6658	994	
6659	675	
6660	547	
6661	532	
6662	294	
6663	926	
6664	974	
6665	1	
6666	884	
6667	853	
6668	199	
6669	941	
6670	813	
6671	326	
6672	859	
6673	969	
6674	327	
6675	483	
6676	351	
6677	606	
6678	365	
6679	838	
6680	106	
6681	122	
6682	60	
6683	884	
6684	637	
6685	743	
6686	153	
6687	412	
6688	668	
6689	961	
6690	925	
6691	335	
6692	843	
6693	54	
6694	923	
6695	191	
6696	891	
6697	333	
6698	6	
6699	393	
6700	724	
6701	185	
6702	821	
6703	549	
6704	139	
6705	22	
6706	457	
6707	122	
6708	443	
6709	296	
6710	707	
6711	980	
6712	109	
6713	968	
6714	368	
6715	208	
6716	298	
6717	880	
6718	390	
6719	460	
6720	373	
6721	867	
6722	918	
6723	769	
6724	763	
6725	600	
6726	242	
6727	883	
6728	388	
6729	902	
6730	269	
6731	221	
6732	289	
6733	575	
6734	240	
6735	862	
6736	933	
6737	366	
6738	345	
6739	496	
6740	638	
6741	147	
6742	483	
6743	957	
6744	452	
6745	299	
6746	706	
6747	643	
6748	86	
6749	122	
6750	525	
6751	495	
6752	473	
6753	283	
6754	685	
6755	515	
6756	450	
6757	627	
6758	570	
6759	401	
6760	920	
6761	523	
6762	954	
6763	222	
6764	909	
6765	509	
6766	516	
6767	578	
6768	988	
6769	212	
6770	318	
6771	357	
6772	890	
6773	302	
6774	196	
6775	521	
6776	614	
6777	83	
6778	58	
6779	924	
6780	490	
6781	108	
6782	454	
6783	940	
6784	505	
6785	294	
6786	385	
6787	690	
6788	17	
6789	295	
6790	724	
6791	522	
6792	296	
6793	149	
6794	165	
6795	735	
6796	713	
6797	764	
6798	145	
6799	329	
6800	814	
6801	286	
6802	873	
6803	896	
6804	876	
6805	642	
6806	687	
6807	47	
6808	92	
6809	55	
6810	296	
6811	940	
6812	94	
6813	615	
6814	305	
6815	932	
6816	85	
6817	55	
6818	995	
6819	353	
6820	991	
6821	227	
6822	976	
6823	181	
6824	524	
6825	68	
6826	717	
6827	294	
6828	908	
6829	595	
6830	152	
6831	842	
6832	779	
6833	29	
6834	730	
6835	26	
6836	311	
6837	174	
6838	948	
6839	784	
6840	229	
6841	496	
6842	939	
6843	354	
6844	473	
6845	475	
6846	901	
6847	670	
6848	148	
6849	716	
6850	122	
6851	462	
6852	902	
6853	776	
6854	94	
6855	651	
6856	459	
6857	719	
6858	123	
6859	132	
6860	831	
6861	939	
6862	297	
6863	462	
6864	204	
6865	344	
6866	928	
6867	386	
6868	632	
6869	931	
6870	922	
6871	828	
6872	442	
6873	85	
6874	771	
6875	551	
6876	468	
6877	279	
6878	602	
6879	868	
6880	807	
6881	109	
6882	311	
6883	410	
6884	603	
6885	661	
6886	941	
6887	444	
6888	534	
6889	367	
6890	951	
6891	104	
6892	442	
6893	748	
6894	380	
6895	44	
6896	569	
6897	432	
6898	356	
6899	745	
6900	26	
6901	241	
6902	850	
6903	250	
6904	283	
6905	855	
6906	130	
6907	731	
6908	422	
6909	124	
6910	833	
6911	683	
6912	62	
6913	451	
6914	626	
6915	164	
6916	985	
6917	411	
6918	821	
6919	424	
6920	933	
6921	259	
6922	632	
6923	419	
6924	436	
6925	421	
6926	272	
6927	5	
6928	786	
6929	604	
6930	725	
6931	479	
6932	107	
6933	447	
6934	243	
6935	786	
6936	192	
6937	166	
6938	101	
6939	621	
6940	872	
6941	434	
6942	802	
6943	294	
6944	424	
6945	254	
6946	722	
6947	269	
6948	174	
6949	474	
6950	368	
6951	182	
6952	383	
6953	604	
6954	999	
6955	685	
6956	382	
6957	503	
6958	45	
6959	985	
6960	286	
6961	293	
6962	221	
6963	259	
6964	412	
6965	358	
6966	942	
6967	606	
6968	272	
6969	593	
6970	639	
6971	862	
6972	258	
6973	288	
6974	261	
6975	299	
6976	974	
6977	502	
6978	128	
6979	165	
6980	10	
6981	833	
6982	764	
6983	622	
6984	917	
6985	314	
6986	323	
6987	517	
6988	248	
6989	345	
6990	125	
6991	479	
6992	710	
6993	43	
6994	353	
6995	190	
6996	148	
6997	86	
6998	83	
6999	412	
7000	387	
7001	969	
7002	118	
7003	134	
7004	139	
7005	15	
7006	289	
7007	226	
7008	992	
7009	738	
7010	972	
7011	67	
7012	838	
7013	1	
7014	289	
7015	162	
7016	134	
7017	860	
7018	917	
7019	4	
7020	305	
7021	276	
7022	54	
7023	680	
7024	929	
7025	46	
7026	380	
7027	727	
7028	212	
7029	318	
7030	273	
7031	36	
7032	2	
7033	446	
7034	443	
7035	68	
7036	84	
7037	46	
7038	231	
7039	357	
7040	837	
7041	715	
7042	733	
7043	56	
7044	746	
7045	754	
7046	888	
7047	192	
7048	843	
7049	27	
7050	52	
7051	841	
7052	298	
7053	848	
7054	360	
7055	876	
7056	800	
7057	605	
7058	740	
7059	456	
7060	876	
7061	447	
7062	681	
7063	424	
7064	397	
7065	415	
7066	725	
7067	201	
7068	5	
7069	686	
7070	710	
7071	401	
7072	278	
7073	656	
7074	316	
7075	131	
7076	830	
7077	539	
7078	777	
7079	104	
7080	444	
7081	462	
7082	90	
7083	733	
7084	818	
7085	476	
7086	796	
7087	114	
7088	715	
7089	792	
7090	241	
7091	958	
7092	219	
7093	553	
7094	683	
7095	45	
7096	92	
7097	45	
7098	805	
7099	60	
7100	629	
7101	87	
7102	687	
7103	801	
7104	618	
7105	82	
7106	216	
7107	829	
7108	369	
7109	909	
7110	187	
7111	523	
7112	336	
7113	142	
7114	869	
7115	536	
7116	242	
7117	49	
7118	546	
7119	835	
7120	937	
7121	905	
7122	677	
7123	532	
7124	994	
7125	59	
7126	590	
7127	358	
7128	238	
7129	79	
7130	571	
7131	294	
7132	957	
7133	248	
7134	650	
7135	43	
7136	666	
7137	601	
7138	362	
7139	806	
7140	564	
7141	639	
7142	263	
7143	913	
7144	592	
7145	803	
7146	605	
7147	242	
7148	578	
7149	559	
7150	122	
7151	654	
7152	219	
7153	422	
7154	886	
7155	936	
7156	881	
7157	894	
7158	715	
7159	745	
7160	812	
7161	790	
7162	542	
7163	231	
7164	500	
7165	762	
7166	846	
7167	264	
7168	742	
7169	852	
7170	514	
7171	517	
7172	774	
7173	282	
7174	461	
7175	281	
7176	188	
7177	525	
7178	923	
7179	650	
7180	689	
7181	885	
7182	747	
7183	524	
7184	664	
7185	47	
7186	140	
7187	466	
7188	175	
7189	25	
7190	162	
7191	151	
7192	533	
7193	306	
7194	423	
7195	182	
7196	379	
7197	340	
7198	948	
7199	207	
7200	653	
7201	828	
7202	927	
7203	739	
7204	192	
7205	222	
7206	972	
7207	965	
7208	91	
7209	691	
7210	871	
7211	120	
7212	264	
7213	140	
7214	245	
7215	693	
7216	225	
7217	901	
7218	736	
7219	52	
7220	981	
7221	37	
7222	938	
7223	439	
7224	234	
7225	146	
7226	102	
7227	828	
7228	922	
7229	792	
7230	163	
7231	945	
7232	288	
7233	640	
7234	578	
7235	368	
7236	610	
7237	698	
7238	117	
7239	450	
7240	22	
7241	453	
7242	960	
7243	477	
7244	158	
7245	35	
7246	82	
7247	632	
7248	630	
7249	624	
7250	906	
7251	684	
7252	962	
7253	490	
7254	755	
7255	666	
7256	251	
7257	615	
7258	434	
7259	753	
7260	48	
7261	259	
7262	21	
7263	958	
7264	527	
7265	961	
7266	59	
7267	115	
7268	99	
7269	687	
7270	776	
7271	338	
7272	420	
7273	109	
7274	935	
7275	177	
7276	244	
7277	699	
7278	480	
7279	230	
7280	518	
7281	800	
7282	529	
7283	746	
7284	655	
7285	135	
7286	671	
7287	504	
7288	23	
7289	161	
7290	772	
7291	244	
7292	286	
7293	80	
7294	711	
7295	493	
7296	841	
7297	79	
7298	161	
7299	837	
7300	476	
7301	693	
7302	660	
7303	397	
7304	974	
7305	792	
7306	468	
7307	740	
7308	522	
7309	220	
7310	47	
7311	543	
7312	730	
7313	532	
7314	222	
7315	623	
7316	508	
7317	989	
7318	764	
7319	336	
7320	903	
7321	351	
7322	163	
7323	358	
7324	980	
7325	901	
7326	588	
7327	303	
7328	383	
7329	753	
7330	61	
7331	941	
7332	340	
7333	563	
7334	274	
7335	643	
7336	524	
7337	625	
7338	158	
7339	501	
7340	904	
7341	989	
7342	256	
7343	106	
7344	378	
7345	988	
7346	633	
7347	739	
7348	16	
7349	371	
7350	898	
7351	267	
7352	986	
7353	410	
7354	760	
7355	542	
7356	889	
7357	362	
7358	90	
7359	996	
7360	224	
7361	688	
7362	374	
7363	708	
7364	68	
7365	810	
7366	305	
7367	923	
7368	302	
7369	286	
7370	110	
7371	461	
7372	93	
7373	663	
7374	947	
7375	568	
7376	957	
7377	266	
7378	185	
7379	509	
7380	828	
7381	562	
7382	930	
7383	336	
7384	690	
7385	553	
7386	547	
7387	285	
7388	870	
7389	985	
7390	177	
7391	131	
7392	157	
7393	732	
7394	110	
7395	818	
7396	788	
7397	729	
7398	410	
7399	414	
7400	362	
7401	744	
7402	587	
7403	211	
7404	897	
7405	442	
7406	336	
7407	528	
7408	132	
7409	995	
7410	719	
7411	502	
7412	112	
7413	610	
7414	292	
7415	1000	
7416	164	
7417	165	
7418	515	
7419	99	
7420	890	
7421	728	
7422	507	
7423	804	
7424	110	
7425	468	
7426	10	
7427	438	
7428	380	
7429	65	
7430	541	
7431	435	
7432	763	
7433	134	
7434	991	
7435	312	
7436	582	
7437	797	
7438	398	
7439	235	
7440	190	
7441	90	
7442	651	
7443	454	
7444	187	
7445	810	
7446	376	
7447	875	
7448	995	
7449	606	
7450	921	
7451	399	
7452	295	
7453	351	
7454	909	
7455	681	
7456	474	
7457	777	
7458	573	
7459	337	
7460	387	
7461	306	
7462	145	
7463	827	
7464	351	
7465	73	
7466	167	
7467	636	
7468	297	
7469	929	
7470	589	
7471	361	
7472	541	
7473	821	
7474	84	
7475	308	
7476	366	
7477	99	
7478	237	
7479	744	
7480	381	
7481	803	
7482	341	
7483	426	
7484	994	
7485	207	
7486	338	
7487	176	
7488	50	
7489	419	
7490	621	
7491	387	
7492	489	
7493	59	
7494	615	
7495	534	
7496	175	
7497	177	
7498	326	
7499	734	
7500	781	
7501	22	
7502	111	
7503	169	
7504	46	
7505	741	
7506	259	
7507	817	
7508	704	
7509	301	
7510	860	
7511	424	
7512	474	
7513	997	
7514	638	
7515	75	
7516	502	
7517	72	
7518	464	
7519	537	
7520	142	
7521	361	
7522	738	
7523	555	
7524	535	
7525	877	
7526	423	
7527	99	
7528	155	
7529	29	
7530	818	
7531	191	
7532	736	
7533	819	
7534	210	
7535	60	
7536	348	
7537	641	
7538	671	
7539	349	
7540	74	
7541	991	
7542	36	
7543	595	
7544	332	
7545	804	
7546	13	
7547	812	
7548	705	
7549	353	
7550	856	
7551	798	
7552	381	
7553	539	
7554	77	
7555	290	
7556	653	
7557	920	
7558	40	
7559	891	
7560	258	
7561	526	
7562	467	
7563	222	
7564	819	
7565	408	
7566	806	
7567	970	
7568	373	
7569	538	
7570	105	
7571	959	
7572	740	
7573	978	
7574	806	
7575	896	
7576	368	
7577	79	
7578	737	
7579	322	
7580	611	
7581	507	
7582	697	
7583	213	
7584	1000	
7585	715	
7586	670	
7587	927	
7588	643	
7589	491	
7590	195	
7591	662	
7592	292	
7593	484	
7594	699	
7595	612	
7596	197	
7597	679	
7598	436	
7599	794	
7600	129	
7601	864	
7602	633	
7603	728	
7604	549	
7605	990	
7606	402	
7607	880	
7608	841	
7609	215	
7610	915	
7611	848	
7612	765	
7613	478	
7614	844	
7615	318	
7616	70	
7617	647	
7618	949	
7619	308	
7620	264	
7621	527	
7622	671	
7623	891	
7624	371	
7625	454	
7626	871	
7627	969	
7628	951	
7629	870	
7630	588	
7631	853	
7632	41	
7633	682	
7634	62	
7635	359	
7636	742	
7637	922	
7638	623	
7639	634	
7640	181	
7641	123	
7642	915	
7643	124	
7644	55	
7645	769	
7646	665	
7647	674	
7648	360	
7649	535	
7650	993	
7651	246	
7652	565	
7653	715	
7654	389	
7655	339	
7656	469	
7657	692	
7658	938	
7659	596	
7660	217	
7661	797	
7662	878	
7663	490	
7664	677	
7665	593	
7666	409	
7667	637	
7668	263	
7669	759	
7670	606	
7671	856	
7672	893	
7673	709	
7674	544	
7675	71	
7676	657	
7677	525	
7678	623	
7679	393	
7680	750	
7681	21	
7682	170	
7683	792	
7684	585	
7685	456	
7686	325	
7687	805	
7688	66	
7689	912	
7690	714	
7691	630	
7692	706	
7693	749	
7694	209	
7695	474	
7696	797	
7697	125	
7698	689	
7699	906	
7700	447	
7701	700	
7702	670	
7703	295	
7704	176	
7705	378	
7706	251	
7707	968	
7708	722	
7709	722	
7710	591	
7711	226	
7712	855	
7713	742	
7714	506	
7715	816	
7716	157	
7717	806	
7718	878	
7719	746	
7720	883	
7721	832	
7722	896	
7723	975	
7724	379	
7725	126	
7726	125	
7727	661	
7728	312	
7729	277	
7730	48	
7731	997	
7732	751	
7733	90	
7734	616	
7735	122	
7736	887	
7737	989	
7738	588	
7739	80	
7740	442	
7741	719	
7742	312	
7743	454	
7744	676	
7745	221	
7746	607	
7747	334	
7748	545	
7749	500	
7750	801	
7751	378	
7752	936	
7753	236	
7754	915	
7755	670	
7756	84	
7757	48	
7758	796	
7759	570	
7760	103	
7761	922	
7762	371	
7763	831	
7764	670	
7765	833	
7766	988	
7767	79	
7768	986	
7769	532	
7770	474	
7771	134	
7772	211	
7773	741	
7774	188	
7775	501	
7776	636	
7777	888	
7778	449	
7779	739	
7780	716	
7781	299	
7782	501	
7783	708	
7784	913	
7785	870	
7786	484	
7787	4	
7788	756	
7789	42	
7790	132	
7791	634	
7792	561	
7793	227	
7794	765	
7795	279	
7796	997	
7797	496	
7798	657	
7799	670	
7800	80	
7801	199	
7802	190	
7803	236	
7804	563	
7805	731	
7806	912	
7807	350	
7808	465	
7809	440	
7810	833	
7811	887	
7812	695	
7813	315	
7814	500	
7815	113	
7816	349	
7817	556	
7818	163	
7819	945	
7820	940	
7821	717	
7822	413	
7823	837	
7824	879	
7825	937	
7826	172	
7827	887	
7828	156	
7829	496	
7830	504	
7831	256	
7832	642	
7833	711	
7834	575	
7835	519	
7836	514	
7837	826	
7838	383	
7839	634	
7840	112	
7841	156	
7842	287	
7843	802	
7844	473	
7845	235	
7846	91	
7847	249	
7848	68	
7849	270	
7850	191	
7851	892	
7852	755	
7853	864	
7854	472	
7855	842	
7856	713	
7857	268	
7858	728	
7859	500	
7860	986	
7861	80	
7862	233	
7863	5	
7864	432	
7865	684	
7866	678	
7867	834	
7868	330	
7869	978	
7870	863	
7871	577	
7872	644	
7873	965	
7874	699	
7875	699	
7876	187	
7877	884	
7878	93	
7879	99	
7880	1000	
7881	845	
7882	177	
7883	525	
7884	946	
7885	772	
7886	493	
7887	514	
7888	54	
7889	307	
7890	563	
7891	929	
7892	312	
7893	633	
7894	467	
7895	813	
7896	129	
7897	598	
7898	891	
7899	275	
7900	328	
7901	602	
7902	824	
7903	850	
7904	795	
7905	587	
7906	860	
7907	754	
7908	445	
7909	157	
7910	32	
7911	767	
7912	31	
7913	401	
7914	400	
7915	382	
7916	321	
7917	801	
7918	724	
7919	52	
7920	663	
7921	495	
7922	971	
7923	44	
7924	494	
7925	539	
7926	799	
7927	487	
7928	45	
7929	340	
7930	477	
7931	691	
7932	127	
7933	731	
7934	124	
7935	806	
7936	389	
7937	181	
7938	51	
7939	953	
7940	382	
7941	871	
7942	900	
7943	647	
7944	57	
7945	337	
7946	381	
7947	637	
7948	327	
7949	406	
7950	100	
7951	561	
7952	115	
7953	144	
7954	744	
7955	205	
7956	819	
7957	309	
7958	708	
7959	380	
7960	526	
7961	534	
7962	69	
7963	41	
7964	733	
7965	133	
7966	720	
7967	44	
7968	556	
7969	316	
7970	519	
7971	790	
7972	223	
7973	818	
7974	635	
7975	33	
7976	255	
7977	238	
7978	8	
7979	42	
7980	669	
7981	708	
7982	429	
7983	897	
7984	707	
7985	389	
7986	411	
7987	950	
7988	288	
7989	920	
7990	379	
7991	155	
7992	426	
7993	726	
7994	483	
7995	726	
7996	499	
7997	287	
7998	87	
7999	525	
8000	430	
8001	383	
8002	649	
8003	241	
8004	696	
8005	85	
8006	395	
8007	174	
8008	657	
8009	984	
8010	928	
8011	943	
8012	706	
8013	986	
8014	897	
8015	355	
8016	87	
8017	295	
8018	556	
8019	885	
8020	68	
8021	820	
8022	260	
8023	5	
8024	801	
8025	826	
8026	334	
8027	473	
8028	96	
8029	978	
8030	343	
8031	17	
8032	955	
8033	743	
8034	744	
8035	235	
8036	824	
8037	993	
8038	812	
8039	709	
8040	7	
8041	182	
8042	502	
8043	738	
8044	192	
8045	257	
8046	70	
8047	808	
8048	982	
8049	517	
8050	122	
8051	498	
8052	216	
8053	32	
8054	590	
8055	722	
8056	509	
8057	122	
8058	679	
8059	843	
8060	997	
8061	205	
8062	601	
8063	271	
8064	540	
8065	428	
8066	542	
8067	204	
8068	280	
8069	534	
8070	743	
8071	135	
8072	48	
8073	457	
8074	666	
8075	723	
8076	252	
8077	817	
8078	524	
8079	808	
8080	897	
8081	696	
8082	910	
8083	638	
8084	956	
8085	397	
8086	490	
8087	201	
8088	364	
8089	903	
8090	861	
8091	884	
8092	218	
8093	545	
8094	460	
8095	408	
8096	497	
8097	293	
8098	760	
8099	380	
8100	832	
8101	835	
8102	396	
8103	883	
8104	964	
8105	57	
8106	467	
8107	323	
8108	897	
8109	233	
8110	733	
8111	602	
8112	72	
8113	592	
8114	760	
8115	441	
8116	111	
8117	499	
8118	960	
8119	691	
8120	918	
8121	993	
8122	865	
8123	516	
8124	678	
8125	182	
8126	289	
8127	155	
8128	930	
8129	251	
8130	737	
8131	466	
8132	983	
8133	777	
8134	610	
8135	202	
8136	85	
8137	261	
8138	402	
8139	162	
8140	173	
8141	954	
8142	862	
8143	359	
8144	706	
8145	244	
8146	759	
8147	930	
8148	730	
8149	673	
8150	903	
8151	767	
8152	500	
8153	88	
8154	99	
8155	66	
8156	474	
8157	203	
8158	896	
8159	169	
8160	478	
8161	62	
8162	207	
8163	759	
8164	246	
8165	631	
8166	755	
8167	708	
8168	609	
8169	870	
8170	719	
8171	471	
8172	256	
8173	292	
8174	138	
8175	710	
8176	40	
8177	285	
8178	68	
8179	178	
8180	229	
8181	519	
8182	896	
8183	54	
8184	758	
8185	283	
8186	218	
8187	718	
8188	301	
8189	49	
8190	224	
8191	98	
8192	845	
8193	869	
8194	115	
8195	402	
8196	492	
8197	798	
8198	884	
8199	553	
8200	376	
8201	435	
8202	337	
8203	227	
8204	916	
8205	502	
8206	463	
8207	152	
8208	457	
8209	683	
8210	303	
8211	785	
8212	839	
8213	31	
8214	979	
8215	728	
8216	875	
8217	530	
8218	383	
8219	282	
8220	312	
8221	687	
8222	258	
8223	965	
8224	721	
8225	281	
8226	516	
8227	980	
8228	218	
8229	918	
8230	463	
8231	984	
8232	123	
8233	221	
8234	568	
8235	902	
8236	647	
8237	129	
8238	606	
8239	61	
8240	687	
8241	525	
8242	719	
8243	102	
8244	41	
8245	631	
8246	359	
8247	116	
8248	52	
8249	583	
8250	665	
8251	812	
8252	715	
8253	238	
8254	893	
8255	819	
8256	368	
8257	434	
8258	859	
8259	540	
8260	368	
8261	894	
8262	700	
8263	97	
8264	130	
8265	668	
8266	974	
8267	255	
8268	905	
8269	724	
8270	54	
8271	972	
8272	79	
8273	180	
8274	829	
8275	890	
8276	722	
8277	71	
8278	676	
8279	267	
8280	729	
8281	88	
8282	18	
8283	148	
8284	749	
8285	214	
8286	259	
8287	940	
8288	778	
8289	431	
8290	824	
8291	68	
8292	13	
8293	775	
8294	683	
8295	630	
8296	541	
8297	767	
8298	497	
8299	671	
8300	955	
8301	720	
8302	320	
8303	718	
8304	988	
8305	15	
8306	464	
8307	421	
8308	139	
8309	705	
8310	180	
8311	429	
8312	297	
8313	189	
8314	911	
8315	419	
8316	463	
8317	135	
8318	521	
8319	663	
8320	144	
8321	344	
8322	666	
8323	33	
8324	706	
8325	897	
8326	355	
8327	69	
8328	947	
8329	55	
8330	145	
8331	829	
8332	741	
8333	509	
8334	619	
8335	179	
8336	868	
8337	975	
8338	865	
8339	310	
8340	956	
8341	907	
8342	165	
8343	201	
8344	613	
8345	968	
8346	483	
8347	809	
8348	513	
8349	480	
8350	330	
8351	357	
8352	778	
8353	535	
8354	994	
8355	342	
8356	38	
8357	347	
8358	421	
8359	30	
8360	181	
8361	515	
8362	416	
8363	755	
8364	910	
8365	898	
8366	409	
8367	354	
8368	887	
8369	532	
8370	568	
8371	94	
8372	676	
8373	765	
8374	31	
8375	728	
8376	309	
8377	806	
8378	996	
8379	70	
8380	818	
8381	481	
8382	92	
8383	830	
8384	703	
8385	362	
8386	175	
8387	297	
8388	818	
8389	878	
8390	384	
8391	546	
8392	18	
8393	749	
8394	980	
8395	718	
8396	47	
8397	16	
8398	775	
8399	884	
8400	742	
8401	437	
8402	964	
8403	532	
8404	804	
8405	32	
8406	844	
8407	673	
8408	296	
8409	898	
8410	811	
8411	577	
8412	187	
8413	716	
8414	295	
8415	481	
8416	512	
8417	681	
8418	290	
8419	891	
8420	750	
8421	193	
8422	149	
8423	913	
8424	499	
8425	994	
8426	397	
8427	521	
8428	688	
8429	295	
8430	208	
8431	592	
8432	849	
8433	91	
8434	422	
8435	417	
8436	508	
8437	692	
8438	505	
8439	405	
8440	607	
8441	954	
8442	375	
8443	370	
8444	91	
8445	199	
8446	613	
8447	71	
8448	781	
8449	550	
8450	179	
8451	835	
8452	137	
8453	149	
8454	476	
8455	98	
8456	863	
8457	125	
8458	572	
8459	458	
8460	968	
8461	494	
8462	922	
8463	888	
8464	688	
8465	877	
8466	613	
8467	997	
8468	955	
8469	328	
8470	905	
8471	332	
8472	905	
8473	775	
8474	961	
8475	867	
8476	763	
8477	562	
8478	43	
8479	511	
8480	693	
8481	375	
8482	49	
8483	970	
8484	92	
8485	50	
8486	292	
8487	879	
8488	288	
8489	900	
8490	641	
8491	777	
8492	56	
8493	510	
8494	638	
8495	833	
8496	354	
8497	301	
8498	514	
8499	607	
8500	746	
8501	629	
8502	266	
8503	558	
8504	967	
8505	432	
8506	536	
8507	594	
8508	611	
8509	30	
8510	492	
8511	754	
8512	281	
8513	500	
8514	405	
8515	880	
8516	359	
8517	431	
8518	142	
8519	957	
8520	291	
8521	783	
8522	307	
8523	232	
8524	200	
8525	631	
8526	83	
8527	614	
8528	896	
8529	552	
8530	909	
8531	624	
8532	72	
8533	819	
8534	413	
8535	210	
8536	369	
8537	422	
8538	30	
8539	671	
8540	378	
8541	11	
8542	494	
8543	760	
8544	985	
8545	942	
8546	239	
8547	124	
8548	697	
8549	885	
8550	674	
8551	686	
8552	763	
8553	968	
8554	147	
8555	244	
8556	815	
8557	760	
8558	762	
8559	188	
8560	985	
8561	473	
8562	510	
8563	271	
8564	142	
8565	41	
8566	241	
8567	808	
8568	974	
8569	320	
8570	320	
8571	963	
8572	33	
8573	304	
8574	506	
8575	560	
8576	660	
8577	981	
8578	726	
8579	623	
8580	235	
8581	556	
8582	95	
8583	306	
8584	430	
8585	716	
8586	825	
8587	400	
8588	358	
8589	961	
8590	466	
8591	286	
8592	318	
8593	830	
8594	932	
8595	102	
8596	292	
8597	376	
8598	567	
8599	713	
8600	263	
8601	56	
8602	681	
8603	198	
8604	512	
8605	166	
8606	271	
8607	347	
8608	611	
8609	240	
8610	891	
8611	472	
8612	325	
8613	955	
8614	654	
8615	489	
8616	413	
8617	918	
8618	628	
8619	786	
8620	644	
8621	396	
8622	573	
8623	770	
8624	631	
8625	624	
8626	751	
8627	162	
8628	345	
8629	528	
8630	775	
8631	485	
8632	699	
8633	443	
8634	591	
8635	184	
8636	78	
8637	45	
8638	470	
8639	712	
8640	829	
8641	344	
8642	885	
8643	96	
8644	422	
8645	523	
8646	510	
8647	810	
8648	927	
8649	252	
8650	397	
8651	195	
8652	250	
8653	687	
8654	136	
8655	569	
8656	755	
8657	782	
8658	953	
8659	118	
8660	310	
8661	832	
8662	728	
8663	100	
8664	363	
8665	284	
8666	410	
8667	456	
8668	836	
8669	412	
8670	23	
8671	264	
8672	795	
8673	821	
8674	717	
8675	943	
8676	62	
8677	267	
8678	392	
8679	710	
8680	197	
8681	919	
8682	939	
8683	402	
8684	600	
8685	498	
8686	902	
8687	514	
8688	275	
8689	289	
8690	751	
8691	592	
8692	43	
8693	768	
8694	707	
8695	373	
8696	311	
8697	73	
8698	908	
8699	670	
8700	26	
8701	676	
8702	209	
8703	451	
8704	245	
8705	638	
8706	115	
8707	108	
8708	271	
8709	908	
8710	700	
8711	548	
8712	798	
8713	926	
8714	840	
8715	544	
8716	189	
8717	966	
8718	629	
8719	95	
8720	54	
8721	408	
8722	572	
8723	296	
8724	935	
8725	738	
8726	735	
8727	112	
8728	31	
8729	219	
8730	867	
8731	428	
8732	7	
8733	653	
8734	741	
8735	481	
8736	202	
8737	580	
8738	726	
8739	504	
8740	767	
8741	286	
8742	873	
8743	981	
8744	636	
8745	994	
8746	993	
8747	757	
8748	610	
8749	99	
8750	686	
8751	469	
8752	901	
8753	581	
8754	398	
8755	720	
8756	51	
8757	748	
8758	693	
8759	423	
8760	866	
8761	337	
8762	791	
8763	840	
8764	619	
8765	486	
8766	523	
8767	81	
8768	459	
8769	662	
8770	159	
8771	419	
8772	734	
8773	976	
8774	432	
8775	601	
8776	868	
8777	75	
8778	593	
8779	248	
8780	431	
8781	737	
8782	736	
8783	399	
8784	200	
8785	933	
8786	926	
8787	22	
8788	230	
8789	366	
8790	877	
8791	568	
8792	760	
8793	884	
8794	225	
8795	66	
8796	456	
8797	592	
8798	82	
8799	651	
8800	840	
8801	573	
8802	302	
8803	396	
8804	614	
8805	635	
8806	168	
8807	727	
8808	9	
8809	80	
8810	134	
8811	706	
8812	915	
8813	479	
8814	804	
8815	27	
8816	230	
8817	891	
8818	331	
8819	842	
8820	513	
8821	994	
8822	174	
8823	803	
8824	450	
8825	980	
8826	745	
8827	931	
8828	396	
8829	570	
8830	914	
8831	88	
8832	208	
8833	673	
8834	242	
8835	732	
8836	749	
8837	31	
8838	955	
8839	928	
8840	969	
8841	762	
8842	280	
8843	730	
8844	966	
8845	118	
8846	657	
8847	97	
8848	272	
8849	269	
8850	710	
8851	77	
8852	12	
8853	526	
8854	209	
8855	178	
8856	680	
8857	272	
8858	751	
8859	467	
8860	295	
8861	917	
8862	37	
8863	168	
8864	852	
8865	314	
8866	764	
8867	770	
8868	243	
8869	915	
8870	814	
8871	340	
8872	797	
8873	433	
8874	400	
8875	585	
8876	970	
8877	981	
8878	881	
8879	154	
8880	566	
8881	355	
8882	911	
8883	863	
8884	102	
8885	154	
8886	342	
8887	74	
8888	978	
8889	769	
8890	282	
8891	353	
8892	346	
8893	57	
8894	857	
8895	491	
8896	315	
8897	551	
8898	387	
8899	927	
8900	137	
8901	880	
8902	260	
8903	954	
8904	436	
8905	668	
8906	142	
8907	751	
8908	373	
8909	61	
8910	785	
8911	230	
8912	127	
8913	775	
8914	853	
8915	527	
8916	288	
8917	911	
8918	580	
8919	542	
8920	639	
8921	398	
8922	578	
8923	103	
8924	53	
8925	229	
8926	550	
8927	40	
8928	662	
8929	992	
8930	96	
8931	163	
8932	847	
8933	53	
8934	131	
8935	819	
8936	935	
8937	388	
8938	554	
8939	148	
8940	240	
8941	365	
8942	364	
8943	629	
8944	940	
8945	855	
8946	537	
8947	342	
8948	106	
8949	589	
8950	516	
8951	420	
8952	736	
8953	552	
8954	185	
8955	858	
8956	304	
8957	402	
8958	462	
8959	304	
8960	781	
8961	94	
8962	443	
8963	533	
8964	52	
8965	835	
8966	459	
8967	798	
8968	846	
8969	256	
8970	891	
8971	807	
8972	658	
8973	871	
8974	968	
8975	86	
8976	948	
8977	907	
8978	835	
8979	4	
8980	811	
8981	515	
8982	949	
8983	29	
8984	164	
8985	767	
8986	277	
8987	461	
8988	226	
8989	984	
8990	247	
8991	714	
8992	471	
8993	425	
8994	211	
8995	782	
8996	721	
8997	714	
8998	190	
8999	948	
9000	200	
9001	769	
9002	98	
9003	32	
9004	932	
9005	217	
9006	846	
9007	321	
9008	665	
9009	124	
9010	674	
9011	264	
9012	572	
9013	242	
9014	761	
9015	584	
9016	532	
9017	962	
9018	534	
9019	773	
9020	788	
9021	206	
9022	153	
9023	183	
9024	629	
9025	489	
9026	345	
9027	70	
9028	822	
9029	529	
9030	754	
9031	509	
9032	326	
9033	535	
9034	846	
9035	248	
9036	701	
9037	259	
9038	885	
9039	784	
9040	744	
9041	386	
9042	655	
9043	179	
9044	868	
9045	442	
9046	5	
9047	6	
9048	440	
9049	74	
9050	813	
9051	221	
9052	421	
9053	660	
9054	989	
9055	423	
9056	751	
9057	165	
9058	677	
9059	444	
9060	114	
9061	409	
9062	783	
9063	640	
9064	407	
9065	241	
9066	192	
9067	815	
9068	958	
9069	54	
9070	382	
9071	377	
9072	420	
9073	221	
9074	113	
9075	325	
9076	564	
9077	234	
9078	556	
9079	103	
9080	783	
9081	231	
9082	378	
9083	939	
9084	854	
9085	212	
9086	931	
9087	305	
9088	404	
9089	710	
9090	790	
9091	281	
9092	94	
9093	266	
9094	750	
9095	350	
9096	180	
9097	56	
9098	792	
9099	573	
9100	455	
9101	642	
9102	608	
9103	916	
9104	843	
9105	548	
9106	505	
9107	109	
9108	132	
9109	203	
9110	836	
9111	370	
9112	618	
9113	264	
9114	693	
9115	840	
9116	502	
9117	412	
9118	314	
9119	358	
9120	93	
9121	963	
9122	277	
9123	396	
9124	610	
9125	203	
9126	151	
9127	55	
9128	261	
9129	123	
9130	381	
9131	777	
9132	376	
9133	390	
9134	109	
9135	794	
9136	749	
9137	463	
9138	351	
9139	220	
9140	547	
9141	85	
9142	469	
9143	536	
9144	472	
9145	246	
9146	645	
9147	587	
9148	183	
9149	477	
9150	155	
9151	949	
9152	961	
9153	229	
9154	313	
9155	959	
9156	333	
9157	133	
9158	786	
9159	978	
9160	905	
9161	731	
9162	760	
9163	708	
9164	384	
9165	11	
9166	386	
9167	315	
9168	979	
9169	104	
9170	442	
9171	761	
9172	746	
9173	183	
9174	600	
9175	888	
9176	203	
9177	288	
9178	106	
9179	485	
9180	382	
9181	230	
9182	638	
9183	608	
9184	593	
9185	68	
9186	796	
9187	15	
9188	87	
9189	767	
9190	598	
9191	239	
9192	89	
9193	40	
9194	504	
9195	893	
9196	119	
9197	433	
9198	322	
9199	71	
9200	261	
9201	309	
9202	259	
9203	173	
9204	937	
9205	361	
9206	421	
9207	51	
9208	480	
9209	551	
9210	574	
9211	630	
9212	686	
9213	664	
9214	698	
9215	732	
9216	373	
9217	831	
9218	795	
9219	287	
9220	314	
9221	706	
9222	243	
9223	728	
9224	573	
9225	130	
9226	534	
9227	485	
9228	15	
9229	287	
9230	147	
9231	805	
9232	907	
9233	902	
9234	353	
9235	896	
9236	583	
9237	45	
9238	204	
9239	377	
9240	306	
9241	515	
9242	663	
9243	269	
9244	925	
9245	946	
9246	336	
9247	36	
9248	516	
9249	39	
9250	521	
9251	573	
9252	108	
9253	198	
9254	755	
9255	363	
9256	804	
9257	792	
9258	130	
9259	12	
9260	317	
9261	902	
9262	334	
9263	669	
9264	420	
9265	292	
9266	645	
9267	817	
9268	893	
9269	89	
9270	764	
9271	953	
9272	487	
9273	515	
9274	925	
9275	835	
9276	836	
9277	509	
9278	80	
9279	838	
9280	311	
9281	555	
9282	892	
9283	665	
9284	917	
9285	162	
9286	227	
9287	145	
9288	623	
9289	50	
9290	787	
9291	281	
9292	732	
9293	373	
9294	986	
9295	265	
9296	73	
9297	927	
9298	927	
9299	705	
9300	978	
9301	493	
9302	261	
9303	228	
9304	679	
9305	488	
9306	113	
9307	776	
9308	682	
9309	641	
9310	713	
9311	570	
9312	269	
9313	860	
9314	28	
9315	580	
9316	111	
9317	15	
9318	14	
9319	945	
9320	581	
9321	593	
9322	114	
9323	197	
9324	322	
9325	29	
9326	608	
9327	15	
9328	337	
9329	254	
9330	983	
9331	479	
9332	815	
9333	859	
9334	841	
9335	26	
9336	524	
9337	34	
9338	115	
9339	763	
9340	328	
9341	934	
9342	27	
9343	954	
9344	248	
9345	570	
9346	2	
9347	998	
9348	31	
9349	277	
9350	234	
9351	620	
9352	471	
9353	413	
9354	343	
9355	247	
9356	920	
9357	622	
9358	375	
9359	31	
9360	581	
9361	115	
9362	676	
9363	285	
9364	284	
9365	273	
9366	366	
9367	402	
9368	324	
9369	280	
9370	858	
9371	701	
9372	446	
9373	459	
9374	968	
9375	27	
9376	717	
9377	236	
9378	798	
9379	319	
9380	208	
9381	219	
9382	792	
9383	737	
9384	469	
9385	654	
9386	273	
9387	496	
9388	557	
9389	319	
9390	321	
9391	18	
9392	29	
9393	931	
9394	782	
9395	416	
9396	544	
9397	887	
9398	68	
9399	301	
9400	655	
9401	531	
9402	16	
9403	701	
9404	763	
9405	40	
9406	854	
9407	152	
9408	7	
9409	523	
9410	240	
9411	926	
9412	232	
9413	594	
9414	415	
9415	865	
9416	894	
9417	131	
9418	145	
9419	544	
9420	106	
9421	129	
9422	483	
9423	312	
9424	928	
9425	760	
9426	606	
9427	331	
9428	308	
9429	630	
9430	517	
9431	659	
9432	222	
9433	602	
9434	730	
9435	28	
9436	392	
9437	903	
9438	165	
9439	455	
9440	860	
9441	55	
9442	831	
9443	419	
9444	736	
9445	457	
9446	848	
9447	364	
9448	123	
9449	765	
9450	759	
9451	990	
9452	423	
9453	660	
9454	328	
9455	961	
9456	447	
9457	770	
9458	100	
9459	44	
9460	744	
9461	718	
9462	494	
9463	403	
9464	937	
9465	182	
9466	146	
9467	842	
9468	900	
9469	525	
9470	775	
9471	769	
9472	796	
9473	599	
9474	451	
9475	704	
9476	447	
9477	777	
9478	659	
9479	258	
9480	876	
9481	811	
9482	578	
9483	571	
9484	867	
9485	959	
9486	606	
9487	884	
9488	201	
9489	817	
9490	840	
9491	963	
9492	515	
9493	78	
9494	386	
9495	381	
9496	247	
9497	863	
9498	608	
9499	318	
9500	520	
9501	357	
9502	314	
9503	605	
9504	441	
9505	148	
9506	22	
9507	747	
9508	694	
9509	378	
9510	959	
9511	850	
9512	8	
9513	822	
9514	322	
9515	559	
9516	327	
9517	971	
9518	302	
9519	481	
9520	383	
9521	340	
9522	25	
9523	170	
9524	862	
9525	391	
9526	231	
9527	779	
9528	801	
9529	860	
9530	476	
9531	921	
9532	396	
9533	845	
9534	878	
9535	748	
9536	465	
9537	277	
9538	134	
9539	140	
9540	285	
9541	19	
9542	445	
9543	12	
9544	512	
9545	758	
9546	193	
9547	905	
9548	211	
9549	439	
9550	375	
9551	970	
9552	169	
9553	468	
9554	280	
9555	311	
9556	816	
9557	393	
9558	638	
9559	571	
9560	543	
9561	926	
9562	389	
9563	939	
9564	559	
9565	382	
9566	924	
9567	574	
9568	36	
9569	996	
9570	779	
9571	685	
9572	539	
9573	981	
9574	885	
9575	146	
9576	891	
9577	474	
9578	341	
9579	226	
9580	590	
9581	429	
9582	530	
9583	109	
9584	262	
9585	736	
9586	180	
9587	874	
9588	810	
9589	387	
9590	14	
9591	525	
9592	608	
9593	245	
9594	556	
9595	43	
9596	706	
9597	159	
9598	444	
9599	410	
9600	291	
9601	38	
9602	511	
9603	475	
9604	641	
9605	800	
9606	630	
9607	122	
9608	338	
9609	195	
9610	622	
9611	826	
9612	129	
9613	218	
9614	782	
9615	66	
9616	535	
9617	721	
9618	582	
9619	444	
9620	716	
9621	726	
9622	952	
9623	723	
9624	485	
9625	168	
9626	304	
9627	946	
9628	53	
9629	881	
9630	389	
9631	681	
9632	902	
9633	134	
9634	47	
9635	665	
9636	438	
9637	787	
9638	41	
9639	476	
9640	933	
9641	584	
9642	134	
9643	40	
9644	939	
9645	1	
9646	701	
9647	82	
9648	340	
9649	935	
9650	214	
9651	149	
9652	277	
9653	146	
9654	932	
9655	378	
9656	790	
9657	936	
9658	786	
9659	23	
9660	879	
9661	500	
9662	968	
9663	795	
9664	133	
9665	178	
9666	854	
9667	21	
9668	436	
9669	591	
9670	413	
9671	585	
9672	643	
9673	507	
9674	603	
9675	900	
9676	389	
9677	136	
9678	204	
9679	989	
9680	380	
9681	577	
9682	883	
9683	556	
9684	214	
9685	366	
9686	937	
9687	357	
9688	10	
9689	884	
9690	650	
9691	315	
9692	209	
9693	103	
9694	597	
9695	407	
9696	471	
9697	618	
9698	978	
9699	456	
9700	8	
9701	539	
9702	875	
9703	865	
9704	645	
9705	345	
9706	285	
9707	600	
9708	247	
9709	727	
9710	870	
9711	755	
9712	792	
9713	608	
9714	302	
9715	130	
9716	703	
9717	714	
9718	336	
9719	298	
9720	994	
9721	453	
9722	31	
9723	214	
9724	994	
9725	475	
9726	427	
9727	837	
9728	916	
9729	159	
9730	396	
9731	929	
9732	517	
9733	320	
9734	899	
9735	939	
9736	555	
9737	757	
9738	589	
9739	274	
9740	440	
9741	463	
9742	665	
9743	291	
9744	599	
9745	28	
9746	711	
9747	303	
9748	191	
9749	144	
9750	560	
9751	10	
9752	573	
9753	51	
9754	346	
9755	935	
9756	747	
9757	104	
9758	659	
9759	215	
9760	142	
9761	673	
9762	139	
9763	337	
9764	161	
9765	558	
9766	724	
9767	961	
9768	220	
9769	869	
9770	907	
9771	698	
9772	137	
9773	312	
9774	726	
9775	61	
9776	915	
9777	772	
9778	877	
9779	570	
9780	295	
9781	270	
9782	570	
9783	236	
9784	932	
9785	701	
9786	51	
9787	439	
9788	68	
9789	325	
9790	357	
9791	659	
9792	842	
9793	672	
9794	704	
9795	591	
9796	452	
9797	372	
9798	231	
9799	248	
9800	833	
9801	745	
9802	190	
9803	194	
9804	89	
9805	482	
9806	564	
9807	659	
9808	161	
9809	521	
9810	304	
9811	276	
9812	606	
9813	84	
9814	710	
9815	409	
9816	591	
9817	28	
9818	313	
9819	374	
9820	692	
9821	451	
9822	176	
9823	249	
9824	483	
9825	803	
9826	2	
9827	741	
9828	600	
9829	259	
9830	596	
9831	82	
9832	489	
9833	763	
9834	423	
9835	848	
9836	74	
9837	940	
9838	668	
9839	403	
9840	916	
9841	658	
9842	946	
9843	885	
9844	5	
9845	60	
9846	291	
9847	241	
9848	469	
9849	24	
9850	357	
9851	227	
9852	492	
9853	385	
9854	60	
9855	443	
9856	767	
9857	91	
9858	355	
9859	113	
9860	266	
9861	699	
9862	98	
9863	279	
9864	773	
9865	9	
9866	22	
9867	244	
9868	113	
9869	367	
9870	589	
9871	333	
9872	194	
9873	16	
9874	345	
9875	292	
9876	996	
9877	276	
9878	274	
9879	59	
9880	583	
9881	968	
9882	142	
9883	279	
9884	164	
9885	632	
9886	851	
9887	455	
9888	967	
9889	903	
9890	152	
9891	75	
9892	317	
9893	451	
9894	433	
9895	47	
9896	605	
9897	427	
9898	426	
9899	511	
9900	153	
9901	330	
9902	721	
9903	634	
9904	115	
9905	307	
9906	766	
9907	274	
9908	842	
9909	868	
9910	379	
9911	872	
9912	228	
9913	613	
9914	645	
9915	41	
9916	235	
9917	736	
9918	43	
9919	317	
9920	810	
9921	480	
9922	844	
9923	244	
9924	103	
9925	284	
9926	163	
9927	89	
9928	944	
9929	986	
9930	84	
9931	929	
9932	696	
9933	414	
9934	445	
9935	802	
9936	480	
9937	42	
9938	216	
9939	622	
9940	672	
9941	869	
9942	349	
9943	175	
9944	317	
9945	279	
9946	362	
9947	442	
9948	634	
9949	464	
9950	924	
9951	918	
9952	281	
9953	966	
9954	661	
9955	68	
9956	737	
9957	797	
9958	142	
9959	398	
9960	55	
9961	814	
9962	107	
9963	393	
9964	6	
9965	90	
9966	556	
9967	245	
9968	441	
9969	86	
9970	456	
9971	713	
9972	901	
9973	479	
9974	369	
9975	841	
9976	626	
9977	565	
9978	60	
9979	922	
9980	577	
9981	369	
9982	920	
9983	994	
9984	444	
9985	760	
9986	372	
9987	618	
9988	554	
9989	735	
9990	387	
9991	309	
9992	442	
9993	78	
9994	137	
9995	608	
9996	925	
9997	744	
9998	468	
9999	978	
10000	310	
148413
