10000
1	416	
2	724	
3	906	
4	811	
5	428	
6	930	
7	925	
8	300	
9	581	
10	970	
11	700	
12	851	
13	532	
14	148	
15	493	
16	909	
17	149	
18	512	
19	41	
20	902	
21	893	
22	776	
23	340	
24	343	
25	949	
26	736	
27	322	
28	208	
29	326	
30	551	
31	338	
32	220	
33	380	
34	453	
35	4	
36	721	
37	652	
38	709	
39	364	
40	727	
41	607	
42	386	
43	798	
44	782	
45	471	
46	139	
47	858	
48	586	
49	239	
50	624	
51	647	
52	384	
53	517	
54	572	
55	137	
56	512	
57	953	
58	595	
59	116	
60	994	
61	213	
62	763	
63	984	
64	507	
65	348	
66	252	
67	917	
68	727	
69	356	
70	330	
71	862	
72	894	
73	798	
74	551	
75	496	
76	225	
77	243	
78	219	
79	649	
80	331	
81	566	
82	494	
83	739	
84	658	
85	238	
86	146	
87	112	
88	700	
89	786	
90	595	
91	357	
92	13	
93	85	
94	1000	
95	8	
96	533	
97	225	
98	33	
99	236	
100	836	
101	685	
102	848	
103	122	
104	32	
105	425	
106	114	
107	207	
108	739	
109	503	
110	229	
111	851	
112	295	
113	313	
114	609	
115	269	
116	931	
117	871	
118	377	
119	609	
120	109	
121	352	
122	577	
123	36	
124	327	
125	53	
126	719	
127	268	
128	956	
129	379	
130	131	
131	370	
132	921	
133	159	
134	560	
135	745	
136	262	
137	857	
138	115	
139	142	
140	244	
141	11	
142	97	
143	695	
144	119	
145	441	
146	954	
147	158	
148	203	
149	993	
150	986	
151	301	
152	433	
153	170	
154	428	
155	826	
156	584	
157	390	
158	55	
159	498	
160	637	
161	89	
162	859	
163	358	
164	982	
165	81	
166	610	
167	195	
168	624	
169	886	
170	465	
171	939	
172	158	
173	33	
174	78	
175	807	
176	891	
177	766	
178	841	
179	94	
180	108	
181	979	
182	533	
183	604	
184	640	
185	505	
186	253	
187	166	
188	897	
189	800	
190	881	
191	202	
192	595	
193	836	
194	488	
195	321	
196	970	
197	564	
198	734	
199	87	
200	245	
201	711	
202	101	
203	223	
204	271	
205	535	
206	797	
207	648	
208	666	
209	471	
210	933	
211	372	
212	364	
213	959	
214	625	
215	782	
216	307	
217	868	
218	988	
219	153	
220	242	
221	66	
222	997	
223	269	
224	500	
225	980	
226	36	
227	155	
228	173	
229	55	
230	99	
231	37	
232	254	
233	557	
234	526	
235	529	
236	656	
237	229	
238	773	
239	197	
240	309	
241	829	
242	199	
243	57	
244	387	
245	26	
246	855	
247	242	
248	274	
249	676	
250	392	
251	283	
252	403	
253	501	
254	714	
255	35	
256	689	
257	760	
258	12	
259	563	
260	865	
261	891	
262	817	
263	479	
264	715	
265	775	
266	678	
267	386	
268	128	
269	541	
270	879	
271	508	
272	779	
273	480	
274	111	
275	109	
276	34	
277	23	
278	534	
279	873	
280	396	
281	873	
282	194	
283	571	
284	363	
285	176	
286	817	
287	75	
288	601	
289	617	
290	739	
291	466	
292	564	
293	1000	
294	962	
295	627	
296	363	
297	286	
298	514	
299	250	
300	680	
301	172	
302	987	
303	974	
304	149	
305	31	
306	420	
307	311	
308	385	
309	868	
310	343	
311	994	
312	786	
313	410	
314	850	
315	122	
316	610	
317	437	
318	377	
319	390	
320	909	
321	958	
322	271	
323	616	
324	158	
325	221	
326	955	
327	530	
328	423	
329	802	
330	893	
331	576	
332	655	
333	901	
334	416	
335	250	
336	123	
337	51	
338	479	
339	928	
340	496	
341	865	
342	706	
343	686	
344	980	
345	104	
346	567	
347	832	
348	466	
349	249	
350	539	
351	780	
352	132	
353	600	
354	832	
355	476	
356	345	
357	891	
358	359	
359	451	
360	814	
361	850	
362	741	
363	581	
364	766	
365	262	
366	943	
367	153	
368	820	
369	603	
370	951	
371	808	
372	470	
373	272	
374	502	
375	156	
376	353	
377	235	
378	186	
379	20	
380	857	
381	415	
382	455	
383	500	
384	239	
385	767	
386	975	
387	311	
388	218	
389	690	
390	788	
391	447	
392	145	
393	471	
394	106	
395	672	
396	797	
397	984	
398	424	
399	2	
400	473	
401	64	
402	253	
403	510	
404	739	
405	366	
406	620	
407	302	
408	930	
409	522	
410	82	
411	959	
412	119	
413	573	
414	245	
415	351	
416	438	
417	707	
418	836	
419	592	
420	540	
421	345	
422	227	
423	333	
424	448	
425	64	
426	341	
427	202	
428	684	
429	682	
430	386	
431	343	
432	34	
433	482	
434	737	
435	235	
436	849	
437	846	
438	956	
439	842	
440	103	
441	366	
442	576	
443	792	
444	950	
445	643	
446	812	
447	733	
448	361	
449	163	
450	415	
451	969	
452	909	
453	305	
454	67	
455	622	
456	882	
457	911	
458	902	
459	19	
460	802	
461	821	
462	70	
463	925	
464	750	
465	568	
466	954	
467	478	
468	22	
469	70	
470	269	
471	56	
472	671	
473	182	
474	604	
475	424	
476	379	
477	659	
478	332	
479	389	
480	215	
481	759	
482	7	
483	383	
484	446	
485	673	
486	5	
487	778	
488	816	
489	841	
490	837	
491	931	
492	871	
493	345	
494	547	
495	735	
496	598	
497	475	
498	425	
499	840	
500	418	
501	631	
502	472	
503	801	
504	147	
505	171	
506	949	
507	671	
508	257	
509	379	
510	79	
511	288	
512	904	
513	408	
514	12	
515	333	
516	494	
517	650	
518	89	
519	217	
520	594	
521	345	
522	817	
523	952	
524	716	
525	757	
526	994	
527	555	
528	978	
529	427	
530	317	
531	393	
532	766	
533	128	
534	717	
535	717	
536	562	
537	237	
538	148	
539	676	
540	638	
541	299	
542	898	
543	653	
544	654	
545	222	
546	544	
547	105	
548	830	
549	348	
550	254	
551	442	
552	439	
553	653	
554	507	
555	189	
556	993	
557	466	
558	875	
559	226	
560	969	
561	263	
562	95	
563	424	
564	554	
565	562	
566	339	
567	771	
568	541	
569	523	
570	193	
571	184	
572	851	
573	388	
574	512	
575	613	
576	895	
577	929	
578	705	
579	507	
580	486	
581	998	
582	549	
583	629	
584	456	
585	613	
586	306	
587	144	
588	830	
589	207	
590	741	
591	275	
592	963	
593	840	
594	23	
595	630	
596	893	
597	877	
598	882	
599	828	
600	44	
601	158	
602	907	
603	778	
604	63	
605	326	
606	55	
607	408	
608	531	
609	720	
610	671	
611	988	
612	781	
613	1	
614	30	
615	124	
616	596	
617	475	
618	7	
619	298	
620	26	
621	157	
622	945	
623	759	
624	690	
625	157	
626	285	
627	274	
628	17	
629	232	
630	572	
631	240	
632	966	
633	614	
634	179	
635	388	
636	763	
637	657	
638	368	
639	805	
640	243	
641	548	
642	555	
643	484	
644	380	
645	661	
646	624	
647	901	
648	596	
649	468	
650	362	
651	427	
652	870	
653	124	
654	967	
655	309	
656	908	
657	287	
658	312	
659	262	
660	779	
661	76	
662	103	
663	126	
664	596	
665	682	
666	512	
667	291	
668	503	
669	612	
670	898	
671	893	
672	167	
673	388	
674	253	
675	419	
676	442	
677	241	
678	796	
679	944	
680	416	
681	715	
682	450	
683	410	
684	161	
685	243	
686	542	
687	855	
688	833	
689	214	
690	488	
691	231	
692	334	
693	240	
694	643	
695	495	
696	389	
697	955	
698	83	
699	802	
700	314	
701	87	
702	574	
703	23	
704	542	
705	65	
706	133	
707	376	
708	561	
709	750	
710	585	
711	830	
712	647	
713	38	
714	536	
715	728	
716	500	
717	643	
718	519	
719	842	
720	843	
721	345	
722	599	
723	992	
724	343	
725	782	
726	153	
727	290	
728	714	
729	920	
730	764	
731	503	
732	869	
733	587	
734	828	
735	668	
736	458	
737	987	
738	114	
739	923	
740	974	
741	3	
742	800	
743	927	
744	130	
745	398	
746	611	
747	36	
748	543	
749	668	
750	217	
751	489	
752	311	
753	881	
754	2	
755	143	
756	1	
757	659	
758	505	
759	96	
760	43	
761	435	
762	58	
763	643	
764	423	
765	24	
766	995	
767	540	
768	968	
769	849	
770	773	
771	406	
772	740	
773	937	
774	825	
775	210	
776	537	
777	530	
778	964	
779	951	
780	113	
781	605	
782	349	
783	418	
784	72	
785	94	
786	260	
787	388	
788	250	
789	346	
790	275	
791	361	
792	520	
793	473	
794	598	
795	661	
796	745	
797	542	
798	516	
799	734	
800	426	
801	900	
802	357	
803	351	
804	881	
805	608	
806	43	
807	937	
808	163	
809	795	
810	11	
811	337	
812	523	
813	847	
814	315	
815	86	
816	556	
817	871	
818	131	
819	633	
820	35	
821	385	
822	150	
823	517	
824	384	
825	485	
826	552	
827	702	
828	995	
829	196	
830	158	
831	212	
832	16	
833	707	
834	307	
835	382	
836	509	
837	863	
838	471	
839	521	
840	985	
841	49	
842	279	
843	617	
844	973	
845	145	
846	890	
847	356	
848	780	
849	173	
850	784	
851	116	
852	347	
853	824	
854	83	
855	82	
856	251	
857	76	
858	703	
859	909	
860	124	
861	139	
862	339	
863	171	
864	18	
865	951	
866	742	
867	453	
868	618	
869	575	
870	301	
871	204	
872	330	
873	667	
874	825	
875	944	
876	46	
877	484	
878	347	
879	989	
880	719	
881	103	
882	210	
883	685	
884	4	
885	249	
886	985	
887	315	
888	178	
889	81	
890	276	
891	932	
892	173	
893	882	
894	872	
895	413	
896	55	
897	832	
898	272	
899	281	
900	373	
901	488	
902	412	
903	50	
904	351	
905	890	
906	985	
907	685	
908	119	
909	920	
910	670	
911	97	
912	414	
913	486	
914	906	
915	165	
916	515	
917	441	
918	297	
919	430	
920	5	
921	474	
922	542	
923	872	
924	254	
925	362	
926	880	
927	426	
928	944	
929	813	
930	598	
931	117	
932	33	
933	625	
934	389	
935	323	
936	280	
937	726	
938	614	
939	657	
940	199	
941	925	
942	554	
943	103	
944	521	
945	170	
946	576	
947	636	
948	634	
949	427	
950	859	
951	428	
952	652	
953	856	
954	878	
955	380	
956	22	
957	619	
958	897	
959	330	
960	764	
961	967	
962	395	
963	943	
964	412	
965	907	
966	911	
967	478	
968	76	
969	710	
970	73	
971	844	
972	103	
973	49	
974	40	
975	728	
976	239	
977	18	
978	875	
979	793	
980	161	
981	885	
982	358	
983	197	
984	638	
985	11	
986	380	
987	478	
988	134	
989	36	
990	363	
991	436	
992	180	
993	302	
994	845	
995	360	
996	567	
997	789	
998	539	
999	12	
1000	44	
1001	43	
1002	938	
1003	861	
1004	711	
1005	207	
1006	983	
1007	771	
1008	689	
1009	95	
1010	940	
1011	645	
1012	904	
1013	496	
1014	971	
1015	752	
1016	388	
1017	802	
1018	911	
1019	71	
1020	837	
1021	902	
1022	912	
1023	425	
1024	688	
1025	465	
1026	397	
1027	431	
1028	905	
1029	704	
1030	985	
1031	220	
1032	176	
1033	524	
1034	104	
1035	741	
1036	134	
1037	989	
1038	32	
1039	921	
1040	422	
1041	184	
1042	67	
1043	400	
1044	366	
1045	179	
1046	745	
1047	221	
1048	501	
1049	501	
1050	192	
1051	302	
1052	12	
1053	473	
1054	621	
1055	616	
1056	407	
1057	953	
1058	18	
1059	389	
1060	987	
1061	820	
1062	368	
1063	519	
1064	479	
1065	458	
1066	27	
1067	924	
1068	389	
1069	884	
1070	755	
1071	362	
1072	511	
1073	39	
1074	7	
1075	337	
1076	532	
1077	135	
1078	601	
1079	966	
1080	66	
1081	326	
1082	558	
1083	588	
1084	883	
1085	4	
1086	189	
1087	434	
1088	618	
1089	989	
1090	829	
1091	842	
1092	701	
1093	712	
1094	665	
1095	493	
1096	146	
1097	173	
1098	61	
1099	217	
1100	35	
1101	124	
1102	847	
1103	109	
1104	940	
1105	889	
1106	65	
1107	465	
1108	377	
1109	684	
1110	651	
1111	977	
1112	403	
1113	531	
1114	43	
1115	744	
1116	529	
1117	640	
1118	6	
1119	447	
1120	913	
1121	263	
1122	886	
1123	709	
1124	998	
1125	893	
1126	843	
1127	37	
1128	112	
1129	340	
1130	756	
1131	965	
1132	673	
1133	20	
1134	85	
1135	147	
1136	276	
1137	57	
1138	88	
1139	976	
1140	830	
1141	945	
1142	374	
1143	526	
1144	311	
1145	420	
1146	196	
1147	251	
1148	183	
1149	972	
1150	561	
1151	598	
1152	907	
1153	924	
1154	580	
1155	663	
1156	191	
1157	715	
1158	375	
1159	416	
1160	995	
1161	24	
1162	784	
1163	536	
1164	871	
1165	636	
1166	61	
1167	828	
1168	720	
1169	341	
1170	573	
1171	725	
1172	755	
1173	151	
1174	355	
1175	799	
1176	287	
1177	970	
1178	52	
1179	261	
1180	509	
1181	457	
1182	877	
1183	944	
1184	977	
1185	207	
1186	64	
1187	183	
1188	919	
1189	721	
1190	309	
1191	398	
1192	584	
1193	584	
1194	11	
1195	905	
1196	77	
1197	302	
1198	254	
1199	591	
1200	768	
1201	158	
1202	184	
1203	809	
1204	495	
1205	797	
1206	986	
1207	897	
1208	538	
1209	309	
1210	769	
1211	518	
1212	426	
1213	95	
1214	795	
1215	188	
1216	442	
1217	190	
1218	305	
1219	174	
1220	567	
1221	616	
1222	901	
1223	430	
1224	850	
1225	437	
1226	587	
1227	672	
1228	314	
1229	808	
1230	297	
1231	189	
1232	379	
1233	51	
1234	440	
1235	515	
1236	923	
1237	189	
1238	82	
1239	119	
1240	138	
1241	573	
1242	68	
1243	653	
1244	215	
1245	317	
1246	51	
1247	355	
1248	127	
1249	297	
1250	448	
1251	788	
1252	999	
1253	903	
1254	158	
1255	249	
1256	902	
1257	783	
1258	256	
1259	231	
1260	30	
1261	746	
1262	925	
1263	877	
1264	762	
1265	709	
1266	598	
1267	836	
1268	807	
1269	948	
1270	412	
1271	79	
1272	100	
1273	857	
1274	108	
1275	338	
1276	108	
1277	252	
1278	212	
1279	797	
1280	312	
1281	537	
1282	693	
1283	920	
1284	263	
1285	383	
1286	704	
1287	934	
1288	991	
1289	358	
1290	219	
1291	492	
1292	915	
1293	534	
1294	955	
1295	168	
1296	477	
1297	947	
1298	977	
1299	540	
1300	850	
1301	909	
1302	783	
1303	754	
1304	771	
1305	545	
1306	986	
1307	943	
1308	384	
1309	83	
1310	639	
1311	986	
1312	228	
1313	582	
1314	423	
1315	971	
1316	446	
1317	448	
1318	93	
1319	638	
1320	179	
1321	225	
1322	612	
1323	639	
1324	327	
1325	513	
1326	819	
1327	494	
1328	227	
1329	198	
1330	906	
1331	506	
1332	421	
1333	390	
1334	396	
1335	839	
1336	429	
1337	735	
1338	901	
1339	914	
1340	971	
1341	732	
1342	3	
1343	513	
1344	836	
1345	720	
1346	431	
1347	349	
1348	500	
1349	217	
1350	547	
1351	873	
1352	163	
1353	944	
1354	898	
1355	330	
1356	474	
1357	622	
1358	420	
1359	838	
1360	956	
1361	78	
1362	281	
1363	919	
1364	711	
1365	151	
1366	403	
1367	23	
1368	34	
1369	793	
1370	70	
1371	611	
1372	775	
1373	148	
1374	610	
1375	834	
1376	32	
1377	462	
1378	645	
1379	109	
1380	330	
1381	363	
1382	154	
1383	950	
1384	479	
1385	4	
1386	822	
1387	618	
1388	77	
1389	555	
1390	383	
1391	521	
1392	410	
1393	291	
1394	630	
1395	538	
1396	161	
1397	962	
1398	899	
1399	706	
1400	532	
1401	15	
1402	717	
1403	163	
1404	506	
1405	174	
1406	201	
1407	558	
1408	767	
1409	785	
1410	640	
1411	340	
1412	384	
1413	606	
1414	267	
1415	262	
1416	550	
1417	757	
1418	976	
1419	282	
1420	368	
1421	609	
1422	140	
1423	951	
1424	995	
1425	724	
1426	200	
1427	13	
1428	275	
1429	724	
1430	549	
1431	503	
1432	249	
1433	490	
1434	570	
1435	826	
1436	20	
1437	248	
1438	107	
1439	69	
1440	618	
1441	96	
1442	545	
1443	921	
1444	326	
1445	825	
1446	38	
1447	433	
1448	312	
1449	731	
1450	223	
1451	976	
1452	338	
1453	375	
1454	58	
1455	751	
1456	335	
1457	233	
1458	199	
1459	917	
1460	572	
1461	112	
1462	993	
1463	791	
1464	137	
1465	42	
1466	972	
1467	16	
1468	142	
1469	146	
1470	110	
1471	527	
1472	432	
1473	652	
1474	727	
1475	789	
1476	99	
1477	29	
1478	938	
1479	126	
1480	87	
1481	981	
1482	500	
1483	733	
1484	452	
1485	110	
1486	594	
1487	170	
1488	144	
1489	804	
1490	709	
1491	653	
1492	693	
1493	924	
1494	462	
1495	89	
1496	349	
1497	327	
1498	147	
1499	84	
1500	416	
1501	166	
1502	826	
1503	723	
1504	186	
1505	405	
1506	115	
1507	464	
1508	312	
1509	585	
1510	768	
1511	781	
1512	137	
1513	636	
1514	62	
1515	832	
1516	422	
1517	846	
1518	651	
1519	87	
1520	355	
1521	267	
1522	39	
1523	659	
1524	62	
1525	897	
1526	957	
1527	726	
1528	541	
1529	784	
1530	897	
1531	286	
1532	402	
1533	386	
1534	457	
1535	906	
1536	936	
1537	650	
1538	117	
1539	841	
1540	348	
1541	70	
1542	1000	
1543	432	
1544	902	
1545	423	
1546	351	
1547	586	
1548	855	
1549	286	
1550	262	
1551	303	
1552	475	
1553	582	
1554	528	
1555	431	
1556	462	
1557	886	
1558	686	
1559	694	
1560	88	
1561	22	
1562	740	
1563	680	
1564	715	
1565	86	
1566	280	
1567	811	
1568	961	
1569	884	
1570	172	
1571	305	
1572	112	
1573	972	
1574	313	
1575	77	
1576	143	
1577	631	
1578	524	
1579	35	
1580	688	
1581	151	
1582	11	
1583	962	
1584	238	
1585	30	
1586	422	
1587	563	
1588	342	
1589	796	
1590	64	
1591	544	
1592	455	
1593	240	
1594	268	
1595	912	
1596	684	
1597	19	
1598	882	
1599	663	
1600	598	
1601	90	
1602	273	
1603	528	
1604	260	
1605	770	
1606	820	
1607	269	
1608	52	
1609	276	
1610	448	
1611	554	
1612	473	
1613	192	
1614	945	
1615	831	
1616	429	
1617	723	
1618	794	
1619	933	
1620	101	
1621	347	
1622	387	
1623	69	
1624	882	
1625	31	
1626	282	
1627	350	
1628	676	
1629	761	
1630	173	
1631	678	
1632	686	
1633	661	
1634	972	
1635	165	
1636	639	
1637	409	
1638	961	
1639	663	
1640	461	
1641	69	
1642	345	
1643	616	
1644	633	
1645	10	
1646	585	
1647	383	
1648	15	
1649	621	
1650	899	
1651	277	
1652	628	
1653	418	
1654	601	
1655	317	
1656	392	
1657	146	
1658	966	
1659	235	
1660	468	
1661	159	
1662	146	
1663	535	
1664	99	
1665	565	
1666	612	
1667	889	
1668	826	
1669	145	
1670	367	
1671	780	
1672	129	
1673	523	
1674	423	
1675	684	
1676	817	
1677	893	
1678	491	
1679	954	
1680	253	
1681	459	
1682	674	
1683	556	
1684	411	
1685	698	
1686	736	
1687	799	
1688	898	
1689	955	
1690	736	
1691	151	
1692	155	
1693	510	
1694	368	
1695	819	
1696	658	
1697	849	
1698	346	
1699	443	
1700	444	
1701	9	
1702	583	
1703	379	
1704	592	
1705	93	
1706	187	
1707	152	
1708	440	
1709	920	
1710	206	
1711	55	
1712	183	
1713	701	
1714	215	
1715	642	
1716	489	
1717	554	
1718	376	
1719	332	
1720	624	
1721	439	
1722	703	
1723	538	
1724	403	
1725	126	
1726	856	
1727	553	
1728	382	
1729	114	
1730	821	
1731	964	
1732	342	
1733	778	
1734	288	
1735	397	
1736	404	
1737	701	
1738	997	
1739	945	
1740	807	
1741	516	
1742	355	
1743	655	
1744	908	
1745	589	
1746	745	
1747	566	
1748	207	
1749	100	
1750	107	
1751	420	
1752	201	
1753	241	
1754	643	
1755	43	
1756	361	
1757	334	
1758	506	
1759	523	
1760	333	
1761	360	
1762	854	
1763	804	
1764	864	
1765	147	
1766	11	
1767	146	
1768	619	
1769	104	
1770	557	
1771	458	
1772	478	
1773	729	
1774	649	
1775	17	
1776	733	
1777	209	
1778	681	
1779	626	
1780	581	
1781	645	
1782	854	
1783	326	
1784	861	
1785	663	
1786	990	
1787	266	
1788	208	
1789	687	
1790	733	
1791	630	
1792	391	
1793	874	
1794	589	
1795	27	
1796	665	
1797	989	
1798	120	
1799	778	
1800	565	
1801	249	
1802	594	
1803	513	
1804	268	
1805	662	
1806	273	
1807	750	
1808	153	
1809	185	
1810	663	
1811	211	
1812	874	
1813	184	
1814	516	
1815	818	
1816	6	
1817	650	
1818	214	
1819	825	
1820	886	
1821	969	
1822	730	
1823	45	
1824	470	
1825	257	
1826	513	
1827	759	
1828	810	
1829	704	
1830	654	
1831	252	
1832	691	
1833	110	
1834	877	
1835	822	
1836	738	
1837	580	
1838	11	
1839	878	
1840	169	
1841	758	
1842	498	
1843	443	
1844	551	
1845	427	
1846	419	
1847	474	
1848	570	
1849	321	
1850	107	
1851	326	
1852	116	
1853	283	
1854	984	
1855	790	
1856	920	
1857	189	
1858	923	
1859	459	
1860	651	
1861	539	
1862	958	
1863	680	
1864	621	
1865	623	
1866	13	
1867	242	
1868	423	
1869	458	
1870	342	
1871	712	
1872	749	
1873	408	
1874	722	
1875	362	
1876	211	
1877	110	
1878	532	
1879	948	
1880	770	
1881	661	
1882	582	
1883	961	
1884	961	
1885	294	
1886	657	
1887	249	
1888	221	
1889	869	
1890	171	
1891	197	
1892	915	
1893	583	
1894	520	
1895	472	
1896	123	
1897	894	
1898	51	
1899	885	
1900	389	
1901	673	
1902	971	
1903	45	
1904	780	
1905	758	
1906	369	
1907	200	
1908	831	
1909	803	
1910	342	
1911	160	
1912	645	
1913	990	
1914	127	
1915	603	
1916	366	
1917	377	
1918	922	
1919	400	
1920	806	
1921	17	
1922	712	
1923	694	
1924	299	
1925	92	
1926	187	
1927	850	
1928	692	
1929	353	
1930	47	
1931	311	
1932	41	
1933	673	
1934	578	
1935	253	
1936	895	
1937	265	
1938	293	
1939	44	
1940	171	
1941	31	
1942	298	
1943	280	
1944	980	
1945	827	
1946	838	
1947	572	
1948	899	
1949	741	
1950	286	
1951	784	
1952	35	
1953	139	
1954	419	
1955	726	
1956	83	
1957	417	
1958	184	
1959	118	
1960	288	
1961	608	
1962	544	
1963	519	
1964	862	
1965	433	
1966	522	
1967	607	
1968	302	
1969	761	
1970	175	
1971	527	
1972	134	
1973	85	
1974	160	
1975	729	
1976	318	
1977	77	
1978	234	
1979	907	
1980	55	
1981	458	
1982	987	
1983	164	
1984	380	
1985	345	
1986	155	
1987	740	
1988	250	
1989	863	
1990	742	
1991	5	
1992	153	
1993	500	
1994	559	
1995	150	
1996	282	
1997	418	
1998	236	
1999	260	
2000	784	
2001	557	
2002	374	
2003	720	
2004	409	
2005	795	
2006	911	
2007	814	
2008	60	
2009	179	
2010	635	
2011	610	
2012	587	
2013	703	
2014	785	
2015	370	
2016	392	
2017	443	
2018	266	
2019	88	
2020	281	
2021	325	
2022	758	
2023	511	
2024	717	
2025	997	
2026	643	
2027	467	
2028	701	
2029	452	
2030	935	
2031	971	
2032	302	
2033	870	
2034	347	
2035	1000	
2036	596	
2037	866	
2038	640	
2039	197	
2040	654	
2041	118	
2042	691	
2043	494	
2044	926	
2045	261	
2046	362	
2047	187	
2048	951	
2049	939	
2050	677	
2051	116	
2052	335	
2053	436	
2054	136	
2055	315	
2056	836	
2057	314	
2058	45	
2059	623	
2060	489	
2061	558	
2062	244	
2063	325	
2064	336	
2065	748	
2066	29	
2067	471	
2068	78	
2069	649	
2070	274	
2071	535	
2072	163	
2073	46	
2074	927	
2075	498	
2076	337	
2077	940	
2078	756	
2079	678	
2080	59	
2081	942	
2082	807	
2083	214	
2084	981	
2085	268	
2086	619	
2087	563	
2088	288	
2089	692	
2090	485	
2091	522	
2092	116	
2093	657	
2094	379	
2095	690	
2096	437	
2097	910	
2098	429	
2099	892	
2100	272	
2101	425	
2102	46	
2103	299	
2104	988	
2105	706	
2106	514	
2107	59	
2108	220	
2109	11	
2110	999	
2111	428	
2112	666	
2113	703	
2114	950	
2115	438	
2116	259	
2117	412	
2118	720	
2119	36	
2120	822	
2121	691	
2122	306	
2123	611	
2124	38	
2125	821	
2126	707	
2127	89	
2128	805	
2129	965	
2130	243	
2131	984	
2132	673	
2133	410	
2134	588	
2135	178	
2136	257	
2137	699	
2138	874	
2139	956	
2140	678	
2141	987	
2142	140	
2143	213	
2144	180	
2145	988	
2146	250	
2147	389	
2148	416	
2149	157	
2150	966	
2151	416	
2152	81	
2153	678	
2154	669	
2155	163	
2156	360	
2157	313	
2158	293	
2159	99	
2160	778	
2161	16	
2162	511	
2163	235	
2164	634	
2165	323	
2166	571	
2167	372	
2168	425	
2169	377	
2170	736	
2171	859	
2172	112	
2173	939	
2174	939	
2175	64	
2176	938	
2177	438	
2178	564	
2179	651	
2180	261	
2181	631	
2182	63	
2183	39	
2184	231	
2185	526	
2186	174	
2187	945	
2188	482	
2189	501	
2190	689	
2191	304	
2192	170	
2193	760	
2194	56	
2195	28	
2196	531	
2197	109	
2198	148	
2199	520	
2200	733	
2201	171	
2202	867	
2203	641	
2204	850	
2205	212	
2206	715	
2207	302	
2208	772	
2209	180	
2210	124	
2211	200	
2212	313	
2213	265	
2214	256	
2215	273	
2216	761	
2217	51	
2218	636	
2219	30	
2220	643	
2221	483	
2222	6	
2223	199	
2224	181	
2225	509	
2226	430	
2227	867	
2228	715	
2229	327	
2230	599	
2231	175	
2232	37	
2233	778	
2234	540	
2235	405	
2236	267	
2237	694	
2238	925	
2239	887	
2240	9	
2241	303	
2242	2	
2243	259	
2244	445	
2245	412	
2246	972	
2247	101	
2248	478	
2249	236	
2250	776	
2251	642	
2252	45	
2253	873	
2254	125	
2255	881	
2256	677	
2257	518	
2258	418	
2259	442	
2260	267	
2261	459	
2262	891	
2263	256	
2264	792	
2265	605	
2266	555	
2267	24	
2268	300	
2269	224	
2270	241	
2271	922	
2272	570	
2273	887	
2274	413	
2275	349	
2276	449	
2277	631	
2278	409	
2279	28	
2280	535	
2281	314	
2282	578	
2283	972	
2284	565	
2285	439	
2286	53	
2287	533	
2288	911	
2289	540	
2290	860	
2291	615	
2292	955	
2293	710	
2294	321	
2295	588	
2296	655	
2297	77	
2298	767	
2299	642	
2300	980	
2301	987	
2302	486	
2303	479	
2304	735	
2305	115	
2306	949	
2307	557	
2308	92	
2309	427	
2310	351	
2311	781	
2312	307	
2313	52	
2314	505	
2315	429	
2316	765	
2317	238	
2318	199	
2319	124	
2320	286	
2321	863	
2322	276	
2323	667	
2324	978	
2325	203	
2326	840	
2327	291	
2328	993	
2329	18	
2330	401	
2331	978	
2332	180	
2333	982	
2334	597	
2335	984	
2336	823	
2337	132	
2338	764	
2339	356	
2340	383	
2341	120	
2342	888	
2343	449	
2344	188	
2345	603	
2346	221	
2347	813	
2348	317	
2349	662	
2350	259	
2351	830	
2352	248	
2353	206	
2354	921	
2355	165	
2356	345	
2357	304	
2358	465	
2359	84	
2360	367	
2361	19	
2362	641	
2363	121	
2364	972	
2365	410	
2366	790	
2367	451	
2368	83	
2369	217	
2370	624	
2371	865	
2372	338	
2373	349	
2374	690	
2375	656	
2376	343	
2377	431	
2378	744	
2379	387	
2380	645	
2381	399	
2382	960	
2383	554	
2384	222	
2385	418	
2386	180	
2387	326	
2388	735	
2389	581	
2390	540	
2391	912	
2392	105	
2393	353	
2394	766	
2395	655	
2396	491	
2397	503	
2398	992	
2399	512	
2400	491	
2401	171	
2402	217	
2403	382	
2404	716	
2405	827	
2406	965	
2407	465	
2408	335	
2409	631	
2410	336	
2411	992	
2412	476	
2413	8	
2414	887	
2415	825	
2416	631	
2417	954	
2418	852	
2419	61	
2420	517	
2421	668	
2422	265	
2423	367	
2424	662	
2425	276	
2426	385	
2427	755	
2428	882	
2429	141	
2430	779	
2431	369	
2432	926	
2433	426	
2434	792	
2435	168	
2436	78	
2437	314	
2438	914	
2439	549	
2440	290	
2441	220	
2442	781	
2443	828	
2444	547	
2445	354	
2446	992	
2447	195	
2448	60	
2449	807	
2450	314	
2451	163	
2452	27	
2453	386	
2454	79	
2455	784	
2456	135	
2457	947	
2458	577	
2459	70	
2460	577	
2461	915	
2462	689	
2463	636	
2464	37	
2465	141	
2466	173	
2467	162	
2468	880	
2469	489	
2470	449	
2471	748	
2472	161	
2473	149	
2474	161	
2475	150	
2476	145	
2477	60	
2478	834	
2479	255	
2480	101	
2481	993	
2482	982	
2483	528	
2484	56	
2485	90	
2486	774	
2487	900	
2488	627	
2489	319	
2490	303	
2491	527	
2492	119	
2493	753	
2494	32	
2495	289	
2496	239	
2497	845	
2498	688	
2499	586	
2500	113	
2501	921	
2502	474	
2503	469	
2504	667	
2505	307	
2506	889	
2507	175	
2508	231	
2509	711	
2510	734	
2511	510	
2512	281	
2513	471	
2514	407	
2515	516	
2516	309	
2517	666	
2518	647	
2519	66	
2520	291	
2521	879	
2522	187	
2523	39	
2524	621	
2525	569	
2526	624	
2527	465	
2528	221	
2529	114	
2530	656	
2531	185	
2532	577	
2533	593	
2534	892	
2535	537	
2536	673	
2537	710	
2538	24	
2539	654	
2540	157	
2541	835	
2542	779	
2543	327	
2544	497	
2545	698	
2546	750	
2547	54	
2548	474	
2549	995	
2550	138	
2551	140	
2552	335	
2553	12	
2554	636	
2555	190	
2556	3	
2557	817	
2558	835	
2559	692	
2560	599	
2561	923	
2562	438	
2563	14	
2564	642	
2565	106	
2566	599	
2567	543	
2568	10	
2569	734	
2570	180	
2571	900	
2572	610	
2573	39	
2574	802	
2575	579	
2576	60	
2577	370	
2578	810	
2579	710	
2580	446	
2581	836	
2582	215	
2583	463	
2584	423	
2585	326	
2586	507	
2587	59	
2588	440	
2589	801	
2590	431	
2591	921	
2592	652	
2593	265	
2594	97	
2595	738	
2596	338	
2597	732	
2598	373	
2599	984	
2600	736	
2601	370	
2602	310	
2603	889	
2604	863	
2605	300	
2606	915	
2607	66	
2608	955	
2609	966	
2610	325	
2611	29	
2612	874	
2613	54	
2614	373	
2615	878	
2616	506	
2617	780	
2618	696	
2619	439	
2620	260	
2621	114	
2622	156	
2623	769	
2624	917	
2625	564	
2626	626	
2627	357	
2628	705	
2629	86	
2630	683	
2631	140	
2632	720	
2633	394	
2634	93	
2635	108	
2636	188	
2637	737	
2638	309	
2639	387	
2640	414	
2641	95	
2642	116	
2643	483	
2644	909	
2645	737	
2646	956	
2647	991	
2648	808	
2649	135	
2650	922	
2651	186	
2652	681	
2653	228	
2654	403	
2655	428	
2656	930	
2657	523	
2658	192	
2659	678	
2660	657	
2661	9	
2662	60	
2663	978	
2664	29	
2665	95	
2666	538	
2667	782	
2668	632	
2669	671	
2670	969	
2671	839	
2672	996	
2673	28	
2674	274	
2675	576	
2676	280	
2677	892	
2678	926	
2679	306	
2680	131	
2681	663	
2682	18	
2683	555	
2684	821	
2685	942	
2686	612	
2687	545	
2688	50	
2689	422	
2690	373	
2691	758	
2692	88	
2693	117	
2694	838	
2695	563	
2696	797	
2697	857	
2698	253	
2699	358	
2700	908	
2701	630	
2702	239	
2703	54	
2704	694	
2705	870	
2706	125	
2707	971	
2708	867	
2709	392	
2710	409	
2711	968	
2712	8	
2713	67	
2714	663	
2715	27	
2716	616	
2717	265	
2718	470	
2719	441	
2720	438	
2721	31	
2722	630	
2723	364	
2724	86	
2725	153	
2726	586	
2727	431	
2728	729	
2729	176	
2730	221	
2731	445	
2732	991	
2733	877	
2734	118	
2735	535	
2736	780	
2737	509	
2738	589	
2739	477	
2740	893	
2741	844	
2742	645	
2743	417	
2744	786	
2745	20	
2746	202	
2747	225	
2748	659	
2749	629	
2750	138	
2751	220	
2752	237	
2753	428	
2754	190	
2755	833	
2756	404	
2757	310	
2758	31	
2759	229	
2760	448	
2761	363	
2762	843	
2763	67	
2764	946	
2765	837	
2766	7	
2767	715	
2768	789	
2769	16	
2770	572	
2771	293	
2772	735	
2773	713	
2774	956	
2775	253	
2776	359	
2777	257	
2778	371	
2779	862	
2780	638	
2781	537	
2782	568	
2783	273	
2784	488	
2785	501	
2786	115	
2787	5	
2788	842	
2789	219	
2790	14	
2791	861	
2792	819	
2793	331	
2794	294	
2795	295	
2796	181	
2797	262	
2798	713	
2799	609	
2800	194	
2801	776	
2802	600	
2803	468	
2804	233	
2805	15	
2806	211	
2807	475	
2808	368	
2809	643	
2810	121	
2811	834	
2812	649	
2813	774	
2814	311	
2815	49	
2816	191	
2817	484	
2818	118	
2819	255	
2820	951	
2821	985	
2822	591	
2823	601	
2824	826	
2825	583	
2826	279	
2827	218	
2828	559	
2829	71	
2830	837	
2831	458	
2832	859	
2833	5	
2834	689	
2835	378	
2836	674	
2837	614	
2838	37	
2839	468	
2840	116	
2841	682	
2842	525	
2843	988	
2844	107	
2845	820	
2846	608	
2847	787	
2848	225	
2849	327	
2850	574	
2851	368	
2852	188	
2853	704	
2854	161	
2855	223	
2856	420	
2857	64	
2858	30	
2859	748	
2860	185	
2861	345	
2862	547	
2863	502	
2864	999	
2865	406	
2866	400	
2867	710	
2868	283	
2869	389	
2870	696	
2871	7	
2872	292	
2873	813	
2874	887	
2875	45	
2876	645	
2877	178	
2878	19	
2879	872	
2880	703	
2881	822	
2882	988	
2883	984	
2884	849	
2885	375	
2886	341	
2887	424	
2888	874	
2889	30	
2890	179	
2891	116	
2892	578	
2893	747	
2894	786	
2895	204	
2896	942	
2897	219	
2898	933	
2899	305	
2900	27	
2901	356	
2902	173	
2903	533	
2904	656	
2905	101	
2906	710	
2907	893	
2908	790	
2909	617	
2910	95	
2911	280	
2912	361	
2913	338	
2914	592	
2915	886	
2916	341	
2917	895	
2918	619	
2919	891	
2920	747	
2921	72	
2922	469	
2923	99	
2924	339	
2925	934	
2926	227	
2927	37	
2928	378	
2929	942	
2930	711	
2931	779	
2932	635	
2933	476	
2934	587	
2935	277	
2936	991	
2937	354	
2938	283	
2939	683	
2940	39	
2941	432	
2942	428	
2943	106	
2944	382	
2945	523	
2946	689	
2947	499	
2948	593	
2949	792	
2950	458	
2951	601	
2952	824	
2953	463	
2954	972	
2955	801	
2956	204	
2957	450	
2958	654	
2959	641	
2960	993	
2961	309	
2962	951	
2963	483	
2964	171	
2965	725	
2966	987	
2967	305	
2968	562	
2969	283	
2970	933	
2971	544	
2972	63	
2973	104	
2974	852	
2975	951	
2976	375	
2977	160	
2978	320	
2979	126	
2980	557	
2981	337	
2982	371	
2983	249	
2984	201	
2985	355	
2986	921	
2987	349	
2988	125	
2989	774	
2990	794	
2991	487	
2992	83	
2993	193	
2994	661	
2995	897	
2996	634	
2997	191	
2998	109	
2999	927	
3000	649	
3001	449	
3002	677	
3003	611	
3004	904	
3005	737	
3006	309	
3007	214	
3008	203	
3009	106	
3010	892	
3011	384	
3012	440	
3013	923	
3014	549	
3015	132	
3016	341	
3017	651	
3018	340	
3019	743	
3020	205	
3021	579	
3022	64	
3023	104	
3024	778	
3025	1	
3026	552	
3027	879	
3028	657	
3029	321	
3030	824	
3031	455	
3032	123	
3033	299	
3034	651	
3035	565	
3036	56	
3037	946	
3038	583	
3039	952	
3040	307	
3041	969	
3042	910	
3043	673	
3044	330	
3045	533	
3046	761	
3047	810	
3048	805	
3049	975	
3050	757	
3051	193	
3052	956	
3053	361	
3054	39	
3055	619	
3056	171	
3057	102	
3058	697	
3059	115	
3060	280	
3061	788	
3062	189	
3063	202	
3064	808	
3065	587	
3066	342	
3067	78	
3068	135	
3069	308	
3070	700	
3071	701	
3072	951	
3073	108	
3074	78	
3075	264	
3076	957	
3077	1000	
3078	567	
3079	347	
3080	369	
3081	73	
3082	419	
3083	377	
3084	708	
3085	815	
3086	672	
3087	513	
3088	673	
3089	751	
3090	728	
3091	606	
3092	766	
3093	671	
3094	67	
3095	704	
3096	882	
3097	286	
3098	87	
3099	877	
3100	790	
3101	943	
3102	10	
3103	860	
3104	662	
3105	252	
3106	19	
3107	766	
3108	191	
3109	4	
3110	926	
3111	910	
3112	520	
3113	7	
3114	15	
3115	255	
3116	682	
3117	646	
3118	883	
3119	578	
3120	610	
3121	46	
3122	612	
3123	943	
3124	612	
3125	387	
3126	539	
3127	192	
3128	463	
3129	431	
3130	830	
3131	131	
3132	245	
3133	730	
3134	233	
3135	990	
3136	713	
3137	320	
3138	742	
3139	979	
3140	872	
3141	152	
3142	239	
3143	483	
3144	571	
3145	329	
3146	176	
3147	621	
3148	641	
3149	822	
3150	951	
3151	901	
3152	159	
3153	912	
3154	622	
3155	207	
3156	537	
3157	48	
3158	165	
3159	51	
3160	431	
3161	908	
3162	498	
3163	576	
3164	331	
3165	253	
3166	370	
3167	963	
3168	87	
3169	513	
3170	239	
3171	534	
3172	546	
3173	749	
3174	297	
3175	236	
3176	569	
3177	105	
3178	23	
3179	968	
3180	431	
3181	150	
3182	285	
3183	355	
3184	367	
3185	648	
3186	805	
3187	885	
3188	262	
3189	621	
3190	160	
3191	57	
3192	548	
3193	469	
3194	884	
3195	371	
3196	265	
3197	66	
3198	453	
3199	250	
3200	730	
3201	663	
3202	125	
3203	224	
3204	163	
3205	811	
3206	630	
3207	223	
3208	235	
3209	605	
3210	84	
3211	875	
3212	45	
3213	710	
3214	397	
3215	700	
3216	315	
3217	84	
3218	554	
3219	186	
3220	379	
3221	763	
3222	893	
3223	713	
3224	852	
3225	3	
3226	547	
3227	813	
3228	687	
3229	343	
3230	801	
3231	492	
3232	687	
3233	738	
3234	65	
3235	168	
3236	531	
3237	953	
3238	387	
3239	412	
3240	697	
3241	805	
3242	422	
3243	452	
3244	754	
3245	960	
3246	326	
3247	191	
3248	259	
3249	836	
3250	717	
3251	78	
3252	599	
3253	97	
3254	476	
3255	612	
3256	791	
3257	422	
3258	168	
3259	661	
3260	484	
3261	269	
3262	135	
3263	145	
3264	889	
3265	481	
3266	234	
3267	376	
3268	603	
3269	824	
3270	515	
3271	324	
3272	658	
3273	962	
3274	734	
3275	844	
3276	695	
3277	690	
3278	257	
3279	269	
3280	318	
3281	170	
3282	285	
3283	889	
3284	507	
3285	928	
3286	788	
3287	1	
3288	262	
3289	406	
3290	627	
3291	380	
3292	193	
3293	387	
3294	63	
3295	800	
3296	54	
3297	388	
3298	865	
3299	917	
3300	99	
3301	335	
3302	52	
3303	527	
3304	255	
3305	284	
3306	539	
3307	154	
3308	124	
3309	548	
3310	117	
3311	989	
3312	93	
3313	900	
3314	35	
3315	114	
3316	575	
3317	400	
3318	246	
3319	913	
3320	505	
3321	762	
3322	235	
3323	234	
3324	997	
3325	938	
3326	960	
3327	898	
3328	462	
3329	60	
3330	54	
3331	482	
3332	210	
3333	159	
3334	295	
3335	804	
3336	48	
3337	218	
3338	510	
3339	175	
3340	768	
3341	879	
3342	203	
3343	832	
3344	879	
3345	842	
3346	390	
3347	137	
3348	442	
3349	273	
3350	649	
3351	908	
3352	319	
3353	346	
3354	529	
3355	350	
3356	713	
3357	441	
3358	395	
3359	758	
3360	523	
3361	521	
3362	256	
3363	613	
3364	865	
3365	728	
3366	811	
3367	773	
3368	756	
3369	117	
3370	599	
3371	731	
3372	724	
3373	123	
3374	475	
3375	14	
3376	813	
3377	541	
3378	776	
3379	623	
3380	813	
3381	962	
3382	535	
3383	434	
3384	785	
3385	952	
3386	140	
3387	753	
3388	501	
3389	969	
3390	480	
3391	285	
3392	419	
3393	283	
3394	328	
3395	790	
3396	792	
3397	313	
3398	777	
3399	223	
3400	668	
3401	589	
3402	965	
3403	989	
3404	872	
3405	72	
3406	244	
3407	415	
3408	151	
3409	893	
3410	174	
3411	60	
3412	151	
3413	139	
3414	29	
3415	689	
3416	303	
3417	754	
3418	710	
3419	195	
3420	136	
3421	90	
3422	6	
3423	471	
3424	558	
3425	545	
3426	310	
3427	550	
3428	310	
3429	907	
3430	872	
3431	620	
3432	311	
3433	337	
3434	449	
3435	926	
3436	299	
3437	93	
3438	943	
3439	65	
3440	348	
3441	346	
3442	547	
3443	920	
3444	809	
3445	653	
3446	790	
3447	756	
3448	896	
3449	968	
3450	524	
3451	11	
3452	139	
3453	76	
3454	437	
3455	515	
3456	749	
3457	732	
3458	825	
3459	981	
3460	332	
3461	718	
3462	737	
3463	916	
3464	982	
3465	98	
3466	27	
3467	813	
3468	950	
3469	675	
3470	748	
3471	311	
3472	813	
3473	347	
3474	805	
3475	434	
3476	547	
3477	248	
3478	384	
3479	393	
3480	21	
3481	475	
3482	665	
3483	482	
3484	222	
3485	262	
3486	871	
3487	970	
3488	360	
3489	219	
3490	42	
3491	779	
3492	865	
3493	225	
3494	748	
3495	815	
3496	185	
3497	544	
3498	586	
3499	508	
3500	704	
3501	65	
3502	762	
3503	63	
3504	106	
3505	128	
3506	220	
3507	523	
3508	780	
3509	956	
3510	51	
3511	993	
3512	934	
3513	355	
3514	819	
3515	807	
3516	944	
3517	136	
3518	794	
3519	867	
3520	727	
3521	751	
3522	952	
3523	455	
3524	599	
3525	501	
3526	593	
3527	524	
3528	447	
3529	42	
3530	79	
3531	112	
3532	370	
3533	936	
3534	818	
3535	434	
3536	922	
3537	515	
3538	818	
3539	154	
3540	981	
3541	752	
3542	560	
3543	500	
3544	546	
3545	280	
3546	899	
3547	347	
3548	338	
3549	876	
3550	870	
3551	95	
3552	249	
3553	176	
3554	212	
3555	977	
3556	819	
3557	849	
3558	927	
3559	492	
3560	529	
3561	201	
3562	714	
3563	796	
3564	884	
3565	959	
3566	187	
3567	927	
3568	766	
3569	698	
3570	605	
3571	392	
3572	102	
3573	13	
3574	87	
3575	537	
3576	154	
3577	929	
3578	328	
3579	774	
3580	387	
3581	903	
3582	989	
3583	462	
3584	398	
3585	205	
3586	838	
3587	507	
3588	232	
3589	894	
3590	422	
3591	278	
3592	63	
3593	340	
3594	930	
3595	926	
3596	125	
3597	592	
3598	206	
3599	840	
3600	54	
3601	405	
3602	197	
3603	877	
3604	94	
3605	698	
3606	656	
3607	448	
3608	117	
3609	558	
3610	243	
3611	783	
3612	420	
3613	308	
3614	405	
3615	728	
3616	864	
3617	215	
3618	517	
3619	747	
3620	404	
3621	636	
3622	544	
3623	523	
3624	288	
3625	860	
3626	471	
3627	6	
3628	590	
3629	121	
3630	459	
3631	922	
3632	425	
3633	909	
3634	763	
3635	808	
3636	510	
3637	688	
3638	546	
3639	419	
3640	876	
3641	537	
3642	843	
3643	71	
3644	821	
3645	169	
3646	22	
3647	956	
3648	325	
3649	533	
3650	242	
3651	265	
3652	591	
3653	234	
3654	235	
3655	587	
3656	813	
3657	649	
3658	483	
3659	397	
3660	30	
3661	978	
3662	985	
3663	312	
3664	855	
3665	426	
3666	287	
3667	546	
3668	901	
3669	31	
3670	446	
3671	224	
3672	287	
3673	440	
3674	178	
3675	222	
3676	950	
3677	503	
3678	361	
3679	18	
3680	13	
3681	768	
3682	741	
3683	78	
3684	587	
3685	425	
3686	703	
3687	45	
3688	933	
3689	810	
3690	756	
3691	371	
3692	359	
3693	964	
3694	529	
3695	719	
3696	498	
3697	483	
3698	632	
3699	715	
3700	188	
3701	270	
3702	739	
3703	119	
3704	277	
3705	467	
3706	317	
3707	211	
3708	973	
3709	765	
3710	14	
3711	419	
3712	481	
3713	864	
3714	581	
3715	978	
3716	901	
3717	481	
3718	341	
3719	858	
3720	513	
3721	64	
3722	2	
3723	656	
3724	758	
3725	735	
3726	275	
3727	890	
3728	80	
3729	554	
3730	575	
3731	682	
3732	995	
3733	702	
3734	594	
3735	234	
3736	655	
3737	252	
3738	559	
3739	415	
3740	965	
3741	620	
3742	436	
3743	327	
3744	817	
3745	308	
3746	483	
3747	349	
3748	384	
3749	505	
3750	93	
3751	690	
3752	425	
3753	482	
3754	631	
3755	75	
3756	414	
3757	794	
3758	974	
3759	503	
3760	809	
3761	300	
3762	748	
3763	191	
3764	377	
3765	286	
3766	610	
3767	926	
3768	236	
3769	208	
3770	830	
3771	993	
3772	852	
3773	620	
3774	580	
3775	870	
3776	700	
3777	661	
3778	246	
3779	782	
3780	394	
3781	866	
3782	30	
3783	844	
3784	956	
3785	529	
3786	488	
3787	805	
3788	93	
3789	566	
3790	803	
3791	863	
3792	543	
3793	627	
3794	198	
3795	260	
3796	743	
3797	79	
3798	85	
3799	950	
3800	829	
3801	818	
3802	770	
3803	18	
3804	395	
3805	148	
3806	158	
3807	399	
3808	795	
3809	347	
3810	184	
3811	550	
3812	484	
3813	19	
3814	9	
3815	521	
3816	187	
3817	213	
3818	464	
3819	245	
3820	459	
3821	859	
3822	17	
3823	34	
3824	383	
3825	511	
3826	158	
3827	39	
3828	405	
3829	561	
3830	297	
3831	336	
3832	834	
3833	448	
3834	261	
3835	386	
3836	74	
3837	573	
3838	153	
3839	907	
3840	222	
3841	597	
3842	926	
3843	452	
3844	805	
3845	357	
3846	126	
3847	816	
3848	758	
3849	950	
3850	701	
3851	100	
3852	426	
3853	352	
3854	281	
3855	943	
3856	860	
3857	168	
3858	724	
3859	241	
3860	674	
3861	356	
3862	486	
3863	733	
3864	459	
3865	923	
3866	269	
3867	472	
3868	16	
3869	15	
3870	206	
3871	705	
3872	476	
3873	660	
3874	387	
3875	169	
3876	910	
3877	672	
3878	380	
3879	562	
3880	420	
3881	651	
3882	432	
3883	74	
3884	232	
3885	54	
3886	499	
3887	342	
3888	700	
3889	5	
3890	799	
3891	65	
3892	239	
3893	919	
3894	965	
3895	172	
3896	439	
3897	946	
3898	314	
3899	813	
3900	173	
3901	377	
3902	949	
3903	186	
3904	782	
3905	791	
3906	277	
3907	524	
3908	927	
3909	363	
3910	420	
3911	151	
3912	446	
3913	596	
3914	16	
3915	830	
3916	141	
3917	500	
3918	23	
3919	497	
3920	944	
3921	79	
3922	712	
3923	560	
3924	379	
3925	546	
3926	622	
3927	822	
3928	134	
3929	366	
3930	733	
3931	288	
3932	131	
3933	940	
3934	325	
3935	566	
3936	132	
3937	528	
3938	60	
3939	71	
3940	351	
3941	487	
3942	678	
3943	790	
3944	187	
3945	163	
3946	246	
3947	809	
3948	234	
3949	35	
3950	603	
3951	262	
3952	783	
3953	405	
3954	166	
3955	965	
3956	631	
3957	238	
3958	912	
3959	579	
3960	313	
3961	774	
3962	726	
3963	683	
3964	696	
3965	159	
3966	639	
3967	116	
3968	461	
3969	92	
3970	889	
3971	880	
3972	991	
3973	140	
3974	585	
3975	912	
3976	716	
3977	109	
3978	562	
3979	658	
3980	927	
3981	651	
3982	370	
3983	189	
3984	202	
3985	704	
3986	90	
3987	305	
3988	11	
3989	67	
3990	540	
3991	810	
3992	832	
3993	428	
3994	445	
3995	283	
3996	532	
3997	195	
3998	458	
3999	493	
4000	922	
4001	254	
4002	324	
4003	487	
4004	822	
4005	921	
4006	942	
4007	901	
4008	561	
4009	189	
4010	179	
4011	930	
4012	291	
4013	627	
4014	66	
4015	951	
4016	345	
4017	184	
4018	876	
4019	556	
4020	966	
4021	625	
4022	106	
4023	900	
4024	299	
4025	189	
4026	753	
4027	971	
4028	984	
4029	480	
4030	375	
4031	32	
4032	178	
4033	260	
4034	261	
4035	677	
4036	221	
4037	903	
4038	548	
4039	732	
4040	169	
4041	609	
4042	130	
4043	41	
4044	103	
4045	548	
4046	500	
4047	804	
4048	979	
4049	996	
4050	179	
4051	654	
4052	369	
4053	271	
4054	185	
4055	632	
4056	465	
4057	868	
4058	954	
4059	753	
4060	884	
4061	365	
4062	902	
4063	15	
4064	150	
4065	166	
4066	715	
4067	842	
4068	996	
4069	861	
4070	804	
4071	709	
4072	821	
4073	762	
4074	622	
4075	438	
4076	635	
4077	526	
4078	255	
4079	540	
4080	985	
4081	13	
4082	96	
4083	6	
4084	347	
4085	702	
4086	690	
4087	559	
4088	771	
4089	631	
4090	26	
4091	510	
4092	440	
4093	331	
4094	702	
4095	79	
4096	190	
4097	541	
4098	518	
4099	941	
4100	683	
4101	828	
4102	462	
4103	746	
4104	213	
4105	159	
4106	200	
4107	330	
4108	230	
4109	984	
4110	261	
4111	534	
4112	402	
4113	107	
4114	546	
4115	804	
4116	454	
4117	669	
4118	420	
4119	801	
4120	264	
4121	983	
4122	759	
4123	465	
4124	275	
4125	697	
4126	144	
4127	963	
4128	1	
4129	81	
4130	800	
4131	39	
4132	457	
4133	92	
4134	105	
4135	273	
4136	896	
4137	449	
4138	872	
4139	437	
4140	865	
4141	411	
4142	787	
4143	58	
4144	687	
4145	285	
4146	163	
4147	770	
4148	855	
4149	77	
4150	360	
4151	997	
4152	673	
4153	539	
4154	929	
4155	459	
4156	198	
4157	9	
4158	227	
4159	145	
4160	232	
4161	26	
4162	687	
4163	88	
4164	662	
4165	220	
4166	22	
4167	531	
4168	95	
4169	768	
4170	206	
4171	838	
4172	548	
4173	614	
4174	84	
4175	562	
4176	584	
4177	908	
4178	848	
4179	101	
4180	553	
4181	934	
4182	294	
4183	580	
4184	742	
4185	476	
4186	561	
4187	835	
4188	360	
4189	920	
4190	312	
4191	705	
4192	35	
4193	7	
4194	611	
4195	343	
4196	491	
4197	997	
4198	861	
4199	471	
4200	913	
4201	875	
4202	633	
4203	606	
4204	574	
4205	651	
4206	549	
4207	212	
4208	908	
4209	55	
4210	548	
4211	176	
4212	282	
4213	455	
4214	685	
4215	902	
4216	478	
4217	298	
4218	919	
4219	299	
4220	794	
4221	761	
4222	55	
4223	797	
4224	17	
4225	345	
4226	653	
4227	213	
4228	984	
4229	511	
4230	437	
4231	222	
4232	568	
4233	147	
4234	961	
4235	829	
4236	176	
4237	311	
4238	953	
4239	944	
4240	652	
4241	399	
4242	981	
4243	81	
4244	851	
4245	305	
4246	62	
4247	626	
4248	722	
4249	348	
4250	651	
4251	216	
4252	507	
4253	242	
4254	367	
4255	730	
4256	35	
4257	255	
4258	557	
4259	609	
4260	589	
4261	969	
4262	695	
4263	351	
4264	937	
4265	720	
4266	151	
4267	602	
4268	361	
4269	413	
4270	966	
4271	775	
4272	480	
4273	508	
4274	883	
4275	897	
4276	331	
4277	931	
4278	777	
4279	89	
4280	865	
4281	107	
4282	196	
4283	709	
4284	141	
4285	844	
4286	289	
4287	163	
4288	672	
4289	434	
4290	603	
4291	268	
4292	337	
4293	316	
4294	450	
4295	563	
4296	863	
4297	769	
4298	171	
4299	398	
4300	498	
4301	923	
4302	725	
4303	137	
4304	711	
4305	653	
4306	864	
4307	647	
4308	459	
4309	406	
4310	509	
4311	515	
4312	893	
4313	822	
4314	162	
4315	776	
4316	590	
4317	110	
4318	957	
4319	822	
4320	505	
4321	90	
4322	446	
4323	574	
4324	229	
4325	519	
4326	639	
4327	546	
4328	871	
4329	126	
4330	781	
4331	824	
4332	515	
4333	369	
4334	725	
4335	366	
4336	50	
4337	419	
4338	225	
4339	348	
4340	410	
4341	810	
4342	907	
4343	143	
4344	979	
4345	334	
4346	615	
4347	802	
4348	486	
4349	41	
4350	762	
4351	812	
4352	702	
4353	646	
4354	871	
4355	702	
4356	880	
4357	955	
4358	366	
4359	732	
4360	652	
4361	329	
4362	564	
4363	761	
4364	771	
4365	384	
4366	560	
4367	45	
4368	929	
4369	742	
4370	1	
4371	952	
4372	970	
4373	191	
4374	915	
4375	677	
4376	302	
4377	587	
4378	513	
4379	26	
4380	590	
4381	324	
4382	793	
4383	404	
4384	462	
4385	951	
4386	101	
4387	29	
4388	83	
4389	632	
4390	30	
4391	672	
4392	604	
4393	816	
4394	649	
4395	704	
4396	619	
4397	104	
4398	43	
4399	430	
4400	227	
4401	101	
4402	486	
4403	810	
4404	832	
4405	364	
4406	884	
4407	591	
4408	868	
4409	220	
4410	824	
4411	705	
4412	502	
4413	256	
4414	410	
4415	335	
4416	610	
4417	452	
4418	25	
4419	691	
4420	334	
4421	397	
4422	256	
4423	270	
4424	136	
4425	748	
4426	451	
4427	727	
4428	211	
4429	425	
4430	425	
4431	731	
4432	680	
4433	977	
4434	209	
4435	35	
4436	599	
4437	457	
4438	78	
4439	987	
4440	149	
4441	962	
4442	253	
4443	166	
4444	581	
4445	741	
4446	620	
4447	13	
4448	634	
4449	342	
4450	34	
4451	815	
4452	512	
4453	579	
4454	251	
4455	744	
4456	96	
4457	788	
4458	683	
4459	644	
4460	586	
4461	578	
4462	335	
4463	186	
4464	130	
4465	921	
4466	289	
4467	659	
4468	605	
4469	183	
4470	315	
4471	137	
4472	683	
4473	341	
4474	768	
4475	795	
4476	780	
4477	387	
4478	128	
4479	637	
4480	565	
4481	501	
4482	482	
4483	314	
4484	882	
4485	74	
4486	745	
4487	620	
4488	539	
4489	985	
4490	809	
4491	391	
4492	544	
4493	620	
4494	824	
4495	523	
4496	751	
4497	430	
4498	231	
4499	1	
4500	35	
4501	206	
4502	289	
4503	579	
4504	283	
4505	956	
4506	152	
4507	909	
4508	387	
4509	681	
4510	885	
4511	936	
4512	900	
4513	408	
4514	174	
4515	587	
4516	651	
4517	865	
4518	575	
4519	874	
4520	281	
4521	434	
4522	932	
4523	185	
4524	263	
4525	774	
4526	890	
4527	383	
4528	479	
4529	304	
4530	755	
4531	710	
4532	576	
4533	590	
4534	984	
4535	654	
4536	120	
4537	664	
4538	767	
4539	279	
4540	33	
4541	967	
4542	908	
4543	461	
4544	838	
4545	376	
4546	177	
4547	843	
4548	852	
4549	585	
4550	568	
4551	107	
4552	956	
4553	688	
4554	133	
4555	962	
4556	45	
4557	801	
4558	526	
4559	782	
4560	124	
4561	286	
4562	764	
4563	953	
4564	173	
4565	694	
4566	290	
4567	549	
4568	48	
4569	24	
4570	162	
4571	415	
4572	967	
4573	335	
4574	709	
4575	94	
4576	140	
4577	581	
4578	73	
4579	570	
4580	317	
4581	801	
4582	426	
4583	151	
4584	218	
4585	891	
4586	827	
4587	657	
4588	819	
4589	164	
4590	187	
4591	360	
4592	147	
4593	193	
4594	59	
4595	691	
4596	985	
4597	743	
4598	820	
4599	654	
4600	268	
4601	957	
4602	779	
4603	77	
4604	180	
4605	582	
4606	695	
4607	272	
4608	542	
4609	710	
4610	887	
4611	31	
4612	382	
4613	810	
4614	949	
4615	773	
4616	795	
4617	362	
4618	575	
4619	991	
4620	544	
4621	873	
4622	715	
4623	484	
4624	127	
4625	545	
4626	720	
4627	932	
4628	78	
4629	896	
4630	9	
4631	426	
4632	75	
4633	71	
4634	386	
4635	875	
4636	913	
4637	527	
4638	611	
4639	622	
4640	731	
4641	636	
4642	634	
4643	619	
4644	446	
4645	748	
4646	347	
4647	463	
4648	168	
4649	854	
4650	265	
4651	52	
4652	645	
4653	469	
4654	867	
4655	210	
4656	598	
4657	757	
4658	106	
4659	531	
4660	553	
4661	698	
4662	511	
4663	928	
4664	750	
4665	141	
4666	487	
4667	407	
4668	902	
4669	384	
4670	168	
4671	598	
4672	236	
4673	183	
4674	899	
4675	878	
4676	93	
4677	910	
4678	570	
4679	306	
4680	681	
4681	367	
4682	152	
4683	15	
4684	353	
4685	755	
4686	478	
4687	564	
4688	985	
4689	542	
4690	954	
4691	385	
4692	365	
4693	565	
4694	119	
4695	457	
4696	133	
4697	264	
4698	753	
4699	41	
4700	354	
4701	418	
4702	719	
4703	400	
4704	336	
4705	214	
4706	730	
4707	271	
4708	884	
4709	633	
4710	970	
4711	192	
4712	510	
4713	876	
4714	165	
4715	905	
4716	501	
4717	305	
4718	753	
4719	376	
4720	383	
4721	443	
4722	255	
4723	589	
4724	976	
4725	112	
4726	936	
4727	725	
4728	279	
4729	808	
4730	849	
4731	66	
4732	430	
4733	684	
4734	304	
4735	446	
4736	369	
4737	985	
4738	278	
4739	31	
4740	651	
4741	493	
4742	588	
4743	625	
4744	542	
4745	678	
4746	120	
4747	730	
4748	985	
4749	256	
4750	367	
4751	38	
4752	257	
4753	597	
4754	530	
4755	864	
4756	347	
4757	228	
4758	467	
4759	195	
4760	269	
4761	740	
4762	686	
4763	162	
4764	986	
4765	911	
4766	850	
4767	46	
4768	108	
4769	58	
4770	224	
4771	861	
4772	354	
4773	657	
4774	96	
4775	693	
4776	521	
4777	237	
4778	200	
4779	881	
4780	253	
4781	55	
4782	822	
4783	167	
4784	343	
4785	444	
4786	883	
4787	242	
4788	125	
4789	56	
4790	672	
4791	92	
4792	687	
4793	165	
4794	481	
4795	265	
4796	341	
4797	771	
4798	46	
4799	56	
4800	68	
4801	823	
4802	943	
4803	907	
4804	608	
4805	262	
4806	909	
4807	763	
4808	105	
4809	1000	
4810	646	
4811	630	
4812	832	
4813	719	
4814	423	
4815	939	
4816	280	
4817	71	
4818	745	
4819	555	
4820	991	
4821	709	
4822	934	
4823	671	
4824	604	
4825	362	
4826	74	
4827	566	
4828	680	
4829	471	
4830	772	
4831	85	
4832	183	
4833	240	
4834	996	
4835	222	
4836	70	
4837	995	
4838	252	
4839	276	
4840	180	
4841	888	
4842	762	
4843	59	
4844	530	
4845	816	
4846	522	
4847	466	
4848	693	
4849	47	
4850	757	
4851	58	
4852	488	
4853	371	
4854	478	
4855	997	
4856	532	
4857	204	
4858	272	
4859	257	
4860	106	
4861	964	
4862	683	
4863	317	
4864	693	
4865	783	
4866	231	
4867	977	
4868	139	
4869	537	
4870	205	
4871	503	
4872	746	
4873	116	
4874	779	
4875	486	
4876	661	
4877	137	
4878	846	
4879	307	
4880	477	
4881	883	
4882	94	
4883	447	
4884	898	
4885	130	
4886	215	
4887	38	
4888	233	
4889	427	
4890	588	
4891	596	
4892	573	
4893	66	
4894	580	
4895	191	
4896	64	
4897	809	
4898	799	
4899	802	
4900	112	
4901	968	
4902	775	
4903	685	
4904	60	
4905	621	
4906	281	
4907	111	
4908	6	
4909	859	
4910	739	
4911	782	
4912	225	
4913	397	
4914	61	
4915	140	
4916	74	
4917	369	
4918	802	
4919	321	
4920	193	
4921	758	
4922	110	
4923	877	
4924	590	
4925	728	
4926	111	
4927	404	
4928	278	
4929	929	
4930	973	
4931	353	
4932	5	
4933	495	
4934	587	
4935	854	
4936	986	
4937	3	
4938	710	
4939	680	
4940	168	
4941	853	
4942	259	
4943	957	
4944	337	
4945	106	
4946	650	
4947	982	
4948	259	
4949	664	
4950	439	
4951	799	
4952	965	
4953	422	
4954	709	
4955	380	
4956	208	
4957	39	
4958	667	
4959	116	
4960	935	
4961	901	
4962	393	
4963	655	
4964	697	
4965	983	
4966	721	
4967	441	
4968	372	
4969	773	
4970	552	
4971	238	
4972	409	
4973	96	
4974	532	
4975	14	
4976	804	
4977	605	
4978	957	
4979	304	
4980	443	
4981	352	
4982	861	
4983	384	
4984	412	
4985	499	
4986	442	
4987	466	
4988	433	
4989	670	
4990	209	
4991	70	
4992	724	
4993	470	
4994	410	
4995	20	
4996	877	
4997	744	
4998	224	
4999	687	
5000	929	
5001	532	
5002	911	
5003	36	
5004	122	
5005	676	
5006	86	
5007	825	
5008	667	
5009	836	
5010	269	
5011	336	
5012	594	
5013	953	
5014	77	
5015	987	
5016	871	
5017	140	
5018	636	
5019	935	
5020	89	
5021	54	
5022	336	
5023	627	
5024	693	
5025	795	
5026	457	
5027	976	
5028	544	
5029	705	
5030	537	
5031	664	
5032	617	
5033	279	
5034	45	
5035	752	
5036	906	
5037	24	
5038	34	
5039	856	
5040	862	
5041	48	
5042	954	
5043	607	
5044	610	
5045	563	
5046	311	
5047	529	
5048	333	
5049	458	
5050	708	
5051	763	
5052	9	
5053	655	
5054	401	
5055	115	
5056	898	
5057	109	
5058	917	
5059	362	
5060	947	
5061	971	
5062	715	
5063	619	
5064	462	
5065	232	
5066	991	
5067	811	
5068	802	
5069	637	
5070	224	
5071	848	
5072	796	
5073	840	
5074	374	
5075	836	
5076	657	
5077	805	
5078	730	
5079	505	
5080	727	
5081	324	
5082	74	
5083	581	
5084	121	
5085	968	
5086	236	
5087	685	
5088	498	
5089	324	
5090	263	
5091	26	
5092	558	
5093	461	
5094	87	
5095	713	
5096	870	
5097	140	
5098	584	
5099	604	
5100	602	
5101	243	
5102	192	
5103	852	
5104	134	
5105	589	
5106	942	
5107	392	
5108	247	
5109	344	
5110	159	
5111	61	
5112	165	
5113	675	
5114	549	
5115	829	
5116	817	
5117	914	
5118	144	
5119	377	
5120	877	
5121	511	
5122	567	
5123	802	
5124	720	
5125	352	
5126	5	
5127	945	
5128	105	
5129	694	
5130	366	
5131	516	
5132	201	
5133	993	
5134	601	
5135	842	
5136	900	
5137	22	
5138	869	
5139	715	
5140	165	
5141	11	
5142	333	
5143	898	
5144	862	
5145	839	
5146	734	
5147	229	
5148	104	
5149	772	
5150	862	
5151	673	
5152	917	
5153	983	
5154	700	
5155	24	
5156	322	
5157	892	
5158	620	
5159	364	
5160	136	
5161	68	
5162	314	
5163	675	
5164	736	
5165	456	
5166	315	
5167	867	
5168	621	
5169	172	
5170	449	
5171	356	
5172	363	
5173	495	
5174	789	
5175	771	
5176	859	
5177	15	
5178	885	
5179	291	
5180	318	
5181	696	
5182	373	
5183	267	
5184	992	
5185	651	
5186	263	
5187	684	
5188	804	
5189	664	
5190	461	
5191	170	
5192	395	
5193	334	
5194	987	
5195	856	
5196	815	
5197	335	
5198	960	
5199	86	
5200	665	
5201	775	
5202	515	
5203	524	
5204	361	
5205	348	
5206	239	
5207	102	
5208	356	
5209	372	
5210	473	
5211	319	
5212	285	
5213	115	
5214	990	
5215	743	
5216	70	
5217	580	
5218	480	
5219	720	
5220	5	
5221	821	
5222	88	
5223	98	
5224	42	
5225	302	
5226	722	
5227	4	
5228	125	
5229	936	
5230	518	
5231	316	
5232	618	
5233	991	
5234	666	
5235	595	
5236	966	
5237	737	
5238	339	
5239	171	
5240	664	
5241	462	
5242	531	
5243	210	
5244	851	
5245	784	
5246	345	
5247	639	
5248	776	
5249	578	
5250	894	
5251	801	
5252	758	
5253	635	
5254	788	
5255	645	
5256	844	
5257	746	
5258	607	
5259	662	
5260	843	
5261	704	
5262	421	
5263	612	
5264	678	
5265	91	
5266	191	
5267	184	
5268	146	
5269	687	
5270	831	
5271	507	
5272	424	
5273	788	
5274	146	
5275	404	
5276	40	
5277	949	
5278	997	
5279	585	
5280	774	
5281	756	
5282	978	
5283	986	
5284	799	
5285	201	
5286	466	
5287	979	
5288	26	
5289	666	
5290	905	
5291	671	
5292	360	
5293	226	
5294	974	
5295	160	
5296	621	
5297	891	
5298	418	
5299	780	
5300	39	
5301	357	
5302	902	
5303	486	
5304	620	
5305	991	
5306	519	
5307	677	
5308	302	
5309	90	
5310	547	
5311	141	
5312	7	
5313	819	
5314	115	
5315	385	
5316	943	
5317	408	
5318	753	
5319	43	
5320	971	
5321	455	
5322	801	
5323	71	
5324	629	
5325	236	
5326	857	
5327	29	
5328	969	
5329	969	
5330	570	
5331	750	
5332	883	
5333	52	
5334	142	
5335	308	
5336	323	
5337	294	
5338	690	
5339	268	
5340	186	
5341	697	
5342	123	
5343	116	
5344	444	
5345	983	
5346	386	
5347	343	
5348	415	
5349	927	
5350	426	
5351	237	
5352	192	
5353	625	
5354	646	
5355	30	
5356	954	
5357	846	
5358	190	
5359	782	
5360	471	
5361	27	
5362	184	
5363	743	
5364	854	
5365	28	
5366	672	
5367	772	
5368	646	
5369	219	
5370	770	
5371	737	
5372	423	
5373	232	
5374	316	
5375	334	
5376	605	
5377	791	
5378	967	
5379	931	
5380	958	
5381	599	
5382	749	
5383	699	
5384	560	
5385	743	
5386	585	
5387	515	
5388	862	
5389	329	
5390	156	
5391	161	
5392	106	
5393	825	
5394	492	
5395	463	
5396	585	
5397	29	
5398	284	
5399	23	
5400	196	
5401	795	
5402	440	
5403	678	
5404	67	
5405	199	
5406	495	
5407	314	
5408	481	
5409	268	
5410	793	
5411	950	
5412	229	
5413	896	
5414	305	
5415	859	
5416	453	
5417	42	
5418	978	
5419	46	
5420	130	
5421	813	
5422	835	
5423	815	
5424	440	
5425	724	
5426	717	
5427	357	
5428	60	
5429	213	
5430	793	
5431	908	
5432	502	
5433	161	
5434	764	
5435	632	
5436	159	
5437	471	
5438	916	
5439	977	
5440	425	
5441	854	
5442	489	
5443	192	
5444	140	
5445	649	
5446	575	
5447	142	
5448	100	
5449	234	
5450	441	
5451	544	
5452	365	
5453	650	
5454	653	
5455	223	
5456	746	
5457	844	
5458	875	
5459	162	
5460	367	
5461	871	
5462	303	
5463	140	
5464	108	
5465	947	
5466	749	
5467	450	
5468	994	
5469	232	
5470	154	
5471	147	
5472	117	
5473	380	
5474	151	
5475	80	
5476	778	
5477	115	
5478	478	
5479	107	
5480	616	
5481	886	
5482	205	
5483	17	
5484	673	
5485	583	
5486	848	
5487	482	
5488	487	
5489	433	
5490	360	
5491	469	
5492	473	
5493	521	
5494	736	
5495	830	
5496	117	
5497	993	
5498	452	
5499	970	
5500	605	
5501	186	
5502	450	
5503	319	
5504	108	
5505	774	
5506	802	
5507	999	
5508	112	
5509	638	
5510	296	
5511	619	
5512	223	
5513	767	
5514	278	
5515	121	
5516	947	
5517	236	
5518	988	
5519	463	
5520	720	
5521	794	
5522	450	
5523	39	
5524	338	
5525	156	
5526	266	
5527	588	
5528	354	
5529	268	
5530	304	
5531	849	
5532	856	
5533	564	
5534	963	
5535	806	
5536	967	
5537	734	
5538	947	
5539	108	
5540	253	
5541	1	
5542	922	
5543	813	
5544	346	
5545	693	
5546	277	
5547	671	
5548	422	
5549	867	
5550	914	
5551	128	
5552	349	
5553	887	
5554	426	
5555	192	
5556	628	
5557	816	
5558	325	
5559	60	
5560	842	
5561	108	
5562	690	
5563	70	
5564	98	
5565	918	
5566	886	
5567	272	
5568	165	
5569	730	
5570	313	
5571	200	
5572	874	
5573	693	
5574	319	
5575	90	
5576	16	
5577	399	
5578	466	
5579	492	
5580	840	
5581	618	
5582	834	
5583	394	
5584	645	
5585	730	
5586	663	
5587	704	
5588	997	
5589	948	
5590	571	
5591	22	
5592	142	
5593	905	
5594	506	
5595	3	
5596	148	
5597	305	
5598	635	
5599	644	
5600	471	
5601	914	
5602	822	
5603	339	
5604	999	
5605	897	
5606	293	
5607	962	
5608	842	
5609	566	
5610	709	
5611	287	
5612	769	
5613	393	
5614	388	
5615	96	
5616	737	
5617	816	
5618	810	
5619	670	
5620	573	
5621	921	
5622	353	
5623	987	
5624	598	
5625	874	
5626	151	
5627	437	
5628	61	
5629	141	
5630	729	
5631	291	
5632	533	
5633	712	
5634	151	
5635	596	
5636	299	
5637	286	
5638	716	
5639	109	
5640	295	
5641	513	
5642	741	
5643	777	
5644	955	
5645	402	
5646	919	
5647	616	
5648	952	
5649	52	
5650	762	
5651	874	
5652	125	
5653	150	
5654	570	
5655	763	
5656	202	
5657	271	
5658	378	
5659	302	
5660	230	
5661	322	
5662	105	
5663	348	
5664	390	
5665	730	
5666	943	
5667	700	
5668	655	
5669	428	
5670	542	
5671	162	
5672	449	
5673	345	
5674	595	
5675	986	
5676	452	
5677	850	
5678	11	
5679	19	
5680	779	
5681	644	
5682	664	
5683	478	
5684	13	
5685	436	
5686	900	
5687	53	
5688	17	
5689	986	
5690	347	
5691	398	
5692	447	
5693	607	
5694	634	
5695	368	
5696	771	
5697	992	
5698	428	
5699	115	
5700	979	
5701	106	
5702	137	
5703	641	
5704	677	
5705	526	
5706	638	
5707	905	
5708	564	
5709	556	
5710	938	
5711	864	
5712	90	
5713	265	
5714	708	
5715	559	
5716	589	
5717	619	
5718	888	
5719	674	
5720	867	
5721	225	
5722	1	
5723	173	
5724	415	
5725	749	
5726	797	
5727	583	
5728	596	
5729	619	
5730	918	
5731	808	
5732	302	
5733	905	
5734	885	
5735	44	
5736	38	
5737	551	
5738	287	
5739	607	
5740	44	
5741	814	
5742	778	
5743	400	
5744	868	
5745	658	
5746	14	
5747	392	
5748	508	
5749	386	
5750	5	
5751	738	
5752	586	
5753	284	
5754	949	
5755	986	
5756	639	
5757	163	
5758	82	
5759	912	
5760	744	
5761	179	
5762	558	
5763	452	
5764	721	
5765	57	
5766	587	
5767	769	
5768	794	
5769	645	
5770	758	
5771	787	
5772	908	
5773	297	
5774	931	
5775	74	
5776	18	
5777	384	
5778	197	
5779	695	
5780	474	
5781	162	
5782	148	
5783	396	
5784	227	
5785	764	
5786	14	
5787	62	
5788	815	
5789	234	
5790	241	
5791	516	
5792	976	
5793	7	
5794	228	
5795	718	
5796	660	
5797	441	
5798	883	
5799	680	
5800	914	
5801	255	
5802	10	
5803	646	
5804	811	
5805	340	
5806	62	
5807	440	
5808	860	
5809	955	
5810	129	
5811	733	
5812	265	
5813	34	
5814	989	
5815	89	
5816	145	
5817	753	
5818	53	
5819	520	
5820	542	
5821	106	
5822	401	
5823	626	
5824	579	
5825	920	
5826	936	
5827	951	
5828	342	
5829	666	
5830	589	
5831	506	
5832	717	
5833	630	
5834	28	
5835	608	
5836	338	
5837	608	
5838	547	
5839	783	
5840	409	
5841	994	
5842	331	
5843	265	
5844	943	
5845	59	
5846	887	
5847	224	
5848	26	
5849	387	
5850	458	
5851	617	
5852	189	
5853	810	
5854	850	
5855	459	
5856	170	
5857	766	
5858	137	
5859	47	
5860	879	
5861	947	
5862	944	
5863	279	
5864	956	
5865	434	
5866	531	
5867	432	
5868	201	
5869	725	
5870	186	
5871	322	
5872	810	
5873	958	
5874	499	
5875	892	
5876	580	
5877	533	
5878	771	
5879	602	
5880	87	
5881	337	
5882	612	
5883	841	
5884	779	
5885	587	
5886	29	
5887	391	
5888	109	
5889	664	
5890	599	
5891	837	
5892	513	
5893	901	
5894	364	
5895	446	
5896	583	
5897	147	
5898	488	
5899	55	
5900	55	
5901	946	
5902	474	
5903	951	
5904	383	
5905	711	
5906	889	
5907	998	
5908	73	
5909	359	
5910	872	
5911	455	
5912	47	
5913	603	
5914	924	
5915	679	
5916	33	
5917	893	
5918	138	
5919	638	
5920	123	
5921	975	
5922	660	
5923	906	
5924	986	
5925	304	
5926	163	
5927	305	
5928	709	
5929	968	
5930	891	
5931	821	
5932	581	
5933	672	
5934	139	
5935	855	
5936	527	
5937	124	
5938	500	
5939	566	
5940	446	
5941	794	
5942	839	
5943	159	
5944	91	
5945	587	
5946	345	
5947	892	
5948	135	
5949	79	
5950	897	
5951	903	
5952	957	
5953	418	
5954	854	
5955	446	
5956	554	
5957	763	
5958	290	
5959	229	
5960	847	
5961	225	
5962	851	
5963	201	
5964	715	
5965	294	
5966	295	
5967	545	
5968	354	
5969	830	
5970	45	
5971	893	
5972	251	
5973	694	
5974	536	
5975	800	
5976	19	
5977	591	
5978	989	
5979	752	
5980	188	
5981	42	
5982	737	
5983	586	
5984	171	
5985	218	
5986	997	
5987	840	
5988	483	
5989	655	
5990	828	
5991	172	
5992	988	
5993	863	
5994	905	
5995	612	
5996	552	
5997	237	
5998	148	
5999	590	
6000	714	
6001	292	
6002	659	
6003	987	
6004	935	
6005	82	
6006	978	
6007	957	
6008	382	
6009	127	
6010	413	
6011	250	
6012	457	
6013	21	
6014	35	
6015	904	
6016	852	
6017	103	
6018	290	
6019	809	
6020	987	
6021	508	
6022	87	
6023	534	
6024	77	
6025	322	
6026	525	
6027	142	
6028	813	
6029	277	
6030	274	
6031	126	
6032	589	
6033	791	
6034	991	
6035	751	
6036	122	
6037	927	
6038	126	
6039	788	
6040	405	
6041	949	
6042	828	
6043	347	
6044	166	
6045	721	
6046	422	
6047	625	
6048	649	
6049	161	
6050	389	
6051	704	
6052	90	
6053	225	
6054	796	
6055	427	
6056	562	
6057	850	
6058	302	
6059	598	
6060	921	
6061	349	
6062	450	
6063	464	
6064	115	
6065	855	
6066	737	
6067	210	
6068	750	
6069	533	
6070	828	
6071	694	
6072	111	
6073	118	
6074	88	
6075	762	
6076	394	
6077	990	
6078	251	
6079	365	
6080	305	
6081	367	
6082	462	
6083	238	
6084	913	
6085	295	
6086	618	
6087	666	
6088	746	
6089	318	
6090	285	
6091	469	
6092	237	
6093	510	
6094	212	
6095	77	
6096	638	
6097	883	
6098	608	
6099	163	
6100	633	
6101	731	
6102	843	
6103	883	
6104	902	
6105	165	
6106	186	
6107	104	
6108	110	
6109	355	
6110	378	
6111	795	
6112	573	
6113	81	
6114	196	
6115	251	
6116	240	
6117	429	
6118	162	
6119	620	
6120	110	
6121	895	
6122	633	
6123	386	
6124	665	
6125	456	
6126	160	
6127	28	
6128	659	
6129	404	
6130	989	
6131	643	
6132	19	
6133	506	
6134	964	
6135	498	
6136	615	
6137	496	
6138	721	
6139	77	
6140	241	
6141	641	
6142	450	
6143	764	
6144	165	
6145	936	
6146	440	
6147	910	
6148	982	
6149	300	
6150	380	
6151	24	
6152	486	
6153	388	
6154	188	
6155	910	
6156	412	
6157	714	
6158	581	
6159	486	
6160	133	
6161	410	
6162	80	
6163	690	
6164	629	
6165	769	
6166	454	
6167	419	
6168	933	
6169	912	
6170	806	
6171	488	
6172	885	
6173	31	
6174	572	
6175	87	
6176	544	
6177	156	
6178	217	
6179	8	
6180	276	
6181	116	
6182	287	
6183	599	
6184	961	
6185	854	
6186	595	
6187	632	
6188	719	
6189	341	
6190	691	
6191	683	
6192	362	
6193	548	
6194	784	
6195	983	
6196	791	
6197	993	
6198	459	
6199	864	
6200	854	
6201	548	
6202	416	
6203	578	
6204	495	
6205	639	
6206	655	
6207	381	
6208	759	
6209	29	
6210	952	
6211	41	
6212	66	
6213	772	
6214	4	
6215	449	
6216	824	
6217	5	
6218	353	
6219	266	
6220	793	
6221	824	
6222	732	
6223	490	
6224	987	
6225	635	
6226	269	
6227	443	
6228	249	
6229	274	
6230	560	
6231	599	
6232	738	
6233	565	
6234	880	
6235	611	
6236	274	
6237	966	
6238	372	
6239	382	
6240	593	
6241	698	
6242	956	
6243	568	
6244	191	
6245	197	
6246	651	
6247	93	
6248	938	
6249	640	
6250	756	
6251	682	
6252	420	
6253	124	
6254	678	
6255	260	
6256	359	
6257	262	
6258	385	
6259	741	
6260	178	
6261	83	
6262	312	
6263	184	
6264	555	
6265	562	
6266	350	
6267	266	
6268	588	
6269	543	
6270	275	
6271	65	
6272	40	
6273	108	
6274	887	
6275	526	
6276	220	
6277	439	
6278	747	
6279	748	
6280	328	
6281	640	
6282	172	
6283	880	
6284	661	
6285	641	
6286	921	
6287	337	
6288	239	
6289	894	
6290	394	
6291	670	
6292	466	
6293	749	
6294	673	
6295	253	
6296	335	
6297	853	
6298	298	
6299	816	
6300	421	
6301	560	
6302	572	
6303	975	
6304	921	
6305	322	
6306	998	
6307	763	
6308	232	
6309	833	
6310	341	
6311	886	
6312	210	
6313	164	
6314	115	
6315	741	
6316	703	
6317	727	
6318	694	
6319	256	
6320	811	
6321	651	
6322	512	
6323	534	
6324	555	
6325	903	
6326	11	
6327	979	
6328	62	
6329	587	
6330	387	
6331	340	
6332	734	
6333	329	
6334	126	
6335	927	
6336	135	
6337	293	
6338	76	
6339	822	
6340	69	
6341	916	
6342	640	
6343	930	
6344	159	
6345	230	
6346	686	
6347	633	
6348	320	
6349	940	
6350	629	
6351	786	
6352	498	
6353	764	
6354	229	
6355	989	
6356	243	
6357	322	
6358	775	
6359	189	
6360	897	
6361	967	
6362	737	
6363	967	
6364	679	
6365	452	
6366	1	
6367	514	
6368	800	
6369	653	
6370	975	
6371	655	
6372	288	
6373	359	
6374	261	
6375	753	
6376	24	
6377	915	
6378	480	
6379	171	
6380	248	
6381	923	
6382	470	
6383	710	
6384	397	
6385	2	
6386	311	
6387	962	
6388	2	
6389	846	
6390	909	
6391	889	
6392	832	
6393	839	
6394	510	
6395	729	
6396	784	
6397	95	
6398	750	
6399	576	
6400	732	
6401	713	
6402	560	
6403	176	
6404	4	
6405	467	
6406	628	
6407	786	
6408	861	
6409	230	
6410	903	
6411	468	
6412	185	
6413	586	
6414	288	
6415	285	
6416	731	
6417	301	
6418	246	
6419	317	
6420	313	
6421	506	
6422	405	
6423	368	
6424	554	
6425	28	
6426	456	
6427	273	
6428	752	
6429	930	
6430	261	
6431	233	
6432	13	
6433	730	
6434	886	
6435	663	
6436	143	
6437	232	
6438	156	
6439	750	
6440	21	
6441	197	
6442	492	
6443	364	
6444	977	
6445	754	
6446	723	
6447	847	
6448	405	
6449	604	
6450	779	
6451	544	
6452	152	
6453	863	
6454	542	
6455	793	
6456	872	
6457	109	
6458	327	
6459	136	
6460	63	
6461	758	
6462	390	
6463	588	
6464	337	
6465	23	
6466	906	
6467	916	
6468	329	
6469	357	
6470	126	
6471	181	
6472	209	
6473	376	
6474	118	
6475	34	
6476	392	
6477	531	
6478	785	
6479	851	
6480	875	
6481	616	
6482	174	
6483	56	
6484	743	
6485	661	
6486	913	
6487	837	
6488	698	
6489	675	
6490	900	
6491	630	
6492	247	
6493	395	
6494	928	
6495	177	
6496	56	
6497	121	
6498	772	
6499	248	
6500	860	
6501	491	
6502	633	
6503	38	
6504	208	
6505	945	
6506	182	
6507	271	
6508	191	
6509	876	
6510	616	
6511	602	
6512	636	
6513	336	
6514	630	
6515	248	
6516	333	
6517	283	
6518	245	
6519	452	
6520	647	
6521	174	
6522	207	
6523	402	
6524	766	
6525	880	
6526	356	
6527	202	
6528	355	
6529	352	
6530	179	
6531	571	
6532	109	
6533	666	
6534	47	
6535	818	
6536	299	
6537	38	
6538	236	
6539	155	
6540	478	
6541	981	
6542	952	
6543	708	
6544	217	
6545	173	
6546	668	
6547	374	
6548	362	
6549	994	
6550	491	
6551	317	
6552	960	
6553	997	
6554	736	
6555	93	
6556	60	
6557	303	
6558	337	
6559	796	
6560	874	
6561	571	
6562	32	
6563	101	
6564	335	
6565	465	
6566	77	
6567	873	
6568	570	
6569	191	
6570	55	
6571	101	
6572	429	
6573	728	
6574	882	
6575	800	
6576	842	
6577	247	
6578	720	
6579	427	
6580	64	
6581	162	
6582	882	
6583	441	
6584	165	
6585	201	
6586	190	
6587	958	
6588	555	
6589	13	
6590	944	
6591	146	
6592	301	
6593	467	
6594	18	
6595	621	
6596	608	
6597	289	
6598	118	
6599	994	
6600	804	
6601	325	
6602	736	
6603	117	
6604	635	
6605	347	
6606	774	
6607	111	
6608	598	
6609	197	
6610	337	
6611	790	
6612	916	
6613	322	
6614	140	
6615	431	
6616	173	
6617	417	
6618	457	
6619	166	
6620	280	
6621	36	
6622	441	
6623	522	
6624	819	
6625	168	
6626	746	
6627	716	
6628	793	
6629	585	
6630	728	
6631	77	
6632	562	
6633	360	
6634	350	
6635	733	
6636	248	
6637	238	
6638	452	
6639	904	
6640	222	
6641	496	
6642	312	
6643	48	
6644	905	
6645	339	
6646	759	
6647	624	
6648	473	
6649	102	
6650	603	
6651	245	
6652	654	
6653	460	
6654	867	
6655	573	
6656	580	
6657	777	
6658	848	
6659	561	
6660	193	
6661	402	
6662	556	
6663	716	
6664	356	
6665	207	
6666	402	
6667	963	
6668	501	
6669	459	
6670	411	
6671	988	
6672	849	
6673	135	
6674	709	
6675	57	
6676	261	
6677	180	
6678	339	
6679	236	
6680	752	
6681	568	
6682	362	
6683	738	
6684	627	
6685	261	
6686	295	
6687	298	
6688	682	
6689	47	
6690	643	
6691	277	
6692	225	
6693	36	
6694	945	
6695	37	
6696	497	
6697	379	
6698	68	
6699	119	
6700	730	
6701	175	
6702	411	
6703	379	
6704	921	
6705	820	
6706	103	
6707	928	
6708	897	
6709	606	
6710	345	
6711	202	
6712	211	
6713	406	
6714	846	
6715	646	
6716	992	
6717	982	
6718	756	
6719	994	
6720	699	
6721	145	
6722	956	
6723	247	
6724	425	
6725	814	
6726	32	
6727	937	
6728	450	
6729	452	
6730	531	
6731	307	
6732	15	
6733	869	
6734	222	
6735	172	
6736	51	
6737	716	
6738	199	
6739	686	
6740	860	
6741	177	
6742	665	
6743	211	
6744	954	
6745	993	
6746	272	
6747	905	
6748	652	
6749	976	
6750	211	
6751	517	
6752	895	
6753	801	
6754	771	
6755	945	
6756	944	
6757	865	
6758	528	
6759	927	
6760	150	
6761	793	
6762	288	
6763	52	
6764	675	
6765	611	
6766	34	
6767	440	
6768	170	
6769	586	
6770	188	
6771	667	
6772	408	
6773	356	
6774	194	
6775	479	
6776	996	
6777	497	
6778	896	
6779	834	
6780	752	
6781	258	
6782	300	
6783	754	
6784	991	
6785	244	
6786	111	
6787	776	
6788	847	
6789	429	
6790	994	
6791	896	
6792	886	
6793	851	
6794	363	
6795	629	
6796	143	
6797	906	
6798	31	
6799	927	
6800	916	
6801	652	
6802	135	
6803	646	
6804	874	
6805	752	
6806	517	
6807	437	
6808	962	
6809	501	
6810	158	
6811	610	
6812	532	
6813	277	
6814	543	
6815	306	
6816	731	
6817	181	
6818	521	
6819	735	
6820	21	
6821	745	
6822	94	
6823	539	
6824	498	
6825	466	
6826	787	
6827	156	
6828	986	
6829	329	
6830	38	
6831	824	
6832	489	
6833	203	
6834	680	
6835	176	
6836	629	
6837	44	
6838	666	
6839	150	
6840	675	
6841	838	
6842	441	
6843	536	
6844	519	
6845	945	
6846	507	
6847	428	
6848	882	
6849	610	
6850	528	
6851	68	
6852	948	
6853	246	
6854	340	
6855	593	
6856	673	
6857	221	
6858	345	
6859	506	
6860	845	
6861	897	
6862	503	
6863	236	
6864	338	
6865	398	
6866	78	
6867	128	
6868	62	
6869	289	
6870	680	
6871	474	
6872	384	
6873	331	
6874	449	
6875	229	
6876	914	
6877	469	
6878	240	
6879	2	
6880	685	
6881	915	
6882	541	
6883	752	
6884	137	
6885	323	
6886	987	
6887	978	
6888	620	
6889	989	
6890	117	
6891	766	
6892	984	
6893	882	
6894	970	
6895	778	
6896	479	
6897	230	
6898	138	
6899	263	
6900	72	
6901	839	
6902	544	
6903	592	
6904	121	
6905	917	
6906	440	
6907	177	
6908	12	
6909	674	
6910	967	
6911	241	
6912	972	
6913	809	
6914	248	
6915	394	
6916	135	
6917	881	
6918	83	
6919	726	
6920	707	
6921	105	
6922	806	
6923	137	
6924	106	
6925	707	
6926	54	
6927	331	
6928	896	
6929	914	
6930	787	
6931	245	
6932	873	
6933	765	
6934	457	
6935	56	
6936	454	
6937	156	
6938	715	
6939	395	
6940	710	
6941	360	
6942	936	
6943	788	
6944	438	
6945	356	
6946	168	
6947	123	
6948	724	
6949	40	
6950	6	
6951	484	
6952	789	
6953	90	
6954	813	
6955	163	
6956	732	
6957	293	
6958	571	
6959	295	
6960	908	
6961	27	
6962	779	
6963	625	
6964	10	
6965	844	
6966	356	
6967	740	
6968	670	
6969	767	
6970	93	
6971	108	
6972	48	
6973	926	
6974	643	
6975	705	
6976	940	
6977	388	
6978	398	
6979	19	
6980	400	
6981	511	
6982	978	
6983	268	
6984	379	
6985	944	
6986	625	
6987	43	
6988	486	
6989	663	
6990	987	
6991	629	
6992	932	
6993	369	
6994	543	
6995	148	
6996	994	
6997	916	
6998	473	
6999	514	
7000	761	
7001	487	
7002	276	
7003	988	
7004	593	
7005	781	
7006	207	
7007	928	
7008	238	
7009	648	
7010	634	
7011	881	
7012	812	
7013	127	
7014	23	
7015	312	
7016	612	
7017	42	
7018	475	
7019	154	
7020	295	
7021	226	
7022	588	
7023	638	
7024	671	
7025	276	
7026	554	
7027	909	
7028	730	
7029	692	
7030	103	
7031	266	
7032	672	
7033	612	
7034	977	
7035	546	
7036	570	
7037	676	
7038	69	
7039	203	
7040	227	
7041	737	
7042	275	
7043	726	
7044	352	
7045	688	
7046	830	
7047	414	
7048	73	
7049	369	
7050	850	
7051	479	
7052	264	
7053	502	
7054	646	
7055	18	
7056	462	
7057	603	
7058	170	
7059	726	
7060	442	
7061	589	
7062	159	
7063	110	
7064	515	
7065	789	
7066	579	
7067	311	
7068	195	
7069	940	
7070	892	
7071	351	
7072	100	
7073	726	
7074	794	
7075	841	
7076	476	
7077	369	
7078	7	
7079	78	
7080	290	
7081	420	
7082	32	
7083	955	
7084	232	
7085	930	
7086	658	
7087	632	
7088	529	
7089	270	
7090	415	
7091	468	
7092	217	
7093	711	
7094	113	
7095	571	
7096	642	
7097	331	
7098	491	
7099	746	
7100	203	
7101	101	
7102	85	
7103	927	
7104	344	
7105	688	
7106	902	
7107	51	
7108	415	
7109	395	
7110	529	
7111	41	
7112	846	
7113	372	
7114	723	
7115	782	
7116	936	
7117	127	
7118	848	
7119	329	
7120	263	
7121	775	
7122	651	
7123	722	
7124	760	
7125	505	
7126	964	
7127	924	
7128	332	
7129	533	
7130	521	
7131	84	
7132	547	
7133	182	
7134	472	
7135	825	
7136	248	
7137	79	
7138	96	
7139	596	
7140	26	
7141	213	
7142	933	
7143	231	
7144	998	
7145	809	
7146	115	
7147	832	
7148	688	
7149	109	
7150	472	
7151	188	
7152	601	
7153	444	
7154	636	
7155	830	
7156	111	
7157	276	
7158	473	
7159	311	
7160	394	
7161	516	
7162	404	
7163	941	
7164	746	
7165	448	
7166	100	
7167	998	
7168	260	
7169	738	
7170	704	
7171	571	
7172	676	
7173	104	
7174	67	
7175	767	
7176	794	
7177	11	
7178	993	
7179	896	
7180	7	
7181	427	
7182	497	
7183	274	
7184	774	
7185	181	
7186	506	
7187	728	
7188	869	
7189	663	
7190	784	
7191	789	
7192	675	
7193	608	
7194	709	
7195	916	
7196	873	
7197	338	
7198	330	
7199	597	
7200	371	
7201	154	
7202	549	
7203	337	
7204	510	
7205	476	
7206	218	
7207	43	
7208	89	
7209	561	
7210	325	
7211	918	
7212	590	
7213	218	
7214	787	
7215	595	
7216	215	
7217	955	
7218	182	
7219	930	
7220	795	
7221	275	
7222	648	
7223	333	
7224	192	
7225	176	
7226	948	
7227	626	
7228	968	
7229	334	
7230	465	
7231	159	
7232	950	
7233	342	
7234	880	
7235	430	
7236	624	
7237	240	
7238	747	
7239	360	
7240	28	
7241	107	
7242	542	
7243	659	
7244	892	
7245	569	
7246	904	
7247	734	
7248	484	
7249	310	
7250	56	
7251	418	
7252	504	
7253	48	
7254	169	
7255	760	
7256	409	
7257	373	
7258	192	
7259	591	
7260	550	
7261	601	
7262	427	
7263	628	
7264	5	
7265	471	
7266	449	
7267	793	
7268	801	
7269	397	
7270	630	
7271	432	
7272	586	
7273	851	
7274	253	
7275	863	
7276	794	
7277	633	
7278	814	
7279	44	
7280	348	
7281	622	
7282	983	
7283	456	
7284	541	
7285	757	
7286	149	
7287	854	
7288	245	
7289	199	
7290	362	
7291	34	
7292	804	
7293	502	
7294	445	
7295	659	
7296	839	
7297	381	
7298	23	
7299	571	
7300	106	
7301	179	
7302	618	
7303	139	
7304	932	
7305	70	
7306	106	
7307	986	
7308	304	
7309	522	
7310	165	
7311	989	
7312	832	
7313	546	
7314	444	
7315	717	
7316	362	
7317	91	
7318	410	
7319	814	
7320	237	
7321	421	
7322	73	
7323	300	
7324	82	
7325	411	
7326	322	
7327	117	
7328	85	
7329	975	
7330	291	
7331	459	
7332	850	
7333	105	
7334	960	
7335	257	
7336	682	
7337	791	
7338	508	
7339	651	
7340	286	
7341	651	
7342	174	
7343	568	
7344	176	
7345	154	
7346	303	
7347	913	
7348	62	
7349	745	
7350	856	
7351	801	
7352	256	
7353	760	
7354	46	
7355	476	
7356	799	
7357	936	
7358	536	
7359	722	
7360	646	
7361	862	
7362	140	
7363	26	
7364	362	
7365	360	
7366	735	
7367	393	
7368	252	
7369	540	
7370	188	
7371	147	
7372	451	
7373	701	
7374	73	
7375	894	
7376	355	
7377	336	
7378	607	
7379	99	
7380	650	
7381	24	
7382	440	
7383	670	
7384	904	
7385	335	
7386	481	
7387	579	
7388	412	
7389	327	
7390	439	
7391	497	
7392	795	
7393	90	
7394	444	
7395	536	
7396	778	
7397	967	
7398	48	
7399	540	
7400	176	
7401	430	
7402	977	
7403	297	
7404	559	
7405	896	
7406	526	
7407	622	
7408	218	
7409	625	
7410	709	
7411	76	
7412	598	
7413	1000	
7414	986	
7415	638	
7416	106	
7417	323	
7418	289	
7419	817	
7420	248	
7421	214	
7422	137	
7423	298	
7424	588	
7425	386	
7426	568	
7427	796	
7428	930	
7429	991	
7430	187	
7431	777	
7432	641	
7433	852	
7434	141	
7435	302	
7436	884	
7437	83	
7438	844	
7439	169	
7440	476	
7441	432	
7442	297	
7443	868	
7444	881	
7445	344	
7446	926	
7447	81	
7448	985	
7449	340	
7450	295	
7451	837	
7452	957	
7453	85	
7454	795	
7455	551	
7456	248	
7457	535	
7458	523	
7459	159	
7460	17	
7461	648	
7462	695	
7463	705	
7464	29	
7465	623	
7466	149	
7467	970	
7468	583	
7469	135	
7470	579	
7471	615	
7472	427	
7473	579	
7474	690	
7475	354	
7476	116	
7477	665	
7478	411	
7479	246	
7480	515	
7481	457	
7482	291	
7483	816	
7484	456	
7485	965	
7486	168	
7487	838	
7488	408	
7489	793	
7490	51	
7491	433	
7492	375	
7493	217	
7494	357	
7495	732	
7496	165	
7497	151	
7498	724	
7499	788	
7500	995	
7501	260	
7502	325	
7503	983	
7504	708	
7505	467	
7506	697	
7507	927	
7508	14	
7509	811	
7510	170	
7511	710	
7512	384	
7513	467	
7514	412	
7515	289	
7516	212	
7517	654	
7518	262	
7519	759	
7520	852	
7521	679	
7522	304	
7523	225	
7524	861	
7525	979	
7526	741	
7527	513	
7528	801	
7529	923	
7530	136	
7531	981	
7532	182	
7533	577	
7534	424	
7535	490	
7536	794	
7537	735	
7538	29	
7539	539	
7540	104	
7541	733	
7542	34	
7543	617	
7544	74	
7545	186	
7546	723	
7547	306	
7548	767	
7549	583	
7550	94	
7551	516	
7552	339	
7553	977	
7554	355	
7555	568	
7556	555	
7557	62	
7558	358	
7559	177	
7560	32	
7561	684	
7562	129	
7563	996	
7564	753	
7565	550	
7566	188	
7567	832	
7568	739	
7569	952	
7570	95	
7571	181	
7572	954	
7573	264	
7574	788	
7575	366	
7576	182	
7577	317	
7578	63	
7579	488	
7580	137	
7581	585	
7582	239	
7583	827	
7584	286	
7585	297	
7586	452	
7587	85	
7588	265	
7589	497	
7590	681	
7591	236	
7592	202	
7593	802	
7594	345	
7595	258	
7596	531	
7597	389	
7598	842	
7599	664	
7600	735	
7601	398	
7602	127	
7603	574	
7604	67	
7605	804	
7606	408	
7607	622	
7608	95	
7609	101	
7610	809	
7611	70	
7612	467	
7613	924	
7614	946	
7615	284	
7616	540	
7617	597	
7618	595	
7619	202	
7620	54	
7621	893	
7622	885	
7623	337	
7624	849	
7625	324	
7626	709	
7627	959	
7628	605	
7629	356	
7630	674	
7631	771	
7632	687	
7633	984	
7634	556	
7635	653	
7636	692	
7637	976	
7638	85	
7639	584	
7640	427	
7641	1	
7642	193	
7643	666	
7644	357	
7645	183	
7646	975	
7647	912	
7648	406	
7649	629	
7650	431	
7651	724	
7652	627	
7653	17	
7654	635	
7655	297	
7656	483	
7657	354	
7658	96	
7659	394	
7660	767	
7661	995	
7662	988	
7663	608	
7664	643	
7665	511	
7666	967	
7667	195	
7668	429	
7669	85	
7670	52	
7671	62	
7672	163	
7673	419	
7674	942	
7675	837	
7676	287	
7677	475	
7678	533	
7679	935	
7680	540	
7681	179	
7682	544	
7683	934	
7684	327	
7685	238	
7686	651	
7687	27	
7688	360	
7689	510	
7690	832	
7691	580	
7692	328	
7693	619	
7694	783	
7695	704	
7696	491	
7697	59	
7698	239	
7699	128	
7700	861	
7701	706	
7702	316	
7703	917	
7704	278	
7705	664	
7706	73	
7707	502	
7708	360	
7709	208	
7710	237	
7711	864	
7712	741	
7713	788	
7714	232	
7715	990	
7716	995	
7717	636	
7718	372	
7719	800	
7720	33	
7721	654	
7722	590	
7723	413	
7724	609	
7725	596	
7726	643	
7727	675	
7728	622	
7729	771	
7730	438	
7731	867	
7732	509	
7733	560	
7734	422	
7735	80	
7736	165	
7737	739	
7738	354	
7739	454	
7740	776	
7741	357	
7742	574	
7743	796	
7744	434	
7745	475	
7746	317	
7747	548	
7748	551	
7749	378	
7750	647	
7751	888	
7752	350	
7753	826	
7754	665	
7755	516	
7756	762	
7757	830	
7758	834	
7759	208	
7760	453	
7761	72	
7762	369	
7763	325	
7764	468	
7765	223	
7766	10	
7767	405	
7768	912	
7769	834	
7770	624	
7771	116	
7772	585	
7773	227	
7774	986	
7775	563	
7776	282	
7777	870	
7778	695	
7779	881	
7780	562	
7781	489	
7782	627	
7783	114	
7784	479	
7785	212	
7786	338	
7787	114	
7788	730	
7789	464	
7790	658	
7791	792	
7792	151	
7793	329	
7794	3	
7795	957	
7796	891	
7797	638	
7798	991	
7799	508	
7800	606	
7801	45	
7802	732	
7803	474	
7804	625	
7805	433	
7806	910	
7807	260	
7808	87	
7809	574	
7810	679	
7811	837	
7812	413	
7813	513	
7814	170	
7815	615	
7816	83	
7817	242	
7818	737	
7819	815	
7820	658	
7821	835	
7822	787	
7823	875	
7824	741	
7825	135	
7826	202	
7827	893	
7828	450	
7829	894	
7830	342	
7831	214	
7832	200	
7833	885	
7834	381	
7835	653	
7836	920	
7837	784	
7838	637	
7839	632	
7840	982	
7841	306	
7842	421	
7843	376	
7844	751	
7845	457	
7846	369	
7847	159	
7848	170	
7849	36	
7850	669	
7851	250	
7852	377	
7853	758	
7854	798	
7855	880	
7856	359	
7857	554	
7858	670	
7859	970	
7860	400	
7861	614	
7862	807	
7863	451	
7864	286	
7865	226	
7866	244	
7867	736	
7868	688	
7869	960	
7870	525	
7871	15	
7872	866	
7873	251	
7874	25	
7875	649	
7876	17	
7877	170	
7878	435	
7879	841	
7880	446	
7881	627	
7882	311	
7883	739	
7884	232	
7885	546	
7886	267	
7887	784	
7888	828	
7889	225	
7890	457	
7891	583	
7892	462	
7893	855	
7894	753	
7895	579	
7896	375	
7897	44	
7898	929	
7899	457	
7900	902	
7901	400	
7902	86	
7903	544	
7904	953	
7905	625	
7906	498	
7907	768	
7908	475	
7909	923	
7910	582	
7911	229	
7912	685	
7913	335	
7914	510	
7915	108	
7916	391	
7917	231	
7918	186	
7919	602	
7920	37	
7921	437	
7922	721	
7923	890	
7924	708	
7925	377	
7926	165	
7927	109	
7928	555	
7929	74	
7930	563	
7931	601	
7932	189	
7933	161	
7934	922	
7935	628	
7936	843	
7937	139	
7938	393	
7939	7	
7940	916	
7941	909	
7942	250	
7943	773	
7944	503	
7945	759	
7946	707	
7947	115	
7948	901	
7949	996	
7950	882	
7951	495	
7952	41	
7953	350	
7954	822	
7955	835	
7956	377	
7957	715	
7958	266	
7959	914	
7960	356	
7961	140	
7962	51	
7963	711	
7964	507	
7965	683	
7966	734	
7967	386	
7968	202	
7969	858	
7970	173	
7971	796	
7972	517	
7973	240	
7974	769	
7975	583	
7976	317	
7977	332	
7978	6	
7979	800	
7980	179	
7981	634	
7982	907	
7983	135	
7984	321	
7985	651	
7986	913	
7987	596	
7988	774	
7989	222	
7990	985	
7991	417	
7992	760	
7993	340	
7994	777	
7995	828	
7996	217	
7997	469	
7998	37	
7999	483	
8000	292	
8001	725	
8002	439	
8003	47	
8004	14	
8005	731	
8006	41	
8007	20	
8008	935	
8009	134	
8010	270	
8011	445	
8012	184	
8013	448	
8014	839	
8015	225	
8016	653	
8017	549	
8018	738	
8019	715	
8020	426	
8021	666	
8022	514	
8023	219	
8024	7	
8025	80	
8026	572	
8027	615	
8028	646	
8029	32	
8030	397	
8031	503	
8032	537	
8033	301	
8034	766	
8035	329	
8036	438	
8037	23	
8038	738	
8039	131	
8040	933	
8041	620	
8042	428	
8043	736	
8044	678	
8045	831	
8046	988	
8047	102	
8048	244	
8049	307	
8050	864	
8051	616	
8052	694	
8053	798	
8054	780	
8055	928	
8056	83	
8057	200	
8058	765	
8059	569	
8060	219	
8061	691	
8062	263	
8063	957	
8064	178	
8065	762	
8066	756	
8067	658	
8068	62	
8069	188	
8070	461	
8071	229	
8072	182	
8073	615	
8074	40	
8075	553	
8076	90	
8077	103	
8078	322	
8079	782	
8080	431	
8081	358	
8082	308	
8083	84	
8084	754	
8085	131	
8086	1000	
8087	847	
8088	282	
8089	837	
8090	859	
8091	26	
8092	312	
8093	399	
8094	34	
8095	726	
8096	7	
8097	867	
8098	46	
8099	202	
8100	366	
8101	321	
8102	810	
8103	153	
8104	346	
8105	215	
8106	665	
8107	961	
8108	791	
8109	151	
8110	59	
8111	568	
8112	934	
8113	662	
8114	774	
8115	191	
8116	141	
8117	625	
8118	918	
8119	41	
8120	988	
8121	311	
8122	815	
8123	842	
8124	148	
8125	716	
8126	767	
8127	353	
8128	608	
8129	729	
8130	543	
8131	600	
8132	453	
8133	383	
8134	720	
8135	616	
8136	291	
8137	899	
8138	720	
8139	168	
8140	427	
8141	504	
8142	756	
8143	445	
8144	432	
8145	458	
8146	973	
8147	248	
8148	152	
8149	639	
8150	829	
8151	493	
8152	658	
8153	222	
8154	905	
8155	280	
8156	128	
8157	401	
8158	366	
8159	255	
8160	100	
8161	252	
8162	549	
8163	789	
8164	492	
8165	965	
8166	953	
8167	698	
8168	991	
8169	20	
8170	373	
8171	693	
8172	830	
8173	146	
8174	384	
8175	804	
8176	350	
8177	931	
8178	634	
8179	968	
8180	563	
8181	445	
8182	702	
8183	292	
8184	124	
8185	809	
8186	704	
8187	460	
8188	603	
8189	271	
8190	166	
8191	840	
8192	19	
8193	483	
8194	225	
8195	848	
8196	362	
8197	844	
8198	954	
8199	255	
8200	118	
8201	625	
8202	55	
8203	801	
8204	778	
8205	652	
8206	885	
8207	254	
8208	495	
8209	545	
8210	237	
8211	831	
8212	261	
8213	765	
8214	321	
8215	726	
8216	49	
8217	280	
8218	589	
8219	832	
8220	30	
8221	965	
8222	544	
8223	595	
8224	183	
8225	527	
8226	546	
8227	298	
8228	864	
8229	332	
8230	581	
8231	54	
8232	889	
8233	179	
8234	54	
8235	196	
8236	421	
8237	999	
8238	124	
8239	283	
8240	781	
8241	587	
8242	605	
8243	180	
8244	679	
8245	989	
8246	285	
8247	530	
8248	410	
8249	885	
8250	551	
8251	34	
8252	977	
8253	628	
8254	139	
8255	329	
8256	686	
8257	72	
8258	529	
8259	122	
8260	598	
8261	60	
8262	786	
8263	599	
8264	64	
8265	322	
8266	92	
8267	981	
8268	815	
8269	58	
8270	980	
8271	538	
8272	37	
8273	626	
8274	171	
8275	360	
8276	712	
8277	949	
8278	978	
8279	217	
8280	183	
8281	766	
8282	408	
8283	842	
8284	283	
8285	500	
8286	473	
8287	786	
8288	352	
8289	717	
8290	422	
8291	594	
8292	291	
8293	749	
8294	753	
8295	740	
8296	267	
8297	893	
8298	735	
8299	773	
8300	937	
8301	286	
8302	62	
8303	612	
8304	450	
8305	525	
8306	686	
8307	283	
8308	625	
8309	23	
8310	394	
8311	851	
8312	887	
8313	971	
8314	901	
8315	25	
8316	357	
8317	69	
8318	455	
8319	709	
8320	502	
8321	790	
8322	48	
8323	119	
8324	800	
8325	759	
8326	113	
8327	75	
8328	921	
8329	277	
8330	207	
8331	187	
8332	35	
8333	99	
8334	273	
8335	849	
8336	602	
8337	133	
8338	903	
8339	796	
8340	330	
8341	905	
8342	219	
8343	735	
8344	507	
8345	78	
8346	737	
8347	351	
8348	807	
8349	894	
8350	480	
8351	931	
8352	280	
8353	93	
8354	232	
8355	188	
8356	372	
8357	553	
8358	315	
8359	332	
8360	987	
8361	361	
8362	222	
8363	537	
8364	708	
8365	680	
8366	815	
8367	360	
8368	493	
8369	418	
8370	982	
8371	428	
8372	42	
8373	763	
8374	245	
8375	830	
8376	211	
8377	20	
8378	42	
8379	860	
8380	912	
8381	231	
8382	642	
8383	724	
8384	837	
8385	888	
8386	261	
8387	447	
8388	472	
8389	204	
8390	958	
8391	656	
8392	424	
8393	891	
8394	722	
8395	732	
8396	901	
8397	182	
8398	869	
8399	194	
8400	652	
8401	331	
8402	178	
8403	170	
8404	570	
8405	318	
8406	930	
8407	911	
8408	686	
8409	840	
8410	801	
8411	215	
8412	81	
8413	978	
8414	229	
8415	895	
8416	302	
8417	231	
8418	784	
8419	769	
8420	108	
8421	495	
8422	339	
8423	751	
8424	753	
8425	304	
8426	779	
8427	455	
8428	750	
8429	357	
8430	966	
8431	990	
8432	623	
8433	825	
8434	428	
8435	455	
8436	386	
8437	282	
8438	919	
8439	107	
8440	445	
8441	96	
8442	973	
8443	688	
8444	441	
8445	877	
8446	603	
8447	317	
8448	675	
8449	28	
8450	857	
8451	153	
8452	591	
8453	603	
8454	906	
8455	752	
8456	341	
8457	379	
8458	922	
8459	344	
8460	750	
8461	44	
8462	64	
8463	918	
8464	14	
8465	427	
8466	675	
8467	763	
8468	313	
8469	614	
8470	199	
8471	938	
8472	687	
8473	437	
8474	103	
8475	337	
8476	585	
8477	880	
8478	857	
8479	365	
8480	323	
8481	533	
8482	607	
8483	80	
8484	338	
8485	560	
8486	386	
8487	493	
8488	846	
8489	18	
8490	503	
8491	527	
8492	726	
8493	812	
8494	628	
8495	799	
8496	456	
8497	547	
8498	760	
8499	421	
8500	608	
8501	971	
8502	32	
8503	324	
8504	965	
8505	838	
8506	22	
8507	976	
8508	873	
8509	292	
8510	938	
8511	752	
8512	759	
8513	642	
8514	755	
8515	366	
8516	749	
8517	221	
8518	364	
8519	491	
8520	969	
8521	237	
8522	441	
8523	398	
8524	878	
8525	973	
8526	777	
8527	284	
8528	126	
8529	870	
8530	387	
8531	390	
8532	118	
8533	657	
8534	635	
8535	96	
8536	335	
8537	644	
8538	284	
8539	309	
8540	56	
8541	841	
8542	124	
8543	902	
8544	903	
8545	868	
8546	213	
8547	210	
8548	887	
8549	203	
8550	880	
8551	508	
8552	729	
8553	78	
8554	233	
8555	666	
8556	629	
8557	806	
8558	408	
8559	442	
8560	175	
8561	87	
8562	484	
8563	533	
8564	4	
8565	487	
8566	999	
8567	590	
8568	492	
8569	926	
8570	278	
8571	841	
8572	55	
8573	350	
8574	968	
8575	254	
8576	442	
8577	43	
8578	724	
8579	821	
8580	537	
8581	730	
8582	237	
8583	600	
8584	684	
8585	650	
8586	111	
8587	854	
8588	388	
8589	695	
8590	56	
8591	764	
8592	132	
8593	868	
8594	586	
8595	636	
8596	314	
8597	214	
8598	981	
8599	631	
8600	749	
8601	814	
8602	551	
8603	532	
8604	166	
8605	156	
8606	901	
8607	113	
8608	809	
8609	638	
8610	881	
8611	526	
8612	707	
8613	281	
8614	372	
8615	495	
8616	83	
8617	396	
8618	578	
8619	632	
8620	682	
8621	178	
8622	843	
8623	576	
8624	509	
8625	710	
8626	837	
8627	384	
8628	471	
8629	622	
8630	709	
8631	187	
8632	697	
8633	673	
8634	797	
8635	182	
8636	252	
8637	323	
8638	700	
8639	886	
8640	475	
8641	478	
8642	699	
8643	390	
8644	156	
8645	673	
8646	892	
8647	936	
8648	973	
8649	842	
8650	747	
8651	433	
8652	336	
8653	605	
8654	862	
8655	215	
8656	25	
8657	740	
8658	439	
8659	380	
8660	140	
8661	366	
8662	142	
8663	346	
8664	897	
8665	154	
8666	944	
8667	558	
8668	778	
8669	50	
8670	677	
8671	942	
8672	105	
8673	587	
8674	811	
8675	445	
8676	780	
8677	289	
8678	566	
8679	772	
8680	763	
8681	37	
8682	289	
8683	616	
8684	486	
8685	960	
8686	604	
8687	328	
8688	689	
8689	143	
8690	525	
8691	830	
8692	185	
8693	950	
8694	249	
8695	387	
8696	589	
8697	247	
8698	330	
8699	956	
8700	936	
8701	474	
8702	855	
8703	137	
8704	563	
8705	836	
8706	809	
8707	426	
8708	205	
8709	874	
8710	186	
8711	826	
8712	100	
8713	188	
8714	710	
8715	606	
8716	579	
8717	756	
8718	275	
8719	813	
8720	548	
8721	678	
8722	738	
8723	86	
8724	301	
8725	152	
8726	149	
8727	878	
8728	37	
8729	265	
8730	657	
8731	562	
8732	93	
8733	379	
8734	339	
8735	495	
8736	352	
8737	858	
8738	260	
8739	182	
8740	509	
8741	940	
8742	287	
8743	163	
8744	778	
8745	568	
8746	119	
8747	827	
8748	160	
8749	673	
8750	580	
8751	291	
8752	891	
8753	691	
8754	980	
8755	926	
8756	857	
8757	650	
8758	115	
8759	37	
8760	768	
8761	319	
8762	293	
8763	774	
8764	393	
8765	932	
8766	425	
8767	503	
8768	449	
8769	164	
8770	989	
8771	289	
8772	828	
8773	438	
8774	782	
8775	839	
8776	730	
8777	625	
8778	279	
8779	422	
8780	861	
8781	279	
8782	926	
8783	285	
8784	230	
8785	803	
8786	164	
8787	740	
8788	52	
8789	740	
8790	835	
8791	886	
8792	854	
8793	418	
8794	55	
8795	392	
8796	86	
8797	630	
8798	736	
8799	673	
8800	454	
8801	995	
8802	804	
8803	874	
8804	612	
8805	49	
8806	206	
8807	637	
8808	655	
8809	118	
8810	956	
8811	16	
8812	193	
8813	493	
8814	786	
8815	401	
8816	676	
8817	993	
8818	385	
8819	456	
8820	527	
8821	144	
8822	292	
8823	497	
8824	864	
8825	530	
8826	735	
8827	121	
8828	706	
8829	744	
8830	808	
8831	14	
8832	766	
8833	911	
8834	656	
8835	170	
8836	155	
8837	565	
8838	473	
8839	182	
8840	943	
8841	352	
8842	678	
8843	144	
8844	420	
8845	484	
8846	263	
8847	143	
8848	342	
8849	219	
8850	604	
8851	611	
8852	402	
8853	132	
8854	503	
8855	328	
8856	22	
8857	798	
8858	301	
8859	985	
8860	765	
8861	443	
8862	755	
8863	414	
8864	746	
8865	760	
8866	306	
8867	160	
8868	569	
8869	761	
8870	700	
8871	426	
8872	771	
8873	839	
8874	382	
8875	711	
8876	232	
8877	307	
8878	743	
8879	520	
8880	596	
8881	673	
8882	293	
8883	277	
8884	708	
8885	920	
8886	868	
8887	224	
8888	336	
8889	135	
8890	8	
8891	599	
8892	760	
8893	527	
8894	671	
8895	233	
8896	825	
8897	149	
8898	433	
8899	493	
8900	551	
8901	254	
8902	442	
8903	472	
8904	914	
8905	650	
8906	988	
8907	429	
8908	379	
8909	571	
8910	223	
8911	972	
8912	285	
8913	829	
8914	235	
8915	365	
8916	254	
8917	917	
8918	490	
8919	996	
8920	285	
8921	964	
8922	720	
8923	413	
8924	851	
8925	259	
8926	532	
8927	566	
8928	196	
8929	534	
8930	942	
8931	121	
8932	821	
8933	195	
8934	633	
8935	129	
8936	901	
8937	258	
8938	408	
8939	858	
8940	582	
8941	715	
8942	442	
8943	619	
8944	874	
8945	861	
8946	351	
8947	436	
8948	584	
8949	939	
8950	2	
8951	594	
8952	366	
8953	878	
8954	495	
8955	152	
8956	582	
8957	632	
8958	20	
8959	366	
8960	227	
8961	572	
8962	305	
8963	683	
8964	714	
8965	713	
8966	345	
8967	372	
8968	116	
8969	174	
8970	465	
8971	965	
8972	936	
8973	389	
8974	846	
8975	252	
8976	138	
8977	281	
8978	729	
8979	122	
8980	905	
8981	633	
8982	651	
8983	803	
8984	10	
8985	317	
8986	427	
8987	651	
8988	384	
8989	78	
8990	885	
8991	824	
8992	197	
8993	679	
8994	521	
8995	212	
8996	855	
8997	264	
8998	268	
8999	370	
9000	366	
9001	743	
9002	24	
9003	342	
9004	698	
9005	551	
9006	372	
9007	759	
9008	719	
9009	834	
9010	864	
9011	462	
9012	746	
9013	280	
9014	7	
9015	246	
9016	602	
9017	640	
9018	764	
9019	3	
9020	882	
9021	852	
9022	119	
9023	965	
9024	835	
9025	911	
9026	103	
9027	804	
9028	516	
9029	415	
9030	928	
9031	475	
9032	164	
9033	125	
9034	972	
9035	646	
9036	867	
9037	137	
9038	3	
9039	998	
9040	750	
9041	192	
9042	277	
9043	801	
9044	186	
9045	576	
9046	219	
9047	956	
9048	278	
9049	40	
9050	283	
9051	923	
9052	515	
9053	922	
9054	923	
9055	261	
9056	117	
9057	643	
9058	803	
9059	90	
9060	464	
9061	319	
9062	645	
9063	958	
9064	877	
9065	855	
9066	286	
9067	581	
9068	36	
9069	524	
9070	780	
9071	983	
9072	650	
9073	491	
9074	519	
9075	299	
9076	450	
9077	664	
9078	554	
9079	557	
9080	709	
9081	493	
9082	760	
9083	185	
9084	612	
9085	178	
9086	217	
9087	399	
9088	738	
9089	980	
9090	772	
9091	439	
9092	500	
9093	912	
9094	340	
9095	588	
9096	666	
9097	598	
9098	190	
9099	867	
9100	965	
9101	480	
9102	14	
9103	642	
9104	345	
9105	442	
9106	967	
9107	651	
9108	962	
9109	801	
9110	826	
9111	952	
9112	432	
9113	678	
9114	635	
9115	934	
9116	948	
9117	490	
9118	24	
9119	316	
9120	387	
9121	665	
9122	819	
9123	250	
9124	776	
9125	321	
9126	197	
9127	245	
9128	979	
9129	401	
9130	283	
9131	399	
9132	494	
9133	44	
9134	995	
9135	832	
9136	107	
9137	397	
9138	357	
9139	482	
9140	705	
9141	803	
9142	403	
9143	334	
9144	158	
9145	868	
9146	955	
9147	473	
9148	997	
9149	155	
9150	161	
9151	843	
9152	39	
9153	499	
9154	687	
9155	629	
9156	971	
9157	483	
9158	112	
9159	560	
9160	255	
9161	401	
9162	638	
9163	394	
9164	942	
9165	953	
9166	968	
9167	265	
9168	553	
9169	286	
9170	48	
9171	831	
9172	920	
9173	589	
9174	174	
9175	398	
9176	225	
9177	22	
9178	216	
9179	43	
9180	196	
9181	316	
9182	852	
9183	918	
9184	703	
9185	242	
9186	842	
9187	909	
9188	213	
9189	133	
9190	420	
9191	821	
9192	247	
9193	958	
9194	750	
9195	667	
9196	253	
9197	511	
9198	208	
9199	997	
9200	243	
9201	499	
9202	89	
9203	427	
9204	823	
9205	103	
9206	723	
9207	233	
9208	78	
9209	853	
9210	132	
9211	676	
9212	140	
9213	342	
9214	424	
9215	754	
9216	299	
9217	445	
9218	921	
9219	749	
9220	600	
9221	248	
9222	521	
9223	622	
9224	547	
9225	296	
9226	700	
9227	955	
9228	517	
9229	669	
9230	689	
9231	531	
9232	969	
9233	412	
9234	599	
9235	350	
9236	829	
9237	795	
9238	714	
9239	655	
9240	256	
9241	337	
9242	237	
9243	555	
9244	963	
9245	424	
9246	622	
9247	178	
9248	818	
9249	829	
9250	407	
9251	883	
9252	882	
9253	396	
9254	841	
9255	49	
9256	434	
9257	110	
9258	744	
9259	426	
9260	283	
9261	836	
9262	276	
9263	483	
9264	714	
9265	282	
9266	419	
9267	15	
9268	155	
9269	191	
9270	354	
9271	511	
9272	693	
9273	361	
9274	595	
9275	401	
9276	410	
9277	371	
9278	14	
9279	564	
9280	85	
9281	401	
9282	730	
9283	391	
9284	811	
9285	224	
9286	217	
9287	863	
9288	229	
9289	624	
9290	241	
9291	471	
9292	266	
9293	427	
9294	816	
9295	215	
9296	935	
9297	53	
9298	557	
9299	535	
9300	864	
9301	315	
9302	899	
9303	658	
9304	525	
9305	358	
9306	231	
9307	950	
9308	696	
9309	791	
9310	183	
9311	512	
9312	387	
9313	898	
9314	282	
9315	578	
9316	413	
9317	173	
9318	396	
9319	695	
9320	963	
9321	375	
9322	368	
9323	283	
9324	832	
9325	147	
9326	854	
9327	613	
9328	879	
9329	76	
9330	69	
9331	117	
9332	645	
9333	497	
9334	887	
9335	88	
9336	226	
9337	480	
9338	953	
9339	457	
9340	694	
9341	4	
9342	257	
9343	152	
9344	414	
9345	432	
9346	1000	
9347	708	
9348	333	
9349	787	
9350	888	
9351	514	
9352	557	
9353	203	
9354	277	
9355	637	
9356	470	
9357	420	
9358	661	
9359	197	
9360	747	
9361	689	
9362	978	
9363	787	
9364	626	
9365	791	
9366	572	
9367	264	
9368	226	
9369	702	
9370	552	
9371	115	
9372	380	
9373	401	
9374	278	
9375	985	
9376	115	
9377	50	
9378	140	
9379	117	
9380	462	
9381	361	
9382	342	
9383	351	
9384	371	
9385	100	
9386	983	
9387	182	
9388	219	
9389	493	
9390	663	
9391	136	
9392	243	
9393	161	
9394	684	
9395	830	
9396	326	
9397	429	
9398	930	
9399	891	
9400	285	
9401	529	
9402	974	
9403	971	
9404	137	
9405	886	
9406	308	
9407	782	
9408	653	
9409	673	
9410	742	
9411	828	
9412	342	
9413	320	
9414	581	
9415	535	
9416	204	
9417	785	
9418	295	
9419	806	
9420	552	
9421	343	
9422	641	
9423	878	
9424	446	
9425	102	
9426	708	
9427	289	
9428	762	
9429	364	
9430	275	
9431	73	
9432	884	
9433	624	
9434	224	
9435	578	
9436	382	
9437	357	
9438	867	
9439	837	
9440	898	
9441	69	
9442	877	
9443	377	
9444	262	
9445	447	
9446	686	
9447	538	
9448	913	
9449	323	
9450	581	
9451	44	
9452	333	
9453	602	
9454	454	
9455	583	
9456	653	
9457	880	
9458	570	
9459	114	
9460	110	
9461	132	
9462	428	
9463	793	
9464	471	
9465	228	
9466	16	
9467	32	
9468	690	
9469	963	
9470	925	
9471	39	
9472	202	
9473	909	
9474	993	
9475	254	
9476	253	
9477	31	
9478	673	
9479	496	
9480	698	
9481	521	
9482	576	
9483	273	
9484	577	
9485	397	
9486	244	
9487	930	
9488	663	
9489	847	
9490	766	
9491	353	
9492	633	
9493	36	
9494	872	
9495	363	
9496	917	
9497	77	
9498	966	
9499	444	
9500	950	
9501	531	
9502	152	
9503	363	
9504	23	
9505	978	
9506	932	
9507	65	
9508	652	
9509	624	
9510	397	
9511	472	
9512	894	
9513	780	
9514	512	
9515	645	
9516	477	
9517	993	
9518	740	
9519	783	
9520	797	
9521	994	
9522	359	
9523	672	
9524	284	
9525	781	
9526	685	
9527	729	
9528	407	
9529	642	
9530	298	
9531	567	
9532	258	
9533	531	
9534	740	
9535	706	
9536	159	
9537	107	
9538	500	
9539	338	
9540	923	
9541	9	
9542	243	
9543	154	
9544	974	
9545	964	
9546	863	
9547	455	
9548	449	
9549	157	
9550	293	
9551	768	
9552	63	
9553	298	
9554	246	
9555	357	
9556	694	
9557	479	
9558	220	
9559	681	
9560	365	
9561	468	
9562	571	
9563	625	
9564	653	
9565	732	
9566	834	
9567	204	
9568	610	
9569	802	
9570	257	
9571	811	
9572	689	
9573	139	
9574	427	
9575	1000	
9576	273	
9577	368	
9578	643	
9579	552	
9580	220	
9581	331	
9582	704	
9583	107	
9584	644	
9585	142	
9586	218	
9587	128	
9588	656	
9589	457	
9590	628	
9591	691	
9592	702	
9593	995	
9594	562	
9595	577	
9596	488	
9597	645	
9598	226	
9599	1000	
9600	641	
9601	996	
9602	325	
9603	513	
9604	87	
9605	926	
9606	692	
9607	48	
9608	816	
9609	825	
9610	980	
9611	528	
9612	55	
9613	816	
9614	28	
9615	784	
9616	541	
9617	655	
9618	700	
9619	210	
9620	642	
9621	740	
9622	894	
9623	361	
9624	739	
9625	718	
9626	814	
9627	368	
9628	931	
9629	703	
9630	555	
9631	575	
9632	108	
9633	620	
9634	341	
9635	887	
9636	676	
9637	353	
9638	791	
9639	890	
9640	811	
9641	494	
9642	188	
9643	6	
9644	425	
9645	831	
9646	579	
9647	744	
9648	938	
9649	845	
9650	988	
9651	19	
9652	755	
9653	440	
9654	242	
9655	664	
9656	628	
9657	430	
9658	400	
9659	69	
9660	269	
9661	882	
9662	774	
9663	801	
9664	51	
9665	416	
9666	636	
9667	635	
9668	914	
9669	797	
9670	59	
9671	15	
9672	57	
9673	737	
9674	561	
9675	954	
9676	355	
9677	758	
9678	666	
9679	283	
9680	370	
9681	463	
9682	457	
9683	354	
9684	372	
9685	652	
9686	47	
9687	523	
9688	280	
9689	666	
9690	536	
9691	897	
9692	535	
9693	941	
9694	395	
9695	445	
9696	493	
9697	680	
9698	824	
9699	958	
9700	830	
9701	553	
9702	721	
9703	655	
9704	507	
9705	839	
9706	923	
9707	502	
9708	917	
9709	725	
9710	964	
9711	185	
9712	454	
9713	318	
9714	388	
9715	320	
9716	269	
9717	24	
9718	70	
9719	392	
9720	728	
9721	11	
9722	925	
9723	588	
9724	280	
9725	689	
9726	257	
9727	291	
9728	210	
9729	669	
9730	506	
9731	399	
9732	91	
9733	742	
9734	345	
9735	193	
9736	313	
9737	307	
9738	955	
9739	72	
9740	342	
9741	445	
9742	127	
9743	769	
9744	341	
9745	610	
9746	589	
9747	637	
9748	253	
9749	534	
9750	838	
9751	544	
9752	931	
9753	129	
9754	200	
9755	941	
9756	377	
9757	342	
9758	657	
9759	877	
9760	708	
9761	103	
9762	225	
9763	495	
9764	903	
9765	956	
9766	506	
9767	895	
9768	802	
9769	115	
9770	209	
9771	24	
9772	807	
9773	262	
9774	740	
9775	259	
9776	977	
9777	122	
9778	395	
9779	32	
9780	597	
9781	876	
9782	704	
9783	778	
9784	554	
9785	539	
9786	737	
9787	205	
9788	378	
9789	203	
9790	699	
9791	433	
9792	160	
9793	694	
9794	750	
9795	741	
9796	730	
9797	690	
9798	533	
9799	486	
9800	943	
9801	175	
9802	260	
9803	320	
9804	15	
9805	704	
9806	354	
9807	65	
9808	615	
9809	735	
9810	878	
9811	490	
9812	196	
9813	362	
9814	404	
9815	695	
9816	301	
9817	714	
9818	271	
9819	964	
9820	26	
9821	17	
9822	134	
9823	503	
9824	865	
9825	585	
9826	856	
9827	475	
9828	494	
9829	169	
9830	994	
9831	416	
9832	15	
9833	769	
9834	309	
9835	630	
9836	104	
9837	818	
9838	202	
9839	265	
9840	314	
9841	32	
9842	912	
9843	411	
9844	587	
9845	138	
9846	289	
9847	63	
9848	219	
9849	198	
9850	891	
9851	641	
9852	498	
9853	303	
9854	650	
9855	657	
9856	5	
9857	705	
9858	785	
9859	311	
9860	104	
9861	841	
9862	560	
9863	205	
9864	83	
9865	127	
9866	340	
9867	826	
9868	47	
9869	253	
9870	227	
9871	11	
9872	216	
9873	342	
9874	551	
9875	978	
9876	578	
9877	714	
9878	768	
9879	25	
9880	157	
9881	766	
9882	532	
9883	453	
9884	498	
9885	998	
9886	129	
9887	869	
9888	333	
9889	917	
9890	846	
9891	201	
9892	787	
9893	193	
9894	23	
9895	581	
9896	899	
9897	745	
9898	712	
9899	325	
9900	799	
9901	656	
9902	567	
9903	248	
9904	625	
9905	281	
9906	36	
9907	904	
9908	88	
9909	842	
9910	305	
9911	998	
9912	538	
9913	723	
9914	331	
9915	903	
9916	153	
9917	614	
9918	809	
9919	931	
9920	704	
9921	14	
9922	354	
9923	50	
9924	845	
9925	666	
9926	633	
9927	655	
9928	550	
9929	792	
9930	738	
9931	343	
9932	166	
9933	284	
9934	995	
9935	936	
9936	118	
9937	504	
9938	886	
9939	916	
9940	902	
9941	283	
9942	979	
9943	941	
9944	459	
9945	589	
9946	56	
9947	800	
9948	104	
9949	998	
9950	722	
9951	548	
9952	639	
9953	284	
9954	107	
9955	242	
9956	751	
9957	939	
9958	340	
9959	828	
9960	781	
9961	892	
9962	801	
9963	711	
9964	68	
9965	280	
9966	50	
9967	595	
9968	383	
9969	780	
9970	782	
9971	327	
9972	91	
9973	261	
9974	775	
9975	839	
9976	824	
9977	459	
9978	690	
9979	224	
9980	519	
9981	671	
9982	334	
9983	864	
9984	626	
9985	30	
9986	498	
9987	136	
9988	792	
9989	373	
9990	905	
9991	603	
9992	928	
9993	412	
9994	407	
9995	718	
9996	3	
9997	758	
9998	538	
9999	648	
10000	508	
50340
