10000
1	3	
2	3	
3	9	
4	6	
5	7	
6	1	
7	6	
8	3	
9	10	
10	7	
11	7	
12	10	
13	7	
14	5	
15	4	
16	2	
17	8	
18	1	
19	10	
20	5	
21	4	
22	5	
23	5	
24	2	
25	10	
26	1	
27	9	
28	5	
29	7	
30	6	
31	3	
32	5	
33	3	
34	2	
35	5	
36	6	
37	1	
38	6	
39	9	
40	4	
41	6	
42	9	
43	1	
44	7	
45	10	
46	4	
47	9	
48	7	
49	10	
50	9	
51	2	
52	1	
53	6	
54	5	
55	10	
56	1	
57	10	
58	4	
59	9	
60	5	
61	6	
62	8	
63	9	
64	10	
65	7	
66	3	
67	6	
68	2	
69	5	
70	9	
71	5	
72	5	
73	7	
74	6	
75	5	
76	10	
77	4	
78	2	
79	2	
80	6	
81	1	
82	3	
83	6	
84	9	
85	9	
86	1	
87	1	
88	9	
89	3	
90	8	
91	2	
92	4	
93	6	
94	5	
95	1	
96	4	
97	2	
98	6	
99	1	
100	9	
101	10	
102	5	
103	3	
104	7	
105	2	
106	3	
107	4	
108	10	
109	2	
110	4	
111	10	
112	4	
113	2	
114	8	
115	10	
116	10	
117	2	
118	8	
119	10	
120	2	
121	5	
122	2	
123	7	
124	2	
125	4	
126	4	
127	9	
128	7	
129	10	
130	10	
131	7	
132	2	
133	10	
134	1	
135	6	
136	5	
137	8	
138	4	
139	5	
140	9	
141	8	
142	4	
143	8	
144	6	
145	10	
146	3	
147	5	
148	10	
149	8	
150	1	
151	8	
152	2	
153	7	
154	5	
155	3	
156	1	
157	5	
158	8	
159	1	
160	6	
161	10	
162	8	
163	3	
164	1	
165	6	
166	1	
167	2	
168	9	
169	1	
170	6	
171	2	
172	5	
173	2	
174	7	
175	4	
176	10	
177	5	
178	2	
179	1	
180	9	
181	4	
182	4	
183	1	
184	5	
185	6	
186	4	
187	1	
188	6	
189	9	
190	10	
191	7	
192	4	
193	9	
194	7	
195	2	
196	9	
197	1	
198	1	
199	10	
200	6	
201	4	
202	4	
203	4	
204	4	
205	10	
206	2	
207	5	
208	9	
209	6	
210	8	
211	3	
212	9	
213	2	
214	2	
215	9	
216	10	
217	1	
218	7	
219	4	
220	7	
221	3	
222	10	
223	10	
224	9	
225	7	
226	1	
227	6	
228	2	
229	4	
230	6	
231	2	
232	5	
233	4	
234	3	
235	8	
236	7	
237	2	
238	2	
239	4	
240	6	
241	8	
242	6	
243	10	
244	4	
245	3	
246	8	
247	5	
248	3	
249	7	
250	9	
251	2	
252	8	
253	2	
254	9	
255	6	
256	8	
257	7	
258	9	
259	2	
260	8	
261	10	
262	10	
263	2	
264	2	
265	4	
266	7	
267	1	
268	7	
269	8	
270	2	
271	1	
272	8	
273	3	
274	8	
275	10	
276	9	
277	10	
278	1	
279	8	
280	7	
281	2	
282	7	
283	10	
284	4	
285	3	
286	2	
287	8	
288	10	
289	4	
290	10	
291	1	
292	5	
293	9	
294	3	
295	2	
296	8	
297	7	
298	9	
299	5	
300	9	
301	5	
302	4	
303	9	
304	10	
305	10	
306	3	
307	2	
308	4	
309	1	
310	6	
311	3	
312	3	
313	9	
314	9	
315	1	
316	3	
317	2	
318	8	
319	1	
320	4	
321	3	
322	2	
323	9	
324	3	
325	10	
326	8	
327	1	
328	10	
329	1	
330	8	
331	5	
332	4	
333	2	
334	7	
335	1	
336	8	
337	10	
338	4	
339	7	
340	7	
341	4	
342	9	
343	5	
344	7	
345	9	
346	4	
347	5	
348	1	
349	10	
350	2	
351	7	
352	5	
353	9	
354	9	
355	7	
356	10	
357	10	
358	8	
359	2	
360	9	
361	1	
362	4	
363	8	
364	9	
365	1	
366	6	
367	10	
368	5	
369	10	
370	2	
371	1	
372	1	
373	3	
374	5	
375	7	
376	4	
377	2	
378	9	
379	5	
380	8	
381	4	
382	6	
383	3	
384	4	
385	10	
386	2	
387	4	
388	7	
389	9	
390	5	
391	10	
392	10	
393	6	
394	3	
395	5	
396	6	
397	1	
398	7	
399	9	
400	8	
401	1	
402	4	
403	5	
404	10	
405	9	
406	1	
407	5	
408	3	
409	5	
410	7	
411	8	
412	8	
413	6	
414	10	
415	2	
416	9	
417	10	
418	3	
419	1	
420	1	
421	4	
422	4	
423	8	
424	5	
425	3	
426	8	
427	9	
428	5	
429	3	
430	7	
431	4	
432	3	
433	3	
434	6	
435	2	
436	10	
437	5	
438	1	
439	7	
440	4	
441	5	
442	5	
443	5	
444	5	
445	4	
446	9	
447	8	
448	4	
449	8	
450	8	
451	10	
452	10	
453	6	
454	10	
455	1	
456	1	
457	10	
458	5	
459	6	
460	9	
461	10	
462	5	
463	8	
464	9	
465	7	
466	5	
467	1	
468	5	
469	5	
470	6	
471	5	
472	10	
473	7	
474	5	
475	3	
476	4	
477	6	
478	1	
479	4	
480	2	
481	2	
482	2	
483	2	
484	5	
485	4	
486	8	
487	5	
488	5	
489	8	
490	10	
491	4	
492	10	
493	10	
494	6	
495	8	
496	7	
497	2	
498	8	
499	9	
500	3	
501	2	
502	9	
503	10	
504	8	
505	8	
506	8	
507	2	
508	10	
509	4	
510	10	
511	1	
512	9	
513	9	
514	9	
515	2	
516	3	
517	5	
518	10	
519	6	
520	3	
521	10	
522	8	
523	1	
524	3	
525	10	
526	3	
527	8	
528	9	
529	4	
530	10	
531	8	
532	5	
533	3	
534	6	
535	6	
536	7	
537	10	
538	1	
539	3	
540	3	
541	10	
542	1	
543	10	
544	1	
545	9	
546	1	
547	2	
548	9	
549	7	
550	1	
551	5	
552	10	
553	8	
554	2	
555	8	
556	8	
557	7	
558	10	
559	5	
560	2	
561	4	
562	10	
563	7	
564	5	
565	9	
566	10	
567	2	
568	2	
569	4	
570	8	
571	5	
572	10	
573	7	
574	1	
575	8	
576	10	
577	6	
578	6	
579	6	
580	7	
581	3	
582	4	
583	6	
584	1	
585	6	
586	3	
587	9	
588	1	
589	8	
590	8	
591	8	
592	4	
593	3	
594	4	
595	1	
596	6	
597	6	
598	7	
599	9	
600	3	
601	7	
602	2	
603	3	
604	2	
605	3	
606	6	
607	3	
608	4	
609	3	
610	2	
611	9	
612	6	
613	4	
614	1	
615	5	
616	9	
617	2	
618	6	
619	5	
620	3	
621	8	
622	2	
623	8	
624	3	
625	10	
626	6	
627	9	
628	10	
629	1	
630	9	
631	3	
632	1	
633	9	
634	8	
635	5	
636	4	
637	6	
638	1	
639	2	
640	2	
641	5	
642	2	
643	5	
644	1	
645	2	
646	3	
647	4	
648	7	
649	3	
650	9	
651	6	
652	3	
653	7	
654	6	
655	10	
656	1	
657	4	
658	3	
659	7	
660	8	
661	7	
662	4	
663	9	
664	1	
665	5	
666	9	
667	4	
668	4	
669	1	
670	7	
671	4	
672	4	
673	1	
674	4	
675	6	
676	7	
677	6	
678	1	
679	7	
680	3	
681	8	
682	1	
683	9	
684	2	
685	10	
686	9	
687	10	
688	6	
689	9	
690	1	
691	2	
692	5	
693	1	
694	6	
695	4	
696	2	
697	10	
698	4	
699	3	
700	1	
701	2	
702	9	
703	8	
704	1	
705	8	
706	2	
707	9	
708	10	
709	9	
710	8	
711	7	
712	6	
713	1	
714	7	
715	9	
716	9	
717	8	
718	10	
719	7	
720	6	
721	8	
722	4	
723	9	
724	6	
725	5	
726	6	
727	3	
728	7	
729	1	
730	9	
731	4	
732	2	
733	6	
734	3	
735	5	
736	5	
737	6	
738	3	
739	6	
740	7	
741	8	
742	5	
743	8	
744	7	
745	7	
746	8	
747	3	
748	6	
749	7	
750	4	
751	2	
752	4	
753	2	
754	5	
755	6	
756	2	
757	2	
758	6	
759	7	
760	10	
761	6	
762	7	
763	4	
764	6	
765	3	
766	2	
767	9	
768	5	
769	6	
770	10	
771	5	
772	3	
773	4	
774	4	
775	9	
776	6	
777	9	
778	5	
779	8	
780	10	
781	6	
782	6	
783	7	
784	5	
785	7	
786	5	
787	7	
788	1	
789	1	
790	4	
791	4	
792	1	
793	4	
794	3	
795	8	
796	2	
797	3	
798	5	
799	9	
800	7	
801	5	
802	6	
803	4	
804	10	
805	7	
806	10	
807	6	
808	6	
809	8	
810	6	
811	10	
812	2	
813	10	
814	6	
815	3	
816	1	
817	10	
818	10	
819	2	
820	4	
821	2	
822	1	
823	4	
824	5	
825	8	
826	9	
827	3	
828	2	
829	1	
830	9	
831	1	
832	9	
833	6	
834	8	
835	7	
836	2	
837	10	
838	8	
839	4	
840	4	
841	4	
842	6	
843	2	
844	8	
845	6	
846	7	
847	7	
848	5	
849	10	
850	5	
851	7	
852	8	
853	7	
854	8	
855	7	
856	2	
857	3	
858	6	
859	8	
860	5	
861	8	
862	4	
863	10	
864	3	
865	4	
866	9	
867	2	
868	7	
869	2	
870	10	
871	3	
872	9	
873	2	
874	6	
875	3	
876	5	
877	1	
878	2	
879	4	
880	4	
881	6	
882	9	
883	10	
884	9	
885	6	
886	6	
887	8	
888	1	
889	10	
890	7	
891	9	
892	6	
893	3	
894	9	
895	4	
896	8	
897	7	
898	9	
899	6	
900	6	
901	1	
902	3	
903	1	
904	2	
905	3	
906	8	
907	4	
908	8	
909	1	
910	9	
911	10	
912	1	
913	5	
914	7	
915	6	
916	6	
917	2	
918	4	
919	3	
920	8	
921	3	
922	3	
923	1	
924	7	
925	5	
926	9	
927	3	
928	1	
929	4	
930	9	
931	10	
932	2	
933	6	
934	6	
935	2	
936	5	
937	7	
938	9	
939	10	
940	6	
941	10	
942	5	
943	8	
944	8	
945	7	
946	5	
947	5	
948	5	
949	8	
950	6	
951	9	
952	3	
953	1	
954	9	
955	5	
956	3	
957	10	
958	8	
959	3	
960	9	
961	10	
962	10	
963	8	
964	7	
965	2	
966	2	
967	9	
968	9	
969	3	
970	4	
971	5	
972	6	
973	6	
974	3	
975	1	
976	4	
977	7	
978	10	
979	8	
980	8	
981	6	
982	1	
983	2	
984	9	
985	2	
986	9	
987	7	
988	3	
989	7	
990	4	
991	9	
992	3	
993	7	
994	4	
995	5	
996	4	
997	10	
998	8	
999	7	
1000	9	
1001	6	
1002	7	
1003	4	
1004	2	
1005	6	
1006	2	
1007	4	
1008	10	
1009	6	
1010	7	
1011	2	
1012	1	
1013	9	
1014	6	
1015	1	
1016	9	
1017	9	
1018	6	
1019	10	
1020	4	
1021	9	
1022	1	
1023	6	
1024	9	
1025	2	
1026	4	
1027	4	
1028	6	
1029	9	
1030	6	
1031	9	
1032	3	
1033	3	
1034	7	
1035	2	
1036	3	
1037	6	
1038	7	
1039	4	
1040	1	
1041	1	
1042	6	
1043	9	
1044	1	
1045	8	
1046	6	
1047	8	
1048	6	
1049	4	
1050	1	
1051	3	
1052	7	
1053	8	
1054	4	
1055	5	
1056	8	
1057	6	
1058	5	
1059	8	
1060	8	
1061	1	
1062	7	
1063	4	
1064	6	
1065	9	
1066	2	
1067	1	
1068	8	
1069	3	
1070	8	
1071	9	
1072	2	
1073	4	
1074	4	
1075	6	
1076	1	
1077	10	
1078	2	
1079	7	
1080	3	
1081	1	
1082	3	
1083	9	
1084	8	
1085	5	
1086	6	
1087	7	
1088	1	
1089	6	
1090	4	
1091	7	
1092	4	
1093	5	
1094	8	
1095	6	
1096	9	
1097	6	
1098	10	
1099	8	
1100	4	
1101	1	
1102	4	
1103	8	
1104	5	
1105	10	
1106	8	
1107	6	
1108	10	
1109	1	
1110	10	
1111	6	
1112	4	
1113	10	
1114	8	
1115	9	
1116	8	
1117	9	
1118	5	
1119	2	
1120	6	
1121	4	
1122	5	
1123	4	
1124	1	
1125	6	
1126	10	
1127	2	
1128	7	
1129	7	
1130	1	
1131	4	
1132	10	
1133	7	
1134	8	
1135	8	
1136	1	
1137	10	
1138	7	
1139	3	
1140	5	
1141	6	
1142	9	
1143	7	
1144	10	
1145	5	
1146	7	
1147	6	
1148	10	
1149	7	
1150	6	
1151	3	
1152	2	
1153	1	
1154	9	
1155	10	
1156	2	
1157	2	
1158	4	
1159	3	
1160	8	
1161	3	
1162	9	
1163	3	
1164	6	
1165	3	
1166	8	
1167	9	
1168	7	
1169	10	
1170	10	
1171	2	
1172	2	
1173	10	
1174	2	
1175	2	
1176	4	
1177	7	
1178	7	
1179	8	
1180	10	
1181	10	
1182	6	
1183	1	
1184	10	
1185	6	
1186	9	
1187	10	
1188	4	
1189	6	
1190	10	
1191	1	
1192	7	
1193	7	
1194	2	
1195	4	
1196	6	
1197	9	
1198	3	
1199	6	
1200	1	
1201	3	
1202	3	
1203	10	
1204	6	
1205	6	
1206	7	
1207	6	
1208	3	
1209	8	
1210	8	
1211	5	
1212	5	
1213	4	
1214	4	
1215	3	
1216	1	
1217	7	
1218	8	
1219	3	
1220	6	
1221	9	
1222	8	
1223	9	
1224	1	
1225	8	
1226	2	
1227	9	
1228	1	
1229	7	
1230	8	
1231	6	
1232	4	
1233	4	
1234	5	
1235	10	
1236	8	
1237	2	
1238	3	
1239	10	
1240	7	
1241	8	
1242	5	
1243	10	
1244	6	
1245	6	
1246	4	
1247	8	
1248	10	
1249	4	
1250	1	
1251	1	
1252	2	
1253	10	
1254	1	
1255	4	
1256	3	
1257	4	
1258	7	
1259	10	
1260	5	
1261	7	
1262	4	
1263	2	
1264	1	
1265	4	
1266	1	
1267	3	
1268	10	
1269	1	
1270	1	
1271	2	
1272	9	
1273	10	
1274	5	
1275	3	
1276	1	
1277	9	
1278	5	
1279	10	
1280	7	
1281	8	
1282	10	
1283	5	
1284	10	
1285	8	
1286	7	
1287	1	
1288	8	
1289	7	
1290	10	
1291	3	
1292	4	
1293	7	
1294	10	
1295	3	
1296	10	
1297	2	
1298	4	
1299	1	
1300	3	
1301	4	
1302	4	
1303	7	
1304	4	
1305	4	
1306	1	
1307	8	
1308	5	
1309	10	
1310	8	
1311	3	
1312	1	
1313	1	
1314	2	
1315	2	
1316	9	
1317	9	
1318	6	
1319	9	
1320	6	
1321	8	
1322	7	
1323	2	
1324	10	
1325	2	
1326	8	
1327	3	
1328	6	
1329	3	
1330	3	
1331	9	
1332	8	
1333	3	
1334	7	
1335	2	
1336	8	
1337	10	
1338	2	
1339	1	
1340	10	
1341	9	
1342	10	
1343	10	
1344	9	
1345	7	
1346	8	
1347	4	
1348	1	
1349	2	
1350	6	
1351	8	
1352	4	
1353	5	
1354	5	
1355	5	
1356	9	
1357	5	
1358	9	
1359	3	
1360	9	
1361	5	
1362	10	
1363	2	
1364	10	
1365	6	
1366	10	
1367	8	
1368	1	
1369	8	
1370	7	
1371	6	
1372	2	
1373	1	
1374	1	
1375	3	
1376	1	
1377	9	
1378	2	
1379	6	
1380	9	
1381	10	
1382	3	
1383	1	
1384	10	
1385	3	
1386	9	
1387	7	
1388	2	
1389	8	
1390	8	
1391	10	
1392	1	
1393	8	
1394	1	
1395	3	
1396	4	
1397	5	
1398	8	
1399	1	
1400	3	
1401	4	
1402	4	
1403	2	
1404	1	
1405	3	
1406	10	
1407	5	
1408	6	
1409	8	
1410	9	
1411	1	
1412	9	
1413	1	
1414	10	
1415	7	
1416	9	
1417	6	
1418	5	
1419	1	
1420	7	
1421	10	
1422	7	
1423	8	
1424	2	
1425	7	
1426	9	
1427	6	
1428	2	
1429	9	
1430	4	
1431	8	
1432	4	
1433	3	
1434	3	
1435	7	
1436	5	
1437	7	
1438	6	
1439	2	
1440	1	
1441	9	
1442	4	
1443	6	
1444	1	
1445	8	
1446	3	
1447	10	
1448	9	
1449	6	
1450	8	
1451	1	
1452	3	
1453	10	
1454	3	
1455	2	
1456	8	
1457	2	
1458	10	
1459	6	
1460	1	
1461	7	
1462	10	
1463	2	
1464	10	
1465	9	
1466	7	
1467	5	
1468	9	
1469	3	
1470	9	
1471	10	
1472	5	
1473	5	
1474	6	
1475	4	
1476	8	
1477	6	
1478	9	
1479	5	
1480	10	
1481	8	
1482	7	
1483	8	
1484	5	
1485	9	
1486	1	
1487	3	
1488	7	
1489	5	
1490	2	
1491	10	
1492	2	
1493	1	
1494	3	
1495	6	
1496	6	
1497	2	
1498	2	
1499	3	
1500	7	
1501	7	
1502	1	
1503	2	
1504	5	
1505	2	
1506	10	
1507	1	
1508	3	
1509	6	
1510	9	
1511	6	
1512	10	
1513	5	
1514	7	
1515	7	
1516	7	
1517	3	
1518	8	
1519	6	
1520	4	
1521	4	
1522	2	
1523	10	
1524	7	
1525	6	
1526	8	
1527	1	
1528	6	
1529	3	
1530	6	
1531	5	
1532	5	
1533	3	
1534	10	
1535	3	
1536	3	
1537	7	
1538	6	
1539	2	
1540	7	
1541	1	
1542	3	
1543	9	
1544	9	
1545	6	
1546	4	
1547	1	
1548	4	
1549	3	
1550	9	
1551	6	
1552	2	
1553	5	
1554	5	
1555	2	
1556	7	
1557	9	
1558	9	
1559	5	
1560	9	
1561	5	
1562	3	
1563	5	
1564	10	
1565	3	
1566	1	
1567	10	
1568	2	
1569	9	
1570	9	
1571	2	
1572	7	
1573	7	
1574	4	
1575	10	
1576	10	
1577	8	
1578	7	
1579	4	
1580	9	
1581	4	
1582	4	
1583	7	
1584	7	
1585	1	
1586	5	
1587	4	
1588	7	
1589	3	
1590	7	
1591	3	
1592	2	
1593	5	
1594	3	
1595	5	
1596	1	
1597	6	
1598	3	
1599	6	
1600	9	
1601	1	
1602	4	
1603	5	
1604	3	
1605	3	
1606	9	
1607	2	
1608	7	
1609	9	
1610	5	
1611	7	
1612	2	
1613	1	
1614	8	
1615	8	
1616	6	
1617	8	
1618	1	
1619	4	
1620	10	
1621	2	
1622	8	
1623	10	
1624	3	
1625	8	
1626	5	
1627	9	
1628	7	
1629	6	
1630	6	
1631	5	
1632	1	
1633	4	
1634	5	
1635	10	
1636	8	
1637	10	
1638	4	
1639	6	
1640	4	
1641	4	
1642	4	
1643	7	
1644	6	
1645	1	
1646	10	
1647	4	
1648	4	
1649	6	
1650	6	
1651	10	
1652	1	
1653	1	
1654	4	
1655	10	
1656	3	
1657	7	
1658	7	
1659	8	
1660	5	
1661	4	
1662	1	
1663	6	
1664	2	
1665	6	
1666	3	
1667	6	
1668	1	
1669	6	
1670	4	
1671	7	
1672	8	
1673	2	
1674	10	
1675	1	
1676	2	
1677	8	
1678	2	
1679	3	
1680	4	
1681	4	
1682	5	
1683	5	
1684	2	
1685	3	
1686	1	
1687	6	
1688	1	
1689	6	
1690	9	
1691	6	
1692	2	
1693	9	
1694	3	
1695	2	
1696	7	
1697	6	
1698	1	
1699	6	
1700	9	
1701	8	
1702	8	
1703	8	
1704	1	
1705	2	
1706	4	
1707	1	
1708	7	
1709	7	
1710	3	
1711	10	
1712	6	
1713	10	
1714	2	
1715	3	
1716	4	
1717	1	
1718	7	
1719	3	
1720	3	
1721	10	
1722	10	
1723	7	
1724	4	
1725	1	
1726	3	
1727	6	
1728	9	
1729	9	
1730	10	
1731	9	
1732	7	
1733	5	
1734	9	
1735	10	
1736	1	
1737	8	
1738	6	
1739	8	
1740	4	
1741	5	
1742	2	
1743	8	
1744	3	
1745	4	
1746	4	
1747	9	
1748	10	
1749	5	
1750	6	
1751	5	
1752	8	
1753	8	
1754	10	
1755	8	
1756	2	
1757	5	
1758	3	
1759	2	
1760	4	
1761	7	
1762	5	
1763	5	
1764	3	
1765	2	
1766	2	
1767	9	
1768	4	
1769	5	
1770	4	
1771	1	
1772	7	
1773	8	
1774	8	
1775	6	
1776	6	
1777	2	
1778	6	
1779	5	
1780	10	
1781	6	
1782	9	
1783	9	
1784	6	
1785	4	
1786	5	
1787	9	
1788	1	
1789	4	
1790	10	
1791	1	
1792	10	
1793	1	
1794	10	
1795	6	
1796	2	
1797	4	
1798	9	
1799	9	
1800	10	
1801	4	
1802	3	
1803	10	
1804	9	
1805	3	
1806	4	
1807	3	
1808	10	
1809	6	
1810	6	
1811	2	
1812	7	
1813	9	
1814	9	
1815	7	
1816	5	
1817	9	
1818	9	
1819	2	
1820	3	
1821	10	
1822	5	
1823	2	
1824	3	
1825	4	
1826	6	
1827	2	
1828	1	
1829	7	
1830	5	
1831	5	
1832	6	
1833	3	
1834	8	
1835	7	
1836	5	
1837	9	
1838	4	
1839	9	
1840	8	
1841	3	
1842	7	
1843	8	
1844	4	
1845	6	
1846	10	
1847	5	
1848	9	
1849	6	
1850	10	
1851	3	
1852	1	
1853	2	
1854	3	
1855	7	
1856	1	
1857	8	
1858	6	
1859	2	
1860	2	
1861	6	
1862	7	
1863	3	
1864	2	
1865	6	
1866	6	
1867	7	
1868	6	
1869	1	
1870	9	
1871	7	
1872	10	
1873	1	
1874	5	
1875	1	
1876	4	
1877	9	
1878	9	
1879	7	
1880	5	
1881	4	
1882	3	
1883	8	
1884	6	
1885	7	
1886	8	
1887	10	
1888	8	
1889	4	
1890	4	
1891	8	
1892	2	
1893	10	
1894	9	
1895	9	
1896	8	
1897	5	
1898	2	
1899	10	
1900	6	
1901	8	
1902	10	
1903	10	
1904	5	
1905	7	
1906	6	
1907	1	
1908	2	
1909	2	
1910	9	
1911	9	
1912	8	
1913	7	
1914	10	
1915	8	
1916	7	
1917	8	
1918	5	
1919	5	
1920	3	
1921	8	
1922	7	
1923	1	
1924	2	
1925	3	
1926	4	
1927	3	
1928	3	
1929	8	
1930	10	
1931	2	
1932	4	
1933	2	
1934	1	
1935	2	
1936	10	
1937	4	
1938	6	
1939	7	
1940	2	
1941	10	
1942	1	
1943	1	
1944	3	
1945	2	
1946	1	
1947	5	
1948	8	
1949	8	
1950	7	
1951	3	
1952	4	
1953	8	
1954	6	
1955	1	
1956	8	
1957	4	
1958	9	
1959	9	
1960	1	
1961	3	
1962	5	
1963	4	
1964	7	
1965	4	
1966	7	
1967	2	
1968	7	
1969	4	
1970	10	
1971	2	
1972	5	
1973	2	
1974	7	
1975	4	
1976	1	
1977	2	
1978	9	
1979	2	
1980	2	
1981	7	
1982	2	
1983	5	
1984	1	
1985	4	
1986	4	
1987	3	
1988	9	
1989	6	
1990	3	
1991	6	
1992	6	
1993	7	
1994	8	
1995	3	
1996	5	
1997	5	
1998	3	
1999	1	
2000	9	
2001	2	
2002	7	
2003	1	
2004	4	
2005	10	
2006	10	
2007	7	
2008	9	
2009	6	
2010	4	
2011	3	
2012	4	
2013	10	
2014	2	
2015	5	
2016	7	
2017	8	
2018	1	
2019	7	
2020	10	
2021	6	
2022	1	
2023	10	
2024	2	
2025	10	
2026	10	
2027	8	
2028	10	
2029	5	
2030	2	
2031	10	
2032	9	
2033	7	
2034	8	
2035	3	
2036	7	
2037	9	
2038	9	
2039	2	
2040	7	
2041	3	
2042	10	
2043	7	
2044	7	
2045	2	
2046	3	
2047	2	
2048	4	
2049	10	
2050	10	
2051	3	
2052	8	
2053	7	
2054	9	
2055	4	
2056	1	
2057	1	
2058	4	
2059	6	
2060	2	
2061	1	
2062	7	
2063	2	
2064	9	
2065	9	
2066	6	
2067	10	
2068	1	
2069	10	
2070	1	
2071	6	
2072	2	
2073	3	
2074	2	
2075	9	
2076	4	
2077	5	
2078	9	
2079	7	
2080	10	
2081	9	
2082	10	
2083	9	
2084	10	
2085	5	
2086	2	
2087	6	
2088	9	
2089	1	
2090	4	
2091	3	
2092	3	
2093	8	
2094	8	
2095	1	
2096	2	
2097	1	
2098	10	
2099	5	
2100	9	
2101	2	
2102	9	
2103	8	
2104	7	
2105	1	
2106	5	
2107	6	
2108	7	
2109	2	
2110	10	
2111	9	
2112	5	
2113	2	
2114	7	
2115	5	
2116	6	
2117	5	
2118	5	
2119	5	
2120	3	
2121	2	
2122	1	
2123	6	
2124	7	
2125	8	
2126	8	
2127	2	
2128	4	
2129	4	
2130	8	
2131	1	
2132	4	
2133	7	
2134	9	
2135	7	
2136	8	
2137	2	
2138	3	
2139	1	
2140	3	
2141	6	
2142	3	
2143	10	
2144	5	
2145	5	
2146	7	
2147	2	
2148	7	
2149	10	
2150	5	
2151	3	
2152	4	
2153	1	
2154	10	
2155	10	
2156	3	
2157	2	
2158	4	
2159	2	
2160	7	
2161	7	
2162	10	
2163	4	
2164	1	
2165	8	
2166	2	
2167	1	
2168	8	
2169	6	
2170	7	
2171	2	
2172	9	
2173	10	
2174	6	
2175	1	
2176	5	
2177	5	
2178	1	
2179	8	
2180	6	
2181	6	
2182	8	
2183	2	
2184	10	
2185	3	
2186	5	
2187	4	
2188	1	
2189	2	
2190	6	
2191	9	
2192	5	
2193	3	
2194	7	
2195	3	
2196	4	
2197	4	
2198	1	
2199	7	
2200	6	
2201	4	
2202	4	
2203	6	
2204	7	
2205	5	
2206	10	
2207	1	
2208	5	
2209	9	
2210	9	
2211	5	
2212	2	
2213	8	
2214	5	
2215	2	
2216	4	
2217	6	
2218	7	
2219	3	
2220	10	
2221	2	
2222	5	
2223	4	
2224	4	
2225	2	
2226	7	
2227	2	
2228	2	
2229	4	
2230	10	
2231	2	
2232	6	
2233	9	
2234	1	
2235	6	
2236	2	
2237	5	
2238	4	
2239	8	
2240	2	
2241	8	
2242	1	
2243	6	
2244	2	
2245	5	
2246	7	
2247	4	
2248	3	
2249	9	
2250	7	
2251	1	
2252	4	
2253	8	
2254	2	
2255	8	
2256	10	
2257	1	
2258	1	
2259	1	
2260	6	
2261	6	
2262	6	
2263	7	
2264	1	
2265	4	
2266	8	
2267	7	
2268	3	
2269	5	
2270	6	
2271	7	
2272	3	
2273	8	
2274	6	
2275	4	
2276	10	
2277	8	
2278	8	
2279	1	
2280	10	
2281	5	
2282	7	
2283	1	
2284	10	
2285	10	
2286	4	
2287	4	
2288	6	
2289	5	
2290	9	
2291	2	
2292	10	
2293	1	
2294	4	
2295	3	
2296	8	
2297	6	
2298	8	
2299	3	
2300	7	
2301	2	
2302	9	
2303	6	
2304	10	
2305	2	
2306	8	
2307	6	
2308	7	
2309	4	
2310	6	
2311	2	
2312	4	
2313	3	
2314	10	
2315	4	
2316	8	
2317	1	
2318	8	
2319	1	
2320	1	
2321	6	
2322	7	
2323	4	
2324	5	
2325	10	
2326	5	
2327	2	
2328	4	
2329	1	
2330	10	
2331	7	
2332	5	
2333	5	
2334	10	
2335	1	
2336	6	
2337	9	
2338	3	
2339	9	
2340	10	
2341	7	
2342	5	
2343	2	
2344	3	
2345	2	
2346	8	
2347	10	
2348	10	
2349	9	
2350	10	
2351	3	
2352	1	
2353	1	
2354	4	
2355	10	
2356	8	
2357	9	
2358	8	
2359	9	
2360	2	
2361	4	
2362	6	
2363	10	
2364	3	
2365	3	
2366	7	
2367	8	
2368	10	
2369	10	
2370	9	
2371	10	
2372	7	
2373	6	
2374	1	
2375	3	
2376	8	
2377	8	
2378	5	
2379	6	
2380	10	
2381	8	
2382	9	
2383	1	
2384	7	
2385	7	
2386	7	
2387	1	
2388	6	
2389	6	
2390	1	
2391	1	
2392	4	
2393	2	
2394	7	
2395	2	
2396	6	
2397	2	
2398	1	
2399	1	
2400	8	
2401	10	
2402	6	
2403	5	
2404	9	
2405	4	
2406	6	
2407	2	
2408	6	
2409	4	
2410	9	
2411	3	
2412	3	
2413	9	
2414	8	
2415	6	
2416	2	
2417	1	
2418	7	
2419	4	
2420	10	
2421	7	
2422	10	
2423	4	
2424	1	
2425	9	
2426	10	
2427	6	
2428	7	
2429	2	
2430	4	
2431	8	
2432	5	
2433	1	
2434	3	
2435	7	
2436	5	
2437	9	
2438	5	
2439	4	
2440	9	
2441	7	
2442	4	
2443	3	
2444	2	
2445	5	
2446	7	
2447	6	
2448	1	
2449	6	
2450	1	
2451	2	
2452	8	
2453	9	
2454	8	
2455	7	
2456	10	
2457	4	
2458	6	
2459	9	
2460	2	
2461	10	
2462	8	
2463	1	
2464	10	
2465	8	
2466	2	
2467	3	
2468	3	
2469	10	
2470	4	
2471	5	
2472	4	
2473	4	
2474	6	
2475	9	
2476	10	
2477	1	
2478	5	
2479	2	
2480	2	
2481	4	
2482	5	
2483	5	
2484	7	
2485	1	
2486	1	
2487	3	
2488	10	
2489	4	
2490	6	
2491	2	
2492	4	
2493	8	
2494	7	
2495	8	
2496	8	
2497	10	
2498	7	
2499	5	
2500	6	
2501	10	
2502	3	
2503	8	
2504	8	
2505	4	
2506	6	
2507	6	
2508	6	
2509	2	
2510	5	
2511	1	
2512	2	
2513	4	
2514	10	
2515	3	
2516	8	
2517	9	
2518	2	
2519	9	
2520	4	
2521	4	
2522	6	
2523	6	
2524	6	
2525	10	
2526	7	
2527	4	
2528	8	
2529	9	
2530	3	
2531	2	
2532	4	
2533	6	
2534	9	
2535	4	
2536	4	
2537	7	
2538	1	
2539	1	
2540	2	
2541	10	
2542	10	
2543	2	
2544	2	
2545	7	
2546	1	
2547	3	
2548	9	
2549	4	
2550	7	
2551	1	
2552	10	
2553	3	
2554	5	
2555	7	
2556	2	
2557	8	
2558	2	
2559	3	
2560	6	
2561	10	
2562	1	
2563	5	
2564	5	
2565	1	
2566	4	
2567	6	
2568	7	
2569	9	
2570	5	
2571	3	
2572	7	
2573	4	
2574	7	
2575	4	
2576	7	
2577	3	
2578	1	
2579	5	
2580	3	
2581	3	
2582	4	
2583	6	
2584	6	
2585	1	
2586	2	
2587	8	
2588	1	
2589	6	
2590	2	
2591	2	
2592	1	
2593	10	
2594	8	
2595	7	
2596	7	
2597	3	
2598	8	
2599	3	
2600	5	
2601	9	
2602	3	
2603	4	
2604	6	
2605	9	
2606	6	
2607	3	
2608	6	
2609	1	
2610	4	
2611	10	
2612	1	
2613	5	
2614	6	
2615	1	
2616	3	
2617	5	
2618	1	
2619	4	
2620	1	
2621	3	
2622	1	
2623	8	
2624	4	
2625	3	
2626	7	
2627	2	
2628	4	
2629	9	
2630	6	
2631	7	
2632	9	
2633	3	
2634	4	
2635	7	
2636	9	
2637	6	
2638	6	
2639	8	
2640	5	
2641	4	
2642	1	
2643	2	
2644	6	
2645	4	
2646	1	
2647	8	
2648	5	
2649	4	
2650	5	
2651	9	
2652	10	
2653	3	
2654	8	
2655	7	
2656	3	
2657	10	
2658	7	
2659	5	
2660	4	
2661	4	
2662	5	
2663	1	
2664	8	
2665	10	
2666	9	
2667	7	
2668	7	
2669	8	
2670	2	
2671	10	
2672	5	
2673	7	
2674	7	
2675	7	
2676	9	
2677	1	
2678	5	
2679	5	
2680	2	
2681	8	
2682	3	
2683	2	
2684	10	
2685	5	
2686	7	
2687	6	
2688	3	
2689	9	
2690	8	
2691	1	
2692	3	
2693	10	
2694	1	
2695	4	
2696	10	
2697	2	
2698	2	
2699	3	
2700	1	
2701	1	
2702	10	
2703	9	
2704	1	
2705	5	
2706	10	
2707	2	
2708	8	
2709	5	
2710	10	
2711	9	
2712	3	
2713	10	
2714	10	
2715	4	
2716	5	
2717	8	
2718	3	
2719	4	
2720	5	
2721	4	
2722	9	
2723	1	
2724	5	
2725	10	
2726	9	
2727	6	
2728	10	
2729	5	
2730	6	
2731	2	
2732	10	
2733	6	
2734	5	
2735	8	
2736	1	
2737	2	
2738	8	
2739	4	
2740	8	
2741	9	
2742	8	
2743	4	
2744	7	
2745	9	
2746	5	
2747	10	
2748	10	
2749	10	
2750	3	
2751	9	
2752	6	
2753	9	
2754	1	
2755	8	
2756	9	
2757	9	
2758	10	
2759	4	
2760	7	
2761	10	
2762	4	
2763	6	
2764	7	
2765	4	
2766	10	
2767	6	
2768	2	
2769	9	
2770	5	
2771	4	
2772	8	
2773	4	
2774	9	
2775	8	
2776	4	
2777	6	
2778	10	
2779	5	
2780	3	
2781	2	
2782	7	
2783	2	
2784	5	
2785	8	
2786	2	
2787	10	
2788	3	
2789	8	
2790	1	
2791	10	
2792	8	
2793	8	
2794	1	
2795	2	
2796	2	
2797	3	
2798	2	
2799	2	
2800	1	
2801	5	
2802	7	
2803	3	
2804	8	
2805	8	
2806	4	
2807	8	
2808	7	
2809	6	
2810	2	
2811	7	
2812	10	
2813	3	
2814	6	
2815	10	
2816	10	
2817	3	
2818	7	
2819	2	
2820	10	
2821	2	
2822	4	
2823	4	
2824	3	
2825	10	
2826	10	
2827	3	
2828	8	
2829	4	
2830	10	
2831	9	
2832	6	
2833	10	
2834	10	
2835	1	
2836	3	
2837	3	
2838	4	
2839	3	
2840	1	
2841	9	
2842	8	
2843	3	
2844	10	
2845	9	
2846	7	
2847	6	
2848	6	
2849	8	
2850	1	
2851	9	
2852	1	
2853	7	
2854	6	
2855	8	
2856	1	
2857	7	
2858	9	
2859	3	
2860	4	
2861	8	
2862	4	
2863	7	
2864	2	
2865	7	
2866	9	
2867	9	
2868	4	
2869	10	
2870	9	
2871	8	
2872	7	
2873	4	
2874	10	
2875	6	
2876	6	
2877	5	
2878	6	
2879	7	
2880	6	
2881	3	
2882	3	
2883	9	
2884	6	
2885	4	
2886	6	
2887	9	
2888	5	
2889	5	
2890	4	
2891	1	
2892	5	
2893	8	
2894	3	
2895	3	
2896	5	
2897	10	
2898	6	
2899	2	
2900	6	
2901	7	
2902	8	
2903	4	
2904	3	
2905	4	
2906	5	
2907	6	
2908	5	
2909	8	
2910	6	
2911	9	
2912	6	
2913	1	
2914	9	
2915	7	
2916	6	
2917	6	
2918	2	
2919	4	
2920	2	
2921	3	
2922	10	
2923	8	
2924	8	
2925	7	
2926	2	
2927	2	
2928	5	
2929	9	
2930	6	
2931	4	
2932	8	
2933	3	
2934	10	
2935	6	
2936	10	
2937	3	
2938	6	
2939	2	
2940	2	
2941	9	
2942	9	
2943	1	
2944	7	
2945	4	
2946	10	
2947	6	
2948	10	
2949	5	
2950	3	
2951	4	
2952	5	
2953	10	
2954	3	
2955	10	
2956	5	
2957	9	
2958	5	
2959	4	
2960	2	
2961	2	
2962	8	
2963	6	
2964	6	
2965	4	
2966	4	
2967	6	
2968	1	
2969	8	
2970	10	
2971	1	
2972	4	
2973	1	
2974	5	
2975	10	
2976	10	
2977	9	
2978	5	
2979	1	
2980	6	
2981	2	
2982	6	
2983	8	
2984	6	
2985	8	
2986	6	
2987	4	
2988	4	
2989	3	
2990	5	
2991	8	
2992	6	
2993	4	
2994	4	
2995	4	
2996	1	
2997	8	
2998	6	
2999	4	
3000	6	
3001	10	
3002	4	
3003	6	
3004	1	
3005	8	
3006	10	
3007	3	
3008	8	
3009	3	
3010	5	
3011	7	
3012	3	
3013	8	
3014	8	
3015	1	
3016	2	
3017	4	
3018	7	
3019	6	
3020	4	
3021	2	
3022	3	
3023	3	
3024	1	
3025	6	
3026	1	
3027	4	
3028	8	
3029	2	
3030	9	
3031	2	
3032	4	
3033	4	
3034	2	
3035	8	
3036	9	
3037	3	
3038	6	
3039	7	
3040	8	
3041	8	
3042	3	
3043	4	
3044	9	
3045	8	
3046	4	
3047	1	
3048	8	
3049	2	
3050	4	
3051	10	
3052	9	
3053	2	
3054	2	
3055	4	
3056	2	
3057	7	
3058	4	
3059	8	
3060	1	
3061	3	
3062	6	
3063	1	
3064	7	
3065	2	
3066	7	
3067	3	
3068	2	
3069	7	
3070	7	
3071	8	
3072	2	
3073	5	
3074	1	
3075	7	
3076	10	
3077	5	
3078	4	
3079	2	
3080	8	
3081	6	
3082	6	
3083	10	
3084	9	
3085	6	
3086	5	
3087	8	
3088	4	
3089	8	
3090	5	
3091	3	
3092	1	
3093	6	
3094	8	
3095	5	
3096	1	
3097	5	
3098	10	
3099	10	
3100	5	
3101	10	
3102	5	
3103	1	
3104	7	
3105	7	
3106	10	
3107	5	
3108	6	
3109	1	
3110	3	
3111	1	
3112	1	
3113	6	
3114	8	
3115	8	
3116	3	
3117	5	
3118	10	
3119	1	
3120	7	
3121	7	
3122	5	
3123	6	
3124	3	
3125	10	
3126	2	
3127	5	
3128	10	
3129	2	
3130	9	
3131	6	
3132	10	
3133	5	
3134	6	
3135	7	
3136	6	
3137	5	
3138	5	
3139	8	
3140	9	
3141	7	
3142	2	
3143	6	
3144	6	
3145	2	
3146	9	
3147	8	
3148	6	
3149	1	
3150	8	
3151	6	
3152	8	
3153	5	
3154	1	
3155	8	
3156	10	
3157	7	
3158	2	
3159	6	
3160	8	
3161	9	
3162	9	
3163	9	
3164	8	
3165	6	
3166	5	
3167	2	
3168	8	
3169	2	
3170	4	
3171	1	
3172	9	
3173	6	
3174	8	
3175	3	
3176	8	
3177	6	
3178	2	
3179	1	
3180	10	
3181	5	
3182	8	
3183	6	
3184	4	
3185	9	
3186	6	
3187	6	
3188	7	
3189	4	
3190	9	
3191	2	
3192	1	
3193	8	
3194	1	
3195	2	
3196	6	
3197	7	
3198	2	
3199	9	
3200	7	
3201	2	
3202	4	
3203	9	
3204	2	
3205	10	
3206	3	
3207	8	
3208	4	
3209	4	
3210	1	
3211	6	
3212	4	
3213	5	
3214	6	
3215	9	
3216	2	
3217	5	
3218	3	
3219	9	
3220	4	
3221	8	
3222	2	
3223	4	
3224	5	
3225	4	
3226	4	
3227	2	
3228	10	
3229	10	
3230	6	
3231	9	
3232	6	
3233	1	
3234	10	
3235	1	
3236	10	
3237	4	
3238	6	
3239	5	
3240	8	
3241	4	
3242	7	
3243	7	
3244	7	
3245	5	
3246	7	
3247	2	
3248	8	
3249	3	
3250	4	
3251	3	
3252	10	
3253	2	
3254	1	
3255	7	
3256	10	
3257	7	
3258	9	
3259	4	
3260	1	
3261	8	
3262	6	
3263	2	
3264	4	
3265	8	
3266	7	
3267	7	
3268	4	
3269	1	
3270	10	
3271	7	
3272	3	
3273	1	
3274	1	
3275	5	
3276	10	
3277	5	
3278	4	
3279	2	
3280	7	
3281	7	
3282	10	
3283	10	
3284	10	
3285	3	
3286	7	
3287	2	
3288	9	
3289	3	
3290	10	
3291	7	
3292	4	
3293	4	
3294	8	
3295	5	
3296	3	
3297	7	
3298	10	
3299	2	
3300	6	
3301	8	
3302	9	
3303	8	
3304	10	
3305	5	
3306	4	
3307	1	
3308	3	
3309	3	
3310	10	
3311	4	
3312	2	
3313	9	
3314	2	
3315	1	
3316	6	
3317	5	
3318	7	
3319	6	
3320	2	
3321	9	
3322	6	
3323	9	
3324	4	
3325	7	
3326	3	
3327	5	
3328	5	
3329	7	
3330	3	
3331	1	
3332	1	
3333	8	
3334	4	
3335	3	
3336	5	
3337	9	
3338	3	
3339	2	
3340	5	
3341	8	
3342	8	
3343	9	
3344	4	
3345	3	
3346	3	
3347	10	
3348	1	
3349	6	
3350	10	
3351	3	
3352	2	
3353	7	
3354	4	
3355	1	
3356	8	
3357	10	
3358	4	
3359	5	
3360	10	
3361	8	
3362	7	
3363	8	
3364	6	
3365	5	
3366	4	
3367	6	
3368	5	
3369	4	
3370	6	
3371	2	
3372	1	
3373	4	
3374	10	
3375	9	
3376	6	
3377	10	
3378	5	
3379	6	
3380	6	
3381	3	
3382	10	
3383	7	
3384	2	
3385	9	
3386	1	
3387	8	
3388	2	
3389	4	
3390	5	
3391	6	
3392	8	
3393	6	
3394	9	
3395	3	
3396	9	
3397	2	
3398	4	
3399	10	
3400	9	
3401	4	
3402	10	
3403	2	
3404	5	
3405	9	
3406	3	
3407	4	
3408	8	
3409	8	
3410	7	
3411	3	
3412	2	
3413	8	
3414	4	
3415	8	
3416	2	
3417	9	
3418	3	
3419	4	
3420	3	
3421	9	
3422	5	
3423	10	
3424	1	
3425	6	
3426	1	
3427	3	
3428	1	
3429	10	
3430	5	
3431	3	
3432	2	
3433	8	
3434	8	
3435	7	
3436	4	
3437	6	
3438	8	
3439	4	
3440	7	
3441	7	
3442	6	
3443	1	
3444	8	
3445	10	
3446	1	
3447	3	
3448	9	
3449	9	
3450	5	
3451	4	
3452	2	
3453	3	
3454	10	
3455	6	
3456	4	
3457	5	
3458	10	
3459	4	
3460	7	
3461	9	
3462	6	
3463	9	
3464	7	
3465	7	
3466	4	
3467	10	
3468	7	
3469	8	
3470	9	
3471	6	
3472	6	
3473	8	
3474	4	
3475	7	
3476	6	
3477	3	
3478	9	
3479	4	
3480	10	
3481	8	
3482	6	
3483	9	
3484	3	
3485	7	
3486	4	
3487	3	
3488	7	
3489	4	
3490	3	
3491	6	
3492	4	
3493	4	
3494	3	
3495	2	
3496	10	
3497	1	
3498	1	
3499	3	
3500	5	
3501	8	
3502	9	
3503	6	
3504	1	
3505	3	
3506	5	
3507	8	
3508	1	
3509	9	
3510	2	
3511	10	
3512	1	
3513	2	
3514	10	
3515	4	
3516	3	
3517	3	
3518	5	
3519	2	
3520	6	
3521	2	
3522	1	
3523	6	
3524	2	
3525	4	
3526	4	
3527	7	
3528	2	
3529	3	
3530	2	
3531	7	
3532	1	
3533	5	
3534	1	
3535	1	
3536	5	
3537	6	
3538	5	
3539	7	
3540	8	
3541	5	
3542	1	
3543	7	
3544	9	
3545	3	
3546	6	
3547	10	
3548	3	
3549	7	
3550	9	
3551	4	
3552	10	
3553	3	
3554	3	
3555	2	
3556	8	
3557	8	
3558	2	
3559	3	
3560	6	
3561	8	
3562	7	
3563	5	
3564	7	
3565	4	
3566	6	
3567	8	
3568	1	
3569	3	
3570	8	
3571	7	
3572	9	
3573	6	
3574	2	
3575	10	
3576	3	
3577	6	
3578	7	
3579	9	
3580	6	
3581	4	
3582	2	
3583	1	
3584	1	
3585	6	
3586	5	
3587	6	
3588	9	
3589	1	
3590	9	
3591	9	
3592	2	
3593	3	
3594	9	
3595	3	
3596	6	
3597	7	
3598	1	
3599	5	
3600	9	
3601	10	
3602	4	
3603	4	
3604	7	
3605	3	
3606	1	
3607	1	
3608	6	
3609	7	
3610	10	
3611	8	
3612	1	
3613	9	
3614	8	
3615	7	
3616	7	
3617	4	
3618	2	
3619	4	
3620	1	
3621	9	
3622	5	
3623	10	
3624	5	
3625	9	
3626	4	
3627	7	
3628	1	
3629	8	
3630	10	
3631	9	
3632	6	
3633	2	
3634	2	
3635	5	
3636	5	
3637	3	
3638	1	
3639	8	
3640	9	
3641	2	
3642	2	
3643	6	
3644	10	
3645	6	
3646	1	
3647	1	
3648	2	
3649	6	
3650	1	
3651	6	
3652	4	
3653	3	
3654	4	
3655	10	
3656	6	
3657	4	
3658	6	
3659	10	
3660	9	
3661	1	
3662	8	
3663	1	
3664	4	
3665	5	
3666	2	
3667	3	
3668	4	
3669	2	
3670	7	
3671	9	
3672	6	
3673	5	
3674	1	
3675	9	
3676	5	
3677	4	
3678	2	
3679	5	
3680	10	
3681	3	
3682	10	
3683	5	
3684	10	
3685	6	
3686	2	
3687	10	
3688	4	
3689	3	
3690	1	
3691	6	
3692	2	
3693	7	
3694	4	
3695	10	
3696	3	
3697	10	
3698	3	
3699	2	
3700	9	
3701	7	
3702	6	
3703	4	
3704	4	
3705	8	
3706	6	
3707	10	
3708	10	
3709	10	
3710	1	
3711	2	
3712	8	
3713	1	
3714	2	
3715	1	
3716	10	
3717	8	
3718	4	
3719	3	
3720	6	
3721	7	
3722	3	
3723	5	
3724	5	
3725	2	
3726	8	
3727	7	
3728	9	
3729	5	
3730	10	
3731	5	
3732	2	
3733	9	
3734	1	
3735	9	
3736	10	
3737	1	
3738	2	
3739	2	
3740	2	
3741	9	
3742	7	
3743	8	
3744	8	
3745	1	
3746	6	
3747	8	
3748	5	
3749	4	
3750	8	
3751	7	
3752	10	
3753	3	
3754	4	
3755	10	
3756	1	
3757	1	
3758	3	
3759	2	
3760	2	
3761	1	
3762	3	
3763	2	
3764	8	
3765	3	
3766	5	
3767	1	
3768	7	
3769	7	
3770	7	
3771	2	
3772	7	
3773	9	
3774	7	
3775	5	
3776	1	
3777	10	
3778	7	
3779	7	
3780	5	
3781	1	
3782	1	
3783	3	
3784	3	
3785	6	
3786	1	
3787	10	
3788	4	
3789	7	
3790	6	
3791	10	
3792	10	
3793	2	
3794	7	
3795	7	
3796	8	
3797	10	
3798	4	
3799	3	
3800	10	
3801	1	
3802	3	
3803	9	
3804	2	
3805	1	
3806	9	
3807	8	
3808	6	
3809	10	
3810	7	
3811	1	
3812	5	
3813	4	
3814	6	
3815	8	
3816	4	
3817	10	
3818	5	
3819	6	
3820	10	
3821	4	
3822	10	
3823	1	
3824	10	
3825	10	
3826	9	
3827	8	
3828	8	
3829	10	
3830	8	
3831	5	
3832	1	
3833	7	
3834	2	
3835	7	
3836	9	
3837	6	
3838	8	
3839	8	
3840	7	
3841	4	
3842	1	
3843	5	
3844	4	
3845	10	
3846	1	
3847	9	
3848	9	
3849	1	
3850	10	
3851	1	
3852	9	
3853	3	
3854	8	
3855	2	
3856	1	
3857	9	
3858	3	
3859	2	
3860	7	
3861	3	
3862	1	
3863	4	
3864	4	
3865	4	
3866	4	
3867	3	
3868	3	
3869	2	
3870	1	
3871	2	
3872	1	
3873	7	
3874	2	
3875	4	
3876	5	
3877	7	
3878	1	
3879	9	
3880	3	
3881	2	
3882	5	
3883	7	
3884	1	
3885	9	
3886	10	
3887	7	
3888	1	
3889	6	
3890	10	
3891	8	
3892	4	
3893	8	
3894	10	
3895	1	
3896	4	
3897	9	
3898	7	
3899	4	
3900	4	
3901	6	
3902	6	
3903	5	
3904	5	
3905	8	
3906	6	
3907	3	
3908	2	
3909	6	
3910	9	
3911	4	
3912	1	
3913	9	
3914	9	
3915	3	
3916	10	
3917	9	
3918	2	
3919	6	
3920	3	
3921	10	
3922	5	
3923	9	
3924	10	
3925	3	
3926	1	
3927	3	
3928	7	
3929	3	
3930	6	
3931	5	
3932	2	
3933	1	
3934	8	
3935	5	
3936	9	
3937	3	
3938	5	
3939	8	
3940	8	
3941	6	
3942	3	
3943	5	
3944	6	
3945	8	
3946	9	
3947	2	
3948	3	
3949	2	
3950	2	
3951	5	
3952	4	
3953	4	
3954	1	
3955	2	
3956	2	
3957	5	
3958	3	
3959	8	
3960	4	
3961	7	
3962	1	
3963	8	
3964	7	
3965	4	
3966	8	
3967	1	
3968	8	
3969	7	
3970	10	
3971	7	
3972	10	
3973	9	
3974	8	
3975	1	
3976	9	
3977	4	
3978	3	
3979	5	
3980	2	
3981	4	
3982	7	
3983	6	
3984	1	
3985	5	
3986	1	
3987	6	
3988	10	
3989	8	
3990	1	
3991	7	
3992	5	
3993	7	
3994	6	
3995	2	
3996	3	
3997	4	
3998	5	
3999	10	
4000	1	
4001	7	
4002	7	
4003	2	
4004	9	
4005	8	
4006	7	
4007	10	
4008	6	
4009	2	
4010	10	
4011	5	
4012	8	
4013	10	
4014	3	
4015	8	
4016	10	
4017	7	
4018	5	
4019	5	
4020	5	
4021	4	
4022	7	
4023	9	
4024	10	
4025	10	
4026	4	
4027	4	
4028	7	
4029	3	
4030	4	
4031	5	
4032	1	
4033	9	
4034	8	
4035	6	
4036	10	
4037	4	
4038	9	
4039	5	
4040	2	
4041	2	
4042	7	
4043	2	
4044	10	
4045	9	
4046	3	
4047	7	
4048	4	
4049	3	
4050	6	
4051	3	
4052	10	
4053	4	
4054	4	
4055	1	
4056	4	
4057	5	
4058	5	
4059	6	
4060	9	
4061	6	
4062	3	
4063	6	
4064	5	
4065	1	
4066	6	
4067	5	
4068	1	
4069	4	
4070	3	
4071	4	
4072	6	
4073	7	
4074	9	
4075	1	
4076	10	
4077	9	
4078	6	
4079	7	
4080	6	
4081	2	
4082	7	
4083	1	
4084	6	
4085	1	
4086	5	
4087	10	
4088	2	
4089	10	
4090	5	
4091	5	
4092	1	
4093	10	
4094	5	
4095	2	
4096	5	
4097	8	
4098	3	
4099	6	
4100	10	
4101	1	
4102	3	
4103	7	
4104	2	
4105	6	
4106	7	
4107	3	
4108	9	
4109	9	
4110	6	
4111	7	
4112	9	
4113	2	
4114	5	
4115	9	
4116	9	
4117	2	
4118	7	
4119	10	
4120	7	
4121	4	
4122	10	
4123	4	
4124	6	
4125	8	
4126	9	
4127	10	
4128	10	
4129	6	
4130	1	
4131	2	
4132	4	
4133	1	
4134	8	
4135	8	
4136	3	
4137	4	
4138	9	
4139	8	
4140	6	
4141	10	
4142	4	
4143	1	
4144	10	
4145	10	
4146	10	
4147	5	
4148	8	
4149	10	
4150	7	
4151	4	
4152	6	
4153	8	
4154	6	
4155	6	
4156	5	
4157	2	
4158	6	
4159	8	
4160	3	
4161	9	
4162	6	
4163	7	
4164	7	
4165	3	
4166	9	
4167	6	
4168	10	
4169	5	
4170	7	
4171	3	
4172	5	
4173	9	
4174	9	
4175	9	
4176	1	
4177	7	
4178	1	
4179	2	
4180	4	
4181	9	
4182	9	
4183	1	
4184	1	
4185	9	
4186	10	
4187	6	
4188	5	
4189	9	
4190	3	
4191	10	
4192	8	
4193	10	
4194	8	
4195	6	
4196	2	
4197	2	
4198	6	
4199	8	
4200	10	
4201	8	
4202	2	
4203	7	
4204	3	
4205	6	
4206	2	
4207	3	
4208	9	
4209	10	
4210	1	
4211	5	
4212	3	
4213	8	
4214	10	
4215	1	
4216	7	
4217	1	
4218	8	
4219	8	
4220	5	
4221	4	
4222	8	
4223	6	
4224	6	
4225	2	
4226	4	
4227	4	
4228	9	
4229	6	
4230	8	
4231	9	
4232	7	
4233	2	
4234	4	
4235	10	
4236	1	
4237	6	
4238	4	
4239	7	
4240	9	
4241	10	
4242	8	
4243	10	
4244	4	
4245	4	
4246	7	
4247	7	
4248	3	
4249	1	
4250	10	
4251	3	
4252	10	
4253	7	
4254	2	
4255	5	
4256	6	
4257	4	
4258	4	
4259	8	
4260	10	
4261	4	
4262	4	
4263	6	
4264	10	
4265	9	
4266	10	
4267	9	
4268	4	
4269	6	
4270	1	
4271	2	
4272	1	
4273	9	
4274	10	
4275	2	
4276	10	
4277	10	
4278	4	
4279	10	
4280	2	
4281	8	
4282	7	
4283	10	
4284	6	
4285	3	
4286	10	
4287	6	
4288	7	
4289	7	
4290	6	
4291	1	
4292	6	
4293	9	
4294	7	
4295	8	
4296	6	
4297	6	
4298	4	
4299	9	
4300	5	
4301	2	
4302	10	
4303	6	
4304	4	
4305	8	
4306	9	
4307	6	
4308	8	
4309	3	
4310	6	
4311	4	
4312	4	
4313	9	
4314	3	
4315	3	
4316	3	
4317	5	
4318	8	
4319	5	
4320	6	
4321	9	
4322	1	
4323	5	
4324	8	
4325	8	
4326	6	
4327	5	
4328	4	
4329	3	
4330	4	
4331	9	
4332	8	
4333	2	
4334	2	
4335	3	
4336	7	
4337	4	
4338	2	
4339	5	
4340	3	
4341	1	
4342	6	
4343	4	
4344	2	
4345	1	
4346	2	
4347	1	
4348	9	
4349	6	
4350	7	
4351	9	
4352	5	
4353	7	
4354	4	
4355	3	
4356	1	
4357	2	
4358	7	
4359	3	
4360	5	
4361	8	
4362	1	
4363	8	
4364	4	
4365	1	
4366	9	
4367	8	
4368	8	
4369	5	
4370	8	
4371	9	
4372	5	
4373	4	
4374	2	
4375	8	
4376	5	
4377	8	
4378	4	
4379	7	
4380	1	
4381	5	
4382	8	
4383	9	
4384	1	
4385	2	
4386	2	
4387	4	
4388	2	
4389	5	
4390	9	
4391	5	
4392	3	
4393	5	
4394	8	
4395	9	
4396	10	
4397	1	
4398	4	
4399	5	
4400	6	
4401	8	
4402	1	
4403	9	
4404	3	
4405	5	
4406	1	
4407	2	
4408	5	
4409	5	
4410	1	
4411	6	
4412	5	
4413	5	
4414	3	
4415	10	
4416	7	
4417	5	
4418	4	
4419	2	
4420	5	
4421	4	
4422	9	
4423	5	
4424	1	
4425	7	
4426	4	
4427	2	
4428	6	
4429	4	
4430	6	
4431	10	
4432	3	
4433	2	
4434	8	
4435	6	
4436	6	
4437	4	
4438	1	
4439	6	
4440	2	
4441	7	
4442	8	
4443	1	
4444	6	
4445	2	
4446	9	
4447	10	
4448	7	
4449	1	
4450	9	
4451	10	
4452	9	
4453	10	
4454	8	
4455	9	
4456	9	
4457	7	
4458	8	
4459	1	
4460	3	
4461	5	
4462	6	
4463	3	
4464	3	
4465	10	
4466	4	
4467	6	
4468	4	
4469	2	
4470	4	
4471	4	
4472	4	
4473	4	
4474	7	
4475	6	
4476	3	
4477	4	
4478	9	
4479	6	
4480	4	
4481	2	
4482	1	
4483	1	
4484	1	
4485	3	
4486	2	
4487	1	
4488	6	
4489	8	
4490	2	
4491	2	
4492	9	
4493	7	
4494	3	
4495	2	
4496	4	
4497	5	
4498	10	
4499	6	
4500	8	
4501	5	
4502	10	
4503	6	
4504	4	
4505	9	
4506	3	
4507	4	
4508	10	
4509	10	
4510	2	
4511	7	
4512	9	
4513	3	
4514	9	
4515	8	
4516	2	
4517	10	
4518	2	
4519	9	
4520	2	
4521	9	
4522	7	
4523	4	
4524	8	
4525	1	
4526	5	
4527	2	
4528	4	
4529	9	
4530	4	
4531	1	
4532	3	
4533	7	
4534	7	
4535	1	
4536	7	
4537	7	
4538	6	
4539	8	
4540	2	
4541	10	
4542	7	
4543	10	
4544	3	
4545	5	
4546	4	
4547	6	
4548	1	
4549	6	
4550	9	
4551	6	
4552	1	
4553	5	
4554	2	
4555	9	
4556	2	
4557	8	
4558	3	
4559	3	
4560	9	
4561	5	
4562	5	
4563	4	
4564	4	
4565	9	
4566	9	
4567	6	
4568	9	
4569	7	
4570	5	
4571	2	
4572	4	
4573	4	
4574	6	
4575	1	
4576	3	
4577	10	
4578	8	
4579	9	
4580	4	
4581	8	
4582	1	
4583	2	
4584	5	
4585	4	
4586	6	
4587	4	
4588	4	
4589	1	
4590	6	
4591	3	
4592	2	
4593	8	
4594	2	
4595	2	
4596	2	
4597	2	
4598	3	
4599	9	
4600	7	
4601	6	
4602	8	
4603	6	
4604	7	
4605	7	
4606	4	
4607	1	
4608	7	
4609	7	
4610	10	
4611	8	
4612	7	
4613	5	
4614	10	
4615	6	
4616	2	
4617	1	
4618	8	
4619	10	
4620	3	
4621	10	
4622	10	
4623	7	
4624	4	
4625	6	
4626	5	
4627	1	
4628	5	
4629	1	
4630	10	
4631	7	
4632	8	
4633	10	
4634	7	
4635	2	
4636	4	
4637	4	
4638	6	
4639	9	
4640	4	
4641	3	
4642	3	
4643	4	
4644	7	
4645	3	
4646	4	
4647	4	
4648	9	
4649	3	
4650	6	
4651	7	
4652	10	
4653	6	
4654	8	
4655	9	
4656	3	
4657	8	
4658	3	
4659	2	
4660	2	
4661	3	
4662	10	
4663	9	
4664	7	
4665	2	
4666	10	
4667	10	
4668	7	
4669	9	
4670	3	
4671	7	
4672	9	
4673	10	
4674	10	
4675	3	
4676	4	
4677	7	
4678	7	
4679	1	
4680	10	
4681	2	
4682	9	
4683	2	
4684	8	
4685	6	
4686	7	
4687	5	
4688	10	
4689	3	
4690	9	
4691	8	
4692	10	
4693	4	
4694	6	
4695	6	
4696	2	
4697	7	
4698	6	
4699	6	
4700	9	
4701	7	
4702	6	
4703	5	
4704	3	
4705	9	
4706	5	
4707	6	
4708	9	
4709	4	
4710	1	
4711	5	
4712	9	
4713	5	
4714	4	
4715	10	
4716	6	
4717	10	
4718	10	
4719	3	
4720	10	
4721	10	
4722	2	
4723	10	
4724	3	
4725	3	
4726	9	
4727	4	
4728	10	
4729	9	
4730	4	
4731	5	
4732	7	
4733	5	
4734	5	
4735	9	
4736	6	
4737	4	
4738	7	
4739	6	
4740	10	
4741	8	
4742	9	
4743	10	
4744	1	
4745	5	
4746	5	
4747	5	
4748	2	
4749	7	
4750	4	
4751	7	
4752	2	
4753	4	
4754	9	
4755	7	
4756	4	
4757	9	
4758	8	
4759	8	
4760	10	
4761	7	
4762	9	
4763	7	
4764	7	
4765	10	
4766	9	
4767	7	
4768	9	
4769	7	
4770	5	
4771	10	
4772	3	
4773	10	
4774	1	
4775	4	
4776	6	
4777	2	
4778	3	
4779	2	
4780	6	
4781	10	
4782	5	
4783	2	
4784	6	
4785	7	
4786	4	
4787	5	
4788	8	
4789	9	
4790	1	
4791	1	
4792	2	
4793	8	
4794	6	
4795	10	
4796	6	
4797	4	
4798	7	
4799	3	
4800	5	
4801	4	
4802	8	
4803	8	
4804	1	
4805	5	
4806	2	
4807	2	
4808	6	
4809	3	
4810	1	
4811	9	
4812	7	
4813	4	
4814	6	
4815	10	
4816	7	
4817	10	
4818	10	
4819	6	
4820	8	
4821	4	
4822	9	
4823	10	
4824	7	
4825	3	
4826	1	
4827	5	
4828	3	
4829	6	
4830	5	
4831	10	
4832	2	
4833	9	
4834	5	
4835	3	
4836	5	
4837	10	
4838	7	
4839	9	
4840	1	
4841	5	
4842	7	
4843	10	
4844	3	
4845	9	
4846	9	
4847	5	
4848	6	
4849	8	
4850	2	
4851	9	
4852	9	
4853	6	
4854	5	
4855	2	
4856	5	
4857	3	
4858	1	
4859	6	
4860	1	
4861	7	
4862	10	
4863	8	
4864	8	
4865	2	
4866	4	
4867	2	
4868	2	
4869	8	
4870	4	
4871	6	
4872	1	
4873	5	
4874	10	
4875	1	
4876	6	
4877	6	
4878	1	
4879	2	
4880	10	
4881	2	
4882	3	
4883	6	
4884	9	
4885	9	
4886	6	
4887	1	
4888	6	
4889	6	
4890	3	
4891	1	
4892	10	
4893	7	
4894	1	
4895	4	
4896	7	
4897	6	
4898	10	
4899	1	
4900	9	
4901	7	
4902	4	
4903	2	
4904	1	
4905	10	
4906	4	
4907	8	
4908	9	
4909	4	
4910	4	
4911	5	
4912	10	
4913	2	
4914	4	
4915	5	
4916	9	
4917	10	
4918	1	
4919	8	
4920	6	
4921	3	
4922	5	
4923	8	
4924	9	
4925	1	
4926	8	
4927	7	
4928	7	
4929	4	
4930	6	
4931	4	
4932	6	
4933	8	
4934	4	
4935	5	
4936	3	
4937	4	
4938	7	
4939	5	
4940	3	
4941	6	
4942	8	
4943	4	
4944	10	
4945	5	
4946	7	
4947	5	
4948	8	
4949	9	
4950	6	
4951	10	
4952	2	
4953	5	
4954	2	
4955	9	
4956	1	
4957	4	
4958	8	
4959	3	
4960	2	
4961	8	
4962	6	
4963	6	
4964	2	
4965	10	
4966	10	
4967	10	
4968	5	
4969	4	
4970	7	
4971	3	
4972	4	
4973	1	
4974	9	
4975	3	
4976	7	
4977	8	
4978	2	
4979	1	
4980	8	
4981	3	
4982	10	
4983	1	
4984	9	
4985	10	
4986	1	
4987	3	
4988	10	
4989	5	
4990	6	
4991	3	
4992	1	
4993	3	
4994	1	
4995	5	
4996	4	
4997	3	
4998	7	
4999	2	
5000	2	
5001	9	
5002	4	
5003	9	
5004	1	
5005	7	
5006	1	
5007	2	
5008	2	
5009	9	
5010	6	
5011	3	
5012	9	
5013	10	
5014	6	
5015	10	
5016	2	
5017	3	
5018	3	
5019	6	
5020	4	
5021	9	
5022	9	
5023	2	
5024	10	
5025	4	
5026	8	
5027	9	
5028	5	
5029	8	
5030	4	
5031	9	
5032	6	
5033	6	
5034	4	
5035	5	
5036	9	
5037	3	
5038	1	
5039	9	
5040	5	
5041	7	
5042	3	
5043	8	
5044	9	
5045	8	
5046	6	
5047	8	
5048	2	
5049	1	
5050	5	
5051	2	
5052	6	
5053	6	
5054	8	
5055	2	
5056	5	
5057	4	
5058	8	
5059	5	
5060	4	
5061	2	
5062	6	
5063	8	
5064	5	
5065	9	
5066	6	
5067	8	
5068	7	
5069	8	
5070	1	
5071	5	
5072	9	
5073	7	
5074	1	
5075	7	
5076	4	
5077	2	
5078	5	
5079	4	
5080	2	
5081	9	
5082	7	
5083	2	
5084	4	
5085	5	
5086	5	
5087	4	
5088	1	
5089	1	
5090	6	
5091	9	
5092	3	
5093	4	
5094	6	
5095	8	
5096	5	
5097	5	
5098	3	
5099	7	
5100	1	
5101	10	
5102	3	
5103	1	
5104	1	
5105	4	
5106	1	
5107	7	
5108	8	
5109	3	
5110	2	
5111	4	
5112	6	
5113	2	
5114	6	
5115	4	
5116	10	
5117	7	
5118	3	
5119	10	
5120	10	
5121	2	
5122	2	
5123	9	
5124	7	
5125	3	
5126	10	
5127	8	
5128	2	
5129	7	
5130	1	
5131	5	
5132	2	
5133	2	
5134	6	
5135	1	
5136	5	
5137	1	
5138	2	
5139	6	
5140	6	
5141	6	
5142	8	
5143	5	
5144	7	
5145	6	
5146	5	
5147	6	
5148	7	
5149	1	
5150	9	
5151	8	
5152	4	
5153	2	
5154	1	
5155	7	
5156	5	
5157	7	
5158	1	
5159	5	
5160	5	
5161	9	
5162	7	
5163	6	
5164	3	
5165	9	
5166	4	
5167	8	
5168	8	
5169	3	
5170	2	
5171	9	
5172	4	
5173	8	
5174	10	
5175	10	
5176	2	
5177	6	
5178	10	
5179	10	
5180	3	
5181	9	
5182	6	
5183	2	
5184	7	
5185	6	
5186	8	
5187	1	
5188	9	
5189	5	
5190	6	
5191	9	
5192	4	
5193	7	
5194	6	
5195	9	
5196	8	
5197	10	
5198	1	
5199	1	
5200	6	
5201	10	
5202	4	
5203	5	
5204	8	
5205	1	
5206	10	
5207	5	
5208	1	
5209	1	
5210	6	
5211	4	
5212	2	
5213	2	
5214	7	
5215	4	
5216	1	
5217	1	
5218	9	
5219	7	
5220	10	
5221	6	
5222	7	
5223	3	
5224	5	
5225	7	
5226	1	
5227	7	
5228	10	
5229	5	
5230	3	
5231	1	
5232	9	
5233	4	
5234	3	
5235	4	
5236	7	
5237	6	
5238	2	
5239	4	
5240	3	
5241	1	
5242	10	
5243	3	
5244	8	
5245	5	
5246	2	
5247	4	
5248	3	
5249	5	
5250	7	
5251	6	
5252	9	
5253	10	
5254	9	
5255	2	
5256	7	
5257	1	
5258	10	
5259	9	
5260	2	
5261	3	
5262	8	
5263	7	
5264	1	
5265	8	
5266	6	
5267	7	
5268	3	
5269	2	
5270	2	
5271	8	
5272	7	
5273	5	
5274	7	
5275	1	
5276	9	
5277	8	
5278	10	
5279	8	
5280	3	
5281	7	
5282	5	
5283	9	
5284	2	
5285	2	
5286	7	
5287	8	
5288	9	
5289	7	
5290	8	
5291	6	
5292	1	
5293	9	
5294	9	
5295	1	
5296	8	
5297	10	
5298	7	
5299	1	
5300	2	
5301	4	
5302	3	
5303	9	
5304	7	
5305	4	
5306	4	
5307	6	
5308	3	
5309	1	
5310	2	
5311	6	
5312	4	
5313	10	
5314	6	
5315	10	
5316	8	
5317	1	
5318	2	
5319	6	
5320	6	
5321	4	
5322	4	
5323	2	
5324	4	
5325	3	
5326	2	
5327	2	
5328	8	
5329	4	
5330	7	
5331	9	
5332	4	
5333	3	
5334	7	
5335	1	
5336	4	
5337	7	
5338	1	
5339	9	
5340	9	
5341	6	
5342	6	
5343	5	
5344	3	
5345	6	
5346	3	
5347	2	
5348	2	
5349	8	
5350	1	
5351	10	
5352	7	
5353	2	
5354	9	
5355	9	
5356	3	
5357	9	
5358	3	
5359	1	
5360	2	
5361	10	
5362	1	
5363	6	
5364	7	
5365	1	
5366	9	
5367	7	
5368	3	
5369	2	
5370	1	
5371	8	
5372	8	
5373	7	
5374	3	
5375	9	
5376	8	
5377	8	
5378	4	
5379	10	
5380	7	
5381	4	
5382	6	
5383	6	
5384	3	
5385	6	
5386	10	
5387	2	
5388	9	
5389	6	
5390	3	
5391	10	
5392	3	
5393	4	
5394	5	
5395	2	
5396	10	
5397	4	
5398	7	
5399	6	
5400	3	
5401	10	
5402	9	
5403	7	
5404	10	
5405	4	
5406	10	
5407	5	
5408	6	
5409	7	
5410	8	
5411	1	
5412	2	
5413	5	
5414	2	
5415	2	
5416	8	
5417	9	
5418	1	
5419	9	
5420	7	
5421	8	
5422	10	
5423	8	
5424	1	
5425	9	
5426	10	
5427	2	
5428	3	
5429	6	
5430	2	
5431	7	
5432	3	
5433	6	
5434	5	
5435	7	
5436	2	
5437	4	
5438	1	
5439	6	
5440	6	
5441	3	
5442	8	
5443	9	
5444	9	
5445	6	
5446	4	
5447	3	
5448	3	
5449	7	
5450	10	
5451	7	
5452	10	
5453	3	
5454	6	
5455	10	
5456	9	
5457	9	
5458	4	
5459	1	
5460	6	
5461	6	
5462	2	
5463	7	
5464	3	
5465	6	
5466	8	
5467	3	
5468	5	
5469	9	
5470	5	
5471	10	
5472	6	
5473	9	
5474	8	
5475	7	
5476	5	
5477	10	
5478	9	
5479	4	
5480	1	
5481	9	
5482	8	
5483	10	
5484	6	
5485	8	
5486	5	
5487	5	
5488	8	
5489	4	
5490	9	
5491	2	
5492	10	
5493	6	
5494	3	
5495	5	
5496	4	
5497	10	
5498	9	
5499	9	
5500	6	
5501	5	
5502	1	
5503	6	
5504	5	
5505	1	
5506	5	
5507	8	
5508	3	
5509	7	
5510	1	
5511	4	
5512	8	
5513	8	
5514	7	
5515	10	
5516	8	
5517	5	
5518	5	
5519	2	
5520	7	
5521	7	
5522	9	
5523	6	
5524	1	
5525	3	
5526	5	
5527	9	
5528	1	
5529	5	
5530	5	
5531	6	
5532	7	
5533	1	
5534	6	
5535	3	
5536	2	
5537	3	
5538	8	
5539	9	
5540	10	
5541	2	
5542	1	
5543	2	
5544	9	
5545	10	
5546	4	
5547	2	
5548	5	
5549	2	
5550	7	
5551	9	
5552	2	
5553	4	
5554	9	
5555	7	
5556	5	
5557	1	
5558	2	
5559	7	
5560	7	
5561	1	
5562	1	
5563	9	
5564	3	
5565	1	
5566	5	
5567	3	
5568	2	
5569	1	
5570	2	
5571	1	
5572	5	
5573	4	
5574	2	
5575	5	
5576	7	
5577	6	
5578	7	
5579	9	
5580	7	
5581	9	
5582	7	
5583	9	
5584	6	
5585	5	
5586	10	
5587	1	
5588	8	
5589	7	
5590	6	
5591	9	
5592	7	
5593	10	
5594	7	
5595	4	
5596	7	
5597	10	
5598	2	
5599	5	
5600	2	
5601	1	
5602	3	
5603	2	
5604	10	
5605	6	
5606	8	
5607	3	
5608	7	
5609	7	
5610	4	
5611	2	
5612	2	
5613	6	
5614	7	
5615	9	
5616	4	
5617	3	
5618	7	
5619	5	
5620	4	
5621	2	
5622	6	
5623	2	
5624	7	
5625	7	
5626	4	
5627	8	
5628	10	
5629	8	
5630	4	
5631	6	
5632	6	
5633	9	
5634	10	
5635	9	
5636	6	
5637	3	
5638	1	
5639	4	
5640	8	
5641	4	
5642	10	
5643	8	
5644	8	
5645	7	
5646	8	
5647	3	
5648	7	
5649	3	
5650	5	
5651	3	
5652	10	
5653	7	
5654	9	
5655	2	
5656	3	
5657	2	
5658	5	
5659	1	
5660	5	
5661	9	
5662	2	
5663	9	
5664	1	
5665	7	
5666	8	
5667	9	
5668	8	
5669	1	
5670	5	
5671	7	
5672	10	
5673	8	
5674	8	
5675	5	
5676	5	
5677	5	
5678	2	
5679	6	
5680	6	
5681	1	
5682	3	
5683	1	
5684	2	
5685	7	
5686	3	
5687	6	
5688	2	
5689	5	
5690	4	
5691	5	
5692	2	
5693	2	
5694	3	
5695	9	
5696	8	
5697	9	
5698	1	
5699	2	
5700	6	
5701	5	
5702	10	
5703	6	
5704	8	
5705	5	
5706	1	
5707	4	
5708	7	
5709	9	
5710	7	
5711	1	
5712	5	
5713	10	
5714	3	
5715	6	
5716	2	
5717	8	
5718	3	
5719	7	
5720	2	
5721	10	
5722	4	
5723	8	
5724	6	
5725	10	
5726	10	
5727	2	
5728	1	
5729	8	
5730	1	
5731	1	
5732	3	
5733	8	
5734	2	
5735	3	
5736	9	
5737	2	
5738	2	
5739	2	
5740	9	
5741	3	
5742	5	
5743	3	
5744	3	
5745	9	
5746	1	
5747	5	
5748	1	
5749	3	
5750	8	
5751	1	
5752	7	
5753	9	
5754	10	
5755	5	
5756	6	
5757	10	
5758	9	
5759	1	
5760	1	
5761	8	
5762	5	
5763	7	
5764	8	
5765	4	
5766	6	
5767	4	
5768	5	
5769	8	
5770	7	
5771	2	
5772	1	
5773	2	
5774	10	
5775	3	
5776	7	
5777	3	
5778	10	
5779	4	
5780	7	
5781	3	
5782	9	
5783	9	
5784	10	
5785	1	
5786	5	
5787	5	
5788	4	
5789	7	
5790	2	
5791	3	
5792	3	
5793	2	
5794	5	
5795	5	
5796	5	
5797	2	
5798	10	
5799	1	
5800	7	
5801	10	
5802	1	
5803	9	
5804	2	
5805	7	
5806	7	
5807	5	
5808	9	
5809	4	
5810	8	
5811	8	
5812	4	
5813	5	
5814	2	
5815	2	
5816	2	
5817	4	
5818	6	
5819	7	
5820	5	
5821	3	
5822	6	
5823	5	
5824	8	
5825	5	
5826	3	
5827	10	
5828	5	
5829	1	
5830	4	
5831	3	
5832	10	
5833	1	
5834	5	
5835	9	
5836	5	
5837	3	
5838	10	
5839	6	
5840	10	
5841	9	
5842	2	
5843	8	
5844	6	
5845	10	
5846	10	
5847	9	
5848	5	
5849	8	
5850	1	
5851	10	
5852	2	
5853	9	
5854	7	
5855	10	
5856	7	
5857	7	
5858	4	
5859	10	
5860	4	
5861	6	
5862	1	
5863	6	
5864	7	
5865	7	
5866	10	
5867	3	
5868	6	
5869	2	
5870	7	
5871	1	
5872	7	
5873	7	
5874	10	
5875	5	
5876	1	
5877	2	
5878	6	
5879	1	
5880	2	
5881	6	
5882	1	
5883	4	
5884	6	
5885	2	
5886	10	
5887	8	
5888	10	
5889	5	
5890	2	
5891	6	
5892	6	
5893	4	
5894	7	
5895	5	
5896	8	
5897	6	
5898	3	
5899	4	
5900	8	
5901	9	
5902	5	
5903	2	
5904	2	
5905	4	
5906	8	
5907	5	
5908	10	
5909	2	
5910	1	
5911	10	
5912	2	
5913	2	
5914	1	
5915	8	
5916	6	
5917	8	
5918	7	
5919	7	
5920	2	
5921	6	
5922	1	
5923	7	
5924	1	
5925	1	
5926	8	
5927	8	
5928	4	
5929	1	
5930	2	
5931	4	
5932	6	
5933	5	
5934	10	
5935	6	
5936	2	
5937	5	
5938	7	
5939	1	
5940	7	
5941	9	
5942	2	
5943	2	
5944	4	
5945	8	
5946	2	
5947	1	
5948	6	
5949	10	
5950	6	
5951	6	
5952	8	
5953	3	
5954	3	
5955	5	
5956	7	
5957	8	
5958	5	
5959	4	
5960	2	
5961	10	
5962	10	
5963	2	
5964	10	
5965	5	
5966	8	
5967	2	
5968	7	
5969	7	
5970	6	
5971	6	
5972	4	
5973	1	
5974	9	
5975	9	
5976	4	
5977	4	
5978	10	
5979	3	
5980	9	
5981	7	
5982	2	
5983	7	
5984	4	
5985	5	
5986	10	
5987	7	
5988	2	
5989	6	
5990	1	
5991	3	
5992	7	
5993	4	
5994	4	
5995	7	
5996	5	
5997	10	
5998	3	
5999	5	
6000	3	
6001	3	
6002	8	
6003	4	
6004	10	
6005	9	
6006	5	
6007	2	
6008	3	
6009	10	
6010	6	
6011	9	
6012	4	
6013	2	
6014	2	
6015	3	
6016	7	
6017	6	
6018	3	
6019	10	
6020	6	
6021	9	
6022	8	
6023	5	
6024	6	
6025	3	
6026	10	
6027	9	
6028	8	
6029	8	
6030	9	
6031	5	
6032	6	
6033	8	
6034	6	
6035	4	
6036	9	
6037	6	
6038	3	
6039	5	
6040	2	
6041	4	
6042	9	
6043	6	
6044	3	
6045	6	
6046	9	
6047	4	
6048	10	
6049	2	
6050	10	
6051	3	
6052	1	
6053	6	
6054	5	
6055	6	
6056	3	
6057	3	
6058	7	
6059	7	
6060	6	
6061	6	
6062	5	
6063	7	
6064	2	
6065	4	
6066	6	
6067	9	
6068	3	
6069	8	
6070	7	
6071	1	
6072	4	
6073	7	
6074	1	
6075	5	
6076	9	
6077	1	
6078	6	
6079	2	
6080	4	
6081	10	
6082	1	
6083	5	
6084	4	
6085	8	
6086	3	
6087	7	
6088	1	
6089	1	
6090	2	
6091	10	
6092	4	
6093	5	
6094	7	
6095	6	
6096	5	
6097	10	
6098	3	
6099	4	
6100	2	
6101	4	
6102	8	
6103	2	
6104	9	
6105	10	
6106	3	
6107	3	
6108	7	
6109	4	
6110	5	
6111	8	
6112	8	
6113	2	
6114	7	
6115	2	
6116	3	
6117	6	
6118	1	
6119	3	
6120	9	
6121	6	
6122	2	
6123	1	
6124	6	
6125	1	
6126	1	
6127	5	
6128	8	
6129	9	
6130	4	
6131	6	
6132	8	
6133	9	
6134	5	
6135	9	
6136	2	
6137	3	
6138	6	
6139	10	
6140	2	
6141	2	
6142	7	
6143	3	
6144	4	
6145	5	
6146	7	
6147	5	
6148	5	
6149	5	
6150	9	
6151	9	
6152	7	
6153	9	
6154	5	
6155	5	
6156	3	
6157	3	
6158	8	
6159	1	
6160	6	
6161	7	
6162	3	
6163	5	
6164	2	
6165	8	
6166	7	
6167	4	
6168	4	
6169	7	
6170	5	
6171	9	
6172	4	
6173	2	
6174	3	
6175	6	
6176	5	
6177	3	
6178	10	
6179	1	
6180	3	
6181	1	
6182	4	
6183	2	
6184	8	
6185	9	
6186	4	
6187	9	
6188	8	
6189	10	
6190	10	
6191	2	
6192	7	
6193	1	
6194	3	
6195	4	
6196	4	
6197	2	
6198	4	
6199	5	
6200	3	
6201	5	
6202	1	
6203	9	
6204	4	
6205	6	
6206	6	
6207	6	
6208	4	
6209	10	
6210	5	
6211	4	
6212	1	
6213	9	
6214	7	
6215	8	
6216	3	
6217	10	
6218	2	
6219	5	
6220	2	
6221	1	
6222	1	
6223	1	
6224	6	
6225	2	
6226	4	
6227	2	
6228	6	
6229	1	
6230	9	
6231	6	
6232	7	
6233	4	
6234	3	
6235	8	
6236	1	
6237	7	
6238	5	
6239	9	
6240	8	
6241	9	
6242	5	
6243	5	
6244	6	
6245	8	
6246	6	
6247	2	
6248	3	
6249	5	
6250	5	
6251	9	
6252	9	
6253	9	
6254	5	
6255	1	
6256	6	
6257	7	
6258	6	
6259	6	
6260	7	
6261	8	
6262	5	
6263	9	
6264	2	
6265	1	
6266	1	
6267	3	
6268	7	
6269	6	
6270	8	
6271	6	
6272	3	
6273	9	
6274	2	
6275	5	
6276	1	
6277	8	
6278	8	
6279	5	
6280	9	
6281	9	
6282	3	
6283	5	
6284	10	
6285	8	
6286	10	
6287	10	
6288	2	
6289	9	
6290	7	
6291	5	
6292	3	
6293	6	
6294	2	
6295	4	
6296	10	
6297	8	
6298	5	
6299	5	
6300	2	
6301	1	
6302	5	
6303	2	
6304	4	
6305	7	
6306	7	
6307	2	
6308	1	
6309	4	
6310	6	
6311	3	
6312	7	
6313	1	
6314	4	
6315	6	
6316	6	
6317	6	
6318	3	
6319	9	
6320	2	
6321	2	
6322	3	
6323	9	
6324	10	
6325	10	
6326	6	
6327	6	
6328	9	
6329	4	
6330	6	
6331	5	
6332	3	
6333	8	
6334	5	
6335	2	
6336	2	
6337	6	
6338	7	
6339	9	
6340	6	
6341	3	
6342	3	
6343	1	
6344	2	
6345	3	
6346	7	
6347	8	
6348	9	
6349	7	
6350	6	
6351	1	
6352	9	
6353	1	
6354	8	
6355	4	
6356	4	
6357	3	
6358	6	
6359	8	
6360	10	
6361	8	
6362	8	
6363	6	
6364	6	
6365	7	
6366	10	
6367	7	
6368	3	
6369	4	
6370	6	
6371	8	
6372	9	
6373	6	
6374	6	
6375	8	
6376	9	
6377	4	
6378	3	
6379	4	
6380	9	
6381	10	
6382	7	
6383	9	
6384	8	
6385	9	
6386	8	
6387	1	
6388	9	
6389	1	
6390	6	
6391	8	
6392	7	
6393	4	
6394	5	
6395	8	
6396	9	
6397	4	
6398	9	
6399	5	
6400	9	
6401	2	
6402	3	
6403	3	
6404	5	
6405	8	
6406	1	
6407	1	
6408	2	
6409	1	
6410	6	
6411	3	
6412	4	
6413	9	
6414	1	
6415	8	
6416	4	
6417	2	
6418	5	
6419	8	
6420	8	
6421	7	
6422	6	
6423	9	
6424	3	
6425	1	
6426	1	
6427	2	
6428	5	
6429	3	
6430	2	
6431	10	
6432	4	
6433	1	
6434	5	
6435	2	
6436	6	
6437	1	
6438	1	
6439	9	
6440	8	
6441	2	
6442	9	
6443	7	
6444	8	
6445	3	
6446	6	
6447	8	
6448	4	
6449	3	
6450	2	
6451	5	
6452	5	
6453	4	
6454	7	
6455	6	
6456	3	
6457	8	
6458	8	
6459	3	
6460	2	
6461	1	
6462	7	
6463	7	
6464	6	
6465	10	
6466	5	
6467	5	
6468	2	
6469	10	
6470	3	
6471	6	
6472	8	
6473	9	
6474	5	
6475	5	
6476	1	
6477	4	
6478	4	
6479	6	
6480	8	
6481	7	
6482	1	
6483	9	
6484	8	
6485	10	
6486	2	
6487	10	
6488	9	
6489	2	
6490	3	
6491	9	
6492	10	
6493	10	
6494	1	
6495	6	
6496	9	
6497	4	
6498	3	
6499	3	
6500	3	
6501	10	
6502	10	
6503	5	
6504	7	
6505	6	
6506	3	
6507	10	
6508	8	
6509	3	
6510	1	
6511	9	
6512	3	
6513	1	
6514	7	
6515	5	
6516	2	
6517	6	
6518	2	
6519	3	
6520	6	
6521	1	
6522	4	
6523	5	
6524	1	
6525	5	
6526	7	
6527	3	
6528	6	
6529	5	
6530	10	
6531	2	
6532	4	
6533	9	
6534	4	
6535	7	
6536	8	
6537	9	
6538	1	
6539	2	
6540	9	
6541	2	
6542	1	
6543	5	
6544	4	
6545	8	
6546	9	
6547	1	
6548	1	
6549	1	
6550	8	
6551	2	
6552	1	
6553	8	
6554	9	
6555	6	
6556	5	
6557	10	
6558	6	
6559	7	
6560	3	
6561	6	
6562	7	
6563	4	
6564	6	
6565	8	
6566	10	
6567	6	
6568	3	
6569	2	
6570	6	
6571	10	
6572	6	
6573	5	
6574	5	
6575	5	
6576	7	
6577	10	
6578	7	
6579	6	
6580	9	
6581	9	
6582	3	
6583	4	
6584	2	
6585	6	
6586	3	
6587	7	
6588	2	
6589	10	
6590	3	
6591	9	
6592	8	
6593	4	
6594	9	
6595	10	
6596	7	
6597	6	
6598	3	
6599	1	
6600	7	
6601	6	
6602	7	
6603	4	
6604	6	
6605	6	
6606	3	
6607	6	
6608	1	
6609	8	
6610	8	
6611	1	
6612	1	
6613	1	
6614	5	
6615	8	
6616	6	
6617	8	
6618	6	
6619	9	
6620	5	
6621	5	
6622	8	
6623	9	
6624	2	
6625	5	
6626	3	
6627	1	
6628	2	
6629	2	
6630	3	
6631	4	
6632	9	
6633	9	
6634	3	
6635	4	
6636	7	
6637	1	
6638	1	
6639	5	
6640	9	
6641	1	
6642	3	
6643	5	
6644	8	
6645	4	
6646	10	
6647	7	
6648	4	
6649	3	
6650	8	
6651	8	
6652	3	
6653	7	
6654	10	
6655	6	
6656	7	
6657	10	
6658	5	
6659	8	
6660	10	
6661	3	
6662	7	
6663	3	
6664	7	
6665	4	
6666	5	
6667	4	
6668	8	
6669	6	
6670	2	
6671	9	
6672	8	
6673	10	
6674	10	
6675	2	
6676	10	
6677	5	
6678	6	
6679	9	
6680	9	
6681	5	
6682	3	
6683	5	
6684	10	
6685	2	
6686	6	
6687	5	
6688	5	
6689	8	
6690	4	
6691	10	
6692	4	
6693	1	
6694	8	
6695	2	
6696	4	
6697	10	
6698	3	
6699	8	
6700	9	
6701	8	
6702	4	
6703	2	
6704	4	
6705	3	
6706	4	
6707	3	
6708	10	
6709	5	
6710	10	
6711	5	
6712	8	
6713	7	
6714	7	
6715	9	
6716	5	
6717	3	
6718	3	
6719	5	
6720	2	
6721	4	
6722	3	
6723	4	
6724	2	
6725	7	
6726	3	
6727	4	
6728	1	
6729	1	
6730	6	
6731	8	
6732	6	
6733	6	
6734	9	
6735	7	
6736	2	
6737	1	
6738	6	
6739	5	
6740	7	
6741	2	
6742	8	
6743	6	
6744	1	
6745	2	
6746	9	
6747	8	
6748	5	
6749	3	
6750	2	
6751	2	
6752	10	
6753	6	
6754	10	
6755	4	
6756	9	
6757	6	
6758	1	
6759	10	
6760	1	
6761	10	
6762	9	
6763	3	
6764	6	
6765	8	
6766	5	
6767	7	
6768	9	
6769	5	
6770	5	
6771	10	
6772	9	
6773	3	
6774	5	
6775	10	
6776	1	
6777	8	
6778	5	
6779	1	
6780	7	
6781	9	
6782	3	
6783	9	
6784	10	
6785	1	
6786	8	
6787	7	
6788	6	
6789	10	
6790	5	
6791	9	
6792	5	
6793	4	
6794	6	
6795	6	
6796	8	
6797	1	
6798	8	
6799	6	
6800	3	
6801	5	
6802	4	
6803	3	
6804	1	
6805	5	
6806	6	
6807	8	
6808	1	
6809	4	
6810	9	
6811	9	
6812	7	
6813	6	
6814	6	
6815	5	
6816	8	
6817	8	
6818	6	
6819	10	
6820	4	
6821	8	
6822	5	
6823	8	
6824	5	
6825	1	
6826	10	
6827	3	
6828	3	
6829	6	
6830	7	
6831	1	
6832	10	
6833	2	
6834	7	
6835	1	
6836	4	
6837	7	
6838	3	
6839	5	
6840	6	
6841	9	
6842	4	
6843	3	
6844	6	
6845	10	
6846	6	
6847	9	
6848	7	
6849	5	
6850	1	
6851	9	
6852	5	
6853	7	
6854	9	
6855	4	
6856	10	
6857	4	
6858	6	
6859	9	
6860	8	
6861	4	
6862	6	
6863	1	
6864	1	
6865	3	
6866	9	
6867	3	
6868	7	
6869	10	
6870	3	
6871	3	
6872	7	
6873	8	
6874	8	
6875	6	
6876	7	
6877	6	
6878	3	
6879	7	
6880	2	
6881	8	
6882	8	
6883	5	
6884	8	
6885	10	
6886	4	
6887	9	
6888	9	
6889	2	
6890	2	
6891	5	
6892	5	
6893	5	
6894	9	
6895	5	
6896	4	
6897	7	
6898	3	
6899	4	
6900	1	
6901	2	
6902	9	
6903	5	
6904	2	
6905	4	
6906	1	
6907	4	
6908	3	
6909	3	
6910	10	
6911	4	
6912	7	
6913	8	
6914	1	
6915	5	
6916	4	
6917	10	
6918	4	
6919	9	
6920	6	
6921	8	
6922	5	
6923	10	
6924	9	
6925	6	
6926	5	
6927	6	
6928	9	
6929	3	
6930	6	
6931	6	
6932	2	
6933	6	
6934	4	
6935	1	
6936	7	
6937	1	
6938	4	
6939	4	
6940	3	
6941	5	
6942	5	
6943	1	
6944	9	
6945	7	
6946	9	
6947	6	
6948	3	
6949	1	
6950	9	
6951	3	
6952	4	
6953	9	
6954	4	
6955	10	
6956	1	
6957	4	
6958	10	
6959	2	
6960	9	
6961	10	
6962	10	
6963	8	
6964	3	
6965	7	
6966	5	
6967	7	
6968	1	
6969	10	
6970	4	
6971	5	
6972	7	
6973	9	
6974	4	
6975	8	
6976	7	
6977	1	
6978	3	
6979	6	
6980	1	
6981	2	
6982	9	
6983	9	
6984	8	
6985	5	
6986	8	
6987	6	
6988	9	
6989	4	
6990	4	
6991	2	
6992	1	
6993	8	
6994	8	
6995	1	
6996	7	
6997	9	
6998	6	
6999	7	
7000	2	
7001	4	
7002	7	
7003	7	
7004	8	
7005	6	
7006	4	
7007	3	
7008	1	
7009	5	
7010	7	
7011	10	
7012	9	
7013	6	
7014	4	
7015	1	
7016	5	
7017	7	
7018	8	
7019	7	
7020	8	
7021	3	
7022	1	
7023	7	
7024	4	
7025	9	
7026	5	
7027	4	
7028	1	
7029	1	
7030	10	
7031	7	
7032	3	
7033	9	
7034	4	
7035	5	
7036	3	
7037	3	
7038	8	
7039	8	
7040	4	
7041	2	
7042	8	
7043	3	
7044	1	
7045	3	
7046	1	
7047	7	
7048	2	
7049	10	
7050	7	
7051	8	
7052	3	
7053	7	
7054	1	
7055	5	
7056	7	
7057	8	
7058	1	
7059	3	
7060	9	
7061	10	
7062	4	
7063	9	
7064	4	
7065	6	
7066	8	
7067	8	
7068	10	
7069	7	
7070	7	
7071	4	
7072	3	
7073	1	
7074	5	
7075	4	
7076	3	
7077	2	
7078	10	
7079	9	
7080	9	
7081	5	
7082	7	
7083	8	
7084	5	
7085	9	
7086	3	
7087	7	
7088	8	
7089	1	
7090	4	
7091	5	
7092	8	
7093	10	
7094	6	
7095	4	
7096	7	
7097	10	
7098	2	
7099	1	
7100	2	
7101	8	
7102	10	
7103	4	
7104	9	
7105	3	
7106	7	
7107	10	
7108	8	
7109	4	
7110	8	
7111	6	
7112	3	
7113	7	
7114	4	
7115	5	
7116	1	
7117	2	
7118	7	
7119	10	
7120	2	
7121	4	
7122	8	
7123	9	
7124	7	
7125	10	
7126	9	
7127	3	
7128	7	
7129	10	
7130	2	
7131	1	
7132	4	
7133	5	
7134	1	
7135	2	
7136	5	
7137	6	
7138	9	
7139	3	
7140	1	
7141	8	
7142	4	
7143	10	
7144	7	
7145	8	
7146	8	
7147	9	
7148	7	
7149	6	
7150	3	
7151	3	
7152	8	
7153	1	
7154	1	
7155	9	
7156	4	
7157	5	
7158	4	
7159	10	
7160	3	
7161	7	
7162	7	
7163	10	
7164	7	
7165	1	
7166	5	
7167	3	
7168	1	
7169	5	
7170	3	
7171	6	
7172	1	
7173	5	
7174	2	
7175	2	
7176	3	
7177	4	
7178	2	
7179	5	
7180	2	
7181	6	
7182	6	
7183	1	
7184	9	
7185	6	
7186	5	
7187	5	
7188	10	
7189	2	
7190	7	
7191	6	
7192	10	
7193	5	
7194	10	
7195	1	
7196	4	
7197	5	
7198	5	
7199	10	
7200	2	
7201	3	
7202	4	
7203	8	
7204	7	
7205	3	
7206	5	
7207	6	
7208	10	
7209	8	
7210	2	
7211	1	
7212	7	
7213	9	
7214	8	
7215	10	
7216	4	
7217	2	
7218	7	
7219	7	
7220	4	
7221	2	
7222	7	
7223	2	
7224	3	
7225	9	
7226	5	
7227	5	
7228	7	
7229	9	
7230	2	
7231	6	
7232	1	
7233	1	
7234	3	
7235	9	
7236	3	
7237	3	
7238	8	
7239	9	
7240	5	
7241	8	
7242	3	
7243	2	
7244	9	
7245	2	
7246	3	
7247	1	
7248	7	
7249	3	
7250	9	
7251	3	
7252	7	
7253	1	
7254	8	
7255	7	
7256	6	
7257	4	
7258	1	
7259	10	
7260	3	
7261	10	
7262	10	
7263	9	
7264	10	
7265	6	
7266	2	
7267	10	
7268	2	
7269	6	
7270	1	
7271	5	
7272	9	
7273	8	
7274	6	
7275	10	
7276	1	
7277	8	
7278	5	
7279	7	
7280	7	
7281	1	
7282	8	
7283	5	
7284	2	
7285	4	
7286	2	
7287	9	
7288	6	
7289	2	
7290	5	
7291	3	
7292	3	
7293	9	
7294	4	
7295	4	
7296	2	
7297	8	
7298	4	
7299	2	
7300	1	
7301	6	
7302	1	
7303	4	
7304	9	
7305	5	
7306	7	
7307	7	
7308	7	
7309	9	
7310	2	
7311	2	
7312	1	
7313	3	
7314	9	
7315	2	
7316	3	
7317	2	
7318	9	
7319	1	
7320	6	
7321	10	
7322	4	
7323	9	
7324	3	
7325	2	
7326	7	
7327	8	
7328	8	
7329	6	
7330	4	
7331	8	
7332	3	
7333	10	
7334	9	
7335	2	
7336	1	
7337	4	
7338	3	
7339	2	
7340	7	
7341	8	
7342	9	
7343	3	
7344	5	
7345	1	
7346	8	
7347	4	
7348	3	
7349	8	
7350	7	
7351	10	
7352	7	
7353	5	
7354	9	
7355	7	
7356	4	
7357	5	
7358	1	
7359	7	
7360	1	
7361	1	
7362	9	
7363	1	
7364	7	
7365	3	
7366	10	
7367	2	
7368	9	
7369	1	
7370	9	
7371	8	
7372	10	
7373	4	
7374	2	
7375	9	
7376	6	
7377	1	
7378	10	
7379	10	
7380	5	
7381	7	
7382	1	
7383	1	
7384	9	
7385	6	
7386	4	
7387	6	
7388	1	
7389	2	
7390	2	
7391	4	
7392	6	
7393	1	
7394	1	
7395	5	
7396	7	
7397	2	
7398	5	
7399	7	
7400	3	
7401	7	
7402	10	
7403	2	
7404	10	
7405	1	
7406	9	
7407	9	
7408	5	
7409	8	
7410	6	
7411	7	
7412	5	
7413	3	
7414	3	
7415	9	
7416	7	
7417	10	
7418	2	
7419	4	
7420	5	
7421	1	
7422	10	
7423	5	
7424	5	
7425	7	
7426	5	
7427	9	
7428	1	
7429	10	
7430	4	
7431	6	
7432	4	
7433	5	
7434	4	
7435	3	
7436	7	
7437	4	
7438	3	
7439	6	
7440	1	
7441	5	
7442	2	
7443	7	
7444	10	
7445	5	
7446	7	
7447	2	
7448	10	
7449	3	
7450	8	
7451	2	
7452	4	
7453	10	
7454	6	
7455	2	
7456	7	
7457	8	
7458	8	
7459	2	
7460	6	
7461	1	
7462	8	
7463	10	
7464	4	
7465	2	
7466	2	
7467	1	
7468	4	
7469	10	
7470	10	
7471	10	
7472	10	
7473	6	
7474	3	
7475	9	
7476	3	
7477	4	
7478	2	
7479	1	
7480	2	
7481	2	
7482	8	
7483	5	
7484	7	
7485	2	
7486	7	
7487	5	
7488	3	
7489	2	
7490	2	
7491	6	
7492	8	
7493	6	
7494	4	
7495	1	
7496	6	
7497	8	
7498	7	
7499	5	
7500	4	
7501	5	
7502	8	
7503	2	
7504	3	
7505	8	
7506	2	
7507	6	
7508	1	
7509	8	
7510	7	
7511	9	
7512	7	
7513	6	
7514	1	
7515	10	
7516	1	
7517	3	
7518	9	
7519	2	
7520	3	
7521	10	
7522	3	
7523	6	
7524	8	
7525	8	
7526	6	
7527	10	
7528	2	
7529	2	
7530	7	
7531	2	
7532	9	
7533	10	
7534	9	
7535	9	
7536	3	
7537	8	
7538	4	
7539	8	
7540	3	
7541	10	
7542	3	
7543	10	
7544	9	
7545	3	
7546	10	
7547	3	
7548	2	
7549	8	
7550	7	
7551	3	
7552	10	
7553	10	
7554	4	
7555	7	
7556	2	
7557	1	
7558	5	
7559	8	
7560	1	
7561	3	
7562	4	
7563	1	
7564	10	
7565	7	
7566	5	
7567	7	
7568	2	
7569	1	
7570	10	
7571	6	
7572	5	
7573	7	
7574	5	
7575	1	
7576	1	
7577	10	
7578	8	
7579	3	
7580	10	
7581	6	
7582	4	
7583	2	
7584	1	
7585	4	
7586	3	
7587	6	
7588	4	
7589	2	
7590	6	
7591	3	
7592	9	
7593	1	
7594	10	
7595	7	
7596	10	
7597	8	
7598	5	
7599	9	
7600	8	
7601	9	
7602	2	
7603	3	
7604	6	
7605	7	
7606	5	
7607	1	
7608	10	
7609	2	
7610	4	
7611	5	
7612	2	
7613	7	
7614	3	
7615	5	
7616	3	
7617	4	
7618	10	
7619	7	
7620	5	
7621	8	
7622	4	
7623	2	
7624	10	
7625	1	
7626	6	
7627	4	
7628	8	
7629	3	
7630	1	
7631	8	
7632	8	
7633	5	
7634	3	
7635	6	
7636	9	
7637	7	
7638	8	
7639	9	
7640	4	
7641	2	
7642	4	
7643	7	
7644	6	
7645	8	
7646	2	
7647	1	
7648	5	
7649	2	
7650	4	
7651	9	
7652	2	
7653	2	
7654	2	
7655	2	
7656	8	
7657	9	
7658	7	
7659	7	
7660	6	
7661	2	
7662	7	
7663	7	
7664	6	
7665	6	
7666	2	
7667	4	
7668	8	
7669	8	
7670	3	
7671	1	
7672	2	
7673	10	
7674	3	
7675	2	
7676	2	
7677	6	
7678	6	
7679	10	
7680	5	
7681	8	
7682	1	
7683	5	
7684	8	
7685	7	
7686	10	
7687	4	
7688	9	
7689	7	
7690	3	
7691	7	
7692	1	
7693	8	
7694	6	
7695	7	
7696	10	
7697	8	
7698	10	
7699	1	
7700	10	
7701	1	
7702	3	
7703	4	
7704	5	
7705	9	
7706	2	
7707	7	
7708	1	
7709	5	
7710	4	
7711	5	
7712	10	
7713	7	
7714	3	
7715	5	
7716	8	
7717	5	
7718	5	
7719	5	
7720	2	
7721	7	
7722	9	
7723	2	
7724	8	
7725	1	
7726	10	
7727	2	
7728	9	
7729	4	
7730	1	
7731	2	
7732	4	
7733	9	
7734	5	
7735	9	
7736	4	
7737	4	
7738	1	
7739	1	
7740	3	
7741	10	
7742	9	
7743	7	
7744	3	
7745	10	
7746	8	
7747	5	
7748	6	
7749	9	
7750	8	
7751	3	
7752	7	
7753	5	
7754	8	
7755	3	
7756	5	
7757	5	
7758	1	
7759	7	
7760	8	
7761	9	
7762	8	
7763	4	
7764	5	
7765	6	
7766	3	
7767	8	
7768	3	
7769	3	
7770	3	
7771	5	
7772	8	
7773	2	
7774	5	
7775	10	
7776	5	
7777	9	
7778	2	
7779	4	
7780	5	
7781	8	
7782	6	
7783	3	
7784	6	
7785	7	
7786	7	
7787	1	
7788	3	
7789	1	
7790	3	
7791	1	
7792	10	
7793	10	
7794	10	
7795	10	
7796	6	
7797	7	
7798	4	
7799	1	
7800	3	
7801	6	
7802	7	
7803	9	
7804	10	
7805	8	
7806	9	
7807	7	
7808	6	
7809	5	
7810	6	
7811	6	
7812	2	
7813	4	
7814	3	
7815	6	
7816	4	
7817	9	
7818	6	
7819	10	
7820	1	
7821	2	
7822	8	
7823	10	
7824	2	
7825	6	
7826	7	
7827	6	
7828	5	
7829	3	
7830	1	
7831	1	
7832	3	
7833	6	
7834	2	
7835	4	
7836	7	
7837	3	
7838	2	
7839	5	
7840	9	
7841	7	
7842	4	
7843	7	
7844	10	
7845	4	
7846	6	
7847	6	
7848	5	
7849	7	
7850	4	
7851	7	
7852	6	
7853	3	
7854	3	
7855	9	
7856	8	
7857	5	
7858	7	
7859	3	
7860	3	
7861	3	
7862	10	
7863	8	
7864	9	
7865	3	
7866	7	
7867	3	
7868	3	
7869	9	
7870	10	
7871	4	
7872	7	
7873	8	
7874	4	
7875	4	
7876	4	
7877	9	
7878	8	
7879	10	
7880	7	
7881	6	
7882	8	
7883	2	
7884	9	
7885	9	
7886	4	
7887	9	
7888	7	
7889	4	
7890	6	
7891	6	
7892	5	
7893	10	
7894	4	
7895	8	
7896	6	
7897	9	
7898	4	
7899	6	
7900	9	
7901	9	
7902	5	
7903	1	
7904	8	
7905	6	
7906	5	
7907	7	
7908	8	
7909	10	
7910	1	
7911	8	
7912	6	
7913	10	
7914	1	
7915	3	
7916	4	
7917	2	
7918	1	
7919	7	
7920	6	
7921	8	
7922	4	
7923	7	
7924	1	
7925	10	
7926	2	
7927	4	
7928	10	
7929	9	
7930	6	
7931	10	
7932	4	
7933	8	
7934	9	
7935	5	
7936	6	
7937	8	
7938	8	
7939	6	
7940	5	
7941	6	
7942	7	
7943	10	
7944	4	
7945	8	
7946	10	
7947	6	
7948	4	
7949	5	
7950	9	
7951	4	
7952	4	
7953	9	
7954	5	
7955	2	
7956	2	
7957	8	
7958	3	
7959	7	
7960	5	
7961	3	
7962	6	
7963	2	
7964	8	
7965	2	
7966	3	
7967	1	
7968	9	
7969	9	
7970	4	
7971	9	
7972	2	
7973	5	
7974	2	
7975	8	
7976	8	
7977	1	
7978	7	
7979	7	
7980	2	
7981	3	
7982	4	
7983	6	
7984	2	
7985	6	
7986	8	
7987	7	
7988	5	
7989	7	
7990	10	
7991	8	
7992	7	
7993	7	
7994	10	
7995	1	
7996	2	
7997	6	
7998	10	
7999	6	
8000	5	
8001	6	
8002	10	
8003	2	
8004	7	
8005	10	
8006	2	
8007	3	
8008	2	
8009	3	
8010	5	
8011	8	
8012	1	
8013	3	
8014	2	
8015	2	
8016	4	
8017	4	
8018	9	
8019	4	
8020	5	
8021	7	
8022	7	
8023	8	
8024	8	
8025	7	
8026	5	
8027	4	
8028	1	
8029	1	
8030	8	
8031	10	
8032	6	
8033	2	
8034	1	
8035	10	
8036	1	
8037	4	
8038	5	
8039	8	
8040	4	
8041	1	
8042	7	
8043	7	
8044	3	
8045	6	
8046	9	
8047	5	
8048	7	
8049	4	
8050	9	
8051	7	
8052	7	
8053	1	
8054	9	
8055	3	
8056	8	
8057	5	
8058	8	
8059	6	
8060	6	
8061	10	
8062	4	
8063	6	
8064	3	
8065	7	
8066	1	
8067	7	
8068	7	
8069	3	
8070	6	
8071	2	
8072	9	
8073	6	
8074	9	
8075	4	
8076	9	
8077	6	
8078	7	
8079	5	
8080	10	
8081	5	
8082	9	
8083	3	
8084	7	
8085	8	
8086	7	
8087	8	
8088	7	
8089	2	
8090	8	
8091	9	
8092	9	
8093	2	
8094	5	
8095	1	
8096	8	
8097	10	
8098	9	
8099	9	
8100	5	
8101	10	
8102	9	
8103	8	
8104	9	
8105	2	
8106	8	
8107	6	
8108	6	
8109	6	
8110	4	
8111	1	
8112	9	
8113	9	
8114	5	
8115	2	
8116	10	
8117	2	
8118	9	
8119	10	
8120	7	
8121	2	
8122	4	
8123	7	
8124	9	
8125	1	
8126	2	
8127	10	
8128	5	
8129	10	
8130	6	
8131	7	
8132	2	
8133	2	
8134	3	
8135	9	
8136	4	
8137	8	
8138	3	
8139	5	
8140	8	
8141	1	
8142	5	
8143	4	
8144	7	
8145	5	
8146	4	
8147	3	
8148	3	
8149	8	
8150	4	
8151	10	
8152	5	
8153	5	
8154	10	
8155	9	
8156	9	
8157	2	
8158	5	
8159	6	
8160	3	
8161	1	
8162	4	
8163	10	
8164	5	
8165	2	
8166	4	
8167	3	
8168	6	
8169	9	
8170	10	
8171	6	
8172	1	
8173	7	
8174	7	
8175	5	
8176	9	
8177	6	
8178	9	
8179	1	
8180	8	
8181	4	
8182	5	
8183	7	
8184	9	
8185	8	
8186	7	
8187	3	
8188	2	
8189	6	
8190	1	
8191	9	
8192	8	
8193	6	
8194	10	
8195	9	
8196	5	
8197	3	
8198	5	
8199	10	
8200	1	
8201	4	
8202	8	
8203	10	
8204	1	
8205	9	
8206	8	
8207	3	
8208	8	
8209	4	
8210	10	
8211	10	
8212	4	
8213	6	
8214	4	
8215	7	
8216	2	
8217	3	
8218	4	
8219	9	
8220	1	
8221	10	
8222	5	
8223	2	
8224	2	
8225	10	
8226	5	
8227	5	
8228	7	
8229	5	
8230	8	
8231	7	
8232	10	
8233	6	
8234	1	
8235	3	
8236	2	
8237	2	
8238	9	
8239	2	
8240	2	
8241	2	
8242	8	
8243	1	
8244	4	
8245	8	
8246	2	
8247	7	
8248	9	
8249	2	
8250	8	
8251	9	
8252	2	
8253	3	
8254	4	
8255	4	
8256	1	
8257	3	
8258	2	
8259	5	
8260	7	
8261	3	
8262	7	
8263	4	
8264	3	
8265	1	
8266	5	
8267	6	
8268	8	
8269	1	
8270	9	
8271	9	
8272	2	
8273	9	
8274	2	
8275	1	
8276	9	
8277	2	
8278	7	
8279	2	
8280	4	
8281	1	
8282	7	
8283	1	
8284	8	
8285	9	
8286	6	
8287	9	
8288	3	
8289	10	
8290	7	
8291	1	
8292	4	
8293	8	
8294	10	
8295	7	
8296	4	
8297	4	
8298	10	
8299	10	
8300	8	
8301	1	
8302	7	
8303	7	
8304	7	
8305	2	
8306	7	
8307	6	
8308	2	
8309	6	
8310	9	
8311	4	
8312	6	
8313	10	
8314	8	
8315	6	
8316	8	
8317	2	
8318	2	
8319	8	
8320	3	
8321	9	
8322	3	
8323	10	
8324	7	
8325	6	
8326	6	
8327	6	
8328	10	
8329	4	
8330	10	
8331	10	
8332	8	
8333	10	
8334	6	
8335	10	
8336	5	
8337	4	
8338	10	
8339	3	
8340	5	
8341	4	
8342	8	
8343	6	
8344	6	
8345	3	
8346	4	
8347	8	
8348	2	
8349	7	
8350	9	
8351	4	
8352	7	
8353	6	
8354	9	
8355	7	
8356	3	
8357	4	
8358	8	
8359	5	
8360	4	
8361	8	
8362	5	
8363	2	
8364	3	
8365	9	
8366	6	
8367	1	
8368	8	
8369	5	
8370	1	
8371	1	
8372	5	
8373	2	
8374	10	
8375	7	
8376	2	
8377	7	
8378	1	
8379	5	
8380	9	
8381	4	
8382	3	
8383	7	
8384	4	
8385	5	
8386	10	
8387	8	
8388	9	
8389	9	
8390	9	
8391	9	
8392	1	
8393	4	
8394	3	
8395	7	
8396	6	
8397	1	
8398	8	
8399	9	
8400	7	
8401	8	
8402	5	
8403	5	
8404	5	
8405	7	
8406	1	
8407	4	
8408	7	
8409	7	
8410	8	
8411	6	
8412	6	
8413	7	
8414	10	
8415	2	
8416	9	
8417	8	
8418	5	
8419	8	
8420	3	
8421	2	
8422	8	
8423	10	
8424	2	
8425	9	
8426	4	
8427	10	
8428	7	
8429	4	
8430	7	
8431	3	
8432	2	
8433	8	
8434	9	
8435	8	
8436	1	
8437	5	
8438	8	
8439	10	
8440	8	
8441	7	
8442	4	
8443	1	
8444	8	
8445	2	
8446	10	
8447	6	
8448	10	
8449	7	
8450	2	
8451	8	
8452	8	
8453	2	
8454	1	
8455	5	
8456	2	
8457	4	
8458	5	
8459	9	
8460	5	
8461	7	
8462	5	
8463	5	
8464	5	
8465	6	
8466	8	
8467	2	
8468	10	
8469	7	
8470	10	
8471	9	
8472	4	
8473	6	
8474	6	
8475	6	
8476	2	
8477	1	
8478	8	
8479	6	
8480	6	
8481	6	
8482	6	
8483	7	
8484	9	
8485	9	
8486	9	
8487	2	
8488	7	
8489	5	
8490	2	
8491	4	
8492	3	
8493	7	
8494	7	
8495	6	
8496	9	
8497	4	
8498	5	
8499	6	
8500	5	
8501	2	
8502	9	
8503	1	
8504	4	
8505	5	
8506	1	
8507	5	
8508	4	
8509	5	
8510	1	
8511	9	
8512	6	
8513	7	
8514	10	
8515	9	
8516	8	
8517	10	
8518	1	
8519	2	
8520	6	
8521	10	
8522	6	
8523	1	
8524	5	
8525	4	
8526	4	
8527	7	
8528	1	
8529	1	
8530	6	
8531	1	
8532	5	
8533	4	
8534	2	
8535	9	
8536	8	
8537	5	
8538	9	
8539	4	
8540	7	
8541	6	
8542	5	
8543	3	
8544	10	
8545	1	
8546	8	
8547	7	
8548	2	
8549	4	
8550	1	
8551	3	
8552	8	
8553	1	
8554	4	
8555	9	
8556	2	
8557	9	
8558	3	
8559	3	
8560	10	
8561	2	
8562	7	
8563	4	
8564	9	
8565	8	
8566	8	
8567	9	
8568	1	
8569	7	
8570	7	
8571	10	
8572	6	
8573	9	
8574	3	
8575	3	
8576	9	
8577	2	
8578	1	
8579	8	
8580	2	
8581	1	
8582	8	
8583	1	
8584	7	
8585	7	
8586	4	
8587	3	
8588	9	
8589	2	
8590	7	
8591	7	
8592	7	
8593	5	
8594	5	
8595	7	
8596	3	
8597	7	
8598	8	
8599	8	
8600	4	
8601	1	
8602	10	
8603	7	
8604	5	
8605	5	
8606	4	
8607	8	
8608	10	
8609	9	
8610	8	
8611	3	
8612	2	
8613	4	
8614	3	
8615	4	
8616	4	
8617	5	
8618	9	
8619	7	
8620	5	
8621	7	
8622	6	
8623	9	
8624	6	
8625	3	
8626	8	
8627	5	
8628	8	
8629	3	
8630	2	
8631	10	
8632	4	
8633	4	
8634	6	
8635	1	
8636	9	
8637	4	
8638	9	
8639	5	
8640	8	
8641	5	
8642	6	
8643	9	
8644	9	
8645	8	
8646	7	
8647	1	
8648	10	
8649	9	
8650	2	
8651	4	
8652	7	
8653	6	
8654	7	
8655	10	
8656	2	
8657	7	
8658	4	
8659	3	
8660	3	
8661	3	
8662	5	
8663	7	
8664	6	
8665	7	
8666	3	
8667	7	
8668	5	
8669	3	
8670	6	
8671	3	
8672	10	
8673	8	
8674	2	
8675	10	
8676	7	
8677	8	
8678	5	
8679	3	
8680	2	
8681	10	
8682	10	
8683	3	
8684	1	
8685	3	
8686	7	
8687	3	
8688	4	
8689	10	
8690	4	
8691	7	
8692	8	
8693	5	
8694	2	
8695	2	
8696	4	
8697	2	
8698	5	
8699	9	
8700	3	
8701	1	
8702	8	
8703	6	
8704	4	
8705	7	
8706	4	
8707	7	
8708	10	
8709	5	
8710	3	
8711	9	
8712	1	
8713	9	
8714	9	
8715	1	
8716	4	
8717	3	
8718	2	
8719	8	
8720	3	
8721	9	
8722	9	
8723	5	
8724	6	
8725	9	
8726	6	
8727	7	
8728	10	
8729	4	
8730	2	
8731	3	
8732	4	
8733	8	
8734	10	
8735	6	
8736	7	
8737	7	
8738	9	
8739	9	
8740	8	
8741	7	
8742	10	
8743	8	
8744	7	
8745	5	
8746	10	
8747	4	
8748	5	
8749	4	
8750	9	
8751	2	
8752	6	
8753	10	
8754	7	
8755	9	
8756	8	
8757	1	
8758	4	
8759	4	
8760	3	
8761	6	
8762	8	
8763	1	
8764	8	
8765	7	
8766	10	
8767	10	
8768	8	
8769	7	
8770	4	
8771	4	
8772	5	
8773	3	
8774	3	
8775	10	
8776	9	
8777	8	
8778	10	
8779	7	
8780	4	
8781	6	
8782	3	
8783	8	
8784	3	
8785	6	
8786	7	
8787	7	
8788	3	
8789	5	
8790	10	
8791	9	
8792	9	
8793	9	
8794	8	
8795	5	
8796	5	
8797	9	
8798	5	
8799	10	
8800	3	
8801	6	
8802	1	
8803	9	
8804	9	
8805	10	
8806	3	
8807	6	
8808	6	
8809	5	
8810	3	
8811	5	
8812	4	
8813	6	
8814	5	
8815	2	
8816	1	
8817	10	
8818	4	
8819	7	
8820	4	
8821	1	
8822	7	
8823	6	
8824	9	
8825	5	
8826	10	
8827	10	
8828	9	
8829	9	
8830	5	
8831	5	
8832	7	
8833	10	
8834	5	
8835	3	
8836	8	
8837	8	
8838	8	
8839	9	
8840	4	
8841	5	
8842	5	
8843	7	
8844	7	
8845	5	
8846	2	
8847	6	
8848	5	
8849	4	
8850	5	
8851	8	
8852	1	
8853	1	
8854	2	
8855	1	
8856	3	
8857	1	
8858	2	
8859	10	
8860	8	
8861	6	
8862	2	
8863	7	
8864	5	
8865	9	
8866	9	
8867	5	
8868	10	
8869	6	
8870	1	
8871	9	
8872	2	
8873	10	
8874	1	
8875	6	
8876	9	
8877	6	
8878	4	
8879	5	
8880	7	
8881	10	
8882	10	
8883	8	
8884	7	
8885	1	
8886	7	
8887	9	
8888	9	
8889	10	
8890	3	
8891	4	
8892	1	
8893	10	
8894	4	
8895	8	
8896	6	
8897	2	
8898	8	
8899	10	
8900	4	
8901	5	
8902	9	
8903	3	
8904	1	
8905	7	
8906	1	
8907	10	
8908	6	
8909	4	
8910	2	
8911	5	
8912	8	
8913	6	
8914	6	
8915	6	
8916	1	
8917	8	
8918	1	
8919	7	
8920	2	
8921	1	
8922	5	
8923	2	
8924	8	
8925	4	
8926	7	
8927	5	
8928	3	
8929	7	
8930	9	
8931	8	
8932	2	
8933	4	
8934	4	
8935	8	
8936	2	
8937	1	
8938	5	
8939	5	
8940	3	
8941	10	
8942	5	
8943	8	
8944	5	
8945	8	
8946	2	
8947	1	
8948	5	
8949	2	
8950	1	
8951	9	
8952	9	
8953	7	
8954	10	
8955	3	
8956	1	
8957	1	
8958	3	
8959	5	
8960	4	
8961	5	
8962	2	
8963	2	
8964	3	
8965	2	
8966	10	
8967	1	
8968	1	
8969	3	
8970	6	
8971	6	
8972	3	
8973	10	
8974	3	
8975	9	
8976	5	
8977	4	
8978	4	
8979	1	
8980	4	
8981	10	
8982	10	
8983	2	
8984	9	
8985	10	
8986	6	
8987	8	
8988	7	
8989	3	
8990	6	
8991	9	
8992	6	
8993	4	
8994	4	
8995	3	
8996	6	
8997	9	
8998	1	
8999	9	
9000	1	
9001	6	
9002	7	
9003	9	
9004	9	
9005	10	
9006	9	
9007	4	
9008	8	
9009	7	
9010	7	
9011	9	
9012	9	
9013	9	
9014	8	
9015	7	
9016	9	
9017	5	
9018	3	
9019	8	
9020	7	
9021	9	
9022	6	
9023	4	
9024	6	
9025	4	
9026	2	
9027	3	
9028	9	
9029	8	
9030	1	
9031	8	
9032	7	
9033	8	
9034	3	
9035	9	
9036	4	
9037	8	
9038	2	
9039	7	
9040	9	
9041	7	
9042	4	
9043	8	
9044	7	
9045	1	
9046	2	
9047	9	
9048	5	
9049	7	
9050	8	
9051	8	
9052	4	
9053	9	
9054	10	
9055	10	
9056	10	
9057	10	
9058	10	
9059	1	
9060	7	
9061	4	
9062	2	
9063	3	
9064	6	
9065	6	
9066	1	
9067	8	
9068	9	
9069	1	
9070	1	
9071	4	
9072	5	
9073	6	
9074	6	
9075	4	
9076	1	
9077	5	
9078	5	
9079	4	
9080	6	
9081	10	
9082	1	
9083	8	
9084	7	
9085	1	
9086	10	
9087	10	
9088	7	
9089	5	
9090	1	
9091	10	
9092	5	
9093	1	
9094	7	
9095	1	
9096	7	
9097	7	
9098	5	
9099	8	
9100	8	
9101	5	
9102	3	
9103	1	
9104	4	
9105	5	
9106	8	
9107	2	
9108	5	
9109	8	
9110	3	
9111	1	
9112	9	
9113	3	
9114	10	
9115	3	
9116	3	
9117	3	
9118	5	
9119	1	
9120	10	
9121	8	
9122	6	
9123	9	
9124	5	
9125	8	
9126	2	
9127	10	
9128	10	
9129	8	
9130	8	
9131	6	
9132	9	
9133	9	
9134	2	
9135	3	
9136	4	
9137	2	
9138	10	
9139	7	
9140	6	
9141	8	
9142	10	
9143	5	
9144	1	
9145	5	
9146	2	
9147	10	
9148	4	
9149	10	
9150	8	
9151	6	
9152	4	
9153	10	
9154	10	
9155	6	
9156	2	
9157	6	
9158	9	
9159	3	
9160	8	
9161	6	
9162	5	
9163	1	
9164	3	
9165	4	
9166	5	
9167	2	
9168	10	
9169	5	
9170	1	
9171	10	
9172	3	
9173	6	
9174	9	
9175	9	
9176	10	
9177	7	
9178	7	
9179	6	
9180	1	
9181	7	
9182	3	
9183	9	
9184	8	
9185	5	
9186	1	
9187	2	
9188	2	
9189	4	
9190	5	
9191	10	
9192	6	
9193	1	
9194	3	
9195	6	
9196	4	
9197	10	
9198	5	
9199	4	
9200	2	
9201	4	
9202	4	
9203	4	
9204	2	
9205	4	
9206	8	
9207	4	
9208	7	
9209	2	
9210	5	
9211	1	
9212	5	
9213	5	
9214	9	
9215	5	
9216	10	
9217	4	
9218	2	
9219	6	
9220	7	
9221	1	
9222	10	
9223	3	
9224	10	
9225	5	
9226	5	
9227	6	
9228	6	
9229	4	
9230	8	
9231	10	
9232	6	
9233	9	
9234	10	
9235	5	
9236	2	
9237	2	
9238	7	
9239	6	
9240	3	
9241	2	
9242	2	
9243	4	
9244	8	
9245	1	
9246	9	
9247	3	
9248	9	
9249	8	
9250	8	
9251	4	
9252	5	
9253	9	
9254	8	
9255	10	
9256	1	
9257	9	
9258	9	
9259	5	
9260	6	
9261	9	
9262	5	
9263	6	
9264	1	
9265	7	
9266	2	
9267	8	
9268	10	
9269	6	
9270	7	
9271	2	
9272	8	
9273	4	
9274	6	
9275	4	
9276	7	
9277	10	
9278	1	
9279	5	
9280	6	
9281	8	
9282	3	
9283	6	
9284	4	
9285	9	
9286	8	
9287	4	
9288	8	
9289	3	
9290	8	
9291	8	
9292	1	
9293	4	
9294	5	
9295	10	
9296	4	
9297	10	
9298	8	
9299	10	
9300	9	
9301	2	
9302	8	
9303	1	
9304	8	
9305	3	
9306	10	
9307	7	
9308	7	
9309	4	
9310	4	
9311	5	
9312	10	
9313	3	
9314	3	
9315	9	
9316	2	
9317	8	
9318	1	
9319	2	
9320	8	
9321	6	
9322	7	
9323	8	
9324	3	
9325	10	
9326	5	
9327	8	
9328	10	
9329	5	
9330	8	
9331	2	
9332	8	
9333	8	
9334	4	
9335	7	
9336	9	
9337	9	
9338	4	
9339	6	
9340	5	
9341	7	
9342	10	
9343	3	
9344	9	
9345	5	
9346	3	
9347	9	
9348	8	
9349	6	
9350	5	
9351	9	
9352	4	
9353	2	
9354	4	
9355	2	
9356	1	
9357	7	
9358	10	
9359	10	
9360	8	
9361	8	
9362	7	
9363	10	
9364	7	
9365	10	
9366	3	
9367	9	
9368	1	
9369	5	
9370	7	
9371	8	
9372	3	
9373	10	
9374	1	
9375	8	
9376	4	
9377	9	
9378	3	
9379	4	
9380	9	
9381	2	
9382	1	
9383	8	
9384	2	
9385	3	
9386	2	
9387	1	
9388	6	
9389	8	
9390	10	
9391	5	
9392	8	
9393	10	
9394	7	
9395	5	
9396	7	
9397	10	
9398	3	
9399	8	
9400	2	
9401	2	
9402	9	
9403	8	
9404	2	
9405	7	
9406	5	
9407	3	
9408	6	
9409	4	
9410	5	
9411	7	
9412	9	
9413	9	
9414	6	
9415	10	
9416	7	
9417	4	
9418	8	
9419	3	
9420	9	
9421	2	
9422	6	
9423	9	
9424	5	
9425	3	
9426	1	
9427	4	
9428	5	
9429	9	
9430	8	
9431	6	
9432	9	
9433	9	
9434	3	
9435	5	
9436	1	
9437	4	
9438	4	
9439	6	
9440	7	
9441	4	
9442	4	
9443	6	
9444	9	
9445	10	
9446	9	
9447	5	
9448	8	
9449	10	
9450	10	
9451	7	
9452	10	
9453	3	
9454	3	
9455	2	
9456	2	
9457	5	
9458	5	
9459	9	
9460	7	
9461	7	
9462	9	
9463	4	
9464	10	
9465	9	
9466	5	
9467	1	
9468	3	
9469	4	
9470	8	
9471	10	
9472	1	
9473	8	
9474	6	
9475	3	
9476	10	
9477	4	
9478	6	
9479	9	
9480	3	
9481	4	
9482	1	
9483	10	
9484	8	
9485	4	
9486	3	
9487	9	
9488	8	
9489	8	
9490	7	
9491	8	
9492	8	
9493	5	
9494	5	
9495	8	
9496	4	
9497	4	
9498	1	
9499	5	
9500	1	
9501	10	
9502	5	
9503	4	
9504	8	
9505	1	
9506	9	
9507	6	
9508	1	
9509	5	
9510	10	
9511	3	
9512	5	
9513	7	
9514	7	
9515	6	
9516	6	
9517	2	
9518	9	
9519	4	
9520	4	
9521	7	
9522	4	
9523	7	
9524	9	
9525	10	
9526	8	
9527	8	
9528	4	
9529	1	
9530	7	
9531	2	
9532	1	
9533	6	
9534	7	
9535	9	
9536	2	
9537	10	
9538	7	
9539	9	
9540	6	
9541	4	
9542	2	
9543	5	
9544	5	
9545	7	
9546	8	
9547	10	
9548	8	
9549	6	
9550	8	
9551	3	
9552	4	
9553	5	
9554	5	
9555	8	
9556	5	
9557	10	
9558	9	
9559	6	
9560	2	
9561	7	
9562	4	
9563	10	
9564	4	
9565	7	
9566	1	
9567	7	
9568	7	
9569	9	
9570	8	
9571	2	
9572	8	
9573	6	
9574	8	
9575	1	
9576	6	
9577	9	
9578	6	
9579	5	
9580	5	
9581	6	
9582	9	
9583	8	
9584	1	
9585	1	
9586	3	
9587	7	
9588	9	
9589	8	
9590	1	
9591	2	
9592	9	
9593	6	
9594	3	
9595	6	
9596	9	
9597	2	
9598	5	
9599	1	
9600	10	
9601	1	
9602	2	
9603	6	
9604	8	
9605	3	
9606	7	
9607	7	
9608	1	
9609	4	
9610	3	
9611	3	
9612	2	
9613	7	
9614	1	
9615	9	
9616	2	
9617	4	
9618	5	
9619	7	
9620	7	
9621	5	
9622	1	
9623	6	
9624	6	
9625	1	
9626	7	
9627	3	
9628	2	
9629	4	
9630	8	
9631	10	
9632	9	
9633	1	
9634	6	
9635	2	
9636	3	
9637	8	
9638	6	
9639	7	
9640	8	
9641	7	
9642	5	
9643	7	
9644	2	
9645	10	
9646	6	
9647	3	
9648	5	
9649	6	
9650	7	
9651	6	
9652	6	
9653	3	
9654	1	
9655	9	
9656	7	
9657	5	
9658	3	
9659	2	
9660	6	
9661	7	
9662	7	
9663	6	
9664	10	
9665	9	
9666	7	
9667	6	
9668	1	
9669	6	
9670	10	
9671	8	
9672	2	
9673	10	
9674	6	
9675	9	
9676	10	
9677	5	
9678	9	
9679	6	
9680	5	
9681	6	
9682	10	
9683	7	
9684	9	
9685	9	
9686	2	
9687	8	
9688	5	
9689	7	
9690	7	
9691	4	
9692	6	
9693	6	
9694	6	
9695	6	
9696	8	
9697	1	
9698	5	
9699	9	
9700	5	
9701	6	
9702	4	
9703	8	
9704	8	
9705	2	
9706	6	
9707	9	
9708	4	
9709	8	
9710	9	
9711	6	
9712	5	
9713	3	
9714	3	
9715	5	
9716	2	
9717	3	
9718	7	
9719	1	
9720	3	
9721	4	
9722	6	
9723	9	
9724	3	
9725	6	
9726	10	
9727	10	
9728	3	
9729	2	
9730	3	
9731	10	
9732	2	
9733	7	
9734	8	
9735	4	
9736	4	
9737	4	
9738	2	
9739	1	
9740	7	
9741	4	
9742	2	
9743	4	
9744	10	
9745	3	
9746	10	
9747	8	
9748	2	
9749	1	
9750	7	
9751	3	
9752	6	
9753	4	
9754	5	
9755	8	
9756	6	
9757	5	
9758	4	
9759	8	
9760	3	
9761	6	
9762	4	
9763	10	
9764	8	
9765	5	
9766	9	
9767	4	
9768	3	
9769	2	
9770	6	
9771	7	
9772	6	
9773	1	
9774	5	
9775	2	
9776	6	
9777	9	
9778	6	
9779	1	
9780	2	
9781	5	
9782	1	
9783	1	
9784	1	
9785	6	
9786	10	
9787	2	
9788	9	
9789	4	
9790	2	
9791	8	
9792	5	
9793	9	
9794	3	
9795	2	
9796	7	
9797	9	
9798	4	
9799	1	
9800	8	
9801	8	
9802	9	
9803	1	
9804	2	
9805	5	
9806	3	
9807	10	
9808	4	
9809	6	
9810	7	
9811	7	
9812	9	
9813	1	
9814	9	
9815	4	
9816	6	
9817	1	
9818	10	
9819	1	
9820	3	
9821	10	
9822	3	
9823	2	
9824	2	
9825	6	
9826	3	
9827	10	
9828	3	
9829	8	
9830	9	
9831	7	
9832	2	
9833	10	
9834	6	
9835	1	
9836	7	
9837	7	
9838	9	
9839	4	
9840	9	
9841	7	
9842	3	
9843	8	
9844	2	
9845	5	
9846	8	
9847	8	
9848	8	
9849	9	
9850	8	
9851	10	
9852	3	
9853	2	
9854	5	
9855	6	
9856	8	
9857	6	
9858	4	
9859	6	
9860	7	
9861	10	
9862	9	
9863	6	
9864	10	
9865	10	
9866	5	
9867	5	
9868	4	
9869	4	
9870	4	
9871	8	
9872	5	
9873	1	
9874	10	
9875	7	
9876	9	
9877	5	
9878	9	
9879	8	
9880	2	
9881	5	
9882	5	
9883	10	
9884	5	
9885	7	
9886	10	
9887	2	
9888	2	
9889	8	
9890	1	
9891	8	
9892	4	
9893	2	
9894	10	
9895	8	
9896	2	
9897	8	
9898	3	
9899	10	
9900	10	
9901	3	
9902	6	
9903	1	
9904	6	
9905	6	
9906	3	
9907	9	
9908	7	
9909	5	
9910	2	
9911	9	
9912	5	
9913	10	
9914	6	
9915	4	
9916	4	
9917	7	
9918	8	
9919	4	
9920	9	
9921	5	
9922	7	
9923	5	
9924	10	
9925	3	
9926	8	
9927	8	
9928	1	
9929	1	
9930	9	
9931	10	
9932	7	
9933	9	
9934	10	
9935	7	
9936	1	
9937	1	
9938	7	
9939	3	
9940	7	
9941	6	
9942	2	
9943	10	
9944	6	
9945	10	
9946	9	
9947	7	
9948	7	
9949	1	
9950	7	
9951	7	
9952	6	
9953	1	
9954	6	
9955	3	
9956	8	
9957	4	
9958	5	
9959	5	
9960	6	
9961	3	
9962	6	
9963	2	
9964	3	
9965	1	
9966	1	
9967	10	
9968	10	
9969	7	
9970	1	
9971	6	
9972	8	
9973	10	
9974	8	
9975	2	
9976	3	
9977	2	
9978	1	
9979	3	
9980	6	
9981	8	
9982	3	
9983	5	
9984	3	
9985	1	
9986	7	
9987	1	
9988	3	
9989	8	
9990	8	
9991	4	
9992	5	
9993	7	
9994	4	
9995	5	
9996	10	
9997	7	
9998	7	
9999	5	
10000	7	
4422
