2000
1	476	
2	104	
3	814	
4	551	
5	928	
6	462	
7	897	
8	816	
9	289	
10	118	
11	752	
12	487	
13	360	
14	400	
15	153	
16	801	
17	193	
18	444	
19	669	
20	826	
21	25	
22	436	
23	168	
24	107	
25	369	
26	460	
27	342	
28	68	
29	610	
30	99	
31	334	
32	24	
33	136	
34	41	
35	656	
36	781	
37	24	
38	193	
39	88	
40	67	
41	443	
42	750	
43	194	
44	170	
45	523	
46	895	
47	414	
48	238	
49	195	
50	348	
51	347	
52	748	
53	657	
54	112	
55	565	
56	428	
57	933	
58	359	
59	576	
60	342	
61	881	
62	791	
63	356	
64	471	
65	280	
66	256	
67	177	
68	843	
69	536	
70	574	
71	506	
72	122	
73	202	
74	347	
75	164	
76	861	
77	679	
78	207	
79	653	
80	127	
81	714	
82	354	
83	439	
84	190	
85	650	
86	982	
87	252	
88	1000	
89	622	
90	47	
91	657	
92	689	
93	273	
94	788	
95	196	
96	561	
97	469	
98	581	
99	744	
100	432	
101	561	
102	876	
103	686	
104	900	
105	197	
106	70	
107	611	
108	103	
109	787	
110	337	
111	983	
112	659	
113	293	
114	813	
115	673	
116	399	
117	715	
118	789	
119	997	
120	713	
121	292	
122	877	
123	648	
124	507	
125	553	
126	467	
127	840	
128	288	
129	671	
130	511	
131	246	
132	757	
133	219	
134	260	
135	5	
136	858	
137	45	
138	471	
139	170	
140	912	
141	207	
142	781	
143	411	
144	811	
145	437	
146	518	
147	98	
148	415	
149	85	
150	470	
151	249	
152	949	
153	62	
154	600	
155	702	
156	188	
157	242	
158	771	
159	798	
160	905	
161	117	
162	575	
163	794	
164	562	
165	117	
166	734	
167	999	
168	76	
169	490	
170	381	
171	551	
172	690	
173	805	
174	602	
175	339	
176	711	
177	914	
178	405	
179	826	
180	560	
181	735	
182	745	
183	200	
184	364	
185	501	
186	185	
187	34	
188	477	
189	644	
190	141	
191	350	
192	471	
193	536	
194	908	
195	341	
196	134	
197	616	
198	546	
199	763	
200	721	
201	331	
202	897	
203	563	
204	267	
205	203	
206	345	
207	4	
208	454	
209	563	
210	945	
211	632	
212	240	
213	99	
214	141	
215	594	
216	279	
217	72	
218	784	
219	813	
220	446	
221	494	
222	889	
223	513	
224	640	
225	944	
226	40	
227	503	
228	449	
229	819	
230	431	
231	689	
232	610	
233	801	
234	386	
235	461	
236	756	
237	361	
238	41	
239	865	
240	945	
241	905	
242	323	
243	357	
244	263	
245	518	
246	411	
247	910	
248	518	
249	440	
250	20	
251	367	
252	863	
253	761	
254	542	
255	751	
256	493	
257	180	
258	344	
259	815	
260	173	
261	311	
262	13	
263	987	
264	847	
265	795	
266	2	
267	902	
268	12	
269	9	
270	75	
271	400	
272	479	
273	236	
274	523	
275	33	
276	174	
277	787	
278	730	
279	517	
280	680	
281	853	
282	134	
283	783	
284	103	
285	412	
286	397	
287	359	
288	157	
289	637	
290	711	
291	974	
292	864	
293	324	
294	230	
295	351	
296	855	
297	538	
298	862	
299	822	
300	12	
301	96	
302	239	
303	778	
304	521	
305	707	
306	512	
307	627	
308	389	
309	128	
310	995	
311	510	
312	862	
313	566	
314	446	
315	998	
316	342	
317	449	
318	741	
319	874	
320	993	
321	322	
322	3	
323	156	
324	746	
325	945	
326	15	
327	550	
328	899	
329	694	
330	745	
331	100	
332	195	
333	57	
334	660	
335	782	
336	815	
337	895	
338	507	
339	124	
340	356	
341	445	
342	142	
343	394	
344	992	
345	292	
346	379	
347	980	
348	590	
349	85	
350	231	
351	464	
352	208	
353	4	
354	364	
355	600	
356	557	
357	167	
358	499	
359	679	
360	938	
361	742	
362	737	
363	81	
364	258	
365	674	
366	331	
367	653	
368	464	
369	111	
370	35	
371	852	
372	218	
373	948	
374	266	
375	856	
376	133	
377	615	
378	286	
379	528	
380	517	
381	427	
382	235	
383	864	
384	163	
385	211	
386	859	
387	51	
388	78	
389	918	
390	808	
391	219	
392	269	
393	323	
394	750	
395	596	
396	377	
397	980	
398	972	
399	838	
400	445	
401	388	
402	25	
403	442	
404	743	
405	866	
406	120	
407	218	
408	350	
409	558	
410	758	
411	339	
412	91	
413	713	
414	385	
415	355	
416	754	
417	791	
418	488	
419	756	
420	112	
421	229	
422	791	
423	113	
424	260	
425	140	
426	705	
427	478	
428	824	
429	838	
430	622	
431	363	
432	46	
433	670	
434	693	
435	279	
436	869	
437	498	
438	760	
439	326	
440	723	
441	418	
442	980	
443	332	
444	754	
445	815	
446	152	
447	57	
448	301	
449	735	
450	763	
451	437	
452	297	
453	149	
454	55	
455	650	
456	814	
457	75	
458	866	
459	647	
460	718	
461	369	
462	442	
463	49	
464	906	
465	972	
466	158	
467	930	
468	506	
469	802	
470	865	
471	236	
472	91	
473	266	
474	400	
475	540	
476	223	
477	71	
478	520	
479	193	
480	403	
481	675	
482	195	
483	219	
484	442	
485	85	
486	105	
487	70	
488	988	
489	909	
490	201	
491	391	
492	763	
493	117	
494	311	
495	11	
496	338	
497	399	
498	453	
499	772	
500	502	
501	379	
502	860	
503	285	
504	655	
505	255	
506	17	
507	907	
508	37	
509	487	
510	683	
511	860	
512	948	
513	124	
514	48	
515	321	
516	930	
517	486	
518	261	
519	565	
520	814	
521	85	
522	541	
523	500	
524	824	
525	185	
526	974	
527	807	
528	782	
529	127	
530	609	
531	357	
532	626	
533	724	
534	409	
535	833	
536	134	
537	241	
538	880	
539	1000	
540	290	
541	863	
542	646	
543	705	
544	554	
545	90	
546	300	
547	509	
548	226	
549	768	
550	618	
551	118	
552	203	
553	81	
554	415	
555	857	
556	949	
557	286	
558	407	
559	758	
560	357	
561	595	
562	955	
563	396	
564	406	
565	790	
566	63	
567	975	
568	545	
569	615	
570	197	
571	692	
572	999	
573	416	
574	700	
575	985	
576	43	
577	957	
578	917	
579	367	
580	50	
581	762	
582	89	
583	329	
584	300	
585	753	
586	790	
587	92	
588	602	
589	403	
590	377	
591	463	
592	143	
593	612	
594	619	
595	362	
596	289	
597	825	
598	230	
599	408	
600	888	
601	458	
602	655	
603	342	
604	371	
605	130	
606	139	
607	716	
608	951	
609	220	
610	291	
611	768	
612	113	
613	173	
614	946	
615	320	
616	744	
617	247	
618	971	
619	758	
620	974	
621	369	
622	749	
623	107	
624	910	
625	481	
626	297	
627	646	
628	901	
629	588	
630	1000	
631	204	
632	394	
633	546	
634	655	
635	656	
636	583	
637	853	
638	668	
639	441	
640	703	
641	80	
642	343	
643	128	
644	768	
645	553	
646	276	
647	841	
648	664	
649	96	
650	870	
651	815	
652	42	
653	240	
654	867	
655	97	
656	456	
657	171	
658	988	
659	930	
660	783	
661	480	
662	931	
663	666	
664	688	
665	918	
666	268	
667	39	
668	579	
669	64	
670	302	
671	729	
672	475	
673	112	
674	889	
675	999	
676	214	
677	821	
678	464	
679	4	
680	708	
681	23	
682	486	
683	862	
684	941	
685	455	
686	330	
687	491	
688	333	
689	674	
690	588	
691	627	
692	130	
693	932	
694	55	
695	819	
696	321	
697	823	
698	831	
699	582	
700	374	
701	963	
702	130	
703	651	
704	842	
705	797	
706	809	
707	36	
708	29	
709	882	
710	357	
711	162	
712	155	
713	154	
714	596	
715	860	
716	16	
717	95	
718	203	
719	862	
720	959	
721	645	
722	99	
723	28	
724	291	
725	658	
726	845	
727	494	
728	998	
729	348	
730	432	
731	643	
732	737	
733	303	
734	800	
735	512	
736	286	
737	791	
738	238	
739	935	
740	546	
741	559	
742	332	
743	163	
744	886	
745	50	
746	55	
747	240	
748	907	
749	400	
750	317	
751	501	
752	99	
753	237	
754	686	
755	451	
756	501	
757	159	
758	389	
759	644	
760	231	
761	599	
762	438	
763	599	
764	203	
765	652	
766	863	
767	800	
768	196	
769	93	
770	265	
771	170	
772	808	
773	37	
774	637	
775	54	
776	261	
777	398	
778	664	
779	395	
780	829	
781	665	
782	953	
783	510	
784	924	
785	674	
786	832	
787	432	
788	390	
789	270	
790	479	
791	549	
792	852	
793	557	
794	346	
795	961	
796	341	
797	754	
798	272	
799	682	
800	614	
801	552	
802	649	
803	691	
804	229	
805	972	
806	167	
807	869	
808	615	
809	511	
810	55	
811	965	
812	135	
813	883	
814	319	
815	122	
816	904	
817	443	
818	159	
819	301	
820	591	
821	77	
822	962	
823	713	
824	788	
825	921	
826	188	
827	58	
828	591	
829	912	
830	306	
831	304	
832	820	
833	687	
834	47	
835	602	
836	257	
837	515	
838	155	
839	853	
840	965	
841	845	
842	971	
843	501	
844	713	
845	405	
846	758	
847	328	
848	744	
849	809	
850	348	
851	776	
852	487	
853	988	
854	359	
855	486	
856	47	
857	248	
858	611	
859	105	
860	296	
861	287	
862	951	
863	583	
864	374	
865	131	
866	146	
867	281	
868	630	
869	491	
870	305	
871	320	
872	622	
873	727	
874	629	
875	284	
876	834	
877	168	
878	55	
879	961	
880	811	
881	475	
882	254	
883	777	
884	232	
885	781	
886	741	
887	199	
888	670	
889	973	
890	704	
891	176	
892	185	
893	286	
894	532	
895	801	
896	347	
897	684	
898	716	
899	573	
900	849	
901	244	
902	360	
903	110	
904	835	
905	702	
906	933	
907	401	
908	915	
909	180	
910	410	
911	613	
912	130	
913	570	
914	590	
915	257	
916	727	
917	245	
918	117	
919	194	
920	593	
921	22	
922	602	
923	556	
924	114	
925	150	
926	684	
927	222	
928	188	
929	113	
930	970	
931	505	
932	861	
933	749	
934	473	
935	967	
936	172	
937	26	
938	898	
939	853	
940	651	
941	865	
942	382	
943	835	
944	101	
945	838	
946	220	
947	776	
948	414	
949	359	
950	487	
951	248	
952	368	
953	300	
954	546	
955	616	
956	722	
957	519	
958	509	
959	390	
960	720	
961	91	
962	151	
963	483	
964	168	
965	879	
966	483	
967	770	
968	928	
969	186	
970	453	
971	696	
972	899	
973	725	
974	524	
975	420	
976	611	
977	150	
978	367	
979	101	
980	781	
981	697	
982	458	
983	377	
984	258	
985	191	
986	496	
987	858	
988	706	
989	80	
990	959	
991	448	
992	592	
993	930	
994	305	
995	940	
996	571	
997	689	
998	167	
999	496	
1000	504	
1001	39	
1002	686	
1003	25	
1004	931	
1005	923	
1006	907	
1007	999	
1008	469	
1009	467	
1010	32	
1011	369	
1012	676	
1013	596	
1014	15	
1015	20	
1016	376	
1017	158	
1018	531	
1019	611	
1020	353	
1021	74	
1022	532	
1023	797	
1024	692	
1025	173	
1026	393	
1027	363	
1028	813	
1029	916	
1030	749	
1031	160	
1032	876	
1033	280	
1034	356	
1035	297	
1036	842	
1037	705	
1038	44	
1039	981	
1040	914	
1041	228	
1042	23	
1043	916	
1044	290	
1045	927	
1046	421	
1047	137	
1048	361	
1049	777	
1050	532	
1051	498	
1052	232	
1053	5	
1054	169	
1055	940	
1056	179	
1057	973	
1058	246	
1059	409	
1060	495	
1061	976	
1062	564	
1063	11	
1064	91	
1065	870	
1066	783	
1067	728	
1068	41	
1069	808	
1070	367	
1071	382	
1072	411	
1073	787	
1074	603	
1075	445	
1076	648	
1077	139	
1078	813	
1079	810	
1080	638	
1081	218	
1082	402	
1083	656	
1084	255	
1085	432	
1086	785	
1087	22	
1088	374	
1089	153	
1090	201	
1091	814	
1092	193	
1093	100	
1094	453	
1095	761	
1096	30	
1097	385	
1098	537	
1099	605	
1100	423	
1101	120	
1102	83	
1103	993	
1104	632	
1105	325	
1106	349	
1107	93	
1108	765	
1109	208	
1110	167	
1111	509	
1112	567	
1113	983	
1114	687	
1115	436	
1116	245	
1117	100	
1118	634	
1119	739	
1120	501	
1121	707	
1122	474	
1123	625	
1124	546	
1125	401	
1126	247	
1127	25	
1128	668	
1129	800	
1130	680	
1131	49	
1132	333	
1133	848	
1134	185	
1135	223	
1136	480	
1137	765	
1138	212	
1139	180	
1140	258	
1141	501	
1142	122	
1143	282	
1144	339	
1145	32	
1146	152	
1147	39	
1148	419	
1149	904	
1150	365	
1151	514	
1152	623	
1153	384	
1154	728	
1155	643	
1156	259	
1157	831	
1158	283	
1159	900	
1160	15	
1161	780	
1162	396	
1163	500	
1164	323	
1165	712	
1166	129	
1167	552	
1168	900	
1169	857	
1170	313	
1171	985	
1172	31	
1173	555	
1174	479	
1175	443	
1176	435	
1177	238	
1178	992	
1179	745	
1180	185	
1181	901	
1182	569	
1183	828	
1184	101	
1185	19	
1186	572	
1187	771	
1188	659	
1189	533	
1190	473	
1191	578	
1192	844	
1193	636	
1194	119	
1195	413	
1196	233	
1197	642	
1198	258	
1199	195	
1200	724	
1201	970	
1202	772	
1203	733	
1204	763	
1205	113	
1206	846	
1207	517	
1208	806	
1209	737	
1210	933	
1211	74	
1212	446	
1213	43	
1214	951	
1215	160	
1216	646	
1217	994	
1218	541	
1219	338	
1220	467	
1221	220	
1222	585	
1223	634	
1224	518	
1225	385	
1226	863	
1227	164	
1228	774	
1229	380	
1230	69	
1231	33	
1232	599	
1233	599	
1234	676	
1235	487	
1236	719	
1237	785	
1238	902	
1239	931	
1240	862	
1241	913	
1242	208	
1243	137	
1244	523	
1245	713	
1246	407	
1247	663	
1248	67	
1249	981	
1250	292	
1251	976	
1252	643	
1253	643	
1254	194	
1255	581	
1256	186	
1257	883	
1258	884	
1259	923	
1260	786	
1261	118	
1262	161	
1263	97	
1264	478	
1265	33	
1266	146	
1267	16	
1268	707	
1269	496	
1270	928	
1271	723	
1272	8	
1273	813	
1274	192	
1275	678	
1276	688	
1277	640	
1278	72	
1279	113	
1280	740	
1281	645	
1282	241	
1283	60	
1284	867	
1285	851	
1286	732	
1287	626	
1288	435	
1289	466	
1290	247	
1291	728	
1292	295	
1293	578	
1294	863	
1295	676	
1296	905	
1297	391	
1298	13	
1299	568	
1300	766	
1301	329	
1302	947	
1303	350	
1304	927	
1305	421	
1306	494	
1307	195	
1308	260	
1309	607	
1310	171	
1311	814	
1312	528	
1313	906	
1314	987	
1315	359	
1316	618	
1317	244	
1318	25	
1319	346	
1320	367	
1321	93	
1322	656	
1323	187	
1324	347	
1325	349	
1326	527	
1327	978	
1328	975	
1329	58	
1330	822	
1331	94	
1332	305	
1333	554	
1334	320	
1335	283	
1336	937	
1337	491	
1338	529	
1339	262	
1340	855	
1341	192	
1342	887	
1343	725	
1344	136	
1345	356	
1346	483	
1347	465	
1348	888	
1349	837	
1350	455	
1351	29	
1352	719	
1353	332	
1354	382	
1355	790	
1356	542	
1357	26	
1358	512	
1359	114	
1360	968	
1361	546	
1362	981	
1363	259	
1364	907	
1365	883	
1366	471	
1367	987	
1368	38	
1369	637	
1370	26	
1371	15	
1372	419	
1373	944	
1374	742	
1375	838	
1376	148	
1377	106	
1378	521	
1379	505	
1380	270	
1381	607	
1382	622	
1383	466	
1384	419	
1385	272	
1386	738	
1387	958	
1388	937	
1389	551	
1390	363	
1391	829	
1392	374	
1393	567	
1394	586	
1395	894	
1396	645	
1397	390	
1398	951	
1399	990	
1400	512	
1401	755	
1402	425	
1403	359	
1404	998	
1405	658	
1406	341	
1407	482	
1408	203	
1409	437	
1410	892	
1411	48	
1412	252	
1413	578	
1414	447	
1415	122	
1416	522	
1417	217	
1418	828	
1419	6	
1420	508	
1421	173	
1422	24	
1423	363	
1424	583	
1425	608	
1426	44	
1427	481	
1428	119	
1429	224	
1430	641	
1431	979	
1432	429	
1433	590	
1434	966	
1435	678	
1436	544	
1437	372	
1438	527	
1439	521	
1440	566	
1441	652	
1442	941	
1443	397	
1444	834	
1445	877	
1446	242	
1447	805	
1448	60	
1449	943	
1450	731	
1451	308	
1452	878	
1453	139	
1454	726	
1455	59	
1456	611	
1457	773	
1458	131	
1459	665	
1460	536	
1461	12	
1462	397	
1463	163	
1464	725	
1465	566	
1466	208	
1467	460	
1468	162	
1469	462	
1470	946	
1471	539	
1472	828	
1473	16	
1474	843	
1475	617	
1476	351	
1477	465	
1478	398	
1479	898	
1480	339	
1481	161	
1482	248	
1483	25	
1484	960	
1485	250	
1486	142	
1487	646	
1488	860	
1489	704	
1490	89	
1491	681	
1492	225	
1493	504	
1494	314	
1495	133	
1496	297	
1497	939	
1498	887	
1499	240	
1500	492	
1501	882	
1502	430	
1503	455	
1504	598	
1505	81	
1506	447	
1507	652	
1508	452	
1509	661	
1510	172	
1511	969	
1512	661	
1513	600	
1514	146	
1515	564	
1516	746	
1517	546	
1518	687	
1519	779	
1520	951	
1521	479	
1522	443	
1523	39	
1524	946	
1525	741	
1526	257	
1527	698	
1528	489	
1529	100	
1530	373	
1531	642	
1532	430	
1533	310	
1534	45	
1535	294	
1536	380	
1537	390	
1538	673	
1539	229	
1540	504	
1541	994	
1542	308	
1543	828	
1544	858	
1545	587	
1546	83	
1547	14	
1548	587	
1549	978	
1550	906	
1551	35	
1552	783	
1553	10	
1554	396	
1555	363	
1556	226	
1557	826	
1558	298	
1559	274	
1560	660	
1561	610	
1562	992	
1563	908	
1564	279	
1565	626	
1566	932	
1567	919	
1568	733	
1569	96	
1570	472	
1571	453	
1572	156	
1573	904	
1574	293	
1575	601	
1576	27	
1577	67	
1578	728	
1579	543	
1580	108	
1581	571	
1582	951	
1583	38	
1584	778	
1585	234	
1586	58	
1587	671	
1588	850	
1589	968	
1590	716	
1591	892	
1592	19	
1593	620	
1594	256	
1595	108	
1596	112	
1597	535	
1598	542	
1599	331	
1600	386	
1601	430	
1602	405	
1603	828	
1604	104	
1605	822	
1606	808	
1607	617	
1608	752	
1609	600	
1610	164	
1611	598	
1612	253	
1613	676	
1614	733	
1615	627	
1616	57	
1617	511	
1618	14	
1619	321	
1620	609	
1621	135	
1622	319	
1623	769	
1624	494	
1625	675	
1626	126	
1627	34	
1628	928	
1629	565	
1630	649	
1631	170	
1632	922	
1633	89	
1634	536	
1635	433	
1636	827	
1637	589	
1638	805	
1639	659	
1640	201	
1641	257	
1642	829	
1643	132	
1644	77	
1645	494	
1646	933	
1647	403	
1648	331	
1649	401	
1650	87	
1651	825	
1652	728	
1653	214	
1654	917	
1655	729	
1656	796	
1657	126	
1658	2	
1659	407	
1660	248	
1661	867	
1662	758	
1663	595	
1664	847	
1665	993	
1666	368	
1667	365	
1668	998	
1669	821	
1670	131	
1671	672	
1672	525	
1673	447	
1674	739	
1675	384	
1676	677	
1677	969	
1678	31	
1679	478	
1680	193	
1681	295	
1682	726	
1683	272	
1684	383	
1685	790	
1686	460	
1687	59	
1688	878	
1689	295	
1690	164	
1691	235	
1692	207	
1693	634	
1694	300	
1695	615	
1696	726	
1697	437	
1698	678	
1699	199	
1700	928	
1701	797	
1702	843	
1703	543	
1704	244	
1705	577	
1706	671	
1707	876	
1708	748	
1709	428	
1710	378	
1711	843	
1712	371	
1713	553	
1714	891	
1715	958	
1716	5	
1717	534	
1718	988	
1719	408	
1720	4	
1721	467	
1722	235	
1723	438	
1724	455	
1725	834	
1726	212	
1727	733	
1728	914	
1729	678	
1730	217	
1731	496	
1732	802	
1733	542	
1734	836	
1735	337	
1736	8	
1737	873	
1738	441	
1739	309	
1740	691	
1741	248	
1742	815	
1743	891	
1744	712	
1745	721	
1746	21	
1747	690	
1748	979	
1749	160	
1750	7	
1751	352	
1752	493	
1753	533	
1754	559	
1755	735	
1756	885	
1757	394	
1758	198	
1759	807	
1760	865	
1761	612	
1762	722	
1763	384	
1764	356	
1765	407	
1766	799	
1767	790	
1768	855	
1769	692	
1770	673	
1771	150	
1772	402	
1773	429	
1774	621	
1775	309	
1776	505	
1777	541	
1778	693	
1779	894	
1780	657	
1781	929	
1782	954	
1783	930	
1784	265	
1785	747	
1786	730	
1787	206	
1788	12	
1789	819	
1790	889	
1791	218	
1792	443	
1793	534	
1794	201	
1795	55	
1796	581	
1797	865	
1798	668	
1799	830	
1800	153	
1801	581	
1802	254	
1803	53	
1804	736	
1805	378	
1806	141	
1807	538	
1808	285	
1809	533	
1810	763	
1811	735	
1812	694	
1813	140	
1814	240	
1815	686	
1816	762	
1817	710	
1818	786	
1819	245	
1820	170	
1821	845	
1822	342	
1823	913	
1824	658	
1825	941	
1826	301	
1827	59	
1828	934	
1829	268	
1830	346	
1831	896	
1832	743	
1833	522	
1834	169	
1835	154	
1836	942	
1837	256	
1838	671	
1839	674	
1840	93	
1841	242	
1842	254	
1843	463	
1844	891	
1845	103	
1846	759	
1847	678	
1848	958	
1849	85	
1850	327	
1851	234	
1852	416	
1853	527	
1854	556	
1855	690	
1856	844	
1857	169	
1858	535	
1859	335	
1860	455	
1861	167	
1862	690	
1863	524	
1864	233	
1865	643	
1866	889	
1867	438	
1868	595	
1869	694	
1870	962	
1871	156	
1872	289	
1873	748	
1874	214	
1875	894	
1876	239	
1877	802	
1878	640	
1879	336	
1880	758	
1881	217	
1882	538	
1883	141	
1884	853	
1885	778	
1886	261	
1887	709	
1888	521	
1889	665	
1890	471	
1891	377	
1892	559	
1893	547	
1894	404	
1895	252	
1896	135	
1897	410	
1898	679	
1899	793	
1900	449	
1901	21	
1902	175	
1903	553	
1904	392	
1905	626	
1906	189	
1907	684	
1908	51	
1909	463	
1910	938	
1911	356	
1912	241	
1913	970	
1914	715	
1915	615	
1916	466	
1917	629	
1918	142	
1919	76	
1920	162	
1921	805	
1922	76	
1923	682	
1924	335	
1925	320	
1926	199	
1927	78	
1928	928	
1929	501	
1930	755	
1931	907	
1932	301	
1933	933	
1934	558	
1935	721	
1936	131	
1937	285	
1938	953	
1939	400	
1940	127	
1941	563	
1942	966	
1943	980	
1944	880	
1945	519	
1946	170	
1947	456	
1948	511	
1949	889	
1950	922	
1951	756	
1952	815	
1953	343	
1954	87	
1955	154	
1956	399	
1957	437	
1958	460	
1959	82	
1960	316	
1961	772	
1962	876	
1963	851	
1964	618	
1965	357	
1966	334	
1967	355	
1968	698	
1969	509	
1970	347	
1971	99	
1972	410	
1973	641	
1974	644	
1975	813	
1976	258	
1977	17	
1978	638	
1979	775	
1980	523	
1981	230	
1982	999	
1983	640	
1984	344	
1985	341	
1986	583	
1987	368	
1988	126	
1989	803	
1990	690	
1991	769	
1992	877	
1993	424	
1994	275	
1995	98	
1996	926	
1997	414	
1998	448	
1999	32	
2000	268	
50014
