2000
1	6	
2	4	
3	6	
4	1	
5	8	
6	10	
7	5	
8	10	
9	1	
10	10	
11	10	
12	1	
13	2	
14	8	
15	3	
16	9	
17	9	
18	2	
19	1	
20	2	
21	3	
22	6	
23	10	
24	3	
25	9	
26	6	
27	2	
28	8	
29	6	
30	1	
31	8	
32	10	
33	10	
34	3	
35	4	
36	1	
37	2	
38	9	
39	4	
40	7	
41	7	
42	6	
43	8	
44	2	
45	1	
46	9	
47	8	
48	6	
49	9	
50	4	
51	7	
52	4	
53	7	
54	2	
55	7	
56	2	
57	3	
58	5	
59	6	
60	4	
61	3	
62	3	
63	4	
64	7	
65	8	
66	2	
67	7	
68	7	
69	6	
70	10	
71	2	
72	4	
73	8	
74	1	
75	6	
76	5	
77	3	
78	9	
79	9	
80	1	
81	6	
82	4	
83	9	
84	8	
85	8	
86	6	
87	2	
88	10	
89	6	
90	5	
91	7	
92	3	
93	5	
94	10	
95	8	
96	3	
97	5	
98	3	
99	6	
100	6	
101	5	
102	8	
103	2	
104	2	
105	5	
106	4	
107	7	
108	9	
109	3	
110	9	
111	1	
112	5	
113	3	
114	9	
115	9	
116	1	
117	1	
118	7	
119	9	
120	9	
121	2	
122	7	
123	6	
124	7	
125	3	
126	9	
127	8	
128	6	
129	9	
130	1	
131	10	
132	1	
133	9	
134	10	
135	5	
136	2	
137	7	
138	5	
139	2	
140	4	
141	1	
142	7	
143	5	
144	9	
145	1	
146	4	
147	8	
148	3	
149	3	
150	6	
151	1	
152	3	
153	10	
154	8	
155	6	
156	4	
157	10	
158	5	
159	8	
160	7	
161	9	
162	9	
163	8	
164	2	
165	1	
166	10	
167	5	
168	4	
169	6	
170	5	
171	9	
172	8	
173	3	
174	8	
175	7	
176	1	
177	6	
178	1	
179	4	
180	8	
181	9	
182	3	
183	4	
184	10	
185	5	
186	3	
187	6	
188	7	
189	10	
190	1	
191	2	
192	5	
193	6	
194	8	
195	1	
196	10	
197	4	
198	4	
199	7	
200	5	
201	1	
202	1	
203	3	
204	1	
205	5	
206	7	
207	8	
208	6	
209	1	
210	3	
211	2	
212	4	
213	9	
214	5	
215	2	
216	7	
217	8	
218	8	
219	3	
220	2	
221	6	
222	7	
223	9	
224	10	
225	10	
226	6	
227	5	
228	3	
229	5	
230	9	
231	7	
232	4	
233	7	
234	6	
235	9	
236	6	
237	9	
238	3	
239	7	
240	9	
241	9	
242	9	
243	7	
244	7	
245	6	
246	5	
247	2	
248	4	
249	6	
250	2	
251	3	
252	3	
253	1	
254	4	
255	5	
256	9	
257	10	
258	2	
259	3	
260	5	
261	1	
262	7	
263	9	
264	5	
265	5	
266	8	
267	6	
268	8	
269	1	
270	9	
271	8	
272	9	
273	10	
274	1	
275	9	
276	4	
277	3	
278	4	
279	3	
280	6	
281	3	
282	4	
283	1	
284	3	
285	6	
286	7	
287	5	
288	1	
289	7	
290	9	
291	6	
292	4	
293	10	
294	2	
295	7	
296	3	
297	6	
298	4	
299	10	
300	10	
301	2	
302	7	
303	4	
304	9	
305	1	
306	10	
307	1	
308	5	
309	8	
310	3	
311	4	
312	6	
313	10	
314	10	
315	2	
316	10	
317	7	
318	7	
319	10	
320	9	
321	8	
322	1	
323	6	
324	8	
325	1	
326	5	
327	10	
328	3	
329	2	
330	3	
331	6	
332	5	
333	1	
334	6	
335	10	
336	3	
337	1	
338	9	
339	8	
340	6	
341	5	
342	6	
343	6	
344	10	
345	4	
346	7	
347	2	
348	6	
349	9	
350	9	
351	10	
352	2	
353	10	
354	2	
355	6	
356	5	
357	1	
358	9	
359	1	
360	4	
361	10	
362	1	
363	1	
364	6	
365	2	
366	3	
367	3	
368	10	
369	3	
370	1	
371	8	
372	10	
373	2	
374	2	
375	6	
376	3	
377	5	
378	6	
379	10	
380	7	
381	5	
382	5	
383	10	
384	9	
385	7	
386	5	
387	1	
388	8	
389	10	
390	8	
391	7	
392	5	
393	1	
394	6	
395	2	
396	7	
397	4	
398	4	
399	2	
400	3	
401	4	
402	3	
403	10	
404	9	
405	6	
406	10	
407	2	
408	10	
409	2	
410	2	
411	9	
412	9	
413	3	
414	5	
415	1	
416	8	
417	7	
418	6	
419	2	
420	10	
421	5	
422	7	
423	3	
424	8	
425	4	
426	1	
427	2	
428	4	
429	2	
430	6	
431	3	
432	4	
433	2	
434	7	
435	5	
436	9	
437	6	
438	6	
439	2	
440	3	
441	6	
442	6	
443	2	
444	10	
445	3	
446	2	
447	3	
448	1	
449	3	
450	5	
451	9	
452	9	
453	5	
454	7	
455	2	
456	2	
457	1	
458	2	
459	9	
460	2	
461	1	
462	10	
463	5	
464	10	
465	8	
466	4	
467	8	
468	2	
469	10	
470	9	
471	6	
472	1	
473	2	
474	4	
475	4	
476	9	
477	9	
478	2	
479	9	
480	5	
481	9	
482	7	
483	3	
484	6	
485	3	
486	5	
487	8	
488	6	
489	1	
490	7	
491	1	
492	1	
493	5	
494	7	
495	5	
496	8	
497	5	
498	5	
499	10	
500	8	
501	1	
502	2	
503	1	
504	7	
505	1	
506	9	
507	1	
508	7	
509	9	
510	9	
511	8	
512	4	
513	8	
514	2	
515	3	
516	4	
517	10	
518	9	
519	7	
520	4	
521	5	
522	7	
523	2	
524	6	
525	7	
526	4	
527	5	
528	8	
529	7	
530	7	
531	3	
532	6	
533	8	
534	7	
535	7	
536	2	
537	7	
538	8	
539	6	
540	8	
541	9	
542	8	
543	3	
544	4	
545	2	
546	4	
547	5	
548	10	
549	8	
550	4	
551	2	
552	9	
553	3	
554	7	
555	9	
556	3	
557	6	
558	5	
559	6	
560	9	
561	3	
562	5	
563	4	
564	4	
565	2	
566	9	
567	1	
568	1	
569	3	
570	3	
571	4	
572	1	
573	8	
574	2	
575	3	
576	5	
577	9	
578	5	
579	7	
580	6	
581	8	
582	9	
583	9	
584	6	
585	3	
586	6	
587	4	
588	10	
589	7	
590	1	
591	5	
592	3	
593	10	
594	3	
595	10	
596	3	
597	7	
598	2	
599	8	
600	4	
601	8	
602	7	
603	8	
604	3	
605	6	
606	5	
607	8	
608	1	
609	10	
610	1	
611	8	
612	1	
613	1	
614	10	
615	4	
616	6	
617	5	
618	7	
619	8	
620	6	
621	7	
622	5	
623	9	
624	10	
625	7	
626	5	
627	4	
628	7	
629	2	
630	2	
631	10	
632	6	
633	4	
634	9	
635	8	
636	3	
637	7	
638	8	
639	5	
640	3	
641	8	
642	5	
643	4	
644	10	
645	1	
646	4	
647	1	
648	6	
649	8	
650	2	
651	7	
652	10	
653	4	
654	7	
655	9	
656	8	
657	7	
658	2	
659	2	
660	9	
661	6	
662	3	
663	6	
664	6	
665	2	
666	2	
667	1	
668	3	
669	2	
670	8	
671	3	
672	7	
673	8	
674	3	
675	9	
676	2	
677	1	
678	6	
679	4	
680	6	
681	5	
682	10	
683	10	
684	1	
685	3	
686	2	
687	5	
688	3	
689	4	
690	8	
691	1	
692	4	
693	10	
694	3	
695	5	
696	9	
697	5	
698	3	
699	2	
700	4	
701	7	
702	4	
703	3	
704	2	
705	5	
706	3	
707	6	
708	1	
709	10	
710	5	
711	10	
712	7	
713	8	
714	6	
715	8	
716	10	
717	3	
718	9	
719	2	
720	3	
721	5	
722	9	
723	2	
724	3	
725	2	
726	3	
727	10	
728	4	
729	10	
730	4	
731	3	
732	9	
733	7	
734	8	
735	8	
736	8	
737	7	
738	4	
739	3	
740	4	
741	3	
742	10	
743	7	
744	10	
745	8	
746	1	
747	6	
748	3	
749	8	
750	7	
751	9	
752	1	
753	1	
754	2	
755	3	
756	1	
757	9	
758	5	
759	6	
760	3	
761	5	
762	8	
763	3	
764	3	
765	4	
766	5	
767	10	
768	8	
769	9	
770	3	
771	6	
772	10	
773	7	
774	5	
775	10	
776	7	
777	10	
778	4	
779	1	
780	3	
781	5	
782	9	
783	8	
784	2	
785	4	
786	10	
787	8	
788	10	
789	6	
790	5	
791	1	
792	10	
793	3	
794	8	
795	1	
796	5	
797	2	
798	6	
799	4	
800	6	
801	10	
802	7	
803	1	
804	1	
805	8	
806	3	
807	7	
808	3	
809	5	
810	1	
811	7	
812	3	
813	7	
814	5	
815	6	
816	6	
817	1	
818	1	
819	3	
820	5	
821	5	
822	10	
823	7	
824	4	
825	5	
826	2	
827	2	
828	5	
829	6	
830	8	
831	2	
832	6	
833	7	
834	7	
835	2	
836	9	
837	3	
838	1	
839	1	
840	5	
841	9	
842	9	
843	7	
844	3	
845	5	
846	10	
847	6	
848	10	
849	3	
850	4	
851	6	
852	7	
853	4	
854	3	
855	2	
856	1	
857	6	
858	3	
859	9	
860	4	
861	9	
862	9	
863	1	
864	8	
865	1	
866	2	
867	3	
868	8	
869	5	
870	1	
871	4	
872	10	
873	7	
874	5	
875	4	
876	6	
877	4	
878	7	
879	9	
880	9	
881	3	
882	10	
883	5	
884	4	
885	9	
886	5	
887	5	
888	8	
889	1	
890	6	
891	2	
892	3	
893	2	
894	2	
895	3	
896	5	
897	2	
898	2	
899	1	
900	3	
901	8	
902	2	
903	10	
904	1	
905	10	
906	5	
907	5	
908	9	
909	10	
910	10	
911	7	
912	4	
913	6	
914	6	
915	5	
916	5	
917	1	
918	7	
919	10	
920	5	
921	4	
922	2	
923	2	
924	4	
925	2	
926	10	
927	6	
928	4	
929	3	
930	8	
931	7	
932	3	
933	5	
934	9	
935	3	
936	10	
937	6	
938	4	
939	7	
940	9	
941	5	
942	4	
943	3	
944	1	
945	10	
946	6	
947	6	
948	4	
949	7	
950	9	
951	8	
952	2	
953	6	
954	8	
955	10	
956	2	
957	9	
958	7	
959	10	
960	4	
961	7	
962	5	
963	3	
964	2	
965	7	
966	1	
967	8	
968	6	
969	10	
970	3	
971	4	
972	3	
973	9	
974	10	
975	8	
976	9	
977	8	
978	5	
979	3	
980	1	
981	5	
982	8	
983	7	
984	8	
985	1	
986	10	
987	8	
988	4	
989	6	
990	3	
991	6	
992	10	
993	2	
994	5	
995	10	
996	7	
997	9	
998	9	
999	2	
1000	4	
1001	3	
1002	8	
1003	1	
1004	1	
1005	7	
1006	3	
1007	1	
1008	9	
1009	5	
1010	10	
1011	5	
1012	4	
1013	6	
1014	1	
1015	2	
1016	8	
1017	2	
1018	1	
1019	1	
1020	7	
1021	2	
1022	2	
1023	5	
1024	8	
1025	5	
1026	7	
1027	1	
1028	5	
1029	4	
1030	5	
1031	10	
1032	6	
1033	4	
1034	4	
1035	1	
1036	4	
1037	9	
1038	2	
1039	1	
1040	2	
1041	4	
1042	7	
1043	10	
1044	6	
1045	9	
1046	5	
1047	1	
1048	1	
1049	1	
1050	2	
1051	2	
1052	2	
1053	3	
1054	1	
1055	6	
1056	7	
1057	3	
1058	8	
1059	9	
1060	7	
1061	10	
1062	8	
1063	9	
1064	9	
1065	8	
1066	7	
1067	4	
1068	9	
1069	4	
1070	5	
1071	2	
1072	1	
1073	9	
1074	7	
1075	7	
1076	2	
1077	5	
1078	1	
1079	6	
1080	6	
1081	6	
1082	8	
1083	8	
1084	3	
1085	4	
1086	9	
1087	4	
1088	8	
1089	9	
1090	9	
1091	2	
1092	1	
1093	2	
1094	5	
1095	3	
1096	6	
1097	3	
1098	1	
1099	7	
1100	5	
1101	4	
1102	7	
1103	9	
1104	10	
1105	9	
1106	5	
1107	5	
1108	7	
1109	4	
1110	1	
1111	7	
1112	3	
1113	1	
1114	3	
1115	4	
1116	9	
1117	10	
1118	6	
1119	7	
1120	3	
1121	3	
1122	6	
1123	9	
1124	8	
1125	3	
1126	3	
1127	7	
1128	2	
1129	10	
1130	6	
1131	5	
1132	3	
1133	10	
1134	5	
1135	7	
1136	6	
1137	7	
1138	8	
1139	6	
1140	10	
1141	5	
1142	4	
1143	6	
1144	1	
1145	10	
1146	6	
1147	1	
1148	3	
1149	2	
1150	1	
1151	8	
1152	7	
1153	4	
1154	10	
1155	3	
1156	1	
1157	5	
1158	5	
1159	6	
1160	5	
1161	4	
1162	4	
1163	6	
1164	1	
1165	6	
1166	1	
1167	8	
1168	10	
1169	1	
1170	3	
1171	5	
1172	5	
1173	1	
1174	5	
1175	9	
1176	7	
1177	10	
1178	2	
1179	1	
1180	9	
1181	7	
1182	7	
1183	4	
1184	7	
1185	7	
1186	4	
1187	3	
1188	9	
1189	1	
1190	9	
1191	8	
1192	4	
1193	4	
1194	1	
1195	5	
1196	7	
1197	2	
1198	4	
1199	1	
1200	8	
1201	8	
1202	4	
1203	9	
1204	5	
1205	7	
1206	6	
1207	7	
1208	8	
1209	9	
1210	9	
1211	8	
1212	6	
1213	5	
1214	5	
1215	8	
1216	2	
1217	10	
1218	5	
1219	4	
1220	7	
1221	6	
1222	1	
1223	10	
1224	10	
1225	7	
1226	7	
1227	2	
1228	4	
1229	8	
1230	7	
1231	9	
1232	9	
1233	1	
1234	10	
1235	5	
1236	3	
1237	9	
1238	2	
1239	9	
1240	8	
1241	3	
1242	8	
1243	3	
1244	5	
1245	7	
1246	1	
1247	5	
1248	7	
1249	7	
1250	8	
1251	8	
1252	9	
1253	3	
1254	8	
1255	9	
1256	2	
1257	3	
1258	6	
1259	1	
1260	10	
1261	6	
1262	5	
1263	7	
1264	2	
1265	9	
1266	8	
1267	6	
1268	7	
1269	8	
1270	2	
1271	9	
1272	10	
1273	7	
1274	8	
1275	8	
1276	8	
1277	2	
1278	2	
1279	7	
1280	2	
1281	7	
1282	3	
1283	10	
1284	3	
1285	3	
1286	4	
1287	4	
1288	1	
1289	8	
1290	9	
1291	2	
1292	5	
1293	4	
1294	5	
1295	8	
1296	7	
1297	7	
1298	7	
1299	10	
1300	10	
1301	9	
1302	3	
1303	4	
1304	1	
1305	5	
1306	6	
1307	3	
1308	4	
1309	3	
1310	9	
1311	6	
1312	8	
1313	2	
1314	3	
1315	1	
1316	6	
1317	8	
1318	3	
1319	8	
1320	9	
1321	5	
1322	2	
1323	9	
1324	7	
1325	3	
1326	9	
1327	4	
1328	7	
1329	8	
1330	6	
1331	6	
1332	1	
1333	10	
1334	6	
1335	9	
1336	9	
1337	5	
1338	1	
1339	4	
1340	1	
1341	2	
1342	3	
1343	3	
1344	6	
1345	10	
1346	1	
1347	9	
1348	10	
1349	7	
1350	7	
1351	3	
1352	3	
1353	4	
1354	8	
1355	10	
1356	4	
1357	2	
1358	10	
1359	8	
1360	6	
1361	8	
1362	1	
1363	9	
1364	1	
1365	1	
1366	3	
1367	3	
1368	4	
1369	3	
1370	10	
1371	1	
1372	5	
1373	8	
1374	10	
1375	4	
1376	2	
1377	2	
1378	5	
1379	9	
1380	10	
1381	3	
1382	4	
1383	10	
1384	9	
1385	4	
1386	2	
1387	8	
1388	7	
1389	5	
1390	3	
1391	1	
1392	10	
1393	1	
1394	10	
1395	8	
1396	1	
1397	2	
1398	9	
1399	6	
1400	2	
1401	5	
1402	7	
1403	3	
1404	6	
1405	4	
1406	1	
1407	8	
1408	7	
1409	5	
1410	10	
1411	10	
1412	4	
1413	6	
1414	7	
1415	2	
1416	10	
1417	7	
1418	6	
1419	2	
1420	8	
1421	9	
1422	10	
1423	1	
1424	5	
1425	4	
1426	10	
1427	3	
1428	5	
1429	4	
1430	9	
1431	3	
1432	9	
1433	10	
1434	10	
1435	6	
1436	10	
1437	8	
1438	7	
1439	9	
1440	8	
1441	6	
1442	5	
1443	1	
1444	6	
1445	5	
1446	8	
1447	3	
1448	2	
1449	1	
1450	3	
1451	6	
1452	8	
1453	5	
1454	8	
1455	1	
1456	5	
1457	3	
1458	9	
1459	7	
1460	2	
1461	2	
1462	3	
1463	1	
1464	7	
1465	2	
1466	2	
1467	6	
1468	2	
1469	6	
1470	10	
1471	7	
1472	2	
1473	2	
1474	7	
1475	9	
1476	9	
1477	9	
1478	8	
1479	6	
1480	7	
1481	1	
1482	10	
1483	3	
1484	2	
1485	10	
1486	4	
1487	10	
1488	4	
1489	4	
1490	9	
1491	3	
1492	3	
1493	4	
1494	2	
1495	9	
1496	9	
1497	7	
1498	7	
1499	4	
1500	6	
1501	6	
1502	6	
1503	3	
1504	6	
1505	5	
1506	5	
1507	4	
1508	2	
1509	5	
1510	8	
1511	1	
1512	7	
1513	6	
1514	2	
1515	2	
1516	2	
1517	6	
1518	1	
1519	7	
1520	5	
1521	7	
1522	9	
1523	9	
1524	2	
1525	7	
1526	7	
1527	6	
1528	1	
1529	4	
1530	7	
1531	6	
1532	2	
1533	6	
1534	7	
1535	6	
1536	6	
1537	10	
1538	7	
1539	1	
1540	8	
1541	10	
1542	10	
1543	2	
1544	2	
1545	3	
1546	1	
1547	6	
1548	5	
1549	6	
1550	2	
1551	3	
1552	5	
1553	2	
1554	8	
1555	1	
1556	2	
1557	6	
1558	6	
1559	4	
1560	8	
1561	2	
1562	10	
1563	10	
1564	5	
1565	6	
1566	10	
1567	1	
1568	1	
1569	4	
1570	2	
1571	5	
1572	2	
1573	2	
1574	3	
1575	7	
1576	3	
1577	1	
1578	4	
1579	5	
1580	8	
1581	1	
1582	1	
1583	2	
1584	8	
1585	10	
1586	2	
1587	3	
1588	2	
1589	6	
1590	4	
1591	4	
1592	5	
1593	10	
1594	8	
1595	2	
1596	4	
1597	9	
1598	2	
1599	3	
1600	8	
1601	10	
1602	3	
1603	8	
1604	10	
1605	10	
1606	10	
1607	9	
1608	2	
1609	6	
1610	8	
1611	4	
1612	3	
1613	2	
1614	5	
1615	1	
1616	9	
1617	3	
1618	4	
1619	3	
1620	1	
1621	7	
1622	7	
1623	9	
1624	2	
1625	1	
1626	2	
1627	10	
1628	6	
1629	1	
1630	3	
1631	8	
1632	6	
1633	1	
1634	2	
1635	5	
1636	9	
1637	9	
1638	1	
1639	3	
1640	1	
1641	9	
1642	5	
1643	6	
1644	3	
1645	10	
1646	5	
1647	3	
1648	5	
1649	1	
1650	9	
1651	7	
1652	8	
1653	8	
1654	1	
1655	7	
1656	2	
1657	6	
1658	6	
1659	5	
1660	8	
1661	9	
1662	6	
1663	5	
1664	9	
1665	5	
1666	2	
1667	9	
1668	6	
1669	5	
1670	7	
1671	10	
1672	9	
1673	3	
1674	3	
1675	4	
1676	7	
1677	3	
1678	1	
1679	4	
1680	3	
1681	9	
1682	4	
1683	6	
1684	1	
1685	8	
1686	6	
1687	9	
1688	8	
1689	5	
1690	6	
1691	1	
1692	5	
1693	10	
1694	8	
1695	9	
1696	8	
1697	9	
1698	6	
1699	3	
1700	4	
1701	9	
1702	3	
1703	9	
1704	2	
1705	3	
1706	7	
1707	2	
1708	10	
1709	10	
1710	6	
1711	5	
1712	3	
1713	1	
1714	5	
1715	2	
1716	9	
1717	4	
1718	6	
1719	2	
1720	4	
1721	9	
1722	3	
1723	8	
1724	3	
1725	6	
1726	6	
1727	3	
1728	2	
1729	4	
1730	1	
1731	4	
1732	2	
1733	8	
1734	8	
1735	7	
1736	4	
1737	1	
1738	7	
1739	5	
1740	7	
1741	6	
1742	5	
1743	5	
1744	8	
1745	9	
1746	5	
1747	6	
1748	7	
1749	10	
1750	7	
1751	10	
1752	1	
1753	1	
1754	3	
1755	3	
1756	1	
1757	4	
1758	6	
1759	3	
1760	3	
1761	10	
1762	4	
1763	4	
1764	4	
1765	7	
1766	1	
1767	6	
1768	9	
1769	4	
1770	7	
1771	8	
1772	8	
1773	9	
1774	9	
1775	7	
1776	3	
1777	9	
1778	1	
1779	6	
1780	1	
1781	5	
1782	4	
1783	6	
1784	1	
1785	3	
1786	10	
1787	6	
1788	8	
1789	7	
1790	3	
1791	10	
1792	1	
1793	4	
1794	9	
1795	7	
1796	5	
1797	9	
1798	10	
1799	8	
1800	5	
1801	9	
1802	4	
1803	3	
1804	8	
1805	2	
1806	3	
1807	10	
1808	3	
1809	5	
1810	3	
1811	1	
1812	4	
1813	4	
1814	6	
1815	8	
1816	6	
1817	10	
1818	4	
1819	5	
1820	6	
1821	9	
1822	10	
1823	5	
1824	10	
1825	7	
1826	3	
1827	9	
1828	10	
1829	4	
1830	4	
1831	2	
1832	1	
1833	10	
1834	7	
1835	2	
1836	8	
1837	10	
1838	1	
1839	8	
1840	9	
1841	8	
1842	8	
1843	3	
1844	1	
1845	7	
1846	9	
1847	4	
1848	10	
1849	1	
1850	7	
1851	6	
1852	6	
1853	3	
1854	4	
1855	10	
1856	10	
1857	9	
1858	3	
1859	9	
1860	1	
1861	9	
1862	8	
1863	10	
1864	1	
1865	3	
1866	3	
1867	2	
1868	3	
1869	8	
1870	2	
1871	2	
1872	9	
1873	8	
1874	2	
1875	2	
1876	1	
1877	10	
1878	2	
1879	8	
1880	10	
1881	1	
1882	2	
1883	1	
1884	1	
1885	4	
1886	7	
1887	9	
1888	1	
1889	9	
1890	1	
1891	7	
1892	5	
1893	3	
1894	10	
1895	2	
1896	3	
1897	4	
1898	1	
1899	5	
1900	9	
1901	3	
1902	1	
1903	5	
1904	10	
1905	8	
1906	9	
1907	10	
1908	1	
1909	3	
1910	2	
1911	10	
1912	5	
1913	10	
1914	7	
1915	3	
1916	6	
1917	7	
1918	2	
1919	10	
1920	6	
1921	7	
1922	2	
1923	4	
1924	9	
1925	2	
1926	7	
1927	10	
1928	2	
1929	3	
1930	7	
1931	1	
1932	1	
1933	3	
1934	8	
1935	3	
1936	5	
1937	5	
1938	3	
1939	4	
1940	1	
1941	1	
1942	8	
1943	10	
1944	10	
1945	7	
1946	8	
1947	2	
1948	9	
1949	1	
1950	6	
1951	4	
1952	5	
1953	9	
1954	9	
1955	6	
1956	3	
1957	7	
1958	4	
1959	8	
1960	8	
1961	8	
1962	4	
1963	9	
1964	2	
1965	3	
1966	2	
1967	7	
1968	2	
1969	1	
1970	5	
1971	7	
1972	4	
1973	5	
1974	10	
1975	9	
1976	8	
1977	7	
1978	4	
1979	7	
1980	5	
1981	8	
1982	7	
1983	4	
1984	10	
1985	5	
1986	5	
1987	10	
1988	10	
1989	3	
1990	2	
1991	5	
1992	3	
1993	10	
1994	9	
1995	10	
1996	2	
1997	8	
1998	6	
1999	10	
2000	4	
108
