2000
1	75	
2	83	
3	1	
4	66	
5	15	
6	29	
7	4	
8	99	
9	100	
10	81	
11	15	
12	2	
13	79	
14	23	
15	24	
16	40	
17	44	
18	99	
19	12	
20	81	
21	92	
22	83	
23	87	
24	78	
25	52	
26	67	
27	61	
28	15	
29	13	
30	38	
31	97	
32	11	
33	59	
34	56	
35	43	
36	16	
37	19	
38	72	
39	7	
40	82	
41	22	
42	45	
43	57	
44	49	
45	98	
46	6	
47	25	
48	25	
49	6	
50	55	
51	22	
52	19	
53	84	
54	15	
55	20	
56	35	
57	100	
58	30	
59	47	
60	17	
61	88	
62	22	
63	39	
64	6	
65	35	
66	19	
67	36	
68	26	
69	3	
70	25	
71	69	
72	65	
73	13	
74	10	
75	35	
76	64	
77	58	
78	34	
79	88	
80	90	
81	53	
82	13	
83	78	
84	69	
85	9	
86	85	
87	31	
88	99	
89	89	
90	46	
91	32	
92	8	
93	76	
94	67	
95	23	
96	16	
97	8	
98	8	
99	91	
100	95	
101	56	
102	7	
103	57	
104	59	
105	80	
106	17	
107	10	
108	74	
109	78	
110	36	
111	38	
112	42	
113	72	
114	36	
115	96	
116	82	
117	66	
118	36	
119	12	
120	100	
121	95	
122	52	
123	95	
124	62	
125	4	
126	18	
127	47	
128	55	
129	98	
130	78	
131	41	
132	36	
133	30	
134	71	
135	76	
136	9	
137	60	
138	6	
139	37	
140	71	
141	82	
142	72	
143	82	
144	74	
145	76	
146	77	
147	25	
148	50	
149	24	
150	49	
151	100	
152	8	
153	65	
154	83	
155	57	
156	99	
157	53	
158	42	
159	73	
160	88	
161	84	
162	70	
163	85	
164	93	
165	20	
166	77	
167	98	
168	87	
169	77	
170	40	
171	98	
172	33	
173	100	
174	33	
175	82	
176	30	
177	77	
178	76	
179	69	
180	47	
181	46	
182	92	
183	63	
184	71	
185	40	
186	40	
187	5	
188	96	
189	95	
190	52	
191	89	
192	90	
193	99	
194	27	
195	72	
196	5	
197	79	
198	69	
199	94	
200	52	
201	2	
202	48	
203	14	
204	18	
205	62	
206	84	
207	27	
208	21	
209	14	
210	16	
211	43	
212	83	
213	2	
214	36	
215	29	
216	98	
217	7	
218	11	
219	24	
220	45	
221	25	
222	28	
223	16	
224	79	
225	3	
226	39	
227	66	
228	4	
229	90	
230	74	
231	40	
232	9	
233	40	
234	33	
235	16	
236	19	
237	40	
238	24	
239	36	
240	60	
241	60	
242	42	
243	32	
244	18	
245	21	
246	34	
247	57	
248	57	
249	11	
250	51	
251	58	
252	98	
253	72	
254	73	
255	22	
256	4	
257	87	
258	87	
259	90	
260	8	
261	82	
262	64	
263	22	
264	50	
265	66	
266	33	
267	73	
268	15	
269	80	
270	14	
271	39	
272	66	
273	59	
274	46	
275	64	
276	1	
277	34	
278	5	
279	44	
280	35	
281	20	
282	37	
283	18	
284	54	
285	67	
286	52	
287	14	
288	4	
289	44	
290	18	
291	33	
292	75	
293	67	
294	77	
295	70	
296	94	
297	25	
298	49	
299	93	
300	67	
301	39	
302	14	
303	65	
304	16	
305	62	
306	51	
307	98	
308	100	
309	51	
310	94	
311	69	
312	17	
313	13	
314	73	
315	5	
316	21	
317	20	
318	76	
319	29	
320	60	
321	81	
322	58	
323	71	
324	37	
325	76	
326	38	
327	81	
328	42	
329	9	
330	96	
331	19	
332	34	
333	68	
334	75	
335	49	
336	66	
337	46	
338	86	
339	63	
340	67	
341	12	
342	33	
343	17	
344	75	
345	31	
346	62	
347	55	
348	85	
349	64	
350	70	
351	43	
352	39	
353	15	
354	7	
355	31	
356	28	
357	86	
358	26	
359	34	
360	45	
361	69	
362	88	
363	68	
364	97	
365	9	
366	58	
367	40	
368	91	
369	22	
370	38	
371	79	
372	93	
373	67	
374	13	
375	7	
376	64	
377	82	
378	49	
379	39	
380	40	
381	62	
382	26	
383	99	
384	70	
385	26	
386	38	
387	54	
388	37	
389	61	
390	15	
391	38	
392	88	
393	74	
394	77	
395	91	
396	56	
397	55	
398	11	
399	41	
400	76	
401	19	
402	44	
403	21	
404	54	
405	29	
406	83	
407	89	
408	33	
409	61	
410	1	
411	18	
412	86	
413	16	
414	100	
415	30	
416	13	
417	58	
418	63	
419	27	
420	19	
421	20	
422	50	
423	68	
424	31	
425	47	
426	64	
427	33	
428	15	
429	37	
430	89	
431	34	
432	81	
433	85	
434	80	
435	18	
436	40	
437	85	
438	47	
439	93	
440	6	
441	93	
442	91	
443	35	
444	41	
445	10	
446	79	
447	64	
448	4	
449	54	
450	50	
451	20	
452	12	
453	100	
454	82	
455	93	
456	69	
457	46	
458	1	
459	90	
460	13	
461	32	
462	73	
463	92	
464	5	
465	83	
466	21	
467	29	
468	61	
469	33	
470	28	
471	3	
472	62	
473	21	
474	51	
475	87	
476	50	
477	94	
478	23	
479	80	
480	6	
481	46	
482	74	
483	98	
484	81	
485	44	
486	68	
487	85	
488	95	
489	80	
490	36	
491	14	
492	90	
493	100	
494	70	
495	42	
496	29	
497	18	
498	8	
499	27	
500	69	
501	54	
502	51	
503	88	
504	90	
505	22	
506	12	
507	86	
508	80	
509	86	
510	46	
511	79	
512	75	
513	95	
514	51	
515	24	
516	9	
517	41	
518	68	
519	16	
520	33	
521	12	
522	36	
523	63	
524	35	
525	52	
526	41	
527	94	
528	5	
529	66	
530	36	
531	4	
532	85	
533	87	
534	24	
535	92	
536	53	
537	28	
538	59	
539	19	
540	1	
541	46	
542	73	
543	68	
544	41	
545	61	
546	75	
547	8	
548	65	
549	87	
550	77	
551	49	
552	86	
553	48	
554	14	
555	40	
556	72	
557	17	
558	86	
559	25	
560	24	
561	62	
562	90	
563	67	
564	93	
565	21	
566	94	
567	86	
568	56	
569	54	
570	84	
571	27	
572	62	
573	59	
574	15	
575	56	
576	94	
577	76	
578	64	
579	26	
580	21	
581	9	
582	4	
583	16	
584	39	
585	68	
586	69	
587	91	
588	97	
589	42	
590	92	
591	90	
592	74	
593	19	
594	58	
595	29	
596	40	
597	88	
598	69	
599	99	
600	39	
601	57	
602	54	
603	89	
604	94	
605	17	
606	42	
607	63	
608	34	
609	83	
610	74	
611	99	
612	92	
613	92	
614	17	
615	71	
616	19	
617	42	
618	42	
619	93	
620	25	
621	16	
622	48	
623	82	
624	41	
625	88	
626	44	
627	77	
628	56	
629	35	
630	31	
631	39	
632	73	
633	37	
634	62	
635	27	
636	2	
637	28	
638	31	
639	44	
640	2	
641	35	
642	34	
643	79	
644	83	
645	80	
646	51	
647	44	
648	47	
649	75	
650	81	
651	18	
652	61	
653	11	
654	18	
655	12	
656	95	
657	38	
658	7	
659	89	
660	82	
661	55	
662	86	
663	81	
664	27	
665	9	
666	3	
667	14	
668	10	
669	39	
670	13	
671	20	
672	86	
673	7	
674	68	
675	66	
676	45	
677	76	
678	83	
679	27	
680	11	
681	70	
682	65	
683	37	
684	20	
685	78	
686	21	
687	94	
688	96	
689	9	
690	51	
691	66	
692	69	
693	59	
694	14	
695	38	
696	88	
697	42	
698	6	
699	13	
700	9	
701	6	
702	53	
703	70	
704	81	
705	76	
706	16	
707	59	
708	12	
709	25	
710	64	
711	5	
712	78	
713	25	
714	7	
715	27	
716	23	
717	6	
718	46	
719	57	
720	30	
721	8	
722	86	
723	43	
724	18	
725	1	
726	36	
727	69	
728	53	
729	3	
730	91	
731	94	
732	44	
733	50	
734	19	
735	51	
736	29	
737	2	
738	69	
739	94	
740	65	
741	82	
742	11	
743	54	
744	21	
745	25	
746	94	
747	39	
748	42	
749	55	
750	92	
751	48	
752	78	
753	36	
754	41	
755	86	
756	64	
757	22	
758	32	
759	7	
760	22	
761	70	
762	57	
763	10	
764	34	
765	95	
766	34	
767	59	
768	39	
769	32	
770	28	
771	41	
772	55	
773	24	
774	72	
775	5	
776	92	
777	81	
778	15	
779	34	
780	12	
781	76	
782	64	
783	25	
784	23	
785	17	
786	51	
787	71	
788	93	
789	89	
790	90	
791	16	
792	19	
793	48	
794	33	
795	36	
796	16	
797	1	
798	71	
799	69	
800	17	
801	63	
802	64	
803	94	
804	92	
805	43	
806	86	
807	24	
808	14	
809	82	
810	82	
811	20	
812	70	
813	74	
814	42	
815	77	
816	55	
817	38	
818	2	
819	72	
820	38	
821	80	
822	9	
823	76	
824	11	
825	12	
826	91	
827	69	
828	66	
829	83	
830	81	
831	31	
832	7	
833	66	
834	38	
835	97	
836	32	
837	26	
838	34	
839	32	
840	44	
841	8	
842	74	
843	68	
844	28	
845	16	
846	41	
847	47	
848	91	
849	12	
850	31	
851	47	
852	90	
853	83	
854	54	
855	73	
856	98	
857	91	
858	58	
859	44	
860	3	
861	62	
862	22	
863	18	
864	85	
865	74	
866	45	
867	24	
868	65	
869	86	
870	16	
871	27	
872	37	
873	62	
874	40	
875	23	
876	37	
877	47	
878	14	
879	80	
880	62	
881	94	
882	5	
883	68	
884	51	
885	24	
886	40	
887	14	
888	9	
889	100	
890	59	
891	3	
892	32	
893	9	
894	91	
895	68	
896	86	
897	83	
898	67	
899	64	
900	92	
901	55	
902	23	
903	81	
904	78	
905	61	
906	20	
907	48	
908	42	
909	39	
910	89	
911	72	
912	65	
913	61	
914	93	
915	72	
916	74	
917	68	
918	76	
919	29	
920	20	
921	85	
922	13	
923	47	
924	37	
925	29	
926	95	
927	97	
928	27	
929	64	
930	77	
931	84	
932	16	
933	92	
934	52	
935	18	
936	75	
937	37	
938	65	
939	4	
940	14	
941	80	
942	37	
943	26	
944	56	
945	9	
946	71	
947	67	
948	57	
949	38	
950	6	
951	19	
952	27	
953	27	
954	41	
955	19	
956	85	
957	70	
958	56	
959	13	
960	43	
961	86	
962	74	
963	86	
964	91	
965	10	
966	90	
967	97	
968	15	
969	5	
970	84	
971	71	
972	38	
973	32	
974	39	
975	47	
976	42	
977	5	
978	18	
979	60	
980	88	
981	44	
982	33	
983	32	
984	77	
985	82	
986	43	
987	37	
988	1	
989	31	
990	98	
991	7	
992	51	
993	61	
994	64	
995	95	
996	70	
997	52	
998	10	
999	75	
1000	39	
1001	90	
1002	49	
1003	60	
1004	14	
1005	18	
1006	38	
1007	66	
1008	100	
1009	62	
1010	95	
1011	88	
1012	19	
1013	59	
1014	42	
1015	91	
1016	79	
1017	93	
1018	26	
1019	2	
1020	100	
1021	69	
1022	39	
1023	92	
1024	3	
1025	84	
1026	68	
1027	42	
1028	100	
1029	87	
1030	32	
1031	99	
1032	63	
1033	67	
1034	55	
1035	96	
1036	65	
1037	100	
1038	15	
1039	4	
1040	29	
1041	67	
1042	22	
1043	75	
1044	45	
1045	90	
1046	40	
1047	84	
1048	8	
1049	8	
1050	59	
1051	49	
1052	27	
1053	48	
1054	96	
1055	23	
1056	74	
1057	56	
1058	77	
1059	28	
1060	30	
1061	75	
1062	91	
1063	50	
1064	26	
1065	17	
1066	6	
1067	15	
1068	28	
1069	27	
1070	26	
1071	77	
1072	62	
1073	26	
1074	66	
1075	68	
1076	95	
1077	26	
1078	60	
1079	73	
1080	81	
1081	69	
1082	29	
1083	39	
1084	26	
1085	87	
1086	48	
1087	49	
1088	97	
1089	100	
1090	32	
1091	33	
1092	44	
1093	27	
1094	68	
1095	68	
1096	45	
1097	44	
1098	4	
1099	20	
1100	26	
1101	47	
1102	98	
1103	84	
1104	35	
1105	16	
1106	16	
1107	48	
1108	80	
1109	27	
1110	26	
1111	64	
1112	50	
1113	58	
1114	14	
1115	87	
1116	92	
1117	47	
1118	77	
1119	78	
1120	16	
1121	58	
1122	65	
1123	96	
1124	33	
1125	48	
1126	46	
1127	52	
1128	91	
1129	47	
1130	99	
1131	52	
1132	80	
1133	79	
1134	48	
1135	42	
1136	67	
1137	12	
1138	31	
1139	79	
1140	25	
1141	100	
1142	73	
1143	81	
1144	94	
1145	3	
1146	63	
1147	18	
1148	22	
1149	83	
1150	52	
1151	85	
1152	6	
1153	31	
1154	91	
1155	10	
1156	54	
1157	26	
1158	6	
1159	79	
1160	10	
1161	67	
1162	7	
1163	71	
1164	74	
1165	55	
1166	100	
1167	83	
1168	67	
1169	64	
1170	40	
1171	32	
1172	38	
1173	66	
1174	98	
1175	18	
1176	86	
1177	9	
1178	7	
1179	24	
1180	4	
1181	16	
1182	84	
1183	7	
1184	44	
1185	54	
1186	83	
1187	74	
1188	86	
1189	44	
1190	56	
1191	21	
1192	67	
1193	35	
1194	42	
1195	48	
1196	20	
1197	69	
1198	69	
1199	82	
1200	35	
1201	41	
1202	75	
1203	76	
1204	46	
1205	60	
1206	57	
1207	36	
1208	65	
1209	80	
1210	4	
1211	97	
1212	65	
1213	6	
1214	50	
1215	31	
1216	57	
1217	5	
1218	32	
1219	9	
1220	54	
1221	43	
1222	64	
1223	33	
1224	13	
1225	48	
1226	6	
1227	79	
1228	9	
1229	75	
1230	76	
1231	72	
1232	82	
1233	86	
1234	79	
1235	18	
1236	70	
1237	24	
1238	73	
1239	90	
1240	81	
1241	28	
1242	23	
1243	16	
1244	58	
1245	52	
1246	18	
1247	10	
1248	70	
1249	60	
1250	55	
1251	91	
1252	18	
1253	70	
1254	97	
1255	60	
1256	89	
1257	34	
1258	39	
1259	50	
1260	9	
1261	25	
1262	40	
1263	92	
1264	25	
1265	40	
1266	33	
1267	71	
1268	70	
1269	71	
1270	75	
1271	98	
1272	31	
1273	24	
1274	71	
1275	93	
1276	31	
1277	43	
1278	95	
1279	84	
1280	71	
1281	80	
1282	80	
1283	87	
1284	66	
1285	58	
1286	87	
1287	89	
1288	74	
1289	1	
1290	90	
1291	19	
1292	26	
1293	5	
1294	62	
1295	35	
1296	72	
1297	18	
1298	80	
1299	23	
1300	37	
1301	24	
1302	30	
1303	1	
1304	38	
1305	76	
1306	93	
1307	46	
1308	27	
1309	26	
1310	26	
1311	57	
1312	91	
1313	37	
1314	10	
1315	62	
1316	25	
1317	95	
1318	4	
1319	81	
1320	58	
1321	40	
1322	95	
1323	62	
1324	30	
1325	16	
1326	62	
1327	69	
1328	38	
1329	5	
1330	69	
1331	21	
1332	84	
1333	89	
1334	51	
1335	98	
1336	60	
1337	14	
1338	84	
1339	13	
1340	46	
1341	39	
1342	66	
1343	48	
1344	99	
1345	71	
1346	6	
1347	48	
1348	91	
1349	32	
1350	78	
1351	52	
1352	18	
1353	35	
1354	61	
1355	37	
1356	1	
1357	13	
1358	27	
1359	57	
1360	15	
1361	17	
1362	68	
1363	74	
1364	46	
1365	14	
1366	54	
1367	34	
1368	37	
1369	76	
1370	61	
1371	2	
1372	58	
1373	95	
1374	9	
1375	49	
1376	95	
1377	45	
1378	28	
1379	68	
1380	9	
1381	34	
1382	5	
1383	25	
1384	22	
1385	55	
1386	85	
1387	37	
1388	72	
1389	2	
1390	18	
1391	52	
1392	57	
1393	62	
1394	85	
1395	5	
1396	100	
1397	9	
1398	38	
1399	69	
1400	91	
1401	82	
1402	48	
1403	86	
1404	37	
1405	49	
1406	80	
1407	1	
1408	30	
1409	36	
1410	67	
1411	83	
1412	23	
1413	9	
1414	2	
1415	45	
1416	17	
1417	76	
1418	3	
1419	37	
1420	99	
1421	44	
1422	3	
1423	98	
1424	74	
1425	75	
1426	83	
1427	88	
1428	46	
1429	11	
1430	80	
1431	22	
1432	84	
1433	53	
1434	17	
1435	65	
1436	63	
1437	3	
1438	46	
1439	20	
1440	41	
1441	51	
1442	28	
1443	40	
1444	33	
1445	76	
1446	29	
1447	100	
1448	23	
1449	2	
1450	30	
1451	39	
1452	81	
1453	98	
1454	85	
1455	94	
1456	42	
1457	64	
1458	98	
1459	16	
1460	95	
1461	87	
1462	84	
1463	82	
1464	92	
1465	85	
1466	11	
1467	99	
1468	69	
1469	45	
1470	73	
1471	98	
1472	79	
1473	99	
1474	50	
1475	96	
1476	74	
1477	80	
1478	21	
1479	5	
1480	38	
1481	16	
1482	99	
1483	16	
1484	7	
1485	77	
1486	5	
1487	77	
1488	31	
1489	15	
1490	32	
1491	12	
1492	80	
1493	71	
1494	89	
1495	72	
1496	48	
1497	10	
1498	2	
1499	39	
1500	23	
1501	41	
1502	17	
1503	10	
1504	21	
1505	36	
1506	90	
1507	43	
1508	55	
1509	80	
1510	83	
1511	8	
1512	56	
1513	71	
1514	13	
1515	43	
1516	53	
1517	33	
1518	2	
1519	6	
1520	78	
1521	14	
1522	18	
1523	82	
1524	13	
1525	92	
1526	8	
1527	29	
1528	40	
1529	47	
1530	92	
1531	77	
1532	97	
1533	29	
1534	12	
1535	85	
1536	31	
1537	5	
1538	72	
1539	96	
1540	91	
1541	37	
1542	55	
1543	55	
1544	93	
1545	22	
1546	62	
1547	33	
1548	42	
1549	29	
1550	45	
1551	14	
1552	94	
1553	65	
1554	67	
1555	42	
1556	73	
1557	41	
1558	57	
1559	53	
1560	67	
1561	77	
1562	91	
1563	27	
1564	26	
1565	53	
1566	19	
1567	42	
1568	40	
1569	7	
1570	59	
1571	4	
1572	83	
1573	35	
1574	24	
1575	96	
1576	94	
1577	82	
1578	3	
1579	66	
1580	79	
1581	54	
1582	54	
1583	81	
1584	17	
1585	57	
1586	49	
1587	6	
1588	97	
1589	63	
1590	15	
1591	55	
1592	78	
1593	75	
1594	95	
1595	71	
1596	55	
1597	30	
1598	65	
1599	38	
1600	89	
1601	69	
1602	72	
1603	15	
1604	31	
1605	33	
1606	11	
1607	44	
1608	27	
1609	95	
1610	47	
1611	61	
1612	32	
1613	67	
1614	12	
1615	2	
1616	88	
1617	50	
1618	9	
1619	24	
1620	32	
1621	14	
1622	86	
1623	32	
1624	41	
1625	14	
1626	53	
1627	25	
1628	15	
1629	52	
1630	92	
1631	21	
1632	25	
1633	44	
1634	83	
1635	52	
1636	18	
1637	20	
1638	20	
1639	10	
1640	52	
1641	48	
1642	72	
1643	91	
1644	40	
1645	85	
1646	72	
1647	86	
1648	78	
1649	56	
1650	78	
1651	100	
1652	3	
1653	65	
1654	76	
1655	40	
1656	59	
1657	17	
1658	93	
1659	26	
1660	3	
1661	78	
1662	29	
1663	6	
1664	74	
1665	48	
1666	55	
1667	60	
1668	17	
1669	40	
1670	90	
1671	23	
1672	64	
1673	78	
1674	22	
1675	59	
1676	24	
1677	12	
1678	34	
1679	97	
1680	44	
1681	10	
1682	13	
1683	19	
1684	90	
1685	41	
1686	79	
1687	94	
1688	21	
1689	86	
1690	31	
1691	2	
1692	82	
1693	65	
1694	31	
1695	54	
1696	9	
1697	28	
1698	69	
1699	98	
1700	95	
1701	12	
1702	78	
1703	2	
1704	19	
1705	68	
1706	62	
1707	7	
1708	59	
1709	39	
1710	73	
1711	34	
1712	86	
1713	28	
1714	86	
1715	17	
1716	76	
1717	1	
1718	35	
1719	27	
1720	83	
1721	22	
1722	78	
1723	37	
1724	30	
1725	93	
1726	47	
1727	76	
1728	57	
1729	37	
1730	92	
1731	75	
1732	37	
1733	1	
1734	23	
1735	40	
1736	7	
1737	68	
1738	92	
1739	56	
1740	70	
1741	3	
1742	50	
1743	94	
1744	11	
1745	52	
1746	40	
1747	97	
1748	98	
1749	95	
1750	46	
1751	43	
1752	56	
1753	96	
1754	6	
1755	26	
1756	16	
1757	5	
1758	61	
1759	86	
1760	32	
1761	75	
1762	17	
1763	15	
1764	83	
1765	42	
1766	14	
1767	5	
1768	58	
1769	7	
1770	68	
1771	89	
1772	33	
1773	68	
1774	16	
1775	24	
1776	24	
1777	20	
1778	16	
1779	77	
1780	12	
1781	72	
1782	41	
1783	17	
1784	52	
1785	90	
1786	45	
1787	9	
1788	87	
1789	62	
1790	24	
1791	21	
1792	18	
1793	81	
1794	60	
1795	98	
1796	76	
1797	96	
1798	31	
1799	5	
1800	32	
1801	60	
1802	13	
1803	80	
1804	31	
1805	49	
1806	36	
1807	65	
1808	28	
1809	8	
1810	26	
1811	18	
1812	77	
1813	63	
1814	35	
1815	69	
1816	49	
1817	21	
1818	17	
1819	52	
1820	49	
1821	64	
1822	13	
1823	84	
1824	37	
1825	8	
1826	28	
1827	22	
1828	77	
1829	3	
1830	73	
1831	11	
1832	54	
1833	81	
1834	96	
1835	85	
1836	41	
1837	23	
1838	82	
1839	25	
1840	24	
1841	9	
1842	53	
1843	58	
1844	94	
1845	22	
1846	10	
1847	89	
1848	61	
1849	32	
1850	10	
1851	57	
1852	91	
1853	78	
1854	51	
1855	77	
1856	87	
1857	36	
1858	94	
1859	66	
1860	78	
1861	98	
1862	45	
1863	87	
1864	80	
1865	26	
1866	20	
1867	1	
1868	14	
1869	85	
1870	69	
1871	95	
1872	40	
1873	51	
1874	53	
1875	61	
1876	58	
1877	17	
1878	51	
1879	39	
1880	85	
1881	40	
1882	37	
1883	8	
1884	92	
1885	33	
1886	84	
1887	20	
1888	60	
1889	16	
1890	34	
1891	20	
1892	98	
1893	6	
1894	95	
1895	7	
1896	6	
1897	81	
1898	34	
1899	40	
1900	84	
1901	20	
1902	86	
1903	52	
1904	63	
1905	9	
1906	84	
1907	27	
1908	82	
1909	10	
1910	1	
1911	95	
1912	92	
1913	89	
1914	82	
1915	26	
1916	17	
1917	16	
1918	25	
1919	19	
1920	37	
1921	20	
1922	23	
1923	73	
1924	26	
1925	27	
1926	82	
1927	97	
1928	7	
1929	52	
1930	42	
1931	58	
1932	24	
1933	92	
1934	1	
1935	4	
1936	34	
1937	92	
1938	76	
1939	11	
1940	26	
1941	18	
1942	73	
1943	79	
1944	43	
1945	70	
1946	37	
1947	23	
1948	46	
1949	52	
1950	13	
1951	51	
1952	82	
1953	54	
1954	58	
1955	21	
1956	82	
1957	44	
1958	91	
1959	65	
1960	71	
1961	19	
1962	31	
1963	42	
1964	29	
1965	40	
1966	5	
1967	54	
1968	61	
1969	84	
1970	30	
1971	18	
1972	29	
1973	64	
1974	35	
1975	80	
1976	61	
1977	20	
1978	25	
1979	34	
1980	94	
1981	25	
1982	70	
1983	59	
1984	79	
1985	80	
1986	26	
1987	35	
1988	45	
1989	6	
1990	65	
1991	52	
1992	72	
1993	55	
1994	22	
1995	37	
1996	1	
1997	89	
1998	71	
1999	39	
2000	35	
4001
