2000
1	89	
2	1	
3	39	
4	76	
5	41	
6	27	
7	62	
8	97	
9	38	
10	51	
11	45	
12	8	
13	21	
14	77	
15	90	
16	54	
17	86	
18	21	
19	54	
20	91	
21	90	
22	49	
23	77	
24	48	
25	6	
26	77	
27	39	
28	29	
29	39	
30	60	
31	67	
32	93	
33	17	
34	10	
35	21	
36	6	
37	1	
38	98	
39	41	
40	44	
41	48	
42	67	
43	23	
44	83	
45	52	
46	92	
47	7	
48	3	
49	88	
50	17	
51	20	
52	89	
53	70	
54	49	
55	90	
56	85	
57	94	
58	52	
59	13	
60	15	
61	90	
62	88	
63	45	
64	52	
65	57	
66	1	
67	26	
68	76	
69	49	
70	67	
71	87	
72	59	
73	95	
74	28	
75	13	
76	42	
77	88	
78	16	
79	70	
80	60	
81	27	
82	3	
83	52	
84	91	
85	99	
86	63	
87	17	
88	49	
89	91	
90	100	
91	82	
92	46	
93	62	
94	49	
95	5	
96	82	
97	74	
98	54	
99	5	
100	61	
101	94	
102	25	
103	79	
104	61	
105	38	
106	75	
107	68	
108	48	
109	28	
110	98	
111	12	
112	36	
113	42	
114	90	
115	2	
116	32	
117	8	
118	54	
119	70	
120	78	
121	29	
122	2	
123	13	
124	32	
125	54	
126	64	
127	53	
128	53	
129	36	
130	24	
131	79	
132	66	
133	20	
134	97	
135	90	
136	51	
137	66	
138	92	
139	79	
140	73	
141	76	
142	70	
143	56	
144	36	
145	42	
146	27	
147	59	
148	92	
149	38	
150	23	
151	98	
152	54	
153	3	
154	41	
155	71	
156	77	
157	79	
158	16	
159	71	
160	90	
161	74	
162	96	
163	91	
164	11	
165	98	
166	63	
167	4	
168	65	
169	7	
170	38	
171	68	
172	31	
173	34	
174	95	
175	80	
176	60	
177	51	
178	98	
179	19	
180	73	
181	32	
182	10	
183	85	
184	33	
185	10	
186	14	
187	79	
188	90	
189	85	
190	90	
191	11	
192	76	
193	73	
194	5	
195	26	
196	75	
197	57	
198	39	
199	8	
200	14	
201	84	
202	42	
203	48	
204	12	
205	64	
206	6	
207	89	
208	27	
209	52	
210	86	
211	33	
212	73	
213	36	
214	10	
215	71	
216	32	
217	89	
218	57	
219	14	
220	99	
221	43	
222	42	
223	58	
224	89	
225	49	
226	93	
227	40	
228	70	
229	60	
230	72	
231	42	
232	67	
233	54	
234	47	
235	38	
236	93	
237	14	
238	74	
239	14	
240	14	
241	26	
242	28	
243	30	
244	32	
245	59	
246	92	
247	35	
248	75	
249	33	
250	17	
251	8	
252	88	
253	62	
254	39	
255	44	
256	86	
257	93	
258	85	
259	44	
260	98	
261	60	
262	58	
263	60	
264	24	
265	44	
266	43	
267	99	
268	89	
269	6	
270	36	
271	53	
272	92	
273	65	
274	64	
275	78	
276	83	
277	56	
278	99	
279	34	
280	9	
281	18	
282	71	
283	12	
284	40	
285	97	
286	22	
287	92	
288	62	
289	98	
290	24	
291	19	
292	1	
293	1	
294	3	
295	4	
296	8	
297	3	
298	23	
299	27	
300	89	
301	77	
302	16	
303	95	
304	50	
305	28	
306	65	
307	20	
308	82	
309	17	
310	96	
311	67	
312	31	
313	71	
314	67	
315	19	
316	95	
317	38	
318	70	
319	3	
320	10	
321	75	
322	32	
323	29	
324	43	
325	38	
326	4	
327	87	
328	32	
329	71	
330	98	
331	57	
332	44	
333	50	
334	89	
335	95	
336	4	
337	88	
338	4	
339	81	
340	57	
341	58	
342	87	
343	79	
344	69	
345	37	
346	56	
347	53	
348	23	
349	94	
350	84	
351	69	
352	53	
353	97	
354	5	
355	93	
356	94	
357	72	
358	12	
359	100	
360	55	
361	7	
362	82	
363	42	
364	59	
365	51	
366	40	
367	66	
368	33	
369	60	
370	12	
371	17	
372	91	
373	57	
374	83	
375	57	
376	34	
377	28	
378	23	
379	25	
380	54	
381	4	
382	72	
383	45	
384	32	
385	92	
386	64	
387	40	
388	75	
389	3	
390	21	
391	72	
392	22	
393	28	
394	19	
395	77	
396	26	
397	97	
398	81	
399	23	
400	34	
401	29	
402	26	
403	47	
404	36	
405	3	
406	5	
407	63	
408	87	
409	39	
410	91	
411	88	
412	20	
413	2	
414	10	
415	84	
416	63	
417	56	
418	65	
419	97	
420	77	
421	70	
422	96	
423	38	
424	1	
425	61	
426	10	
427	47	
428	25	
429	95	
430	95	
431	64	
432	75	
433	91	
434	66	
435	84	
436	70	
437	11	
438	29	
439	95	
440	60	
441	47	
442	21	
443	69	
444	23	
445	96	
446	13	
447	26	
448	90	
449	40	
450	72	
451	74	
452	18	
453	42	
454	12	
455	35	
456	43	
457	68	
458	47	
459	80	
460	35	
461	54	
462	31	
463	30	
464	63	
465	13	
466	3	
467	83	
468	87	
469	7	
470	50	
471	1	
472	40	
473	99	
474	93	
475	61	
476	92	
477	12	
478	5	
479	62	
480	36	
481	72	
482	56	
483	76	
484	99	
485	86	
486	94	
487	47	
488	1	
489	6	
490	30	
491	28	
492	76	
493	6	
494	68	
495	56	
496	87	
497	4	
498	78	
499	1	
500	19	
501	100	
502	9	
503	62	
504	76	
505	24	
506	38	
507	64	
508	74	
509	48	
510	76	
511	13	
512	65	
513	17	
514	81	
515	6	
516	87	
517	19	
518	78	
519	14	
520	11	
521	46	
522	70	
523	85	
524	73	
525	94	
526	39	
527	24	
528	11	
529	40	
530	26	
531	26	
532	75	
533	5	
534	38	
535	38	
536	87	
537	6	
538	81	
539	5	
540	79	
541	92	
542	19	
543	46	
544	67	
545	87	
546	33	
547	14	
548	83	
549	17	
550	23	
551	63	
552	80	
553	42	
554	28	
555	42	
556	82	
557	71	
558	12	
559	71	
560	30	
561	60	
562	80	
563	49	
564	71	
565	39	
566	8	
567	68	
568	90	
569	64	
570	14	
571	65	
572	84	
573	53	
574	21	
575	90	
576	88	
577	70	
578	82	
579	16	
580	43	
581	31	
582	14	
583	90	
584	53	
585	26	
586	95	
587	37	
588	83	
589	12	
590	46	
591	72	
592	44	
593	29	
594	76	
595	27	
596	34	
597	10	
598	91	
599	45	
600	81	
601	7	
602	100	
603	59	
604	56	
605	51	
606	16	
607	77	
608	40	
609	57	
610	76	
611	69	
612	66	
613	26	
614	39	
615	13	
616	69	
617	24	
618	12	
619	35	
620	23	
621	34	
622	54	
623	28	
624	47	
625	98	
626	14	
627	35	
628	34	
629	45	
630	49	
631	37	
632	39	
633	83	
634	76	
635	5	
636	84	
637	74	
638	57	
639	26	
640	68	
641	5	
642	92	
643	73	
644	41	
645	70	
646	5	
647	78	
648	1	
649	41	
650	19	
651	100	
652	43	
653	85	
654	16	
655	70	
656	65	
657	92	
658	97	
659	91	
660	40	
661	9	
662	52	
663	39	
664	93	
665	15	
666	37	
667	12	
668	72	
669	93	
670	43	
671	22	
672	24	
673	93	
674	98	
675	60	
676	3	
677	46	
678	61	
679	41	
680	49	
681	32	
682	95	
683	91	
684	42	
685	96	
686	79	
687	24	
688	70	
689	99	
690	77	
691	36	
692	39	
693	97	
694	56	
695	28	
696	38	
697	20	
698	4	
699	83	
700	51	
701	96	
702	63	
703	12	
704	7	
705	98	
706	30	
707	73	
708	14	
709	75	
710	74	
711	3	
712	40	
713	99	
714	97	
715	25	
716	21	
717	32	
718	96	
719	87	
720	4	
721	34	
722	8	
723	45	
724	64	
725	87	
726	98	
727	75	
728	31	
729	69	
730	93	
731	80	
732	46	
733	76	
734	5	
735	17	
736	19	
737	84	
738	79	
739	88	
740	47	
741	92	
742	37	
743	56	
744	55	
745	79	
746	8	
747	45	
748	88	
749	29	
750	94	
751	18	
752	8	
753	46	
754	67	
755	24	
756	38	
757	96	
758	34	
759	81	
760	80	
761	44	
762	51	
763	92	
764	56	
765	37	
766	60	
767	97	
768	29	
769	98	
770	90	
771	11	
772	81	
773	98	
774	14	
775	95	
776	54	
777	83	
778	65	
779	100	
780	14	
781	66	
782	42	
783	39	
784	25	
785	11	
786	37	
787	89	
788	75	
789	23	
790	72	
791	22	
792	17	
793	50	
794	7	
795	38	
796	10	
797	67	
798	29	
799	43	
800	51	
801	41	
802	26	
803	80	
804	14	
805	65	
806	72	
807	98	
808	68	
809	56	
810	24	
811	90	
812	64	
813	28	
814	48	
815	7	
816	49	
817	72	
818	44	
819	50	
820	48	
821	18	
822	27	
823	98	
824	17	
825	66	
826	21	
827	51	
828	60	
829	9	
830	79	
831	17	
832	37	
833	36	
834	100	
835	27	
836	82	
837	56	
838	8	
839	54	
840	62	
841	78	
842	12	
843	70	
844	38	
845	6	
846	91	
847	29	
848	61	
849	42	
850	77	
851	13	
852	24	
853	53	
854	92	
855	55	
856	40	
857	73	
858	20	
859	10	
860	61	
861	8	
862	40	
863	60	
864	23	
865	20	
866	51	
867	66	
868	7	
869	60	
870	46	
871	25	
872	51	
873	4	
874	22	
875	81	
876	19	
877	73	
878	52	
879	14	
880	48	
881	28	
882	95	
883	30	
884	93	
885	22	
886	50	
887	16	
888	23	
889	86	
890	77	
891	45	
892	2	
893	15	
894	29	
895	74	
896	100	
897	37	
898	5	
899	26	
900	30	
901	37	
902	97	
903	47	
904	28	
905	3	
906	42	
907	22	
908	36	
909	81	
910	23	
911	22	
912	15	
913	11	
914	67	
915	38	
916	92	
917	26	
918	30	
919	75	
920	50	
921	7	
922	3	
923	97	
924	51	
925	59	
926	77	
927	91	
928	93	
929	14	
930	35	
931	14	
932	30	
933	78	
934	78	
935	8	
936	61	
937	63	
938	67	
939	98	
940	92	
941	90	
942	3	
943	24	
944	78	
945	87	
946	13	
947	25	
948	51	
949	60	
950	100	
951	49	
952	77	
953	17	
954	19	
955	97	
956	59	
957	20	
958	74	
959	79	
960	1	
961	72	
962	84	
963	72	
964	1	
965	16	
966	48	
967	87	
968	45	
969	47	
970	54	
971	77	
972	60	
973	94	
974	41	
975	37	
976	100	
977	27	
978	56	
979	98	
980	42	
981	62	
982	31	
983	54	
984	59	
985	76	
986	69	
987	7	
988	83	
989	73	
990	16	
991	49	
992	93	
993	75	
994	54	
995	65	
996	76	
997	26	
998	52	
999	97	
1000	29	
1001	84	
1002	71	
1003	6	
1004	68	
1005	44	
1006	100	
1007	56	
1008	18	
1009	96	
1010	57	
1011	74	
1012	53	
1013	85	
1014	32	
1015	21	
1016	13	
1017	27	
1018	56	
1019	60	
1020	22	
1021	99	
1022	45	
1023	78	
1024	85	
1025	70	
1026	10	
1027	64	
1028	86	
1029	53	
1030	78	
1031	9	
1032	37	
1033	53	
1034	9	
1035	6	
1036	27	
1037	74	
1038	33	
1039	70	
1040	43	
1041	85	
1042	28	
1043	73	
1044	7	
1045	12	
1046	30	
1047	6	
1048	22	
1049	22	
1050	97	
1051	39	
1052	57	
1053	94	
1054	94	
1055	33	
1056	8	
1057	62	
1058	43	
1059	58	
1060	16	
1061	85	
1062	85	
1063	16	
1064	16	
1065	35	
1066	16	
1067	49	
1068	54	
1069	65	
1070	68	
1071	59	
1072	12	
1073	48	
1074	36	
1075	30	
1076	69	
1077	8	
1078	78	
1079	39	
1080	63	
1081	7	
1082	71	
1083	93	
1084	60	
1085	53	
1086	70	
1087	31	
1088	3	
1089	74	
1090	38	
1091	67	
1092	30	
1093	9	
1094	26	
1095	18	
1096	95	
1097	38	
1098	42	
1099	78	
1100	8	
1101	89	
1102	52	
1103	86	
1104	21	
1105	18	
1106	14	
1107	66	
1108	38	
1109	13	
1110	72	
1111	38	
1112	96	
1113	12	
1114	4	
1115	25	
1116	66	
1117	13	
1118	19	
1119	44	
1120	26	
1121	100	
1122	75	
1123	22	
1124	55	
1125	10	
1126	52	
1127	86	
1128	1	
1129	61	
1130	33	
1131	26	
1132	94	
1133	97	
1134	74	
1135	80	
1136	49	
1137	74	
1138	69	
1139	85	
1140	19	
1141	58	
1142	19	
1143	91	
1144	60	
1145	21	
1146	45	
1147	100	
1148	4	
1149	57	
1150	34	
1151	11	
1152	56	
1153	97	
1154	13	
1155	4	
1156	80	
1157	100	
1158	68	
1159	5	
1160	88	
1161	49	
1162	49	
1163	89	
1164	76	
1165	45	
1166	26	
1167	45	
1168	61	
1169	62	
1170	74	
1171	98	
1172	100	
1173	96	
1174	36	
1175	8	
1176	84	
1177	87	
1178	17	
1179	50	
1180	42	
1181	82	
1182	46	
1183	33	
1184	82	
1185	96	
1186	69	
1187	4	
1188	20	
1189	38	
1190	50	
1191	67	
1192	81	
1193	89	
1194	56	
1195	82	
1196	54	
1197	55	
1198	51	
1199	64	
1200	69	
1201	59	
1202	57	
1203	62	
1204	100	
1205	34	
1206	47	
1207	14	
1208	67	
1209	22	
1210	26	
1211	59	
1212	43	
1213	28	
1214	56	
1215	13	
1216	87	
1217	35	
1218	86	
1219	31	
1220	32	
1221	1	
1222	90	
1223	91	
1224	39	
1225	22	
1226	96	
1227	89	
1228	51	
1229	57	
1230	34	
1231	90	
1232	40	
1233	8	
1234	9	
1235	76	
1236	16	
1237	94	
1238	3	
1239	80	
1240	19	
1241	38	
1242	85	
1243	42	
1244	44	
1245	18	
1246	4	
1247	72	
1248	56	
1249	86	
1250	73	
1251	1	
1252	8	
1253	4	
1254	23	
1255	34	
1256	63	
1257	84	
1258	57	
1259	36	
1260	67	
1261	83	
1262	18	
1263	22	
1264	99	
1265	2	
1266	55	
1267	93	
1268	96	
1269	69	
1270	49	
1271	40	
1272	93	
1273	58	
1274	97	
1275	3	
1276	77	
1277	21	
1278	61	
1279	10	
1280	85	
1281	66	
1282	54	
1283	69	
1284	72	
1285	12	
1286	57	
1287	51	
1288	88	
1289	35	
1290	84	
1291	21	
1292	44	
1293	43	
1294	24	
1295	73	
1296	14	
1297	60	
1298	82	
1299	89	
1300	11	
1301	54	
1302	76	
1303	95	
1304	72	
1305	42	
1306	55	
1307	100	
1308	17	
1309	12	
1310	100	
1311	47	
1312	17	
1313	47	
1314	80	
1315	96	
1316	35	
1317	37	
1318	78	
1319	67	
1320	16	
1321	18	
1322	9	
1323	60	
1324	36	
1325	70	
1326	48	
1327	71	
1328	60	
1329	67	
1330	91	
1331	3	
1332	62	
1333	35	
1334	65	
1335	64	
1336	22	
1337	72	
1338	50	
1339	11	
1340	48	
1341	5	
1342	92	
1343	18	
1344	25	
1345	25	
1346	8	
1347	98	
1348	25	
1349	62	
1350	88	
1351	10	
1352	28	
1353	69	
1354	87	
1355	51	
1356	3	
1357	43	
1358	89	
1359	95	
1360	85	
1361	95	
1362	46	
1363	32	
1364	12	
1365	88	
1366	4	
1367	4	
1368	43	
1369	90	
1370	95	
1371	84	
1372	24	
1373	89	
1374	7	
1375	31	
1376	17	
1377	11	
1378	90	
1379	38	
1380	19	
1381	28	
1382	7	
1383	23	
1384	4	
1385	57	
1386	7	
1387	23	
1388	14	
1389	96	
1390	88	
1391	14	
1392	3	
1393	100	
1394	95	
1395	91	
1396	78	
1397	99	
1398	64	
1399	91	
1400	13	
1401	68	
1402	58	
1403	80	
1404	3	
1405	99	
1406	38	
1407	39	
1408	60	
1409	38	
1410	69	
1411	21	
1412	97	
1413	67	
1414	20	
1415	63	
1416	51	
1417	66	
1418	5	
1419	99	
1420	57	
1421	18	
1422	29	
1423	88	
1424	80	
1425	73	
1426	1	
1427	90	
1428	40	
1429	85	
1430	94	
1431	60	
1432	54	
1433	27	
1434	11	
1435	43	
1436	97	
1437	13	
1438	24	
1439	22	
1440	91	
1441	13	
1442	46	
1443	30	
1444	95	
1445	78	
1446	11	
1447	82	
1448	93	
1449	96	
1450	92	
1451	61	
1452	19	
1453	92	
1454	87	
1455	80	
1456	56	
1457	22	
1458	96	
1459	14	
1460	93	
1461	85	
1462	18	
1463	12	
1464	50	
1465	19	
1466	89	
1467	17	
1468	75	
1469	95	
1470	3	
1471	92	
1472	73	
1473	97	
1474	100	
1475	14	
1476	28	
1477	34	
1478	83	
1479	11	
1480	40	
1481	38	
1482	45	
1483	30	
1484	17	
1485	63	
1486	75	
1487	91	
1488	5	
1489	89	
1490	26	
1491	78	
1492	2	
1493	17	
1494	95	
1495	38	
1496	46	
1497	76	
1498	12	
1499	45	
1500	85	
1501	91	
1502	99	
1503	32	
1504	91	
1505	50	
1506	36	
1507	1	
1508	37	
1509	18	
1510	65	
1511	14	
1512	42	
1513	93	
1514	63	
1515	69	
1516	15	
1517	59	
1518	4	
1519	92	
1520	72	
1521	4	
1522	24	
1523	76	
1524	15	
1525	82	
1526	58	
1527	87	
1528	34	
1529	69	
1530	78	
1531	63	
1532	39	
1533	15	
1534	70	
1535	43	
1536	21	
1537	67	
1538	30	
1539	2	
1540	25	
1541	23	
1542	17	
1543	97	
1544	27	
1545	68	
1546	36	
1547	27	
1548	16	
1549	19	
1550	11	
1551	88	
1552	32	
1553	83	
1554	93	
1555	64	
1556	95	
1557	99	
1558	51	
1559	75	
1560	25	
1561	83	
1562	93	
1563	69	
1564	48	
1565	87	
1566	49	
1567	4	
1568	98	
1569	49	
1570	33	
1571	2	
1572	25	
1573	57	
1574	94	
1575	82	
1576	96	
1577	84	
1578	61	
1579	28	
1580	61	
1581	8	
1582	88	
1583	19	
1584	75	
1585	63	
1586	3	
1587	44	
1588	11	
1589	45	
1590	17	
1591	77	
1592	24	
1593	45	
1594	1	
1595	89	
1596	45	
1597	4	
1598	79	
1599	40	
1600	75	
1601	31	
1602	70	
1603	41	
1604	69	
1605	59	
1606	93	
1607	42	
1608	77	
1609	81	
1610	49	
1611	79	
1612	50	
1613	17	
1614	42	
1615	96	
1616	6	
1617	56	
1618	91	
1619	58	
1620	94	
1621	96	
1622	84	
1623	54	
1624	59	
1625	80	
1626	43	
1627	75	
1628	93	
1629	34	
1630	78	
1631	11	
1632	3	
1633	62	
1634	1	
1635	78	
1636	76	
1637	42	
1638	86	
1639	4	
1640	38	
1641	54	
1642	22	
1643	41	
1644	58	
1645	39	
1646	94	
1647	40	
1648	52	
1649	26	
1650	36	
1651	50	
1652	1	
1653	59	
1654	78	
1655	82	
1656	89	
1657	63	
1658	95	
1659	8	
1660	25	
1661	12	
1662	95	
1663	96	
1664	72	
1665	14	
1666	41	
1667	50	
1668	3	
1669	78	
1670	36	
1671	13	
1672	30	
1673	88	
1674	24	
1675	61	
1676	38	
1677	2	
1678	16	
1679	35	
1680	30	
1681	12	
1682	91	
1683	93	
1684	48	
1685	79	
1686	13	
1687	36	
1688	15	
1689	96	
1690	21	
1691	52	
1692	84	
1693	27	
1694	5	
1695	76	
1696	11	
1697	34	
1698	67	
1699	8	
1700	45	
1701	18	
1702	16	
1703	100	
1704	73	
1705	70	
1706	12	
1707	69	
1708	97	
1709	25	
1710	55	
1711	40	
1712	44	
1713	30	
1714	24	
1715	15	
1716	2	
1717	47	
1718	53	
1719	65	
1720	53	
1721	88	
1722	76	
1723	35	
1724	84	
1725	31	
1726	29	
1727	70	
1728	55	
1729	31	
1730	38	
1731	49	
1732	27	
1733	47	
1734	93	
1735	74	
1736	13	
1737	50	
1738	34	
1739	74	
1740	96	
1741	77	
1742	92	
1743	20	
1744	65	
1745	26	
1746	26	
1747	7	
1748	32	
1749	85	
1750	20	
1751	89	
1752	18	
1753	10	
1754	28	
1755	88	
1756	78	
1757	95	
1758	23	
1759	64	
1760	78	
1761	53	
1762	95	
1763	85	
1764	69	
1765	32	
1766	20	
1767	71	
1768	88	
1769	13	
1770	42	
1771	3	
1772	95	
1773	94	
1774	98	
1775	86	
1776	6	
1777	94	
1778	82	
1779	79	
1780	78	
1781	74	
1782	15	
1783	95	
1784	34	
1785	92	
1786	3	
1787	43	
1788	45	
1789	60	
1790	6	
1791	55	
1792	72	
1793	95	
1794	2	
1795	40	
1796	2	
1797	62	
1798	53	
1799	11	
1800	14	
1801	86	
1802	3	
1803	14	
1804	9	
1805	71	
1806	62	
1807	95	
1808	26	
1809	54	
1810	100	
1811	80	
1812	31	
1813	73	
1814	21	
1815	71	
1816	83	
1817	59	
1818	23	
1819	6	
1820	75	
1821	54	
1822	79	
1823	62	
1824	67	
1825	10	
1826	10	
1827	96	
1828	63	
1829	1	
1830	11	
1831	77	
1832	80	
1833	23	
1834	34	
1835	7	
1836	47	
1837	13	
1838	24	
1839	67	
1840	86	
1841	59	
1842	11	
1843	88	
1844	28	
1845	8	
1846	96	
1847	71	
1848	95	
1849	54	
1850	16	
1851	67	
1852	41	
1853	68	
1854	85	
1855	51	
1856	73	
1857	82	
1858	88	
1859	28	
1860	84	
1861	64	
1862	19	
1863	5	
1864	98	
1865	32	
1866	86	
1867	71	
1868	48	
1869	39	
1870	23	
1871	9	
1872	74	
1873	85	
1874	15	
1875	7	
1876	48	
1877	31	
1878	89	
1879	21	
1880	19	
1881	98	
1882	95	
1883	2	
1884	6	
1885	59	
1886	42	
1887	58	
1888	34	
1889	14	
1890	8	
1891	62	
1892	16	
1893	52	
1894	97	
1895	29	
1896	24	
1897	3	
1898	100	
1899	54	
1900	26	
1901	66	
1902	68	
1903	14	
1904	33	
1905	11	
1906	66	
1907	77	
1908	36	
1909	28	
1910	23	
1911	61	
1912	86	
1913	83	
1914	88	
1915	68	
1916	67	
1917	94	
1918	31	
1919	57	
1920	95	
1921	78	
1922	93	
1923	79	
1924	80	
1925	93	
1926	24	
1927	87	
1928	37	
1929	46	
1930	28	
1931	100	
1932	38	
1933	30	
1934	95	
1935	6	
1936	12	
1937	98	
1938	90	
1939	45	
1940	36	
1941	92	
1942	23	
1943	81	
1944	17	
1945	8	
1946	87	
1947	73	
1948	88	
1949	22	
1950	15	
1951	33	
1952	28	
1953	84	
1954	36	
1955	15	
1956	32	
1957	98	
1958	57	
1959	59	
1960	89	
1961	41	
1962	5	
1963	40	
1964	15	
1965	2	
1966	23	
1967	100	
1968	31	
1969	82	
1970	36	
1971	52	
1972	19	
1973	74	
1974	33	
1975	30	
1976	95	
1977	58	
1978	7	
1979	36	
1980	20	
1981	7	
1982	88	
1983	49	
1984	73	
1985	46	
1986	68	
1987	77	
1988	31	
1989	92	
1990	11	
1991	98	
1992	10	
1993	65	
1994	96	
1995	7	
1996	91	
1997	83	
1998	89	
1999	97	
2000	37	
10238
