2000
1	22	
2	14	
3	36	
4	81	
5	54	
6	96	
7	11	
8	34	
9	11	
10	44	
11	26	
12	69	
13	46	
14	98	
15	47	
16	31	
17	95	
18	2	
19	55	
20	88	
21	59	
22	30	
23	54	
24	1	
25	35	
26	74	
27	32	
28	62	
29	68	
30	25	
31	60	
32	98	
33	82	
34	23	
35	30	
36	51	
37	62	
38	51	
39	26	
40	97	
41	1	
42	92	
43	20	
44	76	
45	73	
46	17	
47	36	
48	12	
49	17	
50	62	
51	97	
52	42	
53	63	
54	18	
55	27	
56	94	
57	19	
58	1	
59	70	
60	92	
61	47	
62	1	
63	70	
64	89	
65	38	
66	30	
67	47	
68	61	
69	22	
70	76	
71	84	
72	8	
73	24	
74	25	
75	54	
76	67	
77	85	
78	13	
79	75	
80	5	
81	40	
82	24	
83	65	
84	48	
85	68	
86	88	
87	58	
88	50	
89	4	
90	97	
91	7	
92	27	
93	79	
94	94	
95	2	
96	71	
97	47	
98	83	
99	90	
100	58	
101	99	
102	38	
103	28	
104	66	
105	11	
106	16	
107	9	
108	97	
109	69	
110	83	
111	93	
112	77	
113	3	
114	11	
115	71	
116	65	
117	69	
118	83	
119	27	
120	35	
121	98	
122	27	
123	42	
124	17	
125	3	
126	69	
127	54	
128	22	
129	25	
130	45	
131	84	
132	15	
133	89	
134	34	
135	99	
136	60	
137	75	
138	93	
139	56	
140	78	
141	9	
142	63	
143	53	
144	89	
145	63	
146	36	
147	52	
148	85	
149	15	
150	28	
151	51	
152	15	
153	16	
154	14	
155	64	
156	10	
157	16	
158	13	
159	48	
160	71	
161	3	
162	17	
163	76	
164	72	
165	75	
166	72	
167	97	
168	50	
169	12	
170	99	
171	45	
172	24	
173	43	
174	64	
175	73	
176	1	
177	40	
178	99	
179	60	
180	34	
181	57	
182	39	
183	26	
184	78	
185	27	
186	43	
187	24	
188	63	
189	46	
190	11	
191	76	
192	9	
193	62	
194	98	
195	55	
196	76	
197	90	
198	40	
199	25	
200	83	
201	21	
202	99	
203	17	
204	69	
205	69	
206	71	
207	50	
208	36	
209	17	
210	39	
211	2	
212	26	
213	53	
214	83	
215	12	
216	69	
217	94	
218	86	
219	83	
220	44	
221	4	
222	19	
223	67	
224	70	
225	62	
226	38	
227	29	
228	11	
229	13	
230	65	
231	39	
232	56	
233	79	
234	80	
235	71	
236	30	
237	19	
238	7	
239	7	
240	27	
241	67	
242	61	
243	7	
244	25	
245	72	
246	57	
247	52	
248	96	
249	82	
250	30	
251	1	
252	33	
253	31	
254	52	
255	93	
256	67	
257	46	
258	78	
259	13	
260	43	
261	1	
262	15	
263	9	
264	5	
265	85	
266	16	
267	44	
268	70	
269	51	
270	1	
271	30	
272	53	
273	34	
274	17	
275	47	
276	80	
277	81	
278	32	
279	19	
280	38	
281	87	
282	40	
283	1	
284	57	
285	70	
286	7	
287	17	
288	3	
289	51	
290	25	
291	44	
292	38	
293	62	
294	72	
295	89	
296	85	
297	12	
298	88	
299	12	
300	70	
301	34	
302	37	
303	52	
304	11	
305	69	
306	42	
307	69	
308	63	
309	22	
310	45	
311	76	
312	24	
313	12	
314	48	
315	60	
316	100	
317	43	
318	59	
319	32	
320	27	
321	40	
322	61	
323	86	
324	28	
325	59	
326	61	
327	64	
328	85	
329	24	
330	95	
331	38	
332	25	
333	79	
334	38	
335	16	
336	69	
337	49	
338	17	
339	50	
340	26	
341	31	
342	24	
343	40	
344	10	
345	22	
346	97	
347	30	
348	28	
349	43	
350	61	
351	22	
352	70	
353	26	
354	98	
355	14	
356	51	
357	5	
358	5	
359	89	
360	52	
361	96	
362	39	
363	55	
364	88	
365	44	
366	37	
367	27	
368	18	
369	81	
370	93	
371	54	
372	20	
373	86	
374	8	
375	6	
376	43	
377	49	
378	60	
379	98	
380	11	
381	45	
382	69	
383	82	
384	77	
385	89	
386	17	
387	57	
388	48	
389	4	
390	22	
391	57	
392	7	
393	73	
394	4	
395	34	
396	87	
397	82	
398	98	
399	44	
400	59	
401	50	
402	63	
403	52	
404	65	
405	92	
406	46	
407	60	
408	16	
409	16	
410	44	
411	49	
412	81	
413	19	
414	15	
415	53	
416	72	
417	25	
418	38	
419	50	
420	26	
421	11	
422	9	
423	23	
424	54	
425	2	
426	23	
427	40	
428	54	
429	84	
430	4	
431	53	
432	16	
433	100	
434	15	
435	57	
436	59	
437	72	
438	82	
439	60	
440	37	
441	68	
442	54	
443	38	
444	28	
445	5	
446	58	
447	71	
448	7	
449	25	
450	89	
451	3	
452	27	
453	3	
454	61	
455	36	
456	24	
457	17	
458	84	
459	33	
460	60	
461	95	
462	56	
463	87	
464	4	
465	94	
466	32	
467	28	
468	64	
469	12	
470	91	
471	70	
472	81	
473	24	
474	2	
475	82	
476	77	
477	65	
478	26	
479	15	
480	9	
481	17	
482	1	
483	77	
484	68	
485	3	
486	79	
487	48	
488	2	
489	51	
490	19	
491	37	
492	17	
493	31	
494	29	
495	73	
496	68	
497	37	
498	63	
499	30	
500	84	
501	29	
502	42	
503	43	
504	77	
505	89	
506	59	
507	65	
508	71	
509	33	
510	57	
511	98	
512	2	
513	66	
514	6	
515	27	
516	36	
517	44	
518	75	
519	67	
520	4	
521	39	
522	79	
523	26	
524	94	
525	71	
526	60	
527	81	
528	80	
529	53	
530	63	
531	51	
532	96	
533	2	
534	39	
535	51	
536	72	
537	15	
538	90	
539	38	
540	64	
541	81	
542	48	
543	79	
544	28	
545	80	
546	98	
547	7	
548	52	
549	58	
550	36	
551	80	
552	21	
553	67	
554	61	
555	23	
556	95	
557	100	
558	65	
559	92	
560	39	
561	29	
562	25	
563	86	
564	80	
565	52	
566	77	
567	97	
568	67	
569	45	
570	71	
571	62	
572	25	
573	2	
574	30	
575	75	
576	93	
577	43	
578	11	
579	37	
580	92	
581	56	
582	19	
583	55	
584	78	
585	83	
586	48	
587	42	
588	40	
589	81	
590	59	
591	69	
592	53	
593	26	
594	97	
595	96	
596	91	
597	51	
598	56	
599	42	
600	42	
601	8	
602	5	
603	36	
604	17	
605	4	
606	97	
607	62	
608	17	
609	94	
610	57	
611	78	
612	71	
613	63	
614	88	
615	22	
616	46	
617	37	
618	65	
619	28	
620	24	
621	63	
622	47	
623	57	
624	24	
625	43	
626	91	
627	60	
628	59	
629	34	
630	10	
631	22	
632	4	
633	80	
634	17	
635	98	
636	73	
637	55	
638	94	
639	47	
640	49	
641	38	
642	25	
643	30	
644	98	
645	7	
646	74	
647	47	
648	30	
649	6	
650	40	
651	21	
652	80	
653	82	
654	17	
655	27	
656	82	
657	5	
658	74	
659	96	
660	81	
661	78	
662	41	
663	96	
664	18	
665	100	
666	90	
667	41	
668	41	
669	14	
670	76	
671	11	
672	97	
673	50	
674	47	
675	33	
676	28	
677	31	
678	54	
679	50	
680	62	
681	69	
682	44	
683	60	
684	51	
685	49	
686	12	
687	97	
688	59	
689	44	
690	62	
691	5	
692	56	
693	86	
694	25	
695	57	
696	55	
697	13	
698	81	
699	92	
700	44	
701	1	
702	76	
703	37	
704	68	
705	55	
706	71	
707	82	
708	95	
709	16	
710	71	
711	96	
712	1	
713	96	
714	66	
715	94	
716	82	
717	69	
718	37	
719	52	
720	1	
721	71	
722	73	
723	10	
724	93	
725	96	
726	75	
727	92	
728	56	
729	10	
730	98	
731	97	
732	3	
733	45	
734	38	
735	90	
736	72	
737	13	
738	100	
739	5	
740	84	
741	5	
742	42	
743	45	
744	8	
745	100	
746	33	
747	38	
748	25	
749	58	
750	67	
751	95	
752	5	
753	35	
754	44	
755	73	
756	27	
757	33	
758	23	
759	70	
760	13	
761	93	
762	24	
763	21	
764	13	
765	38	
766	53	
767	70	
768	82	
769	71	
770	43	
771	12	
772	50	
773	11	
774	7	
775	56	
776	23	
777	64	
778	14	
779	73	
780	95	
781	35	
782	75	
783	40	
784	74	
785	60	
786	22	
787	10	
788	44	
789	8	
790	53	
791	31	
792	86	
793	39	
794	72	
795	11	
796	43	
797	48	
798	70	
799	8	
800	20	
801	26	
802	79	
803	45	
804	55	
805	14	
806	5	
807	27	
808	13	
809	53	
810	57	
811	27	
812	5	
813	65	
814	17	
815	80	
816	6	
817	33	
818	45	
819	91	
820	37	
821	31	
822	56	
823	39	
824	86	
825	3	
826	46	
827	80	
828	93	
829	54	
830	56	
831	58	
832	94	
833	97	
834	77	
835	92	
836	7	
837	89	
838	13	
839	11	
840	75	
841	71	
842	25	
843	83	
844	43	
845	75	
846	24	
847	66	
848	38	
849	67	
850	66	
851	70	
852	41	
853	30	
854	97	
855	60	
856	49	
857	86	
858	57	
859	83	
860	10	
861	37	
862	45	
863	53	
864	96	
865	17	
866	44	
867	67	
868	48	
869	33	
870	79	
871	86	
872	52	
873	97	
874	51	
875	14	
876	40	
877	26	
878	25	
879	51	
880	65	
881	13	
882	56	
883	7	
884	18	
885	15	
886	39	
887	81	
888	48	
889	27	
890	14	
891	30	
892	79	
893	84	
894	2	
895	83	
896	77	
897	82	
898	70	
899	3	
900	35	
901	66	
902	86	
903	4	
904	69	
905	20	
906	59	
907	43	
908	17	
909	50	
910	16	
911	31	
912	48	
913	52	
914	48	
915	87	
916	21	
917	43	
918	83	
919	12	
920	99	
921	48	
922	72	
923	38	
924	60	
925	56	
926	58	
927	24	
928	66	
929	63	
930	84	
931	11	
932	71	
933	87	
934	31	
935	69	
936	26	
937	100	
938	80	
939	55	
940	25	
941	95	
942	92	
943	69	
944	11	
945	28	
946	74	
947	6	
948	100	
949	69	
950	73	
951	38	
952	86	
953	54	
954	36	
955	74	
956	96	
957	69	
958	3	
959	36	
960	18	
961	29	
962	97	
963	37	
964	14	
965	93	
966	97	
967	24	
968	2	
969	24	
970	63	
971	46	
972	77	
973	87	
974	6	
975	74	
976	25	
977	60	
978	21	
979	71	
980	95	
981	91	
982	8	
983	87	
984	48	
985	25	
986	38	
987	68	
988	96	
989	34	
990	37	
991	66	
992	10	
993	92	
994	75	
995	50	
996	69	
997	15	
998	53	
999	54	
1000	74	
1001	41	
1002	12	
1003	43	
1004	45	
1005	65	
1006	21	
1007	85	
1008	79	
1009	57	
1010	10	
1011	7	
1012	14	
1013	22	
1014	17	
1015	62	
1016	82	
1017	80	
1018	21	
1019	41	
1020	95	
1021	12	
1022	98	
1023	35	
1024	14	
1025	95	
1026	95	
1027	73	
1028	35	
1029	10	
1030	67	
1031	90	
1032	2	
1033	2	
1034	54	
1035	43	
1036	88	
1037	47	
1038	38	
1039	75	
1040	92	
1041	6	
1042	21	
1043	82	
1044	52	
1045	53	
1046	7	
1047	79	
1048	55	
1049	39	
1050	38	
1051	100	
1052	22	
1053	39	
1054	71	
1055	54	
1056	69	
1057	87	
1058	8	
1059	99	
1060	17	
1061	74	
1062	66	
1063	41	
1064	61	
1065	64	
1066	29	
1067	50	
1068	15	
1069	46	
1070	37	
1071	72	
1072	61	
1073	13	
1074	29	
1075	91	
1076	90	
1077	13	
1078	7	
1079	88	
1080	76	
1081	72	
1082	56	
1083	22	
1084	45	
1085	42	
1086	11	
1087	28	
1088	20	
1089	47	
1090	15	
1091	52	
1092	47	
1093	6	
1094	35	
1095	27	
1096	12	
1097	3	
1098	23	
1099	35	
1100	29	
1101	22	
1102	65	
1103	27	
1104	86	
1105	7	
1106	83	
1107	3	
1108	95	
1109	46	
1110	33	
1111	19	
1112	85	
1113	33	
1114	89	
1115	90	
1116	87	
1117	46	
1118	20	
1119	69	
1120	31	
1121	9	
1122	56	
1123	67	
1124	72	
1125	47	
1126	45	
1127	31	
1128	14	
1129	94	
1130	18	
1131	7	
1132	79	
1133	58	
1134	11	
1135	9	
1136	54	
1137	11	
1138	50	
1139	78	
1140	44	
1141	47	
1142	24	
1143	80	
1144	49	
1145	26	
1146	74	
1147	45	
1148	25	
1149	14	
1150	39	
1151	56	
1152	89	
1153	30	
1154	54	
1155	77	
1156	49	
1157	73	
1158	29	
1159	58	
1160	5	
1161	2	
1162	66	
1163	42	
1164	73	
1165	98	
1166	19	
1167	66	
1168	34	
1169	23	
1170	19	
1171	31	
1172	93	
1173	29	
1174	17	
1175	45	
1176	85	
1177	28	
1178	22	
1179	3	
1180	23	
1181	79	
1182	47	
1183	86	
1184	39	
1185	89	
1186	42	
1187	77	
1188	13	
1189	3	
1190	91	
1191	12	
1192	90	
1193	86	
1194	65	
1195	83	
1196	55	
1197	96	
1198	32	
1199	69	
1200	46	
1201	64	
1202	78	
1203	71	
1204	29	
1205	55	
1206	16	
1207	7	
1208	72	
1209	23	
1210	75	
1211	20	
1212	36	
1213	69	
1214	97	
1215	50	
1216	20	
1217	16	
1218	23	
1219	80	
1220	93	
1221	18	
1222	43	
1223	32	
1224	8	
1225	11	
1226	49	
1227	94	
1228	44	
1229	70	
1230	83	
1231	11	
1232	13	
1233	25	
1234	34	
1235	1	
1236	21	
1237	11	
1238	92	
1239	49	
1240	100	
1241	43	
1242	38	
1243	95	
1244	93	
1245	91	
1246	29	
1247	9	
1248	21	
1249	39	
1250	70	
1251	6	
1252	45	
1253	49	
1254	100	
1255	91	
1256	44	
1257	33	
1258	94	
1259	77	
1260	32	
1261	32	
1262	67	
1263	87	
1264	20	
1265	47	
1266	72	
1267	26	
1268	33	
1269	98	
1270	70	
1271	25	
1272	54	
1273	35	
1274	50	
1275	8	
1276	74	
1277	46	
1278	18	
1279	55	
1280	2	
1281	67	
1282	67	
1283	14	
1284	65	
1285	17	
1286	42	
1287	4	
1288	13	
1289	88	
1290	33	
1291	10	
1292	5	
1293	80	
1294	9	
1295	46	
1296	91	
1297	93	
1298	95	
1299	78	
1300	8	
1301	19	
1302	65	
1303	52	
1304	49	
1305	83	
1306	40	
1307	45	
1308	46	
1309	45	
1310	81	
1311	100	
1312	54	
1313	68	
1314	81	
1315	65	
1316	32	
1317	46	
1318	83	
1319	68	
1320	49	
1321	35	
1322	34	
1323	89	
1324	13	
1325	31	
1326	49	
1327	12	
1328	1	
1329	52	
1330	64	
1331	100	
1332	63	
1333	72	
1334	82	
1335	61	
1336	83	
1337	37	
1338	39	
1339	12	
1340	37	
1341	86	
1342	45	
1343	19	
1344	62	
1345	38	
1346	81	
1347	83	
1348	94	
1349	27	
1350	1	
1351	75	
1352	65	
1353	38	
1354	40	
1355	84	
1356	8	
1357	48	
1358	90	
1359	100	
1360	62	
1361	88	
1362	55	
1363	89	
1364	33	
1365	93	
1366	37	
1367	81	
1368	36	
1369	15	
1370	48	
1371	37	
1372	97	
1373	46	
1374	76	
1375	60	
1376	90	
1377	84	
1378	83	
1379	83	
1380	100	
1381	61	
1382	88	
1383	84	
1384	25	
1385	38	
1386	80	
1387	64	
1388	7	
1389	53	
1390	73	
1391	75	
1392	92	
1393	5	
1394	32	
1395	16	
1396	3	
1397	76	
1398	25	
1399	48	
1400	22	
1401	61	
1402	71	
1403	61	
1404	76	
1405	40	
1406	71	
1407	20	
1408	9	
1409	87	
1410	90	
1411	18	
1412	42	
1413	92	
1414	57	
1415	68	
1416	12	
1417	87	
1418	26	
1419	20	
1420	38	
1421	15	
1422	82	
1423	33	
1424	65	
1425	90	
1426	22	
1427	47	
1428	21	
1429	98	
1430	71	
1431	65	
1432	39	
1433	64	
1434	68	
1435	52	
1436	82	
1437	86	
1438	17	
1439	71	
1440	16	
1441	50	
1442	67	
1443	35	
1444	80	
1445	75	
1446	16	
1447	43	
1448	86	
1449	61	
1450	77	
1451	18	
1452	32	
1453	57	
1454	92	
1455	29	
1456	73	
1457	3	
1458	65	
1459	67	
1460	54	
1461	62	
1462	71	
1463	53	
1464	7	
1465	4	
1466	14	
1467	38	
1468	28	
1469	28	
1470	52	
1471	9	
1472	30	
1473	34	
1474	9	
1475	27	
1476	49	
1477	47	
1478	44	
1479	12	
1480	89	
1481	71	
1482	50	
1483	55	
1484	6	
1485	4	
1486	68	
1487	8	
1488	2	
1489	78	
1490	23	
1491	43	
1492	35	
1493	90	
1494	64	
1495	11	
1496	47	
1497	33	
1498	17	
1499	86	
1500	54	
1501	48	
1502	4	
1503	13	
1504	92	
1505	43	
1506	81	
1507	82	
1508	58	
1509	47	
1510	94	
1511	99	
1512	99	
1513	42	
1514	80	
1515	22	
1516	60	
1517	20	
1518	69	
1519	33	
1520	53	
1521	97	
1522	41	
1523	25	
1524	28	
1525	95	
1526	7	
1527	12	
1528	91	
1529	42	
1530	59	
1531	64	
1532	16	
1533	48	
1534	27	
1535	24	
1536	82	
1537	20	
1538	71	
1539	11	
1540	26	
1541	32	
1542	54	
1543	30	
1544	80	
1545	5	
1546	93	
1547	100	
1548	97	
1549	32	
1550	84	
1551	93	
1552	5	
1553	20	
1554	38	
1555	73	
1556	20	
1557	56	
1558	16	
1559	84	
1560	74	
1561	92	
1562	90	
1563	94	
1564	73	
1565	80	
1566	6	
1567	65	
1568	47	
1569	66	
1570	46	
1571	3	
1572	10	
1573	14	
1574	3	
1575	39	
1576	61	
1577	49	
1578	26	
1579	89	
1580	98	
1581	37	
1582	5	
1583	76	
1584	8	
1585	32	
1586	40	
1587	41	
1588	96	
1589	58	
1590	66	
1591	18	
1592	37	
1593	30	
1594	86	
1595	34	
1596	98	
1597	77	
1598	36	
1599	97	
1600	92	
1601	60	
1602	39	
1603	2	
1604	58	
1605	96	
1606	14	
1607	19	
1608	2	
1609	38	
1610	82	
1611	76	
1612	63	
1613	58	
1614	39	
1615	29	
1616	67	
1617	41	
1618	4	
1619	27	
1620	55	
1621	41	
1622	53	
1623	43	
1624	88	
1625	53	
1626	80	
1627	16	
1628	2	
1629	87	
1630	35	
1631	24	
1632	28	
1633	51	
1634	30	
1635	23	
1636	9	
1637	99	
1638	83	
1639	61	
1640	55	
1641	87	
1642	63	
1643	50	
1644	55	
1645	76	
1646	59	
1647	17	
1648	73	
1649	11	
1650	69	
1651	75	
1652	78	
1653	16	
1654	35	
1655	99	
1656	70	
1657	60	
1658	84	
1659	97	
1660	58	
1661	89	
1662	52	
1663	65	
1664	49	
1665	55	
1666	90	
1667	3	
1668	36	
1669	59	
1670	49	
1671	26	
1672	3	
1673	9	
1674	5	
1675	34	
1676	23	
1677	7	
1678	85	
1679	16	
1680	47	
1681	77	
1682	100	
1683	14	
1684	97	
1685	44	
1686	98	
1687	29	
1688	12	
1689	25	
1690	50	
1691	17	
1692	5	
1693	96	
1694	10	
1695	93	
1696	92	
1697	67	
1698	12	
1699	97	
1700	62	
1701	79	
1702	13	
1703	61	
1704	42	
1705	11	
1706	53	
1707	38	
1708	70	
1709	50	
1710	68	
1711	73	
1712	1	
1713	3	
1714	29	
1715	76	
1716	47	
1717	20	
1718	82	
1719	94	
1720	14	
1721	77	
1722	69	
1723	88	
1724	5	
1725	4	
1726	34	
1727	19	
1728	48	
1729	96	
1730	19	
1731	6	
1732	72	
1733	60	
1734	62	
1735	91	
1736	6	
1737	11	
1738	43	
1739	3	
1740	49	
1741	58	
1742	85	
1743	97	
1744	10	
1745	31	
1746	59	
1747	52	
1748	17	
1749	30	
1750	33	
1751	86	
1752	71	
1753	11	
1754	1	
1755	65	
1756	47	
1757	64	
1758	76	
1759	65	
1760	99	
1761	86	
1762	12	
1763	94	
1764	10	
1765	77	
1766	29	
1767	68	
1768	13	
1769	22	
1770	15	
1771	80	
1772	16	
1773	55	
1774	11	
1775	39	
1776	95	
1777	51	
1778	87	
1779	60	
1780	19	
1781	63	
1782	28	
1783	4	
1784	39	
1785	81	
1786	60	
1787	12	
1788	10	
1789	53	
1790	11	
1791	24	
1792	41	
1793	28	
1794	71	
1795	41	
1796	23	
1797	27	
1798	94	
1799	80	
1800	59	
1801	91	
1802	24	
1803	7	
1804	78	
1805	20	
1806	83	
1807	44	
1808	19	
1809	83	
1810	89	
1811	49	
1812	60	
1813	86	
1814	78	
1815	52	
1816	84	
1817	80	
1818	100	
1819	59	
1820	28	
1821	83	
1822	36	
1823	55	
1824	64	
1825	75	
1826	7	
1827	33	
1828	72	
1829	86	
1830	100	
1831	74	
1832	17	
1833	92	
1834	23	
1835	64	
1836	40	
1837	42	
1838	41	
1839	76	
1840	55	
1841	76	
1842	52	
1843	53	
1844	45	
1845	41	
1846	13	
1847	100	
1848	64	
1849	79	
1850	41	
1851	80	
1852	66	
1853	81	
1854	46	
1855	64	
1856	82	
1857	3	
1858	5	
1859	97	
1860	53	
1861	29	
1862	48	
1863	2	
1864	27	
1865	57	
1866	51	
1867	64	
1868	85	
1869	76	
1870	28	
1871	34	
1872	43	
1873	54	
1874	44	
1875	28	
1876	25	
1877	32	
1878	10	
1879	42	
1880	64	
1881	15	
1882	36	
1883	75	
1884	31	
1885	36	
1886	59	
1887	79	
1888	47	
1889	67	
1890	97	
1891	63	
1892	37	
1893	65	
1894	38	
1895	62	
1896	29	
1897	52	
1898	89	
1899	39	
1900	19	
1901	71	
1902	97	
1903	99	
1904	86	
1905	92	
1906	79	
1907	18	
1908	65	
1909	57	
1910	16	
1911	82	
1912	43	
1913	56	
1914	97	
1915	85	
1916	16	
1917	3	
1918	8	
1919	14	
1920	60	
1921	35	
1922	70	
1923	12	
1924	17	
1925	82	
1926	17	
1927	64	
1928	34	
1929	3	
1930	77	
1931	9	
1932	47	
1933	3	
1934	92	
1935	87	
1936	89	
1937	51	
1938	47	
1939	22	
1940	25	
1941	73	
1942	32	
1943	30	
1944	54	
1945	73	
1946	4	
1947	38	
1948	29	
1949	15	
1950	4	
1951	46	
1952	49	
1953	65	
1954	29	
1955	40	
1956	65	
1957	3	
1958	22	
1959	100	
1960	26	
1961	66	
1962	86	
1963	85	
1964	40	
1965	71	
1966	28	
1967	5	
1968	24	
1969	59	
1970	61	
1971	37	
1972	48	
1973	87	
1974	26	
1975	95	
1976	64	
1977	23	
1978	12	
1979	41	
1980	65	
1981	20	
1982	93	
1983	26	
1984	62	
1985	67	
1986	69	
1987	54	
1988	64	
1989	9	
1990	92	
1991	87	
1992	15	
1993	38	
1994	17	
1995	24	
1996	28	
1997	16	
1998	42	
1999	46	
2000	50	
2972
