5000
1	475	
2	583	
3	101	
4	366	
5	215	
6	829	
7	904	
8	599	
9	200	
10	581	
11	415	
12	902	
13	79	
14	823	
15	224	
16	240	
17	344	
18	299	
19	12	
20	81	
21	992	
22	683	
23	887	
24	578	
25	352	
26	867	
27	661	
28	515	
29	113	
30	138	
31	997	
32	911	
33	359	
34	56	
35	743	
36	516	
37	519	
38	72	
39	407	
40	482	
41	322	
42	645	
43	257	
44	249	
45	98	
46	206	
47	525	
48	325	
49	706	
50	755	
51	922	
52	819	
53	784	
54	815	
55	620	
56	435	
57	100	
58	830	
59	447	
60	917	
61	288	
62	622	
63	939	
64	406	
65	135	
66	519	
67	936	
68	226	
69	903	
70	925	
71	169	
72	65	
73	513	
74	810	
75	835	
76	364	
77	158	
78	534	
79	388	
80	590	
81	353	
82	713	
83	278	
84	469	
85	209	
86	685	
87	731	
88	999	
89	589	
90	846	
91	832	
92	608	
93	976	
94	267	
95	723	
96	216	
97	908	
98	708	
99	191	
100	695	
101	856	
102	707	
103	957	
104	859	
105	180	
106	317	
107	10	
108	174	
109	378	
110	736	
111	38	
112	642	
113	372	
114	836	
115	896	
116	782	
117	666	
118	436	
119	812	
120	400	
121	395	
122	52	
123	495	
124	962	
125	104	
126	618	
127	447	
128	455	
129	598	
130	78	
131	541	
132	636	
133	130	
134	571	
135	676	
136	209	
137	660	
138	206	
139	737	
140	671	
141	982	
142	772	
143	482	
144	874	
145	276	
146	877	
147	25	
148	950	
149	724	
150	349	
151	600	
152	908	
153	765	
154	983	
155	557	
156	699	
157	353	
158	842	
159	973	
160	88	
161	684	
162	470	
163	185	
164	593	
165	20	
166	277	
167	798	
168	787	
169	177	
170	740	
171	398	
172	233	
173	700	
174	633	
175	882	
176	830	
177	377	
178	676	
179	569	
180	447	
181	46	
182	192	
183	463	
184	771	
185	340	
186	40	
187	905	
188	596	
189	595	
190	252	
191	989	
192	590	
193	199	
194	627	
195	572	
196	5	
197	279	
198	769	
199	594	
200	352	
201	602	
202	448	
203	714	
204	18	
205	962	
206	384	
207	827	
208	21	
209	114	
210	16	
211	743	
212	183	
213	402	
214	836	
215	729	
216	198	
217	7	
218	511	
219	324	
220	645	
221	725	
222	328	
223	216	
224	679	
225	703	
226	39	
227	166	
228	704	
229	290	
230	774	
231	40	
232	609	
233	240	
234	833	
235	316	
236	819	
237	240	
238	224	
239	536	
240	360	
241	960	
242	42	
243	532	
244	118	
245	821	
246	434	
247	757	
248	957	
249	911	
250	451	
251	758	
252	998	
253	872	
254	173	
255	822	
256	204	
257	987	
258	687	
259	590	
260	508	
261	382	
262	964	
263	522	
264	550	
265	466	
266	833	
267	773	
268	115	
269	480	
270	114	
271	839	
272	966	
273	459	
274	346	
275	464	
276	301	
277	434	
278	505	
279	444	
280	535	
281	20	
282	237	
283	318	
284	654	
285	867	
286	252	
287	214	
288	4	
289	44	
290	718	
291	333	
292	775	
293	67	
294	677	
295	670	
296	894	
297	225	
298	349	
299	693	
300	267	
301	439	
302	14	
303	665	
304	16	
305	362	
306	151	
307	298	
308	300	
309	151	
310	994	
311	469	
312	917	
313	13	
314	973	
315	205	
316	821	
317	520	
318	76	
319	929	
320	560	
321	481	
322	658	
323	771	
324	937	
325	176	
326	838	
327	781	
328	442	
329	309	
330	296	
331	219	
332	634	
333	768	
334	275	
335	149	
336	966	
337	846	
338	986	
339	163	
340	67	
341	212	
342	533	
343	217	
344	975	
345	731	
346	162	
347	355	
348	485	
349	964	
350	470	
351	543	
352	439	
353	315	
354	907	
355	231	
356	828	
357	686	
358	626	
359	534	
360	745	
361	269	
362	488	
363	368	
364	297	
365	409	
366	58	
367	940	
368	391	
369	822	
370	338	
371	179	
372	193	
373	867	
374	913	
375	607	
376	364	
377	182	
378	349	
379	239	
380	940	
381	762	
382	26	
383	199	
384	770	
385	26	
386	138	
387	954	
388	437	
389	861	
390	215	
391	938	
392	988	
393	874	
394	677	
395	291	
396	56	
397	555	
398	11	
399	541	
400	276	
401	219	
402	744	
403	121	
404	654	
405	329	
406	583	
407	489	
408	333	
409	461	
410	501	
411	818	
412	186	
413	16	
414	600	
415	530	
416	513	
417	358	
418	663	
419	627	
420	719	
421	420	
422	150	
423	168	
424	131	
425	547	
426	864	
427	733	
428	215	
429	637	
430	989	
431	34	
432	381	
433	285	
434	380	
435	518	
436	540	
437	585	
438	647	
439	293	
440	906	
441	993	
442	291	
443	35	
444	641	
445	110	
446	479	
447	64	
448	404	
449	254	
450	250	
451	820	
452	112	
453	100	
454	382	
455	393	
456	669	
457	946	
458	801	
459	990	
460	813	
461	232	
462	673	
463	592	
464	705	
465	283	
466	621	
467	729	
468	561	
469	633	
470	128	
471	603	
472	162	
473	921	
474	951	
475	187	
476	350	
477	894	
478	223	
479	80	
480	106	
481	946	
482	74	
483	98	
484	281	
485	644	
486	168	
487	85	
488	195	
489	980	
490	536	
491	614	
492	290	
493	100	
494	870	
495	442	
496	329	
497	918	
498	108	
499	627	
500	69	
501	354	
502	851	
503	988	
504	190	
505	822	
506	912	
507	186	
508	180	
509	886	
510	546	
511	379	
512	275	
513	195	
514	951	
515	824	
516	409	
517	541	
518	468	
519	316	
520	333	
521	812	
522	36	
523	363	
524	135	
525	152	
526	141	
527	494	
528	405	
529	966	
530	536	
531	204	
532	985	
533	987	
534	824	
535	392	
536	653	
537	328	
538	359	
539	919	
540	201	
541	46	
542	973	
543	368	
544	241	
545	961	
546	875	
547	908	
548	465	
549	487	
550	777	
551	949	
552	586	
553	48	
554	614	
555	440	
556	372	
557	317	
558	686	
559	125	
560	524	
561	762	
562	490	
563	667	
564	693	
565	821	
566	294	
567	86	
568	456	
569	254	
570	284	
571	227	
572	462	
573	159	
574	315	
575	656	
576	594	
577	876	
578	364	
579	726	
580	321	
581	409	
582	704	
583	816	
584	339	
585	968	
586	669	
587	91	
588	497	
589	442	
590	792	
591	990	
592	774	
593	419	
594	58	
595	929	
596	440	
597	88	
598	69	
599	999	
600	839	
601	457	
602	454	
603	789	
604	794	
605	17	
606	442	
607	963	
608	934	
609	683	
610	474	
611	999	
612	192	
613	292	
614	217	
615	271	
616	119	
617	142	
618	642	
619	893	
620	325	
621	816	
622	548	
623	682	
624	341	
625	488	
626	544	
627	877	
628	356	
629	235	
630	231	
631	139	
632	273	
633	137	
634	462	
635	927	
636	702	
637	628	
638	931	
639	944	
640	102	
641	535	
642	734	
643	879	
644	583	
645	80	
646	451	
647	944	
648	647	
649	175	
650	581	
651	718	
652	161	
653	711	
654	818	
655	312	
656	495	
657	538	
658	907	
659	689	
660	782	
661	55	
662	386	
663	281	
664	327	
665	109	
666	403	
667	14	
668	810	
669	39	
670	613	
671	520	
672	986	
673	607	
674	568	
675	766	
676	845	
677	676	
678	783	
679	827	
680	811	
681	270	
682	565	
683	837	
684	820	
685	78	
686	721	
687	994	
688	796	
689	809	
690	651	
691	866	
692	769	
693	259	
694	614	
695	738	
696	88	
697	342	
698	806	
699	813	
700	109	
701	906	
702	153	
703	170	
704	281	
705	276	
706	816	
707	459	
708	412	
709	25	
710	164	
711	505	
712	778	
713	625	
714	507	
715	827	
716	623	
717	806	
718	546	
719	357	
720	430	
721	908	
722	386	
723	843	
724	818	
725	601	
726	436	
727	869	
728	853	
729	403	
730	191	
731	594	
732	344	
733	550	
734	719	
735	551	
736	829	
737	502	
738	869	
739	94	
740	65	
741	582	
742	611	
743	354	
744	21	
745	225	
746	694	
747	439	
748	242	
749	55	
750	292	
751	748	
752	578	
753	236	
754	941	
755	786	
756	964	
757	622	
758	932	
759	507	
760	22	
761	470	
762	357	
763	110	
764	434	
765	995	
766	734	
767	559	
768	139	
769	532	
770	128	
771	641	
772	55	
773	924	
774	772	
775	5	
776	492	
777	181	
778	415	
779	34	
780	812	
781	576	
782	464	
783	325	
784	123	
785	617	
786	351	
787	671	
788	693	
789	789	
790	590	
791	516	
792	19	
793	948	
794	233	
795	136	
796	516	
797	201	
798	671	
799	769	
800	317	
801	463	
802	664	
803	194	
804	892	
805	43	
806	886	
807	724	
808	414	
809	582	
810	382	
811	220	
812	70	
813	874	
814	142	
815	377	
816	655	
817	138	
818	902	
819	972	
820	438	
821	580	
822	9	
823	576	
824	11	
825	312	
826	691	
827	969	
828	766	
829	983	
830	681	
831	31	
832	707	
833	766	
834	38	
835	297	
836	232	
837	426	
838	234	
839	932	
840	44	
841	308	
842	474	
843	868	
844	528	
845	516	
846	541	
847	247	
848	591	
849	312	
850	531	
851	847	
852	790	
853	683	
854	54	
855	973	
856	598	
857	191	
858	458	
859	144	
860	503	
861	662	
862	622	
863	318	
864	285	
865	674	
866	545	
867	824	
868	965	
869	586	
870	216	
871	527	
872	637	
873	462	
874	340	
875	523	
876	137	
877	247	
878	614	
879	880	
880	362	
881	794	
882	405	
883	768	
884	351	
885	324	
886	140	
887	214	
888	709	
889	500	
890	759	
891	703	
892	432	
893	509	
894	691	
895	968	
896	186	
897	883	
898	267	
899	764	
900	392	
901	555	
902	623	
903	581	
904	978	
905	661	
906	20	
907	648	
908	642	
909	939	
910	489	
911	572	
912	465	
913	961	
914	493	
915	72	
916	174	
917	868	
918	676	
919	929	
920	520	
921	885	
922	513	
923	547	
924	737	
925	629	
926	395	
927	597	
928	627	
929	464	
930	377	
931	584	
932	316	
933	292	
934	952	
935	718	
936	875	
937	937	
938	665	
939	804	
940	714	
941	880	
942	837	
943	226	
944	956	
945	509	
946	971	
947	167	
948	557	
949	38	
950	6	
951	719	
952	527	
953	27	
954	41	
955	719	
956	385	
957	470	
958	356	
959	213	
960	143	
961	986	
962	374	
963	186	
964	391	
965	710	
966	90	
967	697	
968	215	
969	905	
970	284	
971	71	
972	538	
973	732	
974	139	
975	747	
976	842	
977	205	
978	318	
979	260	
980	788	
981	744	
982	433	
983	832	
984	177	
985	382	
986	143	
987	337	
988	401	
989	231	
990	398	
991	607	
992	151	
993	361	
994	264	
995	795	
996	570	
997	552	
998	510	
999	375	
1000	639	
1001	790	
1002	749	
1003	160	
1004	714	
1005	818	
1006	338	
1007	766	
1008	700	
1009	962	
1010	495	
1011	688	
1012	219	
1013	659	
1014	342	
1015	291	
1016	879	
1017	893	
1018	626	
1019	402	
1020	400	
1021	369	
1022	539	
1023	292	
1024	603	
1025	84	
1026	968	
1027	42	
1028	100	
1029	187	
1030	132	
1031	999	
1032	363	
1033	767	
1034	955	
1035	496	
1036	665	
1037	600	
1038	115	
1039	804	
1040	129	
1041	467	
1042	622	
1043	875	
1044	545	
1045	990	
1046	340	
1047	584	
1048	808	
1049	208	
1050	859	
1051	449	
1052	927	
1053	548	
1054	296	
1055	123	
1056	74	
1057	556	
1058	277	
1059	728	
1060	30	
1061	775	
1062	691	
1063	50	
1064	26	
1065	517	
1066	6	
1067	615	
1068	128	
1069	327	
1070	126	
1071	877	
1072	362	
1073	26	
1074	866	
1075	668	
1076	295	
1077	226	
1078	260	
1079	673	
1080	981	
1081	569	
1082	529	
1083	639	
1084	926	
1085	487	
1086	48	
1087	949	
1088	597	
1089	200	
1090	432	
1091	733	
1092	144	
1093	827	
1094	668	
1095	768	
1096	45	
1097	744	
1098	904	
1099	420	
1100	326	
1101	47	
1102	98	
1103	184	
1104	135	
1105	716	
1106	116	
1107	348	
1108	580	
1109	327	
1110	126	
1111	964	
1112	350	
1113	958	
1114	614	
1115	587	
1116	492	
1117	147	
1118	977	
1119	578	
1120	516	
1121	258	
1122	665	
1123	896	
1124	233	
1125	848	
1126	646	
1127	352	
1128	691	
1129	847	
1130	199	
1131	352	
1132	580	
1133	479	
1134	248	
1135	542	
1136	767	
1137	412	
1138	931	
1139	379	
1140	225	
1141	700	
1142	273	
1143	681	
1144	994	
1145	703	
1146	663	
1147	518	
1148	522	
1149	583	
1150	252	
1151	785	
1152	606	
1153	431	
1154	191	
1155	810	
1156	154	
1157	126	
1158	306	
1159	779	
1160	510	
1161	267	
1162	507	
1163	171	
1164	474	
1165	855	
1166	200	
1167	783	
1168	267	
1169	464	
1170	40	
1171	832	
1172	638	
1173	866	
1174	198	
1175	18	
1176	986	
1177	509	
1178	7	
1179	624	
1180	104	
1181	716	
1182	984	
1183	107	
1184	644	
1185	154	
1186	283	
1187	874	
1188	386	
1189	844	
1190	256	
1191	121	
1192	867	
1193	35	
1194	342	
1195	948	
1196	120	
1197	969	
1198	169	
1199	882	
1200	235	
1201	841	
1202	875	
1203	76	
1204	946	
1205	960	
1206	557	
1207	436	
1208	165	
1209	880	
1210	804	
1211	97	
1212	765	
1213	306	
1214	750	
1215	431	
1216	757	
1217	705	
1218	732	
1219	209	
1220	154	
1221	643	
1222	664	
1223	833	
1224	13	
1225	648	
1226	206	
1227	379	
1228	909	
1229	75	
1230	876	
1231	72	
1232	382	
1233	286	
1234	779	
1235	318	
1236	270	
1237	224	
1238	373	
1239	890	
1240	181	
1241	328	
1242	423	
1243	16	
1244	858	
1245	952	
1246	318	
1247	910	
1248	170	
1249	60	
1250	155	
1251	591	
1252	218	
1253	370	
1254	97	
1255	660	
1256	689	
1257	34	
1258	139	
1259	250	
1260	9	
1261	525	
1262	440	
1263	792	
1264	725	
1265	40	
1266	833	
1267	471	
1268	570	
1269	271	
1270	975	
1271	298	
1272	31	
1273	324	
1274	671	
1275	93	
1276	631	
1277	543	
1278	695	
1279	784	
1280	971	
1281	780	
1282	280	
1283	187	
1284	466	
1285	58	
1286	387	
1287	689	
1288	74	
1289	601	
1290	990	
1291	919	
1292	126	
1293	905	
1294	62	
1295	35	
1296	872	
1297	118	
1298	180	
1299	223	
1300	37	
1301	224	
1302	730	
1303	701	
1304	638	
1305	276	
1306	293	
1307	146	
1308	27	
1309	726	
1310	626	
1311	357	
1312	791	
1313	737	
1314	610	
1315	262	
1316	825	
1317	795	
1318	704	
1319	81	
1320	158	
1321	140	
1322	895	
1323	962	
1324	930	
1325	316	
1326	262	
1327	769	
1328	38	
1329	505	
1330	269	
1331	21	
1332	584	
1333	689	
1334	751	
1335	98	
1336	560	
1337	714	
1338	784	
1339	13	
1340	46	
1341	239	
1342	166	
1343	348	
1344	399	
1345	771	
1346	706	
1347	848	
1348	791	
1349	932	
1350	478	
1351	652	
1352	918	
1353	235	
1354	261	
1355	837	
1356	701	
1357	513	
1358	327	
1359	457	
1360	215	
1361	17	
1362	468	
1363	674	
1364	946	
1365	714	
1366	454	
1367	834	
1368	37	
1369	676	
1370	361	
1371	502	
1372	258	
1373	495	
1374	709	
1375	749	
1376	795	
1377	945	
1378	728	
1379	568	
1380	109	
1381	134	
1382	5	
1383	425	
1384	522	
1385	455	
1386	185	
1387	637	
1388	472	
1389	302	
1390	618	
1391	252	
1392	957	
1393	262	
1394	185	
1395	805	
1396	700	
1397	709	
1398	438	
1399	669	
1400	591	
1401	482	
1402	248	
1403	486	
1404	37	
1405	449	
1406	380	
1407	1	
1408	330	
1409	436	
1410	667	
1411	783	
1412	123	
1413	409	
1414	902	
1415	745	
1416	617	
1417	176	
1418	203	
1419	237	
1420	899	
1421	444	
1422	303	
1423	98	
1424	774	
1425	975	
1426	83	
1427	688	
1428	246	
1429	511	
1430	280	
1431	522	
1432	884	
1433	653	
1434	117	
1435	965	
1436	663	
1437	3	
1438	246	
1439	320	
1440	741	
1441	851	
1442	828	
1443	940	
1444	633	
1445	276	
1446	529	
1447	300	
1448	123	
1449	302	
1450	530	
1451	739	
1452	581	
1453	698	
1454	485	
1455	394	
1456	42	
1457	564	
1458	898	
1459	816	
1460	295	
1461	787	
1462	884	
1463	482	
1464	92	
1465	685	
1466	311	
1467	99	
1468	569	
1469	45	
1470	473	
1471	698	
1472	979	
1473	999	
1474	50	
1475	896	
1476	774	
1477	680	
1478	621	
1479	705	
1480	938	
1481	616	
1482	399	
1483	216	
1484	407	
1485	377	
1486	5	
1487	277	
1488	931	
1489	215	
1490	832	
1491	512	
1492	680	
1493	271	
1494	689	
1495	372	
1496	648	
1497	610	
1498	702	
1499	39	
1500	723	
1501	41	
1502	117	
1503	110	
1504	421	
1505	736	
1506	790	
1507	443	
1508	755	
1509	980	
1510	483	
1511	408	
1512	956	
1513	271	
1514	713	
1515	43	
1516	753	
1517	33	
1518	502	
1519	106	
1520	478	
1521	14	
1522	18	
1523	782	
1524	313	
1525	692	
1526	608	
1527	529	
1528	840	
1529	947	
1530	92	
1531	377	
1532	997	
1533	829	
1534	412	
1535	285	
1536	931	
1537	205	
1538	872	
1539	396	
1540	391	
1541	337	
1542	555	
1543	155	
1544	193	
1545	722	
1546	562	
1547	333	
1548	242	
1549	129	
1550	745	
1551	514	
1552	294	
1553	65	
1554	267	
1555	42	
1556	873	
1557	841	
1558	57	
1559	953	
1560	267	
1561	977	
1562	591	
1563	27	
1564	726	
1565	153	
1566	19	
1567	142	
1568	540	
1569	807	
1570	559	
1571	4	
1572	483	
1573	935	
1574	724	
1575	896	
1576	394	
1577	282	
1578	103	
1579	166	
1580	179	
1581	554	
1582	54	
1583	181	
1584	217	
1585	257	
1586	649	
1587	806	
1588	297	
1589	263	
1590	715	
1591	555	
1592	378	
1593	275	
1594	495	
1595	971	
1596	255	
1597	230	
1598	965	
1599	738	
1600	689	
1601	669	
1602	372	
1603	915	
1604	231	
1605	133	
1606	311	
1607	544	
1608	327	
1609	695	
1610	147	
1611	661	
1612	132	
1613	467	
1614	212	
1615	2	
1616	488	
1617	550	
1618	709	
1619	224	
1620	232	
1621	614	
1622	86	
1623	432	
1624	341	
1625	514	
1626	253	
1627	25	
1628	615	
1629	452	
1630	192	
1631	121	
1632	25	
1633	144	
1634	983	
1635	352	
1636	618	
1637	220	
1638	20	
1639	410	
1640	752	
1641	48	
1642	972	
1643	91	
1644	540	
1645	285	
1646	772	
1647	986	
1648	178	
1649	456	
1650	878	
1651	600	
1652	703	
1653	765	
1654	676	
1655	640	
1656	459	
1657	117	
1658	993	
1659	526	
1660	303	
1661	778	
1662	429	
1663	506	
1664	174	
1665	48	
1666	855	
1667	260	
1668	117	
1669	740	
1670	690	
1671	23	
1672	764	
1673	878	
1674	322	
1675	959	
1676	124	
1677	112	
1678	734	
1679	597	
1680	944	
1681	910	
1682	213	
1683	519	
1684	390	
1685	341	
1686	779	
1687	994	
1688	221	
1689	886	
1690	131	
1691	802	
1692	782	
1693	265	
1694	331	
1695	254	
1696	709	
1697	628	
1698	669	
1699	598	
1700	895	
1701	12	
1702	778	
1703	502	
1704	419	
1705	368	
1706	462	
1707	107	
1708	259	
1709	139	
1710	673	
1711	234	
1712	986	
1713	928	
1714	986	
1715	717	
1716	876	
1717	701	
1718	835	
1719	727	
1720	483	
1721	122	
1722	778	
1723	37	
1724	30	
1725	393	
1726	947	
1727	276	
1728	457	
1729	37	
1730	192	
1731	775	
1732	937	
1733	101	
1734	523	
1735	440	
1736	607	
1737	168	
1738	992	
1739	556	
1740	970	
1741	903	
1742	950	
1743	994	
1744	511	
1745	952	
1746	540	
1747	497	
1748	698	
1749	895	
1750	46	
1751	943	
1752	156	
1753	196	
1754	6	
1755	326	
1756	916	
1757	305	
1758	261	
1759	486	
1760	232	
1761	475	
1762	417	
1763	415	
1764	483	
1765	342	
1766	14	
1767	805	
1768	958	
1769	707	
1770	968	
1771	389	
1772	833	
1773	268	
1774	716	
1775	324	
1776	224	
1777	620	
1778	116	
1779	77	
1780	712	
1781	872	
1782	841	
1783	617	
1784	752	
1785	490	
1786	545	
1787	309	
1788	987	
1789	962	
1790	424	
1791	321	
1792	18	
1793	781	
1794	960	
1795	798	
1796	676	
1797	896	
1798	531	
1799	405	
1800	432	
1801	660	
1802	413	
1803	580	
1804	31	
1805	449	
1806	836	
1807	665	
1808	428	
1809	108	
1810	826	
1811	118	
1812	77	
1813	563	
1814	735	
1815	469	
1816	249	
1817	621	
1818	217	
1819	52	
1820	849	
1821	964	
1822	13	
1823	784	
1824	537	
1825	108	
1826	428	
1827	322	
1828	477	
1829	803	
1830	673	
1831	911	
1832	54	
1833	81	
1834	96	
1835	585	
1836	141	
1837	823	
1838	182	
1839	225	
1840	524	
1841	209	
1842	653	
1843	958	
1844	394	
1845	22	
1846	910	
1847	789	
1848	861	
1849	732	
1850	110	
1851	257	
1852	591	
1853	878	
1854	251	
1855	377	
1856	187	
1857	336	
1858	294	
1859	366	
1860	78	
1861	598	
1862	345	
1863	387	
1864	80	
1865	226	
1866	920	
1867	301	
1868	714	
1869	885	
1870	969	
1871	795	
1872	640	
1873	251	
1874	253	
1875	261	
1876	158	
1877	217	
1878	951	
1879	239	
1880	85	
1881	240	
1882	137	
1883	508	
1884	292	
1885	833	
1886	684	
1887	20	
1888	960	
1889	216	
1890	734	
1891	920	
1892	398	
1893	306	
1894	595	
1895	307	
1896	206	
1897	281	
1898	934	
1899	640	
1900	184	
1901	420	
1902	286	
1903	352	
1904	63	
1905	409	
1906	484	
1907	827	
1908	482	
1909	710	
1910	201	
1911	395	
1912	592	
1913	489	
1914	82	
1915	126	
1916	617	
1917	316	
1918	925	
1919	819	
1920	337	
1921	20	
1922	323	
1923	273	
1924	326	
1925	527	
1926	182	
1927	197	
1928	207	
1929	52	
1930	842	
1931	258	
1932	324	
1933	692	
1934	901	
1935	104	
1936	234	
1937	692	
1938	376	
1939	311	
1940	726	
1941	18	
1942	373	
1943	379	
1944	743	
1945	670	
1946	337	
1947	823	
1948	446	
1949	352	
1950	513	
1951	851	
1952	782	
1953	454	
1954	758	
1955	121	
1956	982	
1957	844	
1958	891	
1959	665	
1960	971	
1961	819	
1962	131	
1963	842	
1964	929	
1965	140	
1966	205	
1967	154	
1968	761	
1969	484	
1970	730	
1971	618	
1972	929	
1973	664	
1974	435	
1975	380	
1976	361	
1977	120	
1978	125	
1979	734	
1980	994	
1981	125	
1982	70	
1983	359	
1984	279	
1985	180	
1986	726	
1987	535	
1988	245	
1989	906	
1990	865	
1991	152	
1992	372	
1993	855	
1994	522	
1995	537	
1996	501	
1997	989	
1998	71	
1999	839	
2000	235	
2001	648	
2002	377	
2003	91	
2004	324	
2005	822	
2006	930	
2007	305	
2008	775	
2009	302	
2010	710	
2011	957	
2012	30	
2013	274	
2014	148	
2015	357	
2016	723	
2017	854	
2018	45	
2019	83	
2020	380	
2021	544	
2022	209	
2023	314	
2024	416	
2025	800	
2026	510	
2027	590	
2028	456	
2029	583	
2030	746	
2031	398	
2032	369	
2033	249	
2034	598	
2035	675	
2036	703	
2037	485	
2038	859	
2039	824	
2040	65	
2041	929	
2042	390	
2043	49	
2044	1	
2045	696	
2046	405	
2047	814	
2048	858	
2049	886	
2050	464	
2051	735	
2052	146	
2053	31	
2054	387	
2055	190	
2056	591	
2057	949	
2058	992	
2059	10	
2060	828	
2061	353	
2062	239	
2063	952	
2064	99	
2065	887	
2066	152	
2067	42	
2068	289	
2069	940	
2070	413	
2071	306	
2072	870	
2073	825	
2074	338	
2075	693	
2076	540	
2077	367	
2078	23	
2079	569	
2080	382	
2081	937	
2082	226	
2083	745	
2084	600	
2085	727	
2086	406	
2087	878	
2088	603	
2089	863	
2090	688	
2091	389	
2092	455	
2093	684	
2094	558	
2095	997	
2096	376	
2097	833	
2098	224	
2099	871	
2100	43	
2101	756	
2102	977	
2103	822	
2104	575	
2105	813	
2106	373	
2107	422	
2108	711	
2109	318	
2110	66	
2111	447	
2112	53	
2113	106	
2114	745	
2115	145	
2116	326	
2117	863	
2118	987	
2119	519	
2120	129	
2121	886	
2122	589	
2123	622	
2124	161	
2125	168	
2126	398	
2127	92	
2128	912	
2129	248	
2130	926	
2131	507	
2132	300	
2133	493	
2134	799	
2135	477	
2136	884	
2137	518	
2138	269	
2139	111	
2140	689	
2141	878	
2142	319	
2143	704	
2144	735	
2145	63	
2146	989	
2147	400	
2148	59	
2149	16	
2150	569	
2151	155	
2152	444	
2153	57	
2154	504	
2155	374	
2156	715	
2157	772	
2158	616	
2159	294	
2160	93	
2161	435	
2162	826	
2163	654	
2164	605	
2165	454	
2166	814	
2167	719	
2168	180	
2169	668	
2170	699	
2171	174	
2172	187	
2173	230	
2174	278	
2175	203	
2176	517	
2177	1	
2178	991	
2179	718	
2180	152	
2181	250	
2182	418	
2183	426	
2184	642	
2185	273	
2186	681	
2187	860	
2188	589	
2189	88	
2190	796	
2191	371	
2192	189	
2193	291	
2194	219	
2195	967	
2196	878	
2197	224	
2198	679	
2199	603	
2200	336	
2201	422	
2202	430	
2203	228	
2204	253	
2205	831	
2206	646	
2207	745	
2208	687	
2209	895	
2210	103	
2211	643	
2212	668	
2213	988	
2214	987	
2215	708	
2216	492	
2217	430	
2218	879	
2219	897	
2220	982	
2221	918	
2222	785	
2223	650	
2224	504	
2225	32	
2226	129	
2227	870	
2228	310	
2229	2	
2230	586	
2231	986	
2232	488	
2233	853	
2234	679	
2235	472	
2236	278	
2237	737	
2238	968	
2239	826	
2240	324	
2241	386	
2242	573	
2243	670	
2244	616	
2245	223	
2246	967	
2247	344	
2248	377	
2249	887	
2250	523	
2251	453	
2252	520	
2253	396	
2254	552	
2255	60	
2256	360	
2257	761	
2258	517	
2259	621	
2260	822	
2261	854	
2262	414	
2263	443	
2264	667	
2265	392	
2266	598	
2267	523	
2268	863	
2269	899	
2270	300	
2271	29	
2272	805	
2273	458	
2274	32	
2275	888	
2276	36	
2277	746	
2278	116	
2279	143	
2280	434	
2281	901	
2282	893	
2283	815	
2284	392	
2285	402	
2286	136	
2287	616	
2288	762	
2289	487	
2290	991	
2291	354	
2292	78	
2293	681	
2294	20	
2295	807	
2296	162	
2297	192	
2298	690	
2299	269	
2300	111	
2301	614	
2302	849	
2303	610	
2304	514	
2305	142	
2306	304	
2307	304	
2308	183	
2309	758	
2310	778	
2311	192	
2312	614	
2313	263	
2314	748	
2315	784	
2316	176	
2317	457	
2318	682	
2319	471	
2320	569	
2321	994	
2322	951	
2323	918	
2324	765	
2325	838	
2326	267	
2327	206	
2328	620	
2329	101	
2330	476	
2331	877	
2332	207	
2333	345	
2334	640	
2335	827	
2336	874	
2337	135	
2338	311	
2339	663	
2340	258	
2341	163	
2342	603	
2343	884	
2344	943	
2345	910	
2346	104	
2347	960	
2348	616	
2349	65	
2350	622	
2351	633	
2352	683	
2353	553	
2354	68	
2355	504	
2356	436	
2357	35	
2358	732	
2359	719	
2360	826	
2361	790	
2362	140	
2363	180	
2364	591	
2365	109	
2366	625	
2367	878	
2368	238	
2369	564	
2370	643	
2371	652	
2372	821	
2373	592	
2374	821	
2375	555	
2376	514	
2377	626	
2378	923	
2379	998	
2380	448	
2381	730	
2382	771	
2383	485	
2384	577	
2385	917	
2386	255	
2387	193	
2388	610	
2389	776	
2390	319	
2391	595	
2392	92	
2393	908	
2394	609	
2395	154	
2396	118	
2397	250	
2398	763	
2399	171	
2400	38	
2401	190	
2402	812	
2403	489	
2404	823	
2405	342	
2406	904	
2407	572	
2408	466	
2409	882	
2410	467	
2411	483	
2412	415	
2413	123	
2414	98	
2415	92	
2416	834	
2417	741	
2418	79	
2419	168	
2420	552	
2421	631	
2422	436	
2423	82	
2424	153	
2425	383	
2426	788	
2427	774	
2428	893	
2429	112	
2430	70	
2431	148	
2432	553	
2433	885	
2434	187	
2435	355	
2436	313	
2437	517	
2438	261	
2439	616	
2440	261	
2441	775	
2442	168	
2443	63	
2444	326	
2445	573	
2446	939	
2447	838	
2448	143	
2449	218	
2450	445	
2451	494	
2452	734	
2453	765	
2454	786	
2455	227	
2456	682	
2457	102	
2458	404	
2459	729	
2460	124	
2461	398	
2462	116	
2463	903	
2464	240	
2465	768	
2466	768	
2467	757	
2468	643	
2469	84	
2470	12	
2471	887	
2472	76	
2473	928	
2474	756	
2475	33	
2476	132	
2477	815	
2478	589	
2479	442	
2480	848	
2481	268	
2482	241	
2483	635	
2484	491	
2485	469	
2486	369	
2487	71	
2488	414	
2489	394	
2490	770	
2491	394	
2492	962	
2493	852	
2494	299	
2495	892	
2496	970	
2497	216	
2498	355	
2499	893	
2500	292	
2501	196	
2502	677	
2503	448	
2504	262	
2505	310	
2506	940	
2507	762	
2508	810	
2509	602	
2510	105	
2511	297	
2512	580	
2513	994	
2514	490	
2515	223	
2516	424	
2517	565	
2518	746	
2519	677	
2520	430	
2521	122	
2522	454	
2523	426	
2524	592	
2525	852	
2526	819	
2527	788	
2528	832	
2529	357	
2530	443	
2531	372	
2532	956	
2533	180	
2534	15	
2535	428	
2536	260	
2537	609	
2538	131	
2539	689	
2540	728	
2541	574	
2542	310	
2543	250	
2544	692	
2545	813	
2546	825	
2547	753	
2548	357	
2549	630	
2550	917	
2551	503	
2552	218	
2553	751	
2554	215	
2555	153	
2556	302	
2557	964	
2558	782	
2559	951	
2560	898	
2561	366	
2562	161	
2563	521	
2564	141	
2565	221	
2566	186	
2567	778	
2568	885	
2569	281	
2570	239	
2571	575	
2572	645	
2573	450	
2574	773	
2575	6	
2576	599	
2577	269	
2578	221	
2579	713	
2580	729	
2581	303	
2582	706	
2583	602	
2584	18	
2585	561	
2586	854	
2587	750	
2588	227	
2589	604	
2590	690	
2591	812	
2592	903	
2593	436	
2594	396	
2595	277	
2596	477	
2597	583	
2598	824	
2599	355	
2600	771	
2601	693	
2602	217	
2603	140	
2604	794	
2605	671	
2606	342	
2607	197	
2608	390	
2609	689	
2610	536	
2611	568	
2612	29	
2613	145	
2614	224	
2615	825	
2616	765	
2617	887	
2618	915	
2619	106	
2620	119	
2621	533	
2622	671	
2623	820	
2624	784	
2625	895	
2626	669	
2627	504	
2628	788	
2629	817	
2630	14	
2631	743	
2632	67	
2633	645	
2634	336	
2635	319	
2636	519	
2637	468	
2638	592	
2639	958	
2640	401	
2641	938	
2642	767	
2643	710	
2644	952	
2645	476	
2646	671	
2647	434	
2648	259	
2649	570	
2650	469	
2651	469	
2652	508	
2653	335	
2654	206	
2655	703	
2656	237	
2657	646	
2658	563	
2659	985	
2660	532	
2661	756	
2662	495	
2663	917	
2664	120	
2665	802	
2666	309	
2667	729	
2668	179	
2669	682	
2670	244	
2671	362	
2672	647	
2673	135	
2674	477	
2675	563	
2676	419	
2677	999	
2678	273	
2679	941	
2680	934	
2681	202	
2682	293	
2683	542	
2684	232	
2685	273	
2686	119	
2687	236	
2688	21	
2689	169	
2690	536	
2691	345	
2692	499	
2693	304	
2694	161	
2695	302	
2696	992	
2697	276	
2698	40	
2699	561	
2700	559	
2701	249	
2702	26	
2703	281	
2704	873	
2705	937	
2706	464	
2707	62	
2708	150	
2709	819	
2710	716	
2711	499	
2712	899	
2713	918	
2714	66	
2715	846	
2716	891	
2717	116	
2718	833	
2719	628	
2720	401	
2721	786	
2722	817	
2723	271	
2724	913	
2725	140	
2726	141	
2727	738	
2728	20	
2729	939	
2730	160	
2731	520	
2732	298	
2733	896	
2734	25	
2735	994	
2736	807	
2737	432	
2738	120	
2739	232	
2740	264	
2741	887	
2742	448	
2743	852	
2744	485	
2745	415	
2746	781	
2747	156	
2748	798	
2749	464	
2750	245	
2751	111	
2752	976	
2753	479	
2754	457	
2755	668	
2756	71	
2757	449	
2758	74	
2759	232	
2760	403	
2761	126	
2762	70	
2763	78	
2764	477	
2765	864	
2766	26	
2767	470	
2768	736	
2769	947	
2770	879	
2771	544	
2772	274	
2773	252	
2774	55	
2775	664	
2776	810	
2777	804	
2778	822	
2779	225	
2780	305	
2781	932	
2782	691	
2783	260	
2784	595	
2785	280	
2786	342	
2787	296	
2788	317	
2789	798	
2790	713	
2791	992	
2792	286	
2793	478	
2794	537	
2795	346	
2796	872	
2797	17	
2798	924	
2799	204	
2800	589	
2801	11	
2802	683	
2803	319	
2804	916	
2805	922	
2806	614	
2807	534	
2808	851	
2809	326	
2810	436	
2811	45	
2812	876	
2813	769	
2814	458	
2815	4	
2816	954	
2817	383	
2818	9	
2819	154	
2820	690	
2821	932	
2822	322	
2823	4	
2824	933	
2825	874	
2826	674	
2827	213	
2828	714	
2829	738	
2830	352	
2831	973	
2832	686	
2833	448	
2834	76	
2835	149	
2836	317	
2837	697	
2838	312	
2839	559	
2840	783	
2841	861	
2842	48	
2843	559	
2844	942	
2845	919	
2846	875	
2847	470	
2848	444	
2849	234	
2850	953	
2851	243	
2852	543	
2853	883	
2854	860	
2855	994	
2856	575	
2857	635	
2858	953	
2859	631	
2860	772	
2861	276	
2862	918	
2863	497	
2864	642	
2865	457	
2866	91	
2867	993	
2868	894	
2869	448	
2870	27	
2871	170	
2872	927	
2873	224	
2874	258	
2875	232	
2876	504	
2877	997	
2878	534	
2879	171	
2880	578	
2881	825	
2882	855	
2883	123	
2884	660	
2885	994	
2886	208	
2887	723	
2888	413	
2889	393	
2890	654	
2891	927	
2892	285	
2893	998	
2894	245	
2895	71	
2896	945	
2897	830	
2898	752	
2899	612	
2900	454	
2901	479	
2902	248	
2903	816	
2904	675	
2905	560	
2906	217	
2907	696	
2908	105	
2909	940	
2910	74	
2911	915	
2912	196	
2913	429	
2914	67	
2915	201	
2916	992	
2917	98	
2918	710	
2919	182	
2920	286	
2921	467	
2922	224	
2923	974	
2924	870	
2925	433	
2926	446	
2927	1000	
2928	685	
2929	969	
2930	602	
2931	542	
2932	622	
2933	335	
2934	6	
2935	384	
2936	682	
2937	349	
2938	862	
2939	846	
2940	610	
2941	451	
2942	119	
2943	333	
2944	289	
2945	894	
2946	68	
2947	766	
2948	308	
2949	659	
2950	93	
2951	652	
2952	259	
2953	154	
2954	679	
2955	972	
2956	927	
2957	885	
2958	337	
2959	460	
2960	652	
2961	808	
2962	34	
2963	702	
2964	950	
2965	688	
2966	614	
2967	652	
2968	901	
2969	678	
2970	168	
2971	611	
2972	354	
2973	827	
2974	943	
2975	154	
2976	866	
2977	907	
2978	723	
2979	745	
2980	104	
2981	292	
2982	78	
2983	540	
2984	4	
2985	982	
2986	900	
2987	792	
2988	776	
2989	649	
2990	733	
2991	50	
2992	246	
2993	420	
2994	528	
2995	844	
2996	981	
2997	858	
2998	664	
2999	530	
3000	188	
3001	484	
3002	800	
3003	518	
3004	99	
3005	988	
3006	872	
3007	313	
3008	950	
3009	173	
3010	559	
3011	675	
3012	75	
3013	622	
3014	120	
3015	151	
3016	968	
3017	230	
3018	559	
3019	530	
3020	888	
3021	510	
3022	787	
3023	835	
3024	405	
3025	412	
3026	267	
3027	394	
3028	540	
3029	284	
3030	643	
3031	394	
3032	342	
3033	294	
3034	542	
3035	992	
3036	3	
3037	957	
3038	426	
3039	699	
3040	30	
3041	500	
3042	553	
3043	524	
3044	557	
3045	976	
3046	196	
3047	997	
3048	640	
3049	250	
3050	184	
3051	436	
3052	791	
3053	76	
3054	458	
3055	422	
3056	326	
3057	57	
3058	500	
3059	310	
3060	155	
3061	279	
3062	464	
3063	509	
3064	467	
3065	534	
3066	529	
3067	449	
3068	402	
3069	831	
3070	663	
3071	328	
3072	826	
3073	151	
3074	937	
3075	483	
3076	416	
3077	475	
3078	778	
3079	558	
3080	372	
3081	164	
3082	966	
3083	988	
3084	183	
3085	858	
3086	435	
3087	124	
3088	820	
3089	162	
3090	627	
3091	513	
3092	337	
3093	858	
3094	550	
3095	475	
3096	373	
3097	905	
3098	746	
3099	64	
3100	257	
3101	842	
3102	725	
3103	783	
3104	969	
3105	55	
3106	102	
3107	433	
3108	66	
3109	87	
3110	681	
3111	249	
3112	283	
3113	410	
3114	298	
3115	890	
3116	301	
3117	377	
3118	22	
3119	269	
3120	21	
3121	673	
3122	143	
3123	162	
3124	719	
3125	78	
3126	246	
3127	123	
3128	50	
3129	818	
3130	785	
3131	750	
3132	216	
3133	629	
3134	12	
3135	457	
3136	892	
3137	683	
3138	233	
3139	742	
3140	891	
3141	355	
3142	274	
3143	118	
3144	966	
3145	564	
3146	403	
3147	680	
3148	276	
3149	9	
3150	938	
3151	424	
3152	858	
3153	419	
3154	145	
3155	962	
3156	916	
3157	339	
3158	320	
3159	902	
3160	66	
3161	535	
3162	221	
3163	635	
3164	70	
3165	944	
3166	261	
3167	406	
3168	274	
3169	788	
3170	794	
3171	609	
3172	277	
3173	928	
3174	204	
3175	639	
3176	396	
3177	420	
3178	106	
3179	947	
3180	266	
3181	729	
3182	624	
3183	294	
3184	186	
3185	547	
3186	96	
3187	264	
3188	489	
3189	896	
3190	251	
3191	540	
3192	407	
3193	536	
3194	847	
3195	326	
3196	756	
3197	453	
3198	944	
3199	933	
3200	221	
3201	698	
3202	224	
3203	803	
3204	662	
3205	406	
3206	561	
3207	226	
3208	222	
3209	624	
3210	527	
3211	14	
3212	336	
3213	377	
3214	328	
3215	119	
3216	486	
3217	439	
3218	269	
3219	901	
3220	222	
3221	694	
3222	264	
3223	252	
3224	391	
3225	734	
3226	518	
3227	864	
3228	930	
3229	442	
3230	412	
3231	807	
3232	530	
3233	989	
3234	660	
3235	659	
3236	102	
3237	44	
3238	406	
3239	151	
3240	204	
3241	880	
3242	433	
3243	735	
3244	773	
3245	931	
3246	825	
3247	42	
3248	470	
3249	967	
3250	280	
3251	409	
3252	18	
3253	348	
3254	735	
3255	935	
3256	746	
3257	417	
3258	563	
3259	104	
3260	495	
3261	264	
3262	122	
3263	724	
3264	236	
3265	252	
3266	749	
3267	755	
3268	38	
3269	483	
3270	246	
3271	647	
3272	973	
3273	117	
3274	113	
3275	703	
3276	730	
3277	237	
3278	36	
3279	984	
3280	361	
3281	189	
3282	648	
3283	36	
3284	302	
3285	451	
3286	399	
3287	196	
3288	649	
3289	993	
3290	862	
3291	255	
3292	708	
3293	870	
3294	714	
3295	403	
3296	513	
3297	183	
3298	252	
3299	784	
3300	382	
3301	218	
3302	31	
3303	586	
3304	946	
3305	271	
3306	790	
3307	413	
3308	127	
3309	463	
3310	272	
3311	832	
3312	216	
3313	879	
3314	270	
3315	549	
3316	738	
3317	435	
3318	289	
3319	372	
3320	620	
3321	941	
3322	22	
3323	325	
3324	64	
3325	669	
3326	707	
3327	765	
3328	393	
3329	287	
3330	681	
3331	653	
3332	869	
3333	562	
3334	618	
3335	759	
3336	611	
3337	869	
3338	81	
3339	754	
3340	763	
3341	714	
3342	566	
3343	251	
3344	730	
3345	349	
3346	41	
3347	900	
3348	861	
3349	348	
3350	412	
3351	735	
3352	34	
3353	549	
3354	228	
3355	889	
3356	452	
3357	292	
3358	350	
3359	17	
3360	742	
3361	436	
3362	19	
3363	528	
3364	268	
3365	235	
3366	134	
3367	792	
3368	967	
3369	584	
3370	586	
3371	294	
3372	47	
3373	246	
3374	614	
3375	585	
3376	200	
3377	48	
3378	563	
3379	674	
3380	512	
3381	893	
3382	866	
3383	37	
3384	252	
3385	283	
3386	111	
3387	364	
3388	344	
3389	276	
3390	139	
3391	192	
3392	846	
3393	46	
3394	595	
3395	105	
3396	499	
3397	500	
3398	316	
3399	482	
3400	583	
3401	752	
3402	464	
3403	296	
3404	931	
3405	259	
3406	463	
3407	250	
3408	282	
3409	720	
3410	289	
3411	279	
3412	50	
3413	382	
3414	688	
3415	484	
3416	306	
3417	397	
3418	609	
3419	598	
3420	235	
3421	5	
3422	953	
3423	818	
3424	569	
3425	164	
3426	921	
3427	545	
3428	73	
3429	286	
3430	403	
3431	303	
3432	914	
3433	156	
3434	204	
3435	833	
3436	814	
3437	992	
3438	282	
3439	460	
3440	239	
3441	69	
3442	302	
3443	459	
3444	668	
3445	952	
3446	97	
3447	167	
3448	147	
3449	779	
3450	655	
3451	670	
3452	662	
3453	159	
3454	344	
3455	574	
3456	768	
3457	471	
3458	92	
3459	152	
3460	95	
3461	89	
3462	300	
3463	159	
3464	537	
3465	205	
3466	78	
3467	568	
3468	9	
3469	694	
3470	631	
3471	42	
3472	528	
3473	38	
3474	40	
3475	661	
3476	670	
3477	635	
3478	571	
3479	852	
3480	160	
3481	38	
3482	332	
3483	605	
3484	353	
3485	241	
3486	90	
3487	845	
3488	323	
3489	838	
3490	453	
3491	894	
3492	116	
3493	28	
3494	239	
3495	170	
3496	236	
3497	947	
3498	973	
3499	807	
3500	763	
3501	724	
3502	349	
3503	386	
3504	221	
3505	411	
3506	895	
3507	782	
3508	959	
3509	455	
3510	558	
3511	940	
3512	233	
3513	630	
3514	622	
3515	50	
3516	235	
3517	851	
3518	117	
3519	846	
3520	322	
3521	914	
3522	819	
3523	202	
3524	962	
3525	816	
3526	172	
3527	143	
3528	466	
3529	829	
3530	490	
3531	43	
3532	901	
3533	219	
3534	5	
3535	493	
3536	61	
3537	270	
3538	717	
3539	301	
3540	904	
3541	323	
3542	387	
3543	679	
3544	853	
3545	603	
3546	86	
3547	110	
3548	357	
3549	983	
3550	825	
3551	298	
3552	564	
3553	99	
3554	615	
3555	964	
3556	814	
3557	44	
3558	962	
3559	239	
3560	268	
3561	132	
3562	485	
3563	895	
3564	79	
3565	666	
3566	606	
3567	346	
3568	713	
3569	949	
3570	336	
3571	907	
3572	593	
3573	904	
3574	146	
3575	700	
3576	949	
3577	12	
3578	147	
3579	201	
3580	366	
3581	170	
3582	784	
3583	841	
3584	681	
3585	952	
3586	33	
3587	262	
3588	571	
3589	921	
3590	193	
3591	321	
3592	202	
3593	255	
3594	693	
3595	121	
3596	488	
3597	635	
3598	521	
3599	723	
3600	993	
3601	784	
3602	136	
3603	512	
3604	225	
3605	445	
3606	771	
3607	59	
3608	808	
3609	489	
3610	238	
3611	762	
3612	663	
3613	967	
3614	40	
3615	419	
3616	763	
3617	106	
3618	584	
3619	366	
3620	287	
3621	143	
3622	243	
3623	390	
3624	787	
3625	623	
3626	858	
3627	673	
3628	641	
3629	876	
3630	126	
3631	557	
3632	996	
3633	896	
3634	166	
3635	883	
3636	841	
3637	819	
3638	749	
3639	246	
3640	799	
3641	132	
3642	910	
3643	938	
3644	648	
3645	564	
3646	177	
3647	575	
3648	296	
3649	384	
3650	733	
3651	116	
3652	818	
3653	453	
3654	262	
3655	462	
3656	912	
3657	148	
3658	422	
3659	952	
3660	361	
3661	285	
3662	140	
3663	171	
3664	450	
3665	701	
3666	530	
3667	301	
3668	536	
3669	362	
3670	681	
3671	691	
3672	410	
3673	243	
3674	157	
3675	705	
3676	345	
3677	794	
3678	156	
3679	365	
3680	616	
3681	947	
3682	680	
3683	97	
3684	390	
3685	228	
3686	370	
3687	472	
3688	152	
3689	365	
3690	527	
3691	30	
3692	226	
3693	127	
3694	748	
3695	458	
3696	317	
3697	278	
3698	915	
3699	958	
3700	423	
3701	553	
3702	862	
3703	362	
3704	848	
3705	990	
3706	696	
3707	134	
3708	288	
3709	224	
3710	601	
3711	126	
3712	324	
3713	643	
3714	816	
3715	21	
3716	760	
3717	676	
3718	520	
3719	685	
3720	300	
3721	963	
3722	829	
3723	379	
3724	433	
3725	170	
3726	814	
3727	941	
3728	75	
3729	5	
3730	218	
3731	493	
3732	614	
3733	681	
3734	669	
3735	693	
3736	498	
3737	791	
3738	474	
3739	698	
3740	568	
3741	983	
3742	407	
3743	858	
3744	372	
3745	807	
3746	38	
3747	248	
3748	267	
3749	596	
3750	864	
3751	773	
3752	156	
3753	149	
3754	90	
3755	566	
3756	537	
3757	733	
3758	529	
3759	834	
3760	36	
3761	39	
3762	895	
3763	570	
3764	412	
3765	641	
3766	261	
3767	697	
3768	455	
3769	731	
3770	769	
3771	596	
3772	831	
3773	439	
3774	207	
3775	873	
3776	487	
3777	256	
3778	561	
3779	529	
3780	813	
3781	237	
3782	89	
3783	399	
3784	991	
3785	4	
3786	99	
3787	160	
3788	24	
3789	353	
3790	102	
3791	626	
3792	866	
3793	542	
3794	521	
3795	775	
3796	10	
3797	130	
3798	200	
3799	489	
3800	808	
3801	373	
3802	517	
3803	53	
3804	502	
3805	735	
3806	505	
3807	2	
3808	790	
3809	262	
3810	579	
3811	465	
3812	847	
3813	398	
3814	260	
3815	68	
3816	110	
3817	672	
3818	747	
3819	360	
3820	518	
3821	950	
3822	228	
3823	861	
3824	714	
3825	338	
3826	745	
3827	882	
3828	968	
3829	916	
3830	620	
3831	107	
3832	237	
3833	755	
3834	544	
3835	357	
3836	77	
3837	56	
3838	612	
3839	70	
3840	153	
3841	904	
3842	841	
3843	71	
3844	304	
3845	408	
3846	681	
3847	587	
3848	433	
3849	889	
3850	824	
3851	263	
3852	653	
3853	371	
3854	604	
3855	650	
3856	919	
3857	195	
3858	839	
3859	468	
3860	437	
3861	911	
3862	25	
3863	856	
3864	878	
3865	78	
3866	520	
3867	627	
3868	403	
3869	634	
3870	961	
3871	924	
3872	879	
3873	687	
3874	734	
3875	596	
3876	281	
3877	699	
3878	615	
3879	741	
3880	695	
3881	942	
3882	211	
3883	669	
3884	35	
3885	385	
3886	222	
3887	577	
3888	311	
3889	72	
3890	234	
3891	708	
3892	946	
3893	562	
3894	936	
3895	775	
3896	98	
3897	477	
3898	557	
3899	496	
3900	744	
3901	540	
3902	216	
3903	789	
3904	593	
3905	66	
3906	144	
3907	839	
3908	450	
3909	310	
3910	919	
3911	282	
3912	393	
3913	839	
3914	915	
3915	985	
3916	944	
3917	991	
3918	818	
3919	740	
3920	387	
3921	226	
3922	971	
3923	515	
3924	670	
3925	101	
3926	857	
3927	689	
3928	481	
3929	473	
3930	48	
3931	939	
3932	110	
3933	111	
3934	408	
3935	361	
3936	447	
3937	131	
3938	655	
3939	570	
3940	498	
3941	586	
3942	289	
3943	425	
3944	510	
3945	982	
3946	377	
3947	396	
3948	829	
3949	702	
3950	526	
3951	825	
3952	738	
3953	576	
3954	337	
3955	456	
3956	634	
3957	817	
3958	747	
3959	854	
3960	780	
3961	681	
3962	785	
3963	782	
3964	915	
3965	674	
3966	226	
3967	743	
3968	776	
3969	599	
3970	596	
3971	427	
3972	74	
3973	559	
3974	364	
3975	259	
3976	399	
3977	560	
3978	685	
3979	645	
3980	418	
3981	270	
3982	917	
3983	568	
3984	509	
3985	691	
3986	29	
3987	716	
3988	46	
3989	422	
3990	223	
3991	293	
3992	779	
3993	439	
3994	568	
3995	110	
3996	247	
3997	798	
3998	269	
3999	776	
4000	189	
4001	849	
4002	647	
4003	922	
4004	345	
4005	468	
4006	505	
4007	880	
4008	164	
4009	648	
4010	702	
4011	733	
4012	854	
4013	86	
4014	765	
4015	122	
4016	892	
4017	979	
4018	559	
4019	599	
4020	545	
4021	796	
4022	149	
4023	399	
4024	366	
4025	632	
4026	612	
4027	550	
4028	115	
4029	379	
4030	274	
4031	627	
4032	453	
4033	975	
4034	880	
4035	704	
4036	880	
4037	26	
4038	423	
4039	511	
4040	884	
4041	532	
4042	461	
4043	820	
4044	578	
4045	903	
4046	615	
4047	279	
4048	814	
4049	847	
4050	462	
4051	257	
4052	900	
4053	938	
4054	308	
4055	611	
4056	868	
4057	447	
4058	165	
4059	500	
4060	367	
4061	936	
4062	81	
4063	762	
4064	593	
4065	233	
4066	78	
4067	789	
4068	679	
4069	648	
4070	79	
4071	224	
4072	768	
4073	277	
4074	113	
4075	393	
4076	582	
4077	593	
4078	786	
4079	311	
4080	556	
4081	16	
4082	603	
4083	17	
4084	374	
4085	481	
4086	173	
4087	490	
4088	358	
4089	482	
4090	205	
4091	289	
4092	227	
4093	710	
4094	441	
4095	298	
4096	65	
4097	448	
4098	953	
4099	352	
4100	470	
4101	951	
4102	785	
4103	533	
4104	792	
4105	826	
4106	203	
4107	109	
4108	873	
4109	395	
4110	296	
4111	425	
4112	965	
4113	558	
4114	77	
4115	991	
4116	65	
4117	168	
4118	455	
4119	164	
4120	515	
4121	210	
4122	170	
4123	884	
4124	390	
4125	484	
4126	811	
4127	158	
4128	676	
4129	460	
4130	403	
4131	434	
4132	620	
4133	215	
4134	684	
4135	228	
4136	139	
4137	500	
4138	387	
4139	432	
4140	444	
4141	910	
4142	94	
4143	725	
4144	898	
4145	384	
4146	990	
4147	173	
4148	682	
4149	192	
4150	699	
4151	280	
4152	292	
4153	974	
4154	484	
4155	222	
4156	977	
4157	268	
4158	222	
4159	652	
4160	531	
4161	117	
4162	730	
4163	499	
4164	665	
4165	295	
4166	329	
4167	558	
4168	258	
4169	811	
4170	585	
4171	889	
4172	23	
4173	409	
4174	871	
4175	197	
4176	907	
4177	407	
4178	363	
4179	328	
4180	716	
4181	497	
4182	249	
4183	575	
4184	65	
4185	31	
4186	820	
4187	390	
4188	507	
4189	179	
4190	123	
4191	692	
4192	182	
4193	546	
4194	486	
4195	426	
4196	638	
4197	912	
4198	576	
4199	482	
4200	532	
4201	246	
4202	820	
4203	945	
4204	217	
4205	766	
4206	408	
4207	135	
4208	911	
4209	850	
4210	671	
4211	755	
4212	445	
4213	290	
4214	128	
4215	113	
4216	769	
4217	557	
4218	738	
4219	838	
4220	29	
4221	660	
4222	554	
4223	616	
4224	748	
4225	620	
4226	280	
4227	896	
4228	771	
4229	498	
4230	800	
4231	433	
4232	811	
4233	206	
4234	548	
4235	784	
4236	331	
4237	178	
4238	212	
4239	659	
4240	303	
4241	346	
4242	752	
4243	812	
4244	518	
4245	172	
4246	129	
4247	213	
4248	525	
4249	975	
4250	238	
4251	27	
4252	918	
4253	237	
4254	162	
4255	861	
4256	134	
4257	458	
4258	624	
4259	36	
4260	704	
4261	196	
4262	506	
4263	338	
4264	252	
4265	907	
4266	434	
4267	245	
4268	36	
4269	336	
4270	689	
4271	970	
4272	907	
4273	663	
4274	166	
4275	148	
4276	550	
4277	878	
4278	460	
4279	868	
4280	4	
4281	790	
4282	703	
4283	472	
4284	184	
4285	855	
4286	372	
4287	974	
4288	731	
4289	309	
4290	622	
4291	207	
4292	364	
4293	591	
4294	125	
4295	910	
4296	274	
4297	196	
4298	38	
4299	897	
4300	69	
4301	262	
4302	360	
4303	332	
4304	794	
4305	216	
4306	995	
4307	354	
4308	470	
4309	825	
4310	64	
4311	310	
4312	472	
4313	273	
4314	445	
4315	971	
4316	385	
4317	817	
4318	760	
4319	161	
4320	164	
4321	877	
4322	753	
4323	9	
4324	888	
4325	234	
4326	98	
4327	493	
4328	34	
4329	633	
4330	472	
4331	91	
4332	726	
4333	652	
4334	808	
4335	561	
4336	421	
4337	198	
4338	716	
4339	71	
4340	293	
4341	677	
4342	798	
4343	786	
4344	678	
4345	345	
4346	122	
4347	301	
4348	521	
4349	644	
4350	749	
4351	7	
4352	113	
4353	489	
4354	274	
4355	889	
4356	435	
4357	846	
4358	441	
4359	527	
4360	151	
4361	132	
4362	615	
4363	804	
4364	326	
4365	603	
4366	307	
4367	776	
4368	28	
4369	393	
4370	484	
4371	467	
4372	997	
4373	122	
4374	518	
4375	8	
4376	785	
4377	326	
4378	340	
4379	797	
4380	369	
4381	79	
4382	812	
4383	671	
4384	529	
4385	546	
4386	584	
4387	144	
4388	342	
4389	371	
4390	465	
4391	219	
4392	951	
4393	859	
4394	596	
4395	275	
4396	998	
4397	11	
4398	814	
4399	65	
4400	246	
4401	184	
4402	417	
4403	517	
4404	467	
4405	911	
4406	135	
4407	754	
4408	23	
4409	879	
4410	419	
4411	460	
4412	897	
4413	291	
4414	749	
4415	18	
4416	989	
4417	695	
4418	692	
4419	478	
4420	945	
4421	296	
4422	707	
4423	833	
4424	475	
4425	999	
4426	126	
4427	674	
4428	854	
4429	588	
4430	908	
4431	766	
4432	267	
4433	900	
4434	516	
4435	902	
4436	850	
4437	516	
4438	825	
4439	838	
4440	848	
4441	109	
4442	360	
4443	361	
4444	832	
4445	888	
4446	599	
4447	640	
4448	437	
4449	681	
4450	517	
4451	290	
4452	963	
4453	886	
4454	230	
4455	243	
4456	499	
4457	591	
4458	566	
4459	559	
4460	5	
4461	29	
4462	658	
4463	301	
4464	685	
4465	644	
4466	428	
4467	222	
4468	968	
4469	234	
4470	614	
4471	188	
4472	374	
4473	624	
4474	131	
4475	334	
4476	791	
4477	350	
4478	155	
4479	216	
4480	8	
4481	232	
4482	477	
4483	413	
4484	853	
4485	381	
4486	28	
4487	983	
4488	358	
4489	60	
4490	380	
4491	962	
4492	211	
4493	855	
4494	499	
4495	286	
4496	482	
4497	817	
4498	74	
4499	420	
4500	902	
4501	369	
4502	108	
4503	646	
4504	694	
4505	695	
4506	459	
4507	88	
4508	430	
4509	924	
4510	752	
4511	363	
4512	303	
4513	435	
4514	609	
4515	166	
4516	718	
4517	348	
4518	498	
4519	685	
4520	796	
4521	229	
4522	967	
4523	492	
4524	74	
4525	401	
4526	165	
4527	138	
4528	994	
4529	715	
4530	350	
4531	9	
4532	827	
4533	625	
4534	203	
4535	265	
4536	259	
4537	555	
4538	706	
4539	490	
4540	748	
4541	66	
4542	143	
4543	408	
4544	625	
4545	747	
4546	396	
4547	974	
4548	79	
4549	708	
4550	27	
4551	310	
4552	727	
4553	27	
4554	408	
4555	533	
4556	912	
4557	892	
4558	33	
4559	57	
4560	135	
4561	337	
4562	983	
4563	484	
4564	232	
4565	1	
4566	997	
4567	888	
4568	555	
4569	491	
4570	773	
4571	146	
4572	658	
4573	386	
4574	928	
4575	121	
4576	839	
4577	248	
4578	948	
4579	949	
4580	608	
4581	20	
4582	229	
4583	994	
4584	85	
4585	622	
4586	414	
4587	764	
4588	614	
4589	607	
4590	646	
4591	867	
4592	526	
4593	700	
4594	246	
4595	318	
4596	468	
4597	306	
4598	15	
4599	561	
4600	655	
4601	152	
4602	694	
4603	208	
4604	223	
4605	89	
4606	194	
4607	67	
4608	489	
4609	529	
4610	762	
4611	274	
4612	889	
4613	517	
4614	112	
4615	864	
4616	526	
4617	61	
4618	546	
4619	650	
4620	211	
4621	316	
4622	230	
4623	767	
4624	146	
4625	524	
4626	43	
4627	143	
4628	89	
4629	691	
4630	252	
4631	101	
4632	542	
4633	818	
4634	237	
4635	734	
4636	644	
4637	458	
4638	774	
4639	57	
4640	310	
4641	311	
4642	973	
4643	262	
4644	457	
4645	327	
4646	446	
4647	418	
4648	811	
4649	121	
4650	636	
4651	375	
4652	848	
4653	376	
4654	278	
4655	645	
4656	633	
4657	72	
4658	205	
4659	86	
4660	92	
4661	637	
4662	274	
4663	875	
4664	369	
4665	344	
4666	906	
4667	66	
4668	377	
4669	523	
4670	467	
4671	377	
4672	343	
4673	618	
4674	694	
4675	673	
4676	440	
4677	681	
4678	797	
4679	45	
4680	212	
4681	882	
4682	643	
4683	858	
4684	716	
4685	54	
4686	361	
4687	7	
4688	220	
4689	17	
4690	293	
4691	908	
4692	272	
4693	552	
4694	82	
4695	892	
4696	960	
4697	851	
4698	316	
4699	964	
4700	997	
4701	309	
4702	10	
4703	763	
4704	563	
4705	865	
4706	741	
4707	594	
4708	943	
4709	556	
4710	21	
4711	995	
4712	537	
4713	343	
4714	440	
4715	220	
4716	16	
4717	388	
4718	420	
4719	219	
4720	50	
4721	694	
4722	770	
4723	680	
4724	635	
4725	339	
4726	339	
4727	816	
4728	946	
4729	83	
4730	836	
4731	517	
4732	329	
4733	39	
4734	475	
4735	761	
4736	468	
4737	212	
4738	793	
4739	826	
4740	286	
4741	464	
4742	775	
4743	780	
4744	249	
4745	177	
4746	843	
4747	565	
4748	716	
4749	275	
4750	810	
4751	153	
4752	396	
4753	848	
4754	981	
4755	339	
4756	982	
4757	175	
4758	814	
4759	470	
4760	40	
4761	735	
4762	969	
4763	797	
4764	949	
4765	906	
4766	581	
4767	513	
4768	935	
4769	421	
4770	651	
4771	344	
4772	973	
4773	564	
4774	587	
4775	144	
4776	724	
4777	872	
4778	683	
4779	676	
4780	576	
4781	978	
4782	529	
4783	314	
4784	802	
4785	415	
4786	502	
4787	485	
4788	800	
4789	491	
4790	27	
4791	439	
4792	754	
4793	936	
4794	284	
4795	836	
4796	840	
4797	990	
4798	49	
4799	411	
4800	879	
4801	82	
4802	514	
4803	510	
4804	811	
4805	633	
4806	488	
4807	462	
4808	900	
4809	307	
4810	497	
4811	921	
4812	139	
4813	330	
4814	858	
4815	302	
4816	307	
4817	738	
4818	588	
4819	926	
4820	666	
4821	688	
4822	217	
4823	282	
4824	439	
4825	341	
4826	269	
4827	569	
4828	907	
4829	18	
4830	495	
4831	544	
4832	42	
4833	3	
4834	63	
4835	1	
4836	649	
4837	590	
4838	207	
4839	831	
4840	239	
4841	723	
4842	589	
4843	478	
4844	285	
4845	659	
4846	237	
4847	117	
4848	936	
4849	882	
4850	704	
4851	485	
4852	611	
4853	590	
4854	225	
4855	72	
4856	535	
4857	903	
4858	675	
4859	932	
4860	917	
4861	703	
4862	310	
4863	280	
4864	768	
4865	266	
4866	26	
4867	556	
4868	726	
4869	460	
4870	440	
4871	234	
4872	373	
4873	767	
4874	486	
4875	409	
4876	640	
4877	572	
4878	833	
4879	798	
4880	448	
4881	262	
4882	145	
4883	74	
4884	461	
4885	925	
4886	522	
4887	785	
4888	436	
4889	678	
4890	719	
4891	279	
4892	840	
4893	325	
4894	327	
4895	890	
4896	979	
4897	76	
4898	970	
4899	725	
4900	179	
4901	611	
4902	50	
4903	512	
4904	135	
4905	696	
4906	772	
4907	658	
4908	705	
4909	710	
4910	670	
4911	849	
4912	484	
4913	600	
4914	392	
4915	735	
4916	909	
4917	364	
4918	621	
4919	956	
4920	204	
4921	825	
4922	81	
4923	1000	
4924	905	
4925	299	
4926	986	
4927	903	
4928	57	
4929	244	
4930	344	
4931	436	
4932	272	
4933	538	
4934	926	
4935	761	
4936	373	
4937	542	
4938	537	
4939	67	
4940	747	
4941	704	
4942	894	
4943	816	
4944	900	
4945	909	
4946	557	
4947	233	
4948	742	
4949	419	
4950	338	
4951	194	
4952	672	
4953	593	
4954	336	
4955	471	
4956	827	
4957	178	
4958	358	
4959	311	
4960	58	
4961	80	
4962	612	
4963	930	
4964	20	
4965	42	
4966	356	
4967	364	
4968	863	
4969	136	
4970	915	
4971	129	
4972	396	
4973	699	
4974	367	
4975	769	
4976	791	
4977	336	
4978	912	
4979	763	
4980	438	
4981	67	
4982	616	
4983	419	
4984	983	
4985	86	
4986	485	
4987	741	
4988	332	
4989	97	
4990	492	
4991	689	
4992	775	
4993	881	
4994	597	
4995	143	
4996	8	
4997	131	
4998	651	
4999	274	
5000	540	
100158
