5000
1	3	
2	3	
3	9	
4	6	
5	7	
6	1	
7	6	
8	3	
9	10	
10	7	
11	7	
12	10	
13	7	
14	5	
15	4	
16	2	
17	8	
18	1	
19	10	
20	5	
21	4	
22	5	
23	5	
24	2	
25	10	
26	1	
27	9	
28	5	
29	7	
30	6	
31	3	
32	5	
33	3	
34	2	
35	5	
36	6	
37	1	
38	6	
39	9	
40	4	
41	6	
42	9	
43	1	
44	7	
45	10	
46	4	
47	9	
48	7	
49	10	
50	9	
51	2	
52	1	
53	6	
54	5	
55	10	
56	1	
57	10	
58	4	
59	9	
60	5	
61	6	
62	8	
63	9	
64	10	
65	7	
66	3	
67	6	
68	2	
69	5	
70	9	
71	5	
72	5	
73	7	
74	6	
75	5	
76	10	
77	4	
78	2	
79	2	
80	6	
81	1	
82	3	
83	6	
84	9	
85	9	
86	1	
87	1	
88	9	
89	3	
90	8	
91	2	
92	4	
93	6	
94	5	
95	1	
96	4	
97	2	
98	6	
99	1	
100	9	
101	10	
102	5	
103	3	
104	7	
105	2	
106	3	
107	4	
108	10	
109	2	
110	4	
111	10	
112	4	
113	2	
114	8	
115	10	
116	10	
117	2	
118	8	
119	10	
120	2	
121	5	
122	2	
123	7	
124	2	
125	4	
126	4	
127	9	
128	7	
129	10	
130	10	
131	7	
132	2	
133	10	
134	1	
135	6	
136	5	
137	8	
138	4	
139	5	
140	9	
141	8	
142	4	
143	8	
144	6	
145	10	
146	3	
147	5	
148	10	
149	8	
150	1	
151	8	
152	2	
153	7	
154	5	
155	3	
156	1	
157	5	
158	8	
159	1	
160	6	
161	10	
162	8	
163	3	
164	1	
165	6	
166	1	
167	2	
168	9	
169	1	
170	6	
171	2	
172	5	
173	2	
174	7	
175	4	
176	10	
177	5	
178	2	
179	1	
180	9	
181	4	
182	4	
183	1	
184	5	
185	6	
186	4	
187	1	
188	6	
189	9	
190	10	
191	7	
192	4	
193	9	
194	7	
195	2	
196	9	
197	1	
198	1	
199	10	
200	6	
201	4	
202	4	
203	4	
204	4	
205	10	
206	2	
207	5	
208	9	
209	6	
210	8	
211	3	
212	9	
213	2	
214	2	
215	9	
216	10	
217	1	
218	7	
219	4	
220	7	
221	3	
222	10	
223	10	
224	9	
225	7	
226	1	
227	6	
228	2	
229	4	
230	6	
231	2	
232	5	
233	4	
234	3	
235	8	
236	7	
237	2	
238	2	
239	4	
240	6	
241	8	
242	6	
243	10	
244	4	
245	3	
246	8	
247	5	
248	3	
249	7	
250	9	
251	2	
252	8	
253	2	
254	9	
255	6	
256	8	
257	7	
258	9	
259	2	
260	8	
261	10	
262	10	
263	2	
264	2	
265	4	
266	7	
267	1	
268	7	
269	8	
270	2	
271	1	
272	8	
273	3	
274	8	
275	10	
276	9	
277	10	
278	1	
279	8	
280	7	
281	2	
282	7	
283	10	
284	4	
285	3	
286	2	
287	8	
288	10	
289	4	
290	10	
291	1	
292	5	
293	9	
294	3	
295	2	
296	8	
297	7	
298	9	
299	5	
300	9	
301	5	
302	4	
303	9	
304	10	
305	10	
306	3	
307	2	
308	4	
309	1	
310	6	
311	3	
312	3	
313	9	
314	9	
315	1	
316	3	
317	2	
318	8	
319	1	
320	4	
321	3	
322	2	
323	9	
324	3	
325	10	
326	8	
327	1	
328	10	
329	1	
330	8	
331	5	
332	4	
333	2	
334	7	
335	1	
336	8	
337	10	
338	4	
339	7	
340	7	
341	4	
342	9	
343	5	
344	7	
345	9	
346	4	
347	5	
348	1	
349	10	
350	2	
351	7	
352	5	
353	9	
354	9	
355	7	
356	10	
357	10	
358	8	
359	2	
360	9	
361	1	
362	4	
363	8	
364	9	
365	1	
366	6	
367	10	
368	5	
369	10	
370	2	
371	1	
372	1	
373	3	
374	5	
375	7	
376	4	
377	2	
378	9	
379	5	
380	8	
381	4	
382	6	
383	3	
384	4	
385	10	
386	2	
387	4	
388	7	
389	9	
390	5	
391	10	
392	10	
393	6	
394	3	
395	5	
396	6	
397	1	
398	7	
399	9	
400	8	
401	1	
402	4	
403	5	
404	10	
405	9	
406	1	
407	5	
408	3	
409	5	
410	7	
411	8	
412	8	
413	6	
414	10	
415	2	
416	9	
417	10	
418	3	
419	1	
420	1	
421	4	
422	4	
423	8	
424	5	
425	3	
426	8	
427	9	
428	5	
429	3	
430	7	
431	4	
432	3	
433	3	
434	6	
435	2	
436	10	
437	5	
438	1	
439	7	
440	4	
441	5	
442	5	
443	5	
444	5	
445	4	
446	9	
447	8	
448	4	
449	8	
450	8	
451	10	
452	10	
453	6	
454	10	
455	1	
456	1	
457	10	
458	5	
459	6	
460	9	
461	10	
462	5	
463	8	
464	9	
465	7	
466	5	
467	1	
468	5	
469	5	
470	6	
471	5	
472	10	
473	7	
474	5	
475	3	
476	4	
477	6	
478	1	
479	4	
480	2	
481	2	
482	2	
483	2	
484	5	
485	4	
486	8	
487	5	
488	5	
489	8	
490	10	
491	4	
492	10	
493	10	
494	6	
495	8	
496	7	
497	2	
498	8	
499	9	
500	3	
501	2	
502	9	
503	10	
504	8	
505	8	
506	8	
507	2	
508	10	
509	4	
510	10	
511	1	
512	9	
513	9	
514	9	
515	2	
516	3	
517	5	
518	10	
519	6	
520	3	
521	10	
522	8	
523	1	
524	3	
525	10	
526	3	
527	8	
528	9	
529	4	
530	10	
531	8	
532	5	
533	3	
534	6	
535	6	
536	7	
537	10	
538	1	
539	3	
540	3	
541	10	
542	1	
543	10	
544	1	
545	9	
546	1	
547	2	
548	9	
549	7	
550	1	
551	5	
552	10	
553	8	
554	2	
555	8	
556	8	
557	7	
558	10	
559	5	
560	2	
561	4	
562	10	
563	7	
564	5	
565	9	
566	10	
567	2	
568	2	
569	4	
570	8	
571	5	
572	10	
573	7	
574	1	
575	8	
576	10	
577	6	
578	6	
579	6	
580	7	
581	3	
582	4	
583	6	
584	1	
585	6	
586	3	
587	9	
588	1	
589	8	
590	8	
591	8	
592	4	
593	3	
594	4	
595	1	
596	6	
597	6	
598	7	
599	9	
600	3	
601	7	
602	2	
603	3	
604	2	
605	3	
606	6	
607	3	
608	4	
609	3	
610	2	
611	9	
612	6	
613	4	
614	1	
615	5	
616	9	
617	2	
618	6	
619	5	
620	3	
621	8	
622	2	
623	8	
624	3	
625	10	
626	6	
627	9	
628	10	
629	1	
630	9	
631	3	
632	1	
633	9	
634	8	
635	5	
636	4	
637	6	
638	1	
639	2	
640	2	
641	5	
642	2	
643	5	
644	1	
645	2	
646	3	
647	4	
648	7	
649	3	
650	9	
651	6	
652	3	
653	7	
654	6	
655	10	
656	1	
657	4	
658	3	
659	7	
660	8	
661	7	
662	4	
663	9	
664	1	
665	5	
666	9	
667	4	
668	4	
669	1	
670	7	
671	4	
672	4	
673	1	
674	4	
675	6	
676	7	
677	6	
678	1	
679	7	
680	3	
681	8	
682	1	
683	9	
684	2	
685	10	
686	9	
687	10	
688	6	
689	9	
690	1	
691	2	
692	5	
693	1	
694	6	
695	4	
696	2	
697	10	
698	4	
699	3	
700	1	
701	2	
702	9	
703	8	
704	1	
705	8	
706	2	
707	9	
708	10	
709	9	
710	8	
711	7	
712	6	
713	1	
714	7	
715	9	
716	9	
717	8	
718	10	
719	7	
720	6	
721	8	
722	4	
723	9	
724	6	
725	5	
726	6	
727	3	
728	7	
729	1	
730	9	
731	4	
732	2	
733	6	
734	3	
735	5	
736	5	
737	6	
738	3	
739	6	
740	7	
741	8	
742	5	
743	8	
744	7	
745	7	
746	8	
747	3	
748	6	
749	7	
750	4	
751	2	
752	4	
753	2	
754	5	
755	6	
756	2	
757	2	
758	6	
759	7	
760	10	
761	6	
762	7	
763	4	
764	6	
765	3	
766	2	
767	9	
768	5	
769	6	
770	10	
771	5	
772	3	
773	4	
774	4	
775	9	
776	6	
777	9	
778	5	
779	8	
780	10	
781	6	
782	6	
783	7	
784	5	
785	7	
786	5	
787	7	
788	1	
789	1	
790	4	
791	4	
792	1	
793	4	
794	3	
795	8	
796	2	
797	3	
798	5	
799	9	
800	7	
801	5	
802	6	
803	4	
804	10	
805	7	
806	10	
807	6	
808	6	
809	8	
810	6	
811	10	
812	2	
813	10	
814	6	
815	3	
816	1	
817	10	
818	10	
819	2	
820	4	
821	2	
822	1	
823	4	
824	5	
825	8	
826	9	
827	3	
828	2	
829	1	
830	9	
831	1	
832	9	
833	6	
834	8	
835	7	
836	2	
837	10	
838	8	
839	4	
840	4	
841	4	
842	6	
843	2	
844	8	
845	6	
846	7	
847	7	
848	5	
849	10	
850	5	
851	7	
852	8	
853	7	
854	8	
855	7	
856	2	
857	3	
858	6	
859	8	
860	5	
861	8	
862	4	
863	10	
864	3	
865	4	
866	9	
867	2	
868	7	
869	2	
870	10	
871	3	
872	9	
873	2	
874	6	
875	3	
876	5	
877	1	
878	2	
879	4	
880	4	
881	6	
882	9	
883	10	
884	9	
885	6	
886	6	
887	8	
888	1	
889	10	
890	7	
891	9	
892	6	
893	3	
894	9	
895	4	
896	8	
897	7	
898	9	
899	6	
900	6	
901	1	
902	3	
903	1	
904	2	
905	3	
906	8	
907	4	
908	8	
909	1	
910	9	
911	10	
912	1	
913	5	
914	7	
915	6	
916	6	
917	2	
918	4	
919	3	
920	8	
921	3	
922	3	
923	1	
924	7	
925	5	
926	9	
927	3	
928	1	
929	4	
930	9	
931	10	
932	2	
933	6	
934	6	
935	2	
936	5	
937	7	
938	9	
939	10	
940	6	
941	10	
942	5	
943	8	
944	8	
945	7	
946	5	
947	5	
948	5	
949	8	
950	6	
951	9	
952	3	
953	1	
954	9	
955	5	
956	3	
957	10	
958	8	
959	3	
960	9	
961	10	
962	10	
963	8	
964	7	
965	2	
966	2	
967	9	
968	9	
969	3	
970	4	
971	5	
972	6	
973	6	
974	3	
975	1	
976	4	
977	7	
978	10	
979	8	
980	8	
981	6	
982	1	
983	2	
984	9	
985	2	
986	9	
987	7	
988	3	
989	7	
990	4	
991	9	
992	3	
993	7	
994	4	
995	5	
996	4	
997	10	
998	8	
999	7	
1000	9	
1001	6	
1002	7	
1003	4	
1004	2	
1005	6	
1006	2	
1007	4	
1008	10	
1009	6	
1010	7	
1011	2	
1012	1	
1013	9	
1014	6	
1015	1	
1016	9	
1017	9	
1018	6	
1019	10	
1020	4	
1021	9	
1022	1	
1023	6	
1024	9	
1025	2	
1026	4	
1027	4	
1028	6	
1029	9	
1030	6	
1031	9	
1032	3	
1033	3	
1034	7	
1035	2	
1036	3	
1037	6	
1038	7	
1039	4	
1040	1	
1041	1	
1042	6	
1043	9	
1044	1	
1045	8	
1046	6	
1047	8	
1048	6	
1049	4	
1050	1	
1051	3	
1052	7	
1053	8	
1054	4	
1055	5	
1056	8	
1057	6	
1058	5	
1059	8	
1060	8	
1061	1	
1062	7	
1063	4	
1064	6	
1065	9	
1066	2	
1067	1	
1068	8	
1069	3	
1070	8	
1071	9	
1072	2	
1073	4	
1074	4	
1075	6	
1076	1	
1077	10	
1078	2	
1079	7	
1080	3	
1081	1	
1082	3	
1083	9	
1084	8	
1085	5	
1086	6	
1087	7	
1088	1	
1089	6	
1090	4	
1091	7	
1092	4	
1093	5	
1094	8	
1095	6	
1096	9	
1097	6	
1098	10	
1099	8	
1100	4	
1101	1	
1102	4	
1103	8	
1104	5	
1105	10	
1106	8	
1107	6	
1108	10	
1109	1	
1110	10	
1111	6	
1112	4	
1113	10	
1114	8	
1115	9	
1116	8	
1117	9	
1118	5	
1119	2	
1120	6	
1121	4	
1122	5	
1123	4	
1124	1	
1125	6	
1126	10	
1127	2	
1128	7	
1129	7	
1130	1	
1131	4	
1132	10	
1133	7	
1134	8	
1135	8	
1136	1	
1137	10	
1138	7	
1139	3	
1140	5	
1141	6	
1142	9	
1143	7	
1144	10	
1145	5	
1146	7	
1147	6	
1148	10	
1149	7	
1150	6	
1151	3	
1152	2	
1153	1	
1154	9	
1155	10	
1156	2	
1157	2	
1158	4	
1159	3	
1160	8	
1161	3	
1162	9	
1163	3	
1164	6	
1165	3	
1166	8	
1167	9	
1168	7	
1169	10	
1170	10	
1171	2	
1172	2	
1173	10	
1174	2	
1175	2	
1176	4	
1177	7	
1178	7	
1179	8	
1180	10	
1181	10	
1182	6	
1183	1	
1184	10	
1185	6	
1186	9	
1187	10	
1188	4	
1189	6	
1190	10	
1191	1	
1192	7	
1193	7	
1194	2	
1195	4	
1196	6	
1197	9	
1198	3	
1199	6	
1200	1	
1201	3	
1202	3	
1203	10	
1204	6	
1205	6	
1206	7	
1207	6	
1208	3	
1209	8	
1210	8	
1211	5	
1212	5	
1213	4	
1214	4	
1215	3	
1216	1	
1217	7	
1218	8	
1219	3	
1220	6	
1221	9	
1222	8	
1223	9	
1224	1	
1225	8	
1226	2	
1227	9	
1228	1	
1229	7	
1230	8	
1231	6	
1232	4	
1233	4	
1234	5	
1235	10	
1236	8	
1237	2	
1238	3	
1239	10	
1240	7	
1241	8	
1242	5	
1243	10	
1244	6	
1245	6	
1246	4	
1247	8	
1248	10	
1249	4	
1250	1	
1251	1	
1252	2	
1253	10	
1254	1	
1255	4	
1256	3	
1257	4	
1258	7	
1259	10	
1260	5	
1261	7	
1262	4	
1263	2	
1264	1	
1265	4	
1266	1	
1267	3	
1268	10	
1269	1	
1270	1	
1271	2	
1272	9	
1273	10	
1274	5	
1275	3	
1276	1	
1277	9	
1278	5	
1279	10	
1280	7	
1281	8	
1282	10	
1283	5	
1284	10	
1285	8	
1286	7	
1287	1	
1288	8	
1289	7	
1290	10	
1291	3	
1292	4	
1293	7	
1294	10	
1295	3	
1296	10	
1297	2	
1298	4	
1299	1	
1300	3	
1301	4	
1302	4	
1303	7	
1304	4	
1305	4	
1306	1	
1307	8	
1308	5	
1309	10	
1310	8	
1311	3	
1312	1	
1313	1	
1314	2	
1315	2	
1316	9	
1317	9	
1318	6	
1319	9	
1320	6	
1321	8	
1322	7	
1323	2	
1324	10	
1325	2	
1326	8	
1327	3	
1328	6	
1329	3	
1330	3	
1331	9	
1332	8	
1333	3	
1334	7	
1335	2	
1336	8	
1337	10	
1338	2	
1339	1	
1340	10	
1341	9	
1342	10	
1343	10	
1344	9	
1345	7	
1346	8	
1347	4	
1348	1	
1349	2	
1350	6	
1351	8	
1352	4	
1353	5	
1354	5	
1355	5	
1356	9	
1357	5	
1358	9	
1359	3	
1360	9	
1361	5	
1362	10	
1363	2	
1364	10	
1365	6	
1366	10	
1367	8	
1368	1	
1369	8	
1370	7	
1371	6	
1372	2	
1373	1	
1374	1	
1375	3	
1376	1	
1377	9	
1378	2	
1379	6	
1380	9	
1381	10	
1382	3	
1383	1	
1384	10	
1385	3	
1386	9	
1387	7	
1388	2	
1389	8	
1390	8	
1391	10	
1392	1	
1393	8	
1394	1	
1395	3	
1396	4	
1397	5	
1398	8	
1399	1	
1400	3	
1401	4	
1402	4	
1403	2	
1404	1	
1405	3	
1406	10	
1407	5	
1408	6	
1409	8	
1410	9	
1411	1	
1412	9	
1413	1	
1414	10	
1415	7	
1416	9	
1417	6	
1418	5	
1419	1	
1420	7	
1421	10	
1422	7	
1423	8	
1424	2	
1425	7	
1426	9	
1427	6	
1428	2	
1429	9	
1430	4	
1431	8	
1432	4	
1433	3	
1434	3	
1435	7	
1436	5	
1437	7	
1438	6	
1439	2	
1440	1	
1441	9	
1442	4	
1443	6	
1444	1	
1445	8	
1446	3	
1447	10	
1448	9	
1449	6	
1450	8	
1451	1	
1452	3	
1453	10	
1454	3	
1455	2	
1456	8	
1457	2	
1458	10	
1459	6	
1460	1	
1461	7	
1462	10	
1463	2	
1464	10	
1465	9	
1466	7	
1467	5	
1468	9	
1469	3	
1470	9	
1471	10	
1472	5	
1473	5	
1474	6	
1475	4	
1476	8	
1477	6	
1478	9	
1479	5	
1480	10	
1481	8	
1482	7	
1483	8	
1484	5	
1485	9	
1486	1	
1487	3	
1488	7	
1489	5	
1490	2	
1491	10	
1492	2	
1493	1	
1494	3	
1495	6	
1496	6	
1497	2	
1498	2	
1499	3	
1500	7	
1501	7	
1502	1	
1503	2	
1504	5	
1505	2	
1506	10	
1507	1	
1508	3	
1509	6	
1510	9	
1511	6	
1512	10	
1513	5	
1514	7	
1515	7	
1516	7	
1517	3	
1518	8	
1519	6	
1520	4	
1521	4	
1522	2	
1523	10	
1524	7	
1525	6	
1526	8	
1527	1	
1528	6	
1529	3	
1530	6	
1531	5	
1532	5	
1533	3	
1534	10	
1535	3	
1536	3	
1537	7	
1538	6	
1539	2	
1540	7	
1541	1	
1542	3	
1543	9	
1544	9	
1545	6	
1546	4	
1547	1	
1548	4	
1549	3	
1550	9	
1551	6	
1552	2	
1553	5	
1554	5	
1555	2	
1556	7	
1557	9	
1558	9	
1559	5	
1560	9	
1561	5	
1562	3	
1563	5	
1564	10	
1565	3	
1566	1	
1567	10	
1568	2	
1569	9	
1570	9	
1571	2	
1572	7	
1573	7	
1574	4	
1575	10	
1576	10	
1577	8	
1578	7	
1579	4	
1580	9	
1581	4	
1582	4	
1583	7	
1584	7	
1585	1	
1586	5	
1587	4	
1588	7	
1589	3	
1590	7	
1591	3	
1592	2	
1593	5	
1594	3	
1595	5	
1596	1	
1597	6	
1598	3	
1599	6	
1600	9	
1601	1	
1602	4	
1603	5	
1604	3	
1605	3	
1606	9	
1607	2	
1608	7	
1609	9	
1610	5	
1611	7	
1612	2	
1613	1	
1614	8	
1615	8	
1616	6	
1617	8	
1618	1	
1619	4	
1620	10	
1621	2	
1622	8	
1623	10	
1624	3	
1625	8	
1626	5	
1627	9	
1628	7	
1629	6	
1630	6	
1631	5	
1632	1	
1633	4	
1634	5	
1635	10	
1636	8	
1637	10	
1638	4	
1639	6	
1640	4	
1641	4	
1642	4	
1643	7	
1644	6	
1645	1	
1646	10	
1647	4	
1648	4	
1649	6	
1650	6	
1651	10	
1652	1	
1653	1	
1654	4	
1655	10	
1656	3	
1657	7	
1658	7	
1659	8	
1660	5	
1661	4	
1662	1	
1663	6	
1664	2	
1665	6	
1666	3	
1667	6	
1668	1	
1669	6	
1670	4	
1671	7	
1672	8	
1673	2	
1674	10	
1675	1	
1676	2	
1677	8	
1678	2	
1679	3	
1680	4	
1681	4	
1682	5	
1683	5	
1684	2	
1685	3	
1686	1	
1687	6	
1688	1	
1689	6	
1690	9	
1691	6	
1692	2	
1693	9	
1694	3	
1695	2	
1696	7	
1697	6	
1698	1	
1699	6	
1700	9	
1701	8	
1702	8	
1703	8	
1704	1	
1705	2	
1706	4	
1707	1	
1708	7	
1709	7	
1710	3	
1711	10	
1712	6	
1713	10	
1714	2	
1715	3	
1716	4	
1717	1	
1718	7	
1719	3	
1720	3	
1721	10	
1722	10	
1723	7	
1724	4	
1725	1	
1726	3	
1727	6	
1728	9	
1729	9	
1730	10	
1731	9	
1732	7	
1733	5	
1734	9	
1735	10	
1736	1	
1737	8	
1738	6	
1739	8	
1740	4	
1741	5	
1742	2	
1743	8	
1744	3	
1745	4	
1746	4	
1747	9	
1748	10	
1749	5	
1750	6	
1751	5	
1752	8	
1753	8	
1754	10	
1755	8	
1756	2	
1757	5	
1758	3	
1759	2	
1760	4	
1761	7	
1762	5	
1763	5	
1764	3	
1765	2	
1766	2	
1767	9	
1768	4	
1769	5	
1770	4	
1771	1	
1772	7	
1773	8	
1774	8	
1775	6	
1776	6	
1777	2	
1778	6	
1779	5	
1780	10	
1781	6	
1782	9	
1783	9	
1784	6	
1785	4	
1786	5	
1787	9	
1788	1	
1789	4	
1790	10	
1791	1	
1792	10	
1793	1	
1794	10	
1795	6	
1796	2	
1797	4	
1798	9	
1799	9	
1800	10	
1801	4	
1802	3	
1803	10	
1804	9	
1805	3	
1806	4	
1807	3	
1808	10	
1809	6	
1810	6	
1811	2	
1812	7	
1813	9	
1814	9	
1815	7	
1816	5	
1817	9	
1818	9	
1819	2	
1820	3	
1821	10	
1822	5	
1823	2	
1824	3	
1825	4	
1826	6	
1827	2	
1828	1	
1829	7	
1830	5	
1831	5	
1832	6	
1833	3	
1834	8	
1835	7	
1836	5	
1837	9	
1838	4	
1839	9	
1840	8	
1841	3	
1842	7	
1843	8	
1844	4	
1845	6	
1846	10	
1847	5	
1848	9	
1849	6	
1850	10	
1851	3	
1852	1	
1853	2	
1854	3	
1855	7	
1856	1	
1857	8	
1858	6	
1859	2	
1860	2	
1861	6	
1862	7	
1863	3	
1864	2	
1865	6	
1866	6	
1867	7	
1868	6	
1869	1	
1870	9	
1871	7	
1872	10	
1873	1	
1874	5	
1875	1	
1876	4	
1877	9	
1878	9	
1879	7	
1880	5	
1881	4	
1882	3	
1883	8	
1884	6	
1885	7	
1886	8	
1887	10	
1888	8	
1889	4	
1890	4	
1891	8	
1892	2	
1893	10	
1894	9	
1895	9	
1896	8	
1897	5	
1898	2	
1899	10	
1900	6	
1901	8	
1902	10	
1903	10	
1904	5	
1905	7	
1906	6	
1907	1	
1908	2	
1909	2	
1910	9	
1911	9	
1912	8	
1913	7	
1914	10	
1915	8	
1916	7	
1917	8	
1918	5	
1919	5	
1920	3	
1921	8	
1922	7	
1923	1	
1924	2	
1925	3	
1926	4	
1927	3	
1928	3	
1929	8	
1930	10	
1931	2	
1932	4	
1933	2	
1934	1	
1935	2	
1936	10	
1937	4	
1938	6	
1939	7	
1940	2	
1941	10	
1942	1	
1943	1	
1944	3	
1945	2	
1946	1	
1947	5	
1948	8	
1949	8	
1950	7	
1951	3	
1952	4	
1953	8	
1954	6	
1955	1	
1956	8	
1957	4	
1958	9	
1959	9	
1960	1	
1961	3	
1962	5	
1963	4	
1964	7	
1965	4	
1966	7	
1967	2	
1968	7	
1969	4	
1970	10	
1971	2	
1972	5	
1973	2	
1974	7	
1975	4	
1976	1	
1977	2	
1978	9	
1979	2	
1980	2	
1981	7	
1982	2	
1983	5	
1984	1	
1985	4	
1986	4	
1987	3	
1988	9	
1989	6	
1990	3	
1991	6	
1992	6	
1993	7	
1994	8	
1995	3	
1996	5	
1997	5	
1998	3	
1999	1	
2000	9	
2001	2	
2002	7	
2003	1	
2004	4	
2005	10	
2006	10	
2007	7	
2008	9	
2009	6	
2010	4	
2011	3	
2012	4	
2013	10	
2014	2	
2015	5	
2016	7	
2017	8	
2018	1	
2019	7	
2020	10	
2021	6	
2022	1	
2023	10	
2024	2	
2025	10	
2026	10	
2027	8	
2028	10	
2029	5	
2030	2	
2031	10	
2032	9	
2033	7	
2034	8	
2035	3	
2036	7	
2037	9	
2038	9	
2039	2	
2040	7	
2041	3	
2042	10	
2043	7	
2044	7	
2045	2	
2046	3	
2047	2	
2048	4	
2049	10	
2050	10	
2051	3	
2052	8	
2053	7	
2054	9	
2055	4	
2056	1	
2057	1	
2058	4	
2059	6	
2060	2	
2061	1	
2062	7	
2063	2	
2064	9	
2065	9	
2066	6	
2067	10	
2068	1	
2069	10	
2070	1	
2071	6	
2072	2	
2073	3	
2074	2	
2075	9	
2076	4	
2077	5	
2078	9	
2079	7	
2080	10	
2081	9	
2082	10	
2083	9	
2084	10	
2085	5	
2086	2	
2087	6	
2088	9	
2089	1	
2090	4	
2091	3	
2092	3	
2093	8	
2094	8	
2095	1	
2096	2	
2097	1	
2098	10	
2099	5	
2100	9	
2101	2	
2102	9	
2103	8	
2104	7	
2105	1	
2106	5	
2107	6	
2108	7	
2109	2	
2110	10	
2111	9	
2112	5	
2113	2	
2114	7	
2115	5	
2116	6	
2117	5	
2118	5	
2119	5	
2120	3	
2121	2	
2122	1	
2123	6	
2124	7	
2125	8	
2126	8	
2127	2	
2128	4	
2129	4	
2130	8	
2131	1	
2132	4	
2133	7	
2134	9	
2135	7	
2136	8	
2137	2	
2138	3	
2139	1	
2140	3	
2141	6	
2142	3	
2143	10	
2144	5	
2145	5	
2146	7	
2147	2	
2148	7	
2149	10	
2150	5	
2151	3	
2152	4	
2153	1	
2154	10	
2155	10	
2156	3	
2157	2	
2158	4	
2159	2	
2160	7	
2161	7	
2162	10	
2163	4	
2164	1	
2165	8	
2166	2	
2167	1	
2168	8	
2169	6	
2170	7	
2171	2	
2172	9	
2173	10	
2174	6	
2175	1	
2176	5	
2177	5	
2178	1	
2179	8	
2180	6	
2181	6	
2182	8	
2183	2	
2184	10	
2185	3	
2186	5	
2187	4	
2188	1	
2189	2	
2190	6	
2191	9	
2192	5	
2193	3	
2194	7	
2195	3	
2196	4	
2197	4	
2198	1	
2199	7	
2200	6	
2201	4	
2202	4	
2203	6	
2204	7	
2205	5	
2206	10	
2207	1	
2208	5	
2209	9	
2210	9	
2211	5	
2212	2	
2213	8	
2214	5	
2215	2	
2216	4	
2217	6	
2218	7	
2219	3	
2220	10	
2221	2	
2222	5	
2223	4	
2224	4	
2225	2	
2226	7	
2227	2	
2228	2	
2229	4	
2230	10	
2231	2	
2232	6	
2233	9	
2234	1	
2235	6	
2236	2	
2237	5	
2238	4	
2239	8	
2240	2	
2241	8	
2242	1	
2243	6	
2244	2	
2245	5	
2246	7	
2247	4	
2248	3	
2249	9	
2250	7	
2251	1	
2252	4	
2253	8	
2254	2	
2255	8	
2256	10	
2257	1	
2258	1	
2259	1	
2260	6	
2261	6	
2262	6	
2263	7	
2264	1	
2265	4	
2266	8	
2267	7	
2268	3	
2269	5	
2270	6	
2271	7	
2272	3	
2273	8	
2274	6	
2275	4	
2276	10	
2277	8	
2278	8	
2279	1	
2280	10	
2281	5	
2282	7	
2283	1	
2284	10	
2285	10	
2286	4	
2287	4	
2288	6	
2289	5	
2290	9	
2291	2	
2292	10	
2293	1	
2294	4	
2295	3	
2296	8	
2297	6	
2298	8	
2299	3	
2300	7	
2301	2	
2302	9	
2303	6	
2304	10	
2305	2	
2306	8	
2307	6	
2308	7	
2309	4	
2310	6	
2311	2	
2312	4	
2313	3	
2314	10	
2315	4	
2316	8	
2317	1	
2318	8	
2319	1	
2320	1	
2321	6	
2322	7	
2323	4	
2324	5	
2325	10	
2326	5	
2327	2	
2328	4	
2329	1	
2330	10	
2331	7	
2332	5	
2333	5	
2334	10	
2335	1	
2336	6	
2337	9	
2338	3	
2339	9	
2340	10	
2341	7	
2342	5	
2343	2	
2344	3	
2345	2	
2346	8	
2347	10	
2348	10	
2349	9	
2350	10	
2351	3	
2352	1	
2353	1	
2354	4	
2355	10	
2356	8	
2357	9	
2358	8	
2359	9	
2360	2	
2361	4	
2362	6	
2363	10	
2364	3	
2365	3	
2366	7	
2367	8	
2368	10	
2369	10	
2370	9	
2371	10	
2372	7	
2373	6	
2374	1	
2375	3	
2376	8	
2377	8	
2378	5	
2379	6	
2380	10	
2381	8	
2382	9	
2383	1	
2384	7	
2385	7	
2386	7	
2387	1	
2388	6	
2389	6	
2390	1	
2391	1	
2392	4	
2393	2	
2394	7	
2395	2	
2396	6	
2397	2	
2398	1	
2399	1	
2400	8	
2401	10	
2402	6	
2403	5	
2404	9	
2405	4	
2406	6	
2407	2	
2408	6	
2409	4	
2410	9	
2411	3	
2412	3	
2413	9	
2414	8	
2415	6	
2416	2	
2417	1	
2418	7	
2419	4	
2420	10	
2421	7	
2422	10	
2423	4	
2424	1	
2425	9	
2426	10	
2427	6	
2428	7	
2429	2	
2430	4	
2431	8	
2432	5	
2433	1	
2434	3	
2435	7	
2436	5	
2437	9	
2438	5	
2439	4	
2440	9	
2441	7	
2442	4	
2443	3	
2444	2	
2445	5	
2446	7	
2447	6	
2448	1	
2449	6	
2450	1	
2451	2	
2452	8	
2453	9	
2454	8	
2455	7	
2456	10	
2457	4	
2458	6	
2459	9	
2460	2	
2461	10	
2462	8	
2463	1	
2464	10	
2465	8	
2466	2	
2467	3	
2468	3	
2469	10	
2470	4	
2471	5	
2472	4	
2473	4	
2474	6	
2475	9	
2476	10	
2477	1	
2478	5	
2479	2	
2480	2	
2481	4	
2482	5	
2483	5	
2484	7	
2485	1	
2486	1	
2487	3	
2488	10	
2489	4	
2490	6	
2491	2	
2492	4	
2493	8	
2494	7	
2495	8	
2496	8	
2497	10	
2498	7	
2499	5	
2500	6	
2501	10	
2502	3	
2503	8	
2504	8	
2505	4	
2506	6	
2507	6	
2508	6	
2509	2	
2510	5	
2511	1	
2512	2	
2513	4	
2514	10	
2515	3	
2516	8	
2517	9	
2518	2	
2519	9	
2520	4	
2521	4	
2522	6	
2523	6	
2524	6	
2525	10	
2526	7	
2527	4	
2528	8	
2529	9	
2530	3	
2531	2	
2532	4	
2533	6	
2534	9	
2535	4	
2536	4	
2537	7	
2538	1	
2539	1	
2540	2	
2541	10	
2542	10	
2543	2	
2544	2	
2545	7	
2546	1	
2547	3	
2548	9	
2549	4	
2550	7	
2551	1	
2552	10	
2553	3	
2554	5	
2555	7	
2556	2	
2557	8	
2558	2	
2559	3	
2560	6	
2561	10	
2562	1	
2563	5	
2564	5	
2565	1	
2566	4	
2567	6	
2568	7	
2569	9	
2570	5	
2571	3	
2572	7	
2573	4	
2574	7	
2575	4	
2576	7	
2577	3	
2578	1	
2579	5	
2580	3	
2581	3	
2582	4	
2583	6	
2584	6	
2585	1	
2586	2	
2587	8	
2588	1	
2589	6	
2590	2	
2591	2	
2592	1	
2593	10	
2594	8	
2595	7	
2596	7	
2597	3	
2598	8	
2599	3	
2600	5	
2601	9	
2602	3	
2603	4	
2604	6	
2605	9	
2606	6	
2607	3	
2608	6	
2609	1	
2610	4	
2611	10	
2612	1	
2613	5	
2614	6	
2615	1	
2616	3	
2617	5	
2618	1	
2619	4	
2620	1	
2621	3	
2622	1	
2623	8	
2624	4	
2625	3	
2626	7	
2627	2	
2628	4	
2629	9	
2630	6	
2631	7	
2632	9	
2633	3	
2634	4	
2635	7	
2636	9	
2637	6	
2638	6	
2639	8	
2640	5	
2641	4	
2642	1	
2643	2	
2644	6	
2645	4	
2646	1	
2647	8	
2648	5	
2649	4	
2650	5	
2651	9	
2652	10	
2653	3	
2654	8	
2655	7	
2656	3	
2657	10	
2658	7	
2659	5	
2660	4	
2661	4	
2662	5	
2663	1	
2664	8	
2665	10	
2666	9	
2667	7	
2668	7	
2669	8	
2670	2	
2671	10	
2672	5	
2673	7	
2674	7	
2675	7	
2676	9	
2677	1	
2678	5	
2679	5	
2680	2	
2681	8	
2682	3	
2683	2	
2684	10	
2685	5	
2686	7	
2687	6	
2688	3	
2689	9	
2690	8	
2691	1	
2692	3	
2693	10	
2694	1	
2695	4	
2696	10	
2697	2	
2698	2	
2699	3	
2700	1	
2701	1	
2702	10	
2703	9	
2704	1	
2705	5	
2706	10	
2707	2	
2708	8	
2709	5	
2710	10	
2711	9	
2712	3	
2713	10	
2714	10	
2715	4	
2716	5	
2717	8	
2718	3	
2719	4	
2720	5	
2721	4	
2722	9	
2723	1	
2724	5	
2725	10	
2726	9	
2727	6	
2728	10	
2729	5	
2730	6	
2731	2	
2732	10	
2733	6	
2734	5	
2735	8	
2736	1	
2737	2	
2738	8	
2739	4	
2740	8	
2741	9	
2742	8	
2743	4	
2744	7	
2745	9	
2746	5	
2747	10	
2748	10	
2749	10	
2750	3	
2751	9	
2752	6	
2753	9	
2754	1	
2755	8	
2756	9	
2757	9	
2758	10	
2759	4	
2760	7	
2761	10	
2762	4	
2763	6	
2764	7	
2765	4	
2766	10	
2767	6	
2768	2	
2769	9	
2770	5	
2771	4	
2772	8	
2773	4	
2774	9	
2775	8	
2776	4	
2777	6	
2778	10	
2779	5	
2780	3	
2781	2	
2782	7	
2783	2	
2784	5	
2785	8	
2786	2	
2787	10	
2788	3	
2789	8	
2790	1	
2791	10	
2792	8	
2793	8	
2794	1	
2795	2	
2796	2	
2797	3	
2798	2	
2799	2	
2800	1	
2801	5	
2802	7	
2803	3	
2804	8	
2805	8	
2806	4	
2807	8	
2808	7	
2809	6	
2810	2	
2811	7	
2812	10	
2813	3	
2814	6	
2815	10	
2816	10	
2817	3	
2818	7	
2819	2	
2820	10	
2821	2	
2822	4	
2823	4	
2824	3	
2825	10	
2826	10	
2827	3	
2828	8	
2829	4	
2830	10	
2831	9	
2832	6	
2833	10	
2834	10	
2835	1	
2836	3	
2837	3	
2838	4	
2839	3	
2840	1	
2841	9	
2842	8	
2843	3	
2844	10	
2845	9	
2846	7	
2847	6	
2848	6	
2849	8	
2850	1	
2851	9	
2852	1	
2853	7	
2854	6	
2855	8	
2856	1	
2857	7	
2858	9	
2859	3	
2860	4	
2861	8	
2862	4	
2863	7	
2864	2	
2865	7	
2866	9	
2867	9	
2868	4	
2869	10	
2870	9	
2871	8	
2872	7	
2873	4	
2874	10	
2875	6	
2876	6	
2877	5	
2878	6	
2879	7	
2880	6	
2881	3	
2882	3	
2883	9	
2884	6	
2885	4	
2886	6	
2887	9	
2888	5	
2889	5	
2890	4	
2891	1	
2892	5	
2893	8	
2894	3	
2895	3	
2896	5	
2897	10	
2898	6	
2899	2	
2900	6	
2901	7	
2902	8	
2903	4	
2904	3	
2905	4	
2906	5	
2907	6	
2908	5	
2909	8	
2910	6	
2911	9	
2912	6	
2913	1	
2914	9	
2915	7	
2916	6	
2917	6	
2918	2	
2919	4	
2920	2	
2921	3	
2922	10	
2923	8	
2924	8	
2925	7	
2926	2	
2927	2	
2928	5	
2929	9	
2930	6	
2931	4	
2932	8	
2933	3	
2934	10	
2935	6	
2936	10	
2937	3	
2938	6	
2939	2	
2940	2	
2941	9	
2942	9	
2943	1	
2944	7	
2945	4	
2946	10	
2947	6	
2948	10	
2949	5	
2950	3	
2951	4	
2952	5	
2953	10	
2954	3	
2955	10	
2956	5	
2957	9	
2958	5	
2959	4	
2960	2	
2961	2	
2962	8	
2963	6	
2964	6	
2965	4	
2966	4	
2967	6	
2968	1	
2969	8	
2970	10	
2971	1	
2972	4	
2973	1	
2974	5	
2975	10	
2976	10	
2977	9	
2978	5	
2979	1	
2980	6	
2981	2	
2982	6	
2983	8	
2984	6	
2985	8	
2986	6	
2987	4	
2988	4	
2989	3	
2990	5	
2991	8	
2992	6	
2993	4	
2994	4	
2995	4	
2996	1	
2997	8	
2998	6	
2999	4	
3000	6	
3001	10	
3002	4	
3003	6	
3004	1	
3005	8	
3006	10	
3007	3	
3008	8	
3009	3	
3010	5	
3011	7	
3012	3	
3013	8	
3014	8	
3015	1	
3016	2	
3017	4	
3018	7	
3019	6	
3020	4	
3021	2	
3022	3	
3023	3	
3024	1	
3025	6	
3026	1	
3027	4	
3028	8	
3029	2	
3030	9	
3031	2	
3032	4	
3033	4	
3034	2	
3035	8	
3036	9	
3037	3	
3038	6	
3039	7	
3040	8	
3041	8	
3042	3	
3043	4	
3044	9	
3045	8	
3046	4	
3047	1	
3048	8	
3049	2	
3050	4	
3051	10	
3052	9	
3053	2	
3054	2	
3055	4	
3056	2	
3057	7	
3058	4	
3059	8	
3060	1	
3061	3	
3062	6	
3063	1	
3064	7	
3065	2	
3066	7	
3067	3	
3068	2	
3069	7	
3070	7	
3071	8	
3072	2	
3073	5	
3074	1	
3075	7	
3076	10	
3077	5	
3078	4	
3079	2	
3080	8	
3081	6	
3082	6	
3083	10	
3084	9	
3085	6	
3086	5	
3087	8	
3088	4	
3089	8	
3090	5	
3091	3	
3092	1	
3093	6	
3094	8	
3095	5	
3096	1	
3097	5	
3098	10	
3099	10	
3100	5	
3101	10	
3102	5	
3103	1	
3104	7	
3105	7	
3106	10	
3107	5	
3108	6	
3109	1	
3110	3	
3111	1	
3112	1	
3113	6	
3114	8	
3115	8	
3116	3	
3117	5	
3118	10	
3119	1	
3120	7	
3121	7	
3122	5	
3123	6	
3124	3	
3125	10	
3126	2	
3127	5	
3128	10	
3129	2	
3130	9	
3131	6	
3132	10	
3133	5	
3134	6	
3135	7	
3136	6	
3137	5	
3138	5	
3139	8	
3140	9	
3141	7	
3142	2	
3143	6	
3144	6	
3145	2	
3146	9	
3147	8	
3148	6	
3149	1	
3150	8	
3151	6	
3152	8	
3153	5	
3154	1	
3155	8	
3156	10	
3157	7	
3158	2	
3159	6	
3160	8	
3161	9	
3162	9	
3163	9	
3164	8	
3165	6	
3166	5	
3167	2	
3168	8	
3169	2	
3170	4	
3171	1	
3172	9	
3173	6	
3174	8	
3175	3	
3176	8	
3177	6	
3178	2	
3179	1	
3180	10	
3181	5	
3182	8	
3183	6	
3184	4	
3185	9	
3186	6	
3187	6	
3188	7	
3189	4	
3190	9	
3191	2	
3192	1	
3193	8	
3194	1	
3195	2	
3196	6	
3197	7	
3198	2	
3199	9	
3200	7	
3201	2	
3202	4	
3203	9	
3204	2	
3205	10	
3206	3	
3207	8	
3208	4	
3209	4	
3210	1	
3211	6	
3212	4	
3213	5	
3214	6	
3215	9	
3216	2	
3217	5	
3218	3	
3219	9	
3220	4	
3221	8	
3222	2	
3223	4	
3224	5	
3225	4	
3226	4	
3227	2	
3228	10	
3229	10	
3230	6	
3231	9	
3232	6	
3233	1	
3234	10	
3235	1	
3236	10	
3237	4	
3238	6	
3239	5	
3240	8	
3241	4	
3242	7	
3243	7	
3244	7	
3245	5	
3246	7	
3247	2	
3248	8	
3249	3	
3250	4	
3251	3	
3252	10	
3253	2	
3254	1	
3255	7	
3256	10	
3257	7	
3258	9	
3259	4	
3260	1	
3261	8	
3262	6	
3263	2	
3264	4	
3265	8	
3266	7	
3267	7	
3268	4	
3269	1	
3270	10	
3271	7	
3272	3	
3273	1	
3274	1	
3275	5	
3276	10	
3277	5	
3278	4	
3279	2	
3280	7	
3281	7	
3282	10	
3283	10	
3284	10	
3285	3	
3286	7	
3287	2	
3288	9	
3289	3	
3290	10	
3291	7	
3292	4	
3293	4	
3294	8	
3295	5	
3296	3	
3297	7	
3298	10	
3299	2	
3300	6	
3301	8	
3302	9	
3303	8	
3304	10	
3305	5	
3306	4	
3307	1	
3308	3	
3309	3	
3310	10	
3311	4	
3312	2	
3313	9	
3314	2	
3315	1	
3316	6	
3317	5	
3318	7	
3319	6	
3320	2	
3321	9	
3322	6	
3323	9	
3324	4	
3325	7	
3326	3	
3327	5	
3328	5	
3329	7	
3330	3	
3331	1	
3332	1	
3333	8	
3334	4	
3335	3	
3336	5	
3337	9	
3338	3	
3339	2	
3340	5	
3341	8	
3342	8	
3343	9	
3344	4	
3345	3	
3346	3	
3347	10	
3348	1	
3349	6	
3350	10	
3351	3	
3352	2	
3353	7	
3354	4	
3355	1	
3356	8	
3357	10	
3358	4	
3359	5	
3360	10	
3361	8	
3362	7	
3363	8	
3364	6	
3365	5	
3366	4	
3367	6	
3368	5	
3369	4	
3370	6	
3371	2	
3372	1	
3373	4	
3374	10	
3375	9	
3376	6	
3377	10	
3378	5	
3379	6	
3380	6	
3381	3	
3382	10	
3383	7	
3384	2	
3385	9	
3386	1	
3387	8	
3388	2	
3389	4	
3390	5	
3391	6	
3392	8	
3393	6	
3394	9	
3395	3	
3396	9	
3397	2	
3398	4	
3399	10	
3400	9	
3401	4	
3402	10	
3403	2	
3404	5	
3405	9	
3406	3	
3407	4	
3408	8	
3409	8	
3410	7	
3411	3	
3412	2	
3413	8	
3414	4	
3415	8	
3416	2	
3417	9	
3418	3	
3419	4	
3420	3	
3421	9	
3422	5	
3423	10	
3424	1	
3425	6	
3426	1	
3427	3	
3428	1	
3429	10	
3430	5	
3431	3	
3432	2	
3433	8	
3434	8	
3435	7	
3436	4	
3437	6	
3438	8	
3439	4	
3440	7	
3441	7	
3442	6	
3443	1	
3444	8	
3445	10	
3446	1	
3447	3	
3448	9	
3449	9	
3450	5	
3451	4	
3452	2	
3453	3	
3454	10	
3455	6	
3456	4	
3457	5	
3458	10	
3459	4	
3460	7	
3461	9	
3462	6	
3463	9	
3464	7	
3465	7	
3466	4	
3467	10	
3468	7	
3469	8	
3470	9	
3471	6	
3472	6	
3473	8	
3474	4	
3475	7	
3476	6	
3477	3	
3478	9	
3479	4	
3480	10	
3481	8	
3482	6	
3483	9	
3484	3	
3485	7	
3486	4	
3487	3	
3488	7	
3489	4	
3490	3	
3491	6	
3492	4	
3493	4	
3494	3	
3495	2	
3496	10	
3497	1	
3498	1	
3499	3	
3500	5	
3501	8	
3502	9	
3503	6	
3504	1	
3505	3	
3506	5	
3507	8	
3508	1	
3509	9	
3510	2	
3511	10	
3512	1	
3513	2	
3514	10	
3515	4	
3516	3	
3517	3	
3518	5	
3519	2	
3520	6	
3521	2	
3522	1	
3523	6	
3524	2	
3525	4	
3526	4	
3527	7	
3528	2	
3529	3	
3530	2	
3531	7	
3532	1	
3533	5	
3534	1	
3535	1	
3536	5	
3537	6	
3538	5	
3539	7	
3540	8	
3541	5	
3542	1	
3543	7	
3544	9	
3545	3	
3546	6	
3547	10	
3548	3	
3549	7	
3550	9	
3551	4	
3552	10	
3553	3	
3554	3	
3555	2	
3556	8	
3557	8	
3558	2	
3559	3	
3560	6	
3561	8	
3562	7	
3563	5	
3564	7	
3565	4	
3566	6	
3567	8	
3568	1	
3569	3	
3570	8	
3571	7	
3572	9	
3573	6	
3574	2	
3575	10	
3576	3	
3577	6	
3578	7	
3579	9	
3580	6	
3581	4	
3582	2	
3583	1	
3584	1	
3585	6	
3586	5	
3587	6	
3588	9	
3589	1	
3590	9	
3591	9	
3592	2	
3593	3	
3594	9	
3595	3	
3596	6	
3597	7	
3598	1	
3599	5	
3600	9	
3601	10	
3602	4	
3603	4	
3604	7	
3605	3	
3606	1	
3607	1	
3608	6	
3609	7	
3610	10	
3611	8	
3612	1	
3613	9	
3614	8	
3615	7	
3616	7	
3617	4	
3618	2	
3619	4	
3620	1	
3621	9	
3622	5	
3623	10	
3624	5	
3625	9	
3626	4	
3627	7	
3628	1	
3629	8	
3630	10	
3631	9	
3632	6	
3633	2	
3634	2	
3635	5	
3636	5	
3637	3	
3638	1	
3639	8	
3640	9	
3641	2	
3642	2	
3643	6	
3644	10	
3645	6	
3646	1	
3647	1	
3648	2	
3649	6	
3650	1	
3651	6	
3652	4	
3653	3	
3654	4	
3655	10	
3656	6	
3657	4	
3658	6	
3659	10	
3660	9	
3661	1	
3662	8	
3663	1	
3664	4	
3665	5	
3666	2	
3667	3	
3668	4	
3669	2	
3670	7	
3671	9	
3672	6	
3673	5	
3674	1	
3675	9	
3676	5	
3677	4	
3678	2	
3679	5	
3680	10	
3681	3	
3682	10	
3683	5	
3684	10	
3685	6	
3686	2	
3687	10	
3688	4	
3689	3	
3690	1	
3691	6	
3692	2	
3693	7	
3694	4	
3695	10	
3696	3	
3697	10	
3698	3	
3699	2	
3700	9	
3701	7	
3702	6	
3703	4	
3704	4	
3705	8	
3706	6	
3707	10	
3708	10	
3709	10	
3710	1	
3711	2	
3712	8	
3713	1	
3714	2	
3715	1	
3716	10	
3717	8	
3718	4	
3719	3	
3720	6	
3721	7	
3722	3	
3723	5	
3724	5	
3725	2	
3726	8	
3727	7	
3728	9	
3729	5	
3730	10	
3731	5	
3732	2	
3733	9	
3734	1	
3735	9	
3736	10	
3737	1	
3738	2	
3739	2	
3740	2	
3741	9	
3742	7	
3743	8	
3744	8	
3745	1	
3746	6	
3747	8	
3748	5	
3749	4	
3750	8	
3751	7	
3752	10	
3753	3	
3754	4	
3755	10	
3756	1	
3757	1	
3758	3	
3759	2	
3760	2	
3761	1	
3762	3	
3763	2	
3764	8	
3765	3	
3766	5	
3767	1	
3768	7	
3769	7	
3770	7	
3771	2	
3772	7	
3773	9	
3774	7	
3775	5	
3776	1	
3777	10	
3778	7	
3779	7	
3780	5	
3781	1	
3782	1	
3783	3	
3784	3	
3785	6	
3786	1	
3787	10	
3788	4	
3789	7	
3790	6	
3791	10	
3792	10	
3793	2	
3794	7	
3795	7	
3796	8	
3797	10	
3798	4	
3799	3	
3800	10	
3801	1	
3802	3	
3803	9	
3804	2	
3805	1	
3806	9	
3807	8	
3808	6	
3809	10	
3810	7	
3811	1	
3812	5	
3813	4	
3814	6	
3815	8	
3816	4	
3817	10	
3818	5	
3819	6	
3820	10	
3821	4	
3822	10	
3823	1	
3824	10	
3825	10	
3826	9	
3827	8	
3828	8	
3829	10	
3830	8	
3831	5	
3832	1	
3833	7	
3834	2	
3835	7	
3836	9	
3837	6	
3838	8	
3839	8	
3840	7	
3841	4	
3842	1	
3843	5	
3844	4	
3845	10	
3846	1	
3847	9	
3848	9	
3849	1	
3850	10	
3851	1	
3852	9	
3853	3	
3854	8	
3855	2	
3856	1	
3857	9	
3858	3	
3859	2	
3860	7	
3861	3	
3862	1	
3863	4	
3864	4	
3865	4	
3866	4	
3867	3	
3868	3	
3869	2	
3870	1	
3871	2	
3872	1	
3873	7	
3874	2	
3875	4	
3876	5	
3877	7	
3878	1	
3879	9	
3880	3	
3881	2	
3882	5	
3883	7	
3884	1	
3885	9	
3886	10	
3887	7	
3888	1	
3889	6	
3890	10	
3891	8	
3892	4	
3893	8	
3894	10	
3895	1	
3896	4	
3897	9	
3898	7	
3899	4	
3900	4	
3901	6	
3902	6	
3903	5	
3904	5	
3905	8	
3906	6	
3907	3	
3908	2	
3909	6	
3910	9	
3911	4	
3912	1	
3913	9	
3914	9	
3915	3	
3916	10	
3917	9	
3918	2	
3919	6	
3920	3	
3921	10	
3922	5	
3923	9	
3924	10	
3925	3	
3926	1	
3927	3	
3928	7	
3929	3	
3930	6	
3931	5	
3932	2	
3933	1	
3934	8	
3935	5	
3936	9	
3937	3	
3938	5	
3939	8	
3940	8	
3941	6	
3942	3	
3943	5	
3944	6	
3945	8	
3946	9	
3947	2	
3948	3	
3949	2	
3950	2	
3951	5	
3952	4	
3953	4	
3954	1	
3955	2	
3956	2	
3957	5	
3958	3	
3959	8	
3960	4	
3961	7	
3962	1	
3963	8	
3964	7	
3965	4	
3966	8	
3967	1	
3968	8	
3969	7	
3970	10	
3971	7	
3972	10	
3973	9	
3974	8	
3975	1	
3976	9	
3977	4	
3978	3	
3979	5	
3980	2	
3981	4	
3982	7	
3983	6	
3984	1	
3985	5	
3986	1	
3987	6	
3988	10	
3989	8	
3990	1	
3991	7	
3992	5	
3993	7	
3994	6	
3995	2	
3996	3	
3997	4	
3998	5	
3999	10	
4000	1	
4001	7	
4002	7	
4003	2	
4004	9	
4005	8	
4006	7	
4007	10	
4008	6	
4009	2	
4010	10	
4011	5	
4012	8	
4013	10	
4014	3	
4015	8	
4016	10	
4017	7	
4018	5	
4019	5	
4020	5	
4021	4	
4022	7	
4023	9	
4024	10	
4025	10	
4026	4	
4027	4	
4028	7	
4029	3	
4030	4	
4031	5	
4032	1	
4033	9	
4034	8	
4035	6	
4036	10	
4037	4	
4038	9	
4039	5	
4040	2	
4041	2	
4042	7	
4043	2	
4044	10	
4045	9	
4046	3	
4047	7	
4048	4	
4049	3	
4050	6	
4051	3	
4052	10	
4053	4	
4054	4	
4055	1	
4056	4	
4057	5	
4058	5	
4059	6	
4060	9	
4061	6	
4062	3	
4063	6	
4064	5	
4065	1	
4066	6	
4067	5	
4068	1	
4069	4	
4070	3	
4071	4	
4072	6	
4073	7	
4074	9	
4075	1	
4076	10	
4077	9	
4078	6	
4079	7	
4080	6	
4081	2	
4082	7	
4083	1	
4084	6	
4085	1	
4086	5	
4087	10	
4088	2	
4089	10	
4090	5	
4091	5	
4092	1	
4093	10	
4094	5	
4095	2	
4096	5	
4097	8	
4098	3	
4099	6	
4100	10	
4101	1	
4102	3	
4103	7	
4104	2	
4105	6	
4106	7	
4107	3	
4108	9	
4109	9	
4110	6	
4111	7	
4112	9	
4113	2	
4114	5	
4115	9	
4116	9	
4117	2	
4118	7	
4119	10	
4120	7	
4121	4	
4122	10	
4123	4	
4124	6	
4125	8	
4126	9	
4127	10	
4128	10	
4129	6	
4130	1	
4131	2	
4132	4	
4133	1	
4134	8	
4135	8	
4136	3	
4137	4	
4138	9	
4139	8	
4140	6	
4141	10	
4142	4	
4143	1	
4144	10	
4145	10	
4146	10	
4147	5	
4148	8	
4149	10	
4150	7	
4151	4	
4152	6	
4153	8	
4154	6	
4155	6	
4156	5	
4157	2	
4158	6	
4159	8	
4160	3	
4161	9	
4162	6	
4163	7	
4164	7	
4165	3	
4166	9	
4167	6	
4168	10	
4169	5	
4170	7	
4171	3	
4172	5	
4173	9	
4174	9	
4175	9	
4176	1	
4177	7	
4178	1	
4179	2	
4180	4	
4181	9	
4182	9	
4183	1	
4184	1	
4185	9	
4186	10	
4187	6	
4188	5	
4189	9	
4190	3	
4191	10	
4192	8	
4193	10	
4194	8	
4195	6	
4196	2	
4197	2	
4198	6	
4199	8	
4200	10	
4201	8	
4202	2	
4203	7	
4204	3	
4205	6	
4206	2	
4207	3	
4208	9	
4209	10	
4210	1	
4211	5	
4212	3	
4213	8	
4214	10	
4215	1	
4216	7	
4217	1	
4218	8	
4219	8	
4220	5	
4221	4	
4222	8	
4223	6	
4224	6	
4225	2	
4226	4	
4227	4	
4228	9	
4229	6	
4230	8	
4231	9	
4232	7	
4233	2	
4234	4	
4235	10	
4236	1	
4237	6	
4238	4	
4239	7	
4240	9	
4241	10	
4242	8	
4243	10	
4244	4	
4245	4	
4246	7	
4247	7	
4248	3	
4249	1	
4250	10	
4251	3	
4252	10	
4253	7	
4254	2	
4255	5	
4256	6	
4257	4	
4258	4	
4259	8	
4260	10	
4261	4	
4262	4	
4263	6	
4264	10	
4265	9	
4266	10	
4267	9	
4268	4	
4269	6	
4270	1	
4271	2	
4272	1	
4273	9	
4274	10	
4275	2	
4276	10	
4277	10	
4278	4	
4279	10	
4280	2	
4281	8	
4282	7	
4283	10	
4284	6	
4285	3	
4286	10	
4287	6	
4288	7	
4289	7	
4290	6	
4291	1	
4292	6	
4293	9	
4294	7	
4295	8	
4296	6	
4297	6	
4298	4	
4299	9	
4300	5	
4301	2	
4302	10	
4303	6	
4304	4	
4305	8	
4306	9	
4307	6	
4308	8	
4309	3	
4310	6	
4311	4	
4312	4	
4313	9	
4314	3	
4315	3	
4316	3	
4317	5	
4318	8	
4319	5	
4320	6	
4321	9	
4322	1	
4323	5	
4324	8	
4325	8	
4326	6	
4327	5	
4328	4	
4329	3	
4330	4	
4331	9	
4332	8	
4333	2	
4334	2	
4335	3	
4336	7	
4337	4	
4338	2	
4339	5	
4340	3	
4341	1	
4342	6	
4343	4	
4344	2	
4345	1	
4346	2	
4347	1	
4348	9	
4349	6	
4350	7	
4351	9	
4352	5	
4353	7	
4354	4	
4355	3	
4356	1	
4357	2	
4358	7	
4359	3	
4360	5	
4361	8	
4362	1	
4363	8	
4364	4	
4365	1	
4366	9	
4367	8	
4368	8	
4369	5	
4370	8	
4371	9	
4372	5	
4373	4	
4374	2	
4375	8	
4376	5	
4377	8	
4378	4	
4379	7	
4380	1	
4381	5	
4382	8	
4383	9	
4384	1	
4385	2	
4386	2	
4387	4	
4388	2	
4389	5	
4390	9	
4391	5	
4392	3	
4393	5	
4394	8	
4395	9	
4396	10	
4397	1	
4398	4	
4399	5	
4400	6	
4401	8	
4402	1	
4403	9	
4404	3	
4405	5	
4406	1	
4407	2	
4408	5	
4409	5	
4410	1	
4411	6	
4412	5	
4413	5	
4414	3	
4415	10	
4416	7	
4417	5	
4418	4	
4419	2	
4420	5	
4421	4	
4422	9	
4423	5	
4424	1	
4425	7	
4426	4	
4427	2	
4428	6	
4429	4	
4430	6	
4431	10	
4432	3	
4433	2	
4434	8	
4435	6	
4436	6	
4437	4	
4438	1	
4439	6	
4440	2	
4441	7	
4442	8	
4443	1	
4444	6	
4445	2	
4446	9	
4447	10	
4448	7	
4449	1	
4450	9	
4451	10	
4452	9	
4453	10	
4454	8	
4455	9	
4456	9	
4457	7	
4458	8	
4459	1	
4460	3	
4461	5	
4462	6	
4463	3	
4464	3	
4465	10	
4466	4	
4467	6	
4468	4	
4469	2	
4470	4	
4471	4	
4472	4	
4473	4	
4474	7	
4475	6	
4476	3	
4477	4	
4478	9	
4479	6	
4480	4	
4481	2	
4482	1	
4483	1	
4484	1	
4485	3	
4486	2	
4487	1	
4488	6	
4489	8	
4490	2	
4491	2	
4492	9	
4493	7	
4494	3	
4495	2	
4496	4	
4497	5	
4498	10	
4499	6	
4500	8	
4501	5	
4502	10	
4503	6	
4504	4	
4505	9	
4506	3	
4507	4	
4508	10	
4509	10	
4510	2	
4511	7	
4512	9	
4513	3	
4514	9	
4515	8	
4516	2	
4517	10	
4518	2	
4519	9	
4520	2	
4521	9	
4522	7	
4523	4	
4524	8	
4525	1	
4526	5	
4527	2	
4528	4	
4529	9	
4530	4	
4531	1	
4532	3	
4533	7	
4534	7	
4535	1	
4536	7	
4537	7	
4538	6	
4539	8	
4540	2	
4541	10	
4542	7	
4543	10	
4544	3	
4545	5	
4546	4	
4547	6	
4548	1	
4549	6	
4550	9	
4551	6	
4552	1	
4553	5	
4554	2	
4555	9	
4556	2	
4557	8	
4558	3	
4559	3	
4560	9	
4561	5	
4562	5	
4563	4	
4564	4	
4565	9	
4566	9	
4567	6	
4568	9	
4569	7	
4570	5	
4571	2	
4572	4	
4573	4	
4574	6	
4575	1	
4576	3	
4577	10	
4578	8	
4579	9	
4580	4	
4581	8	
4582	1	
4583	2	
4584	5	
4585	4	
4586	6	
4587	4	
4588	4	
4589	1	
4590	6	
4591	3	
4592	2	
4593	8	
4594	2	
4595	2	
4596	2	
4597	2	
4598	3	
4599	9	
4600	7	
4601	6	
4602	8	
4603	6	
4604	7	
4605	7	
4606	4	
4607	1	
4608	7	
4609	7	
4610	10	
4611	8	
4612	7	
4613	5	
4614	10	
4615	6	
4616	2	
4617	1	
4618	8	
4619	10	
4620	3	
4621	10	
4622	10	
4623	7	
4624	4	
4625	6	
4626	5	
4627	1	
4628	5	
4629	1	
4630	10	
4631	7	
4632	8	
4633	10	
4634	7	
4635	2	
4636	4	
4637	4	
4638	6	
4639	9	
4640	4	
4641	3	
4642	3	
4643	4	
4644	7	
4645	3	
4646	4	
4647	4	
4648	9	
4649	3	
4650	6	
4651	7	
4652	10	
4653	6	
4654	8	
4655	9	
4656	3	
4657	8	
4658	3	
4659	2	
4660	2	
4661	3	
4662	10	
4663	9	
4664	7	
4665	2	
4666	10	
4667	10	
4668	7	
4669	9	
4670	3	
4671	7	
4672	9	
4673	10	
4674	10	
4675	3	
4676	4	
4677	7	
4678	7	
4679	1	
4680	10	
4681	2	
4682	9	
4683	2	
4684	8	
4685	6	
4686	7	
4687	5	
4688	10	
4689	3	
4690	9	
4691	8	
4692	10	
4693	4	
4694	6	
4695	6	
4696	2	
4697	7	
4698	6	
4699	6	
4700	9	
4701	7	
4702	6	
4703	5	
4704	3	
4705	9	
4706	5	
4707	6	
4708	9	
4709	4	
4710	1	
4711	5	
4712	9	
4713	5	
4714	4	
4715	10	
4716	6	
4717	10	
4718	10	
4719	3	
4720	10	
4721	10	
4722	2	
4723	10	
4724	3	
4725	3	
4726	9	
4727	4	
4728	10	
4729	9	
4730	4	
4731	5	
4732	7	
4733	5	
4734	5	
4735	9	
4736	6	
4737	4	
4738	7	
4739	6	
4740	10	
4741	8	
4742	9	
4743	10	
4744	1	
4745	5	
4746	5	
4747	5	
4748	2	
4749	7	
4750	4	
4751	7	
4752	2	
4753	4	
4754	9	
4755	7	
4756	4	
4757	9	
4758	8	
4759	8	
4760	10	
4761	7	
4762	9	
4763	7	
4764	7	
4765	10	
4766	9	
4767	7	
4768	9	
4769	7	
4770	5	
4771	10	
4772	3	
4773	10	
4774	1	
4775	4	
4776	6	
4777	2	
4778	3	
4779	2	
4780	6	
4781	10	
4782	5	
4783	2	
4784	6	
4785	7	
4786	4	
4787	5	
4788	8	
4789	9	
4790	1	
4791	1	
4792	2	
4793	8	
4794	6	
4795	10	
4796	6	
4797	4	
4798	7	
4799	3	
4800	5	
4801	4	
4802	8	
4803	8	
4804	1	
4805	5	
4806	2	
4807	2	
4808	6	
4809	3	
4810	1	
4811	9	
4812	7	
4813	4	
4814	6	
4815	10	
4816	7	
4817	10	
4818	10	
4819	6	
4820	8	
4821	4	
4822	9	
4823	10	
4824	7	
4825	3	
4826	1	
4827	5	
4828	3	
4829	6	
4830	5	
4831	10	
4832	2	
4833	9	
4834	5	
4835	3	
4836	5	
4837	10	
4838	7	
4839	9	
4840	1	
4841	5	
4842	7	
4843	10	
4844	3	
4845	9	
4846	9	
4847	5	
4848	6	
4849	8	
4850	2	
4851	9	
4852	9	
4853	6	
4854	5	
4855	2	
4856	5	
4857	3	
4858	1	
4859	6	
4860	1	
4861	7	
4862	10	
4863	8	
4864	8	
4865	2	
4866	4	
4867	2	
4868	2	
4869	8	
4870	4	
4871	6	
4872	1	
4873	5	
4874	10	
4875	1	
4876	6	
4877	6	
4878	1	
4879	2	
4880	10	
4881	2	
4882	3	
4883	6	
4884	9	
4885	9	
4886	6	
4887	1	
4888	6	
4889	6	
4890	3	
4891	1	
4892	10	
4893	7	
4894	1	
4895	4	
4896	7	
4897	6	
4898	10	
4899	1	
4900	9	
4901	7	
4902	4	
4903	2	
4904	1	
4905	10	
4906	4	
4907	8	
4908	9	
4909	4	
4910	4	
4911	5	
4912	10	
4913	2	
4914	4	
4915	5	
4916	9	
4917	10	
4918	1	
4919	8	
4920	6	
4921	3	
4922	5	
4923	8	
4924	9	
4925	1	
4926	8	
4927	7	
4928	7	
4929	4	
4930	6	
4931	4	
4932	6	
4933	8	
4934	4	
4935	5	
4936	3	
4937	4	
4938	7	
4939	5	
4940	3	
4941	6	
4942	8	
4943	4	
4944	10	
4945	5	
4946	7	
4947	5	
4948	8	
4949	9	
4950	6	
4951	10	
4952	2	
4953	5	
4954	2	
4955	9	
4956	1	
4957	4	
4958	8	
4959	3	
4960	2	
4961	8	
4962	6	
4963	6	
4964	2	
4965	10	
4966	10	
4967	10	
4968	5	
4969	4	
4970	7	
4971	3	
4972	4	
4973	1	
4974	9	
4975	3	
4976	7	
4977	8	
4978	2	
4979	1	
4980	8	
4981	3	
4982	10	
4983	1	
4984	9	
4985	10	
4986	1	
4987	3	
4988	10	
4989	5	
4990	6	
4991	3	
4992	1	
4993	3	
4994	1	
4995	5	
4996	4	
4997	3	
4998	7	
4999	2	
5000	2	
2207
