5000
1	83	
2	63	
3	9	
4	6	
5	67	
6	61	
7	76	
8	63	
9	60	
10	77	
11	67	
12	90	
13	7	
14	75	
15	84	
16	32	
17	88	
18	31	
19	40	
20	5	
21	24	
22	95	
23	15	
24	42	
25	20	
26	91	
27	29	
28	75	
29	97	
30	86	
31	93	
32	15	
33	63	
34	92	
35	95	
36	76	
37	91	
38	56	
39	79	
40	74	
41	6	
42	9	
43	1	
44	37	
45	50	
46	14	
47	29	
48	77	
49	10	
50	79	
51	22	
52	31	
53	76	
54	55	
55	100	
56	51	
57	80	
58	94	
59	59	
60	65	
61	56	
62	98	
63	59	
64	70	
65	67	
66	23	
67	96	
68	42	
69	35	
70	69	
71	65	
72	45	
73	17	
74	6	
75	55	
76	100	
77	94	
78	22	
79	92	
80	86	
81	1	
82	73	
83	26	
84	49	
85	69	
86	21	
87	71	
88	99	
89	73	
90	98	
91	32	
92	84	
93	16	
94	55	
95	11	
96	44	
97	52	
98	56	
99	51	
100	39	
101	80	
102	35	
103	73	
104	27	
105	52	
106	73	
107	14	
108	90	
109	62	
110	44	
111	70	
112	54	
113	52	
114	88	
115	100	
116	50	
117	62	
118	48	
119	100	
120	52	
121	35	
122	52	
123	7	
124	42	
125	4	
126	14	
127	19	
128	87	
129	90	
130	10	
131	17	
132	72	
133	90	
134	71	
135	36	
136	5	
137	48	
138	14	
139	65	
140	39	
141	78	
142	4	
143	98	
144	66	
145	20	
146	93	
147	65	
148	10	
149	68	
150	81	
151	48	
152	72	
153	57	
154	55	
155	33	
156	51	
157	5	
158	58	
159	21	
160	56	
161	60	
162	38	
163	73	
164	21	
165	56	
166	1	
167	2	
168	39	
169	81	
170	56	
171	62	
172	65	
173	72	
174	57	
175	14	
176	50	
177	25	
178	92	
179	1	
180	99	
181	54	
182	4	
183	11	
184	95	
185	36	
186	24	
187	21	
188	76	
189	39	
190	60	
191	37	
192	14	
193	99	
194	47	
195	92	
196	69	
197	31	
198	81	
199	70	
200	76	
201	74	
202	44	
203	54	
204	14	
205	30	
206	32	
207	35	
208	9	
209	6	
210	28	
211	3	
212	59	
213	42	
214	52	
215	89	
216	70	
217	11	
218	7	
219	84	
220	97	
221	53	
222	20	
223	60	
224	19	
225	67	
226	91	
227	66	
228	32	
229	54	
230	6	
231	92	
232	65	
233	84	
234	93	
235	48	
236	67	
237	72	
238	92	
239	4	
240	96	
241	88	
242	66	
243	80	
244	94	
245	13	
246	38	
247	25	
248	53	
249	27	
250	79	
251	42	
252	58	
253	32	
254	49	
255	86	
256	8	
257	7	
258	19	
259	42	
260	68	
261	50	
262	60	
263	82	
264	82	
265	34	
266	57	
267	41	
268	47	
269	48	
270	62	
271	31	
272	18	
273	63	
274	58	
275	40	
276	89	
277	50	
278	1	
279	88	
280	67	
281	52	
282	77	
283	30	
284	94	
285	3	
286	32	
287	98	
288	60	
289	64	
290	90	
291	41	
292	75	
293	39	
294	93	
295	42	
296	38	
297	77	
298	49	
299	65	
300	99	
301	15	
302	14	
303	69	
304	40	
305	90	
306	43	
307	62	
308	4	
309	11	
310	46	
311	33	
312	93	
313	69	
314	69	
315	81	
316	53	
317	32	
318	88	
319	61	
320	44	
321	93	
322	42	
323	59	
324	73	
325	100	
326	98	
327	1	
328	70	
329	1	
330	48	
331	95	
332	74	
333	72	
334	67	
335	81	
336	58	
337	90	
338	14	
339	7	
340	27	
341	44	
342	69	
343	25	
344	87	
345	19	
346	74	
347	55	
348	61	
349	100	
350	62	
351	27	
352	15	
353	19	
354	39	
355	7	
356	40	
357	10	
358	18	
359	62	
360	69	
361	61	
362	84	
363	68	
364	89	
365	21	
366	46	
367	40	
368	35	
369	30	
370	22	
371	71	
372	41	
373	43	
374	25	
375	7	
376	44	
377	62	
378	49	
379	95	
380	48	
381	74	
382	6	
383	63	
384	94	
385	70	
386	22	
387	94	
388	97	
389	89	
390	35	
391	10	
392	60	
393	26	
394	73	
395	15	
396	36	
397	51	
398	7	
399	29	
400	48	
401	91	
402	64	
403	5	
404	10	
405	29	
406	31	
407	5	
408	53	
409	45	
410	77	
411	98	
412	58	
413	56	
414	40	
415	82	
416	29	
417	90	
418	63	
419	91	
420	91	
421	4	
422	14	
423	48	
424	95	
425	23	
426	28	
427	9	
428	55	
429	93	
430	77	
431	54	
432	93	
433	73	
434	36	
435	62	
436	60	
437	85	
438	51	
439	77	
440	74	
441	45	
442	95	
443	75	
444	45	
445	34	
446	19	
447	88	
448	44	
449	78	
450	98	
451	40	
452	100	
453	96	
454	70	
455	21	
456	1	
457	10	
458	65	
459	66	
460	29	
461	80	
462	45	
463	68	
464	9	
465	87	
466	25	
467	81	
468	45	
469	65	
470	76	
471	35	
472	30	
473	57	
474	95	
475	3	
476	94	
477	6	
478	11	
479	84	
480	42	
481	62	
482	62	
483	82	
484	25	
485	4	
486	68	
487	25	
488	15	
489	48	
490	100	
491	74	
492	30	
493	20	
494	86	
495	18	
496	17	
497	42	
498	88	
499	59	
500	53	
501	2	
502	39	
503	20	
504	98	
505	58	
506	28	
507	22	
508	60	
509	94	
510	50	
511	51	
512	19	
513	59	
514	39	
515	12	
516	93	
517	25	
518	40	
519	16	
520	53	
521	100	
522	8	
523	11	
524	43	
525	80	
526	73	
527	98	
528	9	
529	14	
530	80	
531	68	
532	45	
533	83	
534	16	
535	56	
536	77	
537	80	
538	91	
539	43	
540	53	
541	10	
542	21	
543	20	
544	41	
545	29	
546	31	
547	12	
548	9	
549	7	
550	41	
551	25	
552	50	
553	28	
554	22	
555	8	
556	28	
557	37	
558	70	
559	5	
560	12	
561	94	
562	50	
563	87	
564	45	
565	49	
566	70	
567	42	
568	12	
569	94	
570	88	
571	35	
572	10	
573	87	
574	51	
575	28	
576	90	
577	56	
578	76	
579	86	
580	37	
581	73	
582	44	
583	16	
584	31	
585	56	
586	53	
587	39	
588	21	
589	38	
590	28	
591	78	
592	54	
593	43	
594	54	
595	61	
596	36	
597	36	
598	17	
599	79	
600	83	
601	57	
602	2	
603	53	
604	2	
605	73	
606	26	
607	23	
608	54	
609	83	
610	42	
611	79	
612	76	
613	64	
614	81	
615	15	
616	19	
617	62	
618	6	
619	5	
620	73	
621	28	
622	52	
623	78	
624	13	
625	60	
626	56	
627	49	
628	40	
629	91	
630	59	
631	3	
632	1	
633	69	
634	38	
635	95	
636	74	
637	76	
638	31	
639	32	
640	62	
641	15	
642	22	
643	75	
644	71	
645	72	
646	3	
647	84	
648	67	
649	3	
650	89	
651	6	
652	33	
653	27	
654	66	
655	100	
656	91	
657	74	
658	83	
659	57	
660	38	
661	7	
662	14	
663	69	
664	71	
665	45	
666	59	
667	14	
668	34	
669	91	
670	17	
671	4	
672	94	
673	31	
674	4	
675	46	
676	17	
677	56	
678	51	
679	87	
680	3	
681	78	
682	1	
683	89	
684	52	
685	90	
686	9	
687	30	
688	96	
689	69	
690	51	
691	62	
692	65	
693	51	
694	26	
695	14	
696	72	
697	10	
698	54	
699	93	
700	21	
701	82	
702	9	
703	98	
704	81	
705	8	
706	92	
707	19	
708	80	
709	9	
710	88	
711	37	
712	86	
713	41	
714	67	
715	59	
716	39	
717	58	
718	30	
719	77	
720	46	
721	8	
722	34	
723	79	
724	66	
725	25	
726	76	
727	73	
728	37	
729	31	
730	59	
731	34	
732	12	
733	66	
734	43	
735	95	
736	5	
737	6	
738	93	
739	6	
740	37	
741	38	
742	95	
743	38	
744	77	
745	77	
746	38	
747	43	
748	6	
749	87	
750	44	
751	12	
752	14	
753	92	
754	25	
755	46	
756	12	
757	22	
758	16	
759	7	
760	10	
761	86	
762	37	
763	14	
764	66	
765	23	
766	2	
767	19	
768	15	
769	76	
770	20	
771	5	
772	23	
773	24	
774	84	
775	49	
776	16	
777	49	
778	15	
779	78	
780	80	
781	36	
782	16	
783	17	
784	75	
785	97	
786	75	
787	67	
788	81	
789	61	
790	94	
791	4	
792	51	
793	84	
794	33	
795	88	
796	12	
797	13	
798	75	
799	69	
800	57	
801	15	
802	56	
803	34	
804	40	
805	7	
806	10	
807	56	
808	66	
809	98	
810	26	
811	100	
812	82	
813	10	
814	46	
815	13	
816	51	
817	10	
818	30	
819	92	
820	94	
821	72	
822	21	
823	24	
824	15	
825	48	
826	79	
827	73	
828	62	
829	51	
830	29	
831	71	
832	59	
833	46	
834	78	
835	17	
836	32	
837	30	
838	18	
839	64	
840	24	
841	4	
842	66	
843	52	
844	68	
845	76	
846	57	
847	67	
848	55	
849	100	
850	95	
851	7	
852	78	
853	47	
854	78	
855	77	
856	42	
857	63	
858	66	
859	88	
860	75	
861	58	
862	34	
863	30	
864	93	
865	54	
866	49	
867	52	
868	77	
869	2	
870	20	
871	43	
872	29	
873	22	
874	96	
875	63	
876	25	
877	31	
878	22	
879	4	
880	54	
881	66	
882	49	
883	60	
884	79	
885	56	
886	96	
887	98	
888	1	
889	40	
890	87	
891	99	
892	96	
893	13	
894	99	
895	4	
896	78	
897	87	
898	59	
899	56	
900	16	
901	11	
902	23	
903	41	
904	62	
905	73	
906	68	
907	64	
908	38	
909	51	
910	29	
911	40	
912	81	
913	45	
914	77	
915	16	
916	86	
917	72	
918	44	
919	93	
920	8	
921	33	
922	73	
923	31	
924	97	
925	65	
926	99	
927	93	
928	71	
929	64	
930	49	
931	20	
932	92	
933	16	
934	36	
935	62	
936	15	
937	37	
938	49	
939	100	
940	66	
941	20	
942	65	
943	58	
944	88	
945	77	
946	15	
947	55	
948	85	
949	18	
950	86	
951	39	
952	43	
953	71	
954	9	
955	55	
956	33	
957	70	
958	68	
959	73	
960	99	
961	10	
962	30	
963	78	
964	47	
965	82	
966	62	
967	89	
968	19	
969	33	
970	64	
971	75	
972	86	
973	56	
974	23	
975	91	
976	14	
977	37	
978	10	
979	68	
980	8	
981	56	
982	81	
983	12	
984	49	
985	62	
986	59	
987	17	
988	73	
989	27	
990	94	
991	19	
992	63	
993	37	
994	24	
995	75	
996	74	
997	100	
998	38	
999	7	
1000	99	
1001	86	
1002	97	
1003	24	
1004	82	
1005	86	
1006	62	
1007	94	
1008	80	
1009	86	
1010	87	
1011	12	
1012	91	
1013	59	
1014	86	
1015	11	
1016	19	
1017	49	
1018	46	
1019	90	
1020	64	
1021	89	
1022	11	
1023	16	
1024	59	
1025	92	
1026	64	
1027	74	
1028	56	
1029	99	
1030	96	
1031	39	
1032	63	
1033	23	
1034	7	
1035	52	
1036	73	
1037	16	
1038	27	
1039	64	
1040	21	
1041	11	
1042	26	
1043	39	
1044	21	
1045	38	
1046	16	
1047	48	
1048	16	
1049	84	
1050	51	
1051	93	
1052	47	
1053	28	
1054	44	
1055	95	
1056	98	
1057	76	
1058	5	
1059	48	
1060	38	
1061	31	
1062	87	
1063	94	
1064	86	
1065	29	
1066	62	
1067	71	
1068	28	
1069	3	
1070	38	
1071	49	
1072	62	
1073	74	
1074	14	
1075	76	
1076	11	
1077	30	
1078	72	
1079	17	
1080	53	
1081	61	
1082	73	
1083	59	
1084	98	
1085	15	
1086	96	
1087	37	
1088	1	
1089	16	
1090	4	
1091	57	
1092	84	
1093	15	
1094	8	
1095	36	
1096	29	
1097	56	
1098	80	
1099	8	
1100	14	
1101	91	
1102	34	
1103	68	
1104	75	
1105	100	
1106	48	
1107	76	
1108	20	
1109	51	
1110	90	
1111	96	
1112	14	
1113	10	
1114	58	
1115	79	
1116	8	
1117	59	
1118	5	
1119	22	
1120	56	
1121	54	
1122	5	
1123	64	
1124	81	
1125	56	
1126	50	
1127	92	
1128	47	
1129	7	
1130	71	
1131	84	
1132	40	
1133	7	
1134	48	
1135	18	
1136	71	
1137	20	
1138	7	
1139	83	
1140	5	
1141	56	
1142	69	
1143	37	
1144	70	
1145	15	
1146	67	
1147	6	
1148	10	
1149	67	
1150	56	
1151	53	
1152	22	
1153	91	
1154	39	
1155	90	
1156	22	
1157	42	
1158	14	
1159	63	
1160	78	
1161	23	
1162	19	
1163	83	
1164	26	
1165	83	
1166	68	
1167	59	
1168	47	
1169	80	
1170	80	
1171	92	
1172	62	
1173	70	
1174	22	
1175	62	
1176	34	
1177	77	
1178	47	
1179	8	
1180	80	
1181	60	
1182	76	
1183	91	
1184	20	
1185	66	
1186	39	
1187	10	
1188	74	
1189	56	
1190	20	
1191	1	
1192	27	
1193	87	
1194	2	
1195	4	
1196	76	
1197	9	
1198	73	
1199	86	
1200	91	
1201	53	
1202	63	
1203	100	
1204	66	
1205	76	
1206	17	
1207	56	
1208	33	
1209	8	
1210	68	
1211	5	
1212	85	
1213	54	
1214	54	
1215	3	
1216	61	
1217	57	
1218	68	
1219	73	
1220	6	
1221	99	
1222	48	
1223	89	
1224	81	
1225	48	
1226	82	
1227	19	
1228	21	
1229	47	
1230	48	
1231	16	
1232	54	
1233	34	
1234	15	
1235	90	
1236	18	
1237	72	
1238	93	
1239	50	
1240	57	
1241	68	
1242	15	
1243	100	
1244	66	
1245	96	
1246	74	
1247	18	
1248	10	
1249	44	
1250	51	
1251	31	
1252	62	
1253	10	
1254	81	
1255	44	
1256	73	
1257	34	
1258	67	
1259	90	
1260	65	
1261	97	
1262	24	
1263	12	
1264	41	
1265	64	
1266	81	
1267	3	
1268	70	
1269	71	
1270	91	
1271	42	
1272	39	
1273	80	
1274	55	
1275	33	
1276	11	
1277	79	
1278	55	
1279	100	
1280	47	
1281	88	
1282	80	
1283	75	
1284	70	
1285	78	
1286	67	
1287	81	
1288	18	
1289	57	
1290	70	
1291	3	
1292	54	
1293	97	
1294	70	
1295	43	
1296	100	
1297	62	
1298	64	
1299	51	
1300	53	
1301	44	
1302	94	
1303	97	
1304	94	
1305	4	
1306	1	
1307	98	
1308	55	
1309	50	
1310	58	
1311	33	
1312	91	
1313	61	
1314	22	
1315	2	
1316	49	
1317	39	
1318	36	
1319	89	
1320	46	
1321	8	
1322	87	
1323	62	
1324	50	
1325	52	
1326	18	
1327	53	
1328	86	
1329	13	
1330	33	
1331	9	
1332	68	
1333	53	
1334	27	
1335	42	
1336	68	
1337	70	
1338	12	
1339	61	
1340	30	
1341	99	
1342	50	
1343	60	
1344	99	
1345	7	
1346	58	
1347	64	
1348	31	
1349	52	
1350	86	
1351	8	
1352	74	
1353	75	
1354	45	
1355	45	
1356	69	
1357	65	
1358	19	
1359	33	
1360	79	
1361	85	
1362	20	
1363	62	
1364	90	
1365	46	
1366	70	
1367	98	
1368	41	
1369	68	
1370	17	
1371	6	
1372	2	
1373	91	
1374	41	
1375	53	
1376	11	
1377	89	
1378	52	
1379	16	
1380	49	
1381	30	
1382	73	
1383	41	
1384	10	
1385	23	
1386	49	
1387	77	
1388	32	
1389	98	
1390	98	
1391	60	
1392	21	
1393	38	
1394	41	
1395	13	
1396	84	
1397	85	
1398	38	
1399	1	
1400	23	
1401	74	
1402	4	
1403	82	
1404	81	
1405	33	
1406	20	
1407	25	
1408	66	
1409	88	
1410	19	
1411	91	
1412	39	
1413	81	
1414	30	
1415	57	
1416	89	
1417	36	
1418	55	
1419	61	
1420	87	
1421	60	
1422	87	
1423	58	
1424	62	
1425	7	
1426	79	
1427	56	
1428	42	
1429	59	
1430	24	
1431	98	
1432	64	
1433	53	
1434	13	
1435	17	
1436	35	
1437	27	
1438	66	
1439	72	
1440	41	
1441	59	
1442	24	
1443	16	
1444	41	
1445	28	
1446	33	
1447	20	
1448	19	
1449	66	
1450	38	
1451	71	
1452	73	
1453	10	
1454	53	
1455	2	
1456	18	
1457	52	
1458	30	
1459	16	
1460	11	
1461	87	
1462	40	
1463	2	
1464	80	
1465	9	
1466	47	
1467	95	
1468	89	
1469	13	
1470	9	
1471	10	
1472	75	
1473	15	
1474	66	
1475	24	
1476	78	
1477	16	
1478	29	
1479	25	
1480	90	
1481	48	
1482	47	
1483	8	
1484	15	
1485	69	
1486	1	
1487	53	
1488	47	
1489	15	
1490	12	
1491	40	
1492	12	
1493	51	
1494	93	
1495	16	
1496	96	
1497	22	
1498	42	
1499	43	
1500	47	
1501	57	
1502	21	
1503	42	
1504	85	
1505	12	
1506	70	
1507	31	
1508	43	
1509	56	
1510	39	
1511	96	
1512	80	
1513	35	
1514	97	
1515	27	
1516	77	
1517	33	
1518	38	
1519	46	
1520	74	
1521	74	
1522	22	
1523	10	
1524	97	
1525	36	
1526	8	
1527	1	
1528	36	
1529	63	
1530	16	
1531	85	
1532	25	
1533	53	
1534	100	
1535	73	
1536	23	
1537	97	
1538	76	
1539	32	
1540	47	
1541	61	
1542	63	
1543	99	
1544	49	
1545	86	
1546	94	
1547	61	
1548	74	
1549	73	
1550	89	
1551	46	
1552	2	
1553	45	
1554	35	
1555	22	
1556	37	
1557	29	
1558	69	
1559	85	
1560	39	
1561	65	
1562	43	
1563	55	
1564	90	
1565	93	
1566	71	
1567	50	
1568	12	
1569	19	
1570	59	
1571	52	
1572	27	
1573	67	
1574	4	
1575	20	
1576	30	
1577	18	
1578	7	
1579	74	
1580	99	
1581	74	
1582	94	
1583	57	
1584	57	
1585	61	
1586	85	
1587	14	
1588	57	
1589	83	
1590	67	
1591	3	
1592	42	
1593	55	
1594	83	
1595	15	
1596	31	
1597	46	
1598	73	
1599	6	
1600	29	
1601	61	
1602	4	
1603	15	
1604	23	
1605	33	
1606	99	
1607	92	
1608	27	
1609	19	
1610	15	
1611	57	
1612	12	
1613	51	
1614	48	
1615	98	
1616	16	
1617	38	
1618	81	
1619	64	
1620	40	
1621	2	
1622	18	
1623	80	
1624	53	
1625	58	
1626	45	
1627	9	
1628	67	
1629	56	
1630	16	
1631	65	
1632	61	
1633	24	
1634	95	
1635	20	
1636	58	
1637	100	
1638	64	
1639	6	
1640	44	
1641	84	
1642	4	
1643	7	
1644	36	
1645	21	
1646	20	
1647	54	
1648	94	
1649	36	
1650	66	
1651	100	
1652	51	
1653	61	
1654	44	
1655	100	
1656	63	
1657	97	
1658	77	
1659	98	
1660	35	
1661	34	
1662	41	
1663	66	
1664	22	
1665	76	
1666	63	
1667	36	
1668	41	
1669	16	
1670	54	
1671	67	
1672	8	
1673	2	
1674	90	
1675	11	
1676	32	
1677	88	
1678	22	
1679	73	
1680	84	
1681	94	
1682	65	
1683	35	
1684	62	
1685	33	
1686	51	
1687	6	
1688	1	
1689	26	
1690	59	
1691	86	
1692	82	
1693	89	
1694	63	
1695	2	
1696	77	
1697	16	
1698	1	
1699	6	
1700	79	
1701	48	
1702	38	
1703	18	
1704	71	
1705	52	
1706	94	
1707	31	
1708	67	
1709	47	
1710	93	
1711	70	
1712	26	
1713	80	
1714	62	
1715	33	
1716	44	
1717	81	
1718	47	
1719	3	
1720	63	
1721	50	
1722	10	
1723	37	
1724	34	
1725	1	
1726	3	
1727	56	
1728	89	
1729	49	
1730	40	
1731	59	
1732	97	
1733	65	
1734	19	
1735	80	
1736	11	
1737	88	
1738	36	
1739	68	
1740	54	
1741	35	
1742	62	
1743	78	
1744	63	
1745	84	
1746	64	
1747	69	
1748	70	
1749	55	
1750	46	
1751	75	
1752	48	
1753	88	
1754	70	
1755	18	
1756	92	
1757	65	
1758	53	
1759	22	
1760	64	
1761	27	
1762	85	
1763	95	
1764	23	
1765	2	
1766	2	
1767	49	
1768	94	
1769	95	
1770	84	
1771	81	
1772	57	
1773	68	
1774	88	
1775	16	
1776	96	
1777	52	
1778	76	
1779	45	
1780	40	
1781	56	
1782	89	
1783	69	
1784	56	
1785	74	
1786	85	
1787	49	
1788	91	
1789	94	
1790	80	
1791	61	
1792	70	
1793	41	
1794	20	
1795	26	
1796	92	
1797	24	
1798	79	
1799	9	
1800	20	
1801	44	
1802	73	
1803	20	
1804	99	
1805	13	
1806	4	
1807	53	
1808	60	
1809	56	
1810	26	
1811	42	
1812	97	
1813	19	
1814	59	
1815	37	
1816	5	
1817	29	
1818	89	
1819	72	
1820	33	
1821	40	
1822	25	
1823	52	
1824	73	
1825	44	
1826	16	
1827	22	
1828	1	
1829	67	
1830	65	
1831	55	
1832	6	
1833	93	
1834	88	
1835	17	
1836	45	
1837	99	
1838	94	
1839	69	
1840	48	
1841	93	
1842	57	
1843	78	
1844	34	
1845	46	
1846	50	
1847	45	
1848	49	
1849	96	
1850	30	
1851	13	
1852	91	
1853	22	
1854	23	
1855	77	
1856	11	
1857	68	
1858	6	
1859	42	
1860	82	
1861	26	
1862	77	
1863	83	
1864	92	
1865	46	
1866	96	
1867	97	
1868	86	
1869	21	
1870	89	
1871	87	
1872	80	
1873	91	
1874	45	
1875	41	
1876	34	
1877	9	
1878	59	
1879	27	
1880	25	
1881	44	
1882	93	
1883	88	
1884	36	
1885	17	
1886	88	
1887	80	
1888	8	
1889	64	
1890	34	
1891	48	
1892	42	
1893	70	
1894	79	
1895	39	
1896	18	
1897	45	
1898	62	
1899	100	
1900	96	
1901	68	
1902	90	
1903	60	
1904	75	
1905	77	
1906	56	
1907	11	
1908	2	
1909	22	
1910	49	
1911	39	
1912	88	
1913	17	
1914	70	
1915	38	
1916	17	
1917	68	
1918	45	
1919	95	
1920	93	
1921	8	
1922	87	
1923	61	
1924	62	
1925	3	
1926	94	
1927	73	
1928	43	
1929	48	
1930	50	
1931	2	
1932	84	
1933	52	
1934	81	
1935	72	
1936	70	
1937	64	
1938	36	
1939	67	
1940	82	
1941	50	
1942	41	
1943	31	
1944	43	
1945	62	
1946	21	
1947	55	
1948	58	
1949	48	
1950	97	
1951	23	
1952	14	
1953	58	
1954	26	
1955	1	
1956	98	
1957	64	
1958	19	
1959	29	
1960	51	
1961	83	
1962	15	
1963	74	
1964	37	
1965	64	
1966	17	
1967	2	
1968	57	
1969	84	
1970	50	
1971	42	
1972	5	
1973	72	
1974	67	
1975	64	
1976	1	
1977	12	
1978	29	
1979	2	
1980	62	
1981	97	
1982	82	
1983	35	
1984	91	
1985	24	
1986	54	
1987	63	
1988	69	
1989	46	
1990	13	
1991	16	
1992	96	
1993	27	
1994	38	
1995	33	
1996	45	
1997	85	
1998	83	
1999	11	
2000	19	
2001	52	
2002	97	
2003	51	
2004	44	
2005	10	
2006	90	
2007	77	
2008	79	
2009	86	
2010	74	
2011	53	
2012	34	
2013	50	
2014	12	
2015	25	
2016	67	
2017	18	
2018	1	
2019	47	
2020	80	
2021	36	
2022	41	
2023	70	
2024	32	
2025	20	
2026	30	
2027	58	
2028	60	
2029	55	
2030	42	
2031	70	
2032	9	
2033	37	
2034	18	
2035	23	
2036	27	
2037	9	
2038	19	
2039	12	
2040	97	
2041	93	
2042	70	
2043	37	
2044	17	
2045	12	
2046	13	
2047	82	
2048	14	
2049	50	
2050	80	
2051	43	
2052	78	
2053	7	
2054	39	
2055	54	
2056	31	
2057	61	
2058	4	
2059	26	
2060	12	
2061	61	
2062	67	
2063	72	
2064	99	
2065	39	
2066	36	
2067	50	
2068	21	
2069	60	
2070	61	
2071	66	
2072	82	
2073	13	
2074	2	
2075	69	
2076	24	
2077	55	
2078	79	
2079	77	
2080	30	
2081	29	
2082	50	
2083	89	
2084	60	
2085	75	
2086	22	
2087	46	
2088	39	
2089	11	
2090	44	
2091	13	
2092	23	
2093	88	
2094	78	
2095	41	
2096	32	
2097	81	
2098	100	
2099	95	
2100	19	
2101	32	
2102	69	
2103	38	
2104	7	
2105	21	
2106	5	
2107	6	
2108	67	
2109	62	
2110	90	
2111	59	
2112	5	
2113	62	
2114	37	
2115	85	
2116	46	
2117	15	
2118	75	
2119	15	
2120	73	
2121	62	
2122	1	
2123	86	
2124	57	
2125	28	
2126	38	
2127	12	
2128	4	
2129	24	
2130	38	
2131	71	
2132	4	
2133	37	
2134	99	
2135	57	
2136	68	
2137	42	
2138	13	
2139	51	
2140	53	
2141	66	
2142	43	
2143	60	
2144	95	
2145	15	
2146	77	
2147	32	
2148	67	
2149	60	
2150	5	
2151	23	
2152	44	
2153	61	
2154	100	
2155	90	
2156	23	
2157	52	
2158	64	
2159	22	
2160	97	
2161	27	
2162	30	
2163	14	
2164	1	
2165	78	
2166	2	
2167	51	
2168	88	
2169	56	
2170	67	
2171	42	
2172	39	
2173	50	
2174	46	
2175	71	
2176	25	
2177	85	
2178	11	
2179	58	
2180	56	
2181	26	
2182	38	
2183	42	
2184	90	
2185	53	
2186	5	
2187	64	
2188	81	
2189	52	
2190	56	
2191	59	
2192	65	
2193	83	
2194	87	
2195	3	
2196	74	
2197	44	
2198	51	
2199	47	
2200	76	
2201	74	
2202	94	
2203	76	
2204	57	
2205	75	
2206	70	
2207	21	
2208	75	
2209	99	
2210	59	
2211	35	
2212	72	
2213	88	
2214	95	
2215	72	
2216	64	
2217	86	
2218	87	
2219	53	
2220	70	
2221	82	
2222	25	
2223	34	
2224	4	
2225	12	
2226	97	
2227	42	
2228	2	
2229	34	
2230	50	
2231	82	
2232	56	
2233	69	
2234	31	
2235	76	
2236	42	
2237	45	
2238	24	
2239	78	
2240	12	
2241	98	
2242	81	
2243	86	
2244	12	
2245	35	
2246	27	
2247	84	
2248	93	
2249	19	
2250	87	
2251	1	
2252	4	
2253	28	
2254	52	
2255	48	
2256	20	
2257	21	
2258	81	
2259	61	
2260	46	
2261	66	
2262	46	
2263	7	
2264	51	
2265	24	
2266	38	
2267	87	
2268	83	
2269	15	
2270	76	
2271	57	
2272	53	
2273	18	
2274	76	
2275	24	
2276	100	
2277	18	
2278	8	
2279	11	
2280	50	
2281	65	
2282	97	
2283	71	
2284	60	
2285	70	
2286	44	
2287	44	
2288	66	
2289	15	
2290	19	
2291	22	
2292	10	
2293	41	
2294	4	
2295	83	
2296	38	
2297	96	
2298	38	
2299	73	
2300	67	
2301	82	
2302	49	
2303	86	
2304	70	
2305	42	
2306	28	
2307	36	
2308	87	
2309	34	
2310	46	
2311	72	
2312	74	
2313	63	
2314	40	
2315	44	
2316	8	
2317	81	
2318	58	
2319	51	
2320	81	
2321	86	
2322	67	
2323	54	
2324	65	
2325	70	
2326	55	
2327	62	
2328	4	
2329	81	
2330	60	
2331	77	
2332	75	
2333	65	
2334	80	
2335	51	
2336	26	
2337	19	
2338	23	
2339	39	
2340	10	
2341	87	
2342	55	
2343	32	
2344	83	
2345	2	
2346	48	
2347	40	
2348	80	
2349	69	
2350	90	
2351	53	
2352	11	
2353	1	
2354	64	
2355	20	
2356	8	
2357	59	
2358	88	
2359	99	
2360	22	
2361	54	
2362	56	
2363	60	
2364	83	
2365	73	
2366	37	
2367	78	
2368	10	
2369	80	
2370	19	
2371	100	
2372	17	
2373	16	
2374	81	
2375	3	
2376	58	
2377	18	
2378	95	
2379	46	
2380	100	
2381	38	
2382	19	
2383	61	
2384	17	
2385	17	
2386	87	
2387	81	
2388	46	
2389	16	
2390	71	
2391	71	
2392	44	
2393	12	
2394	17	
2395	22	
2396	86	
2397	62	
2398	91	
2399	51	
2400	98	
2401	30	
2402	36	
2403	65	
2404	99	
2405	14	
2406	56	
2407	32	
2408	26	
2409	34	
2410	59	
2411	23	
2412	3	
2413	59	
2414	78	
2415	16	
2416	22	
2417	41	
2418	67	
2419	44	
2420	80	
2421	67	
2422	80	
2423	54	
2424	41	
2425	39	
2426	60	
2427	66	
2428	77	
2429	72	
2430	74	
2431	88	
2432	5	
2433	1	
2434	63	
2435	87	
2436	45	
2437	89	
2438	5	
2439	24	
2440	89	
2441	47	
2442	84	
2443	43	
2444	82	
2445	65	
2446	67	
2447	26	
2448	51	
2449	66	
2450	21	
2451	2	
2452	78	
2453	69	
2454	78	
2455	67	
2456	30	
2457	74	
2458	76	
2459	9	
2460	52	
2461	10	
2462	68	
2463	11	
2464	80	
2465	8	
2466	12	
2467	53	
2468	43	
2469	60	
2470	64	
2471	55	
2472	64	
2473	84	
2474	16	
2475	29	
2476	80	
2477	91	
2478	45	
2479	42	
2480	92	
2481	64	
2482	5	
2483	95	
2484	7	
2485	21	
2486	81	
2487	83	
2488	30	
2489	94	
2490	46	
2491	2	
2492	54	
2493	68	
2494	87	
2495	48	
2496	78	
2497	80	
2498	47	
2499	85	
2500	16	
2501	80	
2502	13	
2503	68	
2504	38	
2505	14	
2506	76	
2507	26	
2508	66	
2509	42	
2510	85	
2511	81	
2512	12	
2513	94	
2514	50	
2515	83	
2516	8	
2517	49	
2518	62	
2519	89	
2520	14	
2521	14	
2522	46	
2523	26	
2524	56	
2525	80	
2526	47	
2527	4	
2528	28	
2529	49	
2530	23	
2531	72	
2532	44	
2533	76	
2534	79	
2535	64	
2536	44	
2537	77	
2538	91	
2539	1	
2540	92	
2541	10	
2542	70	
2543	62	
2544	52	
2545	17	
2546	61	
2547	33	
2548	49	
2549	74	
2550	37	
2551	71	
2552	10	
2553	3	
2554	55	
2555	37	
2556	82	
2557	8	
2558	62	
2559	63	
2560	46	
2561	90	
2562	41	
2563	65	
2564	25	
2565	41	
2566	34	
2567	26	
2568	37	
2569	29	
2570	35	
2571	43	
2572	57	
2573	14	
2574	37	
2575	74	
2576	67	
2577	33	
2578	21	
2579	65	
2580	53	
2581	43	
2582	94	
2583	6	
2584	46	
2585	41	
2586	82	
2587	38	
2588	11	
2589	76	
2590	2	
2591	32	
2592	51	
2593	100	
2594	48	
2595	77	
2596	77	
2597	83	
2598	28	
2599	83	
2600	35	
2601	89	
2602	73	
2603	44	
2604	86	
2605	99	
2606	46	
2607	73	
2608	86	
2609	21	
2610	4	
2611	20	
2612	1	
2613	65	
2614	56	
2615	21	
2616	93	
2617	15	
2618	91	
2619	94	
2620	31	
2621	93	
2622	11	
2623	88	
2624	24	
2625	3	
2626	77	
2627	52	
2628	64	
2629	9	
2630	6	
2631	47	
2632	79	
2633	13	
2634	44	
2635	67	
2636	59	
2637	96	
2638	36	
2639	18	
2640	85	
2641	94	
2642	71	
2643	62	
2644	76	
2645	64	
2646	91	
2647	58	
2648	95	
2649	14	
2650	65	
2651	29	
2652	60	
2653	43	
2654	78	
2655	87	
2656	93	
2657	10	
2658	27	
2659	45	
2660	84	
2661	4	
2662	75	
2663	21	
2664	8	
2665	10	
2666	69	
2667	57	
2668	27	
2669	98	
2670	92	
2671	10	
2672	15	
2673	27	
2674	97	
2675	47	
2676	39	
2677	91	
2678	85	
2679	5	
2680	22	
2681	38	
2682	93	
2683	22	
2684	80	
2685	45	
2686	47	
2687	76	
2688	13	
2689	49	
2690	68	
2691	61	
2692	63	
2693	20	
2694	41	
2695	54	
2696	20	
2697	52	
2698	72	
2699	33	
2700	11	
2701	41	
2702	10	
2703	49	
2704	61	
2705	25	
2706	100	
2707	82	
2708	98	
2709	55	
2710	40	
2711	39	
2712	23	
2713	70	
2714	70	
2715	74	
2716	75	
2717	68	
2718	53	
2719	44	
2720	85	
2721	94	
2722	49	
2723	11	
2724	65	
2725	40	
2726	49	
2727	66	
2728	40	
2729	55	
2730	96	
2731	72	
2732	90	
2733	56	
2734	85	
2735	38	
2736	91	
2737	32	
2738	28	
2739	24	
2740	8	
2741	59	
2742	68	
2743	84	
2744	17	
2745	59	
2746	5	
2747	80	
2748	50	
2749	60	
2750	53	
2751	99	
2752	96	
2753	79	
2754	81	
2755	28	
2756	79	
2757	49	
2758	50	
2759	84	
2760	7	
2761	10	
2762	54	
2763	26	
2764	37	
2765	84	
2766	70	
2767	26	
2768	32	
2769	19	
2770	35	
2771	64	
2772	78	
2773	4	
2774	19	
2775	28	
2776	14	
2777	16	
2778	90	
2779	25	
2780	93	
2781	92	
2782	7	
2783	92	
2784	35	
2785	88	
2786	62	
2787	100	
2788	33	
2789	18	
2790	61	
2791	100	
2792	58	
2793	58	
2794	81	
2795	82	
2796	12	
2797	93	
2798	72	
2799	32	
2800	1	
2801	75	
2802	27	
2803	3	
2804	28	
2805	98	
2806	34	
2807	98	
2808	27	
2809	86	
2810	92	
2811	77	
2812	60	
2813	13	
2814	6	
2815	80	
2816	90	
2817	63	
2818	97	
2819	2	
2820	10	
2821	92	
2822	14	
2823	24	
2824	93	
2825	30	
2826	50	
2827	53	
2828	38	
2829	14	
2830	40	
2831	9	
2832	6	
2833	20	
2834	60	
2835	61	
2836	73	
2837	93	
2838	64	
2839	63	
2840	71	
2841	49	
2842	48	
2843	3	
2844	70	
2845	19	
2846	47	
2847	66	
2848	36	
2849	58	
2850	41	
2851	59	
2852	51	
2853	7	
2854	76	
2855	58	
2856	31	
2857	47	
2858	49	
2859	23	
2860	24	
2861	48	
2862	94	
2863	57	
2864	2	
2865	57	
2866	79	
2867	69	
2868	74	
2869	60	
2870	99	
2871	38	
2872	7	
2873	24	
2874	70	
2875	96	
2876	16	
2877	25	
2878	86	
2879	87	
2880	26	
2881	13	
2882	43	
2883	59	
2884	76	
2885	54	
2886	96	
2887	39	
2888	65	
2889	45	
2890	74	
2891	91	
2892	45	
2893	18	
2894	73	
2895	43	
2896	65	
2897	30	
2898	76	
2899	72	
2900	26	
2901	7	
2902	48	
2903	44	
2904	63	
2905	4	
2906	25	
2907	16	
2908	25	
2909	68	
2910	26	
2911	79	
2912	96	
2913	1	
2914	19	
2915	37	
2916	76	
2917	66	
2918	82	
2919	34	
2920	22	
2921	43	
2922	80	
2923	58	
2924	58	
2925	97	
2926	2	
2927	52	
2928	25	
2929	89	
2930	6	
2931	74	
2932	38	
2933	83	
2934	50	
2935	96	
2936	90	
2937	73	
2938	66	
2939	82	
2940	2	
2941	59	
2942	59	
2943	1	
2944	17	
2945	74	
2946	60	
2947	6	
2948	60	
2949	15	
2950	73	
2951	4	
2952	55	
2953	90	
2954	3	
2955	100	
2956	55	
2957	49	
2958	65	
2959	84	
2960	12	
2961	72	
2962	78	
2963	26	
2964	6	
2965	4	
2966	34	
2967	96	
2968	21	
2969	18	
2970	80	
2971	51	
2972	74	
2973	91	
2974	15	
2975	10	
2976	90	
2977	19	
2978	95	
2979	21	
2980	16	
2981	12	
2982	6	
2983	28	
2984	76	
2985	18	
2986	36	
2987	64	
2988	44	
2989	13	
2990	85	
2991	18	
2992	66	
2993	4	
2994	84	
2995	4	
2996	61	
2997	98	
2998	56	
2999	34	
3000	56	
3001	80	
3002	44	
3003	26	
3004	91	
3005	88	
3006	40	
3007	13	
3008	78	
3009	93	
3010	15	
3011	47	
3012	23	
3013	38	
3014	48	
3015	91	
3016	72	
3017	54	
3018	67	
3019	26	
3020	84	
3021	82	
3022	83	
3023	43	
3024	61	
3025	96	
3026	71	
3027	14	
3028	68	
3029	52	
3030	19	
3031	62	
3032	34	
3033	34	
3034	62	
3035	8	
3036	99	
3037	73	
3038	66	
3039	27	
3040	58	
3041	8	
3042	13	
3043	24	
3044	9	
3045	68	
3046	44	
3047	81	
3048	68	
3049	2	
3050	84	
3051	60	
3052	39	
3053	12	
3054	82	
3055	94	
3056	82	
3057	17	
3058	4	
3059	38	
3060	91	
3061	83	
3062	96	
3063	21	
3064	47	
3065	62	
3066	77	
3067	93	
3068	22	
3069	47	
3070	67	
3071	48	
3072	42	
3073	75	
3074	81	
3075	27	
3076	80	
3077	75	
3078	74	
3079	2	
3080	8	
3081	36	
3082	46	
3083	20	
3084	99	
3085	66	
3086	35	
3087	8	
3088	84	
3089	78	
3090	95	
3091	73	
3092	81	
3093	6	
3094	78	
3095	35	
3096	41	
3097	65	
3098	90	
3099	80	
3100	65	
3101	90	
3102	45	
3103	31	
3104	97	
3105	27	
3106	30	
3107	5	
3108	86	
3109	31	
3110	73	
3111	1	
3112	51	
3113	46	
3114	58	
3115	38	
3116	93	
3117	65	
3118	10	
3119	41	
3120	37	
3121	77	
3122	55	
3123	6	
3124	63	
3125	30	
3126	22	
3127	15	
3128	50	
3129	2	
3130	9	
3131	6	
3132	60	
3133	45	
3134	16	
3135	97	
3136	96	
3137	35	
3138	5	
3139	58	
3140	99	
3141	27	
3142	22	
3143	46	
3144	26	
3145	12	
3146	59	
3147	28	
3148	36	
3149	41	
3150	38	
3151	36	
3152	58	
3153	95	
3154	41	
3155	18	
3156	40	
3157	7	
3158	12	
3159	86	
3160	78	
3161	39	
3162	69	
3163	79	
3164	38	
3165	16	
3166	85	
3167	82	
3168	58	
3169	52	
3170	34	
3171	61	
3172	49	
3173	16	
3174	28	
3175	43	
3176	48	
3177	76	
3178	82	
3179	51	
3180	30	
3181	65	
3182	28	
3183	26	
3184	94	
3185	79	
3186	36	
3187	36	
3188	57	
3189	44	
3190	39	
3191	52	
3192	51	
3193	8	
3194	31	
3195	82	
3196	76	
3197	17	
3198	32	
3199	9	
3200	77	
3201	62	
3202	24	
3203	59	
3204	62	
3205	50	
3206	53	
3207	78	
3208	54	
3209	84	
3210	71	
3211	66	
3212	24	
3213	85	
3214	36	
3215	79	
3216	62	
3217	15	
3218	73	
3219	69	
3220	94	
3221	38	
3222	92	
3223	4	
3224	75	
3225	74	
3226	14	
3227	32	
3228	70	
3229	90	
3230	76	
3231	79	
3232	86	
3233	41	
3234	20	
3235	11	
3236	30	
3237	84	
3238	66	
3239	55	
3240	48	
3241	44	
3242	97	
3243	47	
3244	97	
3245	75	
3246	57	
3247	62	
3248	18	
3249	23	
3250	84	
3251	33	
3252	90	
3253	52	
3254	11	
3255	67	
3256	70	
3257	77	
3258	59	
3259	64	
3260	11	
3261	88	
3262	86	
3263	12	
3264	64	
3265	28	
3266	37	
3267	27	
3268	34	
3269	11	
3270	90	
3271	27	
3272	93	
3273	41	
3274	21	
3275	15	
3276	90	
3277	85	
3278	24	
3279	72	
3280	17	
3281	17	
3282	100	
3283	100	
3284	10	
3285	83	
3286	47	
3287	72	
3288	49	
3289	73	
3290	10	
3291	7	
3292	44	
3293	14	
3294	18	
3295	55	
3296	73	
3297	27	
3298	100	
3299	72	
3300	26	
3301	78	
3302	39	
3303	98	
3304	50	
3305	55	
3306	74	
3307	41	
3308	63	
3309	83	
3310	60	
3311	24	
3312	12	
3313	19	
3314	82	
3315	61	
3316	6	
3317	15	
3318	97	
3319	36	
3320	72	
3321	49	
3322	86	
3323	49	
3324	4	
3325	77	
3326	3	
3327	5	
3328	85	
3329	87	
3330	33	
3331	81	
3332	81	
3333	98	
3334	34	
3335	83	
3336	95	
3337	69	
3338	93	
3339	42	
3340	55	
3341	78	
3342	18	
3343	59	
3344	34	
3345	93	
3346	93	
3347	100	
3348	1	
3349	96	
3350	80	
3351	3	
3352	2	
3353	37	
3354	44	
3355	41	
3356	68	
3357	60	
3358	54	
3359	45	
3360	50	
3361	88	
3362	87	
3363	48	
3364	56	
3365	95	
3366	14	
3367	36	
3368	15	
3369	4	
3370	86	
3371	62	
3372	11	
3373	74	
3374	50	
3375	49	
3376	16	
3377	40	
3378	95	
3379	26	
3380	76	
3381	33	
3382	10	
3383	57	
3384	92	
3385	59	
3386	71	
3387	28	
3388	52	
3389	4	
3390	35	
3391	36	
3392	98	
3393	46	
3394	99	
3395	93	
3396	59	
3397	32	
3398	84	
3399	30	
3400	19	
3401	4	
3402	80	
3403	92	
3404	75	
3405	79	
3406	23	
3407	34	
3408	58	
3409	8	
3410	57	
3411	23	
3412	82	
3413	38	
3414	84	
3415	28	
3416	62	
3417	69	
3418	73	
3419	34	
3420	83	
3421	89	
3422	85	
3423	30	
3424	81	
3425	56	
3426	1	
3427	53	
3428	41	
3429	90	
3430	95	
3431	63	
3432	2	
3433	48	
3434	28	
3435	77	
3436	34	
3437	76	
3438	18	
3439	4	
3440	7	
3441	97	
3442	26	
3443	11	
3444	48	
3445	100	
3446	41	
3447	83	
3448	99	
3449	59	
3450	95	
3451	14	
3452	42	
3453	3	
3454	20	
3455	86	
3456	44	
3457	55	
3458	100	
3459	64	
3460	47	
3461	69	
3462	16	
3463	19	
3464	77	
3465	97	
3466	14	
3467	60	
3468	37	
3469	18	
3470	59	
3471	66	
3472	16	
3473	58	
3474	4	
3475	17	
3476	66	
3477	3	
3478	19	
3479	64	
3480	80	
3481	38	
3482	36	
3483	69	
3484	93	
3485	97	
3486	34	
3487	13	
3488	7	
3489	14	
3490	53	
3491	66	
3492	64	
3493	84	
3494	43	
3495	42	
3496	20	
3497	51	
3498	41	
3499	23	
3500	75	
3501	68	
3502	49	
3503	86	
3504	41	
3505	23	
3506	95	
3507	58	
3508	31	
3509	19	
3510	82	
3511	100	
3512	81	
3513	62	
3514	90	
3515	74	
3516	3	
3517	23	
3518	65	
3519	2	
3520	46	
3521	82	
3522	91	
3523	66	
3524	62	
3525	4	
3526	44	
3527	67	
3528	22	
3529	13	
3530	22	
3531	87	
3532	61	
3533	15	
3534	21	
3535	41	
3536	65	
3537	26	
3538	65	
3539	97	
3540	48	
3541	15	
3542	71	
3543	67	
3544	29	
3545	83	
3546	86	
3547	10	
3548	13	
3549	27	
3550	29	
3551	54	
3552	100	
3553	63	
3554	3	
3555	32	
3556	58	
3557	68	
3558	42	
3559	83	
3560	16	
3561	8	
3562	77	
3563	95	
3564	87	
3565	94	
3566	46	
3567	38	
3568	41	
3569	53	
3570	8	
3571	47	
3572	49	
3573	56	
3574	42	
3575	20	
3576	93	
3577	56	
3578	7	
3579	69	
3580	6	
3581	94	
3582	12	
3583	81	
3584	41	
3585	16	
3586	45	
3587	66	
3588	39	
3589	41	
3590	89	
3591	29	
3592	2	
3593	43	
3594	9	
3595	33	
3596	36	
3597	27	
3598	61	
3599	35	
3600	29	
3601	40	
3602	24	
3603	44	
3604	17	
3605	93	
3606	91	
3607	91	
3608	96	
3609	17	
3610	50	
3611	18	
3612	71	
3613	79	
3614	68	
3615	7	
3616	47	
3617	74	
3618	92	
3619	74	
3620	51	
3621	19	
3622	75	
3623	30	
3624	35	
3625	39	
3626	74	
3627	77	
3628	61	
3629	68	
3630	50	
3631	89	
3632	56	
3633	12	
3634	22	
3635	35	
3636	85	
3637	43	
3638	21	
3639	98	
3640	99	
3641	12	
3642	82	
3643	26	
3644	100	
3645	76	
3646	1	
3647	51	
3648	92	
3649	16	
3650	21	
3651	16	
3652	34	
3653	93	
3654	14	
3655	30	
3656	96	
3657	64	
3658	26	
3659	60	
3660	69	
3661	61	
3662	48	
3663	51	
3664	94	
3665	85	
3666	22	
3667	73	
3668	84	
3669	2	
3670	97	
3671	99	
3672	26	
3673	95	
3674	61	
3675	49	
3676	5	
3677	14	
3678	32	
3679	45	
3680	100	
3681	3	
3682	100	
3683	5	
3684	10	
3685	96	
3686	42	
3687	40	
3688	44	
3689	53	
3690	71	
3691	26	
3692	82	
3693	27	
3694	4	
3695	90	
3696	93	
3697	90	
3698	23	
3699	82	
3700	19	
3701	97	
3702	26	
3703	34	
3704	24	
3705	38	
3706	16	
3707	30	
3708	60	
3709	20	
3710	1	
3711	2	
3712	68	
3713	31	
3714	32	
3715	81	
3716	20	
3717	88	
3718	24	
3719	53	
3720	16	
3721	47	
3722	33	
3723	75	
3724	85	
3725	82	
3726	98	
3727	57	
3728	19	
3729	5	
3730	90	
3731	25	
3732	42	
3733	69	
3734	1	
3735	69	
3736	70	
3737	11	
3738	62	
3739	22	
3740	92	
3741	19	
3742	67	
3743	98	
3744	28	
3745	91	
3746	26	
3747	28	
3748	95	
3749	64	
3750	28	
3751	17	
3752	100	
3753	53	
3754	34	
3755	50	
3756	21	
3757	1	
3758	33	
3759	42	
3760	72	
3761	91	
3762	43	
3763	42	
3764	88	
3765	13	
3766	45	
3767	41	
3768	47	
3769	47	
3770	37	
3771	52	
3772	87	
3773	79	
3774	27	
3775	25	
3776	51	
3777	100	
3778	17	
3779	77	
3780	25	
3781	81	
3782	1	
3783	23	
3784	3	
3785	56	
3786	31	
3787	100	
3788	64	
3789	17	
3790	86	
3791	10	
3792	10	
3793	62	
3794	17	
3795	47	
3796	98	
3797	30	
3798	84	
3799	93	
3800	80	
3801	61	
3802	93	
3803	69	
3804	62	
3805	51	
3806	49	
3807	38	
3808	46	
3809	30	
3810	7	
3811	1	
3812	95	
3813	34	
3814	76	
3815	48	
3816	74	
3817	100	
3818	75	
3819	96	
3820	30	
3821	54	
3822	60	
3823	81	
3824	70	
3825	90	
3826	29	
3827	38	
3828	68	
3829	40	
3830	68	
3831	35	
3832	41	
3833	47	
3834	72	
3835	37	
3836	49	
3837	16	
3838	8	
3839	38	
3840	77	
3841	64	
3842	61	
3843	95	
3844	84	
3845	60	
3846	21	
3847	79	
3848	69	
3849	21	
3850	20	
3851	11	
3852	89	
3853	63	
3854	68	
3855	42	
3856	31	
3857	99	
3858	63	
3859	72	
3860	37	
3861	3	
3862	61	
3863	4	
3864	54	
3865	54	
3866	4	
3867	3	
3868	83	
3869	62	
3870	1	
3871	52	
3872	31	
3873	7	
3874	82	
3875	84	
3876	25	
3877	87	
3878	11	
3879	29	
3880	63	
3881	62	
3882	15	
3883	77	
3884	91	
3885	9	
3886	70	
3887	57	
3888	11	
3889	96	
3890	10	
3891	48	
3892	74	
3893	18	
3894	100	
3895	11	
3896	74	
3897	69	
3898	17	
3899	24	
3900	24	
3901	56	
3902	56	
3903	25	
3904	25	
3905	18	
3906	16	
3907	43	
3908	82	
3909	6	
3910	19	
3911	74	
3912	41	
3913	79	
3914	79	
3915	73	
3916	100	
3917	99	
3918	62	
3919	96	
3920	43	
3921	90	
3922	35	
3923	59	
3924	90	
3925	73	
3926	1	
3927	13	
3928	77	
3929	13	
3930	16	
3931	55	
3932	62	
3933	91	
3934	68	
3935	85	
3936	99	
3937	83	
3938	15	
3939	18	
3940	78	
3941	66	
3942	53	
3943	5	
3944	26	
3945	78	
3946	69	
3947	12	
3948	53	
3949	42	
3950	42	
3951	25	
3952	14	
3953	4	
3954	81	
3955	92	
3956	2	
3957	5	
3958	43	
3959	38	
3960	4	
3961	57	
3962	61	
3963	98	
3964	7	
3965	94	
3966	38	
3967	11	
3968	28	
3969	27	
3970	20	
3971	27	
3972	50	
3973	99	
3974	68	
3975	91	
3976	59	
3977	44	
3978	33	
3979	65	
3980	22	
3981	94	
3982	97	
3983	56	
3984	1	
3985	55	
3986	61	
3987	16	
3988	10	
3989	78	
3990	51	
3991	37	
3992	75	
3993	87	
3994	16	
3995	62	
3996	83	
3997	34	
3998	85	
3999	20	
4000	61	
4001	77	
4002	27	
4003	2	
4004	9	
4005	48	
4006	37	
4007	100	
4008	36	
4009	12	
4010	50	
4011	5	
4012	38	
4013	50	
4014	13	
4015	18	
4016	40	
4017	7	
4018	55	
4019	55	
4020	85	
4021	24	
4022	57	
4023	79	
4024	70	
4025	40	
4026	4	
4027	54	
4028	87	
4029	63	
4030	54	
4031	55	
4032	1	
4033	79	
4034	68	
4035	76	
4036	60	
4037	74	
4038	39	
4039	35	
4040	72	
4041	12	
4042	17	
4043	72	
4044	30	
4045	59	
4046	3	
4047	27	
4048	94	
4049	63	
4050	6	
4051	93	
4052	40	
4053	94	
4054	4	
4055	31	
4056	4	
4057	55	
4058	45	
4059	96	
4060	59	
4061	96	
4062	53	
4063	6	
4064	65	
4065	41	
4066	46	
4067	85	
4068	91	
4069	44	
4070	43	
4071	44	
4072	16	
4073	17	
4074	49	
4075	81	
4076	30	
4077	49	
4078	46	
4079	87	
4080	36	
4081	52	
4082	47	
4083	81	
4084	26	
4085	21	
4086	85	
4087	30	
4088	42	
4089	30	
4090	25	
4091	45	
4092	11	
4093	30	
4094	45	
4095	22	
4096	45	
4097	88	
4098	33	
4099	36	
4100	70	
4101	31	
4102	33	
4103	17	
4104	32	
4105	66	
4106	7	
4107	13	
4108	29	
4109	59	
4110	76	
4111	77	
4112	49	
4113	42	
4114	85	
4115	59	
4116	29	
4117	52	
4118	67	
4119	80	
4120	47	
4121	94	
4122	50	
4123	44	
4124	26	
4125	48	
4126	99	
4127	50	
4128	40	
4129	16	
4130	91	
4131	42	
4132	4	
4133	11	
4134	8	
4135	68	
4136	43	
4137	84	
4138	59	
4139	8	
4140	16	
4141	90	
4142	54	
4143	81	
4144	30	
4145	100	
4146	90	
4147	45	
4148	98	
4149	80	
4150	67	
4151	4	
4152	16	
4153	38	
4154	56	
4155	6	
4156	65	
4157	12	
4158	66	
4159	28	
4160	43	
4161	69	
4162	86	
4163	47	
4164	17	
4165	43	
4166	89	
4167	26	
4168	90	
4169	35	
4170	37	
4171	73	
4172	55	
4173	69	
4174	39	
4175	9	
4176	71	
4177	87	
4178	51	
4179	32	
4180	64	
4181	49	
4182	89	
4183	71	
4184	61	
4185	19	
4186	80	
4187	46	
4188	35	
4189	39	
4190	3	
4191	40	
4192	98	
4193	30	
4194	38	
4195	6	
4196	82	
4197	52	
4198	96	
4199	78	
4200	40	
4201	58	
4202	32	
4203	97	
4204	93	
4205	66	
4206	72	
4207	83	
4208	79	
4209	30	
4210	51	
4211	95	
4212	93	
4213	18	
4214	20	
4215	61	
4216	57	
4217	21	
4218	98	
4219	38	
4220	25	
4221	24	
4222	18	
4223	56	
4224	56	
4225	72	
4226	64	
4227	24	
4228	19	
4229	66	
4230	68	
4231	29	
4232	87	
4233	2	
4234	64	
4235	40	
4236	71	
4237	86	
4238	24	
4239	47	
4240	39	
4241	10	
4242	48	
4243	20	
4244	74	
4245	44	
4246	17	
4247	77	
4248	13	
4249	11	
4250	70	
4251	23	
4252	50	
4253	97	
4254	22	
4255	85	
4256	66	
4257	14	
4258	44	
4259	8	
4260	60	
4261	84	
4262	74	
4263	86	
4264	20	
4265	39	
4266	10	
4267	69	
4268	4	
4269	16	
4270	21	
4271	82	
4272	11	
4273	99	
4274	10	
4275	32	
4276	10	
4277	10	
4278	4	
4279	40	
4280	92	
4281	98	
4282	47	
4283	40	
4284	56	
4285	3	
4286	100	
4287	6	
4288	7	
4289	57	
4290	46	
4291	91	
4292	16	
4293	39	
4294	57	
4295	38	
4296	6	
4297	16	
4298	94	
4299	29	
4300	65	
4301	82	
4302	40	
4303	76	
4304	54	
4305	68	
4306	39	
4307	46	
4308	18	
4309	33	
4310	36	
4311	54	
4312	44	
4313	9	
4314	53	
4315	63	
4316	93	
4317	45	
4318	48	
4319	45	
4320	96	
4321	9	
4322	61	
4323	5	
4324	68	
4325	38	
4326	26	
4327	5	
4328	34	
4329	93	
4330	44	
4331	99	
4332	38	
4333	32	
4334	32	
4335	73	
4336	17	
4337	54	
4338	72	
4339	35	
4340	53	
4341	81	
4342	86	
4343	94	
4344	62	
4345	61	
4346	62	
4347	1	
4348	49	
4349	96	
4350	97	
4351	19	
4352	45	
4353	97	
4354	14	
4355	73	
4356	11	
4357	2	
4358	57	
4359	3	
4360	15	
4361	88	
4362	51	
4363	28	
4364	34	
4365	11	
4366	39	
4367	68	
4368	28	
4369	45	
4370	28	
4371	39	
4372	85	
4373	94	
4374	22	
4375	48	
4376	45	
4377	78	
4378	44	
4379	57	
4380	41	
4381	55	
4382	88	
4383	59	
4384	1	
4385	22	
4386	12	
4387	64	
4388	22	
4389	75	
4390	29	
4391	15	
4392	63	
4393	15	
4394	8	
4395	39	
4396	70	
4397	71	
4398	74	
4399	25	
4400	6	
4401	28	
4402	41	
4403	9	
4404	83	
4405	75	
4406	71	
4407	22	
4408	15	
4409	75	
4410	31	
4411	16	
4412	25	
4413	35	
4414	33	
4415	10	
4416	77	
4417	35	
4418	84	
4419	62	
4420	25	
4421	44	
4422	39	
4423	85	
4424	11	
4425	67	
4426	94	
4427	22	
4428	46	
4429	24	
4430	36	
4431	10	
4432	83	
4433	32	
4434	28	
4435	6	
4436	86	
4437	44	
4438	21	
4439	6	
4440	12	
4441	57	
4442	88	
4443	21	
4444	16	
4445	52	
4446	39	
4447	40	
4448	57	
4449	81	
4450	9	
4451	90	
4452	79	
4453	30	
4454	18	
4455	59	
4456	19	
4457	27	
4458	78	
4459	11	
4460	13	
4461	65	
4462	6	
4463	73	
4464	93	
4465	60	
4466	44	
4467	6	
4468	4	
4469	2	
4470	14	
4471	4	
4472	94	
4473	84	
4474	47	
4475	86	
4476	23	
4477	34	
4478	59	
4479	56	
4480	64	
4481	92	
4482	21	
4483	61	
4484	81	
4485	73	
4486	72	
4487	51	
4488	66	
4489	28	
4490	92	
4491	22	
4492	19	
4493	67	
4494	83	
4495	2	
4496	54	
4497	65	
4498	30	
4499	76	
4500	58	
4501	5	
4502	20	
4503	86	
4504	94	
4505	79	
4506	3	
4507	44	
4508	90	
4509	80	
4510	92	
4511	47	
4512	39	
4513	3	
4514	69	
4515	18	
4516	22	
4517	40	
4518	62	
4519	69	
4520	32	
4521	89	
4522	47	
4523	84	
4524	58	
4525	21	
4526	65	
4527	42	
4528	94	
4529	99	
4530	94	
4531	61	
4532	63	
4533	57	
4534	47	
4535	81	
4536	47	
4537	27	
4538	26	
4539	38	
4540	52	
4541	50	
4542	7	
4543	20	
4544	73	
4545	75	
4546	4	
4547	66	
4548	11	
4549	56	
4550	39	
4551	46	
4552	71	
4553	95	
4554	92	
4555	9	
4556	32	
4557	48	
4558	93	
4559	73	
4560	19	
4561	5	
4562	75	
4563	24	
4564	44	
4565	9	
4566	9	
4567	56	
4568	79	
4569	67	
4570	85	
4571	2	
4572	14	
4573	54	
4574	16	
4575	21	
4576	23	
4577	40	
4578	48	
4579	89	
4580	64	
4581	28	
4582	81	
4583	2	
4584	5	
4585	14	
4586	46	
4587	4	
4588	74	
4589	31	
4590	26	
4591	43	
4592	82	
4593	8	
4594	62	
4595	22	
4596	92	
4597	22	
4598	43	
4599	89	
4600	7	
4601	96	
4602	78	
4603	16	
4604	27	
4605	97	
4606	74	
4607	91	
4608	17	
4609	37	
4610	10	
4611	98	
4612	97	
4613	45	
4614	60	
4615	36	
4616	82	
4617	41	
4618	38	
4619	10	
4620	3	
4621	40	
4622	50	
4623	27	
4624	54	
4625	76	
4626	75	
4627	11	
4628	5	
4629	51	
4630	60	
4631	17	
4632	98	
4633	50	
4634	37	
4635	62	
4636	84	
4637	14	
4638	26	
4639	69	
4640	34	
4641	43	
4642	93	
4643	34	
4644	37	
4645	83	
4646	14	
4647	74	
4648	99	
4649	13	
4650	16	
4651	87	
4652	100	
4653	36	
4654	78	
4655	89	
4656	13	
4657	28	
4658	53	
4659	42	
4660	12	
4661	73	
4662	90	
4663	39	
4664	97	
4665	32	
4666	30	
4667	10	
4668	77	
4669	39	
4670	83	
4671	17	
4672	99	
4673	30	
4674	70	
4675	33	
4676	4	
4677	77	
4678	17	
4679	81	
4680	20	
4681	2	
4682	99	
4683	82	
4684	48	
4685	86	
4686	37	
4687	15	
4688	80	
4689	33	
4690	29	
4691	8	
4692	100	
4693	4	
4694	46	
4695	36	
4696	12	
4697	67	
4698	36	
4699	96	
4700	69	
4701	97	
4702	46	
4703	95	
4704	83	
4705	69	
4706	25	
4707	6	
4708	39	
4709	4	
4710	41	
4711	35	
4712	89	
4713	15	
4714	24	
4715	40	
4716	36	
4717	80	
4718	40	
4719	43	
4720	90	
4721	30	
4722	22	
4723	100	
4724	63	
4725	43	
4726	59	
4727	4	
4728	70	
4729	99	
4730	84	
4731	85	
4732	77	
4733	15	
4734	55	
4735	29	
4736	16	
4737	64	
4738	97	
4739	86	
4740	50	
4741	28	
4742	59	
4743	20	
4744	61	
4745	25	
4746	75	
4747	45	
4748	72	
4749	67	
4750	54	
4751	77	
4752	52	
4753	64	
4754	49	
4755	87	
4756	94	
4757	19	
4758	58	
4759	38	
4760	20	
4761	27	
4762	49	
4763	77	
4764	17	
4765	30	
4766	89	
4767	37	
4768	19	
4769	37	
4770	55	
4771	20	
4772	33	
4773	60	
4774	11	
4775	64	
4776	96	
4777	72	
4778	43	
4779	52	
4780	56	
4781	10	
4782	85	
4783	42	
4784	46	
4785	27	
4786	94	
4787	45	
4788	68	
4789	19	
4790	31	
4791	51	
4792	62	
4793	28	
4794	56	
4795	80	
4796	56	
4797	34	
4798	37	
4799	83	
4800	95	
4801	74	
4802	58	
4803	98	
4804	31	
4805	25	
4806	92	
4807	62	
4808	76	
4809	83	
4810	81	
4811	9	
4812	67	
4813	94	
4814	86	
4815	70	
4816	7	
4817	10	
4818	80	
4819	6	
4820	98	
4821	44	
4822	29	
4823	30	
4824	87	
4825	13	
4826	61	
4827	5	
4828	43	
4829	46	
4830	75	
4831	40	
4832	22	
4833	39	
4834	55	
4835	73	
4836	85	
4837	50	
4838	47	
4839	39	
4840	51	
4841	55	
4842	57	
4843	70	
4844	73	
4845	99	
4846	9	
4847	85	
4848	96	
4849	78	
4850	32	
4851	69	
4852	59	
4853	66	
4854	5	
4855	72	
4856	75	
4857	83	
4858	31	
4859	16	
4860	81	
4861	87	
4862	10	
4863	48	
4864	88	
4865	62	
4866	34	
4867	12	
4868	22	
4869	8	
4870	84	
4871	6	
4872	41	
4873	35	
4874	10	
4875	21	
4876	96	
4877	36	
4878	81	
4879	2	
4880	60	
4881	2	
4882	13	
4883	26	
4884	9	
4885	69	
4886	46	
4887	81	
4888	56	
4889	46	
4890	43	
4891	91	
4892	80	
4893	37	
4894	91	
4895	54	
4896	47	
4897	96	
4898	30	
4899	41	
4900	19	
4901	67	
4902	34	
4903	32	
4904	71	
4905	80	
4906	44	
4907	38	
4908	69	
4909	94	
4910	94	
4911	5	
4912	80	
4913	52	
4914	64	
4915	95	
4916	89	
4917	20	
4918	81	
4919	68	
4920	36	
4921	13	
4922	45	
4923	48	
4924	9	
4925	11	
4926	18	
4927	67	
4928	77	
4929	64	
4930	56	
4931	64	
4932	76	
4933	78	
4934	94	
4935	85	
4936	73	
4937	74	
4938	57	
4939	35	
4940	3	
4941	56	
4942	58	
4943	64	
4944	100	
4945	45	
4946	17	
4947	65	
4948	18	
4949	39	
4950	86	
4951	70	
4952	32	
4953	85	
4954	72	
4955	39	
4956	71	
4957	14	
4958	78	
4959	3	
4960	22	
4961	68	
4962	36	
4963	46	
4964	52	
4965	90	
4966	20	
4967	80	
4968	15	
4969	4	
4970	47	
4971	33	
4972	64	
4973	71	
4974	99	
4975	73	
4976	7	
4977	28	
4978	52	
4979	11	
4980	18	
4981	3	
4982	20	
4983	31	
4984	79	
4985	70	
4986	41	
4987	93	
4988	80	
4989	85	
4990	36	
4991	13	
4992	11	
4993	13	
4994	61	
4995	55	
4996	64	
4997	63	
4998	87	
4999	42	
5000	72	
20213
