5000
1	122	
2	414	
3	36	
4	181	
5	854	
6	196	
7	911	
8	734	
9	111	
10	44	
11	726	
12	669	
13	446	
14	598	
15	647	
16	31	
17	495	
18	802	
19	355	
20	688	
21	959	
22	930	
23	254	
24	401	
25	335	
26	274	
27	332	
28	962	
29	968	
30	825	
31	660	
32	798	
33	582	
34	423	
35	830	
36	251	
37	662	
38	951	
39	726	
40	897	
41	201	
42	892	
43	320	
44	976	
45	673	
46	517	
47	636	
48	412	
49	217	
50	162	
51	497	
52	242	
53	263	
54	518	
55	27	
56	794	
57	619	
58	301	
59	670	
60	492	
61	47	
62	101	
63	170	
64	989	
65	638	
66	430	
67	47	
68	961	
69	622	
70	276	
71	184	
72	8	
73	824	
74	625	
75	154	
76	867	
77	285	
78	213	
79	475	
80	405	
81	640	
82	424	
83	765	
84	748	
85	768	
86	388	
87	858	
88	350	
89	204	
90	997	
91	7	
92	527	
93	679	
94	394	
95	602	
96	871	
97	347	
98	483	
99	990	
100	958	
101	799	
102	538	
103	228	
104	466	
105	811	
106	916	
107	409	
108	597	
109	969	
110	783	
111	93	
112	977	
113	803	
114	211	
115	471	
116	165	
117	969	
118	83	
119	627	
120	735	
121	498	
122	227	
123	342	
124	417	
125	303	
126	769	
127	54	
128	622	
129	525	
130	645	
131	484	
132	515	
133	689	
134	234	
135	699	
136	560	
137	275	
138	293	
139	656	
140	78	
141	109	
142	763	
143	553	
144	289	
145	763	
146	236	
147	952	
148	485	
149	715	
150	228	
151	951	
152	515	
153	116	
154	14	
155	764	
156	210	
157	816	
158	913	
159	148	
160	271	
161	603	
162	717	
163	576	
164	272	
165	275	
166	172	
167	597	
168	850	
169	512	
170	99	
171	245	
172	424	
173	243	
174	664	
175	73	
176	301	
177	840	
178	299	
179	960	
180	334	
181	357	
182	639	
183	726	
184	178	
185	827	
186	543	
187	424	
188	363	
189	546	
190	11	
191	276	
192	709	
193	862	
194	698	
195	155	
196	876	
197	590	
198	640	
199	425	
200	983	
201	521	
202	999	
203	217	
204	769	
205	369	
206	71	
207	650	
208	236	
209	17	
210	439	
211	502	
212	126	
213	353	
214	883	
215	512	
216	469	
217	294	
218	886	
219	483	
220	844	
221	604	
222	119	
223	567	
224	70	
225	462	
226	38	
227	829	
228	311	
229	113	
230	765	
231	39	
232	256	
233	679	
234	280	
235	171	
236	530	
237	119	
238	407	
239	207	
240	127	
241	367	
242	761	
243	707	
244	325	
245	772	
246	457	
247	252	
248	396	
249	382	
250	530	
251	501	
252	133	
253	631	
254	452	
255	893	
256	267	
257	146	
258	678	
259	13	
260	843	
261	101	
262	915	
263	409	
264	605	
265	785	
266	16	
267	644	
268	570	
269	951	
270	801	
271	630	
272	453	
273	34	
274	817	
275	247	
276	780	
277	81	
278	632	
279	19	
280	38	
281	187	
282	340	
283	501	
284	557	
285	970	
286	107	
287	717	
288	203	
289	451	
290	725	
291	44	
292	38	
293	162	
294	772	
295	989	
296	285	
297	912	
298	188	
299	212	
300	170	
301	134	
302	437	
303	552	
304	511	
305	369	
306	142	
307	969	
308	563	
309	822	
310	345	
311	76	
312	324	
313	812	
314	148	
315	60	
316	300	
317	943	
318	59	
319	632	
320	127	
321	640	
322	961	
323	386	
324	128	
325	759	
326	661	
327	364	
328	985	
329	924	
330	495	
331	338	
332	425	
333	479	
334	538	
335	516	
336	469	
337	149	
338	817	
339	850	
340	426	
341	331	
342	924	
343	40	
344	310	
345	522	
346	297	
347	730	
348	28	
349	843	
350	61	
351	622	
352	670	
353	626	
354	98	
355	214	
356	451	
357	205	
358	105	
359	389	
360	552	
361	796	
362	239	
363	655	
364	688	
365	144	
366	137	
367	227	
368	318	
369	181	
370	993	
371	154	
372	520	
373	786	
374	208	
375	6	
376	243	
377	749	
378	60	
379	598	
380	11	
381	745	
382	169	
383	182	
384	377	
385	489	
386	417	
387	857	
388	148	
389	804	
390	622	
391	657	
392	707	
393	73	
394	604	
395	634	
396	87	
397	482	
398	698	
399	244	
400	459	
401	50	
402	463	
403	152	
404	565	
405	792	
406	46	
407	760	
408	316	
409	716	
410	244	
411	649	
412	281	
413	319	
414	815	
415	353	
416	272	
417	925	
418	838	
419	850	
420	326	
421	611	
422	509	
423	223	
424	354	
425	602	
426	23	
427	340	
428	254	
429	84	
430	4	
431	353	
432	716	
433	900	
434	715	
435	757	
436	859	
437	672	
438	182	
439	260	
440	737	
441	568	
442	954	
443	738	
444	528	
445	405	
446	158	
447	71	
448	507	
449	125	
450	89	
451	203	
452	927	
453	403	
454	61	
455	136	
456	524	
457	817	
458	384	
459	333	
460	260	
461	95	
462	256	
463	487	
464	504	
465	594	
466	732	
467	528	
468	264	
469	112	
470	391	
471	970	
472	881	
473	224	
474	502	
475	482	
476	477	
477	365	
478	926	
479	615	
480	809	
481	217	
482	601	
483	977	
484	768	
485	203	
486	879	
487	748	
488	402	
489	51	
490	519	
491	837	
492	817	
493	731	
494	429	
495	873	
496	968	
497	437	
498	763	
499	130	
500	284	
501	329	
502	842	
503	43	
504	77	
505	389	
506	159	
507	465	
508	971	
509	933	
510	57	
511	898	
512	602	
513	266	
514	206	
515	327	
516	536	
517	244	
518	675	
519	67	
520	204	
521	539	
522	179	
523	226	
524	94	
525	471	
526	660	
527	181	
528	380	
529	453	
530	463	
531	51	
532	696	
533	602	
534	239	
535	951	
536	172	
537	415	
538	190	
539	838	
540	464	
541	581	
542	948	
543	679	
544	928	
545	480	
546	98	
547	307	
548	352	
549	558	
550	936	
551	780	
552	321	
553	367	
554	461	
555	23	
556	795	
557	700	
558	965	
559	492	
560	339	
561	929	
562	25	
563	586	
564	980	
565	852	
566	877	
567	197	
568	367	
569	245	
570	371	
571	762	
572	925	
573	902	
574	930	
575	975	
576	793	
577	443	
578	811	
579	437	
580	592	
581	56	
582	319	
583	655	
584	378	
585	183	
586	548	
587	442	
588	40	
589	481	
590	559	
591	869	
592	53	
593	226	
594	497	
595	496	
596	591	
597	351	
598	556	
599	942	
600	142	
601	808	
602	605	
603	236	
604	217	
605	904	
606	97	
607	562	
608	917	
609	794	
610	657	
611	878	
612	271	
613	763	
614	488	
615	222	
616	846	
617	37	
618	665	
619	28	
620	324	
621	263	
622	347	
623	257	
624	124	
625	143	
626	791	
627	460	
628	459	
629	234	
630	110	
631	722	
632	504	
633	80	
634	917	
635	198	
636	173	
637	755	
638	194	
639	447	
640	149	
641	638	
642	125	
643	630	
644	398	
645	607	
646	274	
647	47	
648	630	
649	606	
650	940	
651	621	
652	280	
653	182	
654	417	
655	527	
656	182	
657	905	
658	474	
659	96	
660	781	
661	278	
662	841	
663	896	
664	318	
665	300	
666	890	
667	341	
668	41	
669	14	
670	276	
671	311	
672	497	
673	750	
674	247	
675	533	
676	828	
677	531	
678	454	
679	650	
680	562	
681	869	
682	644	
683	460	
684	51	
685	349	
686	112	
687	497	
688	259	
689	944	
690	362	
691	105	
692	56	
693	586	
694	525	
695	657	
696	855	
697	213	
698	781	
699	692	
700	844	
701	201	
702	176	
703	337	
704	368	
705	755	
706	471	
707	882	
708	795	
709	816	
710	971	
711	496	
712	401	
713	96	
714	66	
715	794	
716	582	
717	869	
718	537	
719	852	
720	901	
721	171	
722	673	
723	10	
724	993	
725	896	
726	675	
727	892	
728	356	
729	810	
730	598	
731	897	
732	303	
733	445	
734	638	
735	590	
736	372	
737	213	
738	500	
739	605	
740	584	
741	605	
742	242	
743	545	
744	508	
745	400	
746	333	
747	638	
748	225	
749	358	
750	267	
751	995	
752	705	
753	235	
754	844	
755	473	
756	427	
757	733	
758	123	
759	370	
760	813	
761	693	
762	924	
763	621	
764	313	
765	338	
766	253	
767	670	
768	82	
769	971	
770	343	
771	112	
772	950	
773	811	
774	907	
775	956	
776	723	
777	964	
778	814	
779	673	
780	795	
781	135	
782	975	
783	140	
784	674	
785	560	
786	222	
787	910	
788	644	
789	308	
790	53	
791	131	
792	186	
793	339	
794	472	
795	311	
796	43	
797	648	
798	70	
799	208	
800	20	
801	726	
802	679	
803	345	
804	555	
805	114	
806	605	
807	227	
808	213	
809	653	
810	357	
811	827	
812	5	
813	865	
814	317	
815	280	
816	406	
817	833	
818	645	
819	291	
820	637	
821	731	
822	56	
823	439	
824	586	
825	703	
826	546	
827	880	
828	293	
829	54	
830	56	
831	758	
832	594	
833	197	
834	677	
835	992	
836	207	
837	689	
838	313	
839	11	
840	475	
841	771	
842	625	
843	883	
844	343	
845	275	
846	324	
847	166	
848	438	
849	167	
850	66	
851	270	
852	741	
853	730	
854	397	
855	460	
856	149	
857	486	
858	657	
859	183	
860	710	
861	37	
862	645	
863	53	
864	196	
865	217	
866	944	
867	367	
868	948	
869	33	
870	479	
871	86	
872	652	
873	197	
874	51	
875	114	
876	440	
877	326	
878	525	
879	151	
880	265	
881	113	
882	556	
883	407	
884	118	
885	515	
886	539	
887	581	
888	748	
889	27	
890	814	
891	230	
892	679	
893	84	
894	202	
895	783	
896	377	
897	82	
898	170	
899	603	
900	935	
901	866	
902	886	
903	404	
904	769	
905	620	
906	459	
907	543	
908	17	
909	50	
910	216	
911	531	
912	448	
913	352	
914	748	
915	887	
916	621	
917	843	
918	883	
919	312	
920	799	
921	748	
922	72	
923	538	
924	360	
925	756	
926	458	
927	324	
928	66	
929	463	
930	784	
931	311	
932	771	
933	187	
934	431	
935	469	
936	226	
937	200	
938	80	
939	755	
940	425	
941	895	
942	292	
943	969	
944	811	
945	828	
946	74	
947	206	
948	700	
949	69	
950	173	
951	838	
952	686	
953	754	
954	536	
955	174	
956	696	
957	69	
958	203	
959	36	
960	918	
961	529	
962	597	
963	537	
964	614	
965	893	
966	697	
967	624	
968	502	
969	624	
970	763	
971	446	
972	177	
973	387	
974	106	
975	74	
976	425	
977	260	
978	621	
979	771	
980	795	
981	791	
982	408	
983	287	
984	448	
985	925	
986	438	
987	168	
988	96	
989	734	
990	837	
991	766	
992	710	
993	792	
994	575	
995	650	
996	569	
997	415	
998	853	
999	254	
1000	774	
1001	541	
1002	812	
1003	943	
1004	145	
1005	65	
1006	121	
1007	885	
1008	579	
1009	457	
1010	310	
1011	7	
1012	114	
1013	722	
1014	317	
1015	562	
1016	382	
1017	980	
1018	721	
1019	841	
1020	95	
1021	312	
1022	898	
1023	435	
1024	514	
1025	995	
1026	895	
1027	73	
1028	35	
1029	810	
1030	867	
1031	190	
1032	202	
1033	902	
1034	554	
1035	343	
1036	488	
1037	847	
1038	538	
1039	275	
1040	992	
1041	706	
1042	221	
1043	482	
1044	152	
1045	53	
1046	907	
1047	679	
1048	255	
1049	639	
1050	538	
1051	400	
1052	622	
1053	739	
1054	71	
1055	954	
1056	969	
1057	787	
1058	308	
1059	399	
1060	917	
1061	574	
1062	466	
1063	441	
1064	961	
1065	164	
1066	229	
1067	150	
1068	215	
1069	846	
1070	237	
1071	372	
1072	961	
1073	913	
1074	129	
1075	891	
1076	590	
1077	313	
1078	707	
1079	888	
1080	676	
1081	272	
1082	656	
1083	622	
1084	245	
1085	542	
1086	311	
1087	228	
1088	820	
1089	247	
1090	15	
1091	652	
1092	447	
1093	906	
1094	235	
1095	127	
1096	412	
1097	103	
1098	623	
1099	235	
1100	229	
1101	622	
1102	465	
1103	727	
1104	286	
1105	107	
1106	883	
1107	603	
1108	395	
1109	446	
1110	733	
1111	419	
1112	485	
1113	933	
1114	189	
1115	90	
1116	387	
1117	546	
1118	320	
1119	769	
1120	531	
1121	809	
1122	856	
1123	167	
1124	272	
1125	647	
1126	45	
1127	31	
1128	714	
1129	894	
1130	718	
1131	7	
1132	179	
1133	758	
1134	311	
1135	509	
1136	54	
1137	411	
1138	650	
1139	578	
1140	544	
1141	547	
1142	424	
1143	80	
1144	649	
1145	726	
1146	174	
1147	645	
1148	625	
1149	614	
1150	139	
1151	56	
1152	589	
1153	830	
1154	654	
1155	977	
1156	49	
1157	773	
1158	329	
1159	658	
1160	5	
1161	402	
1162	266	
1163	842	
1164	273	
1165	998	
1166	919	
1167	366	
1168	634	
1169	423	
1170	119	
1171	31	
1172	893	
1173	529	
1174	917	
1175	945	
1176	185	
1177	428	
1178	22	
1179	503	
1180	23	
1181	179	
1182	47	
1183	386	
1184	539	
1185	289	
1186	642	
1187	977	
1188	113	
1189	803	
1190	391	
1191	312	
1192	890	
1193	786	
1194	565	
1195	483	
1196	655	
1197	296	
1198	432	
1199	569	
1200	746	
1201	64	
1202	978	
1203	771	
1204	129	
1205	455	
1206	916	
1207	707	
1208	172	
1209	23	
1210	675	
1211	120	
1212	436	
1213	569	
1214	197	
1215	350	
1216	220	
1217	416	
1218	923	
1219	80	
1220	193	
1221	418	
1222	743	
1223	32	
1224	508	
1225	911	
1226	549	
1227	594	
1228	44	
1229	770	
1230	683	
1231	111	
1232	813	
1233	325	
1234	234	
1235	501	
1236	821	
1237	311	
1238	492	
1239	849	
1240	500	
1241	743	
1242	638	
1243	895	
1244	193	
1245	191	
1246	229	
1247	509	
1248	921	
1249	139	
1250	370	
1251	206	
1252	145	
1253	449	
1254	1000	
1255	91	
1256	544	
1257	833	
1258	394	
1259	577	
1260	232	
1261	932	
1262	367	
1263	487	
1264	620	
1265	47	
1266	872	
1267	926	
1268	433	
1269	398	
1270	670	
1271	225	
1272	54	
1273	835	
1274	150	
1275	508	
1276	574	
1277	446	
1278	318	
1279	455	
1280	202	
1281	267	
1282	967	
1283	314	
1284	65	
1285	617	
1286	42	
1287	104	
1288	713	
1289	88	
1290	733	
1291	110	
1292	605	
1293	880	
1294	909	
1295	746	
1296	191	
1297	493	
1298	995	
1299	878	
1300	308	
1301	119	
1302	865	
1303	52	
1304	349	
1305	483	
1306	740	
1307	745	
1308	146	
1309	845	
1310	81	
1311	900	
1312	54	
1313	568	
1314	881	
1315	165	
1316	32	
1317	346	
1318	383	
1319	168	
1320	949	
1321	835	
1322	134	
1323	89	
1324	513	
1325	931	
1326	349	
1327	912	
1328	101	
1329	952	
1330	364	
1331	300	
1332	863	
1333	472	
1334	182	
1335	561	
1336	183	
1337	937	
1338	39	
1339	412	
1340	237	
1341	286	
1342	445	
1343	619	
1344	662	
1345	538	
1346	281	
1347	583	
1348	694	
1349	27	
1350	501	
1351	275	
1352	765	
1353	138	
1354	140	
1355	884	
1356	508	
1357	648	
1358	790	
1359	800	
1360	462	
1361	488	
1362	955	
1363	89	
1364	633	
1365	193	
1366	437	
1367	681	
1368	36	
1369	715	
1370	48	
1371	637	
1372	97	
1373	46	
1374	676	
1375	660	
1376	90	
1377	784	
1378	583	
1379	983	
1380	300	
1381	661	
1382	388	
1383	384	
1384	625	
1385	638	
1386	280	
1387	964	
1388	7	
1389	53	
1390	873	
1391	675	
1392	892	
1393	605	
1394	432	
1395	716	
1396	403	
1397	676	
1398	925	
1399	348	
1400	22	
1401	561	
1402	71	
1403	261	
1404	76	
1405	240	
1406	771	
1407	520	
1408	809	
1409	787	
1410	90	
1411	518	
1412	642	
1413	592	
1414	357	
1415	368	
1416	712	
1417	487	
1418	226	
1419	820	
1420	938	
1421	715	
1422	582	
1423	833	
1424	965	
1425	990	
1426	122	
1427	247	
1428	21	
1429	798	
1430	271	
1431	65	
1432	339	
1433	364	
1434	268	
1435	252	
1436	782	
1437	986	
1438	317	
1439	471	
1440	916	
1441	50	
1442	67	
1443	835	
1444	80	
1445	675	
1446	816	
1447	443	
1448	186	
1449	661	
1450	977	
1451	818	
1452	932	
1453	257	
1454	892	
1455	729	
1456	473	
1457	3	
1458	665	
1459	967	
1460	54	
1461	562	
1462	371	
1463	153	
1464	107	
1465	804	
1466	414	
1467	738	
1468	328	
1469	628	
1470	352	
1471	209	
1472	130	
1473	334	
1474	609	
1475	527	
1476	549	
1477	247	
1478	844	
1479	512	
1480	889	
1481	71	
1482	550	
1483	55	
1484	206	
1485	504	
1486	868	
1487	908	
1488	2	
1489	78	
1490	223	
1491	343	
1492	135	
1493	390	
1494	64	
1495	611	
1496	647	
1497	633	
1498	517	
1499	486	
1500	954	
1501	848	
1502	804	
1503	413	
1504	892	
1505	743	
1506	781	
1507	882	
1508	58	
1509	947	
1510	794	
1511	199	
1512	899	
1513	942	
1514	280	
1515	522	
1516	760	
1517	520	
1518	669	
1519	433	
1520	653	
1521	197	
1522	241	
1523	525	
1524	328	
1525	995	
1526	607	
1527	712	
1528	191	
1529	442	
1530	459	
1531	464	
1532	916	
1533	348	
1534	427	
1535	924	
1536	482	
1537	20	
1538	71	
1539	211	
1540	926	
1541	32	
1542	154	
1543	130	
1544	880	
1545	505	
1546	393	
1547	300	
1548	897	
1549	632	
1550	584	
1551	993	
1552	805	
1553	120	
1554	138	
1555	73	
1556	520	
1557	856	
1558	816	
1559	984	
1560	874	
1561	992	
1562	190	
1563	794	
1564	173	
1565	680	
1566	106	
1567	365	
1568	347	
1569	166	
1570	646	
1571	203	
1572	810	
1573	614	
1574	803	
1575	839	
1576	761	
1577	849	
1578	126	
1579	789	
1580	898	
1581	537	
1582	805	
1583	676	
1584	8	
1585	632	
1586	240	
1587	941	
1588	96	
1589	558	
1590	66	
1591	218	
1592	737	
1593	930	
1594	86	
1595	834	
1596	398	
1597	277	
1598	36	
1599	497	
1600	992	
1601	260	
1602	339	
1603	2	
1604	358	
1605	796	
1606	814	
1607	119	
1608	902	
1609	438	
1610	482	
1611	76	
1612	363	
1613	258	
1614	339	
1615	729	
1616	567	
1617	941	
1618	404	
1619	127	
1620	855	
1621	741	
1622	853	
1623	743	
1624	188	
1625	353	
1626	380	
1627	16	
1628	302	
1629	987	
1630	735	
1631	424	
1632	128	
1633	551	
1634	430	
1635	623	
1636	409	
1637	499	
1638	883	
1639	161	
1640	655	
1641	487	
1642	763	
1643	50	
1644	355	
1645	76	
1646	259	
1647	217	
1648	673	
1649	511	
1650	669	
1651	375	
1652	678	
1653	316	
1654	435	
1655	199	
1656	770	
1657	460	
1658	984	
1659	997	
1660	358	
1661	689	
1662	452	
1663	65	
1664	149	
1665	455	
1666	990	
1667	803	
1668	236	
1669	659	
1670	249	
1671	726	
1672	3	
1673	309	
1674	905	
1675	534	
1676	923	
1677	607	
1678	85	
1679	716	
1680	47	
1681	877	
1682	700	
1683	414	
1684	397	
1685	244	
1686	98	
1687	929	
1688	212	
1689	125	
1690	450	
1691	17	
1692	5	
1693	896	
1694	10	
1695	893	
1696	692	
1697	467	
1698	12	
1699	997	
1700	862	
1701	579	
1702	713	
1703	461	
1704	242	
1705	511	
1706	253	
1707	338	
1708	770	
1709	850	
1710	968	
1711	273	
1712	601	
1713	303	
1714	729	
1715	476	
1716	747	
1717	220	
1718	682	
1719	694	
1720	314	
1721	777	
1722	969	
1723	988	
1724	605	
1725	304	
1726	34	
1727	819	
1728	648	
1729	396	
1730	519	
1731	406	
1732	72	
1733	660	
1734	562	
1735	191	
1736	206	
1737	111	
1738	543	
1739	803	
1740	249	
1741	558	
1742	85	
1743	97	
1744	310	
1745	831	
1746	59	
1747	952	
1748	417	
1749	630	
1750	733	
1751	886	
1752	171	
1753	211	
1754	101	
1755	565	
1756	947	
1757	864	
1758	676	
1759	165	
1760	599	
1761	986	
1762	112	
1763	94	
1764	610	
1765	277	
1766	229	
1767	468	
1768	413	
1769	722	
1770	615	
1771	980	
1772	616	
1773	755	
1774	811	
1775	339	
1776	295	
1777	51	
1778	187	
1779	260	
1780	119	
1781	463	
1782	728	
1783	304	
1784	239	
1785	881	
1786	360	
1787	412	
1788	610	
1789	753	
1790	311	
1791	424	
1792	241	
1793	28	
1794	71	
1795	541	
1796	123	
1797	927	
1798	394	
1799	980	
1800	359	
1801	91	
1802	924	
1803	107	
1804	678	
1805	520	
1806	883	
1807	144	
1808	219	
1809	683	
1810	889	
1811	149	
1812	460	
1813	986	
1814	878	
1815	252	
1816	384	
1817	180	
1818	1000	
1819	859	
1820	528	
1821	83	
1822	36	
1823	655	
1824	64	
1825	275	
1826	907	
1827	233	
1828	372	
1829	986	
1830	1000	
1831	574	
1832	717	
1833	992	
1834	23	
1835	664	
1836	340	
1837	742	
1838	341	
1839	776	
1840	955	
1841	176	
1842	52	
1843	453	
1844	545	
1845	941	
1846	413	
1847	900	
1848	764	
1849	379	
1850	541	
1851	280	
1852	766	
1853	581	
1854	946	
1855	64	
1856	882	
1857	503	
1858	405	
1859	397	
1860	53	
1861	29	
1862	648	
1863	602	
1864	927	
1865	457	
1866	951	
1867	164	
1868	185	
1869	76	
1870	328	
1871	434	
1872	343	
1873	754	
1874	644	
1875	628	
1876	725	
1877	632	
1878	910	
1879	142	
1880	764	
1881	615	
1882	736	
1883	875	
1884	731	
1885	536	
1886	459	
1887	979	
1888	47	
1889	767	
1890	997	
1891	463	
1892	237	
1893	65	
1894	138	
1895	362	
1896	629	
1897	152	
1898	189	
1899	839	
1900	919	
1901	171	
1902	397	
1903	799	
1904	86	
1905	192	
1906	779	
1907	618	
1908	265	
1909	957	
1910	816	
1911	82	
1912	943	
1913	656	
1914	97	
1915	285	
1916	416	
1917	3	
1918	708	
1919	914	
1920	160	
1921	235	
1922	570	
1923	512	
1924	317	
1925	382	
1926	517	
1927	964	
1928	134	
1929	603	
1930	577	
1931	609	
1932	347	
1933	803	
1934	892	
1935	487	
1936	689	
1937	451	
1938	447	
1939	222	
1940	325	
1941	473	
1942	132	
1943	130	
1944	254	
1945	173	
1946	504	
1947	838	
1948	29	
1949	815	
1950	104	
1951	946	
1952	749	
1953	565	
1954	429	
1955	440	
1956	565	
1957	603	
1958	322	
1959	600	
1960	626	
1961	866	
1962	386	
1963	185	
1964	240	
1965	571	
1966	428	
1967	305	
1968	824	
1969	459	
1970	761	
1971	137	
1972	448	
1973	687	
1974	226	
1975	595	
1976	464	
1977	223	
1978	612	
1979	341	
1980	465	
1981	20	
1982	493	
1983	726	
1984	862	
1985	667	
1986	869	
1987	54	
1988	364	
1989	9	
1990	392	
1991	887	
1992	515	
1993	638	
1994	417	
1995	624	
1996	428	
1997	916	
1998	342	
1999	646	
2000	850	
2001	735	
2002	160	
2003	850	
2004	19	
2005	813	
2006	41	
2007	24	
2008	438	
2009	45	
2010	469	
2011	508	
2012	765	
2013	417	
2014	243	
2015	28	
2016	514	
2017	501	
2018	668	
2019	418	
2020	131	
2021	471	
2022	824	
2023	713	
2024	399	
2025	631	
2026	5	
2027	549	
2028	303	
2029	638	
2030	809	
2031	157	
2032	248	
2033	240	
2034	181	
2035	450	
2036	334	
2037	828	
2038	570	
2039	615	
2040	496	
2041	776	
2042	157	
2043	864	
2044	760	
2045	767	
2046	940	
2047	821	
2048	105	
2049	21	
2050	535	
2051	294	
2052	425	
2053	598	
2054	186	
2055	997	
2056	6	
2057	620	
2058	775	
2059	881	
2060	931	
2061	88	
2062	358	
2063	311	
2064	610	
2065	174	
2066	895	
2067	401	
2068	768	
2069	59	
2070	700	
2071	265	
2072	869	
2073	664	
2074	985	
2075	412	
2076	355	
2077	558	
2078	934	
2079	56	
2080	157	
2081	488	
2082	321	
2083	784	
2084	511	
2085	142	
2086	477	
2087	773	
2088	282	
2089	590	
2090	287	
2091	884	
2092	774	
2093	459	
2094	165	
2095	12	
2096	63	
2097	408	
2098	743	
2099	878	
2100	786	
2101	763	
2102	216	
2103	981	
2104	478	
2105	660	
2106	204	
2107	301	
2108	998	
2109	333	
2110	161	
2111	558	
2112	140	
2113	305	
2114	696	
2115	8	
2116	69	
2117	614	
2118	114	
2119	358	
2120	144	
2121	253	
2122	612	
2123	69	
2124	336	
2125	503	
2126	501	
2127	523	
2128	327	
2129	703	
2130	149	
2131	666	
2132	875	
2133	132	
2134	62	
2135	44	
2136	675	
2137	461	
2138	372	
2139	726	
2140	136	
2141	581	
2142	926	
2143	991	
2144	334	
2145	38	
2146	292	
2147	631	
2148	394	
2149	279	
2150	584	
2151	674	
2152	107	
2153	480	
2154	343	
2155	69	
2156	714	
2157	403	
2158	391	
2159	13	
2160	556	
2161	962	
2162	937	
2163	965	
2164	732	
2165	861	
2166	165	
2167	486	
2168	27	
2169	571	
2170	946	
2171	69	
2172	162	
2173	701	
2174	597	
2175	922	
2176	540	
2177	480	
2178	750	
2179	597	
2180	287	
2181	593	
2182	849	
2183	297	
2184	505	
2185	592	
2186	512	
2187	123	
2188	4	
2189	559	
2190	643	
2191	898	
2192	732	
2193	330	
2194	714	
2195	870	
2196	429	
2197	519	
2198	286	
2199	242	
2200	351	
2201	221	
2202	125	
2203	915	
2204	452	
2205	958	
2206	101	
2207	264	
2208	166	
2209	558	
2210	326	
2211	946	
2212	667	
2213	315	
2214	410	
2215	131	
2216	699	
2217	853	
2218	14	
2219	608	
2220	85	
2221	989	
2222	976	
2223	265	
2224	279	
2225	975	
2226	112	
2227	653	
2228	661	
2229	993	
2230	257	
2231	49	
2232	671	
2233	612	
2234	966	
2235	783	
2236	373	
2237	624	
2238	503	
2239	513	
2240	3	
2241	809	
2242	932	
2243	317	
2244	343	
2245	70	
2246	302	
2247	47	
2248	312	
2249	454	
2250	58	
2251	516	
2252	911	
2253	987	
2254	175	
2255	451	
2256	231	
2257	248	
2258	700	
2259	660	
2260	853	
2261	389	
2262	357	
2263	714	
2264	258	
2265	895	
2266	349	
2267	906	
2268	910	
2269	106	
2270	379	
2271	660	
2272	844	
2273	817	
2274	159	
2275	591	
2276	507	
2277	41	
2278	331	
2279	438	
2280	17	
2281	372	
2282	356	
2283	750	
2284	999	
2285	297	
2286	559	
2287	823	
2288	361	
2289	54	
2290	398	
2291	225	
2292	821	
2293	240	
2294	787	
2295	950	
2296	993	
2297	55	
2298	617	
2299	492	
2300	734	
2301	621	
2302	512	
2303	17	
2304	137	
2305	565	
2306	87	
2307	623	
2308	270	
2309	765	
2310	185	
2311	271	
2312	61	
2313	526	
2314	451	
2315	783	
2316	255	
2317	600	
2318	737	
2319	590	
2320	592	
2321	185	
2322	510	
2323	285	
2324	52	
2325	293	
2326	458	
2327	117	
2328	411	
2329	956	
2330	667	
2331	28	
2332	414	
2333	792	
2334	743	
2335	546	
2336	73	
2337	350	
2338	246	
2339	894	
2340	633	
2341	482	
2342	914	
2343	523	
2344	358	
2345	573	
2346	143	
2347	127	
2348	399	
2349	264	
2350	717	
2351	464	
2352	538	
2353	104	
2354	19	
2355	175	
2356	955	
2357	242	
2358	643	
2359	174	
2360	889	
2361	749	
2362	523	
2363	611	
2364	718	
2365	92	
2366	896	
2367	853	
2368	69	
2369	899	
2370	538	
2371	291	
2372	660	
2373	511	
2374	444	
2375	354	
2376	241	
2377	777	
2378	530	
2379	461	
2380	847	
2381	953	
2382	834	
2383	292	
2384	792	
2385	868	
2386	446	
2387	120	
2388	201	
2389	927	
2390	942	
2391	250	
2392	979	
2393	155	
2394	896	
2395	537	
2396	125	
2397	433	
2398	506	
2399	402	
2400	973	
2401	517	
2402	379	
2403	120	
2404	454	
2405	837	
2406	591	
2407	771	
2408	89	
2409	681	
2410	306	
2411	986	
2412	318	
2413	202	
2414	577	
2415	787	
2416	1	
2417	380	
2418	670	
2419	799	
2420	207	
2421	310	
2422	163	
2423	177	
2424	656	
2425	230	
2426	771	
2427	101	
2428	124	
2429	671	
2430	405	
2431	339	
2432	128	
2433	732	
2434	154	
2435	58	
2436	568	
2437	900	
2438	812	
2439	927	
2440	604	
2441	806	
2442	39	
2443	318	
2444	301	
2445	500	
2446	506	
2447	741	
2448	214	
2449	81	
2450	852	
2451	717	
2452	949	
2453	188	
2454	1	
2455	530	
2456	833	
2457	933	
2458	363	
2459	960	
2460	491	
2461	21	
2462	91	
2463	814	
2464	55	
2465	559	
2466	119	
2467	108	
2468	506	
2469	3	
2470	923	
2471	606	
2472	555	
2473	551	
2474	891	
2475	72	
2476	19	
2477	446	
2478	788	
2479	929	
2480	599	
2481	843	
2482	488	
2483	482	
2484	562	
2485	892	
2486	504	
2487	230	
2488	485	
2489	369	
2490	65	
2491	105	
2492	465	
2493	35	
2494	426	
2495	691	
2496	393	
2497	327	
2498	34	
2499	556	
2500	899	
2501	339	
2502	492	
2503	455	
2504	181	
2505	309	
2506	707	
2507	233	
2508	185	
2509	305	
2510	648	
2511	152	
2512	147	
2513	721	
2514	913	
2515	222	
2516	151	
2517	932	
2518	929	
2519	924	
2520	285	
2521	825	
2522	933	
2523	513	
2524	503	
2525	659	
2526	538	
2527	347	
2528	295	
2529	60	
2530	946	
2531	211	
2532	947	
2533	867	
2534	974	
2535	131	
2536	515	
2537	544	
2538	978	
2539	560	
2540	87	
2541	229	
2542	133	
2543	609	
2544	627	
2545	324	
2546	368	
2547	520	
2548	396	
2549	517	
2550	324	
2551	950	
2552	257	
2553	838	
2554	806	
2555	832	
2556	869	
2557	915	
2558	349	
2559	198	
2560	897	
2561	885	
2562	352	
2563	136	
2564	308	
2565	516	
2566	225	
2567	817	
2568	260	
2569	432	
2570	454	
2571	134	
2572	516	
2573	745	
2574	684	
2575	413	
2576	870	
2577	852	
2578	84	
2579	712	
2580	184	
2581	30	
2582	209	
2583	889	
2584	937	
2585	816	
2586	621	
2587	853	
2588	82	
2589	787	
2590	937	
2591	731	
2592	702	
2593	947	
2594	747	
2595	764	
2596	764	
2597	182	
2598	223	
2599	898	
2600	994	
2601	468	
2602	464	
2603	291	
2604	33	
2605	214	
2606	317	
2607	604	
2608	29	
2609	232	
2610	583	
2611	55	
2612	860	
2613	664	
2614	391	
2615	176	
2616	444	
2617	518	
2618	58	
2619	785	
2620	166	
2621	844	
2622	950	
2623	803	
2624	711	
2625	118	
2626	556	
2627	455	
2628	643	
2629	456	
2630	453	
2631	542	
2632	402	
2633	228	
2634	471	
2635	582	
2636	310	
2637	675	
2638	831	
2639	317	
2640	856	
2641	873	
2642	766	
2643	733	
2644	271	
2645	131	
2646	766	
2647	953	
2648	226	
2649	857	
2650	620	
2651	492	
2652	331	
2653	182	
2654	389	
2655	846	
2656	684	
2657	605	
2658	322	
2659	432	
2660	907	
2661	507	
2662	350	
2663	604	
2664	423	
2665	449	
2666	268	
2667	296	
2668	330	
2669	129	
2670	819	
2671	737	
2672	430	
2673	550	
2674	860	
2675	18	
2676	490	
2677	414	
2678	256	
2679	612	
2680	549	
2681	257	
2682	868	
2683	645	
2684	95	
2685	280	
2686	950	
2687	339	
2688	148	
2689	136	
2690	815	
2691	816	
2692	794	
2693	575	
2694	504	
2695	389	
2696	711	
2697	371	
2698	895	
2699	944	
2700	910	
2701	376	
2702	881	
2703	88	
2704	264	
2705	464	
2706	919	
2707	581	
2708	389	
2709	10	
2710	947	
2711	538	
2712	818	
2713	517	
2714	265	
2715	141	
2716	682	
2717	67	
2718	280	
2719	899	
2720	80	
2721	985	
2722	872	
2723	86	
2724	88	
2725	27	
2726	740	
2727	969	
2728	139	
2729	234	
2730	63	
2731	495	
2732	313	
2733	7	
2734	624	
2735	57	
2736	798	
2737	7	
2738	943	
2739	647	
2740	591	
2741	206	
2742	631	
2743	707	
2744	252	
2745	166	
2746	588	
2747	963	
2748	85	
2749	951	
2750	92	
2751	814	
2752	847	
2753	678	
2754	152	
2755	939	
2756	182	
2757	736	
2758	393	
2759	231	
2760	202	
2761	205	
2762	661	
2763	741	
2764	300	
2765	71	
2766	353	
2767	669	
2768	87	
2769	402	
2770	326	
2771	127	
2772	761	
2773	739	
2774	238	
2775	311	
2776	561	
2777	739	
2778	5	
2779	888	
2780	632	
2781	467	
2782	650	
2783	363	
2784	658	
2785	903	
2786	149	
2787	631	
2788	276	
2789	605	
2790	912	
2791	615	
2792	229	
2793	997	
2794	240	
2795	113	
2796	975	
2797	1000	
2798	187	
2799	123	
2800	124	
2801	482	
2802	322	
2803	134	
2804	139	
2805	953	
2806	597	
2807	181	
2808	906	
2809	197	
2810	547	
2811	876	
2812	467	
2813	672	
2814	409	
2815	587	
2816	33	
2817	750	
2818	712	
2819	305	
2820	561	
2821	715	
2822	313	
2823	987	
2824	132	
2825	561	
2826	993	
2827	764	
2828	897	
2829	633	
2830	631	
2831	252	
2832	645	
2833	967	
2834	731	
2835	460	
2836	652	
2837	336	
2838	887	
2839	646	
2840	110	
2841	252	
2842	775	
2843	134	
2844	997	
2845	670	
2846	570	
2847	909	
2848	371	
2849	265	
2850	944	
2851	402	
2852	542	
2853	490	
2854	195	
2855	305	
2856	974	
2857	994	
2858	528	
2859	670	
2860	459	
2861	731	
2862	461	
2863	832	
2864	329	
2865	8	
2866	194	
2867	448	
2868	573	
2869	95	
2870	34	
2871	17	
2872	382	
2873	87	
2874	17	
2875	503	
2876	551	
2877	292	
2878	245	
2879	954	
2880	953	
2881	392	
2882	782	
2883	626	
2884	507	
2885	905	
2886	135	
2887	858	
2888	900	
2889	56	
2890	613	
2891	422	
2892	932	
2893	581	
2894	524	
2895	214	
2896	728	
2897	293	
2898	695	
2899	411	
2900	213	
2901	222	
2902	223	
2903	623	
2904	2	
2905	975	
2906	264	
2907	879	
2908	1000	
2909	283	
2910	297	
2911	586	
2912	35	
2913	300	
2914	242	
2915	880	
2916	559	
2917	481	
2918	581	
2919	869	
2920	341	
2921	434	
2922	71	
2923	565	
2924	909	
2925	816	
2926	805	
2927	463	
2928	700	
2929	176	
2930	89	
2931	621	
2932	293	
2933	950	
2934	533	
2935	583	
2936	569	
2937	116	
2938	885	
2939	125	
2940	537	
2941	210	
2942	222	
2943	140	
2944	320	
2945	437	
2946	59	
2947	893	
2948	619	
2949	370	
2950	548	
2951	203	
2952	898	
2953	257	
2954	110	
2955	915	
2956	470	
2957	308	
2958	344	
2959	403	
2960	99	
2961	191	
2962	673	
2963	845	
2964	573	
2965	583	
2966	973	
2967	203	
2968	572	
2969	429	
2970	639	
2971	138	
2972	473	
2973	586	
2974	462	
2975	753	
2976	585	
2977	442	
2978	706	
2979	88	
2980	39	
2981	523	
2982	509	
2983	443	
2984	187	
2985	773	
2986	339	
2987	311	
2988	559	
2989	456	
2990	420	
2991	745	
2992	741	
2993	11	
2994	239	
2995	627	
2996	748	
2997	185	
2998	479	
2999	329	
3000	107	
3001	923	
3002	975	
3003	765	
3004	602	
3005	787	
3006	567	
3007	64	
3008	917	
3009	268	
3010	670	
3011	794	
3012	314	
3013	605	
3014	263	
3015	478	
3016	543	
3017	37	
3018	270	
3019	817	
3020	327	
3021	965	
3022	762	
3023	258	
3024	980	
3025	843	
3026	578	
3027	889	
3028	147	
3029	179	
3030	586	
3031	865	
3032	269	
3033	845	
3034	461	
3035	399	
3036	354	
3037	404	
3038	929	
3039	666	
3040	221	
3041	323	
3042	240	
3043	123	
3044	580	
3045	279	
3046	835	
3047	52	
3048	695	
3049	825	
3050	159	
3051	355	
3052	630	
3053	603	
3054	201	
3055	605	
3056	373	
3057	856	
3058	899	
3059	29	
3060	98	
3061	566	
3062	255	
3063	308	
3064	698	
3065	453	
3066	16	
3067	424	
3068	745	
3069	990	
3070	126	
3071	687	
3072	985	
3073	470	
3074	200	
3075	410	
3076	263	
3077	650	
3078	41	
3079	821	
3080	587	
3081	683	
3082	333	
3083	19	
3084	790	
3085	745	
3086	298	
3087	155	
3088	203	
3089	809	
3090	562	
3091	112	
3092	264	
3093	697	
3094	957	
3095	434	
3096	92	
3097	816	
3098	409	
3099	335	
3100	768	
3101	993	
3102	820	
3103	710	
3104	200	
3105	238	
3106	957	
3107	328	
3108	225	
3109	726	
3110	96	
3111	136	
3112	930	
3113	825	
3114	321	
3115	129	
3116	428	
3117	16	
3118	877	
3119	588	
3120	668	
3121	248	
3122	966	
3123	89	
3124	134	
3125	965	
3126	677	
3127	362	
3128	737	
3129	473	
3130	16	
3131	309	
3132	343	
3133	212	
3134	635	
3135	184	
3136	715	
3137	346	
3138	952	
3139	389	
3140	650	
3141	738	
3142	713	
3143	573	
3144	501	
3145	603	
3146	778	
3147	895	
3148	947	
3149	64	
3150	825	
3151	583	
3152	409	
3153	250	
3154	520	
3155	161	
3156	123	
3157	458	
3158	935	
3159	69	
3160	737	
3161	110	
3162	196	
3163	498	
3164	941	
3165	615	
3166	180	
3167	925	
3168	329	
3169	147	
3170	609	
3171	584	
3172	484	
3173	319	
3174	235	
3175	838	
3176	571	
3177	883	
3178	961	
3179	170	
3180	537	
3181	968	
3182	511	
3183	197	
3184	697	
3185	914	
3186	999	
3187	471	
3188	296	
3189	471	
3190	554	
3191	163	
3192	670	
3193	279	
3194	526	
3195	773	
3196	475	
3197	324	
3198	447	
3199	588	
3200	508	
3201	569	
3202	975	
3203	826	
3204	613	
3205	757	
3206	152	
3207	225	
3208	325	
3209	735	
3210	830	
3211	301	
3212	239	
3213	488	
3214	351	
3215	430	
3216	429	
3217	222	
3218	932	
3219	996	
3220	941	
3221	933	
3222	807	
3223	739	
3224	94	
3225	373	
3226	293	
3227	847	
3228	633	
3229	841	
3230	307	
3231	702	
3232	465	
3233	140	
3234	795	
3235	594	
3236	245	
3237	347	
3238	517	
3239	238	
3240	819	
3241	287	
3242	880	
3243	758	
3244	316	
3245	706	
3246	992	
3247	425	
3248	733	
3249	590	
3250	543	
3251	416	
3252	761	
3253	147	
3254	766	
3255	278	
3256	329	
3257	752	
3258	666	
3259	191	
3260	942	
3261	383	
3262	793	
3263	315	
3264	3	
3265	995	
3266	28	
3267	962	
3268	325	
3269	362	
3270	885	
3271	638	
3272	868	
3273	300	
3274	536	
3275	750	
3276	601	
3277	388	
3278	227	
3279	863	
3280	896	
3281	84	
3282	311	
3283	771	
3284	37	
3285	394	
3286	862	
3287	563	
3288	88	
3289	248	
3290	901	
3291	630	
3292	987	
3293	709	
3294	713	
3295	202	
3296	360	
3297	134	
3298	339	
3299	711	
3300	621	
3301	41	
3302	606	
3303	233	
3304	481	
3305	726	
3306	805	
3307	444	
3308	342	
3309	158	
3310	887	
3311	335	
3312	391	
3313	670	
3314	741	
3315	620	
3316	233	
3317	90	
3318	824	
3319	219	
3320	131	
3321	116	
3322	93	
3323	844	
3324	943	
3325	92	
3326	458	
3327	692	
3328	632	
3329	662	
3330	256	
3331	596	
3332	316	
3333	977	
3334	177	
3335	990	
3336	90	
3337	868	
3338	792	
3339	345	
3340	314	
3341	337	
3342	229	
3343	562	
3344	681	
3345	964	
3346	40	
3347	411	
3348	388	
3349	323	
3350	59	
3351	342	
3352	129	
3353	364	
3354	563	
3355	376	
3356	971	
3357	675	
3358	149	
3359	696	
3360	453	
3361	347	
3362	314	
3363	223	
3364	683	
3365	282	
3366	477	
3367	119	
3368	230	
3369	527	
3370	473	
3371	341	
3372	606	
3373	637	
3374	469	
3375	296	
3376	71	
3377	663	
3378	418	
3379	873	
3380	495	
3381	132	
3382	657	
3383	620	
3384	979	
3385	290	
3386	670	
3387	259	
3388	631	
3389	507	
3390	802	
3391	7	
3392	469	
3393	909	
3394	506	
3395	784	
3396	146	
3397	203	
3398	587	
3399	297	
3400	62	
3401	815	
3402	199	
3403	311	
3404	794	
3405	530	
3406	174	
3407	305	
3408	689	
3409	111	
3410	584	
3411	206	
3412	417	
3413	517	
3414	351	
3415	435	
3416	305	
3417	516	
3418	192	
3419	13	
3420	986	
3421	484	
3422	520	
3423	801	
3424	664	
3425	291	
3426	952	
3427	880	
3428	368	
3429	709	
3430	442	
3431	526	
3432	281	
3433	883	
3434	187	
3435	648	
3436	309	
3437	359	
3438	737	
3439	211	
3440	158	
3441	612	
3442	933	
3443	946	
3444	499	
3445	951	
3446	760	
3447	814	
3448	298	
3449	58	
3450	494	
3451	333	
3452	605	
3453	798	
3454	375	
3455	221	
3456	311	
3457	774	
3458	3	
3459	663	
3460	958	
3461	632	
3462	995	
3463	646	
3464	352	
3465	620	
3466	845	
3467	983	
3468	440	
3469	237	
3470	238	
3471	897	
3472	407	
3473	357	
3474	863	
3475	36	
3476	845	
3477	506	
3478	58	
3479	699	
3480	879	
3481	301	
3482	443	
3483	564	
3484	192	
3485	464	
3486	17	
3487	652	
3488	2	
3489	533	
3490	316	
3491	189	
3492	915	
3493	427	
3494	174	
3495	601	
3496	3	
3497	146	
3498	844	
3499	590	
3500	410	
3501	387	
3502	388	
3503	161	
3504	516	
3505	434	
3506	670	
3507	461	
3508	566	
3509	190	
3510	389	
3511	75	
3512	584	
3513	421	
3514	453	
3515	969	
3516	354	
3517	946	
3518	892	
3519	69	
3520	241	
3521	409	
3522	314	
3523	737	
3524	273	
3525	495	
3526	979	
3527	486	
3528	225	
3529	684	
3530	569	
3531	634	
3532	724	
3533	458	
3534	276	
3535	708	
3536	348	
3537	469	
3538	868	
3539	252	
3540	479	
3541	250	
3542	778	
3543	70	
3544	84	
3545	594	
3546	573	
3547	621	
3548	468	
3549	398	
3550	272	
3551	897	
3552	891	
3553	458	
3554	382	
3555	635	
3556	717	
3557	763	
3558	617	
3559	990	
3560	355	
3561	939	
3562	12	
3563	646	
3564	14	
3565	97	
3566	133	
3567	873	
3568	280	
3569	748	
3570	191	
3571	186	
3572	880	
3573	391	
3574	9	
3575	195	
3576	900	
3577	651	
3578	658	
3579	608	
3580	157	
3581	865	
3582	303	
3583	832	
3584	704	
3585	487	
3586	968	
3587	109	
3588	242	
3589	128	
3590	720	
3591	208	
3592	489	
3593	734	
3594	988	
3595	56	
3596	151	
3597	738	
3598	200	
3599	546	
3600	248	
3601	207	
3602	39	
3603	967	
3604	64	
3605	196	
3606	66	
3607	90	
3608	911	
3609	296	
3610	573	
3611	337	
3612	798	
3613	414	
3614	495	
3615	522	
3616	130	
3617	25	
3618	895	
3619	925	
3620	110	
3621	974	
3622	10	
3623	669	
3624	386	
3625	918	
3626	729	
3627	784	
3628	624	
3629	291	
3630	21	
3631	12	
3632	355	
3633	567	
3634	365	
3635	858	
3636	280	
3637	874	
3638	132	
3639	421	
3640	374	
3641	51	
3642	5	
3643	865	
3644	471	
3645	99	
3646	8	
3647	918	
3648	423	
3649	551	
3650	236	
3651	67	
3652	625	
3653	380	
3654	685	
3655	621	
3656	879	
3657	883	
3658	109	
3659	551	
3660	584	
3661	516	
3662	539	
3663	2	
3664	801	
3665	844	
3666	233	
3667	932	
3668	423	
3669	801	
3670	504	
3671	202	
3672	369	
3673	642	
3674	380	
3675	544	
3676	880	
3677	913	
3678	675	
3679	132	
3680	631	
3681	122	
3682	151	
3683	856	
3684	573	
3685	411	
3686	913	
3687	879	
3688	79	
3689	180	
3690	702	
3691	693	
3692	937	
3693	190	
3694	459	
3695	761	
3696	612	
3697	13	
3698	938	
3699	877	
3700	462	
3701	792	
3702	821	
3703	281	
3704	991	
3705	365	
3706	903	
3707	709	
3708	183	
3709	287	
3710	288	
3711	557	
3712	827	
3713	834	
3714	287	
3715	908	
3716	807	
3717	611	
3718	343	
3719	292	
3720	371	
3721	330	
3722	4	
3723	354	
3724	208	
3725	241	
3726	517	
3727	924	
3728	978	
3729	404	
3730	337	
3731	124	
3732	309	
3733	472	
3734	860	
3735	972	
3736	217	
3737	62	
3738	953	
3739	153	
3740	151	
3741	862	
3742	966	
3743	897	
3744	619	
3745	974	
3746	853	
3747	615	
3748	522	
3749	115	
3750	823	
3751	412	
3752	795	
3753	260	
3754	505	
3755	69	
3756	280	
3757	204	
3758	128	
3759	57	
3760	627	
3761	126	
3762	846	
3763	777	
3764	67	
3765	72	
3766	476	
3767	224	
3768	382	
3769	890	
3770	240	
3771	395	
3772	54	
3773	166	
3774	214	
3775	872	
3776	558	
3777	959	
3778	672	
3779	280	
3780	124	
3781	564	
3782	736	
3783	782	
3784	862	
3785	179	
3786	130	
3787	375	
3788	263	
3789	424	
3790	669	
3791	705	
3792	641	
3793	237	
3794	296	
3795	270	
3796	137	
3797	681	
3798	279	
3799	976	
3800	815	
3801	188	
3802	484	
3803	276	
3804	701	
3805	206	
3806	56	
3807	17	
3808	125	
3809	957	
3810	898	
3811	944	
3812	158	
3813	37	
3814	843	
3815	435	
3816	469	
3817	303	
3818	202	
3819	439	
3820	165	
3821	37	
3822	707	
3823	820	
3824	937	
3825	513	
3826	1000	
3827	817	
3828	231	
3829	347	
3830	747	
3831	850	
3832	436	
3833	770	
3834	351	
3835	700	
3836	860	
3837	327	
3838	675	
3839	565	
3840	608	
3841	351	
3842	536	
3843	414	
3844	471	
3845	959	
3846	496	
3847	114	
3848	424	
3849	792	
3850	999	
3851	974	
3852	244	
3853	698	
3854	163	
3855	865	
3856	566	
3857	970	
3858	134	
3859	843	
3860	948	
3861	726	
3862	80	
3863	383	
3864	621	
3865	909	
3866	887	
3867	458	
3868	706	
3869	329	
3870	376	
3871	419	
3872	78	
3873	246	
3874	285	
3875	787	
3876	256	
3877	690	
3878	654	
3879	132	
3880	54	
3881	61	
3882	834	
3883	804	
3884	434	
3885	392	
3886	549	
3887	832	
3888	774	
3889	167	
3890	89	
3891	611	
3892	377	
3893	897	
3894	495	
3895	790	
3896	329	
3897	516	
3898	692	
3899	151	
3900	887	
3901	35	
3902	343	
3903	804	
3904	872	
3905	641	
3906	639	
3907	950	
3908	393	
3909	661	
3910	870	
3911	473	
3912	744	
3913	542	
3914	498	
3915	600	
3916	343	
3917	278	
3918	121	
3919	875	
3920	122	
3921	961	
3922	218	
3923	530	
3924	141	
3925	132	
3926	544	
3927	184	
3928	32	
3929	536	
3930	943	
3931	722	
3932	333	
3933	54	
3934	831	
3935	880	
3936	558	
3937	930	
3938	790	
3939	521	
3940	17	
3941	553	
3942	184	
3943	880	
3944	69	
3945	709	
3946	216	
3947	867	
3948	396	
3949	381	
3950	885	
3951	736	
3952	969	
3953	519	
3954	712	
3955	959	
3956	417	
3957	408	
3958	586	
3959	997	
3960	75	
3961	712	
3962	864	
3963	965	
3964	842	
3965	169	
3966	697	
3967	750	
3968	887	
3969	430	
3970	27	
3971	578	
3972	929	
3973	86	
3974	987	
3975	378	
3976	270	
3977	175	
3978	860	
3979	316	
3980	353	
3981	613	
3982	284	
3983	559	
3984	172	
3985	362	
3986	932	
3987	579	
3988	269	
3989	69	
3990	878	
3991	132	
3992	130	
3993	102	
3994	743	
3995	933	
3996	126	
3997	813	
3998	116	
3999	15	
4000	884	
4001	768	
4002	990	
4003	777	
4004	504	
4005	187	
4006	984	
4007	887	
4008	747	
4009	495	
4010	77	
4011	916	
4012	333	
4013	933	
4014	964	
4015	497	
4016	43	
4017	146	
4018	998	
4019	134	
4020	136	
4021	739	
4022	36	
4023	566	
4024	677	
4025	367	
4026	875	
4027	573	
4028	170	
4029	746	
4030	641	
4031	546	
4032	28	
4033	286	
4034	7	
4035	263	
4036	111	
4037	201	
4038	582	
4039	918	
4040	763	
4041	675	
4042	684	
4043	443	
4044	753	
4045	902	
4046	694	
4047	454	
4048	869	
4049	230	
4050	701	
4051	624	
4052	939	
4053	49	
4054	483	
4055	618	
4056	283	
4057	470	
4058	644	
4059	251	
4060	206	
4061	295	
4062	688	
4063	513	
4064	112	
4065	544	
4066	173	
4067	140	
4068	902	
4069	935	
4070	86	
4071	719	
4072	119	
4073	556	
4074	616	
4075	408	
4076	933	
4077	904	
4078	609	
4079	54	
4080	699	
4081	231	
4082	218	
4083	112	
4084	149	
4085	672	
4086	796	
4087	729	
4088	613	
4089	81	
4090	812	
4091	264	
4092	82	
4093	917	
4094	528	
4095	441	
4096	656	
4097	263	
4098	808	
4099	783	
4100	757	
4101	694	
4102	912	
4103	388	
4104	383	
4105	505	
4106	202	
4107	732	
4108	208	
4109	42	
4110	951	
4111	912	
4112	444	
4113	173	
4114	900	
4115	262	
4116	960	
4117	335	
4118	326	
4119	259	
4120	882	
4121	801	
4122	249	
4123	195	
4124	469	
4125	555	
4126	138	
4127	309	
4128	883	
4129	883	
4130	418	
4131	969	
4132	899	
4133	390	
4134	491	
4135	243	
4136	274	
4137	267	
4138	882	
4139	199	
4140	251	
4141	77	
4142	541	
4143	836	
4144	729	
4145	567	
4146	813	
4147	156	
4148	289	
4149	271	
4150	18	
4151	735	
4152	987	
4153	45	
4154	515	
4155	301	
4156	168	
4157	731	
4158	125	
4159	483	
4160	314	
4161	852	
4162	265	
4163	362	
4164	664	
4165	270	
4166	776	
4167	765	
4168	537	
4169	130	
4170	8	
4171	656	
4172	414	
4173	144	
4174	942	
4175	868	
4176	466	
4177	574	
4178	642	
4179	351	
4180	779	
4181	408	
4182	264	
4183	478	
4184	840	
4185	846	
4186	67	
4187	989	
4188	674	
4189	426	
4190	402	
4191	579	
4192	917	
4193	249	
4194	861	
4195	281	
4196	589	
4197	391	
4198	671	
4199	145	
4200	91	
4201	357	
4202	91	
4203	832	
4204	336	
4205	277	
4206	455	
4207	62	
4208	694	
4209	369	
4210	414	
4211	346	
4212	156	
4213	345	
4214	431	
4215	376	
4216	672	
4217	804	
4218	249	
4219	325	
4220	68	
4221	243	
4222	937	
4223	343	
4224	171	
4225	195	
4226	71	
4227	551	
4228	58	
4229	169	
4230	895	
4231	696	
4232	730	
4233	69	
4234	19	
4235	231	
4236	946	
4237	889	
4238	459	
4239	538	
4240	870	
4241	481	
4242	279	
4243	235	
4244	629	
4245	667	
4246	656	
4247	684	
4248	140	
4249	766	
4250	141	
4251	90	
4252	997	
4253	572	
4254	897	
4255	916	
4256	101	
4257	57	
4258	367	
4259	795	
4260	567	
4261	787	
4262	353	
4263	225	
4264	147	
4265	962	
4266	889	
4267	364	
4268	595	
4269	479	
4270	232	
4271	905	
4272	882	
4273	278	
4274	405	
4275	515	
4276	261	
4277	445	
4278	899	
4279	275	
4280	859	
4281	661	
4282	318	
4283	119	
4284	503	
4285	518	
4286	227	
4287	605	
4288	162	
4289	684	
4290	165	
4291	110	
4292	787	
4293	166	
4294	468	
4295	677	
4296	705	
4297	603	
4298	749	
4299	64	
4300	996	
4301	933	
4302	815	
4303	835	
4304	217	
4305	479	
4306	834	
4307	217	
4308	133	
4309	136	
4310	95	
4311	261	
4312	279	
4313	240	
4314	468	
4315	122	
4316	120	
4317	248	
4318	727	
4319	264	
4320	395	
4321	732	
4322	200	
4323	296	
4324	119	
4325	545	
4326	729	
4327	628	
4328	97	
4329	680	
4330	791	
4331	2	
4332	773	
4333	107	
4334	663	
4335	496	
4336	748	
4337	821	
4338	3	
4339	830	
4340	764	
4341	388	
4342	501	
4343	121	
4344	445	
4345	792	
4346	737	
4347	252	
4348	176	
4349	443	
4350	636	
4351	942	
4352	192	
4353	776	
4354	41	
4355	944	
4356	466	
4357	333	
4358	200	
4359	46	
4360	534	
4361	531	
4362	382	
4363	123	
4364	925	
4365	314	
4366	626	
4367	415	
4368	779	
4369	744	
4370	323	
4371	962	
4372	988	
4373	929	
4374	317	
4375	447	
4376	408	
4377	413	
4378	515	
4379	756	
4380	776	
4381	62	
4382	707	
4383	798	
4384	624	
4385	113	
4386	639	
4387	439	
4388	373	
4389	458	
4390	536	
4391	370	
4392	934	
4393	394	
4394	379	
4395	986	
4396	205	
4397	610	
4398	773	
4399	736	
4400	357	
4401	823	
4402	224	
4403	380	
4404	138	
4405	846	
4406	502	
4407	249	
4408	638	
4409	542	
4410	554	
4411	659	
4412	216	
4413	378	
4414	852	
4415	457	
4416	628	
4417	46	
4418	19	
4419	333	
4420	624	
4421	447	
4422	674	
4423	96	
4424	930	
4425	582	
4426	685	
4427	25	
4428	757	
4429	867	
4430	963	
4431	205	
4432	738	
4433	43	
4434	315	
4435	613	
4436	217	
4437	947	
4438	576	
4439	221	
4440	831	
4441	60	
4442	991	
4443	296	
4444	199	
4445	623	
4446	390	
4447	863	
4448	620	
4449	568	
4450	356	
4451	465	
4452	146	
4453	901	
4454	669	
4455	626	
4456	482	
4457	206	
4458	389	
4459	470	
4460	316	
4461	996	
4462	433	
4463	596	
4464	284	
4465	403	
4466	499	
4467	701	
4468	847	
4469	217	
4470	965	
4471	171	
4472	693	
4473	295	
4474	226	
4475	821	
4476	22	
4477	29	
4478	930	
4479	807	
4480	95	
4481	655	
4482	28	
4483	812	
4484	196	
4485	396	
4486	267	
4487	430	
4488	869	
4489	819	
4490	739	
4491	321	
4492	322	
4493	326	
4494	842	
4495	581	
4496	337	
4497	256	
4498	9	
4499	379	
4500	613	
4501	648	
4502	619	
4503	173	
4504	557	
4505	998	
4506	474	
4507	911	
4508	317	
4509	59	
4510	679	
4511	554	
4512	718	
4513	642	
4514	680	
4515	189	
4516	29	
4517	187	
4518	857	
4519	316	
4520	75	
4521	964	
4522	622	
4523	507	
4524	705	
4525	408	
4526	740	
4527	985	
4528	705	
4529	146	
4530	53	
4531	360	
4532	194	
4533	280	
4534	130	
4535	512	
4536	762	
4537	826	
4538	177	
4539	753	
4540	59	
4541	33	
4542	614	
4543	191	
4544	912	
4545	290	
4546	755	
4547	165	
4548	670	
4549	235	
4550	874	
4551	125	
4552	902	
4553	698	
4554	551	
4555	676	
4556	407	
4557	979	
4558	80	
4559	64	
4560	366	
4561	320	
4562	910	
4563	523	
4564	879	
4565	448	
4566	996	
4567	207	
4568	386	
4569	786	
4570	668	
4571	569	
4572	545	
4573	369	
4574	855	
4575	896	
4576	606	
4577	575	
4578	323	
4579	940	
4580	295	
4581	731	
4582	628	
4583	929	
4584	228	
4585	261	
4586	669	
4587	179	
4588	349	
4589	126	
4590	277	
4591	698	
4592	301	
4593	747	
4594	517	
4595	893	
4596	523	
4597	1	
4598	382	
4599	592	
4600	742	
4601	303	
4602	173	
4603	831	
4604	758	
4605	136	
4606	361	
4607	586	
4608	56	
4609	40	
4610	137	
4611	193	
4612	936	
4613	948	
4614	823	
4615	383	
4616	949	
4617	828	
4618	321	
4619	97	
4620	538	
4621	835	
4622	725	
4623	790	
4624	257	
4625	747	
4626	386	
4627	190	
4628	536	
4629	426	
4630	387	
4631	308	
4632	53	
4633	137	
4634	836	
4635	565	
4636	283	
4637	481	
4638	837	
4639	128	
4640	117	
4641	302	
4642	644	
4643	381	
4644	336	
4645	702	
4646	629	
4647	865	
4648	362	
4649	248	
4650	179	
4651	934	
4652	447	
4653	623	
4654	141	
4655	932	
4656	288	
4657	183	
4658	956	
4659	333	
4660	363	
4661	540	
4662	569	
4663	658	
4664	64	
4665	511	
4666	649	
4667	729	
4668	552	
4669	594	
4670	250	
4671	568	
4672	190	
4673	689	
4674	861	
4675	408	
4676	775	
4677	208	
4678	956	
4679	348	
4680	35	
4681	377	
4682	930	
4683	577	
4684	595	
4685	621	
4686	616	
4687	742	
4688	691	
4689	976	
4690	396	
4691	635	
4692	303	
4693	439	
4694	977	
4695	179	
4696	135	
4697	322	
4698	363	
4699	107	
4700	116	
4701	12	
4702	913	
4703	642	
4704	370	
4705	864	
4706	620	
4707	153	
4708	158	
4709	131	
4710	4	
4711	610	
4712	312	
4713	638	
4714	231	
4715	115	
4716	511	
4717	27	
4718	315	
4719	938	
4720	729	
4721	61	
4722	481	
4723	199	
4724	866	
4725	714	
4726	970	
4727	119	
4728	841	
4729	442	
4730	723	
4731	700	
4732	128	
4733	822	
4734	418	
4735	656	
4736	867	
4737	235	
4738	856	
4739	561	
4740	309	
4741	23	
4742	830	
4743	395	
4744	248	
4745	128	
4746	386	
4747	620	
4748	139	
4749	602	
4750	113	
4751	448	
4752	683	
4753	431	
4754	164	
4755	514	
4756	5	
4757	526	
4758	365	
4759	829	
4760	783	
4761	286	
4762	776	
4763	252	
4764	196	
4765	25	
4766	4	
4767	808	
4768	326	
4769	516	
4770	626	
4771	399	
4772	884	
4773	379	
4774	306	
4775	327	
4776	107	
4777	111	
4778	306	
4779	195	
4780	919	
4781	121	
4782	176	
4783	481	
4784	865	
4785	974	
4786	629	
4787	620	
4788	359	
4789	346	
4790	674	
4791	422	
4792	65	
4793	111	
4794	467	
4795	763	
4796	223	
4797	917	
4798	264	
4799	842	
4800	726	
4801	545	
4802	89	
4803	525	
4804	842	
4805	960	
4806	511	
4807	13	
4808	419	
4809	538	
4810	664	
4811	824	
4812	370	
4813	577	
4814	713	
4815	397	
4816	730	
4817	633	
4818	91	
4819	469	
4820	657	
4821	911	
4822	240	
4823	745	
4824	278	
4825	348	
4826	420	
4827	784	
4828	498	
4829	385	
4830	686	
4831	607	
4832	873	
4833	82	
4834	590	
4835	408	
4836	240	
4837	725	
4838	222	
4839	430	
4840	886	
4841	778	
4842	196	
4843	5	
4844	700	
4845	810	
4846	332	
4847	900	
4848	71	
4849	369	
4850	271	
4851	676	
4852	138	
4853	733	
4854	192	
4855	47	
4856	102	
4857	670	
4858	874	
4859	923	
4860	764	
4861	358	
4862	533	
4863	175	
4864	527	
4865	105	
4866	761	
4867	931	
4868	413	
4869	35	
4870	127	
4871	89	
4872	380	
4873	550	
4874	917	
4875	768	
4876	863	
4877	643	
4878	720	
4879	733	
4880	7	
4881	253	
4882	128	
4883	297	
4884	372	
4885	228	
4886	753	
4887	536	
4888	819	
4889	261	
4890	126	
4891	502	
4892	967	
4893	572	
4894	862	
4895	873	
4896	674	
4897	419	
4898	129	
4899	84	
4900	706	
4901	946	
4902	193	
4903	119	
4904	326	
4905	887	
4906	843	
4907	377	
4908	688	
4909	877	
4910	477	
4911	160	
4912	947	
4913	199	
4914	399	
4915	870	
4916	964	
4917	699	
4918	132	
4919	627	
4920	435	
4921	352	
4922	640	
4923	527	
4924	16	
4925	10	
4926	929	
4927	286	
4928	464	
4929	139	
4930	103	
4931	643	
4932	183	
4933	289	
4934	597	
4935	792	
4936	460	
4937	245	
4938	496	
4939	938	
4940	122	
4941	303	
4942	565	
4943	79	
4944	811	
4945	524	
4946	804	
4947	600	
4948	797	
4949	50	
4950	137	
4951	161	
4952	671	
4953	320	
4954	127	
4955	990	
4956	954	
4957	681	
4958	677	
4959	462	
4960	17	
4961	119	
4962	755	
4963	937	
4964	363	
4965	257	
4966	27	
4967	723	
4968	150	
4969	231	
4970	794	
4971	616	
4972	67	
4973	282	
4974	422	
4975	616	
4976	462	
4977	975	
4978	927	
4979	178	
4980	557	
4981	594	
4982	815	
4983	290	
4984	558	
4985	341	
4986	20	
4987	316	
4988	483	
4989	288	
4990	731	
4991	32	
4992	542	
4993	312	
4994	868	
4995	102	
4996	631	
4997	786	
4998	842	
4999	745	
5000	219	
73615
