5000
1	22	
2	14	
3	36	
4	81	
5	54	
6	96	
7	11	
8	34	
9	11	
10	44	
11	26	
12	69	
13	46	
14	98	
15	47	
16	31	
17	95	
18	2	
19	55	
20	88	
21	59	
22	30	
23	54	
24	1	
25	35	
26	74	
27	32	
28	62	
29	68	
30	25	
31	60	
32	98	
33	82	
34	23	
35	30	
36	51	
37	62	
38	51	
39	26	
40	97	
41	1	
42	92	
43	20	
44	76	
45	73	
46	17	
47	36	
48	12	
49	17	
50	62	
51	97	
52	42	
53	63	
54	18	
55	27	
56	94	
57	19	
58	1	
59	70	
60	92	
61	47	
62	1	
63	70	
64	89	
65	38	
66	30	
67	47	
68	61	
69	22	
70	76	
71	84	
72	8	
73	24	
74	25	
75	54	
76	67	
77	85	
78	13	
79	75	
80	5	
81	40	
82	24	
83	65	
84	48	
85	68	
86	88	
87	58	
88	50	
89	4	
90	97	
91	7	
92	27	
93	79	
94	94	
95	2	
96	71	
97	47	
98	83	
99	90	
100	58	
101	99	
102	38	
103	28	
104	66	
105	11	
106	16	
107	9	
108	97	
109	69	
110	83	
111	93	
112	77	
113	3	
114	11	
115	71	
116	65	
117	69	
118	83	
119	27	
120	35	
121	98	
122	27	
123	42	
124	17	
125	3	
126	69	
127	54	
128	22	
129	25	
130	45	
131	84	
132	15	
133	89	
134	34	
135	99	
136	60	
137	75	
138	93	
139	56	
140	78	
141	9	
142	63	
143	53	
144	89	
145	63	
146	36	
147	52	
148	85	
149	15	
150	28	
151	51	
152	15	
153	16	
154	14	
155	64	
156	10	
157	16	
158	13	
159	48	
160	71	
161	3	
162	17	
163	76	
164	72	
165	75	
166	72	
167	97	
168	50	
169	12	
170	99	
171	45	
172	24	
173	43	
174	64	
175	73	
176	1	
177	40	
178	99	
179	60	
180	34	
181	57	
182	39	
183	26	
184	78	
185	27	
186	43	
187	24	
188	63	
189	46	
190	11	
191	76	
192	9	
193	62	
194	98	
195	55	
196	76	
197	90	
198	40	
199	25	
200	83	
201	21	
202	99	
203	17	
204	69	
205	69	
206	71	
207	50	
208	36	
209	17	
210	39	
211	2	
212	26	
213	53	
214	83	
215	12	
216	69	
217	94	
218	86	
219	83	
220	44	
221	4	
222	19	
223	67	
224	70	
225	62	
226	38	
227	29	
228	11	
229	13	
230	65	
231	39	
232	56	
233	79	
234	80	
235	71	
236	30	
237	19	
238	7	
239	7	
240	27	
241	67	
242	61	
243	7	
244	25	
245	72	
246	57	
247	52	
248	96	
249	82	
250	30	
251	1	
252	33	
253	31	
254	52	
255	93	
256	67	
257	46	
258	78	
259	13	
260	43	
261	1	
262	15	
263	9	
264	5	
265	85	
266	16	
267	44	
268	70	
269	51	
270	1	
271	30	
272	53	
273	34	
274	17	
275	47	
276	80	
277	81	
278	32	
279	19	
280	38	
281	87	
282	40	
283	1	
284	57	
285	70	
286	7	
287	17	
288	3	
289	51	
290	25	
291	44	
292	38	
293	62	
294	72	
295	89	
296	85	
297	12	
298	88	
299	12	
300	70	
301	34	
302	37	
303	52	
304	11	
305	69	
306	42	
307	69	
308	63	
309	22	
310	45	
311	76	
312	24	
313	12	
314	48	
315	60	
316	100	
317	43	
318	59	
319	32	
320	27	
321	40	
322	61	
323	86	
324	28	
325	59	
326	61	
327	64	
328	85	
329	24	
330	95	
331	38	
332	25	
333	79	
334	38	
335	16	
336	69	
337	49	
338	17	
339	50	
340	26	
341	31	
342	24	
343	40	
344	10	
345	22	
346	97	
347	30	
348	28	
349	43	
350	61	
351	22	
352	70	
353	26	
354	98	
355	14	
356	51	
357	5	
358	5	
359	89	
360	52	
361	96	
362	39	
363	55	
364	88	
365	44	
366	37	
367	27	
368	18	
369	81	
370	93	
371	54	
372	20	
373	86	
374	8	
375	6	
376	43	
377	49	
378	60	
379	98	
380	11	
381	45	
382	69	
383	82	
384	77	
385	89	
386	17	
387	57	
388	48	
389	4	
390	22	
391	57	
392	7	
393	73	
394	4	
395	34	
396	87	
397	82	
398	98	
399	44	
400	59	
401	50	
402	63	
403	52	
404	65	
405	92	
406	46	
407	60	
408	16	
409	16	
410	44	
411	49	
412	81	
413	19	
414	15	
415	53	
416	72	
417	25	
418	38	
419	50	
420	26	
421	11	
422	9	
423	23	
424	54	
425	2	
426	23	
427	40	
428	54	
429	84	
430	4	
431	53	
432	16	
433	100	
434	15	
435	57	
436	59	
437	72	
438	82	
439	60	
440	37	
441	68	
442	54	
443	38	
444	28	
445	5	
446	58	
447	71	
448	7	
449	25	
450	89	
451	3	
452	27	
453	3	
454	61	
455	36	
456	24	
457	17	
458	84	
459	33	
460	60	
461	95	
462	56	
463	87	
464	4	
465	94	
466	32	
467	28	
468	64	
469	12	
470	91	
471	70	
472	81	
473	24	
474	2	
475	82	
476	77	
477	65	
478	26	
479	15	
480	9	
481	17	
482	1	
483	77	
484	68	
485	3	
486	79	
487	48	
488	2	
489	51	
490	19	
491	37	
492	17	
493	31	
494	29	
495	73	
496	68	
497	37	
498	63	
499	30	
500	84	
501	29	
502	42	
503	43	
504	77	
505	89	
506	59	
507	65	
508	71	
509	33	
510	57	
511	98	
512	2	
513	66	
514	6	
515	27	
516	36	
517	44	
518	75	
519	67	
520	4	
521	39	
522	79	
523	26	
524	94	
525	71	
526	60	
527	81	
528	80	
529	53	
530	63	
531	51	
532	96	
533	2	
534	39	
535	51	
536	72	
537	15	
538	90	
539	38	
540	64	
541	81	
542	48	
543	79	
544	28	
545	80	
546	98	
547	7	
548	52	
549	58	
550	36	
551	80	
552	21	
553	67	
554	61	
555	23	
556	95	
557	100	
558	65	
559	92	
560	39	
561	29	
562	25	
563	86	
564	80	
565	52	
566	77	
567	97	
568	67	
569	45	
570	71	
571	62	
572	25	
573	2	
574	30	
575	75	
576	93	
577	43	
578	11	
579	37	
580	92	
581	56	
582	19	
583	55	
584	78	
585	83	
586	48	
587	42	
588	40	
589	81	
590	59	
591	69	
592	53	
593	26	
594	97	
595	96	
596	91	
597	51	
598	56	
599	42	
600	42	
601	8	
602	5	
603	36	
604	17	
605	4	
606	97	
607	62	
608	17	
609	94	
610	57	
611	78	
612	71	
613	63	
614	88	
615	22	
616	46	
617	37	
618	65	
619	28	
620	24	
621	63	
622	47	
623	57	
624	24	
625	43	
626	91	
627	60	
628	59	
629	34	
630	10	
631	22	
632	4	
633	80	
634	17	
635	98	
636	73	
637	55	
638	94	
639	47	
640	49	
641	38	
642	25	
643	30	
644	98	
645	7	
646	74	
647	47	
648	30	
649	6	
650	40	
651	21	
652	80	
653	82	
654	17	
655	27	
656	82	
657	5	
658	74	
659	96	
660	81	
661	78	
662	41	
663	96	
664	18	
665	100	
666	90	
667	41	
668	41	
669	14	
670	76	
671	11	
672	97	
673	50	
674	47	
675	33	
676	28	
677	31	
678	54	
679	50	
680	62	
681	69	
682	44	
683	60	
684	51	
685	49	
686	12	
687	97	
688	59	
689	44	
690	62	
691	5	
692	56	
693	86	
694	25	
695	57	
696	55	
697	13	
698	81	
699	92	
700	44	
701	1	
702	76	
703	37	
704	68	
705	55	
706	71	
707	82	
708	95	
709	16	
710	71	
711	96	
712	1	
713	96	
714	66	
715	94	
716	82	
717	69	
718	37	
719	52	
720	1	
721	71	
722	73	
723	10	
724	93	
725	96	
726	75	
727	92	
728	56	
729	10	
730	98	
731	97	
732	3	
733	45	
734	38	
735	90	
736	72	
737	13	
738	100	
739	5	
740	84	
741	5	
742	42	
743	45	
744	8	
745	100	
746	33	
747	38	
748	25	
749	58	
750	67	
751	95	
752	5	
753	35	
754	44	
755	73	
756	27	
757	33	
758	23	
759	70	
760	13	
761	93	
762	24	
763	21	
764	13	
765	38	
766	53	
767	70	
768	82	
769	71	
770	43	
771	12	
772	50	
773	11	
774	7	
775	56	
776	23	
777	64	
778	14	
779	73	
780	95	
781	35	
782	75	
783	40	
784	74	
785	60	
786	22	
787	10	
788	44	
789	8	
790	53	
791	31	
792	86	
793	39	
794	72	
795	11	
796	43	
797	48	
798	70	
799	8	
800	20	
801	26	
802	79	
803	45	
804	55	
805	14	
806	5	
807	27	
808	13	
809	53	
810	57	
811	27	
812	5	
813	65	
814	17	
815	80	
816	6	
817	33	
818	45	
819	91	
820	37	
821	31	
822	56	
823	39	
824	86	
825	3	
826	46	
827	80	
828	93	
829	54	
830	56	
831	58	
832	94	
833	97	
834	77	
835	92	
836	7	
837	89	
838	13	
839	11	
840	75	
841	71	
842	25	
843	83	
844	43	
845	75	
846	24	
847	66	
848	38	
849	67	
850	66	
851	70	
852	41	
853	30	
854	97	
855	60	
856	49	
857	86	
858	57	
859	83	
860	10	
861	37	
862	45	
863	53	
864	96	
865	17	
866	44	
867	67	
868	48	
869	33	
870	79	
871	86	
872	52	
873	97	
874	51	
875	14	
876	40	
877	26	
878	25	
879	51	
880	65	
881	13	
882	56	
883	7	
884	18	
885	15	
886	39	
887	81	
888	48	
889	27	
890	14	
891	30	
892	79	
893	84	
894	2	
895	83	
896	77	
897	82	
898	70	
899	3	
900	35	
901	66	
902	86	
903	4	
904	69	
905	20	
906	59	
907	43	
908	17	
909	50	
910	16	
911	31	
912	48	
913	52	
914	48	
915	87	
916	21	
917	43	
918	83	
919	12	
920	99	
921	48	
922	72	
923	38	
924	60	
925	56	
926	58	
927	24	
928	66	
929	63	
930	84	
931	11	
932	71	
933	87	
934	31	
935	69	
936	26	
937	100	
938	80	
939	55	
940	25	
941	95	
942	92	
943	69	
944	11	
945	28	
946	74	
947	6	
948	100	
949	69	
950	73	
951	38	
952	86	
953	54	
954	36	
955	74	
956	96	
957	69	
958	3	
959	36	
960	18	
961	29	
962	97	
963	37	
964	14	
965	93	
966	97	
967	24	
968	2	
969	24	
970	63	
971	46	
972	77	
973	87	
974	6	
975	74	
976	25	
977	60	
978	21	
979	71	
980	95	
981	91	
982	8	
983	87	
984	48	
985	25	
986	38	
987	68	
988	96	
989	34	
990	37	
991	66	
992	10	
993	92	
994	75	
995	50	
996	69	
997	15	
998	53	
999	54	
1000	74	
1001	41	
1002	12	
1003	43	
1004	45	
1005	65	
1006	21	
1007	85	
1008	79	
1009	57	
1010	10	
1011	7	
1012	14	
1013	22	
1014	17	
1015	62	
1016	82	
1017	80	
1018	21	
1019	41	
1020	95	
1021	12	
1022	98	
1023	35	
1024	14	
1025	95	
1026	95	
1027	73	
1028	35	
1029	10	
1030	67	
1031	90	
1032	2	
1033	2	
1034	54	
1035	43	
1036	88	
1037	47	
1038	38	
1039	75	
1040	92	
1041	6	
1042	21	
1043	82	
1044	52	
1045	53	
1046	7	
1047	79	
1048	55	
1049	39	
1050	38	
1051	100	
1052	22	
1053	39	
1054	71	
1055	54	
1056	69	
1057	87	
1058	8	
1059	99	
1060	17	
1061	74	
1062	66	
1063	41	
1064	61	
1065	64	
1066	29	
1067	50	
1068	15	
1069	46	
1070	37	
1071	72	
1072	61	
1073	13	
1074	29	
1075	91	
1076	90	
1077	13	
1078	7	
1079	88	
1080	76	
1081	72	
1082	56	
1083	22	
1084	45	
1085	42	
1086	11	
1087	28	
1088	20	
1089	47	
1090	15	
1091	52	
1092	47	
1093	6	
1094	35	
1095	27	
1096	12	
1097	3	
1098	23	
1099	35	
1100	29	
1101	22	
1102	65	
1103	27	
1104	86	
1105	7	
1106	83	
1107	3	
1108	95	
1109	46	
1110	33	
1111	19	
1112	85	
1113	33	
1114	89	
1115	90	
1116	87	
1117	46	
1118	20	
1119	69	
1120	31	
1121	9	
1122	56	
1123	67	
1124	72	
1125	47	
1126	45	
1127	31	
1128	14	
1129	94	
1130	18	
1131	7	
1132	79	
1133	58	
1134	11	
1135	9	
1136	54	
1137	11	
1138	50	
1139	78	
1140	44	
1141	47	
1142	24	
1143	80	
1144	49	
1145	26	
1146	74	
1147	45	
1148	25	
1149	14	
1150	39	
1151	56	
1152	89	
1153	30	
1154	54	
1155	77	
1156	49	
1157	73	
1158	29	
1159	58	
1160	5	
1161	2	
1162	66	
1163	42	
1164	73	
1165	98	
1166	19	
1167	66	
1168	34	
1169	23	
1170	19	
1171	31	
1172	93	
1173	29	
1174	17	
1175	45	
1176	85	
1177	28	
1178	22	
1179	3	
1180	23	
1181	79	
1182	47	
1183	86	
1184	39	
1185	89	
1186	42	
1187	77	
1188	13	
1189	3	
1190	91	
1191	12	
1192	90	
1193	86	
1194	65	
1195	83	
1196	55	
1197	96	
1198	32	
1199	69	
1200	46	
1201	64	
1202	78	
1203	71	
1204	29	
1205	55	
1206	16	
1207	7	
1208	72	
1209	23	
1210	75	
1211	20	
1212	36	
1213	69	
1214	97	
1215	50	
1216	20	
1217	16	
1218	23	
1219	80	
1220	93	
1221	18	
1222	43	
1223	32	
1224	8	
1225	11	
1226	49	
1227	94	
1228	44	
1229	70	
1230	83	
1231	11	
1232	13	
1233	25	
1234	34	
1235	1	
1236	21	
1237	11	
1238	92	
1239	49	
1240	100	
1241	43	
1242	38	
1243	95	
1244	93	
1245	91	
1246	29	
1247	9	
1248	21	
1249	39	
1250	70	
1251	6	
1252	45	
1253	49	
1254	100	
1255	91	
1256	44	
1257	33	
1258	94	
1259	77	
1260	32	
1261	32	
1262	67	
1263	87	
1264	20	
1265	47	
1266	72	
1267	26	
1268	33	
1269	98	
1270	70	
1271	25	
1272	54	
1273	35	
1274	50	
1275	8	
1276	74	
1277	46	
1278	18	
1279	55	
1280	2	
1281	67	
1282	67	
1283	14	
1284	65	
1285	17	
1286	42	
1287	4	
1288	13	
1289	88	
1290	33	
1291	10	
1292	5	
1293	80	
1294	9	
1295	46	
1296	91	
1297	93	
1298	95	
1299	78	
1300	8	
1301	19	
1302	65	
1303	52	
1304	49	
1305	83	
1306	40	
1307	45	
1308	46	
1309	45	
1310	81	
1311	100	
1312	54	
1313	68	
1314	81	
1315	65	
1316	32	
1317	46	
1318	83	
1319	68	
1320	49	
1321	35	
1322	34	
1323	89	
1324	13	
1325	31	
1326	49	
1327	12	
1328	1	
1329	52	
1330	64	
1331	100	
1332	63	
1333	72	
1334	82	
1335	61	
1336	83	
1337	37	
1338	39	
1339	12	
1340	37	
1341	86	
1342	45	
1343	19	
1344	62	
1345	38	
1346	81	
1347	83	
1348	94	
1349	27	
1350	1	
1351	75	
1352	65	
1353	38	
1354	40	
1355	84	
1356	8	
1357	48	
1358	90	
1359	100	
1360	62	
1361	88	
1362	55	
1363	89	
1364	33	
1365	93	
1366	37	
1367	81	
1368	36	
1369	15	
1370	48	
1371	37	
1372	97	
1373	46	
1374	76	
1375	60	
1376	90	
1377	84	
1378	83	
1379	83	
1380	100	
1381	61	
1382	88	
1383	84	
1384	25	
1385	38	
1386	80	
1387	64	
1388	7	
1389	53	
1390	73	
1391	75	
1392	92	
1393	5	
1394	32	
1395	16	
1396	3	
1397	76	
1398	25	
1399	48	
1400	22	
1401	61	
1402	71	
1403	61	
1404	76	
1405	40	
1406	71	
1407	20	
1408	9	
1409	87	
1410	90	
1411	18	
1412	42	
1413	92	
1414	57	
1415	68	
1416	12	
1417	87	
1418	26	
1419	20	
1420	38	
1421	15	
1422	82	
1423	33	
1424	65	
1425	90	
1426	22	
1427	47	
1428	21	
1429	98	
1430	71	
1431	65	
1432	39	
1433	64	
1434	68	
1435	52	
1436	82	
1437	86	
1438	17	
1439	71	
1440	16	
1441	50	
1442	67	
1443	35	
1444	80	
1445	75	
1446	16	
1447	43	
1448	86	
1449	61	
1450	77	
1451	18	
1452	32	
1453	57	
1454	92	
1455	29	
1456	73	
1457	3	
1458	65	
1459	67	
1460	54	
1461	62	
1462	71	
1463	53	
1464	7	
1465	4	
1466	14	
1467	38	
1468	28	
1469	28	
1470	52	
1471	9	
1472	30	
1473	34	
1474	9	
1475	27	
1476	49	
1477	47	
1478	44	
1479	12	
1480	89	
1481	71	
1482	50	
1483	55	
1484	6	
1485	4	
1486	68	
1487	8	
1488	2	
1489	78	
1490	23	
1491	43	
1492	35	
1493	90	
1494	64	
1495	11	
1496	47	
1497	33	
1498	17	
1499	86	
1500	54	
1501	48	
1502	4	
1503	13	
1504	92	
1505	43	
1506	81	
1507	82	
1508	58	
1509	47	
1510	94	
1511	99	
1512	99	
1513	42	
1514	80	
1515	22	
1516	60	
1517	20	
1518	69	
1519	33	
1520	53	
1521	97	
1522	41	
1523	25	
1524	28	
1525	95	
1526	7	
1527	12	
1528	91	
1529	42	
1530	59	
1531	64	
1532	16	
1533	48	
1534	27	
1535	24	
1536	82	
1537	20	
1538	71	
1539	11	
1540	26	
1541	32	
1542	54	
1543	30	
1544	80	
1545	5	
1546	93	
1547	100	
1548	97	
1549	32	
1550	84	
1551	93	
1552	5	
1553	20	
1554	38	
1555	73	
1556	20	
1557	56	
1558	16	
1559	84	
1560	74	
1561	92	
1562	90	
1563	94	
1564	73	
1565	80	
1566	6	
1567	65	
1568	47	
1569	66	
1570	46	
1571	3	
1572	10	
1573	14	
1574	3	
1575	39	
1576	61	
1577	49	
1578	26	
1579	89	
1580	98	
1581	37	
1582	5	
1583	76	
1584	8	
1585	32	
1586	40	
1587	41	
1588	96	
1589	58	
1590	66	
1591	18	
1592	37	
1593	30	
1594	86	
1595	34	
1596	98	
1597	77	
1598	36	
1599	97	
1600	92	
1601	60	
1602	39	
1603	2	
1604	58	
1605	96	
1606	14	
1607	19	
1608	2	
1609	38	
1610	82	
1611	76	
1612	63	
1613	58	
1614	39	
1615	29	
1616	67	
1617	41	
1618	4	
1619	27	
1620	55	
1621	41	
1622	53	
1623	43	
1624	88	
1625	53	
1626	80	
1627	16	
1628	2	
1629	87	
1630	35	
1631	24	
1632	28	
1633	51	
1634	30	
1635	23	
1636	9	
1637	99	
1638	83	
1639	61	
1640	55	
1641	87	
1642	63	
1643	50	
1644	55	
1645	76	
1646	59	
1647	17	
1648	73	
1649	11	
1650	69	
1651	75	
1652	78	
1653	16	
1654	35	
1655	99	
1656	70	
1657	60	
1658	84	
1659	97	
1660	58	
1661	89	
1662	52	
1663	65	
1664	49	
1665	55	
1666	90	
1667	3	
1668	36	
1669	59	
1670	49	
1671	26	
1672	3	
1673	9	
1674	5	
1675	34	
1676	23	
1677	7	
1678	85	
1679	16	
1680	47	
1681	77	
1682	100	
1683	14	
1684	97	
1685	44	
1686	98	
1687	29	
1688	12	
1689	25	
1690	50	
1691	17	
1692	5	
1693	96	
1694	10	
1695	93	
1696	92	
1697	67	
1698	12	
1699	97	
1700	62	
1701	79	
1702	13	
1703	61	
1704	42	
1705	11	
1706	53	
1707	38	
1708	70	
1709	50	
1710	68	
1711	73	
1712	1	
1713	3	
1714	29	
1715	76	
1716	47	
1717	20	
1718	82	
1719	94	
1720	14	
1721	77	
1722	69	
1723	88	
1724	5	
1725	4	
1726	34	
1727	19	
1728	48	
1729	96	
1730	19	
1731	6	
1732	72	
1733	60	
1734	62	
1735	91	
1736	6	
1737	11	
1738	43	
1739	3	
1740	49	
1741	58	
1742	85	
1743	97	
1744	10	
1745	31	
1746	59	
1747	52	
1748	17	
1749	30	
1750	33	
1751	86	
1752	71	
1753	11	
1754	1	
1755	65	
1756	47	
1757	64	
1758	76	
1759	65	
1760	99	
1761	86	
1762	12	
1763	94	
1764	10	
1765	77	
1766	29	
1767	68	
1768	13	
1769	22	
1770	15	
1771	80	
1772	16	
1773	55	
1774	11	
1775	39	
1776	95	
1777	51	
1778	87	
1779	60	
1780	19	
1781	63	
1782	28	
1783	4	
1784	39	
1785	81	
1786	60	
1787	12	
1788	10	
1789	53	
1790	11	
1791	24	
1792	41	
1793	28	
1794	71	
1795	41	
1796	23	
1797	27	
1798	94	
1799	80	
1800	59	
1801	91	
1802	24	
1803	7	
1804	78	
1805	20	
1806	83	
1807	44	
1808	19	
1809	83	
1810	89	
1811	49	
1812	60	
1813	86	
1814	78	
1815	52	
1816	84	
1817	80	
1818	100	
1819	59	
1820	28	
1821	83	
1822	36	
1823	55	
1824	64	
1825	75	
1826	7	
1827	33	
1828	72	
1829	86	
1830	100	
1831	74	
1832	17	
1833	92	
1834	23	
1835	64	
1836	40	
1837	42	
1838	41	
1839	76	
1840	55	
1841	76	
1842	52	
1843	53	
1844	45	
1845	41	
1846	13	
1847	100	
1848	64	
1849	79	
1850	41	
1851	80	
1852	66	
1853	81	
1854	46	
1855	64	
1856	82	
1857	3	
1858	5	
1859	97	
1860	53	
1861	29	
1862	48	
1863	2	
1864	27	
1865	57	
1866	51	
1867	64	
1868	85	
1869	76	
1870	28	
1871	34	
1872	43	
1873	54	
1874	44	
1875	28	
1876	25	
1877	32	
1878	10	
1879	42	
1880	64	
1881	15	
1882	36	
1883	75	
1884	31	
1885	36	
1886	59	
1887	79	
1888	47	
1889	67	
1890	97	
1891	63	
1892	37	
1893	65	
1894	38	
1895	62	
1896	29	
1897	52	
1898	89	
1899	39	
1900	19	
1901	71	
1902	97	
1903	99	
1904	86	
1905	92	
1906	79	
1907	18	
1908	65	
1909	57	
1910	16	
1911	82	
1912	43	
1913	56	
1914	97	
1915	85	
1916	16	
1917	3	
1918	8	
1919	14	
1920	60	
1921	35	
1922	70	
1923	12	
1924	17	
1925	82	
1926	17	
1927	64	
1928	34	
1929	3	
1930	77	
1931	9	
1932	47	
1933	3	
1934	92	
1935	87	
1936	89	
1937	51	
1938	47	
1939	22	
1940	25	
1941	73	
1942	32	
1943	30	
1944	54	
1945	73	
1946	4	
1947	38	
1948	29	
1949	15	
1950	4	
1951	46	
1952	49	
1953	65	
1954	29	
1955	40	
1956	65	
1957	3	
1958	22	
1959	100	
1960	26	
1961	66	
1962	86	
1963	85	
1964	40	
1965	71	
1966	28	
1967	5	
1968	24	
1969	59	
1970	61	
1971	37	
1972	48	
1973	87	
1974	26	
1975	95	
1976	64	
1977	23	
1978	12	
1979	41	
1980	65	
1981	20	
1982	93	
1983	26	
1984	62	
1985	67	
1986	69	
1987	54	
1988	64	
1989	9	
1990	92	
1991	87	
1992	15	
1993	38	
1994	17	
1995	24	
1996	28	
1997	16	
1998	42	
1999	46	
2000	50	
2001	35	
2002	60	
2003	50	
2004	19	
2005	13	
2006	41	
2007	24	
2008	38	
2009	45	
2010	69	
2011	8	
2012	65	
2013	17	
2014	43	
2015	28	
2016	14	
2017	1	
2018	68	
2019	18	
2020	31	
2021	71	
2022	24	
2023	13	
2024	99	
2025	31	
2026	5	
2027	49	
2028	3	
2029	38	
2030	9	
2031	57	
2032	48	
2033	40	
2034	81	
2035	50	
2036	34	
2037	28	
2038	70	
2039	15	
2040	96	
2041	76	
2042	57	
2043	64	
2044	60	
2045	67	
2046	40	
2047	21	
2048	5	
2049	21	
2050	35	
2051	94	
2052	25	
2053	98	
2054	86	
2055	97	
2056	6	
2057	20	
2058	75	
2059	81	
2060	31	
2061	88	
2062	58	
2063	11	
2064	10	
2065	74	
2066	95	
2067	1	
2068	68	
2069	59	
2070	100	
2071	65	
2072	69	
2073	64	
2074	85	
2075	12	
2076	55	
2077	58	
2078	34	
2079	56	
2080	57	
2081	88	
2082	21	
2083	84	
2084	11	
2085	42	
2086	77	
2087	73	
2088	82	
2089	90	
2090	87	
2091	84	
2092	74	
2093	59	
2094	65	
2095	12	
2096	63	
2097	8	
2098	43	
2099	78	
2100	86	
2101	63	
2102	16	
2103	81	
2104	78	
2105	60	
2106	4	
2107	1	
2108	98	
2109	33	
2110	61	
2111	58	
2112	40	
2113	5	
2114	96	
2115	8	
2116	69	
2117	14	
2118	14	
2119	58	
2120	44	
2121	53	
2122	12	
2123	69	
2124	36	
2125	3	
2126	1	
2127	23	
2128	27	
2129	3	
2130	49	
2131	66	
2132	75	
2133	32	
2134	62	
2135	44	
2136	75	
2137	61	
2138	72	
2139	26	
2140	36	
2141	81	
2142	26	
2143	91	
2144	34	
2145	38	
2146	92	
2147	31	
2148	94	
2149	79	
2150	84	
2151	74	
2152	7	
2153	80	
2154	43	
2155	69	
2156	14	
2157	3	
2158	91	
2159	13	
2160	56	
2161	62	
2162	37	
2163	65	
2164	32	
2165	61	
2166	65	
2167	86	
2168	27	
2169	71	
2170	46	
2171	69	
2172	62	
2173	1	
2174	97	
2175	22	
2176	40	
2177	80	
2178	50	
2179	97	
2180	87	
2181	93	
2182	49	
2183	97	
2184	5	
2185	92	
2186	12	
2187	23	
2188	4	
2189	59	
2190	43	
2191	98	
2192	32	
2193	30	
2194	14	
2195	70	
2196	29	
2197	19	
2198	86	
2199	42	
2200	51	
2201	21	
2202	25	
2203	15	
2204	52	
2205	58	
2206	1	
2207	64	
2208	66	
2209	58	
2210	26	
2211	46	
2212	67	
2213	15	
2214	10	
2215	31	
2216	99	
2217	53	
2218	14	
2219	8	
2220	85	
2221	89	
2222	76	
2223	65	
2224	79	
2225	75	
2226	12	
2227	53	
2228	61	
2229	93	
2230	57	
2231	49	
2232	71	
2233	12	
2234	66	
2235	83	
2236	73	
2237	24	
2238	3	
2239	13	
2240	3	
2241	9	
2242	32	
2243	17	
2244	43	
2245	70	
2246	2	
2247	47	
2248	12	
2249	54	
2250	58	
2251	16	
2252	11	
2253	87	
2254	75	
2255	51	
2256	31	
2257	48	
2258	100	
2259	60	
2260	53	
2261	89	
2262	57	
2263	14	
2264	58	
2265	95	
2266	49	
2267	6	
2268	10	
2269	6	
2270	79	
2271	60	
2272	44	
2273	17	
2274	59	
2275	91	
2276	7	
2277	41	
2278	31	
2279	38	
2280	17	
2281	72	
2282	56	
2283	50	
2284	99	
2285	97	
2286	59	
2287	23	
2288	61	
2289	54	
2290	98	
2291	25	
2292	21	
2293	40	
2294	87	
2295	50	
2296	93	
2297	55	
2298	17	
2299	92	
2300	34	
2301	21	
2302	12	
2303	17	
2304	37	
2305	65	
2306	87	
2307	23	
2308	70	
2309	65	
2310	85	
2311	71	
2312	61	
2313	26	
2314	51	
2315	83	
2316	55	
2317	100	
2318	37	
2319	90	
2320	92	
2321	85	
2322	10	
2323	85	
2324	52	
2325	93	
2326	58	
2327	17	
2328	11	
2329	56	
2330	67	
2331	28	
2332	14	
2333	92	
2334	43	
2335	46	
2336	73	
2337	50	
2338	46	
2339	94	
2340	33	
2341	82	
2342	14	
2343	23	
2344	58	
2345	73	
2346	43	
2347	27	
2348	99	
2349	64	
2350	17	
2351	64	
2352	38	
2353	4	
2354	19	
2355	75	
2356	55	
2357	42	
2358	43	
2359	74	
2360	89	
2361	49	
2362	23	
2363	11	
2364	18	
2365	92	
2366	96	
2367	53	
2368	69	
2369	99	
2370	38	
2371	91	
2372	60	
2373	11	
2374	44	
2375	54	
2376	41	
2377	77	
2378	30	
2379	61	
2380	47	
2381	53	
2382	34	
2383	92	
2384	92	
2385	68	
2386	46	
2387	20	
2388	1	
2389	27	
2390	42	
2391	50	
2392	79	
2393	55	
2394	96	
2395	37	
2396	25	
2397	33	
2398	6	
2399	2	
2400	73	
2401	17	
2402	79	
2403	20	
2404	54	
2405	37	
2406	91	
2407	71	
2408	89	
2409	81	
2410	6	
2411	86	
2412	18	
2413	2	
2414	77	
2415	87	
2416	1	
2417	80	
2418	70	
2419	99	
2420	7	
2421	10	
2422	63	
2423	77	
2424	56	
2425	30	
2426	71	
2427	1	
2428	24	
2429	71	
2430	5	
2431	39	
2432	28	
2433	32	
2434	54	
2435	58	
2436	68	
2437	100	
2438	12	
2439	27	
2440	4	
2441	6	
2442	39	
2443	18	
2444	1	
2445	100	
2446	6	
2447	41	
2448	14	
2449	81	
2450	52	
2451	17	
2452	49	
2453	88	
2454	1	
2455	30	
2456	33	
2457	33	
2458	63	
2459	60	
2460	91	
2461	21	
2462	91	
2463	14	
2464	55	
2465	59	
2466	19	
2467	8	
2468	6	
2469	3	
2470	23	
2471	6	
2472	55	
2473	51	
2474	91	
2475	72	
2476	19	
2477	46	
2478	88	
2479	29	
2480	99	
2481	43	
2482	88	
2483	82	
2484	62	
2485	92	
2486	4	
2487	30	
2488	85	
2489	69	
2490	65	
2491	5	
2492	65	
2493	35	
2494	26	
2495	91	
2496	93	
2497	27	
2498	34	
2499	56	
2500	99	
2501	39	
2502	92	
2503	55	
2504	81	
2505	9	
2506	7	
2507	33	
2508	85	
2509	5	
2510	48	
2511	52	
2512	47	
2513	21	
2514	13	
2515	22	
2516	51	
2517	32	
2518	29	
2519	24	
2520	85	
2521	25	
2522	33	
2523	13	
2524	3	
2525	59	
2526	38	
2527	47	
2528	95	
2529	60	
2530	46	
2531	11	
2532	47	
2533	67	
2534	74	
2535	31	
2536	15	
2537	44	
2538	78	
2539	60	
2540	87	
2541	29	
2542	33	
2543	9	
2544	27	
2545	24	
2546	68	
2547	20	
2548	96	
2549	17	
2550	24	
2551	50	
2552	57	
2553	38	
2554	6	
2555	32	
2556	69	
2557	15	
2558	49	
2559	98	
2560	97	
2561	85	
2562	52	
2563	36	
2564	8	
2565	16	
2566	25	
2567	17	
2568	60	
2569	32	
2570	54	
2571	34	
2572	16	
2573	45	
2574	84	
2575	13	
2576	70	
2577	52	
2578	84	
2579	12	
2580	84	
2581	30	
2582	9	
2583	89	
2584	37	
2585	16	
2586	21	
2587	53	
2588	82	
2589	87	
2590	37	
2591	31	
2592	2	
2593	47	
2594	47	
2595	64	
2596	64	
2597	82	
2598	23	
2599	98	
2600	94	
2601	68	
2602	64	
2603	91	
2604	33	
2605	14	
2606	17	
2607	4	
2608	29	
2609	32	
2610	83	
2611	55	
2612	60	
2613	64	
2614	91	
2615	76	
2616	44	
2617	18	
2618	58	
2619	85	
2620	66	
2621	44	
2622	50	
2623	3	
2624	11	
2625	18	
2626	56	
2627	55	
2628	43	
2629	56	
2630	53	
2631	42	
2632	2	
2633	28	
2634	71	
2635	82	
2636	10	
2637	75	
2638	31	
2639	17	
2640	56	
2641	73	
2642	66	
2643	33	
2644	71	
2645	31	
2646	66	
2647	53	
2648	26	
2649	57	
2650	20	
2651	92	
2652	31	
2653	82	
2654	89	
2655	46	
2656	84	
2657	5	
2658	22	
2659	32	
2660	7	
2661	7	
2662	50	
2663	4	
2664	23	
2665	49	
2666	68	
2667	96	
2668	30	
2669	29	
2670	19	
2671	37	
2672	30	
2673	50	
2674	60	
2675	18	
2676	90	
2677	14	
2678	56	
2679	12	
2680	49	
2681	57	
2682	68	
2683	45	
2684	95	
2685	80	
2686	50	
2687	39	
2688	48	
2689	36	
2690	15	
2691	16	
2692	94	
2693	75	
2694	4	
2695	89	
2696	11	
2697	71	
2698	95	
2699	44	
2700	10	
2701	76	
2702	81	
2703	88	
2704	64	
2705	64	
2706	19	
2707	81	
2708	89	
2709	10	
2710	47	
2711	38	
2712	18	
2713	17	
2714	65	
2715	41	
2716	82	
2717	67	
2718	80	
2719	99	
2720	80	
2721	85	
2722	72	
2723	86	
2724	88	
2725	27	
2726	40	
2727	69	
2728	39	
2729	34	
2730	63	
2731	95	
2732	13	
2733	7	
2734	24	
2735	57	
2736	98	
2737	7	
2738	43	
2739	47	
2740	91	
2741	6	
2742	31	
2743	7	
2744	52	
2745	66	
2746	88	
2747	63	
2748	85	
2749	51	
2750	92	
2751	14	
2752	47	
2753	78	
2754	52	
2755	39	
2756	82	
2757	36	
2758	93	
2759	31	
2760	2	
2761	5	
2762	61	
2763	41	
2764	100	
2765	71	
2766	53	
2767	69	
2768	87	
2769	2	
2770	26	
2771	27	
2772	61	
2773	39	
2774	38	
2775	11	
2776	61	
2777	39	
2778	5	
2779	88	
2780	32	
2781	67	
2782	50	
2783	63	
2784	58	
2785	3	
2786	49	
2787	31	
2788	76	
2789	5	
2790	12	
2791	15	
2792	29	
2793	97	
2794	40	
2795	13	
2796	75	
2797	100	
2798	87	
2799	23	
2800	24	
2801	82	
2802	22	
2803	34	
2804	39	
2805	53	
2806	97	
2807	81	
2808	6	
2809	97	
2810	47	
2811	76	
2812	67	
2813	72	
2814	9	
2815	87	
2816	33	
2817	50	
2818	12	
2819	5	
2820	61	
2821	15	
2822	13	
2823	87	
2824	32	
2825	61	
2826	93	
2827	64	
2828	97	
2829	33	
2830	31	
2831	52	
2832	45	
2833	67	
2834	31	
2835	60	
2836	52	
2837	36	
2838	87	
2839	46	
2840	10	
2841	52	
2842	75	
2843	34	
2844	97	
2845	70	
2846	70	
2847	9	
2848	71	
2849	65	
2850	44	
2851	2	
2852	42	
2853	90	
2854	95	
2855	5	
2856	74	
2857	94	
2858	28	
2859	70	
2860	59	
2861	31	
2862	61	
2863	32	
2864	29	
2865	8	
2866	94	
2867	48	
2868	73	
2869	95	
2870	34	
2871	17	
2872	82	
2873	87	
2874	17	
2875	3	
2876	51	
2877	92	
2878	45	
2879	54	
2880	53	
2881	92	
2882	82	
2883	26	
2884	7	
2885	5	
2886	35	
2887	58	
2888	100	
2889	56	
2890	13	
2891	22	
2892	32	
2893	81	
2894	24	
2895	14	
2896	28	
2897	93	
2898	95	
2899	11	
2900	13	
2901	22	
2902	23	
2903	23	
2904	2	
2905	75	
2906	64	
2907	79	
2908	100	
2909	83	
2910	97	
2911	86	
2912	35	
2913	100	
2914	42	
2915	80	
2916	59	
2917	81	
2918	81	
2919	69	
2920	41	
2921	34	
2922	71	
2923	65	
2924	9	
2925	16	
2926	5	
2927	63	
2928	100	
2929	76	
2930	89	
2931	21	
2932	93	
2933	50	
2934	33	
2935	83	
2936	69	
2937	16	
2938	85	
2939	25	
2940	37	
2941	10	
2942	22	
2943	40	
2944	20	
2945	37	
2946	59	
2947	93	
2948	19	
2949	70	
2950	48	
2951	3	
2952	98	
2953	57	
2954	10	
2955	15	
2956	70	
2957	8	
2958	44	
2959	3	
2960	99	
2961	91	
2962	73	
2963	45	
2964	73	
2965	83	
2966	73	
2967	3	
2968	72	
2969	29	
2970	39	
2971	38	
2972	73	
2973	86	
2974	62	
2975	53	
2976	85	
2977	42	
2978	6	
2979	88	
2980	39	
2981	23	
2982	9	
2983	43	
2984	87	
2985	73	
2986	39	
2987	11	
2988	59	
2989	56	
2990	20	
2991	45	
2992	41	
2993	11	
2994	39	
2995	27	
2996	48	
2997	85	
2998	79	
2999	29	
3000	7	
3001	23	
3002	75	
3003	65	
3004	2	
3005	87	
3006	67	
3007	64	
3008	17	
3009	68	
3010	70	
3011	94	
3012	14	
3013	5	
3014	63	
3015	78	
3016	43	
3017	37	
3018	70	
3019	17	
3020	27	
3021	65	
3022	62	
3023	58	
3024	80	
3025	43	
3026	78	
3027	89	
3028	47	
3029	79	
3030	86	
3031	65	
3032	69	
3033	45	
3034	61	
3035	99	
3036	54	
3037	4	
3038	29	
3039	66	
3040	21	
3041	23	
3042	40	
3043	23	
3044	80	
3045	79	
3046	35	
3047	52	
3048	95	
3049	25	
3050	59	
3051	55	
3052	30	
3053	3	
3054	1	
3055	5	
3056	73	
3057	56	
3058	99	
3059	29	
3060	98	
3061	66	
3062	55	
3063	8	
3064	98	
3065	53	
3066	16	
3067	24	
3068	45	
3069	90	
3070	26	
3071	87	
3072	85	
3073	70	
3074	100	
3075	10	
3076	63	
3077	50	
3078	41	
3079	21	
3080	87	
3081	83	
3082	33	
3083	19	
3084	90	
3085	45	
3086	98	
3087	55	
3088	3	
3089	9	
3090	62	
3091	12	
3092	64	
3093	97	
3094	57	
3095	34	
3096	92	
3097	16	
3098	9	
3099	35	
3100	68	
3101	93	
3102	20	
3103	10	
3104	100	
3105	38	
3106	57	
3107	28	
3108	25	
3109	26	
3110	96	
3111	36	
3112	30	
3113	25	
3114	21	
3115	29	
3116	28	
3117	16	
3118	77	
3119	88	
3120	68	
3121	48	
3122	66	
3123	89	
3124	34	
3125	65	
3126	77	
3127	62	
3128	37	
3129	73	
3130	16	
3131	9	
3132	43	
3133	12	
3134	35	
3135	84	
3136	15	
3137	46	
3138	52	
3139	89	
3140	50	
3141	38	
3142	13	
3143	73	
3144	1	
3145	3	
3146	78	
3147	95	
3148	47	
3149	64	
3150	25	
3151	83	
3152	9	
3153	50	
3154	20	
3155	61	
3156	23	
3157	58	
3158	35	
3159	69	
3160	37	
3161	10	
3162	96	
3163	98	
3164	41	
3165	15	
3166	80	
3167	25	
3168	29	
3169	47	
3170	9	
3171	84	
3172	84	
3173	19	
3174	35	
3175	38	
3176	71	
3177	83	
3178	61	
3179	70	
3180	37	
3181	68	
3182	11	
3183	97	
3184	97	
3185	14	
3186	99	
3187	71	
3188	96	
3189	71	
3190	54	
3191	63	
3192	70	
3193	79	
3194	26	
3195	73	
3196	75	
3197	24	
3198	47	
3199	88	
3200	8	
3201	69	
3202	75	
3203	26	
3204	13	
3205	57	
3206	52	
3207	25	
3208	25	
3209	35	
3210	30	
3211	1	
3212	39	
3213	88	
3214	51	
3215	30	
3216	29	
3217	22	
3218	32	
3219	96	
3220	41	
3221	33	
3222	7	
3223	39	
3224	94	
3225	73	
3226	93	
3227	47	
3228	33	
3229	41	
3230	7	
3231	2	
3232	65	
3233	40	
3234	95	
3235	94	
3236	45	
3237	47	
3238	17	
3239	38	
3240	19	
3241	87	
3242	80	
3243	58	
3244	16	
3245	6	
3246	92	
3247	25	
3248	33	
3249	90	
3250	43	
3251	16	
3252	61	
3253	47	
3254	66	
3255	78	
3256	29	
3257	52	
3258	66	
3259	91	
3260	42	
3261	83	
3262	93	
3263	15	
3264	3	
3265	95	
3266	28	
3267	62	
3268	25	
3269	62	
3270	85	
3271	38	
3272	68	
3273	100	
3274	36	
3275	50	
3276	1	
3277	88	
3278	27	
3279	63	
3280	96	
3281	84	
3282	11	
3283	71	
3284	37	
3285	94	
3286	62	
3287	63	
3288	88	
3289	48	
3290	1	
3291	30	
3292	87	
3293	9	
3294	13	
3295	2	
3296	60	
3297	34	
3298	39	
3299	11	
3300	21	
3301	41	
3302	6	
3303	33	
3304	81	
3305	26	
3306	5	
3307	44	
3308	42	
3309	58	
3310	87	
3311	35	
3312	91	
3313	70	
3314	41	
3315	20	
3316	33	
3317	90	
3318	24	
3319	19	
3320	31	
3321	16	
3322	93	
3323	44	
3324	43	
3325	92	
3326	58	
3327	92	
3328	32	
3329	62	
3330	56	
3331	96	
3332	16	
3333	77	
3334	77	
3335	90	
3336	90	
3337	68	
3338	92	
3339	45	
3340	14	
3341	37	
3342	29	
3343	62	
3344	81	
3345	64	
3346	40	
3347	11	
3348	88	
3349	23	
3350	59	
3351	42	
3352	29	
3353	64	
3354	63	
3355	76	
3356	71	
3357	75	
3358	49	
3359	96	
3360	53	
3361	47	
3362	14	
3363	23	
3364	83	
3365	82	
3366	77	
3367	19	
3368	30	
3369	27	
3370	73	
3371	41	
3372	6	
3373	37	
3374	69	
3375	96	
3376	71	
3377	63	
3378	18	
3379	73	
3380	95	
3381	32	
3382	57	
3383	20	
3384	79	
3385	90	
3386	70	
3387	59	
3388	31	
3389	7	
3390	2	
3391	7	
3392	69	
3393	9	
3394	6	
3395	84	
3396	46	
3397	3	
3398	87	
3399	97	
3400	62	
3401	15	
3402	99	
3403	11	
3404	94	
3405	30	
3406	74	
3407	5	
3408	89	
3409	11	
3410	84	
3411	6	
3412	17	
3413	17	
3414	51	
3415	35	
3416	5	
3417	16	
3418	92	
3419	13	
3420	86	
3421	84	
3422	20	
3423	1	
3424	64	
3425	91	
3426	52	
3427	80	
3428	68	
3429	9	
3430	42	
3431	26	
3432	81	
3433	83	
3434	87	
3435	48	
3436	9	
3437	59	
3438	37	
3439	11	
3440	58	
3441	12	
3442	33	
3443	46	
3444	99	
3445	51	
3446	60	
3447	14	
3448	98	
3449	58	
3450	94	
3451	33	
3452	5	
3453	98	
3454	75	
3455	21	
3456	11	
3457	74	
3458	3	
3459	63	
3460	58	
3461	32	
3462	95	
3463	46	
3464	52	
3465	20	
3466	45	
3467	83	
3468	40	
3469	37	
3470	38	
3471	97	
3472	7	
3473	57	
3474	63	
3475	36	
3476	45	
3477	6	
3478	58	
3479	99	
3480	79	
3481	1	
3482	43	
3483	64	
3484	92	
3485	64	
3486	17	
3487	52	
3488	2	
3489	33	
3490	16	
3491	89	
3492	15	
3493	27	
3494	74	
3495	1	
3496	3	
3497	46	
3498	44	
3499	90	
3500	10	
3501	87	
3502	88	
3503	61	
3504	16	
3505	34	
3506	70	
3507	61	
3508	66	
3509	90	
3510	89	
3511	75	
3512	84	
3513	21	
3514	53	
3515	69	
3516	54	
3517	46	
3518	92	
3519	69	
3520	41	
3521	9	
3522	14	
3523	37	
3524	73	
3525	95	
3526	79	
3527	86	
3528	25	
3529	84	
3530	69	
3531	34	
3532	24	
3533	58	
3534	76	
3535	8	
3536	48	
3537	69	
3538	68	
3539	52	
3540	79	
3541	50	
3542	78	
3543	70	
3544	84	
3545	94	
3546	73	
3547	21	
3548	68	
3549	98	
3550	72	
3551	97	
3552	91	
3553	58	
3554	82	
3555	35	
3556	17	
3557	63	
3558	17	
3559	90	
3560	55	
3561	39	
3562	12	
3563	46	
3564	14	
3565	97	
3566	33	
3567	73	
3568	80	
3569	48	
3570	91	
3571	86	
3572	80	
3573	91	
3574	9	
3575	95	
3576	100	
3577	51	
3578	58	
3579	8	
3580	57	
3581	65	
3582	3	
3583	32	
3584	4	
3585	87	
3586	68	
3587	9	
3588	42	
3589	28	
3590	20	
3591	8	
3592	89	
3593	34	
3594	88	
3595	56	
3596	51	
3597	38	
3598	100	
3599	46	
3600	48	
3601	7	
3602	39	
3603	67	
3604	64	
3605	96	
3606	66	
3607	90	
3608	11	
3609	96	
3610	73	
3611	37	
3612	98	
3613	14	
3614	95	
3615	22	
3616	30	
3617	25	
3618	95	
3619	25	
3620	10	
3621	74	
3622	10	
3623	69	
3624	86	
3625	18	
3626	29	
3627	84	
3628	24	
3629	91	
3630	21	
3631	12	
3632	55	
3633	67	
3634	65	
3635	58	
3636	80	
3637	74	
3638	32	
3639	21	
3640	74	
3641	51	
3642	5	
3643	65	
3644	71	
3645	99	
3646	8	
3647	18	
3648	23	
3649	51	
3650	36	
3651	67	
3652	25	
3653	80	
3654	85	
3655	21	
3656	79	
3657	83	
3658	9	
3659	51	
3660	84	
3661	16	
3662	39	
3663	2	
3664	1	
3665	44	
3666	33	
3667	32	
3668	23	
3669	1	
3670	4	
3671	2	
3672	69	
3673	42	
3674	80	
3675	44	
3676	80	
3677	13	
3678	75	
3679	32	
3680	31	
3681	22	
3682	51	
3683	56	
3684	73	
3685	11	
3686	13	
3687	79	
3688	79	
3689	80	
3690	2	
3691	93	
3692	37	
3693	90	
3694	59	
3695	61	
3696	12	
3697	13	
3698	38	
3699	77	
3700	62	
3701	92	
3702	21	
3703	81	
3704	91	
3705	65	
3706	3	
3707	9	
3708	83	
3709	87	
3710	88	
3711	57	
3712	27	
3713	34	
3714	87	
3715	8	
3716	7	
3717	11	
3718	43	
3719	92	
3720	71	
3721	30	
3722	4	
3723	54	
3724	8	
3725	41	
3726	17	
3727	24	
3728	78	
3729	4	
3730	37	
3731	24	
3732	9	
3733	72	
3734	60	
3735	72	
3736	17	
3737	62	
3738	53	
3739	53	
3740	51	
3741	62	
3742	66	
3743	97	
3744	19	
3745	74	
3746	53	
3747	15	
3748	22	
3749	15	
3750	23	
3751	12	
3752	95	
3753	60	
3754	5	
3755	69	
3756	80	
3757	4	
3758	28	
3759	57	
3760	27	
3761	26	
3762	46	
3763	77	
3764	67	
3765	72	
3766	76	
3767	24	
3768	82	
3769	90	
3770	40	
3771	95	
3772	54	
3773	66	
3774	14	
3775	72	
3776	58	
3777	59	
3778	72	
3779	80	
3780	24	
3781	64	
3782	36	
3783	82	
3784	62	
3785	79	
3786	30	
3787	75	
3788	63	
3789	24	
3790	69	
3791	5	
3792	41	
3793	37	
3794	96	
3795	70	
3796	37	
3797	81	
3798	79	
3799	76	
3800	15	
3801	88	
3802	84	
3803	76	
3804	1	
3805	6	
3806	56	
3807	17	
3808	25	
3809	57	
3810	98	
3811	44	
3812	58	
3813	37	
3814	43	
3815	35	
3816	69	
3817	3	
3818	2	
3819	39	
3820	65	
3821	37	
3822	7	
3823	20	
3824	37	
3825	13	
3826	100	
3827	17	
3828	31	
3829	47	
3830	47	
3831	50	
3832	36	
3833	70	
3834	51	
3835	100	
3836	60	
3837	27	
3838	75	
3839	65	
3840	8	
3841	51	
3842	36	
3843	14	
3844	71	
3845	59	
3846	96	
3847	14	
3848	24	
3849	92	
3850	99	
3851	74	
3852	44	
3853	98	
3854	63	
3855	65	
3856	66	
3857	70	
3858	34	
3859	43	
3860	48	
3861	26	
3862	80	
3863	83	
3864	21	
3865	9	
3866	87	
3867	58	
3868	6	
3869	29	
3870	76	
3871	19	
3872	78	
3873	46	
3874	85	
3875	87	
3876	56	
3877	90	
3878	54	
3879	32	
3880	54	
3881	61	
3882	34	
3883	4	
3884	34	
3885	92	
3886	49	
3887	32	
3888	74	
3889	67	
3890	89	
3891	11	
3892	77	
3893	97	
3894	95	
3895	90	
3896	29	
3897	16	
3898	92	
3899	51	
3900	87	
3901	35	
3902	43	
3903	4	
3904	72	
3905	41	
3906	39	
3907	50	
3908	93	
3909	61	
3910	70	
3911	73	
3912	44	
3913	42	
3914	98	
3915	100	
3916	43	
3917	78	
3918	21	
3919	75	
3920	22	
3921	61	
3922	18	
3923	30	
3924	41	
3925	32	
3926	44	
3927	84	
3928	32	
3929	36	
3930	43	
3931	22	
3932	33	
3933	54	
3934	31	
3935	80	
3936	58	
3937	30	
3938	90	
3939	21	
3940	17	
3941	53	
3942	84	
3943	80	
3944	69	
3945	9	
3946	16	
3947	67	
3948	96	
3949	81	
3950	85	
3951	36	
3952	69	
3953	19	
3954	12	
3955	59	
3956	17	
3957	8	
3958	86	
3959	97	
3960	75	
3961	12	
3962	64	
3963	65	
3964	42	
3965	69	
3966	97	
3967	50	
3968	87	
3969	30	
3970	27	
3971	78	
3972	29	
3973	86	
3974	87	
3975	78	
3976	70	
3977	75	
3978	60	
3979	16	
3980	53	
3981	13	
3982	84	
3983	59	
3984	72	
3985	62	
3986	32	
3987	79	
3988	69	
3989	69	
3990	78	
3991	32	
3992	30	
3993	2	
3994	43	
3995	33	
3996	26	
3997	13	
3998	16	
3999	15	
4000	84	
4001	68	
4002	90	
4003	77	
4004	4	
4005	87	
4006	84	
4007	87	
4008	47	
4009	95	
4010	77	
4011	16	
4012	33	
4013	33	
4014	64	
4015	97	
4016	43	
4017	46	
4018	98	
4019	34	
4020	36	
4021	39	
4022	36	
4023	66	
4024	77	
4025	67	
4026	75	
4027	73	
4028	70	
4029	46	
4030	41	
4031	46	
4032	28	
4033	86	
4034	7	
4035	63	
4036	11	
4037	1	
4038	82	
4039	18	
4040	63	
4041	75	
4042	84	
4043	43	
4044	53	
4045	2	
4046	94	
4047	54	
4048	69	
4049	30	
4050	1	
4051	24	
4052	39	
4053	49	
4054	83	
4055	18	
4056	83	
4057	70	
4058	44	
4059	51	
4060	6	
4061	95	
4062	88	
4063	13	
4064	12	
4065	44	
4066	73	
4067	40	
4068	2	
4069	35	
4070	86	
4071	19	
4072	19	
4073	56	
4074	16	
4075	8	
4076	33	
4077	4	
4078	9	
4079	54	
4080	99	
4081	31	
4082	18	
4083	12	
4084	49	
4085	72	
4086	96	
4087	29	
4088	13	
4089	81	
4090	12	
4091	64	
4092	82	
4093	17	
4094	28	
4095	41	
4096	56	
4097	63	
4098	8	
4099	83	
4100	57	
4101	94	
4102	12	
4103	88	
4104	83	
4105	5	
4106	2	
4107	32	
4108	8	
4109	42	
4110	51	
4111	12	
4112	44	
4113	73	
4114	100	
4115	62	
4116	60	
4117	35	
4118	26	
4119	59	
4120	82	
4121	1	
4122	49	
4123	95	
4124	69	
4125	55	
4126	38	
4127	9	
4128	83	
4129	83	
4130	18	
4131	69	
4132	99	
4133	90	
4134	91	
4135	43	
4136	74	
4137	67	
4138	82	
4139	99	
4140	51	
4141	77	
4142	41	
4143	36	
4144	29	
4145	67	
4146	13	
4147	56	
4148	89	
4149	71	
4150	18	
4151	35	
4152	87	
4153	45	
4154	15	
4155	1	
4156	68	
4157	31	
4158	25	
4159	83	
4160	14	
4161	52	
4162	65	
4163	62	
4164	64	
4165	70	
4166	76	
4167	65	
4168	37	
4169	30	
4170	8	
4171	56	
4172	14	
4173	44	
4174	42	
4175	68	
4176	66	
4177	74	
4178	42	
4179	51	
4180	79	
4181	8	
4182	64	
4183	78	
4184	40	
4185	46	
4186	67	
4187	89	
4188	74	
4189	26	
4190	2	
4191	79	
4192	17	
4193	49	
4194	61	
4195	81	
4196	89	
4197	91	
4198	71	
4199	45	
4200	91	
4201	57	
4202	91	
4203	32	
4204	36	
4205	77	
4206	55	
4207	62	
4208	94	
4209	69	
4210	14	
4211	46	
4212	56	
4213	45	
4214	31	
4215	76	
4216	72	
4217	4	
4218	49	
4219	25	
4220	68	
4221	43	
4222	37	
4223	43	
4224	71	
4225	95	
4226	71	
4227	51	
4228	58	
4229	69	
4230	95	
4231	96	
4232	30	
4233	69	
4234	19	
4235	31	
4236	46	
4237	89	
4238	59	
4239	38	
4240	70	
4241	81	
4242	79	
4243	35	
4244	29	
4245	67	
4246	56	
4247	84	
4248	40	
4249	66	
4250	41	
4251	90	
4252	97	
4253	72	
4254	97	
4255	16	
4256	1	
4257	57	
4258	67	
4259	95	
4260	67	
4261	87	
4262	53	
4263	25	
4264	47	
4265	62	
4266	89	
4267	64	
4268	95	
4269	79	
4270	32	
4271	5	
4272	82	
4273	78	
4274	5	
4275	15	
4276	61	
4277	45	
4278	99	
4279	75	
4280	59	
4281	61	
4282	18	
4283	19	
4284	3	
4285	18	
4286	27	
4287	5	
4288	62	
4289	84	
4290	65	
4291	10	
4292	87	
4293	66	
4294	68	
4295	77	
4296	5	
4297	3	
4298	49	
4299	64	
4300	96	
4301	33	
4302	15	
4303	35	
4304	17	
4305	79	
4306	34	
4307	17	
4308	33	
4309	36	
4310	95	
4311	61	
4312	79	
4313	40	
4314	68	
4315	22	
4316	20	
4317	48	
4318	27	
4319	64	
4320	95	
4321	32	
4322	100	
4323	96	
4324	19	
4325	45	
4326	29	
4327	28	
4328	97	
4329	80	
4330	91	
4331	2	
4332	73	
4333	7	
4334	63	
4335	96	
4336	48	
4337	21	
4338	3	
4339	30	
4340	64	
4341	88	
4342	1	
4343	21	
4344	45	
4345	92	
4346	37	
4347	52	
4348	76	
4349	43	
4350	36	
4351	42	
4352	92	
4353	76	
4354	41	
4355	44	
4356	66	
4357	33	
4358	100	
4359	46	
4360	34	
4361	31	
4362	82	
4363	23	
4364	25	
4365	14	
4366	26	
4367	15	
4368	79	
4369	44	
4370	23	
4371	62	
4372	88	
4373	29	
4374	17	
4375	47	
4376	8	
4377	13	
4378	15	
4379	56	
4380	76	
4381	62	
4382	7	
4383	98	
4384	24	
4385	13	
4386	39	
4387	39	
4388	73	
4389	58	
4390	36	
4391	70	
4392	34	
4393	94	
4394	79	
4395	86	
4396	5	
4397	10	
4398	73	
4399	36	
4400	57	
4401	23	
4402	24	
4403	80	
4404	38	
4405	46	
4406	2	
4407	49	
4408	38	
4409	42	
4410	54	
4411	59	
4412	16	
4413	78	
4414	52	
4415	57	
4416	28	
4417	46	
4418	19	
4419	33	
4420	24	
4421	47	
4422	74	
4423	96	
4424	30	
4425	82	
4426	85	
4427	25	
4428	57	
4429	67	
4430	63	
4431	5	
4432	38	
4433	43	
4434	15	
4435	13	
4436	17	
4437	47	
4438	76	
4439	21	
4440	31	
4441	60	
4442	91	
4443	96	
4444	99	
4445	23	
4446	90	
4447	63	
4448	20	
4449	68	
4450	56	
4451	65	
4452	46	
4453	1	
4454	69	
4455	26	
4456	82	
4457	6	
4458	89	
4459	70	
4460	16	
4461	96	
4462	33	
4463	96	
4464	84	
4465	3	
4466	99	
4467	1	
4468	47	
4469	17	
4470	65	
4471	71	
4472	93	
4473	95	
4474	26	
4475	21	
4476	22	
4477	29	
4478	30	
4479	7	
4480	95	
4481	55	
4482	28	
4483	12	
4484	96	
4485	96	
4486	67	
4487	30	
4488	69	
4489	19	
4490	39	
4491	21	
4492	22	
4493	26	
4494	42	
4495	81	
4496	37	
4497	56	
4498	9	
4499	79	
4500	13	
4501	48	
4502	19	
4503	73	
4504	57	
4505	98	
4506	74	
4507	11	
4508	17	
4509	59	
4510	79	
4511	54	
4512	18	
4513	42	
4514	80	
4515	89	
4516	29	
4517	87	
4518	57	
4519	16	
4520	75	
4521	64	
4522	22	
4523	7	
4524	5	
4525	8	
4526	40	
4527	85	
4528	5	
4529	46	
4530	53	
4531	60	
4532	94	
4533	80	
4534	30	
4535	12	
4536	62	
4537	26	
4538	77	
4539	53	
4540	59	
4541	33	
4542	14	
4543	91	
4544	12	
4545	90	
4546	55	
4547	65	
4548	70	
4549	35	
4550	74	
4551	25	
4552	2	
4553	98	
4554	51	
4555	76	
4556	7	
4557	79	
4558	80	
4559	64	
4560	66	
4561	20	
4562	10	
4563	23	
4564	79	
4565	48	
4566	96	
4567	7	
4568	86	
4569	86	
4570	68	
4571	69	
4572	45	
4573	69	
4574	55	
4575	96	
4576	6	
4577	75	
4578	23	
4579	40	
4580	95	
4581	31	
4582	28	
4583	29	
4584	28	
4585	61	
4586	69	
4587	79	
4588	49	
4589	26	
4590	77	
4591	98	
4592	1	
4593	47	
4594	17	
4595	93	
4596	23	
4597	1	
4598	82	
4599	92	
4600	42	
4601	3	
4602	73	
4603	31	
4604	58	
4605	36	
4606	61	
4607	86	
4608	56	
4609	40	
4610	37	
4611	93	
4612	36	
4613	48	
4614	23	
4615	83	
4616	49	
4617	28	
4618	21	
4619	97	
4620	38	
4621	35	
4622	25	
4623	90	
4624	57	
4625	47	
4626	86	
4627	90	
4628	36	
4629	26	
4630	87	
4631	8	
4632	53	
4633	37	
4634	36	
4635	65	
4636	83	
4637	81	
4638	37	
4639	28	
4640	17	
4641	2	
4642	44	
4643	81	
4644	36	
4645	2	
4646	29	
4647	65	
4648	62	
4649	48	
4650	79	
4651	34	
4652	47	
4653	23	
4654	41	
4655	32	
4656	88	
4657	83	
4658	56	
4659	33	
4660	63	
4661	40	
4662	69	
4663	58	
4664	64	
4665	11	
4666	49	
4667	29	
4668	52	
4669	94	
4670	50	
4671	68	
4672	90	
4673	89	
4674	61	
4675	8	
4676	75	
4677	8	
4678	56	
4679	48	
4680	35	
4681	77	
4682	30	
4683	77	
4684	95	
4685	21	
4686	16	
4687	42	
4688	91	
4689	76	
4690	96	
4691	35	
4692	3	
4693	39	
4694	77	
4695	79	
4696	35	
4697	22	
4698	63	
4699	7	
4700	16	
4701	12	
4702	13	
4703	42	
4704	70	
4705	64	
4706	20	
4707	53	
4708	58	
4709	31	
4710	4	
4711	10	
4712	12	
4713	38	
4714	31	
4715	15	
4716	11	
4717	27	
4718	15	
4719	38	
4720	29	
4721	61	
4722	81	
4723	99	
4724	66	
4725	14	
4726	70	
4727	19	
4728	41	
4729	42	
4730	23	
4731	100	
4732	28	
4733	22	
4734	18	
4735	56	
4736	67	
4737	35	
4738	56	
4739	61	
4740	9	
4741	23	
4742	30	
4743	95	
4744	48	
4745	28	
4746	86	
4747	20	
4748	39	
4749	2	
4750	13	
4751	48	
4752	83	
4753	31	
4754	64	
4755	14	
4756	5	
4757	26	
4758	65	
4759	29	
4760	83	
4761	86	
4762	76	
4763	52	
4764	96	
4765	25	
4766	4	
4767	8	
4768	26	
4769	16	
4770	26	
4771	99	
4772	84	
4773	79	
4774	6	
4775	27	
4776	7	
4777	11	
4778	6	
4779	95	
4780	19	
4781	21	
4782	76	
4783	81	
4784	65	
4785	74	
4786	29	
4787	20	
4788	59	
4789	46	
4790	74	
4791	22	
4792	65	
4793	11	
4794	67	
4795	63	
4796	23	
4797	17	
4798	64	
4799	42	
4800	26	
4801	45	
4802	89	
4803	25	
4804	42	
4805	60	
4806	11	
4807	13	
4808	19	
4809	38	
4810	64	
4811	24	
4812	70	
4813	77	
4814	13	
4815	97	
4816	30	
4817	33	
4818	91	
4819	69	
4820	57	
4821	11	
4822	40	
4823	45	
4824	78	
4825	48	
4826	20	
4827	84	
4828	98	
4829	85	
4830	86	
4831	7	
4832	73	
4833	82	
4834	90	
4835	8	
4836	40	
4837	25	
4838	22	
4839	30	
4840	86	
4841	78	
4842	96	
4843	5	
4844	100	
4845	10	
4846	32	
4847	100	
4848	71	
4849	69	
4850	71	
4851	76	
4852	38	
4853	33	
4854	92	
4855	47	
4856	2	
4857	70	
4858	74	
4859	23	
4860	64	
4861	58	
4862	33	
4863	75	
4864	27	
4865	5	
4866	61	
4867	31	
4868	13	
4869	35	
4870	27	
4871	89	
4872	80	
4873	50	
4874	17	
4875	68	
4876	63	
4877	43	
4878	20	
4879	33	
4880	7	
4881	53	
4882	28	
4883	97	
4884	72	
4885	28	
4886	53	
4887	36	
4888	19	
4889	61	
4890	26	
4891	2	
4892	67	
4893	72	
4894	62	
4895	73	
4896	74	
4897	19	
4898	29	
4899	84	
4900	6	
4901	46	
4902	93	
4903	19	
4904	26	
4905	87	
4906	43	
4907	77	
4908	88	
4909	77	
4910	77	
4911	60	
4912	47	
4913	99	
4914	99	
4915	70	
4916	64	
4917	99	
4918	32	
4919	27	
4920	35	
4921	52	
4922	40	
4923	27	
4924	16	
4925	10	
4926	29	
4927	86	
4928	64	
4929	39	
4930	3	
4931	43	
4932	83	
4933	89	
4934	97	
4935	92	
4936	60	
4937	45	
4938	96	
4939	38	
4940	22	
4941	3	
4942	65	
4943	79	
4944	11	
4945	24	
4946	4	
4947	100	
4948	97	
4949	50	
4950	37	
4951	61	
4952	71	
4953	20	
4954	27	
4955	90	
4956	54	
4957	81	
4958	77	
4959	62	
4960	17	
4961	19	
4962	55	
4963	37	
4964	63	
4965	57	
4966	27	
4967	23	
4968	50	
4969	31	
4970	94	
4971	16	
4972	67	
4973	82	
4974	22	
4975	16	
4976	62	
4977	75	
4978	27	
4979	78	
4980	57	
4981	94	
4982	15	
4983	90	
4984	58	
4985	41	
4986	20	
4987	16	
4988	83	
4989	88	
4990	31	
4991	32	
4992	42	
4993	12	
4994	68	
4995	2	
4996	31	
4997	86	
4998	42	
4999	45	
5000	19	
7465
