5000
1	416	
2	724	
3	906	
4	811	
5	428	
6	930	
7	925	
8	300	
9	581	
10	970	
11	700	
12	851	
13	532	
14	148	
15	493	
16	909	
17	149	
18	512	
19	41	
20	902	
21	893	
22	776	
23	340	
24	343	
25	949	
26	736	
27	322	
28	208	
29	326	
30	551	
31	338	
32	220	
33	380	
34	453	
35	4	
36	721	
37	652	
38	709	
39	364	
40	727	
41	607	
42	386	
43	798	
44	782	
45	471	
46	139	
47	858	
48	586	
49	239	
50	624	
51	647	
52	384	
53	517	
54	572	
55	137	
56	512	
57	953	
58	595	
59	116	
60	994	
61	213	
62	763	
63	984	
64	507	
65	348	
66	252	
67	917	
68	727	
69	356	
70	330	
71	862	
72	894	
73	798	
74	551	
75	496	
76	225	
77	243	
78	219	
79	649	
80	331	
81	566	
82	494	
83	739	
84	658	
85	238	
86	146	
87	112	
88	700	
89	786	
90	595	
91	357	
92	13	
93	85	
94	1000	
95	8	
96	533	
97	225	
98	33	
99	236	
100	836	
101	685	
102	848	
103	122	
104	32	
105	425	
106	114	
107	207	
108	739	
109	503	
110	229	
111	851	
112	295	
113	313	
114	609	
115	269	
116	931	
117	871	
118	377	
119	609	
120	109	
121	352	
122	577	
123	36	
124	327	
125	53	
126	719	
127	268	
128	956	
129	379	
130	131	
131	370	
132	921	
133	159	
134	560	
135	745	
136	262	
137	857	
138	115	
139	142	
140	244	
141	11	
142	97	
143	695	
144	119	
145	441	
146	954	
147	158	
148	203	
149	993	
150	986	
151	301	
152	433	
153	170	
154	428	
155	826	
156	584	
157	390	
158	55	
159	498	
160	637	
161	89	
162	859	
163	358	
164	982	
165	81	
166	610	
167	195	
168	624	
169	886	
170	465	
171	939	
172	158	
173	33	
174	78	
175	807	
176	891	
177	766	
178	841	
179	94	
180	108	
181	979	
182	533	
183	604	
184	640	
185	505	
186	253	
187	166	
188	897	
189	800	
190	881	
191	202	
192	595	
193	836	
194	488	
195	321	
196	970	
197	564	
198	734	
199	87	
200	245	
201	711	
202	101	
203	223	
204	271	
205	535	
206	797	
207	648	
208	666	
209	471	
210	933	
211	372	
212	364	
213	959	
214	625	
215	782	
216	307	
217	868	
218	988	
219	153	
220	242	
221	66	
222	997	
223	269	
224	500	
225	980	
226	36	
227	155	
228	173	
229	55	
230	99	
231	37	
232	254	
233	557	
234	526	
235	529	
236	656	
237	229	
238	773	
239	197	
240	309	
241	829	
242	199	
243	57	
244	387	
245	26	
246	855	
247	242	
248	274	
249	676	
250	392	
251	283	
252	403	
253	501	
254	714	
255	35	
256	689	
257	760	
258	12	
259	563	
260	865	
261	891	
262	817	
263	479	
264	715	
265	775	
266	678	
267	386	
268	128	
269	541	
270	879	
271	508	
272	779	
273	480	
274	111	
275	109	
276	34	
277	23	
278	534	
279	873	
280	396	
281	873	
282	194	
283	571	
284	363	
285	176	
286	817	
287	75	
288	601	
289	617	
290	739	
291	466	
292	564	
293	1000	
294	962	
295	627	
296	363	
297	286	
298	514	
299	250	
300	680	
301	172	
302	987	
303	974	
304	149	
305	31	
306	420	
307	311	
308	385	
309	868	
310	343	
311	994	
312	786	
313	410	
314	850	
315	122	
316	610	
317	437	
318	377	
319	390	
320	909	
321	958	
322	271	
323	616	
324	158	
325	221	
326	955	
327	530	
328	423	
329	802	
330	893	
331	576	
332	655	
333	901	
334	416	
335	250	
336	123	
337	51	
338	479	
339	928	
340	496	
341	865	
342	706	
343	686	
344	980	
345	104	
346	567	
347	832	
348	466	
349	249	
350	539	
351	780	
352	132	
353	600	
354	832	
355	476	
356	345	
357	891	
358	359	
359	451	
360	814	
361	850	
362	741	
363	581	
364	766	
365	262	
366	943	
367	153	
368	820	
369	603	
370	951	
371	808	
372	470	
373	272	
374	502	
375	156	
376	353	
377	235	
378	186	
379	20	
380	857	
381	415	
382	455	
383	500	
384	239	
385	767	
386	975	
387	311	
388	218	
389	690	
390	788	
391	447	
392	145	
393	471	
394	106	
395	672	
396	797	
397	984	
398	424	
399	2	
400	473	
401	64	
402	253	
403	510	
404	739	
405	366	
406	620	
407	302	
408	930	
409	522	
410	82	
411	959	
412	119	
413	573	
414	245	
415	351	
416	438	
417	707	
418	836	
419	592	
420	540	
421	345	
422	227	
423	333	
424	448	
425	64	
426	341	
427	202	
428	684	
429	682	
430	386	
431	343	
432	34	
433	482	
434	737	
435	235	
436	849	
437	846	
438	956	
439	842	
440	103	
441	366	
442	576	
443	792	
444	950	
445	643	
446	812	
447	733	
448	361	
449	163	
450	415	
451	969	
452	909	
453	305	
454	67	
455	622	
456	882	
457	911	
458	902	
459	19	
460	802	
461	821	
462	70	
463	925	
464	750	
465	568	
466	954	
467	478	
468	22	
469	70	
470	269	
471	56	
472	671	
473	182	
474	604	
475	424	
476	379	
477	659	
478	332	
479	389	
480	215	
481	759	
482	7	
483	383	
484	446	
485	673	
486	5	
487	778	
488	816	
489	841	
490	837	
491	931	
492	871	
493	345	
494	547	
495	735	
496	598	
497	475	
498	425	
499	840	
500	418	
501	631	
502	472	
503	801	
504	147	
505	171	
506	949	
507	671	
508	257	
509	379	
510	79	
511	288	
512	904	
513	408	
514	12	
515	333	
516	494	
517	650	
518	89	
519	217	
520	594	
521	345	
522	817	
523	952	
524	716	
525	757	
526	994	
527	555	
528	978	
529	427	
530	317	
531	393	
532	766	
533	128	
534	717	
535	717	
536	562	
537	237	
538	148	
539	676	
540	638	
541	299	
542	898	
543	653	
544	654	
545	222	
546	544	
547	105	
548	830	
549	348	
550	254	
551	442	
552	439	
553	653	
554	507	
555	189	
556	993	
557	466	
558	875	
559	226	
560	969	
561	263	
562	95	
563	424	
564	554	
565	562	
566	339	
567	771	
568	541	
569	523	
570	193	
571	184	
572	851	
573	388	
574	512	
575	613	
576	895	
577	929	
578	705	
579	507	
580	486	
581	998	
582	549	
583	629	
584	456	
585	613	
586	306	
587	144	
588	830	
589	207	
590	741	
591	275	
592	963	
593	840	
594	23	
595	630	
596	893	
597	877	
598	882	
599	828	
600	44	
601	158	
602	907	
603	778	
604	63	
605	326	
606	55	
607	408	
608	531	
609	720	
610	671	
611	988	
612	781	
613	1	
614	30	
615	124	
616	596	
617	475	
618	7	
619	298	
620	26	
621	157	
622	945	
623	759	
624	690	
625	157	
626	285	
627	274	
628	17	
629	232	
630	572	
631	240	
632	966	
633	614	
634	179	
635	388	
636	763	
637	657	
638	368	
639	805	
640	243	
641	548	
642	555	
643	484	
644	380	
645	661	
646	624	
647	901	
648	596	
649	468	
650	362	
651	427	
652	870	
653	124	
654	967	
655	309	
656	908	
657	287	
658	312	
659	262	
660	779	
661	76	
662	103	
663	126	
664	596	
665	682	
666	512	
667	291	
668	503	
669	612	
670	898	
671	893	
672	167	
673	388	
674	253	
675	419	
676	442	
677	241	
678	796	
679	944	
680	416	
681	715	
682	450	
683	410	
684	161	
685	243	
686	542	
687	855	
688	833	
689	214	
690	488	
691	231	
692	334	
693	240	
694	643	
695	495	
696	389	
697	955	
698	83	
699	802	
700	314	
701	87	
702	574	
703	23	
704	542	
705	65	
706	133	
707	376	
708	561	
709	750	
710	585	
711	830	
712	647	
713	38	
714	536	
715	728	
716	500	
717	643	
718	519	
719	842	
720	843	
721	345	
722	599	
723	992	
724	343	
725	782	
726	153	
727	290	
728	714	
729	920	
730	764	
731	503	
732	869	
733	587	
734	828	
735	668	
736	458	
737	987	
738	114	
739	923	
740	974	
741	3	
742	800	
743	927	
744	130	
745	398	
746	611	
747	36	
748	543	
749	668	
750	217	
751	489	
752	311	
753	881	
754	2	
755	143	
756	1	
757	659	
758	505	
759	96	
760	43	
761	435	
762	58	
763	643	
764	423	
765	24	
766	995	
767	540	
768	968	
769	849	
770	773	
771	406	
772	740	
773	937	
774	825	
775	210	
776	537	
777	530	
778	964	
779	951	
780	113	
781	605	
782	349	
783	418	
784	72	
785	94	
786	260	
787	388	
788	250	
789	346	
790	275	
791	361	
792	520	
793	473	
794	598	
795	661	
796	745	
797	542	
798	516	
799	734	
800	426	
801	900	
802	357	
803	351	
804	881	
805	608	
806	43	
807	937	
808	163	
809	795	
810	11	
811	337	
812	523	
813	847	
814	315	
815	86	
816	556	
817	871	
818	131	
819	633	
820	35	
821	385	
822	150	
823	517	
824	384	
825	485	
826	552	
827	702	
828	995	
829	196	
830	158	
831	212	
832	16	
833	707	
834	307	
835	382	
836	509	
837	863	
838	471	
839	521	
840	985	
841	49	
842	279	
843	617	
844	973	
845	145	
846	890	
847	356	
848	780	
849	173	
850	784	
851	116	
852	347	
853	824	
854	83	
855	82	
856	251	
857	76	
858	703	
859	909	
860	124	
861	139	
862	339	
863	171	
864	18	
865	951	
866	742	
867	453	
868	618	
869	575	
870	301	
871	204	
872	330	
873	667	
874	825	
875	944	
876	46	
877	484	
878	347	
879	989	
880	719	
881	103	
882	210	
883	685	
884	4	
885	249	
886	985	
887	315	
888	178	
889	81	
890	276	
891	932	
892	173	
893	882	
894	872	
895	413	
896	55	
897	832	
898	272	
899	281	
900	373	
901	488	
902	412	
903	50	
904	351	
905	890	
906	985	
907	685	
908	119	
909	920	
910	670	
911	97	
912	414	
913	486	
914	906	
915	165	
916	515	
917	441	
918	297	
919	430	
920	5	
921	474	
922	542	
923	872	
924	254	
925	362	
926	880	
927	426	
928	944	
929	813	
930	598	
931	117	
932	33	
933	625	
934	389	
935	323	
936	280	
937	726	
938	614	
939	657	
940	199	
941	925	
942	554	
943	103	
944	521	
945	170	
946	576	
947	636	
948	634	
949	427	
950	859	
951	428	
952	652	
953	856	
954	878	
955	380	
956	22	
957	619	
958	897	
959	330	
960	764	
961	967	
962	395	
963	943	
964	412	
965	907	
966	911	
967	478	
968	76	
969	710	
970	73	
971	844	
972	103	
973	49	
974	40	
975	728	
976	239	
977	18	
978	875	
979	793	
980	161	
981	885	
982	358	
983	197	
984	638	
985	11	
986	380	
987	478	
988	134	
989	36	
990	363	
991	436	
992	180	
993	302	
994	845	
995	360	
996	567	
997	789	
998	539	
999	12	
1000	44	
1001	43	
1002	938	
1003	861	
1004	711	
1005	207	
1006	983	
1007	771	
1008	689	
1009	95	
1010	940	
1011	645	
1012	904	
1013	496	
1014	971	
1015	752	
1016	388	
1017	802	
1018	911	
1019	71	
1020	837	
1021	902	
1022	912	
1023	425	
1024	688	
1025	465	
1026	397	
1027	431	
1028	905	
1029	704	
1030	985	
1031	220	
1032	176	
1033	524	
1034	104	
1035	741	
1036	134	
1037	989	
1038	32	
1039	921	
1040	422	
1041	184	
1042	67	
1043	400	
1044	366	
1045	179	
1046	745	
1047	221	
1048	501	
1049	501	
1050	192	
1051	302	
1052	12	
1053	473	
1054	621	
1055	616	
1056	407	
1057	953	
1058	18	
1059	389	
1060	987	
1061	820	
1062	368	
1063	519	
1064	479	
1065	458	
1066	27	
1067	924	
1068	389	
1069	884	
1070	755	
1071	362	
1072	511	
1073	39	
1074	7	
1075	337	
1076	532	
1077	135	
1078	601	
1079	966	
1080	66	
1081	326	
1082	558	
1083	588	
1084	883	
1085	4	
1086	189	
1087	434	
1088	618	
1089	989	
1090	829	
1091	842	
1092	701	
1093	712	
1094	665	
1095	493	
1096	146	
1097	173	
1098	61	
1099	217	
1100	35	
1101	124	
1102	847	
1103	109	
1104	940	
1105	889	
1106	65	
1107	465	
1108	377	
1109	684	
1110	651	
1111	977	
1112	403	
1113	531	
1114	43	
1115	744	
1116	529	
1117	640	
1118	6	
1119	447	
1120	913	
1121	263	
1122	886	
1123	709	
1124	998	
1125	893	
1126	843	
1127	37	
1128	112	
1129	340	
1130	756	
1131	965	
1132	673	
1133	20	
1134	85	
1135	147	
1136	276	
1137	57	
1138	88	
1139	976	
1140	830	
1141	945	
1142	374	
1143	526	
1144	311	
1145	420	
1146	196	
1147	251	
1148	183	
1149	972	
1150	561	
1151	598	
1152	907	
1153	924	
1154	580	
1155	663	
1156	191	
1157	715	
1158	375	
1159	416	
1160	995	
1161	24	
1162	784	
1163	536	
1164	871	
1165	636	
1166	61	
1167	828	
1168	720	
1169	341	
1170	573	
1171	725	
1172	755	
1173	151	
1174	355	
1175	799	
1176	287	
1177	970	
1178	52	
1179	261	
1180	509	
1181	457	
1182	877	
1183	944	
1184	977	
1185	207	
1186	64	
1187	183	
1188	919	
1189	721	
1190	309	
1191	398	
1192	584	
1193	584	
1194	11	
1195	905	
1196	77	
1197	302	
1198	254	
1199	591	
1200	768	
1201	158	
1202	184	
1203	809	
1204	495	
1205	797	
1206	986	
1207	897	
1208	538	
1209	309	
1210	769	
1211	518	
1212	426	
1213	95	
1214	795	
1215	188	
1216	442	
1217	190	
1218	305	
1219	174	
1220	567	
1221	616	
1222	901	
1223	430	
1224	850	
1225	437	
1226	587	
1227	672	
1228	314	
1229	808	
1230	297	
1231	189	
1232	379	
1233	51	
1234	440	
1235	515	
1236	923	
1237	189	
1238	82	
1239	119	
1240	138	
1241	573	
1242	68	
1243	653	
1244	215	
1245	317	
1246	51	
1247	355	
1248	127	
1249	297	
1250	448	
1251	788	
1252	999	
1253	903	
1254	158	
1255	249	
1256	902	
1257	783	
1258	256	
1259	231	
1260	30	
1261	746	
1262	925	
1263	877	
1264	762	
1265	709	
1266	598	
1267	836	
1268	807	
1269	948	
1270	412	
1271	79	
1272	100	
1273	857	
1274	108	
1275	338	
1276	108	
1277	252	
1278	212	
1279	797	
1280	312	
1281	537	
1282	693	
1283	920	
1284	263	
1285	383	
1286	704	
1287	934	
1288	991	
1289	358	
1290	219	
1291	492	
1292	915	
1293	534	
1294	955	
1295	168	
1296	477	
1297	947	
1298	977	
1299	540	
1300	850	
1301	909	
1302	783	
1303	754	
1304	771	
1305	545	
1306	986	
1307	943	
1308	384	
1309	83	
1310	639	
1311	986	
1312	228	
1313	582	
1314	423	
1315	971	
1316	446	
1317	448	
1318	93	
1319	638	
1320	179	
1321	225	
1322	612	
1323	639	
1324	327	
1325	513	
1326	819	
1327	494	
1328	227	
1329	198	
1330	906	
1331	506	
1332	421	
1333	390	
1334	396	
1335	839	
1336	429	
1337	735	
1338	901	
1339	914	
1340	971	
1341	732	
1342	3	
1343	513	
1344	836	
1345	720	
1346	431	
1347	349	
1348	500	
1349	217	
1350	547	
1351	873	
1352	163	
1353	944	
1354	898	
1355	330	
1356	474	
1357	622	
1358	420	
1359	838	
1360	956	
1361	78	
1362	281	
1363	919	
1364	711	
1365	151	
1366	403	
1367	23	
1368	34	
1369	793	
1370	70	
1371	611	
1372	775	
1373	148	
1374	610	
1375	834	
1376	32	
1377	462	
1378	645	
1379	109	
1380	330	
1381	363	
1382	154	
1383	950	
1384	479	
1385	4	
1386	822	
1387	618	
1388	77	
1389	555	
1390	383	
1391	521	
1392	410	
1393	291	
1394	630	
1395	538	
1396	161	
1397	962	
1398	899	
1399	706	
1400	532	
1401	15	
1402	717	
1403	163	
1404	506	
1405	174	
1406	201	
1407	558	
1408	767	
1409	785	
1410	640	
1411	340	
1412	384	
1413	606	
1414	267	
1415	262	
1416	550	
1417	757	
1418	976	
1419	282	
1420	368	
1421	609	
1422	140	
1423	951	
1424	995	
1425	724	
1426	200	
1427	13	
1428	275	
1429	724	
1430	549	
1431	503	
1432	249	
1433	490	
1434	570	
1435	826	
1436	20	
1437	248	
1438	107	
1439	69	
1440	618	
1441	96	
1442	545	
1443	921	
1444	326	
1445	825	
1446	38	
1447	433	
1448	312	
1449	731	
1450	223	
1451	976	
1452	338	
1453	375	
1454	58	
1455	751	
1456	335	
1457	233	
1458	199	
1459	917	
1460	572	
1461	112	
1462	993	
1463	791	
1464	137	
1465	42	
1466	972	
1467	16	
1468	142	
1469	146	
1470	110	
1471	527	
1472	432	
1473	652	
1474	727	
1475	789	
1476	99	
1477	29	
1478	938	
1479	126	
1480	87	
1481	981	
1482	500	
1483	733	
1484	452	
1485	110	
1486	594	
1487	170	
1488	144	
1489	804	
1490	709	
1491	653	
1492	693	
1493	924	
1494	462	
1495	89	
1496	349	
1497	327	
1498	147	
1499	84	
1500	416	
1501	166	
1502	826	
1503	723	
1504	186	
1505	405	
1506	115	
1507	464	
1508	312	
1509	585	
1510	768	
1511	781	
1512	137	
1513	636	
1514	62	
1515	832	
1516	422	
1517	846	
1518	651	
1519	87	
1520	355	
1521	267	
1522	39	
1523	659	
1524	62	
1525	897	
1526	957	
1527	726	
1528	541	
1529	784	
1530	897	
1531	286	
1532	402	
1533	386	
1534	457	
1535	906	
1536	936	
1537	650	
1538	117	
1539	841	
1540	348	
1541	70	
1542	1000	
1543	432	
1544	902	
1545	423	
1546	351	
1547	586	
1548	855	
1549	286	
1550	262	
1551	303	
1552	475	
1553	582	
1554	528	
1555	431	
1556	462	
1557	886	
1558	686	
1559	694	
1560	88	
1561	22	
1562	740	
1563	680	
1564	715	
1565	86	
1566	280	
1567	811	
1568	961	
1569	884	
1570	172	
1571	305	
1572	112	
1573	972	
1574	313	
1575	77	
1576	143	
1577	631	
1578	524	
1579	35	
1580	688	
1581	151	
1582	11	
1583	962	
1584	238	
1585	30	
1586	422	
1587	563	
1588	342	
1589	796	
1590	64	
1591	544	
1592	455	
1593	240	
1594	268	
1595	912	
1596	684	
1597	19	
1598	882	
1599	663	
1600	598	
1601	90	
1602	273	
1603	528	
1604	260	
1605	770	
1606	820	
1607	269	
1608	52	
1609	276	
1610	448	
1611	554	
1612	473	
1613	192	
1614	945	
1615	831	
1616	429	
1617	723	
1618	794	
1619	933	
1620	101	
1621	347	
1622	387	
1623	69	
1624	882	
1625	31	
1626	282	
1627	350	
1628	676	
1629	761	
1630	173	
1631	678	
1632	686	
1633	661	
1634	972	
1635	165	
1636	639	
1637	409	
1638	961	
1639	663	
1640	461	
1641	69	
1642	345	
1643	616	
1644	633	
1645	10	
1646	585	
1647	383	
1648	15	
1649	621	
1650	899	
1651	277	
1652	628	
1653	418	
1654	601	
1655	317	
1656	392	
1657	146	
1658	966	
1659	235	
1660	468	
1661	159	
1662	146	
1663	535	
1664	99	
1665	565	
1666	612	
1667	889	
1668	826	
1669	145	
1670	367	
1671	780	
1672	129	
1673	523	
1674	423	
1675	684	
1676	817	
1677	893	
1678	491	
1679	954	
1680	253	
1681	459	
1682	674	
1683	556	
1684	411	
1685	698	
1686	736	
1687	799	
1688	898	
1689	955	
1690	736	
1691	151	
1692	155	
1693	510	
1694	368	
1695	819	
1696	658	
1697	849	
1698	346	
1699	443	
1700	444	
1701	9	
1702	583	
1703	379	
1704	592	
1705	93	
1706	187	
1707	152	
1708	440	
1709	920	
1710	206	
1711	55	
1712	183	
1713	701	
1714	215	
1715	642	
1716	489	
1717	554	
1718	376	
1719	332	
1720	624	
1721	439	
1722	703	
1723	538	
1724	403	
1725	126	
1726	856	
1727	553	
1728	382	
1729	114	
1730	821	
1731	964	
1732	342	
1733	778	
1734	288	
1735	397	
1736	404	
1737	701	
1738	997	
1739	945	
1740	807	
1741	516	
1742	355	
1743	655	
1744	908	
1745	589	
1746	745	
1747	566	
1748	207	
1749	100	
1750	107	
1751	420	
1752	201	
1753	241	
1754	643	
1755	43	
1756	361	
1757	334	
1758	506	
1759	523	
1760	333	
1761	360	
1762	854	
1763	804	
1764	864	
1765	147	
1766	11	
1767	146	
1768	619	
1769	104	
1770	557	
1771	458	
1772	478	
1773	729	
1774	649	
1775	17	
1776	733	
1777	209	
1778	681	
1779	626	
1780	581	
1781	645	
1782	854	
1783	326	
1784	861	
1785	663	
1786	990	
1787	266	
1788	208	
1789	687	
1790	733	
1791	630	
1792	391	
1793	874	
1794	589	
1795	27	
1796	665	
1797	989	
1798	120	
1799	778	
1800	565	
1801	249	
1802	594	
1803	513	
1804	268	
1805	662	
1806	273	
1807	750	
1808	153	
1809	185	
1810	663	
1811	211	
1812	874	
1813	184	
1814	516	
1815	818	
1816	6	
1817	650	
1818	214	
1819	825	
1820	886	
1821	969	
1822	730	
1823	45	
1824	470	
1825	257	
1826	513	
1827	759	
1828	810	
1829	704	
1830	654	
1831	252	
1832	691	
1833	110	
1834	877	
1835	822	
1836	738	
1837	580	
1838	11	
1839	878	
1840	169	
1841	758	
1842	498	
1843	443	
1844	551	
1845	427	
1846	419	
1847	474	
1848	570	
1849	321	
1850	107	
1851	326	
1852	116	
1853	283	
1854	984	
1855	790	
1856	920	
1857	189	
1858	923	
1859	459	
1860	651	
1861	539	
1862	958	
1863	680	
1864	621	
1865	623	
1866	13	
1867	242	
1868	423	
1869	458	
1870	342	
1871	712	
1872	749	
1873	408	
1874	722	
1875	362	
1876	211	
1877	110	
1878	532	
1879	948	
1880	770	
1881	661	
1882	582	
1883	961	
1884	961	
1885	294	
1886	657	
1887	249	
1888	221	
1889	869	
1890	171	
1891	197	
1892	915	
1893	583	
1894	520	
1895	472	
1896	123	
1897	894	
1898	51	
1899	885	
1900	389	
1901	673	
1902	971	
1903	45	
1904	780	
1905	758	
1906	369	
1907	200	
1908	831	
1909	803	
1910	342	
1911	160	
1912	645	
1913	990	
1914	127	
1915	603	
1916	366	
1917	377	
1918	922	
1919	400	
1920	806	
1921	17	
1922	712	
1923	694	
1924	299	
1925	92	
1926	187	
1927	850	
1928	692	
1929	353	
1930	47	
1931	311	
1932	41	
1933	673	
1934	578	
1935	253	
1936	895	
1937	265	
1938	293	
1939	44	
1940	171	
1941	31	
1942	298	
1943	280	
1944	980	
1945	827	
1946	838	
1947	572	
1948	899	
1949	741	
1950	286	
1951	784	
1952	35	
1953	139	
1954	419	
1955	726	
1956	83	
1957	417	
1958	184	
1959	118	
1960	288	
1961	608	
1962	544	
1963	519	
1964	862	
1965	433	
1966	522	
1967	607	
1968	302	
1969	761	
1970	175	
1971	527	
1972	134	
1973	85	
1974	160	
1975	729	
1976	318	
1977	77	
1978	234	
1979	907	
1980	55	
1981	458	
1982	987	
1983	164	
1984	380	
1985	345	
1986	155	
1987	740	
1988	250	
1989	863	
1990	742	
1991	5	
1992	153	
1993	500	
1994	559	
1995	150	
1996	282	
1997	418	
1998	236	
1999	260	
2000	784	
2001	557	
2002	374	
2003	720	
2004	409	
2005	795	
2006	911	
2007	814	
2008	60	
2009	179	
2010	635	
2011	610	
2012	587	
2013	703	
2014	785	
2015	370	
2016	392	
2017	443	
2018	266	
2019	88	
2020	281	
2021	325	
2022	758	
2023	511	
2024	717	
2025	997	
2026	643	
2027	467	
2028	701	
2029	452	
2030	935	
2031	971	
2032	302	
2033	870	
2034	347	
2035	1000	
2036	596	
2037	866	
2038	640	
2039	197	
2040	654	
2041	118	
2042	691	
2043	494	
2044	926	
2045	261	
2046	362	
2047	187	
2048	951	
2049	939	
2050	677	
2051	116	
2052	335	
2053	436	
2054	136	
2055	315	
2056	836	
2057	314	
2058	45	
2059	623	
2060	489	
2061	558	
2062	244	
2063	325	
2064	336	
2065	748	
2066	29	
2067	471	
2068	78	
2069	649	
2070	274	
2071	535	
2072	163	
2073	46	
2074	927	
2075	498	
2076	337	
2077	940	
2078	756	
2079	678	
2080	59	
2081	942	
2082	807	
2083	214	
2084	981	
2085	268	
2086	619	
2087	563	
2088	288	
2089	692	
2090	485	
2091	522	
2092	116	
2093	657	
2094	379	
2095	690	
2096	437	
2097	910	
2098	429	
2099	892	
2100	272	
2101	425	
2102	46	
2103	299	
2104	988	
2105	706	
2106	514	
2107	59	
2108	220	
2109	11	
2110	999	
2111	428	
2112	666	
2113	703	
2114	950	
2115	438	
2116	259	
2117	412	
2118	720	
2119	36	
2120	822	
2121	691	
2122	306	
2123	611	
2124	38	
2125	821	
2126	707	
2127	89	
2128	805	
2129	965	
2130	243	
2131	984	
2132	673	
2133	410	
2134	588	
2135	178	
2136	257	
2137	699	
2138	874	
2139	956	
2140	678	
2141	987	
2142	140	
2143	213	
2144	180	
2145	988	
2146	250	
2147	389	
2148	416	
2149	157	
2150	966	
2151	416	
2152	81	
2153	678	
2154	669	
2155	163	
2156	360	
2157	313	
2158	293	
2159	99	
2160	778	
2161	16	
2162	511	
2163	235	
2164	634	
2165	323	
2166	571	
2167	372	
2168	425	
2169	377	
2170	736	
2171	859	
2172	112	
2173	939	
2174	939	
2175	64	
2176	938	
2177	438	
2178	564	
2179	651	
2180	261	
2181	631	
2182	63	
2183	39	
2184	231	
2185	526	
2186	174	
2187	945	
2188	482	
2189	501	
2190	689	
2191	304	
2192	170	
2193	760	
2194	56	
2195	28	
2196	531	
2197	109	
2198	148	
2199	520	
2200	733	
2201	171	
2202	867	
2203	641	
2204	850	
2205	212	
2206	715	
2207	302	
2208	772	
2209	180	
2210	124	
2211	200	
2212	313	
2213	265	
2214	256	
2215	273	
2216	761	
2217	51	
2218	636	
2219	30	
2220	643	
2221	483	
2222	6	
2223	199	
2224	181	
2225	509	
2226	430	
2227	867	
2228	715	
2229	327	
2230	599	
2231	175	
2232	37	
2233	778	
2234	540	
2235	405	
2236	267	
2237	694	
2238	925	
2239	887	
2240	9	
2241	303	
2242	2	
2243	259	
2244	445	
2245	412	
2246	972	
2247	101	
2248	478	
2249	236	
2250	776	
2251	642	
2252	45	
2253	873	
2254	125	
2255	881	
2256	677	
2257	518	
2258	418	
2259	442	
2260	267	
2261	459	
2262	891	
2263	256	
2264	792	
2265	605	
2266	555	
2267	24	
2268	300	
2269	224	
2270	241	
2271	922	
2272	570	
2273	887	
2274	413	
2275	349	
2276	449	
2277	631	
2278	409	
2279	28	
2280	535	
2281	314	
2282	578	
2283	972	
2284	565	
2285	439	
2286	53	
2287	533	
2288	911	
2289	540	
2290	860	
2291	615	
2292	955	
2293	710	
2294	321	
2295	588	
2296	655	
2297	77	
2298	767	
2299	642	
2300	980	
2301	987	
2302	486	
2303	479	
2304	735	
2305	115	
2306	949	
2307	557	
2308	92	
2309	427	
2310	351	
2311	781	
2312	307	
2313	52	
2314	505	
2315	429	
2316	765	
2317	238	
2318	199	
2319	124	
2320	286	
2321	863	
2322	276	
2323	667	
2324	978	
2325	203	
2326	840	
2327	291	
2328	993	
2329	18	
2330	401	
2331	978	
2332	180	
2333	982	
2334	597	
2335	984	
2336	823	
2337	132	
2338	764	
2339	356	
2340	383	
2341	120	
2342	888	
2343	449	
2344	188	
2345	603	
2346	221	
2347	813	
2348	317	
2349	662	
2350	259	
2351	830	
2352	248	
2353	206	
2354	921	
2355	165	
2356	345	
2357	304	
2358	465	
2359	84	
2360	367	
2361	19	
2362	641	
2363	121	
2364	972	
2365	410	
2366	790	
2367	451	
2368	83	
2369	217	
2370	624	
2371	865	
2372	338	
2373	349	
2374	690	
2375	656	
2376	343	
2377	431	
2378	744	
2379	387	
2380	645	
2381	399	
2382	960	
2383	554	
2384	222	
2385	418	
2386	180	
2387	326	
2388	735	
2389	581	
2390	540	
2391	912	
2392	105	
2393	353	
2394	766	
2395	655	
2396	491	
2397	503	
2398	992	
2399	512	
2400	491	
2401	171	
2402	217	
2403	382	
2404	716	
2405	827	
2406	965	
2407	465	
2408	335	
2409	631	
2410	336	
2411	992	
2412	476	
2413	8	
2414	887	
2415	825	
2416	631	
2417	954	
2418	852	
2419	61	
2420	517	
2421	668	
2422	265	
2423	367	
2424	662	
2425	276	
2426	385	
2427	755	
2428	882	
2429	141	
2430	779	
2431	369	
2432	926	
2433	426	
2434	792	
2435	168	
2436	78	
2437	314	
2438	914	
2439	549	
2440	290	
2441	220	
2442	781	
2443	828	
2444	547	
2445	354	
2446	992	
2447	195	
2448	60	
2449	807	
2450	314	
2451	163	
2452	27	
2453	386	
2454	79	
2455	784	
2456	135	
2457	947	
2458	577	
2459	70	
2460	577	
2461	915	
2462	689	
2463	636	
2464	37	
2465	141	
2466	173	
2467	162	
2468	880	
2469	489	
2470	449	
2471	748	
2472	161	
2473	149	
2474	161	
2475	150	
2476	145	
2477	60	
2478	834	
2479	255	
2480	101	
2481	993	
2482	982	
2483	528	
2484	56	
2485	90	
2486	774	
2487	900	
2488	627	
2489	319	
2490	303	
2491	527	
2492	119	
2493	753	
2494	32	
2495	289	
2496	239	
2497	845	
2498	688	
2499	586	
2500	113	
2501	921	
2502	474	
2503	469	
2504	667	
2505	307	
2506	889	
2507	175	
2508	231	
2509	711	
2510	734	
2511	510	
2512	281	
2513	471	
2514	407	
2515	516	
2516	309	
2517	666	
2518	647	
2519	66	
2520	291	
2521	879	
2522	187	
2523	39	
2524	621	
2525	569	
2526	624	
2527	465	
2528	221	
2529	114	
2530	656	
2531	185	
2532	577	
2533	593	
2534	892	
2535	537	
2536	673	
2537	710	
2538	24	
2539	654	
2540	157	
2541	835	
2542	779	
2543	327	
2544	497	
2545	698	
2546	750	
2547	54	
2548	474	
2549	995	
2550	138	
2551	140	
2552	335	
2553	12	
2554	636	
2555	190	
2556	3	
2557	817	
2558	835	
2559	692	
2560	599	
2561	923	
2562	438	
2563	14	
2564	642	
2565	106	
2566	599	
2567	543	
2568	10	
2569	734	
2570	180	
2571	900	
2572	610	
2573	39	
2574	802	
2575	579	
2576	60	
2577	370	
2578	810	
2579	710	
2580	446	
2581	836	
2582	215	
2583	463	
2584	423	
2585	326	
2586	507	
2587	59	
2588	440	
2589	801	
2590	431	
2591	921	
2592	652	
2593	265	
2594	97	
2595	738	
2596	338	
2597	732	
2598	373	
2599	984	
2600	736	
2601	370	
2602	310	
2603	889	
2604	863	
2605	300	
2606	915	
2607	66	
2608	955	
2609	966	
2610	325	
2611	29	
2612	874	
2613	54	
2614	373	
2615	878	
2616	506	
2617	780	
2618	696	
2619	439	
2620	260	
2621	114	
2622	156	
2623	769	
2624	917	
2625	564	
2626	626	
2627	357	
2628	705	
2629	86	
2630	683	
2631	140	
2632	720	
2633	394	
2634	93	
2635	108	
2636	188	
2637	737	
2638	309	
2639	387	
2640	414	
2641	95	
2642	116	
2643	483	
2644	909	
2645	737	
2646	956	
2647	991	
2648	808	
2649	135	
2650	922	
2651	186	
2652	681	
2653	228	
2654	403	
2655	428	
2656	930	
2657	523	
2658	192	
2659	678	
2660	657	
2661	9	
2662	60	
2663	978	
2664	29	
2665	95	
2666	538	
2667	782	
2668	632	
2669	671	
2670	969	
2671	839	
2672	996	
2673	28	
2674	274	
2675	576	
2676	280	
2677	892	
2678	926	
2679	306	
2680	131	
2681	663	
2682	18	
2683	555	
2684	821	
2685	942	
2686	612	
2687	545	
2688	50	
2689	422	
2690	373	
2691	758	
2692	88	
2693	117	
2694	838	
2695	563	
2696	797	
2697	857	
2698	253	
2699	358	
2700	908	
2701	630	
2702	239	
2703	54	
2704	694	
2705	870	
2706	125	
2707	971	
2708	867	
2709	392	
2710	409	
2711	968	
2712	8	
2713	67	
2714	663	
2715	27	
2716	616	
2717	265	
2718	470	
2719	441	
2720	438	
2721	31	
2722	630	
2723	364	
2724	86	
2725	153	
2726	586	
2727	431	
2728	729	
2729	176	
2730	221	
2731	445	
2732	991	
2733	877	
2734	118	
2735	535	
2736	780	
2737	509	
2738	589	
2739	477	
2740	893	
2741	844	
2742	645	
2743	417	
2744	786	
2745	20	
2746	202	
2747	225	
2748	659	
2749	629	
2750	138	
2751	220	
2752	237	
2753	428	
2754	190	
2755	833	
2756	404	
2757	310	
2758	31	
2759	229	
2760	448	
2761	363	
2762	843	
2763	67	
2764	946	
2765	837	
2766	7	
2767	715	
2768	789	
2769	16	
2770	572	
2771	293	
2772	735	
2773	713	
2774	956	
2775	253	
2776	359	
2777	257	
2778	371	
2779	862	
2780	638	
2781	537	
2782	568	
2783	273	
2784	488	
2785	501	
2786	115	
2787	5	
2788	842	
2789	219	
2790	14	
2791	861	
2792	819	
2793	331	
2794	294	
2795	295	
2796	181	
2797	262	
2798	713	
2799	609	
2800	194	
2801	776	
2802	600	
2803	468	
2804	233	
2805	15	
2806	211	
2807	475	
2808	368	
2809	643	
2810	121	
2811	834	
2812	649	
2813	774	
2814	311	
2815	49	
2816	191	
2817	484	
2818	118	
2819	255	
2820	951	
2821	985	
2822	591	
2823	601	
2824	826	
2825	583	
2826	279	
2827	218	
2828	559	
2829	71	
2830	837	
2831	458	
2832	859	
2833	5	
2834	689	
2835	378	
2836	674	
2837	614	
2838	37	
2839	468	
2840	116	
2841	682	
2842	525	
2843	988	
2844	107	
2845	820	
2846	608	
2847	787	
2848	225	
2849	327	
2850	574	
2851	368	
2852	188	
2853	704	
2854	161	
2855	223	
2856	420	
2857	64	
2858	30	
2859	748	
2860	185	
2861	345	
2862	547	
2863	502	
2864	999	
2865	406	
2866	400	
2867	710	
2868	283	
2869	389	
2870	696	
2871	7	
2872	292	
2873	813	
2874	887	
2875	45	
2876	645	
2877	178	
2878	19	
2879	872	
2880	703	
2881	822	
2882	988	
2883	984	
2884	849	
2885	375	
2886	341	
2887	424	
2888	874	
2889	30	
2890	179	
2891	116	
2892	578	
2893	747	
2894	786	
2895	204	
2896	942	
2897	219	
2898	933	
2899	305	
2900	27	
2901	356	
2902	173	
2903	533	
2904	656	
2905	101	
2906	710	
2907	893	
2908	790	
2909	617	
2910	95	
2911	280	
2912	361	
2913	338	
2914	592	
2915	886	
2916	341	
2917	895	
2918	619	
2919	891	
2920	747	
2921	72	
2922	469	
2923	99	
2924	339	
2925	934	
2926	227	
2927	37	
2928	378	
2929	942	
2930	711	
2931	779	
2932	635	
2933	476	
2934	587	
2935	277	
2936	991	
2937	354	
2938	283	
2939	683	
2940	39	
2941	432	
2942	428	
2943	106	
2944	382	
2945	523	
2946	689	
2947	499	
2948	593	
2949	792	
2950	458	
2951	601	
2952	824	
2953	463	
2954	972	
2955	801	
2956	204	
2957	450	
2958	654	
2959	641	
2960	993	
2961	309	
2962	951	
2963	483	
2964	171	
2965	725	
2966	987	
2967	305	
2968	562	
2969	283	
2970	933	
2971	544	
2972	63	
2973	104	
2974	852	
2975	951	
2976	375	
2977	160	
2978	320	
2979	126	
2980	557	
2981	337	
2982	371	
2983	249	
2984	201	
2985	355	
2986	921	
2987	349	
2988	125	
2989	774	
2990	794	
2991	487	
2992	83	
2993	193	
2994	661	
2995	897	
2996	634	
2997	191	
2998	109	
2999	927	
3000	649	
3001	449	
3002	677	
3003	611	
3004	904	
3005	737	
3006	309	
3007	214	
3008	203	
3009	106	
3010	892	
3011	384	
3012	440	
3013	923	
3014	549	
3015	132	
3016	341	
3017	651	
3018	340	
3019	743	
3020	205	
3021	579	
3022	64	
3023	104	
3024	778	
3025	1	
3026	552	
3027	879	
3028	657	
3029	321	
3030	824	
3031	455	
3032	123	
3033	299	
3034	651	
3035	565	
3036	56	
3037	946	
3038	583	
3039	952	
3040	307	
3041	969	
3042	910	
3043	673	
3044	330	
3045	533	
3046	761	
3047	810	
3048	805	
3049	975	
3050	757	
3051	193	
3052	956	
3053	361	
3054	39	
3055	619	
3056	171	
3057	102	
3058	697	
3059	115	
3060	280	
3061	788	
3062	189	
3063	202	
3064	808	
3065	587	
3066	342	
3067	78	
3068	135	
3069	308	
3070	700	
3071	701	
3072	951	
3073	108	
3074	78	
3075	264	
3076	957	
3077	1000	
3078	567	
3079	347	
3080	369	
3081	73	
3082	419	
3083	377	
3084	708	
3085	815	
3086	672	
3087	513	
3088	673	
3089	751	
3090	728	
3091	606	
3092	766	
3093	671	
3094	67	
3095	704	
3096	882	
3097	286	
3098	87	
3099	877	
3100	790	
3101	943	
3102	10	
3103	860	
3104	662	
3105	252	
3106	19	
3107	766	
3108	191	
3109	4	
3110	926	
3111	910	
3112	520	
3113	7	
3114	15	
3115	255	
3116	682	
3117	646	
3118	883	
3119	578	
3120	610	
3121	46	
3122	612	
3123	943	
3124	612	
3125	387	
3126	539	
3127	192	
3128	463	
3129	431	
3130	830	
3131	131	
3132	245	
3133	730	
3134	233	
3135	990	
3136	713	
3137	320	
3138	742	
3139	979	
3140	872	
3141	152	
3142	239	
3143	483	
3144	571	
3145	329	
3146	176	
3147	621	
3148	641	
3149	822	
3150	951	
3151	901	
3152	159	
3153	912	
3154	622	
3155	207	
3156	537	
3157	48	
3158	165	
3159	51	
3160	431	
3161	908	
3162	498	
3163	576	
3164	331	
3165	253	
3166	370	
3167	963	
3168	87	
3169	513	
3170	239	
3171	534	
3172	546	
3173	749	
3174	297	
3175	236	
3176	569	
3177	105	
3178	23	
3179	968	
3180	431	
3181	150	
3182	285	
3183	355	
3184	367	
3185	648	
3186	805	
3187	885	
3188	262	
3189	621	
3190	160	
3191	57	
3192	548	
3193	469	
3194	884	
3195	371	
3196	265	
3197	66	
3198	453	
3199	250	
3200	730	
3201	663	
3202	125	
3203	224	
3204	163	
3205	811	
3206	630	
3207	223	
3208	235	
3209	605	
3210	84	
3211	875	
3212	45	
3213	710	
3214	397	
3215	700	
3216	315	
3217	84	
3218	554	
3219	186	
3220	379	
3221	763	
3222	893	
3223	713	
3224	852	
3225	3	
3226	547	
3227	813	
3228	687	
3229	343	
3230	801	
3231	492	
3232	687	
3233	738	
3234	65	
3235	168	
3236	531	
3237	953	
3238	387	
3239	412	
3240	697	
3241	805	
3242	422	
3243	452	
3244	754	
3245	960	
3246	326	
3247	191	
3248	259	
3249	836	
3250	717	
3251	78	
3252	599	
3253	97	
3254	476	
3255	612	
3256	791	
3257	422	
3258	168	
3259	661	
3260	484	
3261	269	
3262	135	
3263	145	
3264	889	
3265	481	
3266	234	
3267	376	
3268	603	
3269	824	
3270	515	
3271	324	
3272	658	
3273	962	
3274	734	
3275	844	
3276	695	
3277	690	
3278	257	
3279	269	
3280	318	
3281	170	
3282	285	
3283	889	
3284	507	
3285	928	
3286	788	
3287	1	
3288	262	
3289	406	
3290	627	
3291	380	
3292	193	
3293	387	
3294	63	
3295	800	
3296	54	
3297	388	
3298	865	
3299	917	
3300	99	
3301	335	
3302	52	
3303	527	
3304	255	
3305	284	
3306	539	
3307	154	
3308	124	
3309	548	
3310	117	
3311	989	
3312	93	
3313	900	
3314	35	
3315	114	
3316	575	
3317	400	
3318	246	
3319	913	
3320	505	
3321	762	
3322	235	
3323	234	
3324	997	
3325	938	
3326	960	
3327	898	
3328	462	
3329	60	
3330	54	
3331	482	
3332	210	
3333	159	
3334	295	
3335	804	
3336	48	
3337	218	
3338	510	
3339	175	
3340	768	
3341	879	
3342	203	
3343	832	
3344	879	
3345	842	
3346	390	
3347	137	
3348	442	
3349	273	
3350	649	
3351	908	
3352	319	
3353	346	
3354	529	
3355	350	
3356	713	
3357	441	
3358	395	
3359	758	
3360	523	
3361	521	
3362	256	
3363	613	
3364	865	
3365	728	
3366	811	
3367	773	
3368	756	
3369	117	
3370	599	
3371	731	
3372	724	
3373	123	
3374	475	
3375	14	
3376	813	
3377	541	
3378	776	
3379	623	
3380	813	
3381	962	
3382	535	
3383	434	
3384	785	
3385	952	
3386	140	
3387	753	
3388	501	
3389	969	
3390	480	
3391	285	
3392	419	
3393	283	
3394	328	
3395	790	
3396	792	
3397	313	
3398	777	
3399	223	
3400	668	
3401	589	
3402	965	
3403	989	
3404	872	
3405	72	
3406	244	
3407	415	
3408	151	
3409	893	
3410	174	
3411	60	
3412	151	
3413	139	
3414	29	
3415	689	
3416	303	
3417	754	
3418	710	
3419	195	
3420	136	
3421	90	
3422	6	
3423	471	
3424	558	
3425	545	
3426	310	
3427	550	
3428	310	
3429	907	
3430	872	
3431	620	
3432	311	
3433	337	
3434	449	
3435	926	
3436	299	
3437	93	
3438	943	
3439	65	
3440	348	
3441	346	
3442	547	
3443	920	
3444	809	
3445	653	
3446	790	
3447	756	
3448	896	
3449	968	
3450	524	
3451	11	
3452	139	
3453	76	
3454	437	
3455	515	
3456	749	
3457	732	
3458	825	
3459	981	
3460	332	
3461	718	
3462	737	
3463	916	
3464	982	
3465	98	
3466	27	
3467	813	
3468	950	
3469	675	
3470	748	
3471	311	
3472	813	
3473	347	
3474	805	
3475	434	
3476	547	
3477	248	
3478	384	
3479	393	
3480	21	
3481	475	
3482	665	
3483	482	
3484	222	
3485	262	
3486	871	
3487	970	
3488	360	
3489	219	
3490	42	
3491	779	
3492	865	
3493	225	
3494	748	
3495	815	
3496	185	
3497	544	
3498	586	
3499	508	
3500	704	
3501	65	
3502	762	
3503	63	
3504	106	
3505	128	
3506	220	
3507	523	
3508	780	
3509	956	
3510	51	
3511	993	
3512	934	
3513	355	
3514	819	
3515	807	
3516	944	
3517	136	
3518	794	
3519	867	
3520	727	
3521	751	
3522	952	
3523	455	
3524	599	
3525	501	
3526	593	
3527	524	
3528	447	
3529	42	
3530	79	
3531	112	
3532	370	
3533	936	
3534	818	
3535	434	
3536	922	
3537	515	
3538	818	
3539	154	
3540	981	
3541	752	
3542	560	
3543	500	
3544	546	
3545	280	
3546	899	
3547	347	
3548	338	
3549	876	
3550	870	
3551	95	
3552	249	
3553	176	
3554	212	
3555	977	
3556	819	
3557	849	
3558	927	
3559	492	
3560	529	
3561	201	
3562	714	
3563	796	
3564	884	
3565	959	
3566	187	
3567	927	
3568	766	
3569	698	
3570	605	
3571	392	
3572	102	
3573	13	
3574	87	
3575	537	
3576	154	
3577	929	
3578	328	
3579	774	
3580	387	
3581	903	
3582	989	
3583	462	
3584	398	
3585	205	
3586	838	
3587	507	
3588	232	
3589	894	
3590	422	
3591	278	
3592	63	
3593	340	
3594	930	
3595	926	
3596	125	
3597	592	
3598	206	
3599	840	
3600	54	
3601	405	
3602	197	
3603	877	
3604	94	
3605	698	
3606	656	
3607	448	
3608	117	
3609	558	
3610	243	
3611	783	
3612	420	
3613	308	
3614	405	
3615	728	
3616	864	
3617	215	
3618	517	
3619	747	
3620	404	
3621	636	
3622	544	
3623	523	
3624	288	
3625	860	
3626	471	
3627	6	
3628	590	
3629	121	
3630	459	
3631	922	
3632	425	
3633	909	
3634	763	
3635	808	
3636	510	
3637	688	
3638	546	
3639	419	
3640	876	
3641	537	
3642	843	
3643	71	
3644	821	
3645	169	
3646	22	
3647	956	
3648	325	
3649	533	
3650	242	
3651	265	
3652	591	
3653	234	
3654	235	
3655	587	
3656	813	
3657	649	
3658	483	
3659	397	
3660	30	
3661	978	
3662	985	
3663	312	
3664	855	
3665	426	
3666	287	
3667	546	
3668	901	
3669	31	
3670	446	
3671	224	
3672	287	
3673	440	
3674	178	
3675	222	
3676	950	
3677	503	
3678	361	
3679	18	
3680	13	
3681	768	
3682	741	
3683	78	
3684	587	
3685	425	
3686	703	
3687	45	
3688	933	
3689	810	
3690	756	
3691	371	
3692	359	
3693	964	
3694	529	
3695	719	
3696	498	
3697	483	
3698	632	
3699	715	
3700	188	
3701	270	
3702	739	
3703	119	
3704	277	
3705	467	
3706	317	
3707	211	
3708	973	
3709	765	
3710	14	
3711	419	
3712	481	
3713	864	
3714	581	
3715	978	
3716	901	
3717	481	
3718	341	
3719	858	
3720	513	
3721	64	
3722	2	
3723	656	
3724	758	
3725	735	
3726	275	
3727	890	
3728	80	
3729	554	
3730	575	
3731	682	
3732	995	
3733	702	
3734	594	
3735	234	
3736	655	
3737	252	
3738	559	
3739	415	
3740	965	
3741	620	
3742	436	
3743	327	
3744	817	
3745	308	
3746	483	
3747	349	
3748	384	
3749	505	
3750	93	
3751	690	
3752	425	
3753	482	
3754	631	
3755	75	
3756	414	
3757	794	
3758	974	
3759	503	
3760	809	
3761	300	
3762	748	
3763	191	
3764	377	
3765	286	
3766	610	
3767	926	
3768	236	
3769	208	
3770	830	
3771	993	
3772	852	
3773	620	
3774	580	
3775	870	
3776	700	
3777	661	
3778	246	
3779	782	
3780	394	
3781	866	
3782	30	
3783	844	
3784	956	
3785	529	
3786	488	
3787	805	
3788	93	
3789	566	
3790	803	
3791	863	
3792	543	
3793	627	
3794	198	
3795	260	
3796	743	
3797	79	
3798	85	
3799	950	
3800	829	
3801	818	
3802	770	
3803	18	
3804	395	
3805	148	
3806	158	
3807	399	
3808	795	
3809	347	
3810	184	
3811	550	
3812	484	
3813	19	
3814	9	
3815	521	
3816	187	
3817	213	
3818	464	
3819	245	
3820	459	
3821	859	
3822	17	
3823	34	
3824	383	
3825	511	
3826	158	
3827	39	
3828	405	
3829	561	
3830	297	
3831	336	
3832	834	
3833	448	
3834	261	
3835	386	
3836	74	
3837	573	
3838	153	
3839	907	
3840	222	
3841	597	
3842	926	
3843	452	
3844	805	
3845	357	
3846	126	
3847	816	
3848	758	
3849	950	
3850	701	
3851	100	
3852	426	
3853	352	
3854	281	
3855	943	
3856	860	
3857	168	
3858	724	
3859	241	
3860	674	
3861	356	
3862	486	
3863	733	
3864	459	
3865	923	
3866	269	
3867	472	
3868	16	
3869	15	
3870	206	
3871	705	
3872	476	
3873	660	
3874	387	
3875	169	
3876	910	
3877	672	
3878	380	
3879	562	
3880	420	
3881	651	
3882	432	
3883	74	
3884	232	
3885	54	
3886	499	
3887	342	
3888	700	
3889	5	
3890	799	
3891	65	
3892	239	
3893	919	
3894	965	
3895	172	
3896	439	
3897	946	
3898	314	
3899	813	
3900	173	
3901	377	
3902	949	
3903	186	
3904	782	
3905	791	
3906	277	
3907	524	
3908	927	
3909	363	
3910	420	
3911	151	
3912	446	
3913	596	
3914	16	
3915	830	
3916	141	
3917	500	
3918	23	
3919	497	
3920	944	
3921	79	
3922	712	
3923	560	
3924	379	
3925	546	
3926	622	
3927	822	
3928	134	
3929	366	
3930	733	
3931	288	
3932	131	
3933	940	
3934	325	
3935	566	
3936	132	
3937	528	
3938	60	
3939	71	
3940	351	
3941	487	
3942	678	
3943	790	
3944	187	
3945	163	
3946	246	
3947	809	
3948	234	
3949	35	
3950	603	
3951	262	
3952	783	
3953	405	
3954	166	
3955	965	
3956	631	
3957	238	
3958	912	
3959	579	
3960	313	
3961	774	
3962	726	
3963	683	
3964	696	
3965	159	
3966	639	
3967	116	
3968	461	
3969	92	
3970	889	
3971	880	
3972	991	
3973	140	
3974	585	
3975	912	
3976	716	
3977	109	
3978	562	
3979	658	
3980	927	
3981	651	
3982	370	
3983	189	
3984	202	
3985	704	
3986	90	
3987	305	
3988	11	
3989	67	
3990	540	
3991	810	
3992	832	
3993	428	
3994	445	
3995	283	
3996	532	
3997	195	
3998	458	
3999	493	
4000	922	
4001	254	
4002	324	
4003	487	
4004	822	
4005	921	
4006	942	
4007	901	
4008	561	
4009	189	
4010	179	
4011	930	
4012	291	
4013	627	
4014	66	
4015	951	
4016	345	
4017	184	
4018	876	
4019	556	
4020	966	
4021	625	
4022	106	
4023	900	
4024	299	
4025	189	
4026	753	
4027	971	
4028	984	
4029	480	
4030	375	
4031	32	
4032	178	
4033	260	
4034	261	
4035	677	
4036	221	
4037	903	
4038	548	
4039	732	
4040	169	
4041	609	
4042	130	
4043	41	
4044	103	
4045	548	
4046	500	
4047	804	
4048	979	
4049	996	
4050	179	
4051	654	
4052	369	
4053	271	
4054	185	
4055	632	
4056	465	
4057	868	
4058	954	
4059	753	
4060	884	
4061	365	
4062	902	
4063	15	
4064	150	
4065	166	
4066	715	
4067	842	
4068	996	
4069	861	
4070	804	
4071	709	
4072	821	
4073	762	
4074	622	
4075	438	
4076	635	
4077	526	
4078	255	
4079	540	
4080	985	
4081	13	
4082	96	
4083	6	
4084	347	
4085	702	
4086	690	
4087	559	
4088	771	
4089	631	
4090	26	
4091	510	
4092	440	
4093	331	
4094	702	
4095	79	
4096	190	
4097	541	
4098	518	
4099	941	
4100	683	
4101	828	
4102	462	
4103	746	
4104	213	
4105	159	
4106	200	
4107	330	
4108	230	
4109	984	
4110	261	
4111	534	
4112	402	
4113	107	
4114	546	
4115	804	
4116	454	
4117	669	
4118	420	
4119	801	
4120	264	
4121	983	
4122	759	
4123	465	
4124	275	
4125	697	
4126	144	
4127	963	
4128	1	
4129	81	
4130	800	
4131	39	
4132	457	
4133	92	
4134	105	
4135	273	
4136	896	
4137	449	
4138	872	
4139	437	
4140	865	
4141	411	
4142	787	
4143	58	
4144	687	
4145	285	
4146	163	
4147	770	
4148	855	
4149	77	
4150	360	
4151	997	
4152	673	
4153	539	
4154	929	
4155	459	
4156	198	
4157	9	
4158	227	
4159	145	
4160	232	
4161	26	
4162	687	
4163	88	
4164	662	
4165	220	
4166	22	
4167	531	
4168	95	
4169	768	
4170	206	
4171	838	
4172	548	
4173	614	
4174	84	
4175	562	
4176	584	
4177	908	
4178	848	
4179	101	
4180	553	
4181	934	
4182	294	
4183	580	
4184	742	
4185	476	
4186	561	
4187	835	
4188	360	
4189	920	
4190	312	
4191	705	
4192	35	
4193	7	
4194	611	
4195	343	
4196	491	
4197	997	
4198	861	
4199	471	
4200	913	
4201	875	
4202	633	
4203	606	
4204	574	
4205	651	
4206	549	
4207	212	
4208	908	
4209	55	
4210	548	
4211	176	
4212	282	
4213	455	
4214	685	
4215	902	
4216	478	
4217	298	
4218	919	
4219	299	
4220	794	
4221	761	
4222	55	
4223	797	
4224	17	
4225	345	
4226	653	
4227	213	
4228	984	
4229	511	
4230	437	
4231	222	
4232	568	
4233	147	
4234	961	
4235	829	
4236	176	
4237	311	
4238	953	
4239	944	
4240	652	
4241	399	
4242	981	
4243	81	
4244	851	
4245	305	
4246	62	
4247	626	
4248	722	
4249	348	
4250	651	
4251	216	
4252	507	
4253	242	
4254	367	
4255	730	
4256	35	
4257	255	
4258	557	
4259	609	
4260	589	
4261	969	
4262	695	
4263	351	
4264	937	
4265	720	
4266	151	
4267	602	
4268	361	
4269	413	
4270	966	
4271	775	
4272	480	
4273	508	
4274	883	
4275	897	
4276	331	
4277	931	
4278	777	
4279	89	
4280	865	
4281	107	
4282	196	
4283	709	
4284	141	
4285	844	
4286	289	
4287	163	
4288	672	
4289	434	
4290	603	
4291	268	
4292	337	
4293	316	
4294	450	
4295	563	
4296	863	
4297	769	
4298	171	
4299	398	
4300	498	
4301	923	
4302	725	
4303	137	
4304	711	
4305	653	
4306	864	
4307	647	
4308	459	
4309	406	
4310	509	
4311	515	
4312	893	
4313	822	
4314	162	
4315	776	
4316	590	
4317	110	
4318	957	
4319	822	
4320	505	
4321	90	
4322	446	
4323	574	
4324	229	
4325	519	
4326	639	
4327	546	
4328	871	
4329	126	
4330	781	
4331	824	
4332	515	
4333	369	
4334	725	
4335	366	
4336	50	
4337	419	
4338	225	
4339	348	
4340	410	
4341	810	
4342	907	
4343	143	
4344	979	
4345	334	
4346	615	
4347	802	
4348	486	
4349	41	
4350	762	
4351	812	
4352	702	
4353	646	
4354	871	
4355	702	
4356	880	
4357	955	
4358	366	
4359	732	
4360	652	
4361	329	
4362	564	
4363	761	
4364	771	
4365	384	
4366	560	
4367	45	
4368	929	
4369	742	
4370	1	
4371	952	
4372	970	
4373	191	
4374	915	
4375	677	
4376	302	
4377	587	
4378	513	
4379	26	
4380	590	
4381	324	
4382	793	
4383	404	
4384	462	
4385	951	
4386	101	
4387	29	
4388	83	
4389	632	
4390	30	
4391	672	
4392	604	
4393	816	
4394	649	
4395	704	
4396	619	
4397	104	
4398	43	
4399	430	
4400	227	
4401	101	
4402	486	
4403	810	
4404	832	
4405	364	
4406	884	
4407	591	
4408	868	
4409	220	
4410	824	
4411	705	
4412	502	
4413	256	
4414	410	
4415	335	
4416	610	
4417	452	
4418	25	
4419	691	
4420	334	
4421	397	
4422	256	
4423	270	
4424	136	
4425	748	
4426	451	
4427	727	
4428	211	
4429	425	
4430	425	
4431	731	
4432	680	
4433	977	
4434	209	
4435	35	
4436	599	
4437	457	
4438	78	
4439	987	
4440	149	
4441	962	
4442	253	
4443	166	
4444	581	
4445	741	
4446	620	
4447	13	
4448	634	
4449	342	
4450	34	
4451	815	
4452	512	
4453	579	
4454	251	
4455	744	
4456	96	
4457	788	
4458	683	
4459	644	
4460	586	
4461	578	
4462	335	
4463	186	
4464	130	
4465	921	
4466	289	
4467	659	
4468	605	
4469	183	
4470	315	
4471	137	
4472	683	
4473	341	
4474	768	
4475	795	
4476	780	
4477	387	
4478	128	
4479	637	
4480	565	
4481	501	
4482	482	
4483	314	
4484	882	
4485	74	
4486	745	
4487	620	
4488	539	
4489	985	
4490	809	
4491	391	
4492	544	
4493	620	
4494	824	
4495	523	
4496	751	
4497	430	
4498	231	
4499	1	
4500	35	
4501	206	
4502	289	
4503	579	
4504	283	
4505	956	
4506	152	
4507	909	
4508	387	
4509	681	
4510	885	
4511	936	
4512	900	
4513	408	
4514	174	
4515	587	
4516	651	
4517	865	
4518	575	
4519	874	
4520	281	
4521	434	
4522	932	
4523	185	
4524	263	
4525	774	
4526	890	
4527	383	
4528	479	
4529	304	
4530	755	
4531	710	
4532	576	
4533	590	
4534	984	
4535	654	
4536	120	
4537	664	
4538	767	
4539	279	
4540	33	
4541	967	
4542	908	
4543	461	
4544	838	
4545	376	
4546	177	
4547	843	
4548	852	
4549	585	
4550	568	
4551	107	
4552	956	
4553	688	
4554	133	
4555	962	
4556	45	
4557	801	
4558	526	
4559	782	
4560	124	
4561	286	
4562	764	
4563	953	
4564	173	
4565	694	
4566	290	
4567	549	
4568	48	
4569	24	
4570	162	
4571	415	
4572	967	
4573	335	
4574	709	
4575	94	
4576	140	
4577	581	
4578	73	
4579	570	
4580	317	
4581	801	
4582	426	
4583	151	
4584	218	
4585	891	
4586	827	
4587	657	
4588	819	
4589	164	
4590	187	
4591	360	
4592	147	
4593	193	
4594	59	
4595	691	
4596	985	
4597	743	
4598	820	
4599	654	
4600	268	
4601	957	
4602	779	
4603	77	
4604	180	
4605	582	
4606	695	
4607	272	
4608	542	
4609	710	
4610	887	
4611	31	
4612	382	
4613	810	
4614	949	
4615	773	
4616	795	
4617	362	
4618	575	
4619	991	
4620	544	
4621	873	
4622	715	
4623	484	
4624	127	
4625	545	
4626	720	
4627	932	
4628	78	
4629	896	
4630	9	
4631	426	
4632	75	
4633	71	
4634	386	
4635	875	
4636	913	
4637	527	
4638	611	
4639	622	
4640	731	
4641	636	
4642	634	
4643	619	
4644	446	
4645	748	
4646	347	
4647	463	
4648	168	
4649	854	
4650	265	
4651	52	
4652	645	
4653	469	
4654	867	
4655	210	
4656	598	
4657	757	
4658	106	
4659	531	
4660	553	
4661	698	
4662	511	
4663	928	
4664	750	
4665	141	
4666	487	
4667	407	
4668	902	
4669	384	
4670	168	
4671	598	
4672	236	
4673	183	
4674	899	
4675	878	
4676	93	
4677	910	
4678	570	
4679	306	
4680	681	
4681	367	
4682	152	
4683	15	
4684	353	
4685	755	
4686	478	
4687	564	
4688	985	
4689	542	
4690	954	
4691	385	
4692	365	
4693	565	
4694	119	
4695	457	
4696	133	
4697	264	
4698	753	
4699	41	
4700	354	
4701	418	
4702	719	
4703	400	
4704	336	
4705	214	
4706	730	
4707	271	
4708	884	
4709	633	
4710	970	
4711	192	
4712	510	
4713	876	
4714	165	
4715	905	
4716	501	
4717	305	
4718	753	
4719	376	
4720	383	
4721	443	
4722	255	
4723	589	
4724	976	
4725	112	
4726	936	
4727	725	
4728	279	
4729	808	
4730	849	
4731	66	
4732	430	
4733	684	
4734	304	
4735	446	
4736	369	
4737	985	
4738	278	
4739	31	
4740	651	
4741	493	
4742	588	
4743	625	
4744	542	
4745	678	
4746	120	
4747	730	
4748	985	
4749	256	
4750	367	
4751	38	
4752	257	
4753	597	
4754	530	
4755	864	
4756	347	
4757	228	
4758	467	
4759	195	
4760	269	
4761	740	
4762	686	
4763	162	
4764	986	
4765	911	
4766	850	
4767	46	
4768	108	
4769	58	
4770	224	
4771	861	
4772	354	
4773	657	
4774	96	
4775	693	
4776	521	
4777	237	
4778	200	
4779	881	
4780	253	
4781	55	
4782	822	
4783	167	
4784	343	
4785	444	
4786	883	
4787	242	
4788	125	
4789	56	
4790	672	
4791	92	
4792	687	
4793	165	
4794	481	
4795	265	
4796	341	
4797	771	
4798	46	
4799	56	
4800	68	
4801	823	
4802	943	
4803	907	
4804	608	
4805	262	
4806	909	
4807	763	
4808	105	
4809	1000	
4810	646	
4811	630	
4812	832	
4813	719	
4814	423	
4815	939	
4816	280	
4817	71	
4818	745	
4819	555	
4820	991	
4821	709	
4822	934	
4823	671	
4824	604	
4825	362	
4826	74	
4827	566	
4828	680	
4829	471	
4830	772	
4831	85	
4832	183	
4833	240	
4834	996	
4835	222	
4836	70	
4837	995	
4838	252	
4839	276	
4840	180	
4841	888	
4842	762	
4843	59	
4844	530	
4845	816	
4846	522	
4847	466	
4848	693	
4849	47	
4850	757	
4851	58	
4852	488	
4853	371	
4854	478	
4855	997	
4856	532	
4857	204	
4858	272	
4859	257	
4860	106	
4861	964	
4862	683	
4863	317	
4864	693	
4865	783	
4866	231	
4867	977	
4868	139	
4869	537	
4870	205	
4871	503	
4872	746	
4873	116	
4874	779	
4875	486	
4876	661	
4877	137	
4878	846	
4879	307	
4880	477	
4881	883	
4882	94	
4883	447	
4884	898	
4885	130	
4886	215	
4887	38	
4888	233	
4889	427	
4890	588	
4891	596	
4892	573	
4893	66	
4894	580	
4895	191	
4896	64	
4897	809	
4898	799	
4899	802	
4900	112	
4901	968	
4902	775	
4903	685	
4904	60	
4905	621	
4906	281	
4907	111	
4908	6	
4909	859	
4910	739	
4911	782	
4912	225	
4913	397	
4914	61	
4915	140	
4916	74	
4917	369	
4918	802	
4919	321	
4920	193	
4921	758	
4922	110	
4923	877	
4924	590	
4925	728	
4926	111	
4927	404	
4928	278	
4929	929	
4930	973	
4931	353	
4932	5	
4933	495	
4934	587	
4935	854	
4936	986	
4937	3	
4938	710	
4939	680	
4940	168	
4941	853	
4942	259	
4943	957	
4944	337	
4945	106	
4946	650	
4947	982	
4948	259	
4949	664	
4950	439	
4951	799	
4952	965	
4953	422	
4954	709	
4955	380	
4956	208	
4957	39	
4958	667	
4959	116	
4960	935	
4961	901	
4962	393	
4963	655	
4964	697	
4965	983	
4966	721	
4967	441	
4968	372	
4969	773	
4970	552	
4971	238	
4972	409	
4973	96	
4974	532	
4975	14	
4976	804	
4977	605	
4978	957	
4979	304	
4980	443	
4981	352	
4982	861	
4983	384	
4984	412	
4985	499	
4986	442	
4987	466	
4988	433	
4989	670	
4990	209	
4991	70	
4992	724	
4993	470	
4994	410	
4995	20	
4996	877	
4997	744	
4998	224	
4999	687	
5000	929	
24846
