5000
1	89	
2	1	
3	39	
4	76	
5	41	
6	27	
7	62	
8	97	
9	38	
10	51	
11	45	
12	8	
13	21	
14	77	
15	90	
16	54	
17	86	
18	21	
19	54	
20	91	
21	90	
22	49	
23	77	
24	48	
25	6	
26	77	
27	39	
28	29	
29	39	
30	60	
31	67	
32	93	
33	17	
34	10	
35	21	
36	6	
37	1	
38	98	
39	41	
40	44	
41	48	
42	67	
43	23	
44	83	
45	52	
46	92	
47	7	
48	3	
49	88	
50	17	
51	20	
52	89	
53	70	
54	49	
55	90	
56	85	
57	94	
58	52	
59	13	
60	15	
61	90	
62	88	
63	45	
64	52	
65	57	
66	1	
67	26	
68	76	
69	49	
70	67	
71	87	
72	59	
73	95	
74	28	
75	13	
76	42	
77	88	
78	16	
79	70	
80	60	
81	27	
82	3	
83	52	
84	91	
85	99	
86	63	
87	17	
88	49	
89	91	
90	100	
91	82	
92	46	
93	62	
94	49	
95	5	
96	82	
97	74	
98	54	
99	5	
100	61	
101	94	
102	25	
103	79	
104	61	
105	38	
106	75	
107	68	
108	48	
109	28	
110	98	
111	12	
112	36	
113	42	
114	90	
115	2	
116	32	
117	8	
118	54	
119	70	
120	78	
121	29	
122	2	
123	13	
124	32	
125	54	
126	64	
127	53	
128	53	
129	36	
130	24	
131	79	
132	66	
133	20	
134	97	
135	90	
136	51	
137	66	
138	92	
139	79	
140	73	
141	76	
142	70	
143	56	
144	36	
145	42	
146	27	
147	59	
148	92	
149	38	
150	23	
151	98	
152	54	
153	3	
154	41	
155	71	
156	77	
157	79	
158	16	
159	71	
160	90	
161	74	
162	96	
163	91	
164	11	
165	98	
166	63	
167	4	
168	65	
169	7	
170	38	
171	68	
172	31	
173	34	
174	95	
175	80	
176	60	
177	51	
178	98	
179	19	
180	73	
181	32	
182	10	
183	85	
184	33	
185	10	
186	14	
187	79	
188	90	
189	85	
190	90	
191	11	
192	76	
193	73	
194	5	
195	26	
196	75	
197	57	
198	39	
199	8	
200	14	
201	84	
202	42	
203	48	
204	12	
205	64	
206	6	
207	89	
208	27	
209	52	
210	86	
211	33	
212	73	
213	36	
214	10	
215	71	
216	32	
217	89	
218	57	
219	14	
220	99	
221	43	
222	42	
223	58	
224	89	
225	49	
226	93	
227	40	
228	70	
229	60	
230	72	
231	42	
232	67	
233	54	
234	47	
235	38	
236	93	
237	14	
238	74	
239	14	
240	14	
241	26	
242	28	
243	30	
244	32	
245	59	
246	92	
247	35	
248	75	
249	33	
250	17	
251	8	
252	88	
253	62	
254	39	
255	44	
256	86	
257	93	
258	85	
259	44	
260	98	
261	60	
262	58	
263	60	
264	24	
265	44	
266	43	
267	99	
268	89	
269	6	
270	36	
271	53	
272	92	
273	65	
274	64	
275	78	
276	83	
277	56	
278	99	
279	34	
280	9	
281	18	
282	71	
283	12	
284	40	
285	97	
286	22	
287	92	
288	62	
289	98	
290	24	
291	19	
292	1	
293	1	
294	3	
295	4	
296	8	
297	3	
298	23	
299	27	
300	89	
301	77	
302	16	
303	95	
304	50	
305	28	
306	65	
307	20	
308	82	
309	17	
310	96	
311	67	
312	31	
313	71	
314	67	
315	19	
316	95	
317	38	
318	70	
319	3	
320	10	
321	75	
322	32	
323	29	
324	43	
325	38	
326	4	
327	87	
328	32	
329	71	
330	98	
331	57	
332	44	
333	50	
334	89	
335	95	
336	4	
337	88	
338	4	
339	81	
340	57	
341	58	
342	87	
343	79	
344	69	
345	37	
346	56	
347	53	
348	23	
349	94	
350	84	
351	69	
352	53	
353	97	
354	5	
355	93	
356	94	
357	72	
358	12	
359	100	
360	55	
361	7	
362	82	
363	42	
364	59	
365	51	
366	40	
367	66	
368	33	
369	60	
370	12	
371	17	
372	91	
373	57	
374	83	
375	57	
376	34	
377	28	
378	23	
379	25	
380	54	
381	4	
382	72	
383	45	
384	32	
385	92	
386	64	
387	40	
388	75	
389	3	
390	21	
391	72	
392	22	
393	28	
394	19	
395	77	
396	26	
397	97	
398	81	
399	23	
400	34	
401	29	
402	26	
403	47	
404	36	
405	3	
406	5	
407	63	
408	87	
409	39	
410	91	
411	88	
412	20	
413	2	
414	10	
415	84	
416	63	
417	56	
418	65	
419	97	
420	77	
421	70	
422	96	
423	38	
424	1	
425	61	
426	10	
427	47	
428	25	
429	95	
430	95	
431	64	
432	75	
433	91	
434	66	
435	84	
436	70	
437	11	
438	29	
439	95	
440	60	
441	47	
442	21	
443	69	
444	23	
445	96	
446	13	
447	26	
448	90	
449	40	
450	72	
451	74	
452	18	
453	42	
454	12	
455	35	
456	43	
457	68	
458	47	
459	80	
460	35	
461	54	
462	31	
463	30	
464	63	
465	13	
466	3	
467	83	
468	87	
469	7	
470	50	
471	1	
472	40	
473	99	
474	93	
475	61	
476	92	
477	12	
478	5	
479	62	
480	36	
481	72	
482	56	
483	76	
484	99	
485	86	
486	94	
487	47	
488	1	
489	6	
490	30	
491	28	
492	76	
493	6	
494	68	
495	56	
496	87	
497	4	
498	78	
499	1	
500	19	
501	100	
502	9	
503	62	
504	76	
505	24	
506	38	
507	64	
508	74	
509	48	
510	76	
511	13	
512	65	
513	17	
514	81	
515	6	
516	87	
517	19	
518	78	
519	14	
520	11	
521	46	
522	70	
523	85	
524	73	
525	94	
526	39	
527	24	
528	11	
529	40	
530	26	
531	26	
532	75	
533	5	
534	38	
535	38	
536	87	
537	6	
538	81	
539	5	
540	79	
541	92	
542	19	
543	46	
544	67	
545	87	
546	33	
547	14	
548	83	
549	17	
550	23	
551	63	
552	80	
553	42	
554	28	
555	42	
556	82	
557	71	
558	12	
559	71	
560	30	
561	60	
562	80	
563	49	
564	71	
565	39	
566	8	
567	68	
568	90	
569	64	
570	14	
571	65	
572	84	
573	53	
574	21	
575	90	
576	88	
577	70	
578	82	
579	16	
580	43	
581	31	
582	14	
583	90	
584	53	
585	26	
586	95	
587	37	
588	83	
589	12	
590	46	
591	72	
592	44	
593	29	
594	76	
595	27	
596	34	
597	10	
598	91	
599	45	
600	81	
601	7	
602	100	
603	59	
604	56	
605	51	
606	16	
607	77	
608	40	
609	57	
610	76	
611	69	
612	66	
613	26	
614	39	
615	13	
616	69	
617	24	
618	12	
619	35	
620	23	
621	34	
622	54	
623	28	
624	47	
625	98	
626	14	
627	35	
628	34	
629	45	
630	49	
631	37	
632	39	
633	83	
634	76	
635	5	
636	84	
637	74	
638	57	
639	26	
640	68	
641	5	
642	92	
643	73	
644	41	
645	70	
646	5	
647	78	
648	1	
649	41	
650	19	
651	100	
652	43	
653	85	
654	16	
655	70	
656	65	
657	92	
658	97	
659	91	
660	40	
661	9	
662	52	
663	39	
664	93	
665	15	
666	37	
667	12	
668	72	
669	93	
670	43	
671	22	
672	24	
673	93	
674	98	
675	60	
676	3	
677	46	
678	61	
679	41	
680	49	
681	32	
682	95	
683	91	
684	42	
685	96	
686	79	
687	24	
688	70	
689	99	
690	77	
691	36	
692	39	
693	97	
694	56	
695	28	
696	38	
697	20	
698	4	
699	83	
700	51	
701	96	
702	63	
703	12	
704	7	
705	98	
706	30	
707	73	
708	14	
709	75	
710	74	
711	3	
712	40	
713	99	
714	97	
715	25	
716	21	
717	32	
718	96	
719	87	
720	4	
721	34	
722	8	
723	45	
724	64	
725	87	
726	98	
727	75	
728	31	
729	69	
730	93	
731	80	
732	46	
733	76	
734	5	
735	17	
736	19	
737	84	
738	79	
739	88	
740	47	
741	92	
742	37	
743	56	
744	55	
745	79	
746	8	
747	45	
748	88	
749	29	
750	94	
751	18	
752	8	
753	46	
754	67	
755	24	
756	38	
757	96	
758	34	
759	81	
760	80	
761	44	
762	51	
763	92	
764	56	
765	37	
766	60	
767	97	
768	29	
769	98	
770	90	
771	11	
772	81	
773	98	
774	14	
775	95	
776	54	
777	83	
778	65	
779	100	
780	14	
781	66	
782	42	
783	39	
784	25	
785	11	
786	37	
787	89	
788	75	
789	23	
790	72	
791	22	
792	17	
793	50	
794	7	
795	38	
796	10	
797	67	
798	29	
799	43	
800	51	
801	41	
802	26	
803	80	
804	14	
805	65	
806	72	
807	98	
808	68	
809	56	
810	24	
811	90	
812	64	
813	28	
814	48	
815	7	
816	49	
817	72	
818	44	
819	50	
820	48	
821	18	
822	27	
823	98	
824	17	
825	66	
826	21	
827	51	
828	60	
829	9	
830	79	
831	17	
832	37	
833	36	
834	100	
835	27	
836	82	
837	56	
838	8	
839	54	
840	62	
841	78	
842	12	
843	70	
844	38	
845	6	
846	91	
847	29	
848	61	
849	42	
850	77	
851	13	
852	24	
853	53	
854	92	
855	55	
856	40	
857	73	
858	20	
859	10	
860	61	
861	8	
862	40	
863	60	
864	23	
865	20	
866	51	
867	66	
868	7	
869	60	
870	46	
871	25	
872	51	
873	4	
874	22	
875	81	
876	19	
877	73	
878	52	
879	14	
880	48	
881	28	
882	95	
883	30	
884	93	
885	22	
886	50	
887	16	
888	23	
889	86	
890	77	
891	45	
892	2	
893	15	
894	29	
895	74	
896	100	
897	37	
898	5	
899	26	
900	30	
901	37	
902	97	
903	47	
904	28	
905	3	
906	42	
907	22	
908	36	
909	81	
910	23	
911	22	
912	15	
913	11	
914	67	
915	38	
916	92	
917	26	
918	30	
919	75	
920	50	
921	7	
922	3	
923	97	
924	51	
925	59	
926	77	
927	91	
928	93	
929	14	
930	35	
931	14	
932	30	
933	78	
934	78	
935	8	
936	61	
937	63	
938	67	
939	98	
940	92	
941	90	
942	3	
943	24	
944	78	
945	87	
946	13	
947	25	
948	51	
949	60	
950	100	
951	49	
952	77	
953	17	
954	19	
955	97	
956	59	
957	20	
958	74	
959	79	
960	1	
961	72	
962	84	
963	72	
964	1	
965	16	
966	48	
967	87	
968	45	
969	47	
970	54	
971	77	
972	60	
973	94	
974	41	
975	37	
976	100	
977	27	
978	56	
979	98	
980	42	
981	62	
982	31	
983	54	
984	59	
985	76	
986	69	
987	7	
988	83	
989	73	
990	16	
991	49	
992	93	
993	75	
994	54	
995	65	
996	76	
997	26	
998	52	
999	97	
1000	29	
1001	84	
1002	71	
1003	6	
1004	68	
1005	44	
1006	100	
1007	56	
1008	18	
1009	96	
1010	57	
1011	74	
1012	53	
1013	85	
1014	32	
1015	21	
1016	13	
1017	27	
1018	56	
1019	60	
1020	22	
1021	99	
1022	45	
1023	78	
1024	85	
1025	70	
1026	10	
1027	64	
1028	86	
1029	53	
1030	78	
1031	9	
1032	37	
1033	53	
1034	9	
1035	6	
1036	27	
1037	74	
1038	33	
1039	70	
1040	43	
1041	85	
1042	28	
1043	73	
1044	7	
1045	12	
1046	30	
1047	6	
1048	22	
1049	22	
1050	97	
1051	39	
1052	57	
1053	94	
1054	94	
1055	33	
1056	8	
1057	62	
1058	43	
1059	58	
1060	16	
1061	85	
1062	85	
1063	16	
1064	16	
1065	35	
1066	16	
1067	49	
1068	54	
1069	65	
1070	68	
1071	59	
1072	12	
1073	48	
1074	36	
1075	30	
1076	69	
1077	8	
1078	78	
1079	39	
1080	63	
1081	7	
1082	71	
1083	93	
1084	60	
1085	53	
1086	70	
1087	31	
1088	3	
1089	74	
1090	38	
1091	67	
1092	30	
1093	9	
1094	26	
1095	18	
1096	95	
1097	38	
1098	42	
1099	78	
1100	8	
1101	89	
1102	52	
1103	86	
1104	21	
1105	18	
1106	14	
1107	66	
1108	38	
1109	13	
1110	72	
1111	38	
1112	96	
1113	12	
1114	4	
1115	25	
1116	66	
1117	13	
1118	19	
1119	44	
1120	26	
1121	100	
1122	75	
1123	22	
1124	55	
1125	10	
1126	52	
1127	86	
1128	1	
1129	61	
1130	33	
1131	26	
1132	94	
1133	97	
1134	74	
1135	80	
1136	49	
1137	74	
1138	69	
1139	85	
1140	19	
1141	58	
1142	19	
1143	91	
1144	60	
1145	21	
1146	45	
1147	100	
1148	4	
1149	57	
1150	34	
1151	11	
1152	56	
1153	97	
1154	13	
1155	4	
1156	80	
1157	100	
1158	68	
1159	5	
1160	88	
1161	49	
1162	49	
1163	89	
1164	76	
1165	45	
1166	26	
1167	45	
1168	61	
1169	62	
1170	74	
1171	98	
1172	100	
1173	96	
1174	36	
1175	8	
1176	84	
1177	87	
1178	17	
1179	50	
1180	42	
1181	82	
1182	46	
1183	33	
1184	82	
1185	96	
1186	69	
1187	4	
1188	20	
1189	38	
1190	50	
1191	67	
1192	81	
1193	89	
1194	56	
1195	82	
1196	54	
1197	55	
1198	51	
1199	64	
1200	69	
1201	59	
1202	57	
1203	62	
1204	100	
1205	34	
1206	47	
1207	14	
1208	67	
1209	22	
1210	26	
1211	59	
1212	43	
1213	28	
1214	56	
1215	13	
1216	87	
1217	35	
1218	86	
1219	31	
1220	32	
1221	1	
1222	90	
1223	91	
1224	39	
1225	22	
1226	96	
1227	89	
1228	51	
1229	57	
1230	34	
1231	90	
1232	40	
1233	8	
1234	9	
1235	76	
1236	16	
1237	94	
1238	3	
1239	80	
1240	19	
1241	38	
1242	85	
1243	42	
1244	44	
1245	18	
1246	4	
1247	72	
1248	56	
1249	86	
1250	73	
1251	1	
1252	8	
1253	4	
1254	23	
1255	34	
1256	63	
1257	84	
1258	57	
1259	36	
1260	67	
1261	83	
1262	18	
1263	22	
1264	99	
1265	2	
1266	55	
1267	93	
1268	96	
1269	69	
1270	49	
1271	40	
1272	93	
1273	58	
1274	97	
1275	3	
1276	77	
1277	21	
1278	61	
1279	10	
1280	85	
1281	66	
1282	54	
1283	69	
1284	72	
1285	12	
1286	57	
1287	51	
1288	88	
1289	35	
1290	84	
1291	21	
1292	44	
1293	43	
1294	24	
1295	73	
1296	14	
1297	60	
1298	82	
1299	89	
1300	11	
1301	54	
1302	76	
1303	95	
1304	72	
1305	42	
1306	55	
1307	100	
1308	17	
1309	12	
1310	100	
1311	47	
1312	17	
1313	47	
1314	80	
1315	96	
1316	35	
1317	37	
1318	78	
1319	67	
1320	16	
1321	18	
1322	9	
1323	60	
1324	36	
1325	70	
1326	48	
1327	71	
1328	60	
1329	67	
1330	91	
1331	3	
1332	62	
1333	35	
1334	65	
1335	64	
1336	22	
1337	72	
1338	50	
1339	11	
1340	48	
1341	5	
1342	92	
1343	18	
1344	25	
1345	25	
1346	8	
1347	98	
1348	25	
1349	62	
1350	88	
1351	10	
1352	28	
1353	69	
1354	87	
1355	51	
1356	3	
1357	43	
1358	89	
1359	95	
1360	85	
1361	95	
1362	46	
1363	32	
1364	12	
1365	88	
1366	4	
1367	4	
1368	43	
1369	90	
1370	95	
1371	84	
1372	24	
1373	89	
1374	7	
1375	31	
1376	17	
1377	11	
1378	90	
1379	38	
1380	19	
1381	28	
1382	7	
1383	23	
1384	4	
1385	57	
1386	7	
1387	23	
1388	14	
1389	96	
1390	88	
1391	14	
1392	3	
1393	100	
1394	95	
1395	91	
1396	78	
1397	99	
1398	64	
1399	91	
1400	13	
1401	68	
1402	58	
1403	80	
1404	3	
1405	99	
1406	38	
1407	39	
1408	60	
1409	38	
1410	69	
1411	21	
1412	97	
1413	67	
1414	20	
1415	63	
1416	51	
1417	66	
1418	5	
1419	99	
1420	57	
1421	18	
1422	29	
1423	88	
1424	80	
1425	73	
1426	1	
1427	90	
1428	40	
1429	85	
1430	94	
1431	60	
1432	54	
1433	27	
1434	11	
1435	43	
1436	97	
1437	13	
1438	24	
1439	22	
1440	91	
1441	13	
1442	46	
1443	30	
1444	95	
1445	78	
1446	11	
1447	82	
1448	93	
1449	96	
1450	92	
1451	61	
1452	19	
1453	92	
1454	87	
1455	80	
1456	56	
1457	22	
1458	96	
1459	14	
1460	93	
1461	85	
1462	18	
1463	12	
1464	50	
1465	19	
1466	89	
1467	17	
1468	75	
1469	95	
1470	3	
1471	92	
1472	73	
1473	97	
1474	100	
1475	14	
1476	28	
1477	34	
1478	83	
1479	11	
1480	40	
1481	38	
1482	45	
1483	30	
1484	17	
1485	63	
1486	75	
1487	91	
1488	5	
1489	89	
1490	26	
1491	78	
1492	2	
1493	17	
1494	95	
1495	38	
1496	46	
1497	76	
1498	12	
1499	45	
1500	85	
1501	91	
1502	99	
1503	32	
1504	91	
1505	50	
1506	36	
1507	1	
1508	37	
1509	18	
1510	65	
1511	14	
1512	42	
1513	93	
1514	63	
1515	69	
1516	15	
1517	59	
1518	4	
1519	92	
1520	72	
1521	4	
1522	24	
1523	76	
1524	15	
1525	82	
1526	58	
1527	87	
1528	34	
1529	69	
1530	78	
1531	63	
1532	39	
1533	15	
1534	70	
1535	43	
1536	21	
1537	67	
1538	30	
1539	2	
1540	25	
1541	23	
1542	17	
1543	97	
1544	27	
1545	68	
1546	36	
1547	27	
1548	16	
1549	19	
1550	11	
1551	88	
1552	32	
1553	83	
1554	93	
1555	64	
1556	95	
1557	99	
1558	51	
1559	75	
1560	25	
1561	83	
1562	93	
1563	69	
1564	48	
1565	87	
1566	49	
1567	4	
1568	98	
1569	49	
1570	33	
1571	2	
1572	25	
1573	57	
1574	94	
1575	82	
1576	96	
1577	84	
1578	61	
1579	28	
1580	61	
1581	8	
1582	88	
1583	19	
1584	75	
1585	63	
1586	3	
1587	44	
1588	11	
1589	45	
1590	17	
1591	77	
1592	24	
1593	45	
1594	1	
1595	89	
1596	45	
1597	4	
1598	79	
1599	40	
1600	75	
1601	31	
1602	70	
1603	41	
1604	69	
1605	59	
1606	93	
1607	42	
1608	77	
1609	81	
1610	49	
1611	79	
1612	50	
1613	17	
1614	42	
1615	96	
1616	6	
1617	56	
1618	91	
1619	58	
1620	94	
1621	96	
1622	84	
1623	54	
1624	59	
1625	80	
1626	43	
1627	75	
1628	93	
1629	34	
1630	78	
1631	11	
1632	3	
1633	62	
1634	1	
1635	78	
1636	76	
1637	42	
1638	86	
1639	4	
1640	38	
1641	54	
1642	22	
1643	41	
1644	58	
1645	39	
1646	94	
1647	40	
1648	52	
1649	26	
1650	36	
1651	50	
1652	1	
1653	59	
1654	78	
1655	82	
1656	89	
1657	63	
1658	95	
1659	8	
1660	25	
1661	12	
1662	95	
1663	96	
1664	72	
1665	14	
1666	41	
1667	50	
1668	3	
1669	78	
1670	36	
1671	13	
1672	30	
1673	88	
1674	24	
1675	61	
1676	38	
1677	2	
1678	16	
1679	35	
1680	30	
1681	12	
1682	91	
1683	93	
1684	48	
1685	79	
1686	13	
1687	36	
1688	15	
1689	96	
1690	21	
1691	52	
1692	84	
1693	27	
1694	5	
1695	76	
1696	11	
1697	34	
1698	67	
1699	8	
1700	45	
1701	18	
1702	16	
1703	100	
1704	73	
1705	70	
1706	12	
1707	69	
1708	97	
1709	25	
1710	55	
1711	40	
1712	44	
1713	30	
1714	24	
1715	15	
1716	2	
1717	47	
1718	53	
1719	65	
1720	53	
1721	88	
1722	76	
1723	35	
1724	84	
1725	31	
1726	29	
1727	70	
1728	55	
1729	31	
1730	38	
1731	49	
1732	27	
1733	47	
1734	93	
1735	74	
1736	13	
1737	50	
1738	34	
1739	74	
1740	96	
1741	77	
1742	92	
1743	20	
1744	65	
1745	26	
1746	26	
1747	7	
1748	32	
1749	85	
1750	20	
1751	89	
1752	18	
1753	10	
1754	28	
1755	88	
1756	78	
1757	95	
1758	23	
1759	64	
1760	78	
1761	53	
1762	95	
1763	85	
1764	69	
1765	32	
1766	20	
1767	71	
1768	88	
1769	13	
1770	42	
1771	3	
1772	95	
1773	94	
1774	98	
1775	86	
1776	6	
1777	94	
1778	82	
1779	79	
1780	78	
1781	74	
1782	15	
1783	95	
1784	34	
1785	92	
1786	3	
1787	43	
1788	45	
1789	60	
1790	6	
1791	55	
1792	72	
1793	95	
1794	2	
1795	40	
1796	2	
1797	62	
1798	53	
1799	11	
1800	14	
1801	86	
1802	3	
1803	14	
1804	9	
1805	71	
1806	62	
1807	95	
1808	26	
1809	54	
1810	100	
1811	80	
1812	31	
1813	73	
1814	21	
1815	71	
1816	83	
1817	59	
1818	23	
1819	6	
1820	75	
1821	54	
1822	79	
1823	62	
1824	67	
1825	10	
1826	10	
1827	96	
1828	63	
1829	1	
1830	11	
1831	77	
1832	80	
1833	23	
1834	34	
1835	7	
1836	47	
1837	13	
1838	24	
1839	67	
1840	86	
1841	59	
1842	11	
1843	88	
1844	28	
1845	8	
1846	96	
1847	71	
1848	95	
1849	54	
1850	16	
1851	67	
1852	41	
1853	68	
1854	85	
1855	51	
1856	73	
1857	82	
1858	88	
1859	28	
1860	84	
1861	64	
1862	19	
1863	5	
1864	98	
1865	32	
1866	86	
1867	71	
1868	48	
1869	39	
1870	23	
1871	9	
1872	74	
1873	85	
1874	15	
1875	7	
1876	48	
1877	31	
1878	89	
1879	21	
1880	19	
1881	98	
1882	95	
1883	2	
1884	6	
1885	59	
1886	42	
1887	58	
1888	34	
1889	14	
1890	8	
1891	62	
1892	16	
1893	52	
1894	97	
1895	29	
1896	24	
1897	3	
1898	100	
1899	54	
1900	26	
1901	66	
1902	68	
1903	14	
1904	33	
1905	11	
1906	66	
1907	77	
1908	36	
1909	28	
1910	23	
1911	61	
1912	86	
1913	83	
1914	88	
1915	68	
1916	67	
1917	94	
1918	31	
1919	57	
1920	95	
1921	78	
1922	93	
1923	79	
1924	80	
1925	93	
1926	24	
1927	87	
1928	37	
1929	46	
1930	28	
1931	100	
1932	38	
1933	30	
1934	95	
1935	6	
1936	12	
1937	98	
1938	90	
1939	45	
1940	36	
1941	92	
1942	23	
1943	81	
1944	17	
1945	8	
1946	87	
1947	73	
1948	88	
1949	22	
1950	15	
1951	33	
1952	28	
1953	84	
1954	36	
1955	15	
1956	32	
1957	98	
1958	57	
1959	59	
1960	89	
1961	41	
1962	5	
1963	40	
1964	15	
1965	2	
1966	23	
1967	100	
1968	31	
1969	82	
1970	36	
1971	52	
1972	19	
1973	74	
1974	33	
1975	30	
1976	95	
1977	58	
1978	7	
1979	36	
1980	20	
1981	7	
1982	88	
1983	49	
1984	73	
1985	46	
1986	68	
1987	77	
1988	31	
1989	92	
1990	11	
1991	98	
1992	10	
1993	65	
1994	96	
1995	7	
1996	91	
1997	83	
1998	89	
1999	97	
2000	37	
2001	78	
2002	31	
2003	33	
2004	54	
2005	28	
2006	68	
2007	87	
2008	5	
2009	52	
2010	8	
2011	99	
2012	12	
2013	64	
2014	70	
2015	83	
2016	37	
2017	76	
2018	55	
2019	77	
2020	30	
2021	34	
2022	59	
2023	72	
2024	66	
2025	6	
2026	92	
2027	40	
2028	14	
2029	41	
2030	64	
2031	4	
2032	55	
2033	55	
2034	52	
2035	21	
2036	65	
2037	71	
2038	49	
2039	30	
2040	87	
2041	51	
2042	36	
2043	7	
2044	99	
2045	18	
2046	43	
2047	16	
2048	68	
2049	80	
2050	38	
2051	21	
2052	20	
2053	21	
2054	41	
2055	36	
2056	1	
2057	67	
2058	86	
2059	84	
2060	54	
2061	91	
2062	81	
2063	6	
2064	73	
2065	65	
2066	2	
2067	80	
2068	11	
2069	70	
2070	87	
2071	96	
2072	88	
2073	83	
2074	60	
2075	83	
2076	42	
2077	73	
2078	57	
2079	55	
2080	28	
2081	75	
2082	64	
2083	59	
2084	90	
2085	97	
2086	80	
2087	56	
2088	33	
2089	9	
2090	46	
2091	75	
2092	81	
2093	90	
2094	64	
2095	11	
2096	58	
2097	31	
2098	62	
2099	81	
2100	33	
2101	70	
2102	39	
2103	20	
2104	49	
2105	75	
2106	95	
2107	48	
2108	45	
2109	84	
2110	100	
2111	89	
2112	31	
2113	64	
2114	35	
2115	7	
2116	8	
2117	17	
2118	21	
2119	37	
2120	43	
2121	24	
2122	7	
2123	44	
2124	55	
2125	58	
2126	84	
2127	46	
2128	26	
2129	62	
2130	44	
2131	53	
2132	54	
2133	7	
2134	25	
2135	71	
2136	86	
2137	4	
2138	59	
2139	21	
2140	11	
2141	60	
2142	29	
2143	38	
2144	49	
2145	65	
2146	71	
2147	22	
2148	45	
2149	82	
2150	23	
2151	81	
2152	70	
2153	63	
2154	74	
2155	48	
2156	77	
2157	42	
2158	14	
2159	84	
2160	23	
2161	73	
2162	8	
2163	44	
2164	99	
2165	16	
2166	96	
2167	65	
2168	42	
2169	50	
2170	25	
2171	52	
2172	89	
2173	60	
2174	4	
2175	29	
2176	79	
2177	27	
2178	97	
2179	52	
2180	34	
2181	40	
2182	24	
2183	100	
2184	64	
2185	19	
2186	91	
2187	42	
2188	3	
2189	58	
2190	10	
2191	5	
2192	27	
2193	53	
2194	45	
2195	97	
2196	72	
2197	54	
2198	89	
2199	69	
2200	94	
2201	24	
2202	52	
2203	50	
2204	11	
2205	21	
2206	8	
2207	83	
2208	69	
2209	77	
2210	61	
2211	81	
2212	26	
2213	86	
2214	49	
2215	30	
2216	2	
2217	88	
2218	17	
2219	31	
2220	64	
2221	40	
2222	95	
2223	100	
2224	2	
2225	78	
2226	79	
2227	76	
2228	48	
2229	100	
2230	8	
2231	56	
2232	90	
2233	51	
2234	57	
2235	54	
2236	48	
2237	75	
2238	2	
2239	4	
2240	6	
2241	4	
2242	11	
2243	44	
2244	10	
2245	93	
2246	57	
2247	78	
2248	27	
2249	37	
2250	69	
2251	75	
2252	70	
2253	42	
2254	54	
2255	18	
2256	26	
2257	51	
2258	15	
2259	79	
2260	84	
2261	48	
2262	12	
2263	65	
2264	69	
2265	14	
2266	84	
2267	69	
2268	41	
2269	97	
2270	14	
2271	95	
2272	27	
2273	48	
2274	22	
2275	66	
2276	58	
2277	28	
2278	30	
2279	21	
2280	32	
2281	71	
2282	23	
2283	49	
2284	94	
2285	28	
2286	50	
2287	34	
2288	16	
2289	29	
2290	57	
2291	32	
2292	24	
2293	71	
2294	22	
2295	45	
2296	28	
2297	22	
2298	36	
2299	75	
2300	21	
2301	16	
2302	23	
2303	24	
2304	24	
2305	92	
2306	14	
2307	50	
2308	65	
2309	20	
2310	32	
2311	10	
2312	80	
2313	89	
2314	86	
2315	98	
2316	50	
2317	95	
2318	48	
2319	65	
2320	87	
2321	56	
2322	49	
2323	72	
2324	91	
2325	60	
2326	73	
2327	88	
2328	70	
2329	71	
2330	26	
2331	27	
2332	9	
2333	23	
2334	26	
2335	13	
2336	76	
2337	37	
2338	5	
2339	77	
2340	12	
2341	1	
2342	81	
2343	54	
2344	53	
2345	72	
2346	18	
2347	6	
2348	62	
2349	23	
2350	100	
2351	87	
2352	49	
2353	99	
2354	62	
2355	78	
2356	18	
2357	97	
2358	66	
2359	37	
2360	44	
2361	84	
2362	38	
2363	98	
2364	29	
2365	7	
2366	43	
2367	28	
2368	48	
2369	62	
2370	81	
2371	26	
2372	91	
2373	78	
2374	35	
2375	1	
2376	4	
2377	64	
2378	81	
2379	20	
2380	2	
2381	92	
2382	93	
2383	99	
2384	87	
2385	67	
2386	53	
2387	23	
2388	64	
2389	62	
2390	73	
2391	9	
2392	18	
2393	14	
2394	95	
2395	56	
2396	20	
2397	44	
2398	5	
2399	41	
2400	28	
2401	24	
2402	98	
2403	51	
2404	37	
2405	76	
2406	82	
2407	86	
2408	32	
2409	84	
2410	29	
2411	17	
2412	45	
2413	53	
2414	68	
2415	78	
2416	92	
2417	15	
2418	85	
2419	82	
2420	70	
2421	9	
2422	78	
2423	64	
2424	35	
2425	93	
2426	94	
2427	12	
2428	19	
2429	2	
2430	100	
2431	58	
2432	7	
2433	7	
2434	77	
2435	77	
2436	35	
2437	75	
2438	3	
2439	2	
2440	3	
2441	33	
2442	42	
2443	81	
2444	36	
2445	11	
2446	29	
2447	72	
2448	57	
2449	40	
2450	59	
2451	56	
2452	48	
2453	71	
2454	100	
2455	13	
2456	28	
2457	60	
2458	62	
2459	99	
2460	66	
2461	64	
2462	70	
2463	89	
2464	98	
2465	26	
2466	58	
2467	51	
2468	69	
2469	22	
2470	90	
2471	65	
2472	6	
2473	86	
2474	94	
2475	3	
2476	54	
2477	29	
2478	99	
2479	68	
2480	38	
2481	14	
2482	11	
2483	1	
2484	65	
2485	23	
2486	11	
2487	65	
2488	88	
2489	44	
2490	8	
2491	80	
2492	100	
2493	2	
2494	33	
2495	2	
2496	80	
2497	62	
2498	93	
2499	7	
2500	2	
2501	46	
2502	83	
2503	2	
2504	100	
2505	64	
2506	94	
2507	84	
2508	68	
2509	36	
2510	99	
2511	71	
2512	78	
2513	44	
2514	56	
2515	37	
2516	2	
2517	15	
2518	96	
2519	95	
2520	8	
2521	12	
2522	92	
2523	100	
2524	38	
2525	18	
2526	9	
2527	86	
2528	2	
2529	95	
2530	65	
2531	98	
2532	62	
2533	50	
2534	61	
2535	58	
2536	86	
2537	11	
2538	97	
2539	59	
2540	74	
2541	52	
2542	76	
2543	44	
2544	82	
2545	43	
2546	79	
2547	99	
2548	19	
2549	96	
2550	71	
2551	29	
2552	80	
2553	29	
2554	73	
2555	31	
2556	96	
2557	6	
2558	76	
2559	69	
2560	44	
2561	52	
2562	55	
2563	87	
2564	43	
2565	99	
2566	8	
2567	52	
2568	87	
2569	27	
2570	9	
2571	77	
2572	63	
2573	20	
2574	19	
2575	8	
2576	77	
2577	15	
2578	95	
2579	67	
2580	91	
2581	37	
2582	88	
2583	32	
2584	8	
2585	31	
2586	96	
2587	32	
2588	53	
2589	62	
2590	60	
2591	42	
2592	1	
2593	30	
2594	98	
2595	51	
2596	3	
2597	33	
2598	30	
2599	97	
2600	41	
2601	39	
2602	27	
2603	46	
2604	56	
2605	13	
2606	48	
2607	11	
2608	60	
2609	35	
2610	62	
2611	94	
2612	87	
2613	75	
2614	74	
2615	71	
2616	31	
2617	53	
2618	5	
2619	40	
2620	37	
2621	23	
2622	5	
2623	22	
2624	18	
2625	9	
2626	55	
2627	50	
2628	54	
2629	31	
2630	28	
2631	1	
2632	61	
2633	95	
2634	22	
2635	41	
2636	81	
2637	34	
2638	58	
2639	96	
2640	75	
2641	24	
2642	21	
2643	64	
2644	38	
2645	6	
2646	49	
2647	72	
2648	13	
2649	36	
2650	63	
2651	35	
2652	62	
2653	49	
2654	64	
2655	53	
2656	47	
2657	92	
2658	9	
2659	99	
2660	86	
2661	2	
2662	65	
2663	99	
2664	2	
2665	16	
2666	51	
2667	71	
2668	25	
2669	4	
2670	42	
2671	8	
2672	49	
2673	97	
2674	83	
2675	89	
2676	97	
2677	61	
2678	15	
2679	63	
2680	40	
2681	32	
2682	43	
2683	12	
2684	54	
2685	83	
2686	85	
2687	22	
2688	59	
2689	63	
2690	10	
2691	19	
2692	69	
2693	26	
2694	7	
2695	80	
2696	34	
2697	14	
2698	14	
2699	19	
2700	13	
2701	87	
2702	52	
2703	83	
2704	31	
2705	71	
2706	42	
2707	92	
2708	20	
2709	25	
2710	26	
2711	61	
2712	85	
2713	20	
2714	72	
2715	88	
2716	41	
2717	18	
2718	11	
2719	2	
2720	27	
2721	48	
2722	91	
2723	81	
2724	67	
2725	14	
2726	3	
2727	4	
2728	50	
2729	13	
2730	38	
2731	74	
2732	12	
2733	86	
2734	91	
2735	60	
2736	9	
2737	30	
2738	34	
2739	94	
2740	6	
2741	21	
2742	54	
2743	26	
2744	35	
2745	5	
2746	91	
2747	18	
2748	76	
2749	34	
2750	59	
2751	93	
2752	58	
2753	29	
2754	91	
2755	34	
2756	57	
2757	75	
2758	64	
2759	86	
2760	9	
2761	52	
2762	72	
2763	100	
2764	91	
2765	70	
2766	68	
2767	28	
2768	30	
2769	57	
2770	89	
2771	98	
2772	4	
2773	30	
2774	1	
2775	34	
2776	16	
2777	98	
2778	24	
2779	51	
2780	87	
2781	22	
2782	89	
2783	34	
2784	5	
2785	42	
2786	48	
2787	78	
2788	67	
2789	4	
2790	11	
2791	6	
2792	68	
2793	72	
2794	27	
2795	100	
2796	6	
2797	79	
2798	46	
2799	46	
2800	31	
2801	33	
2802	49	
2803	69	
2804	82	
2805	36	
2806	20	
2807	4	
2808	13	
2809	40	
2810	70	
2811	67	
2812	78	
2813	11	
2814	4	
2815	18	
2816	32	
2817	29	
2818	91	
2819	100	
2820	20	
2821	22	
2822	84	
2823	10	
2824	47	
2825	56	
2826	12	
2827	99	
2828	76	
2829	76	
2830	34	
2831	3	
2832	40	
2833	82	
2834	2	
2835	91	
2836	51	
2837	15	
2838	66	
2839	41	
2840	65	
2841	19	
2842	98	
2843	49	
2844	60	
2845	17	
2846	57	
2847	88	
2848	82	
2849	44	
2850	11	
2851	41	
2852	53	
2853	93	
2854	10	
2855	40	
2856	85	
2857	29	
2858	47	
2859	93	
2860	50	
2861	34	
2862	8	
2863	35	
2864	32	
2865	7	
2866	73	
2867	59	
2868	64	
2869	18	
2870	37	
2871	48	
2872	97	
2873	50	
2874	52	
2875	2	
2876	22	
2877	87	
2878	12	
2879	69	
2880	76	
2881	31	
2882	89	
2883	53	
2884	82	
2885	32	
2886	90	
2887	21	
2888	91	
2889	71	
2890	8	
2891	97	
2892	51	
2893	52	
2894	11	
2895	53	
2896	99	
2897	4	
2898	38	
2899	26	
2900	60	
2901	73	
2902	46	
2903	34	
2904	9	
2905	78	
2906	31	
2907	50	
2908	83	
2909	34	
2910	28	
2911	37	
2912	70	
2913	63	
2914	21	
2915	79	
2916	42	
2917	52	
2918	92	
2919	60	
2920	64	
2921	57	
2922	34	
2923	76	
2924	28	
2925	31	
2926	80	
2927	78	
2928	95	
2929	23	
2930	84	
2931	64	
2932	96	
2933	5	
2934	96	
2935	2	
2936	68	
2937	35	
2938	20	
2939	76	
2940	100	
2941	37	
2942	53	
2943	35	
2944	55	
2945	88	
2946	30	
2947	100	
2948	38	
2949	93	
2950	63	
2951	54	
2952	77	
2953	84	
2954	41	
2955	66	
2956	21	
2957	55	
2958	3	
2959	46	
2960	18	
2961	6	
2962	100	
2963	88	
2964	60	
2965	62	
2966	20	
2967	94	
2968	31	
2969	64	
2970	86	
2971	97	
2972	36	
2973	73	
2974	77	
2975	12	
2976	52	
2977	49	
2978	81	
2979	35	
2980	46	
2981	98	
2982	44	
2983	22	
2984	62	
2985	36	
2986	6	
2987	26	
2988	78	
2989	47	
2990	11	
2991	28	
2992	76	
2993	22	
2994	62	
2995	86	
2996	27	
2997	92	
2998	78	
2999	88	
3000	66	
3001	54	
3002	42	
3003	80	
3004	89	
3005	86	
3006	98	
3007	63	
3008	92	
3009	3	
3010	93	
3011	57	
3012	49	
3013	20	
3014	62	
3015	37	
3016	74	
3017	40	
3018	45	
3019	100	
3020	6	
3021	68	
3022	81	
3023	97	
3024	63	
3025	86	
3026	97	
3027	24	
3028	6	
3029	62	
3030	81	
3031	72	
3032	80	
3033	80	
3034	72	
3035	42	
3036	97	
3037	31	
3038	12	
3039	41	
3040	72	
3041	62	
3042	91	
3043	74	
3044	59	
3045	14	
3046	66	
3047	23	
3048	58	
3049	4	
3050	86	
3051	22	
3052	13	
3053	54	
3054	44	
3055	28	
3056	84	
3057	71	
3058	54	
3059	52	
3060	9	
3061	61	
3062	62	
3063	27	
3064	85	
3065	28	
3066	51	
3067	39	
3068	84	
3069	29	
3070	93	
3071	82	
3072	76	
3073	37	
3074	55	
3075	73	
3076	86	
3077	25	
3078	96	
3079	76	
3080	78	
3081	98	
3082	12	
3083	62	
3084	33	
3085	96	
3086	61	
3087	50	
3088	66	
3089	36	
3090	29	
3091	79	
3092	79	
3093	32	
3094	68	
3095	65	
3096	51	
3097	43	
3098	12	
3099	86	
3100	95	
3101	88	
3102	55	
3103	29	
3104	87	
3105	13	
3106	68	
3107	15	
3108	20	
3109	1	
3110	95	
3111	27	
3112	61	
3113	16	
3114	12	
3115	12	
3116	39	
3117	35	
3118	4	
3119	51	
3120	95	
3121	79	
3122	9	
3123	4	
3124	37	
3125	8	
3126	60	
3127	37	
3128	76	
3129	44	
3130	95	
3131	84	
3132	6	
3133	27	
3134	70	
3135	91	
3136	98	
3137	9	
3138	15	
3139	16	
3140	29	
3141	13	
3142	44	
3143	36	
3144	56	
3145	86	
3146	61	
3147	50	
3148	42	
3149	83	
3150	12	
3151	18	
3152	60	
3153	33	
3154	39	
3155	20	
3156	26	
3157	17	
3158	82	
3159	52	
3160	84	
3161	41	
3162	19	
3163	1	
3164	48	
3165	26	
3166	47	
3167	44	
3168	100	
3169	34	
3170	56	
3171	63	
3172	35	
3173	86	
3174	66	
3175	45	
3176	98	
3177	2	
3178	20	
3179	5	
3180	36	
3181	35	
3182	54	
3183	68	
3184	24	
3185	45	
3186	30	
3187	22	
3188	43	
3189	94	
3190	81	
3191	58	
3192	73	
3193	70	
3194	25	
3195	36	
3196	86	
3197	75	
3198	26	
3199	47	
3200	3	
3201	20	
3202	22	
3203	61	
3204	60	
3205	96	
3206	75	
3207	80	
3208	96	
3209	14	
3210	17	
3211	92	
3212	18	
3213	15	
3214	90	
3215	9	
3216	76	
3217	53	
3218	99	
3219	79	
3220	56	
3221	8	
3222	6	
3223	30	
3224	69	
3225	44	
3226	60	
3227	18	
3228	16	
3229	40	
3230	82	
3231	41	
3232	64	
3233	91	
3234	50	
3235	89	
3236	92	
3237	30	
3238	96	
3239	33	
3240	18	
3241	78	
3242	55	
3243	53	
3244	59	
3245	21	
3246	23	
3247	96	
3248	92	
3249	25	
3250	10	
3251	71	
3252	52	
3253	54	
3254	49	
3255	81	
3256	8	
3257	7	
3258	57	
3259	42	
3260	69	
3261	50	
3262	92	
3263	82	
3264	30	
3265	42	
3266	31	
3267	13	
3268	56	
3269	49	
3270	12	
3271	93	
3272	3	
3273	27	
3274	75	
3275	21	
3276	96	
3277	83	
3278	42	
3279	66	
3280	47	
3281	31	
3282	26	
3283	82	
3284	88	
3285	49	
3286	73	
3287	34	
3288	75	
3289	15	
3290	32	
3291	57	
3292	86	
3293	36	
3294	20	
3295	57	
3296	79	
3297	73	
3298	74	
3299	66	
3300	48	
3301	32	
3302	93	
3303	56	
3304	28	
3305	97	
3306	92	
3307	31	
3308	33	
3309	93	
3310	30	
3311	70	
3312	58	
3313	37	
3314	88	
3315	67	
3316	64	
3317	5	
3318	75	
3319	42	
3320	98	
3321	51	
3322	44	
3323	11	
3324	50	
3325	31	
3326	1	
3327	51	
3328	55	
3329	89	
3330	35	
3331	47	
3332	87	
3333	16	
3334	16	
3335	21	
3336	37	
3337	67	
3338	23	
3339	12	
3340	1	
3341	84	
3342	92	
3343	37	
3344	84	
3345	63	
3346	43	
3347	74	
3348	95	
3349	46	
3350	90	
3351	89	
3352	12	
3353	55	
3354	26	
3355	67	
3356	78	
3357	94	
3358	8	
3359	35	
3360	80	
3361	14	
3362	45	
3363	6	
3364	74	
3365	1	
3366	80	
3367	34	
3368	89	
3369	66	
3370	60	
3371	72	
3372	93	
3373	88	
3374	44	
3375	79	
3376	74	
3377	62	
3378	37	
3379	76	
3380	10	
3381	3	
3382	80	
3383	43	
3384	38	
3385	97	
3386	1	
3387	34	
3388	30	
3389	42	
3390	57	
3391	58	
3392	100	
3393	20	
3394	77	
3395	87	
3396	13	
3397	74	
3398	94	
3399	52	
3400	13	
3401	30	
3402	14	
3403	14	
3404	97	
3405	37	
3406	53	
3407	24	
3408	96	
3409	26	
3410	15	
3411	21	
3412	48	
3413	16	
3414	58	
3415	74	
3416	64	
3417	31	
3418	3	
3419	52	
3420	33	
3421	31	
3422	51	
3423	60	
3424	87	
3425	2	
3426	91	
3427	83	
3428	51	
3429	44	
3430	17	
3431	17	
3432	20	
3433	42	
3434	14	
3435	47	
3436	92	
3437	42	
3438	60	
3439	2	
3440	17	
3441	11	
3442	12	
3443	89	
3444	38	
3445	98	
3446	63	
3447	41	
3448	1	
3449	49	
3450	65	
3451	36	
3452	56	
3453	25	
3454	58	
3455	92	
3456	58	
3457	97	
3458	78	
3459	46	
3460	73	
3461	83	
3462	74	
3463	49	
3464	47	
3465	67	
3466	32	
3467	30	
3468	27	
3469	80	
3470	97	
3471	52	
3472	62	
3473	68	
3474	10	
3475	19	
3476	64	
3477	61	
3478	93	
3479	70	
3480	90	
3481	12	
3482	62	
3483	51	
3484	63	
3485	99	
3486	80	
3487	95	
3488	49	
3489	76	
3490	27	
3491	76	
3492	14	
3493	86	
3494	21	
3495	28	
3496	86	
3497	5	
3498	99	
3499	5	
3500	81	
3501	90	
3502	75	
3503	36	
3504	51	
3505	29	
3506	45	
3507	48	
3508	17	
3509	53	
3510	68	
3511	30	
3512	31	
3513	28	
3514	24	
3515	36	
3516	13	
3517	85	
3518	15	
3519	56	
3520	8	
3521	40	
3522	1	
3523	48	
3524	36	
3525	98	
3526	78	
3527	81	
3528	100	
3529	3	
3530	12	
3531	57	
3532	67	
3533	37	
3534	79	
3535	63	
3536	43	
3537	28	
3538	15	
3539	95	
3540	46	
3541	61	
3542	89	
3543	85	
3544	67	
3545	97	
3546	60	
3547	84	
3548	91	
3549	49	
3550	31	
3551	56	
3552	94	
3553	93	
3554	73	
3555	90	
3556	56	
3557	30	
3558	32	
3559	81	
3560	42	
3561	46	
3562	75	
3563	45	
3564	17	
3565	32	
3566	92	
3567	84	
3568	7	
3569	55	
3570	94	
3571	41	
3572	27	
3573	82	
3574	64	
3575	78	
3576	39	
3577	78	
3578	85	
3579	3	
3580	76	
3581	56	
3582	74	
3583	51	
3584	47	
3585	46	
3586	75	
3587	20	
3588	97	
3589	27	
3590	87	
3591	7	
3592	76	
3593	85	
3594	67	
3595	63	
3596	10	
3597	73	
3598	55	
3599	89	
3600	71	
3601	42	
3602	66	
3603	86	
3604	87	
3605	91	
3606	1	
3607	33	
3608	90	
3609	55	
3610	32	
3611	20	
3612	1	
3613	85	
3614	58	
3615	1	
3616	13	
3617	84	
3618	70	
3619	52	
3620	57	
3621	5	
3622	41	
3623	24	
3624	33	
3625	97	
3626	80	
3627	55	
3628	95	
3629	38	
3630	12	
3631	31	
3632	86	
3633	18	
3634	24	
3635	85	
3636	55	
3637	81	
3638	7	
3639	100	
3640	49	
3641	26	
3642	44	
3643	20	
3644	50	
3645	6	
3646	87	
3647	13	
3648	90	
3649	82	
3650	15	
3651	66	
3652	68	
3653	39	
3654	16	
3655	64	
3656	62	
3657	98	
3658	52	
3659	14	
3660	23	
3661	51	
3662	2	
3663	41	
3664	92	
3665	51	
3666	68	
3667	59	
3668	58	
3669	24	
3670	3	
3671	77	
3672	60	
3673	45	
3674	63	
3675	19	
3676	35	
3677	76	
3678	46	
3679	59	
3680	18	
3681	5	
3682	10	
3683	35	
3684	96	
3685	30	
3686	52	
3687	74	
3688	90	
3689	71	
3690	69	
3691	100	
3692	60	
3693	53	
3694	82	
3695	32	
3696	55	
3697	20	
3698	77	
3699	44	
3700	93	
3701	19	
3702	8	
3703	96	
3704	38	
3705	88	
3706	2	
3707	28	
3708	70	
3709	42	
3710	27	
3711	40	
3712	14	
3713	1	
3714	90	
3715	11	
3716	26	
3717	18	
3718	26	
3719	87	
3720	74	
3721	13	
3722	35	
3723	25	
3724	35	
3725	40	
3726	40	
3727	91	
3728	65	
3729	55	
3730	52	
3731	67	
3732	4	
3733	39	
3734	67	
3735	7	
3736	32	
3737	69	
3738	56	
3739	60	
3740	78	
3741	61	
3742	97	
3743	20	
3744	30	
3745	9	
3746	96	
3747	42	
3748	85	
3749	74	
3750	58	
3751	39	
3752	70	
3753	79	
3754	8	
3755	44	
3756	87	
3757	59	
3758	87	
3759	96	
3760	90	
3761	17	
3762	93	
3763	28	
3764	78	
3765	51	
3766	11	
3767	39	
3768	93	
3769	29	
3770	47	
3771	6	
3772	89	
3773	25	
3774	13	
3775	27	
3776	9	
3777	46	
3778	95	
3779	75	
3780	55	
3781	27	
3782	7	
3783	9	
3784	9	
3785	58	
3786	21	
3787	70	
3788	34	
3789	23	
3790	52	
3791	52	
3792	8	
3793	20	
3794	15	
3795	57	
3796	44	
3797	32	
3798	26	
3799	19	
3800	66	
3801	31	
3802	7	
3803	27	
3804	16	
3805	9	
3806	47	
3807	56	
3808	76	
3809	88	
3810	21	
3811	43	
3812	69	
3813	4	
3814	10	
3815	14	
3816	56	
3817	38	
3818	13	
3819	38	
3820	36	
3821	32	
3822	50	
3823	67	
3824	24	
3825	92	
3826	19	
3827	16	
3828	94	
3829	26	
3830	66	
3831	49	
3832	43	
3833	69	
3834	10	
3835	51	
3836	83	
3837	22	
3838	30	
3839	48	
3840	63	
3841	18	
3842	71	
3843	57	
3844	98	
3845	10	
3846	91	
3847	77	
3848	87	
3849	63	
3850	70	
3851	37	
3852	59	
3853	57	
3854	2	
3855	64	
3856	37	
3857	1	
3858	73	
3859	74	
3860	11	
3861	73	
3862	3	
3863	2	
3864	16	
3865	92	
3866	70	
3867	89	
3868	25	
3869	76	
3870	19	
3871	14	
3872	33	
3873	93	
3874	80	
3875	54	
3876	23	
3877	5	
3878	85	
3879	99	
3880	97	
3881	72	
3882	69	
3883	55	
3884	93	
3885	47	
3886	68	
3887	47	
3888	85	
3889	58	
3890	100	
3891	94	
3892	12	
3893	48	
3894	82	
3895	81	
3896	64	
3897	39	
3898	47	
3899	62	
3900	38	
3901	62	
3902	50	
3903	43	
3904	67	
3905	68	
3906	78	
3907	69	
3908	48	
3909	4	
3910	69	
3911	96	
3912	91	
3913	73	
3914	13	
3915	91	
3916	2	
3917	77	
3918	8	
3919	26	
3920	73	
3921	72	
3922	93	
3923	29	
3924	100	
3925	59	
3926	75	
3927	75	
3928	75	
3929	83	
3930	26	
3931	37	
3932	64	
3933	57	
3934	22	
3935	47	
3936	25	
3937	33	
3938	97	
3939	68	
3940	92	
3941	80	
3942	11	
3943	95	
3944	60	
3945	24	
3946	39	
3947	70	
3948	15	
3949	88	
3950	76	
3951	51	
3952	100	
3953	18	
3954	27	
3955	34	
3956	88	
3957	75	
3958	65	
3959	56	
3960	14	
3961	95	
3962	51	
3963	80	
3964	53	
3965	4	
3966	96	
3967	45	
3968	6	
3969	65	
3970	58	
3971	25	
3972	88	
3973	45	
3974	70	
3975	57	
3976	65	
3977	62	
3978	31	
3979	23	
3980	100	
3981	56	
3982	11	
3983	74	
3984	71	
3985	13	
3986	3	
3987	90	
3988	16	
3989	32	
3990	41	
3991	59	
3992	73	
3993	61	
3994	14	
3995	64	
3996	77	
3997	4	
3998	43	
3999	42	
4000	23	
4001	91	
4002	41	
4003	92	
4004	91	
4005	62	
4006	79	
4007	34	
4008	22	
4009	18	
4010	48	
4011	91	
4012	80	
4013	56	
4014	63	
4015	64	
4016	38	
4017	21	
4018	29	
4019	33	
4020	55	
4021	38	
4022	87	
4023	45	
4024	48	
4025	18	
4026	26	
4027	56	
4028	25	
4029	29	
4030	20	
4031	69	
4032	51	
4033	5	
4034	14	
4035	10	
4036	98	
4037	72	
4038	21	
4039	73	
4040	66	
4041	78	
4042	19	
4043	74	
4044	32	
4045	61	
4046	97	
4047	77	
4048	84	
4049	97	
4050	28	
4051	63	
4052	10	
4053	72	
4054	54	
4055	17	
4056	74	
4057	9	
4058	35	
4059	94	
4060	81	
4061	78	
4062	39	
4063	4	
4064	75	
4065	71	
4066	4	
4067	83	
4068	45	
4069	18	
4070	77	
4071	2	
4072	14	
4073	11	
4074	43	
4075	99	
4076	28	
4077	27	
4078	100	
4079	1	
4080	50	
4081	70	
4082	69	
4083	39	
4084	28	
4085	43	
4086	39	
4087	52	
4088	84	
4089	80	
4090	11	
4091	99	
4092	53	
4093	16	
4094	71	
4095	36	
4096	11	
4097	10	
4098	23	
4099	78	
4100	44	
4101	45	
4102	31	
4103	7	
4104	2	
4105	60	
4106	9	
4107	15	
4108	7	
4109	65	
4110	14	
4111	3	
4112	91	
4113	60	
4114	39	
4115	17	
4116	87	
4117	18	
4118	25	
4119	90	
4120	65	
4121	60	
4122	40	
4123	74	
4124	20	
4125	6	
4126	93	
4127	48	
4128	22	
4129	18	
4130	9	
4131	20	
4132	46	
4133	9	
4134	46	
4135	38	
4136	21	
4137	50	
4138	21	
4139	22	
4140	2	
4141	56	
4142	60	
4143	59	
4144	72	
4145	82	
4146	40	
4147	31	
4148	32	
4149	22	
4150	25	
4151	42	
4152	78	
4153	44	
4154	42	
4155	48	
4156	35	
4157	34	
4158	64	
4159	14	
4160	25	
4161	95	
4162	64	
4163	21	
4164	67	
4165	93	
4166	95	
4167	12	
4168	80	
4169	97	
4170	39	
4171	39	
4172	21	
4173	99	
4174	97	
4175	63	
4176	53	
4177	1	
4178	45	
4179	82	
4180	90	
4181	23	
4182	7	
4183	17	
4184	59	
4185	89	
4186	34	
4187	48	
4188	49	
4189	93	
4190	45	
4191	66	
4192	80	
4193	72	
4194	88	
4195	96	
4196	28	
4197	46	
4198	6	
4199	100	
4200	70	
4201	88	
4202	90	
4203	23	
4204	55	
4205	92	
4206	78	
4207	81	
4208	65	
4209	44	
4210	17	
4211	65	
4212	67	
4213	8	
4214	66	
4215	35	
4216	51	
4217	27	
4218	28	
4219	12	
4220	99	
4221	58	
4222	100	
4223	50	
4224	58	
4225	22	
4226	30	
4227	62	
4228	45	
4229	24	
4230	26	
4231	3	
4232	49	
4233	76	
4234	22	
4235	42	
4236	93	
4237	16	
4238	30	
4239	41	
4240	57	
4241	92	
4242	94	
4243	74	
4244	52	
4245	6	
4246	11	
4247	35	
4248	83	
4249	29	
4250	60	
4251	45	
4252	40	
4253	27	
4254	100	
4255	23	
4256	32	
4257	68	
4258	54	
4259	94	
4260	38	
4261	2	
4262	32	
4263	12	
4264	30	
4265	29	
4266	48	
4267	31	
4268	38	
4269	30	
4270	35	
4271	12	
4272	61	
4273	69	
4274	32	
4275	98	
4276	88	
4277	76	
4278	26	
4279	26	
4280	34	
4281	4	
4282	69	
4283	50	
4284	18	
4285	77	
4286	90	
4287	96	
4288	45	
4289	55	
4290	8	
4291	85	
4292	18	
4293	89	
4294	23	
4295	52	
4296	96	
4297	50	
4298	72	
4299	95	
4300	11	
4301	92	
4302	30	
4303	74	
4304	8	
4305	42	
4306	61	
4307	68	
4308	92	
4309	63	
4310	22	
4311	100	
4312	30	
4313	79	
4314	59	
4315	61	
4316	23	
4317	35	
4318	66	
4319	87	
4320	86	
4321	51	
4322	15	
4323	79	
4324	58	
4325	16	
4326	64	
4327	35	
4328	8	
4329	99	
4330	54	
4331	77	
4332	44	
4333	70	
4334	70	
4335	3	
4336	63	
4337	56	
4338	98	
4339	17	
4340	7	
4341	59	
4342	80	
4343	72	
4344	28	
4345	71	
4346	32	
4347	51	
4348	39	
4349	98	
4350	71	
4351	49	
4352	87	
4353	75	
4354	84	
4355	15	
4356	49	
4357	28	
4358	91	
4359	65	
4360	97	
4361	90	
4362	69	
4363	90	
4364	88	
4365	89	
4366	5	
4367	38	
4368	26	
4369	47	
4370	50	
4371	49	
4372	3	
4373	80	
4374	24	
4375	18	
4376	99	
4377	4	
4378	46	
4379	87	
4380	27	
4381	41	
4382	2	
4383	53	
4384	63	
4385	84	
4386	2	
4387	74	
4388	12	
4389	1	
4390	35	
4391	13	
4392	45	
4393	45	
4394	90	
4395	69	
4396	4	
4397	77	
4398	4	
4399	31	
4400	84	
4401	98	
4402	79	
4403	31	
4404	41	
4405	57	
4406	89	
4407	80	
4408	85	
4409	97	
4410	61	
4411	70	
4412	39	
4413	57	
4414	27	
4415	32	
4416	47	
4417	81	
4418	30	
4419	4	
4420	15	
4421	94	
4422	57	
4423	59	
4424	53	
4425	49	
4426	76	
4427	20	
4428	92	
4429	66	
4430	74	
4431	84	
4432	41	
4433	46	
4434	34	
4435	84	
4436	4	
4437	82	
4438	19	
4439	40	
4440	94	
4441	7	
4442	26	
4443	3	
4444	34	
4445	34	
4446	9	
4447	42	
4448	43	
4449	7	
4450	79	
4451	40	
4452	13	
4453	52	
4454	36	
4455	41	
4456	5	
4457	45	
4458	84	
4459	37	
4460	91	
4461	83	
4462	4	
4463	83	
4464	95	
4465	42	
4466	2	
4467	100	
4468	98	
4469	36	
4470	64	
4471	38	
4472	56	
4473	38	
4474	5	
4475	12	
4476	65	
4477	76	
4478	61	
4479	26	
4480	42	
4481	98	
4482	67	
4483	59	
4484	95	
4485	43	
4486	94	
4487	9	
4488	44	
4489	62	
4490	22	
4491	100	
4492	49	
4493	25	
4494	1	
4495	60	
4496	40	
4497	91	
4498	8	
4499	6	
4500	36	
4501	47	
4502	50	
4503	32	
4504	68	
4505	21	
4506	73	
4507	46	
4508	68	
4509	58	
4510	38	
4511	65	
4512	57	
4513	37	
4514	75	
4515	20	
4516	100	
4517	10	
4518	44	
4519	59	
4520	26	
4521	19	
4522	37	
4523	54	
4524	100	
4525	55	
4526	63	
4527	44	
4528	20	
4529	89	
4530	40	
4531	11	
4532	81	
4533	99	
4534	93	
4535	39	
4536	41	
4537	89	
4538	36	
4539	12	
4540	78	
4541	68	
4542	65	
4543	2	
4544	47	
4545	41	
4546	34	
4547	36	
4548	29	
4549	54	
4550	45	
4551	16	
4552	17	
4553	53	
4554	58	
4555	23	
4556	42	
4557	26	
4558	99	
4559	55	
4560	9	
4561	91	
4562	21	
4563	94	
4564	50	
4565	63	
4566	63	
4567	66	
4568	17	
4569	29	
4570	91	
4571	56	
4572	92	
4573	36	
4574	62	
4575	71	
4576	89	
4577	86	
4578	98	
4579	59	
4580	42	
4581	58	
4582	83	
4583	80	
4584	67	
4585	84	
4586	88	
4587	26	
4588	4	
4589	93	
4590	64	
4591	81	
4592	84	
4593	62	
4594	20	
4595	24	
4596	30	
4597	32	
4598	5	
4599	27	
4600	33	
4601	42	
4602	72	
4603	70	
4604	5	
4605	99	
4606	40	
4607	5	
4608	31	
4609	67	
4610	60	
4611	60	
4612	51	
4613	35	
4614	86	
4615	98	
4616	36	
4617	7	
4618	84	
4619	16	
4620	97	
4621	2	
4622	12	
4623	81	
4624	84	
4625	78	
4626	89	
4627	69	
4628	11	
4629	81	
4630	38	
4631	99	
4632	24	
4633	64	
4634	87	
4635	52	
4636	54	
4637	68	
4638	52	
4639	75	
4640	20	
4641	9	
4642	3	
4643	44	
4644	27	
4645	37	
4646	96	
4647	76	
4648	45	
4649	7	
4650	30	
4651	69	
4652	50	
4653	42	
4654	52	
4655	11	
4656	55	
4657	6	
4658	3	
4659	44	
4660	70	
4661	67	
4662	48	
4663	21	
4664	59	
4665	2	
4666	92	
4667	32	
4668	27	
4669	97	
4670	65	
4671	87	
4672	53	
4673	36	
4674	84	
4675	63	
4676	86	
4677	75	
4678	51	
4679	23	
4680	74	
4681	12	
4682	25	
4683	44	
4684	38	
4685	4	
4686	27	
4687	93	
4688	86	
4689	15	
4690	71	
4691	6	
4692	38	
4693	78	
4694	4	
4695	10	
4696	14	
4697	25	
4698	94	
4699	62	
4700	31	
4701	43	
4702	40	
4703	85	
4704	17	
4705	19	
4706	67	
4707	88	
4708	61	
4709	2	
4710	27	
4711	53	
4712	39	
4713	77	
4714	42	
4715	50	
4716	98	
4717	50	
4718	50	
4719	5	
4720	84	
4721	48	
4722	100	
4723	10	
4724	53	
4725	45	
4726	45	
4727	98	
4728	32	
4729	33	
4730	58	
4731	71	
4732	27	
4733	1	
4734	21	
4735	87	
4736	66	
4737	66	
4738	75	
4739	16	
4740	8	
4741	10	
4742	1	
4743	90	
4744	15	
4745	23	
4746	41	
4747	83	
4748	26	
4749	13	
4750	100	
4751	87	
4752	78	
4753	98	
4754	83	
4755	37	
4756	100	
4757	17	
4758	56	
4759	24	
4760	34	
4761	73	
4762	87	
4763	67	
4764	75	
4765	44	
4766	95	
4767	47	
4768	37	
4769	95	
4770	57	
4771	58	
4772	63	
4773	82	
4774	73	
4775	98	
4776	82	
4777	46	
4778	97	
4779	14	
4780	70	
4781	76	
4782	39	
4783	56	
4784	68	
4785	57	
4786	40	
4787	75	
4788	50	
4789	9	
4790	33	
4791	33	
4792	40	
4793	26	
4794	42	
4795	78	
4796	90	
4797	80	
4798	7	
4799	21	
4800	1	
4801	96	
4802	4	
4803	68	
4804	17	
4805	71	
4806	94	
4807	60	
4808	90	
4809	21	
4810	99	
4811	3	
4812	5	
4813	52	
4814	76	
4815	28	
4816	57	
4817	20	
4818	26	
4819	20	
4820	64	
4821	46	
4822	35	
4823	4	
4824	61	
4825	99	
4826	7	
4827	23	
4828	61	
4829	60	
4830	89	
4831	14	
4832	12	
4833	81	
4834	1	
4835	59	
4836	55	
4837	32	
4838	69	
4839	93	
4840	57	
4841	45	
4842	91	
4843	16	
4844	43	
4845	45	
4846	19	
4847	67	
4848	26	
4849	52	
4850	46	
4851	87	
4852	57	
4853	80	
4854	71	
4855	22	
4856	93	
4857	97	
4858	85	
4859	82	
4860	87	
4861	29	
4862	60	
4863	6	
4864	22	
4865	84	
4866	64	
4867	66	
4868	96	
4869	6	
4870	6	
4871	92	
4872	27	
4873	17	
4874	48	
4875	3	
4876	98	
4877	42	
4878	55	
4879	80	
4880	90	
4881	72	
4882	47	
4883	28	
4884	35	
4885	15	
4886	84	
4887	31	
4888	90	
4889	80	
4890	81	
4891	97	
4892	74	
4893	43	
4894	73	
4895	36	
4896	57	
4897	58	
4898	12	
4899	23	
4900	13	
4901	45	
4902	100	
4903	66	
4904	37	
4905	46	
4906	54	
4907	4	
4908	51	
4909	60	
4910	32	
4911	83	
4912	2	
4913	54	
4914	2	
4915	25	
4916	79	
4917	50	
4918	59	
4919	74	
4920	26	
4921	7	
4922	75	
4923	98	
4924	35	
4925	41	
4926	36	
4927	49	
4928	63	
4929	74	
4930	38	
4931	2	
4932	54	
4933	72	
4934	52	
4935	71	
4936	47	
4937	16	
4938	91	
4939	45	
4940	5	
4941	6	
4942	16	
4943	38	
4944	26	
4945	63	
4946	71	
4947	31	
4948	56	
4949	25	
4950	84	
4951	32	
4952	38	
4953	83	
4954	38	
4955	49	
4956	17	
4957	8	
4958	40	
4959	49	
4960	4	
4961	38	
4962	98	
4963	80	
4964	66	
4965	64	
4966	78	
4967	62	
4968	41	
4969	14	
4970	89	
4971	11	
4972	22	
4973	5	
4974	89	
4975	27	
4976	65	
4977	98	
4978	22	
4979	85	
4980	32	
4981	45	
4982	22	
4983	89	
4984	77	
4985	12	
4986	19	
4987	95	
4988	30	
4989	3	
4990	58	
4991	75	
4992	29	
4993	3	
4994	67	
4995	37	
4996	18	
4997	53	
4998	5	
4999	100	
5000	14	
25424
