5000
1	5	
2	3	
3	1	
4	6	
5	5	
6	9	
7	4	
8	9	
9	10	
10	1	
11	5	
12	2	
13	9	
14	3	
15	4	
16	10	
17	4	
18	9	
19	2	
20	1	
21	2	
22	3	
23	7	
24	8	
25	2	
26	7	
27	1	
28	5	
29	3	
30	8	
31	7	
32	1	
33	9	
34	6	
35	3	
36	6	
37	9	
38	2	
39	7	
40	2	
41	2	
42	5	
43	7	
44	9	
45	8	
46	6	
47	5	
48	5	
49	6	
50	5	
51	2	
52	9	
53	4	
54	5	
55	10	
56	5	
57	10	
58	10	
59	7	
60	7	
61	8	
62	2	
63	9	
64	6	
65	5	
66	9	
67	6	
68	6	
69	3	
70	5	
71	9	
72	5	
73	3	
74	10	
75	5	
76	4	
77	8	
78	4	
79	8	
80	10	
81	3	
82	3	
83	8	
84	9	
85	9	
86	5	
87	1	
88	9	
89	9	
90	6	
91	2	
92	8	
93	6	
94	7	
95	3	
96	6	
97	8	
98	8	
99	1	
100	5	
101	6	
102	7	
103	7	
104	9	
105	10	
106	7	
107	10	
108	4	
109	8	
110	6	
111	8	
112	2	
113	2	
114	6	
115	6	
116	2	
117	6	
118	6	
119	2	
120	10	
121	5	
122	2	
123	5	
124	2	
125	4	
126	8	
127	7	
128	5	
129	8	
130	8	
131	1	
132	6	
133	10	
134	1	
135	6	
136	9	
137	10	
138	6	
139	7	
140	1	
141	2	
142	2	
143	2	
144	4	
145	6	
146	7	
147	5	
148	10	
149	4	
150	9	
151	10	
152	8	
153	5	
154	3	
155	7	
156	9	
157	3	
158	2	
159	3	
160	8	
161	4	
162	10	
163	5	
164	3	
165	10	
166	7	
167	8	
168	7	
169	7	
170	10	
171	8	
172	3	
173	10	
174	3	
175	2	
176	10	
177	7	
178	6	
179	9	
180	7	
181	6	
182	2	
183	3	
184	1	
185	10	
186	10	
187	5	
188	6	
189	5	
190	2	
191	9	
192	10	
193	9	
194	7	
195	2	
196	5	
197	9	
198	9	
199	4	
200	2	
201	2	
202	8	
203	4	
204	8	
205	2	
206	4	
207	7	
208	1	
209	4	
210	6	
211	3	
212	3	
213	2	
214	6	
215	9	
216	8	
217	7	
218	1	
219	4	
220	5	
221	5	
222	8	
223	6	
224	9	
225	3	
226	9	
227	6	
228	4	
229	10	
230	4	
231	10	
232	9	
233	10	
234	3	
235	6	
236	9	
237	10	
238	4	
239	6	
240	10	
241	10	
242	2	
243	2	
244	8	
245	1	
246	4	
247	7	
248	7	
249	1	
250	1	
251	8	
252	8	
253	2	
254	3	
255	2	
256	4	
257	7	
258	7	
259	10	
260	8	
261	2	
262	4	
263	2	
264	10	
265	6	
266	3	
267	3	
268	5	
269	10	
270	4	
271	9	
272	6	
273	9	
274	6	
275	4	
276	1	
277	4	
278	5	
279	4	
280	5	
281	10	
282	7	
283	8	
284	4	
285	7	
286	2	
287	4	
288	4	
289	4	
290	8	
291	3	
292	5	
293	7	
294	7	
295	10	
296	4	
297	5	
298	9	
299	3	
300	7	
301	9	
302	4	
303	5	
304	6	
305	2	
306	1	
307	8	
308	10	
309	1	
310	4	
311	9	
312	7	
313	3	
314	3	
315	5	
316	1	
317	10	
318	6	
319	9	
320	10	
321	1	
322	8	
323	1	
324	7	
325	6	
326	8	
327	1	
328	2	
329	9	
330	6	
331	9	
332	4	
333	8	
334	5	
335	9	
336	6	
337	6	
338	6	
339	3	
340	7	
341	2	
342	3	
343	7	
344	5	
345	1	
346	2	
347	5	
348	5	
349	4	
350	10	
351	3	
352	9	
353	5	
354	7	
355	1	
356	8	
357	6	
358	6	
359	4	
360	5	
361	9	
362	8	
363	8	
364	7	
365	9	
366	8	
367	10	
368	1	
369	2	
370	8	
371	9	
372	3	
373	7	
374	3	
375	7	
376	4	
377	2	
378	9	
379	9	
380	10	
381	2	
382	6	
383	9	
384	10	
385	6	
386	8	
387	4	
388	7	
389	1	
390	5	
391	8	
392	8	
393	4	
394	7	
395	1	
396	6	
397	5	
398	1	
399	1	
400	6	
401	9	
402	4	
403	1	
404	4	
405	9	
406	3	
407	9	
408	3	
409	1	
410	1	
411	8	
412	6	
413	6	
414	10	
415	10	
416	3	
417	8	
418	3	
419	7	
420	9	
421	10	
422	10	
423	8	
424	1	
425	7	
426	4	
427	3	
428	5	
429	7	
430	9	
431	4	
432	1	
433	5	
434	10	
435	8	
436	10	
437	5	
438	7	
439	3	
440	6	
441	3	
442	1	
443	5	
444	1	
445	10	
446	9	
447	4	
448	4	
449	4	
450	10	
451	10	
452	2	
453	10	
454	2	
455	3	
456	9	
457	6	
458	1	
459	10	
460	3	
461	2	
462	3	
463	2	
464	5	
465	3	
466	1	
467	9	
468	1	
469	3	
470	8	
471	3	
472	2	
473	1	
474	1	
475	7	
476	10	
477	4	
478	3	
479	10	
480	6	
481	6	
482	4	
483	8	
484	1	
485	4	
486	8	
487	5	
488	5	
489	10	
490	6	
491	4	
492	10	
493	10	
494	10	
495	2	
496	9	
497	8	
498	8	
499	7	
500	9	
501	4	
502	1	
503	8	
504	10	
505	2	
506	2	
507	6	
508	10	
509	6	
510	6	
511	9	
512	5	
513	5	
514	1	
515	4	
516	9	
517	1	
518	8	
519	6	
520	3	
521	2	
522	6	
523	3	
524	5	
525	2	
526	1	
527	4	
528	5	
529	6	
530	6	
531	4	
532	5	
533	7	
534	4	
535	2	
536	3	
537	8	
538	9	
539	9	
540	1	
541	6	
542	3	
543	8	
544	1	
545	1	
546	5	
547	8	
548	5	
549	7	
550	7	
551	9	
552	6	
553	8	
554	4	
555	10	
556	2	
557	7	
558	6	
559	5	
560	4	
561	2	
562	10	
563	7	
564	3	
565	1	
566	4	
567	6	
568	6	
569	4	
570	4	
571	7	
572	2	
573	9	
574	5	
575	6	
576	4	
577	6	
578	4	
579	6	
580	1	
581	9	
582	4	
583	6	
584	9	
585	8	
586	9	
587	1	
588	7	
589	2	
590	2	
591	10	
592	4	
593	9	
594	8	
595	9	
596	10	
597	8	
598	9	
599	9	
600	9	
601	7	
602	4	
603	9	
604	4	
605	7	
606	2	
607	3	
608	4	
609	3	
610	4	
611	9	
612	2	
613	2	
614	7	
615	1	
616	9	
617	2	
618	2	
619	3	
620	5	
621	6	
622	8	
623	2	
624	1	
625	8	
626	4	
627	7	
628	6	
629	5	
630	1	
631	9	
632	3	
633	7	
634	2	
635	7	
636	2	
637	8	
638	1	
639	4	
640	2	
641	5	
642	4	
643	9	
644	3	
645	10	
646	1	
647	4	
648	7	
649	5	
650	1	
651	8	
652	1	
653	1	
654	8	
655	2	
656	5	
657	8	
658	7	
659	9	
660	2	
661	5	
662	6	
663	1	
664	7	
665	9	
666	3	
667	4	
668	10	
669	9	
670	3	
671	10	
672	6	
673	7	
674	8	
675	6	
676	5	
677	6	
678	3	
679	7	
680	1	
681	10	
682	5	
683	7	
684	10	
685	8	
686	1	
687	4	
688	6	
689	9	
690	1	
691	6	
692	9	
693	9	
694	4	
695	8	
696	8	
697	2	
698	6	
699	3	
700	9	
701	6	
702	3	
703	10	
704	1	
705	6	
706	6	
707	9	
708	2	
709	5	
710	4	
711	5	
712	8	
713	5	
714	7	
715	7	
716	3	
717	6	
718	6	
719	7	
720	10	
721	8	
722	6	
723	3	
724	8	
725	1	
726	6	
727	9	
728	3	
729	3	
730	1	
731	4	
732	4	
733	10	
734	9	
735	1	
736	9	
737	2	
738	9	
739	4	
740	5	
741	2	
742	1	
743	4	
744	1	
745	5	
746	4	
747	9	
748	2	
749	5	
750	2	
751	8	
752	8	
753	6	
754	1	
755	6	
756	4	
757	2	
758	2	
759	7	
760	2	
761	10	
762	7	
763	10	
764	4	
765	5	
766	4	
767	9	
768	9	
769	2	
770	8	
771	1	
772	5	
773	4	
774	2	
775	5	
776	2	
777	1	
778	5	
779	4	
780	2	
781	6	
782	4	
783	5	
784	3	
785	7	
786	1	
787	1	
788	3	
789	9	
790	10	
791	6	
792	9	
793	8	
794	3	
795	6	
796	6	
797	1	
798	1	
799	9	
800	7	
801	3	
802	4	
803	4	
804	2	
805	3	
806	6	
807	4	
808	4	
809	2	
810	2	
811	10	
812	10	
813	4	
814	2	
815	7	
816	5	
817	8	
818	2	
819	2	
820	8	
821	10	
822	9	
823	6	
824	1	
825	2	
826	1	
827	9	
828	6	
829	3	
830	1	
831	1	
832	7	
833	6	
834	8	
835	7	
836	2	
837	6	
838	4	
839	2	
840	4	
841	8	
842	4	
843	8	
844	8	
845	6	
846	1	
847	7	
848	1	
849	2	
850	1	
851	7	
852	10	
853	3	
854	4	
855	3	
856	8	
857	1	
858	8	
859	4	
860	3	
861	2	
862	2	
863	8	
864	5	
865	4	
866	5	
867	4	
868	5	
869	6	
870	6	
871	7	
872	7	
873	2	
874	10	
875	3	
876	7	
877	7	
878	4	
879	10	
880	2	
881	4	
882	5	
883	8	
884	1	
885	4	
886	10	
887	4	
888	9	
889	10	
890	9	
891	3	
892	2	
893	9	
894	1	
895	8	
896	6	
897	3	
898	7	
899	4	
900	2	
901	5	
902	3	
903	1	
904	8	
905	1	
906	10	
907	8	
908	2	
909	9	
910	9	
911	2	
912	5	
913	1	
914	3	
915	2	
916	4	
917	8	
918	6	
919	9	
920	10	
921	5	
922	3	
923	7	
924	7	
925	9	
926	5	
927	7	
928	7	
929	4	
930	7	
931	4	
932	6	
933	2	
934	2	
935	8	
936	5	
937	7	
938	5	
939	4	
940	4	
941	10	
942	7	
943	6	
944	6	
945	9	
946	1	
947	7	
948	7	
949	8	
950	6	
951	9	
952	7	
953	7	
954	1	
955	9	
956	5	
957	10	
958	6	
959	3	
960	3	
961	6	
962	4	
963	6	
964	1	
965	10	
966	10	
967	7	
968	5	
969	5	
970	4	
971	1	
972	8	
973	2	
974	9	
975	7	
976	2	
977	5	
978	8	
979	10	
980	8	
981	4	
982	3	
983	2	
984	7	
985	2	
986	3	
987	7	
988	1	
989	1	
990	8	
991	7	
992	1	
993	1	
994	4	
995	5	
996	10	
997	2	
998	10	
999	5	
1000	9	
1001	10	
1002	9	
1003	10	
1004	4	
1005	8	
1006	8	
1007	6	
1008	10	
1009	2	
1010	5	
1011	8	
1012	9	
1013	9	
1014	2	
1015	1	
1016	9	
1017	3	
1018	6	
1019	2	
1020	10	
1021	9	
1022	9	
1023	2	
1024	3	
1025	4	
1026	8	
1027	2	
1028	10	
1029	7	
1030	2	
1031	9	
1032	3	
1033	7	
1034	5	
1035	6	
1036	5	
1037	10	
1038	5	
1039	4	
1040	9	
1041	7	
1042	2	
1043	5	
1044	5	
1045	10	
1046	10	
1047	4	
1048	8	
1049	8	
1050	9	
1051	9	
1052	7	
1053	8	
1054	6	
1055	3	
1056	4	
1057	6	
1058	7	
1059	8	
1060	10	
1061	5	
1062	1	
1063	10	
1064	6	
1065	7	
1066	6	
1067	5	
1068	8	
1069	7	
1070	6	
1071	7	
1072	2	
1073	6	
1074	6	
1075	8	
1076	5	
1077	6	
1078	10	
1079	3	
1080	1	
1081	9	
1082	9	
1083	9	
1084	6	
1085	7	
1086	8	
1087	9	
1088	7	
1089	10	
1090	2	
1091	3	
1092	4	
1093	7	
1094	8	
1095	8	
1096	5	
1097	4	
1098	4	
1099	10	
1100	6	
1101	7	
1102	8	
1103	4	
1104	5	
1105	6	
1106	6	
1107	8	
1108	10	
1109	7	
1110	6	
1111	4	
1112	10	
1113	8	
1114	4	
1115	7	
1116	2	
1117	7	
1118	7	
1119	8	
1120	6	
1121	8	
1122	5	
1123	6	
1124	3	
1125	8	
1126	6	
1127	2	
1128	1	
1129	7	
1130	9	
1131	2	
1132	10	
1133	9	
1134	8	
1135	2	
1136	7	
1137	2	
1138	1	
1139	9	
1140	5	
1141	10	
1142	3	
1143	1	
1144	4	
1145	3	
1146	3	
1147	8	
1148	2	
1149	3	
1150	2	
1151	5	
1152	6	
1153	1	
1154	1	
1155	10	
1156	4	
1157	6	
1158	6	
1159	9	
1160	10	
1161	7	
1162	7	
1163	1	
1164	4	
1165	5	
1166	10	
1167	3	
1168	7	
1169	4	
1170	10	
1171	2	
1172	8	
1173	6	
1174	8	
1175	8	
1176	6	
1177	9	
1178	7	
1179	4	
1180	4	
1181	6	
1182	4	
1183	7	
1184	4	
1185	4	
1186	3	
1187	4	
1188	6	
1189	4	
1190	6	
1191	1	
1192	7	
1193	5	
1194	2	
1195	8	
1196	10	
1197	9	
1198	9	
1199	2	
1200	5	
1201	1	
1202	5	
1203	6	
1204	6	
1205	10	
1206	7	
1207	6	
1208	5	
1209	10	
1210	4	
1211	7	
1212	5	
1213	6	
1214	10	
1215	1	
1216	7	
1217	5	
1218	2	
1219	9	
1220	4	
1221	3	
1222	4	
1223	3	
1224	3	
1225	8	
1226	6	
1227	9	
1228	9	
1229	5	
1230	6	
1231	2	
1232	2	
1233	6	
1234	9	
1235	8	
1236	10	
1237	4	
1238	3	
1239	10	
1240	1	
1241	8	
1242	3	
1243	6	
1244	8	
1245	2	
1246	8	
1247	10	
1248	10	
1249	10	
1250	5	
1251	1	
1252	8	
1253	10	
1254	7	
1255	10	
1256	9	
1257	4	
1258	9	
1259	10	
1260	9	
1261	5	
1262	10	
1263	2	
1264	5	
1265	10	
1266	3	
1267	1	
1268	10	
1269	1	
1270	5	
1271	8	
1272	1	
1273	4	
1274	1	
1275	3	
1276	1	
1277	3	
1278	5	
1279	4	
1280	1	
1281	10	
1282	10	
1283	7	
1284	6	
1285	8	
1286	7	
1287	9	
1288	4	
1289	1	
1290	10	
1291	9	
1292	6	
1293	5	
1294	2	
1295	5	
1296	2	
1297	8	
1298	10	
1299	3	
1300	7	
1301	4	
1302	10	
1303	1	
1304	8	
1305	6	
1306	3	
1307	6	
1308	7	
1309	6	
1310	6	
1311	7	
1312	1	
1313	7	
1314	10	
1315	2	
1316	5	
1317	5	
1318	4	
1319	1	
1320	8	
1321	10	
1322	5	
1323	2	
1324	10	
1325	6	
1326	2	
1327	9	
1328	8	
1329	5	
1330	9	
1331	1	
1332	4	
1333	9	
1334	1	
1335	8	
1336	10	
1337	4	
1338	4	
1339	3	
1340	6	
1341	9	
1342	6	
1343	8	
1344	9	
1345	1	
1346	6	
1347	8	
1348	1	
1349	2	
1350	8	
1351	2	
1352	8	
1353	5	
1354	1	
1355	7	
1356	1	
1357	3	
1358	7	
1359	7	
1360	5	
1361	7	
1362	8	
1363	4	
1364	6	
1365	4	
1366	4	
1367	4	
1368	7	
1369	6	
1370	1	
1371	2	
1372	8	
1373	5	
1374	9	
1375	9	
1376	5	
1377	5	
1378	8	
1379	8	
1380	9	
1381	4	
1382	5	
1383	5	
1384	2	
1385	5	
1386	5	
1387	7	
1388	2	
1389	2	
1390	8	
1391	2	
1392	7	
1393	2	
1394	5	
1395	5	
1396	10	
1397	9	
1398	8	
1399	9	
1400	1	
1401	2	
1402	8	
1403	6	
1404	7	
1405	9	
1406	10	
1407	1	
1408	10	
1409	6	
1410	7	
1411	3	
1412	3	
1413	9	
1414	2	
1415	5	
1416	7	
1417	6	
1418	3	
1419	7	
1420	9	
1421	4	
1422	3	
1423	8	
1424	4	
1425	5	
1426	3	
1427	8	
1428	6	
1429	1	
1430	10	
1431	2	
1432	4	
1433	3	
1434	7	
1435	5	
1436	3	
1437	3	
1438	6	
1439	10	
1440	1	
1441	1	
1442	8	
1443	10	
1444	3	
1445	6	
1446	9	
1447	10	
1448	3	
1449	2	
1450	10	
1451	9	
1452	1	
1453	8	
1454	5	
1455	4	
1456	2	
1457	4	
1458	8	
1459	6	
1460	5	
1461	7	
1462	4	
1463	2	
1464	2	
1465	5	
1466	1	
1467	9	
1468	9	
1469	5	
1470	3	
1471	8	
1472	9	
1473	9	
1474	10	
1475	6	
1476	4	
1477	10	
1478	1	
1479	5	
1480	8	
1481	6	
1482	9	
1483	6	
1484	7	
1485	7	
1486	5	
1487	7	
1488	1	
1489	5	
1490	2	
1491	2	
1492	10	
1493	1	
1494	9	
1495	2	
1496	8	
1497	10	
1498	2	
1499	9	
1500	3	
1501	1	
1502	7	
1503	10	
1504	1	
1505	6	
1506	10	
1507	3	
1508	5	
1509	10	
1510	3	
1511	8	
1512	6	
1513	1	
1514	3	
1515	3	
1516	3	
1517	3	
1518	2	
1519	6	
1520	8	
1521	4	
1522	8	
1523	2	
1524	3	
1525	2	
1526	8	
1527	9	
1528	10	
1529	7	
1530	2	
1531	7	
1532	7	
1533	9	
1534	2	
1535	5	
1536	1	
1537	5	
1538	2	
1539	6	
1540	1	
1541	7	
1542	5	
1543	5	
1544	3	
1545	2	
1546	2	
1547	3	
1548	2	
1549	9	
1550	5	
1551	4	
1552	4	
1553	5	
1554	7	
1555	2	
1556	3	
1557	1	
1558	7	
1559	3	
1560	7	
1561	7	
1562	1	
1563	7	
1564	6	
1565	3	
1566	9	
1567	2	
1568	10	
1569	7	
1570	9	
1571	4	
1572	3	
1573	5	
1574	4	
1575	6	
1576	4	
1577	2	
1578	3	
1579	6	
1580	9	
1581	4	
1582	4	
1583	1	
1584	7	
1585	7	
1586	9	
1587	6	
1588	7	
1589	3	
1590	5	
1591	5	
1592	8	
1593	5	
1594	5	
1595	1	
1596	5	
1597	10	
1598	5	
1599	8	
1600	9	
1601	9	
1602	2	
1603	5	
1604	1	
1605	3	
1606	1	
1607	4	
1608	7	
1609	5	
1610	7	
1611	1	
1612	2	
1613	7	
1614	2	
1615	2	
1616	8	
1617	10	
1618	9	
1619	4	
1620	2	
1621	4	
1622	6	
1623	2	
1624	1	
1625	4	
1626	3	
1627	5	
1628	5	
1629	2	
1630	2	
1631	1	
1632	5	
1633	4	
1634	3	
1635	2	
1636	8	
1637	10	
1638	10	
1639	10	
1640	2	
1641	8	
1642	2	
1643	1	
1644	10	
1645	5	
1646	2	
1647	6	
1648	8	
1649	6	
1650	8	
1651	10	
1652	3	
1653	5	
1654	6	
1655	10	
1656	9	
1657	7	
1658	3	
1659	6	
1660	3	
1661	8	
1662	9	
1663	6	
1664	4	
1665	8	
1666	5	
1667	10	
1668	7	
1669	10	
1670	10	
1671	3	
1672	4	
1673	8	
1674	2	
1675	9	
1676	4	
1677	2	
1678	4	
1679	7	
1680	4	
1681	10	
1682	3	
1683	9	
1684	10	
1685	1	
1686	9	
1687	4	
1688	1	
1689	6	
1690	1	
1691	2	
1692	2	
1693	5	
1694	1	
1695	4	
1696	9	
1697	8	
1698	9	
1699	8	
1700	5	
1701	2	
1702	8	
1703	2	
1704	9	
1705	8	
1706	2	
1707	7	
1708	9	
1709	9	
1710	3	
1711	4	
1712	6	
1713	8	
1714	6	
1715	7	
1716	6	
1717	1	
1718	5	
1719	7	
1720	3	
1721	2	
1722	8	
1723	7	
1724	10	
1725	3	
1726	7	
1727	6	
1728	7	
1729	7	
1730	2	
1731	5	
1732	7	
1733	1	
1734	3	
1735	10	
1736	7	
1737	8	
1738	2	
1739	6	
1740	10	
1741	3	
1742	10	
1743	4	
1744	1	
1745	2	
1746	10	
1747	7	
1748	8	
1749	5	
1750	6	
1751	3	
1752	6	
1753	6	
1754	6	
1755	6	
1756	6	
1757	5	
1758	1	
1759	6	
1760	2	
1761	5	
1762	7	
1763	5	
1764	3	
1765	2	
1766	4	
1767	5	
1768	8	
1769	7	
1770	8	
1771	9	
1772	3	
1773	8	
1774	6	
1775	4	
1776	4	
1777	10	
1778	6	
1779	7	
1780	2	
1781	2	
1782	1	
1783	7	
1784	2	
1785	10	
1786	5	
1787	9	
1788	7	
1789	2	
1790	4	
1791	1	
1792	8	
1793	1	
1794	10	
1795	8	
1796	6	
1797	6	
1798	1	
1799	5	
1800	2	
1801	10	
1802	3	
1803	10	
1804	1	
1805	9	
1806	6	
1807	5	
1808	8	
1809	8	
1810	6	
1811	8	
1812	7	
1813	3	
1814	5	
1815	9	
1816	9	
1817	1	
1818	7	
1819	2	
1820	9	
1821	4	
1822	3	
1823	4	
1824	7	
1825	8	
1826	8	
1827	2	
1828	7	
1829	3	
1830	3	
1831	1	
1832	4	
1833	1	
1834	6	
1835	5	
1836	1	
1837	3	
1838	2	
1839	5	
1840	4	
1841	9	
1842	3	
1843	8	
1844	4	
1845	2	
1846	10	
1847	9	
1848	1	
1849	2	
1850	10	
1851	7	
1852	1	
1853	8	
1854	1	
1855	7	
1856	7	
1857	6	
1858	4	
1859	6	
1860	8	
1861	8	
1862	5	
1863	7	
1864	10	
1865	6	
1866	10	
1867	1	
1868	4	
1869	5	
1870	9	
1871	5	
1872	10	
1873	1	
1874	3	
1875	1	
1876	8	
1877	7	
1878	1	
1879	9	
1880	5	
1881	10	
1882	7	
1883	8	
1884	2	
1885	3	
1886	4	
1887	10	
1888	10	
1889	6	
1890	4	
1891	10	
1892	8	
1893	6	
1894	5	
1895	7	
1896	6	
1897	1	
1898	4	
1899	10	
1900	4	
1901	10	
1902	6	
1903	2	
1904	3	
1905	9	
1906	4	
1907	7	
1908	2	
1909	10	
1910	1	
1911	5	
1912	2	
1913	9	
1914	2	
1915	6	
1916	7	
1917	6	
1918	5	
1919	9	
1920	7	
1921	10	
1922	3	
1923	3	
1924	6	
1925	7	
1926	2	
1927	7	
1928	7	
1929	2	
1930	2	
1931	8	
1932	4	
1933	2	
1934	1	
1935	4	
1936	4	
1937	2	
1938	6	
1939	1	
1940	6	
1941	8	
1942	3	
1943	9	
1944	3	
1945	10	
1946	7	
1947	3	
1948	6	
1949	2	
1950	3	
1951	1	
1952	2	
1953	4	
1954	8	
1955	1	
1956	2	
1957	4	
1958	1	
1959	5	
1960	1	
1961	9	
1962	1	
1963	2	
1964	9	
1965	10	
1966	5	
1967	4	
1968	1	
1969	4	
1970	10	
1971	8	
1972	9	
1973	4	
1974	5	
1975	10	
1976	1	
1977	10	
1978	5	
1979	4	
1980	4	
1981	5	
1982	10	
1983	9	
1984	9	
1985	10	
1986	6	
1987	5	
1988	5	
1989	6	
1990	5	
1991	2	
1992	2	
1993	5	
1994	2	
1995	7	
1996	1	
1997	9	
1998	1	
1999	9	
2000	5	
2001	8	
2002	7	
2003	1	
2004	4	
2005	2	
2006	10	
2007	5	
2008	5	
2009	2	
2010	10	
2011	7	
2012	10	
2013	4	
2014	8	
2015	7	
2016	3	
2017	4	
2018	5	
2019	3	
2020	10	
2021	4	
2022	9	
2023	4	
2024	6	
2025	10	
2026	10	
2027	10	
2028	6	
2029	3	
2030	6	
2031	8	
2032	9	
2033	9	
2034	8	
2035	5	
2036	3	
2037	5	
2038	9	
2039	4	
2040	5	
2041	9	
2042	10	
2043	9	
2044	1	
2045	6	
2046	5	
2047	4	
2048	8	
2049	6	
2050	4	
2051	5	
2052	6	
2053	1	
2054	7	
2055	10	
2056	1	
2057	9	
2058	2	
2059	10	
2060	8	
2061	3	
2062	9	
2063	2	
2064	9	
2065	7	
2066	2	
2067	2	
2068	9	
2069	10	
2070	3	
2071	6	
2072	10	
2073	5	
2074	8	
2075	3	
2076	10	
2077	7	
2078	3	
2079	9	
2080	2	
2081	7	
2082	6	
2083	5	
2084	10	
2085	7	
2086	6	
2087	8	
2088	3	
2089	3	
2090	8	
2091	9	
2092	5	
2093	4	
2094	8	
2095	7	
2096	6	
2097	3	
2098	4	
2099	1	
2100	3	
2101	6	
2102	7	
2103	2	
2104	5	
2105	3	
2106	3	
2107	2	
2108	1	
2109	8	
2110	6	
2111	7	
2112	3	
2113	6	
2114	5	
2115	5	
2116	6	
2117	3	
2118	7	
2119	9	
2120	9	
2121	6	
2122	9	
2123	2	
2124	1	
2125	8	
2126	8	
2127	2	
2128	2	
2129	8	
2130	6	
2131	7	
2132	10	
2133	3	
2134	9	
2135	7	
2136	4	
2137	8	
2138	9	
2139	1	
2140	9	
2141	8	
2142	9	
2143	4	
2144	5	
2145	3	
2146	9	
2147	10	
2148	9	
2149	6	
2150	9	
2151	5	
2152	4	
2153	7	
2154	4	
2155	4	
2156	5	
2157	2	
2158	6	
2159	4	
2160	3	
2161	5	
2162	6	
2163	4	
2164	5	
2165	4	
2166	4	
2167	9	
2168	10	
2169	8	
2170	9	
2171	4	
2172	7	
2173	10	
2174	8	
2175	3	
2176	7	
2177	1	
2178	1	
2179	8	
2180	2	
2181	10	
2182	8	
2183	6	
2184	2	
2185	3	
2186	1	
2187	10	
2188	9	
2189	8	
2190	6	
2191	1	
2192	9	
2193	1	
2194	9	
2195	7	
2196	8	
2197	4	
2198	9	
2199	3	
2200	6	
2201	2	
2202	10	
2203	8	
2204	3	
2205	1	
2206	6	
2207	5	
2208	7	
2209	5	
2210	3	
2211	3	
2212	8	
2213	8	
2214	7	
2215	8	
2216	2	
2217	10	
2218	9	
2219	7	
2220	2	
2221	8	
2222	5	
2223	10	
2224	4	
2225	2	
2226	9	
2227	10	
2228	10	
2229	2	
2230	6	
2231	6	
2232	8	
2233	3	
2234	9	
2235	2	
2236	8	
2237	7	
2238	8	
2239	6	
2240	4	
2241	6	
2242	3	
2243	10	
2244	6	
2245	3	
2246	7	
2247	4	
2248	7	
2249	7	
2250	3	
2251	3	
2252	10	
2253	6	
2254	2	
2255	10	
2256	10	
2257	1	
2258	7	
2259	1	
2260	2	
2261	4	
2262	4	
2263	3	
2264	7	
2265	2	
2266	8	
2267	3	
2268	3	
2269	9	
2270	10	
2271	9	
2272	5	
2273	8	
2274	2	
2275	8	
2276	6	
2277	6	
2278	6	
2279	3	
2280	4	
2281	1	
2282	3	
2283	5	
2284	2	
2285	2	
2286	6	
2287	6	
2288	2	
2289	7	
2290	1	
2291	4	
2292	8	
2293	1	
2294	10	
2295	7	
2296	2	
2297	2	
2298	10	
2299	9	
2300	1	
2301	4	
2302	9	
2303	10	
2304	4	
2305	2	
2306	4	
2307	4	
2308	3	
2309	8	
2310	8	
2311	2	
2312	4	
2313	3	
2314	8	
2315	4	
2316	6	
2317	7	
2318	2	
2319	1	
2320	9	
2321	4	
2322	1	
2323	8	
2324	5	
2325	8	
2326	7	
2327	6	
2328	10	
2329	1	
2330	6	
2331	7	
2332	7	
2333	5	
2334	10	
2335	7	
2336	4	
2337	5	
2338	1	
2339	3	
2340	8	
2341	3	
2342	3	
2343	4	
2344	3	
2345	10	
2346	4	
2347	10	
2348	6	
2349	5	
2350	2	
2351	3	
2352	3	
2353	3	
2354	8	
2355	4	
2356	6	
2357	5	
2358	2	
2359	9	
2360	6	
2361	10	
2362	10	
2363	10	
2364	1	
2365	9	
2366	5	
2367	8	
2368	8	
2369	4	
2370	3	
2371	2	
2372	1	
2373	2	
2374	1	
2375	5	
2376	4	
2377	6	
2378	3	
2379	8	
2380	8	
2381	10	
2382	1	
2383	5	
2384	7	
2385	7	
2386	5	
2387	3	
2388	10	
2389	6	
2390	9	
2391	5	
2392	2	
2393	8	
2394	9	
2395	4	
2396	8	
2397	10	
2398	3	
2399	1	
2400	8	
2401	10	
2402	2	
2403	9	
2404	3	
2405	2	
2406	4	
2407	2	
2408	6	
2409	2	
2410	7	
2411	3	
2412	5	
2413	3	
2414	8	
2415	2	
2416	4	
2417	1	
2418	9	
2419	8	
2420	2	
2421	1	
2422	6	
2423	2	
2424	3	
2425	3	
2426	8	
2427	4	
2428	3	
2429	2	
2430	10	
2431	8	
2432	3	
2433	5	
2434	7	
2435	5	
2436	3	
2437	7	
2438	1	
2439	6	
2440	1	
2441	5	
2442	8	
2443	3	
2444	6	
2445	3	
2446	9	
2447	8	
2448	3	
2449	8	
2450	5	
2451	4	
2452	4	
2453	5	
2454	6	
2455	7	
2456	2	
2457	2	
2458	4	
2459	9	
2460	4	
2461	8	
2462	6	
2463	3	
2464	10	
2465	8	
2466	8	
2467	7	
2468	3	
2469	4	
2470	2	
2471	7	
2472	6	
2473	8	
2474	6	
2475	3	
2476	2	
2477	5	
2478	9	
2479	2	
2480	8	
2481	8	
2482	1	
2483	5	
2484	1	
2485	9	
2486	9	
2487	1	
2488	4	
2489	4	
2490	10	
2491	4	
2492	2	
2493	2	
2494	9	
2495	2	
2496	10	
2497	6	
2498	5	
2499	3	
2500	2	
2501	6	
2502	7	
2503	8	
2504	2	
2505	10	
2506	10	
2507	2	
2508	10	
2509	2	
2510	5	
2511	7	
2512	10	
2513	4	
2514	10	
2515	3	
2516	4	
2517	5	
2518	6	
2519	7	
2520	10	
2521	2	
2522	4	
2523	6	
2524	2	
2525	2	
2526	9	
2527	8	
2528	2	
2529	7	
2530	3	
2531	2	
2532	6	
2533	10	
2534	5	
2535	8	
2536	10	
2537	9	
2538	1	
2539	9	
2540	8	
2541	4	
2542	10	
2543	10	
2544	2	
2545	3	
2546	5	
2547	3	
2548	7	
2549	10	
2550	7	
2551	3	
2552	8	
2553	1	
2554	5	
2555	3	
2556	2	
2557	4	
2558	2	
2559	1	
2560	8	
2561	6	
2562	1	
2563	1	
2564	1	
2565	1	
2566	6	
2567	8	
2568	5	
2569	1	
2570	9	
2571	5	
2572	5	
2573	10	
2574	3	
2575	6	
2576	9	
2577	9	
2578	1	
2579	3	
2580	9	
2581	3	
2582	6	
2583	2	
2584	8	
2585	1	
2586	4	
2587	10	
2588	7	
2589	4	
2590	10	
2591	2	
2592	3	
2593	6	
2594	6	
2595	7	
2596	7	
2597	3	
2598	4	
2599	5	
2600	1	
2601	3	
2602	7	
2603	10	
2604	4	
2605	1	
2606	2	
2607	7	
2608	10	
2609	9	
2610	6	
2611	8	
2612	9	
2613	5	
2614	4	
2615	5	
2616	5	
2617	7	
2618	5	
2619	6	
2620	9	
2621	3	
2622	1	
2623	10	
2624	4	
2625	5	
2626	9	
2627	4	
2628	8	
2629	7	
2630	4	
2631	3	
2632	7	
2633	5	
2634	6	
2635	9	
2636	9	
2637	8	
2638	2	
2639	8	
2640	1	
2641	8	
2642	7	
2643	10	
2644	2	
2645	6	
2646	1	
2647	4	
2648	9	
2649	10	
2650	9	
2651	9	
2652	8	
2653	5	
2654	6	
2655	3	
2656	7	
2657	6	
2658	3	
2659	5	
2660	2	
2661	6	
2662	5	
2663	7	
2664	10	
2665	2	
2666	9	
2667	9	
2668	9	
2669	2	
2670	4	
2671	2	
2672	7	
2673	5	
2674	7	
2675	3	
2676	9	
2677	9	
2678	3	
2679	1	
2680	4	
2681	2	
2682	3	
2683	2	
2684	2	
2685	3	
2686	9	
2687	6	
2688	1	
2689	9	
2690	6	
2691	5	
2692	9	
2693	4	
2694	1	
2695	2	
2696	2	
2697	6	
2698	10	
2699	1	
2700	9	
2701	9	
2702	6	
2703	1	
2704	3	
2705	7	
2706	4	
2707	2	
2708	10	
2709	9	
2710	6	
2711	9	
2712	9	
2713	8	
2714	6	
2715	6	
2716	1	
2717	6	
2718	3	
2719	8	
2720	1	
2721	6	
2722	7	
2723	1	
2724	3	
2725	10	
2726	1	
2727	8	
2728	10	
2729	9	
2730	10	
2731	10	
2732	8	
2733	6	
2734	5	
2735	4	
2736	7	
2737	2	
2738	10	
2739	2	
2740	4	
2741	7	
2742	8	
2743	2	
2744	5	
2745	5	
2746	1	
2747	6	
2748	8	
2749	4	
2750	5	
2751	1	
2752	6	
2753	9	
2754	7	
2755	8	
2756	1	
2757	9	
2758	4	
2759	2	
2760	3	
2761	6	
2762	10	
2763	8	
2764	7	
2765	4	
2766	6	
2767	10	
2768	6	
2769	7	
2770	9	
2771	4	
2772	4	
2773	2	
2774	5	
2775	4	
2776	10	
2777	4	
2778	2	
2779	5	
2780	5	
2781	2	
2782	1	
2783	10	
2784	5	
2785	10	
2786	2	
2787	6	
2788	7	
2789	8	
2790	3	
2791	2	
2792	6	
2793	8	
2794	7	
2795	6	
2796	2	
2797	7	
2798	4	
2799	4	
2800	9	
2801	1	
2802	3	
2803	9	
2804	6	
2805	2	
2806	4	
2807	4	
2808	1	
2809	6	
2810	6	
2811	5	
2812	6	
2813	9	
2814	8	
2815	4	
2816	4	
2817	3	
2818	9	
2819	4	
2820	10	
2821	2	
2822	2	
2823	4	
2824	3	
2825	4	
2826	4	
2827	3	
2828	4	
2829	8	
2830	2	
2831	3	
2832	6	
2833	8	
2834	6	
2835	9	
2836	7	
2837	7	
2838	2	
2839	9	
2840	3	
2841	1	
2842	8	
2843	9	
2844	2	
2845	9	
2846	5	
2847	10	
2848	4	
2849	4	
2850	3	
2851	3	
2852	3	
2853	3	
2854	10	
2855	4	
2856	5	
2857	5	
2858	3	
2859	1	
2860	2	
2861	6	
2862	8	
2863	7	
2864	2	
2865	7	
2866	1	
2867	3	
2868	4	
2869	8	
2870	7	
2871	10	
2872	7	
2873	4	
2874	8	
2875	2	
2876	4	
2877	7	
2878	4	
2879	1	
2880	8	
2881	5	
2882	5	
2883	3	
2884	10	
2885	4	
2886	8	
2887	3	
2888	3	
2889	3	
2890	4	
2891	7	
2892	5	
2893	8	
2894	5	
2895	1	
2896	5	
2897	10	
2898	2	
2899	2	
2900	4	
2901	9	
2902	8	
2903	6	
2904	5	
2905	10	
2906	7	
2907	6	
2908	5	
2909	10	
2910	4	
2911	5	
2912	6	
2913	9	
2914	7	
2915	1	
2916	2	
2917	8	
2918	10	
2919	2	
2920	6	
2921	7	
2922	4	
2923	4	
2924	10	
2925	3	
2926	6	
2927	10	
2928	5	
2929	9	
2930	2	
2931	2	
2932	2	
2933	5	
2934	6	
2935	4	
2936	2	
2937	9	
2938	2	
2939	6	
2940	10	
2941	1	
2942	9	
2943	3	
2944	9	
2945	4	
2946	8	
2947	6	
2948	8	
2949	9	
2950	3	
2951	2	
2952	9	
2953	4	
2954	9	
2955	2	
2956	7	
2957	5	
2958	7	
2959	10	
2960	2	
2961	8	
2962	4	
2963	2	
2964	10	
2965	8	
2966	4	
2967	2	
2968	1	
2969	8	
2970	8	
2971	1	
2972	4	
2973	7	
2974	3	
2975	4	
2976	6	
2977	7	
2978	3	
2979	5	
2980	4	
2981	2	
2982	8	
2983	10	
2984	4	
2985	2	
2986	10	
2987	2	
2988	6	
2989	9	
2990	3	
2991	10	
2992	6	
2993	10	
2994	8	
2995	4	
2996	1	
2997	8	
2998	4	
2999	10	
3000	8	
3001	4	
3002	10	
3003	8	
3004	9	
3005	8	
3006	2	
3007	3	
3008	10	
3009	3	
3010	9	
3011	5	
3012	5	
3013	2	
3014	10	
3015	1	
3016	8	
3017	10	
3018	9	
3019	10	
3020	8	
3021	10	
3022	7	
3023	5	
3024	5	
3025	2	
3026	7	
3027	4	
3028	10	
3029	4	
3030	3	
3031	4	
3032	2	
3033	4	
3034	2	
3035	2	
3036	3	
3037	7	
3038	6	
3039	9	
3040	10	
3041	10	
3042	3	
3043	4	
3044	7	
3045	6	
3046	6	
3047	7	
3048	10	
3049	10	
3050	4	
3051	6	
3052	1	
3053	6	
3054	8	
3055	2	
3056	6	
3057	7	
3058	10	
3059	10	
3060	5	
3061	9	
3062	4	
3063	9	
3064	7	
3065	4	
3066	9	
3067	9	
3068	2	
3069	1	
3070	3	
3071	8	
3072	6	
3073	1	
3074	7	
3075	3	
3076	6	
3077	5	
3078	8	
3079	8	
3080	2	
3081	4	
3082	6	
3083	8	
3084	3	
3085	8	
3086	5	
3087	4	
3088	10	
3089	2	
3090	7	
3091	3	
3092	7	
3093	8	
3094	10	
3095	5	
3096	3	
3097	5	
3098	6	
3099	4	
3100	7	
3101	2	
3102	5	
3103	3	
3104	9	
3105	5	
3106	2	
3107	3	
3108	6	
3109	7	
3110	1	
3111	9	
3112	3	
3113	10	
3114	8	
3115	10	
3116	1	
3117	7	
3118	2	
3119	9	
3120	1	
3121	3	
3122	3	
3123	2	
3124	9	
3125	8	
3126	6	
3127	3	
3128	10	
3129	8	
3130	5	
3131	10	
3132	6	
3133	9	
3134	2	
3135	7	
3136	2	
3137	3	
3138	3	
3139	2	
3140	1	
3141	5	
3142	4	
3143	8	
3144	6	
3145	4	
3146	3	
3147	10	
3148	6	
3149	9	
3150	8	
3151	4	
3152	8	
3153	9	
3154	5	
3155	2	
3156	6	
3157	9	
3158	10	
3159	2	
3160	6	
3161	5	
3162	1	
3163	5	
3164	10	
3165	4	
3166	1	
3167	6	
3168	4	
3169	8	
3170	4	
3171	9	
3172	7	
3173	8	
3174	4	
3175	9	
3176	6	
3177	10	
3178	6	
3179	7	
3180	6	
3181	9	
3182	4	
3183	4	
3184	6	
3185	7	
3186	6	
3187	4	
3188	9	
3189	6	
3190	1	
3191	10	
3192	7	
3193	6	
3194	7	
3195	6	
3196	6	
3197	3	
3198	4	
3199	3	
3200	1	
3201	8	
3202	4	
3203	3	
3204	2	
3205	6	
3206	1	
3207	6	
3208	2	
3209	4	
3210	7	
3211	4	
3212	6	
3213	7	
3214	8	
3215	9	
3216	6	
3217	9	
3218	9	
3219	1	
3220	2	
3221	4	
3222	4	
3223	2	
3224	1	
3225	4	
3226	8	
3227	4	
3228	10	
3229	2	
3230	2	
3231	7	
3232	10	
3233	9	
3234	10	
3235	9	
3236	2	
3237	4	
3238	6	
3239	1	
3240	4	
3241	10	
3242	3	
3243	5	
3244	3	
3245	1	
3246	5	
3247	2	
3248	10	
3249	7	
3250	10	
3251	9	
3252	8	
3253	8	
3254	5	
3255	5	
3256	6	
3257	7	
3258	3	
3259	4	
3260	5	
3261	4	
3262	2	
3263	4	
3264	6	
3265	2	
3266	9	
3267	5	
3268	8	
3269	3	
3270	6	
3271	7	
3272	3	
3273	7	
3274	3	
3275	3	
3276	10	
3277	7	
3278	6	
3279	4	
3280	1	
3281	9	
3282	8	
3283	6	
3284	2	
3285	1	
3286	9	
3287	6	
3288	9	
3289	3	
3290	2	
3291	5	
3292	8	
3293	10	
3294	4	
3295	3	
3296	3	
3297	3	
3298	2	
3299	4	
3300	2	
3301	8	
3302	1	
3303	6	
3304	6	
3305	1	
3306	10	
3307	3	
3308	7	
3309	3	
3310	2	
3311	2	
3312	6	
3313	9	
3314	10	
3315	9	
3316	8	
3317	5	
3318	9	
3319	2	
3320	10	
3321	1	
3322	2	
3323	5	
3324	4	
3325	9	
3326	7	
3327	5	
3328	3	
3329	7	
3330	1	
3331	3	
3332	9	
3333	2	
3334	8	
3335	9	
3336	1	
3337	9	
3338	1	
3339	4	
3340	3	
3341	4	
3342	6	
3343	1	
3344	10	
3345	9	
3346	1	
3347	10	
3348	1	
3349	8	
3350	2	
3351	5	
3352	4	
3353	9	
3354	8	
3355	9	
3356	2	
3357	2	
3358	10	
3359	7	
3360	2	
3361	6	
3362	9	
3363	8	
3364	8	
3365	5	
3366	4	
3367	2	
3368	7	
3369	4	
3370	6	
3371	4	
3372	7	
3373	6	
3374	4	
3375	5	
3376	10	
3377	8	
3378	3	
3379	4	
3380	2	
3381	3	
3382	6	
3383	7	
3384	2	
3385	3	
3386	1	
3387	4	
3388	4	
3389	6	
3390	9	
3391	2	
3392	6	
3393	6	
3394	5	
3395	5	
3396	9	
3397	10	
3398	6	
3399	2	
3400	3	
3401	2	
3402	4	
3403	6	
3404	1	
3405	9	
3406	3	
3407	10	
3408	2	
3409	10	
3410	9	
3411	9	
3412	10	
3413	2	
3414	8	
3415	4	
3416	6	
3417	7	
3418	9	
3419	8	
3420	5	
3421	5	
3422	3	
3423	8	
3424	9	
3425	4	
3426	1	
3427	5	
3428	3	
3429	6	
3430	3	
3431	3	
3432	4	
3433	6	
3434	4	
3435	3	
3436	4	
3437	2	
3438	2	
3439	10	
3440	9	
3441	9	
3442	2	
3443	9	
3444	8	
3445	2	
3446	7	
3447	7	
3448	7	
3449	9	
3450	5	
3451	10	
3452	2	
3453	9	
3454	4	
3455	4	
3456	8	
3457	1	
3458	2	
3459	2	
3460	5	
3461	9	
3462	10	
3463	9	
3464	7	
3465	5	
3466	8	
3467	8	
3468	9	
3469	4	
3470	1	
3471	2	
3472	8	
3473	8	
3474	10	
3475	1	
3476	10	
3477	5	
3478	1	
3479	2	
3480	10	
3481	8	
3482	2	
3483	5	
3484	3	
3485	1	
3486	10	
3487	5	
3488	3	
3489	8	
3490	3	
3491	4	
3492	6	
3493	8	
3494	9	
3495	10	
3496	6	
3497	7	
3498	3	
3499	7	
3500	3	
3501	4	
3502	9	
3503	6	
3504	1	
3505	1	
3506	5	
3507	2	
3508	9	
3509	5	
3510	8	
3511	10	
3512	3	
3513	10	
3514	2	
3515	10	
3516	5	
3517	1	
3518	7	
3519	6	
3520	2	
3521	4	
3522	9	
3523	2	
3524	2	
3525	6	
3526	2	
3527	3	
3528	6	
3529	9	
3530	10	
3531	3	
3532	1	
3533	9	
3534	5	
3535	3	
3536	1	
3537	10	
3538	7	
3539	1	
3540	4	
3541	3	
3542	7	
3543	9	
3544	3	
3545	3	
3546	6	
3547	10	
3548	7	
3549	3	
3550	5	
3551	8	
3552	4	
3553	9	
3554	5	
3555	4	
3556	4	
3557	4	
3558	2	
3559	9	
3560	8	
3561	2	
3562	5	
3563	5	
3564	9	
3565	6	
3566	6	
3567	6	
3568	3	
3569	9	
3570	6	
3571	7	
3572	3	
3573	4	
3574	6	
3575	10	
3576	9	
3577	2	
3578	7	
3579	1	
3580	6	
3581	10	
3582	4	
3583	1	
3584	1	
3585	2	
3586	3	
3587	2	
3588	1	
3589	1	
3590	3	
3591	1	
3592	2	
3593	5	
3594	3	
3595	1	
3596	8	
3597	5	
3598	1	
3599	3	
3600	3	
3601	4	
3602	6	
3603	2	
3604	5	
3605	5	
3606	1	
3607	9	
3608	8	
3609	9	
3610	8	
3611	2	
3612	3	
3613	7	
3614	10	
3615	9	
3616	3	
3617	6	
3618	4	
3619	6	
3620	7	
3621	3	
3622	3	
3623	10	
3624	7	
3625	3	
3626	8	
3627	3	
3628	1	
3629	6	
3630	6	
3631	7	
3632	6	
3633	6	
3634	6	
3635	3	
3636	1	
3637	9	
3638	9	
3639	6	
3640	9	
3641	2	
3642	10	
3643	8	
3644	8	
3645	4	
3646	7	
3647	5	
3648	6	
3649	4	
3650	3	
3651	6	
3652	8	
3653	3	
3654	2	
3655	2	
3656	2	
3657	8	
3658	2	
3659	2	
3660	1	
3661	5	
3662	10	
3663	1	
3664	10	
3665	1	
3666	10	
3667	1	
3668	6	
3669	2	
3670	1	
3671	1	
3672	10	
3673	3	
3674	7	
3675	5	
3676	5	
3677	4	
3678	6	
3679	5	
3680	6	
3681	7	
3682	10	
3683	7	
3684	10	
3685	8	
3686	10	
3687	2	
3688	2	
3689	5	
3690	7	
3691	10	
3692	6	
3693	7	
3694	8	
3695	8	
3696	7	
3697	8	
3698	5	
3699	8	
3700	3	
3701	3	
3702	2	
3703	2	
3704	8	
3705	10	
3706	6	
3707	4	
3708	8	
3709	4	
3710	1	
3711	6	
3712	4	
3713	3	
3714	6	
3715	1	
3716	10	
3717	6	
3718	10	
3719	5	
3720	10	
3721	3	
3722	9	
3723	9	
3724	3	
3725	10	
3726	4	
3727	1	
3728	5	
3729	5	
3730	8	
3731	3	
3732	4	
3733	1	
3734	9	
3735	3	
3736	8	
3737	1	
3738	4	
3739	8	
3740	8	
3741	3	
3742	7	
3743	8	
3744	2	
3745	7	
3746	8	
3747	8	
3748	7	
3749	6	
3750	4	
3751	3	
3752	6	
3753	9	
3754	10	
3755	6	
3756	7	
3757	3	
3758	9	
3759	4	
3760	6	
3761	9	
3762	5	
3763	10	
3764	2	
3765	1	
3766	1	
3767	7	
3768	5	
3769	1	
3770	9	
3771	6	
3772	1	
3773	9	
3774	7	
3775	3	
3776	7	
3777	6	
3778	1	
3779	9	
3780	3	
3781	7	
3782	9	
3783	9	
3784	1	
3785	4	
3786	9	
3787	10	
3788	4	
3789	3	
3790	2	
3791	6	
3792	6	
3793	2	
3794	1	
3795	5	
3796	10	
3797	10	
3798	10	
3799	9	
3800	8	
3801	3	
3802	7	
3803	3	
3804	2	
3805	5	
3806	5	
3807	2	
3808	10	
3809	2	
3810	9	
3811	5	
3812	7	
3813	8	
3814	10	
3815	8	
3816	10	
3817	2	
3818	7	
3819	10	
3820	8	
3821	10	
3822	8	
3823	1	
3824	4	
3825	8	
3826	5	
3827	2	
3828	8	
3829	6	
3830	10	
3831	7	
3832	7	
3833	5	
3834	4	
3835	7	
3836	7	
3837	6	
3838	2	
3839	10	
3840	3	
3841	4	
3842	1	
3843	1	
3844	4	
3845	8	
3846	1	
3847	7	
3848	3	
3849	9	
3850	4	
3851	3	
3852	3	
3853	1	
3854	4	
3855	10	
3856	9	
3857	5	
3858	9	
3859	8	
3860	7	
3861	1	
3862	5	
3863	6	
3864	8	
3865	8	
3866	10	
3867	7	
3868	3	
3869	4	
3870	1	
3871	4	
3872	9	
3873	7	
3874	4	
3875	6	
3876	1	
3877	9	
3878	5	
3879	1	
3880	5	
3881	2	
3882	1	
3883	9	
3884	5	
3885	5	
3886	2	
3887	7	
3888	1	
3889	2	
3890	4	
3891	8	
3892	6	
3893	2	
3894	6	
3895	5	
3896	8	
3897	7	
3898	7	
3899	6	
3900	4	
3901	10	
3902	6	
3903	9	
3904	3	
3905	6	
3906	4	
3907	9	
3908	10	
3909	10	
3910	9	
3911	2	
3912	3	
3913	9	
3914	5	
3915	5	
3916	4	
3917	1	
3918	8	
3919	10	
3920	7	
3921	6	
3922	1	
3923	5	
3924	10	
3925	1	
3926	7	
3927	9	
3928	1	
3929	3	
3930	8	
3931	9	
3932	10	
3933	1	
3934	8	
3935	1	
3936	7	
3937	1	
3938	5	
3939	10	
3940	8	
3941	6	
3942	9	
3943	5	
3944	10	
3945	2	
3946	7	
3947	6	
3948	9	
3949	2	
3950	6	
3951	5	
3952	8	
3953	6	
3954	7	
3955	6	
3956	4	
3957	7	
3958	7	
3959	4	
3960	10	
3961	1	
3962	5	
3963	2	
3964	5	
3965	4	
3966	6	
3967	3	
3968	6	
3969	9	
3970	6	
3971	7	
3972	4	
3973	9	
3974	4	
3975	9	
3976	9	
3977	10	
3978	5	
3979	5	
3980	8	
3981	10	
3982	7	
3983	8	
3984	9	
3985	1	
3986	9	
3987	6	
3988	6	
3989	2	
3990	3	
3991	3	
3992	9	
3993	9	
3994	8	
3995	10	
3996	7	
3997	8	
3998	9	
3999	6	
4000	9	
4001	9	
4002	7	
4003	2	
4004	5	
4005	8	
4006	5	
4007	10	
4008	4	
4009	8	
4010	2	
4011	3	
4012	4	
4013	6	
4014	5	
4015	2	
4016	2	
4017	9	
4018	9	
4019	9	
4020	5	
4021	6	
4022	9	
4023	9	
4024	6	
4025	2	
4026	2	
4027	10	
4028	5	
4029	9	
4030	4	
4031	7	
4032	3	
4033	5	
4034	10	
4035	4	
4036	10	
4037	6	
4038	3	
4039	1	
4040	4	
4041	2	
4042	1	
4043	10	
4044	8	
4045	3	
4046	5	
4047	9	
4048	4	
4049	7	
4050	2	
4051	7	
4052	10	
4053	8	
4054	8	
4055	1	
4056	8	
4057	7	
4058	5	
4059	10	
4060	7	
4061	6	
4062	1	
4063	2	
4064	3	
4065	3	
4066	8	
4067	9	
4068	9	
4069	8	
4070	9	
4071	4	
4072	8	
4073	7	
4074	3	
4075	3	
4076	2	
4077	3	
4078	6	
4079	1	
4080	6	
4081	6	
4082	3	
4083	7	
4084	4	
4085	1	
4086	3	
4087	10	
4088	8	
4089	2	
4090	5	
4091	9	
4092	7	
4093	10	
4094	1	
4095	8	
4096	5	
4097	8	
4098	3	
4099	2	
4100	10	
4101	1	
4102	5	
4103	3	
4104	2	
4105	6	
4106	3	
4107	9	
4108	3	
4109	5	
4110	6	
4111	5	
4112	5	
4113	8	
4114	7	
4115	1	
4116	5	
4117	8	
4118	5	
4119	4	
4120	5	
4121	10	
4122	10	
4123	4	
4124	10	
4125	4	
4126	1	
4127	8	
4128	6	
4129	10	
4130	3	
4131	4	
4132	10	
4133	5	
4134	4	
4135	8	
4136	9	
4137	10	
4138	7	
4139	2	
4140	4	
4141	10	
4142	4	
4143	5	
4144	8	
4145	4	
4146	10	
4147	3	
4148	2	
4149	2	
4150	9	
4151	10	
4152	2	
4153	4	
4154	4	
4155	2	
4156	7	
4157	8	
4158	2	
4159	2	
4160	1	
4161	7	
4162	10	
4163	9	
4164	5	
4165	5	
4166	9	
4167	8	
4168	8	
4169	1	
4170	5	
4171	9	
4172	3	
4173	9	
4174	1	
4175	7	
4176	7	
4177	7	
4178	3	
4179	8	
4180	6	
4181	7	
4182	9	
4183	5	
4184	5	
4185	1	
4186	10	
4187	10	
4188	7	
4189	9	
4190	3	
4191	2	
4192	2	
4193	6	
4194	6	
4195	6	
4196	8	
4197	2	
4198	6	
4199	2	
4200	2	
4201	6	
4202	10	
4203	5	
4204	7	
4205	6	
4206	8	
4207	5	
4208	1	
4209	10	
4210	1	
4211	5	
4212	5	
4213	10	
4214	8	
4215	3	
4216	9	
4217	7	
4218	8	
4219	8	
4220	9	
4221	10	
4222	4	
4223	6	
4224	8	
4225	10	
4226	10	
4227	6	
4228	1	
4229	8	
4230	10	
4231	3	
4232	1	
4233	6	
4234	8	
4235	4	
4236	1	
4237	8	
4238	2	
4239	9	
4240	3	
4241	6	
4242	2	
4243	2	
4244	8	
4245	2	
4246	9	
4247	3	
4248	5	
4249	5	
4250	8	
4251	7	
4252	8	
4253	7	
4254	2	
4255	1	
4256	4	
4257	8	
4258	4	
4259	6	
4260	4	
4261	6	
4262	6	
4263	8	
4264	2	
4265	7	
4266	4	
4267	5	
4268	6	
4269	6	
4270	9	
4271	10	
4272	7	
4273	3	
4274	6	
4275	8	
4276	10	
4277	8	
4278	10	
4279	8	
4280	4	
4281	10	
4282	3	
4283	2	
4284	4	
4285	5	
4286	2	
4287	4	
4288	1	
4289	9	
4290	2	
4291	7	
4292	4	
4293	1	
4294	5	
4295	10	
4296	4	
4297	6	
4298	8	
4299	7	
4300	9	
4301	2	
4302	10	
4303	2	
4304	4	
4305	6	
4306	5	
4307	4	
4308	10	
4309	5	
4310	4	
4311	10	
4312	2	
4313	3	
4314	5	
4315	1	
4316	5	
4317	7	
4318	10	
4319	1	
4320	4	
4321	7	
4322	3	
4323	9	
4324	8	
4325	4	
4326	8	
4327	3	
4328	4	
4329	3	
4330	2	
4331	1	
4332	6	
4333	2	
4334	8	
4335	1	
4336	1	
4337	8	
4338	6	
4339	1	
4340	3	
4341	7	
4342	8	
4343	6	
4344	8	
4345	5	
4346	2	
4347	1	
4348	1	
4349	4	
4350	9	
4351	7	
4352	3	
4353	9	
4354	4	
4355	9	
4356	5	
4357	6	
4358	1	
4359	7	
4360	1	
4361	2	
4362	5	
4363	4	
4364	6	
4365	3	
4366	7	
4367	6	
4368	8	
4369	3	
4370	4	
4371	7	
4372	7	
4373	2	
4374	8	
4375	8	
4376	5	
4377	6	
4378	10	
4379	7	
4380	9	
4381	9	
4382	2	
4383	1	
4384	9	
4385	6	
4386	4	
4387	4	
4388	2	
4389	1	
4390	5	
4391	9	
4392	1	
4393	9	
4394	6	
4395	5	
4396	8	
4397	1	
4398	4	
4399	5	
4400	6	
4401	4	
4402	7	
4403	7	
4404	7	
4405	1	
4406	5	
4407	4	
4408	3	
4409	9	
4410	9	
4411	10	
4412	7	
4413	1	
4414	9	
4415	8	
4416	9	
4417	5	
4418	2	
4419	8	
4420	5	
4421	6	
4422	7	
4423	3	
4424	5	
4425	9	
4426	6	
4427	4	
4428	4	
4429	8	
4430	8	
4431	6	
4432	7	
4433	10	
4434	6	
4435	2	
4436	10	
4437	6	
4438	5	
4439	8	
4440	8	
4441	9	
4442	10	
4443	1	
4444	2	
4445	8	
4446	9	
4447	10	
4448	7	
4449	1	
4450	7	
4451	10	
4452	3	
4453	6	
4454	10	
4455	3	
4456	9	
4457	1	
4458	6	
4459	9	
4460	5	
4461	9	
4462	8	
4463	1	
4464	5	
4465	4	
4466	8	
4467	2	
4468	8	
4469	4	
4470	4	
4471	8	
4472	4	
4473	4	
4474	1	
4475	4	
4476	1	
4477	10	
4478	5	
4479	6	
4480	8	
4481	2	
4482	7	
4483	3	
4484	3	
4485	1	
4486	8	
4487	3	
4488	8	
4489	10	
4490	10	
4491	2	
4492	1	
4493	5	
4494	9	
4495	6	
4496	2	
4497	7	
4498	4	
4499	10	
4500	2	
4501	9	
4502	8	
4503	6	
4504	4	
4505	5	
4506	9	
4507	8	
4508	10	
4509	4	
4510	2	
4511	3	
4512	3	
4513	5	
4514	9	
4515	6	
4516	8	
4517	8	
4518	8	
4519	5	
4520	6	
4521	9	
4522	7	
4523	2	
4524	4	
4525	1	
4526	5	
4527	8	
4528	4	
4529	5	
4530	10	
4531	9	
4532	7	
4533	5	
4534	3	
4535	5	
4536	9	
4537	5	
4538	6	
4539	10	
4540	8	
4541	6	
4542	3	
4543	8	
4544	5	
4545	7	
4546	6	
4547	4	
4548	9	
4549	8	
4550	7	
4551	10	
4552	7	
4553	7	
4554	8	
4555	3	
4556	2	
4557	2	
4558	3	
4559	7	
4560	5	
4561	7	
4562	3	
4563	4	
4564	2	
4565	1	
4566	7	
4567	8	
4568	5	
4569	1	
4570	3	
4571	6	
4572	8	
4573	6	
4574	8	
4575	1	
4576	9	
4577	8	
4578	8	
4579	9	
4580	8	
4581	10	
4582	9	
4583	4	
4584	5	
4585	2	
4586	4	
4587	4	
4588	4	
4589	7	
4590	6	
4591	7	
4592	6	
4593	10	
4594	6	
4595	8	
4596	8	
4597	6	
4598	5	
4599	1	
4600	5	
4601	2	
4602	4	
4603	8	
4604	3	
4605	9	
4606	4	
4607	7	
4608	9	
4609	9	
4610	2	
4611	4	
4612	9	
4613	7	
4614	2	
4615	4	
4616	6	
4617	1	
4618	6	
4619	10	
4620	1	
4621	6	
4622	10	
4623	7	
4624	6	
4625	4	
4626	3	
4627	3	
4628	9	
4629	1	
4630	2	
4631	1	
4632	2	
4633	8	
4634	7	
4635	4	
4636	4	
4637	8	
4638	4	
4639	7	
4640	10	
4641	1	
4642	3	
4643	2	
4644	7	
4645	7	
4646	6	
4647	8	
4648	1	
4649	1	
4650	6	
4651	5	
4652	8	
4653	6	
4654	8	
4655	5	
4656	3	
4657	2	
4658	5	
4659	6	
4660	2	
4661	7	
4662	4	
4663	5	
4664	9	
4665	4	
4666	6	
4667	6	
4668	7	
4669	3	
4670	7	
4671	7	
4672	3	
4673	8	
4674	4	
4675	3	
4676	10	
4677	1	
4678	7	
4679	5	
4680	2	
4681	2	
4682	3	
4683	8	
4684	6	
4685	4	
4686	1	
4687	7	
4688	10	
4689	7	
4690	3	
4691	8	
4692	2	
4693	2	
4694	2	
4695	2	
4696	10	
4697	1	
4698	6	
4699	4	
4700	7	
4701	9	
4702	10	
4703	3	
4704	3	
4705	5	
4706	1	
4707	4	
4708	3	
4709	6	
4710	1	
4711	5	
4712	7	
4713	3	
4714	10	
4715	10	
4716	6	
4717	8	
4718	10	
4719	9	
4720	10	
4721	4	
4722	10	
4723	10	
4724	5	
4725	9	
4726	9	
4727	6	
4728	6	
4729	3	
4730	6	
4731	7	
4732	9	
4733	9	
4734	5	
4735	1	
4736	8	
4737	2	
4738	3	
4739	6	
4740	6	
4741	4	
4742	5	
4743	10	
4744	9	
4745	7	
4746	3	
4747	5	
4748	6	
4749	5	
4750	10	
4751	3	
4752	6	
4753	8	
4754	1	
4755	9	
4756	2	
4757	5	
4758	4	
4759	10	
4760	10	
4761	5	
4762	9	
4763	7	
4764	9	
4765	6	
4766	1	
4767	3	
4768	5	
4769	1	
4770	1	
4771	4	
4772	3	
4773	4	
4774	7	
4775	4	
4776	4	
4777	2	
4778	3	
4779	6	
4780	6	
4781	8	
4782	9	
4783	4	
4784	2	
4785	5	
4786	2	
4787	5	
4788	10	
4789	1	
4790	7	
4791	9	
4792	4	
4793	6	
4794	4	
4795	6	
4796	10	
4797	10	
4798	9	
4799	1	
4800	9	
4801	2	
4802	4	
4803	10	
4804	1	
4805	3	
4806	8	
4807	2	
4808	10	
4809	7	
4810	7	
4811	1	
4812	9	
4813	10	
4814	8	
4815	2	
4816	7	
4817	8	
4818	8	
4819	6	
4820	6	
4821	8	
4822	7	
4823	2	
4824	9	
4825	1	
4826	9	
4827	9	
4828	7	
4829	8	
4830	5	
4831	4	
4832	2	
4833	3	
4834	3	
4835	1	
4836	9	
4837	10	
4838	7	
4839	1	
4840	9	
4841	3	
4842	9	
4843	8	
4844	5	
4845	9	
4846	7	
4847	7	
4848	6	
4849	2	
4850	4	
4851	5	
4852	1	
4853	10	
4854	5	
4855	2	
4856	5	
4857	3	
4858	5	
4859	2	
4860	7	
4861	3	
4862	10	
4863	10	
4864	8	
4865	6	
4866	6	
4867	6	
4868	6	
4869	10	
4870	10	
4871	4	
4872	3	
4873	7	
4874	6	
4875	9	
4876	10	
4877	2	
4878	3	
4879	8	
4880	8	
4881	2	
4882	5	
4883	4	
4884	1	
4885	5	
4886	2	
4887	5	
4888	6	
4889	8	
4890	9	
4891	9	
4892	10	
4893	5	
4894	7	
4895	10	
4896	9	
4897	6	
4898	10	
4899	5	
4900	9	
4901	1	
4902	10	
4903	2	
4904	5	
4905	6	
4906	2	
4907	8	
4908	5	
4909	10	
4910	10	
4911	9	
4912	4	
4913	10	
4914	2	
4915	5	
4916	9	
4917	4	
4918	1	
4919	6	
4920	4	
4921	5	
4922	1	
4923	10	
4924	5	
4925	9	
4926	6	
4927	3	
4928	7	
4929	4	
4930	4	
4931	6	
4932	2	
4933	8	
4934	6	
4935	1	
4936	3	
4937	2	
4938	7	
4939	7	
4940	7	
4941	4	
4942	4	
4943	6	
4944	10	
4945	9	
4946	7	
4947	3	
4948	2	
4949	9	
4950	8	
4951	4	
4952	2	
4953	3	
4954	6	
4955	1	
4956	7	
4957	8	
4958	8	
4959	1	
4960	8	
4961	10	
4962	2	
4963	10	
4964	10	
4965	2	
4966	6	
4967	4	
4968	3	
4969	6	
4970	5	
4971	9	
4972	6	
4973	9	
4974	7	
4975	9	
4976	1	
4977	6	
4978	2	
4979	3	
4980	8	
4981	7	
4982	6	
4983	9	
4984	3	
4985	6	
4986	5	
4987	1	
4988	2	
4989	7	
4990	2	
4991	9	
4992	5	
4993	1	
4994	7	
4995	3	
4996	8	
4997	1	
4998	1	
4999	4	
5000	10	
1106
