5000
1	2	
2	4	
3	6	
4	1	
5	4	
6	6	
7	1	
8	4	
9	1	
10	4	
11	6	
12	9	
13	6	
14	8	
15	7	
16	1	
17	5	
18	2	
19	5	
20	8	
21	9	
22	10	
23	4	
24	1	
25	5	
26	4	
27	2	
28	2	
29	8	
30	5	
31	10	
32	8	
33	2	
34	3	
35	10	
36	1	
37	2	
38	1	
39	6	
40	7	
41	1	
42	2	
43	10	
44	6	
45	3	
46	7	
47	6	
48	2	
49	7	
50	2	
51	7	
52	2	
53	3	
54	8	
55	7	
56	4	
57	9	
58	1	
59	10	
60	2	
61	7	
62	1	
63	10	
64	9	
65	8	
66	10	
67	7	
68	1	
69	2	
70	6	
71	4	
72	8	
73	4	
74	5	
75	4	
76	7	
77	5	
78	3	
79	5	
80	5	
81	10	
82	4	
83	5	
84	8	
85	8	
86	8	
87	8	
88	10	
89	4	
90	7	
91	7	
92	7	
93	9	
94	4	
95	2	
96	1	
97	7	
98	3	
99	10	
100	8	
101	9	
102	8	
103	8	
104	6	
105	1	
106	6	
107	9	
108	7	
109	9	
110	3	
111	3	
112	7	
113	3	
114	1	
115	1	
116	5	
117	9	
118	3	
119	7	
120	5	
121	8	
122	7	
123	2	
124	7	
125	3	
126	9	
127	4	
128	2	
129	5	
130	5	
131	4	
132	5	
133	9	
134	4	
135	9	
136	10	
137	5	
138	3	
139	6	
140	8	
141	9	
142	3	
143	3	
144	9	
145	3	
146	6	
147	2	
148	5	
149	5	
150	8	
151	1	
152	5	
153	6	
154	4	
155	4	
156	10	
157	6	
158	3	
159	8	
160	1	
161	3	
162	7	
163	6	
164	2	
165	5	
166	2	
167	7	
168	10	
169	2	
170	9	
171	5	
172	4	
173	3	
174	4	
175	3	
176	1	
177	10	
178	9	
179	10	
180	4	
181	7	
182	9	
183	6	
184	8	
185	7	
186	3	
187	4	
188	3	
189	6	
190	1	
191	6	
192	9	
193	2	
194	8	
195	5	
196	6	
197	10	
198	10	
199	5	
200	3	
201	1	
202	9	
203	7	
204	9	
205	9	
206	1	
207	10	
208	6	
209	7	
210	9	
211	2	
212	6	
213	3	
214	3	
215	2	
216	9	
217	4	
218	6	
219	3	
220	4	
221	4	
222	9	
223	7	
224	10	
225	2	
226	8	
227	9	
228	1	
229	3	
230	5	
231	9	
232	6	
233	9	
234	10	
235	1	
236	10	
237	9	
238	7	
239	7	
240	7	
241	7	
242	1	
243	7	
244	5	
245	2	
246	7	
247	2	
248	6	
249	2	
250	10	
251	1	
252	3	
253	1	
254	2	
255	3	
256	7	
257	6	
258	8	
259	3	
260	3	
261	1	
262	5	
263	9	
264	5	
265	5	
266	6	
267	4	
268	10	
269	1	
270	1	
271	10	
272	3	
273	4	
274	7	
275	7	
276	10	
277	1	
278	2	
279	9	
280	8	
281	7	
282	10	
283	1	
284	7	
285	10	
286	7	
287	7	
288	3	
289	1	
290	5	
291	4	
292	8	
293	2	
294	2	
295	9	
296	5	
297	2	
298	8	
299	2	
300	10	
301	4	
302	7	
303	2	
304	1	
305	9	
306	2	
307	9	
308	3	
309	2	
310	5	
311	6	
312	4	
313	2	
314	8	
315	10	
316	10	
317	3	
318	9	
319	2	
320	7	
321	10	
322	1	
323	6	
324	8	
325	9	
326	1	
327	4	
328	5	
329	4	
330	5	
331	8	
332	5	
333	9	
334	8	
335	6	
336	9	
337	9	
338	7	
339	10	
340	6	
341	1	
342	4	
343	10	
344	10	
345	2	
346	7	
347	10	
348	8	
349	3	
350	1	
351	2	
352	10	
353	6	
354	8	
355	4	
356	1	
357	5	
358	5	
359	9	
360	2	
361	6	
362	9	
363	5	
364	8	
365	4	
366	7	
367	7	
368	8	
369	1	
370	3	
371	4	
372	10	
373	6	
374	8	
375	6	
376	3	
377	9	
378	10	
379	8	
380	1	
381	5	
382	9	
383	2	
384	7	
385	9	
386	7	
387	7	
388	8	
389	4	
390	2	
391	7	
392	7	
393	3	
394	4	
395	4	
396	7	
397	2	
398	8	
399	4	
400	9	
401	10	
402	3	
403	2	
404	5	
405	2	
406	6	
407	10	
408	6	
409	6	
410	4	
411	9	
412	1	
413	9	
414	5	
415	3	
416	2	
417	5	
418	8	
419	10	
420	6	
421	1	
422	9	
423	3	
424	4	
425	2	
426	3	
427	10	
428	4	
429	4	
430	4	
431	3	
432	6	
433	10	
434	5	
435	7	
436	9	
437	2	
438	2	
439	10	
440	7	
441	8	
442	4	
443	8	
444	8	
445	5	
446	8	
447	1	
448	7	
449	5	
450	9	
451	3	
452	7	
453	3	
454	1	
455	6	
456	4	
457	7	
458	4	
459	3	
460	10	
461	5	
462	6	
463	7	
464	4	
465	4	
466	2	
467	8	
468	4	
469	2	
470	1	
471	10	
472	1	
473	4	
474	2	
475	2	
476	7	
477	5	
478	6	
479	5	
480	9	
481	7	
482	1	
483	7	
484	8	
485	3	
486	9	
487	8	
488	2	
489	1	
490	9	
491	7	
492	7	
493	1	
494	9	
495	3	
496	8	
497	7	
498	3	
499	10	
500	4	
501	9	
502	2	
503	3	
504	7	
505	9	
506	9	
507	5	
508	1	
509	3	
510	7	
511	8	
512	2	
513	6	
514	6	
515	7	
516	6	
517	4	
518	5	
519	7	
520	4	
521	9	
522	9	
523	6	
524	4	
525	1	
526	10	
527	1	
528	10	
529	3	
530	3	
531	1	
532	6	
533	2	
534	9	
535	1	
536	2	
537	5	
538	10	
539	8	
540	4	
541	1	
542	8	
543	9	
544	8	
545	10	
546	8	
547	7	
548	2	
549	8	
550	6	
551	10	
552	1	
553	7	
554	1	
555	3	
556	5	
557	10	
558	5	
559	2	
560	9	
561	9	
562	5	
563	6	
564	10	
565	2	
566	7	
567	7	
568	7	
569	5	
570	1	
571	2	
572	5	
573	2	
574	10	
575	5	
576	3	
577	3	
578	1	
579	7	
580	2	
581	6	
582	9	
583	5	
584	8	
585	3	
586	8	
587	2	
588	10	
589	1	
590	9	
591	9	
592	3	
593	6	
594	7	
595	6	
596	1	
597	1	
598	6	
599	2	
600	2	
601	8	
602	5	
603	6	
604	7	
605	4	
606	7	
607	2	
608	7	
609	4	
610	7	
611	8	
612	1	
613	3	
614	8	
615	2	
616	6	
617	7	
618	5	
619	8	
620	4	
621	3	
622	7	
623	7	
624	4	
625	3	
626	1	
627	10	
628	9	
629	4	
630	10	
631	2	
632	4	
633	10	
634	7	
635	8	
636	3	
637	5	
638	4	
639	7	
640	9	
641	8	
642	5	
643	10	
644	8	
645	7	
646	4	
647	7	
648	10	
649	6	
650	10	
651	1	
652	10	
653	2	
654	7	
655	7	
656	2	
657	5	
658	4	
659	6	
660	1	
661	8	
662	1	
663	6	
664	8	
665	10	
666	10	
667	1	
668	1	
669	4	
670	6	
671	1	
672	7	
673	10	
674	7	
675	3	
676	8	
677	1	
678	4	
679	10	
680	2	
681	9	
682	4	
683	10	
684	1	
685	9	
686	2	
687	7	
688	9	
689	4	
690	2	
691	5	
692	6	
693	6	
694	5	
695	7	
696	5	
697	3	
698	1	
699	2	
700	4	
701	1	
702	6	
703	7	
704	8	
705	5	
706	1	
707	2	
708	5	
709	6	
710	1	
711	6	
712	1	
713	6	
714	6	
715	4	
716	2	
717	9	
718	7	
719	2	
720	1	
721	1	
722	3	
723	10	
724	3	
725	6	
726	5	
727	2	
728	6	
729	10	
730	8	
731	7	
732	3	
733	5	
734	8	
735	10	
736	2	
737	3	
738	10	
739	5	
740	4	
741	5	
742	2	
743	5	
744	8	
745	10	
746	3	
747	8	
748	5	
749	8	
750	7	
751	5	
752	5	
753	5	
754	4	
755	3	
756	7	
757	3	
758	3	
759	10	
760	3	
761	3	
762	4	
763	1	
764	3	
765	8	
766	3	
767	10	
768	2	
769	1	
770	3	
771	2	
772	10	
773	1	
774	7	
775	6	
776	3	
777	4	
778	4	
779	3	
780	5	
781	5	
782	5	
783	10	
784	4	
785	10	
786	2	
787	10	
788	4	
789	8	
790	3	
791	1	
792	6	
793	9	
794	2	
795	1	
796	3	
797	8	
798	10	
799	8	
800	10	
801	6	
802	9	
803	5	
804	5	
805	4	
806	5	
807	7	
808	3	
809	3	
810	7	
811	7	
812	5	
813	5	
814	7	
815	10	
816	6	
817	3	
818	5	
819	1	
820	7	
821	1	
822	6	
823	9	
824	6	
825	3	
826	6	
827	10	
828	3	
829	4	
830	6	
831	8	
832	4	
833	7	
834	7	
835	2	
836	7	
837	9	
838	3	
839	1	
840	5	
841	1	
842	5	
843	3	
844	3	
845	5	
846	4	
847	6	
848	8	
849	7	
850	6	
851	10	
852	1	
853	10	
854	7	
855	10	
856	9	
857	6	
858	7	
859	3	
860	10	
861	7	
862	5	
863	3	
864	6	
865	7	
866	4	
867	7	
868	8	
869	3	
870	9	
871	6	
872	2	
873	7	
874	1	
875	4	
876	10	
877	6	
878	5	
879	1	
880	5	
881	3	
882	6	
883	7	
884	8	
885	5	
886	9	
887	1	
888	8	
889	7	
890	4	
891	10	
892	9	
893	4	
894	2	
895	3	
896	7	
897	2	
898	10	
899	3	
900	5	
901	6	
902	6	
903	4	
904	9	
905	10	
906	9	
907	3	
908	7	
909	10	
910	6	
911	1	
912	8	
913	2	
914	8	
915	7	
916	1	
917	3	
918	3	
919	2	
920	9	
921	8	
922	2	
923	8	
924	10	
925	6	
926	8	
927	4	
928	6	
929	3	
930	4	
931	1	
932	1	
933	7	
934	1	
935	9	
936	6	
937	10	
938	10	
939	5	
940	5	
941	5	
942	2	
943	9	
944	1	
945	8	
946	4	
947	6	
948	10	
949	9	
950	3	
951	8	
952	6	
953	4	
954	6	
955	4	
956	6	
957	9	
958	3	
959	6	
960	8	
961	9	
962	7	
963	7	
964	4	
965	3	
966	7	
967	4	
968	2	
969	4	
970	3	
971	6	
972	7	
973	7	
974	6	
975	4	
976	5	
977	10	
978	1	
979	1	
980	5	
981	1	
982	8	
983	7	
984	8	
985	5	
986	8	
987	8	
988	6	
989	4	
990	7	
991	6	
992	10	
993	2	
994	5	
995	10	
996	9	
997	5	
998	3	
999	4	
1000	4	
1001	1	
1002	2	
1003	3	
1004	5	
1005	5	
1006	1	
1007	5	
1008	9	
1009	7	
1010	10	
1011	7	
1012	4	
1013	2	
1014	7	
1015	2	
1016	2	
1017	10	
1018	1	
1019	1	
1020	5	
1021	2	
1022	8	
1023	5	
1024	4	
1025	5	
1026	5	
1027	3	
1028	5	
1029	10	
1030	7	
1031	10	
1032	2	
1033	2	
1034	4	
1035	3	
1036	8	
1037	7	
1038	8	
1039	5	
1040	2	
1041	6	
1042	1	
1043	2	
1044	2	
1045	3	
1046	7	
1047	9	
1048	5	
1049	9	
1050	8	
1051	10	
1052	2	
1053	9	
1054	1	
1055	4	
1056	9	
1057	7	
1058	8	
1059	9	
1060	7	
1061	4	
1062	6	
1063	1	
1064	1	
1065	4	
1066	9	
1067	10	
1068	5	
1069	6	
1070	7	
1071	2	
1072	1	
1073	3	
1074	9	
1075	1	
1076	10	
1077	3	
1078	7	
1079	8	
1080	6	
1081	2	
1082	6	
1083	2	
1084	5	
1085	2	
1086	1	
1087	8	
1088	10	
1089	7	
1090	5	
1091	2	
1092	7	
1093	6	
1094	5	
1095	7	
1096	2	
1097	3	
1098	3	
1099	5	
1100	9	
1101	2	
1102	5	
1103	7	
1104	6	
1105	7	
1106	3	
1107	3	
1108	5	
1109	6	
1110	3	
1111	9	
1112	5	
1113	3	
1114	9	
1115	10	
1116	7	
1117	6	
1118	10	
1119	9	
1120	1	
1121	9	
1122	6	
1123	7	
1124	2	
1125	7	
1126	5	
1127	1	
1128	4	
1129	4	
1130	8	
1131	7	
1132	9	
1133	8	
1134	1	
1135	9	
1136	4	
1137	1	
1138	10	
1139	8	
1140	4	
1141	7	
1142	4	
1143	10	
1144	9	
1145	6	
1146	4	
1147	5	
1148	5	
1149	4	
1150	9	
1151	6	
1152	9	
1153	10	
1154	4	
1155	7	
1156	9	
1157	3	
1158	9	
1159	8	
1160	5	
1161	2	
1162	6	
1163	2	
1164	3	
1165	8	
1166	9	
1167	6	
1168	4	
1169	3	
1170	9	
1171	1	
1172	3	
1173	9	
1174	7	
1175	5	
1176	5	
1177	8	
1178	2	
1179	3	
1180	3	
1181	9	
1182	7	
1183	6	
1184	9	
1185	9	
1186	2	
1187	7	
1188	3	
1189	3	
1190	1	
1191	2	
1192	10	
1193	6	
1194	5	
1195	3	
1196	5	
1197	6	
1198	2	
1199	9	
1200	6	
1201	4	
1202	8	
1203	1	
1204	9	
1205	5	
1206	6	
1207	7	
1208	2	
1209	3	
1210	5	
1211	10	
1212	6	
1213	9	
1214	7	
1215	10	
1216	10	
1217	6	
1218	3	
1219	10	
1220	3	
1221	8	
1222	3	
1223	2	
1224	8	
1225	1	
1226	9	
1227	4	
1228	4	
1229	10	
1230	3	
1231	1	
1232	3	
1233	5	
1234	4	
1235	1	
1236	1	
1237	1	
1238	2	
1239	9	
1240	10	
1241	3	
1242	8	
1243	5	
1244	3	
1245	1	
1246	9	
1247	9	
1248	1	
1249	9	
1250	10	
1251	6	
1252	5	
1253	9	
1254	10	
1255	1	
1256	4	
1257	3	
1258	4	
1259	7	
1260	2	
1261	2	
1262	7	
1263	7	
1264	10	
1265	7	
1266	2	
1267	6	
1268	3	
1269	8	
1270	10	
1271	5	
1272	4	
1273	5	
1274	10	
1275	8	
1276	4	
1277	6	
1278	8	
1279	5	
1280	2	
1281	7	
1282	7	
1283	4	
1284	5	
1285	7	
1286	2	
1287	4	
1288	3	
1289	8	
1290	3	
1291	10	
1292	5	
1293	10	
1294	9	
1295	6	
1296	1	
1297	3	
1298	5	
1299	8	
1300	8	
1301	9	
1302	5	
1303	2	
1304	9	
1305	3	
1306	10	
1307	5	
1308	6	
1309	5	
1310	1	
1311	10	
1312	4	
1313	8	
1314	1	
1315	5	
1316	2	
1317	6	
1318	3	
1319	8	
1320	9	
1321	5	
1322	4	
1323	9	
1324	3	
1325	1	
1326	9	
1327	2	
1328	1	
1329	2	
1330	4	
1331	10	
1332	3	
1333	2	
1334	2	
1335	1	
1336	3	
1337	7	
1338	9	
1339	2	
1340	7	
1341	6	
1342	5	
1343	9	
1344	2	
1345	8	
1346	1	
1347	3	
1348	4	
1349	7	
1350	1	
1351	5	
1352	5	
1353	8	
1354	10	
1355	4	
1356	8	
1357	8	
1358	10	
1359	10	
1360	2	
1361	8	
1362	5	
1363	9	
1364	3	
1365	3	
1366	7	
1367	1	
1368	6	
1369	5	
1370	8	
1371	7	
1372	7	
1373	6	
1374	6	
1375	10	
1376	10	
1377	4	
1378	3	
1379	3	
1380	10	
1381	1	
1382	8	
1383	4	
1384	5	
1385	8	
1386	10	
1387	4	
1388	7	
1389	3	
1390	3	
1391	5	
1392	2	
1393	5	
1394	2	
1395	6	
1396	3	
1397	6	
1398	5	
1399	8	
1400	2	
1401	1	
1402	1	
1403	1	
1404	6	
1405	10	
1406	1	
1407	10	
1408	9	
1409	7	
1410	10	
1411	8	
1412	2	
1413	2	
1414	7	
1415	8	
1416	2	
1417	7	
1418	6	
1419	10	
1420	8	
1421	5	
1422	2	
1423	3	
1424	5	
1425	10	
1426	2	
1427	7	
1428	1	
1429	8	
1430	1	
1431	5	
1432	9	
1433	4	
1434	8	
1435	2	
1436	2	
1437	6	
1438	7	
1439	1	
1440	6	
1441	10	
1442	7	
1443	5	
1444	10	
1445	5	
1446	6	
1447	3	
1448	6	
1449	1	
1450	7	
1451	8	
1452	2	
1453	7	
1454	2	
1455	9	
1456	3	
1457	3	
1458	5	
1459	7	
1460	4	
1461	2	
1462	1	
1463	3	
1464	7	
1465	4	
1466	4	
1467	8	
1468	8	
1469	8	
1470	2	
1471	9	
1472	10	
1473	4	
1474	9	
1475	7	
1476	9	
1477	7	
1478	4	
1479	2	
1480	9	
1481	1	
1482	10	
1483	5	
1484	6	
1485	4	
1486	8	
1487	8	
1488	2	
1489	8	
1490	3	
1491	3	
1492	5	
1493	10	
1494	4	
1495	1	
1496	7	
1497	3	
1498	7	
1499	6	
1500	4	
1501	8	
1502	4	
1503	3	
1504	2	
1505	3	
1506	1	
1507	2	
1508	8	
1509	7	
1510	4	
1511	9	
1512	9	
1513	2	
1514	10	
1515	2	
1516	10	
1517	10	
1518	9	
1519	3	
1520	3	
1521	7	
1522	1	
1523	5	
1524	8	
1525	5	
1526	7	
1527	2	
1528	1	
1529	2	
1530	9	
1531	4	
1532	6	
1533	8	
1534	7	
1535	4	
1536	2	
1537	10	
1538	1	
1539	1	
1540	6	
1541	2	
1542	4	
1543	10	
1544	10	
1545	5	
1546	3	
1547	10	
1548	7	
1549	2	
1550	4	
1551	3	
1552	5	
1553	10	
1554	8	
1555	3	
1556	10	
1557	6	
1558	6	
1559	4	
1560	4	
1561	2	
1562	10	
1563	4	
1564	3	
1565	10	
1566	6	
1567	5	
1568	7	
1569	6	
1570	6	
1571	3	
1572	10	
1573	4	
1574	3	
1575	9	
1576	1	
1577	9	
1578	6	
1579	9	
1580	8	
1581	7	
1582	5	
1583	6	
1584	8	
1585	2	
1586	10	
1587	1	
1588	6	
1589	8	
1590	6	
1591	8	
1592	7	
1593	10	
1594	6	
1595	4	
1596	8	
1597	7	
1598	6	
1599	7	
1600	2	
1601	10	
1602	9	
1603	2	
1604	8	
1605	6	
1606	4	
1607	9	
1608	2	
1609	8	
1610	2	
1611	6	
1612	3	
1613	8	
1614	9	
1615	9	
1616	7	
1617	1	
1618	4	
1619	7	
1620	5	
1621	1	
1622	3	
1623	3	
1624	8	
1625	3	
1626	10	
1627	6	
1628	2	
1629	7	
1630	5	
1631	4	
1632	8	
1633	1	
1634	10	
1635	3	
1636	9	
1637	9	
1638	3	
1639	1	
1640	5	
1641	7	
1642	3	
1643	10	
1644	5	
1645	6	
1646	9	
1647	7	
1648	3	
1649	1	
1650	9	
1651	5	
1652	8	
1653	6	
1654	5	
1655	9	
1656	10	
1657	10	
1658	4	
1659	7	
1660	8	
1661	9	
1662	2	
1663	5	
1664	9	
1665	5	
1666	10	
1667	3	
1668	6	
1669	9	
1670	9	
1671	6	
1672	3	
1673	9	
1674	5	
1675	4	
1676	3	
1677	7	
1678	5	
1679	6	
1680	7	
1681	7	
1682	10	
1683	4	
1684	7	
1685	4	
1686	8	
1687	9	
1688	2	
1689	5	
1690	10	
1691	7	
1692	5	
1693	6	
1694	10	
1695	3	
1696	2	
1697	7	
1698	2	
1699	7	
1700	2	
1701	9	
1702	3	
1703	1	
1704	2	
1705	1	
1706	3	
1707	8	
1708	10	
1709	10	
1710	8	
1711	3	
1712	1	
1713	3	
1714	9	
1715	6	
1716	7	
1717	10	
1718	2	
1719	4	
1720	4	
1721	7	
1722	9	
1723	8	
1724	5	
1725	4	
1726	4	
1727	9	
1728	8	
1729	6	
1730	9	
1731	6	
1732	2	
1733	10	
1734	2	
1735	1	
1736	6	
1737	1	
1738	3	
1739	3	
1740	9	
1741	8	
1742	5	
1743	7	
1744	10	
1745	1	
1746	9	
1747	2	
1748	7	
1749	10	
1750	3	
1751	6	
1752	1	
1753	1	
1754	1	
1755	5	
1756	7	
1757	4	
1758	6	
1759	5	
1760	9	
1761	6	
1762	2	
1763	4	
1764	10	
1765	7	
1766	9	
1767	8	
1768	3	
1769	2	
1770	5	
1771	10	
1772	6	
1773	5	
1774	1	
1775	9	
1776	5	
1777	1	
1778	7	
1779	10	
1780	9	
1781	3	
1782	8	
1783	4	
1784	9	
1785	1	
1786	10	
1787	2	
1788	10	
1789	3	
1790	1	
1791	4	
1792	1	
1793	8	
1794	1	
1795	1	
1796	3	
1797	7	
1798	4	
1799	10	
1800	9	
1801	1	
1802	4	
1803	7	
1804	8	
1805	10	
1806	3	
1807	4	
1808	9	
1809	3	
1810	9	
1811	9	
1812	10	
1813	6	
1814	8	
1815	2	
1816	4	
1817	10	
1818	10	
1819	9	
1820	8	
1821	3	
1822	6	
1823	5	
1824	4	
1825	5	
1826	7	
1827	3	
1828	2	
1829	6	
1830	10	
1831	4	
1832	7	
1833	2	
1834	3	
1835	4	
1836	10	
1837	2	
1838	1	
1839	6	
1840	5	
1841	6	
1842	2	
1843	3	
1844	5	
1845	1	
1846	3	
1847	10	
1848	4	
1849	9	
1850	1	
1851	10	
1852	6	
1853	1	
1854	6	
1855	4	
1856	2	
1857	3	
1858	5	
1859	7	
1860	3	
1861	9	
1862	8	
1863	2	
1864	7	
1865	7	
1866	1	
1867	4	
1868	5	
1869	6	
1870	8	
1871	4	
1872	3	
1873	4	
1874	4	
1875	8	
1876	5	
1877	2	
1878	10	
1879	2	
1880	4	
1881	5	
1882	6	
1883	5	
1884	1	
1885	6	
1886	9	
1887	9	
1888	7	
1889	7	
1890	7	
1891	3	
1892	7	
1893	5	
1894	8	
1895	2	
1896	9	
1897	2	
1898	9	
1899	9	
1900	9	
1901	1	
1902	7	
1903	9	
1904	6	
1905	2	
1906	9	
1907	8	
1908	5	
1909	7	
1910	6	
1911	2	
1912	3	
1913	6	
1914	7	
1915	5	
1916	6	
1917	3	
1918	8	
1919	4	
1920	10	
1921	5	
1922	10	
1923	2	
1924	7	
1925	2	
1926	7	
1927	4	
1928	4	
1929	3	
1930	7	
1931	9	
1932	7	
1933	3	
1934	2	
1935	7	
1936	9	
1937	1	
1938	7	
1939	2	
1940	5	
1941	3	
1942	2	
1943	10	
1944	4	
1945	3	
1946	4	
1947	8	
1948	9	
1949	5	
1950	4	
1951	6	
1952	9	
1953	5	
1954	9	
1955	10	
1956	5	
1957	3	
1958	2	
1959	10	
1960	6	
1961	6	
1962	6	
1963	5	
1964	10	
1965	1	
1966	8	
1967	5	
1968	4	
1969	9	
1970	1	
1971	7	
1972	8	
1973	7	
1974	6	
1975	5	
1976	4	
1977	3	
1978	2	
1979	1	
1980	5	
1981	10	
1982	3	
1983	6	
1984	2	
1985	7	
1986	9	
1987	4	
1988	4	
1989	9	
1990	2	
1991	7	
1992	5	
1993	8	
1994	7	
1995	4	
1996	8	
1997	6	
1998	2	
1999	6	
2000	10	
2001	5	
2002	10	
2003	10	
2004	9	
2005	3	
2006	1	
2007	4	
2008	8	
2009	5	
2010	9	
2011	8	
2012	5	
2013	7	
2014	3	
2015	8	
2016	4	
2017	1	
2018	8	
2019	8	
2020	1	
2021	1	
2022	4	
2023	3	
2024	9	
2025	1	
2026	5	
2027	9	
2028	3	
2029	8	
2030	9	
2031	7	
2032	8	
2033	10	
2034	1	
2035	10	
2036	4	
2037	8	
2038	10	
2039	5	
2040	6	
2041	6	
2042	7	
2043	4	
2044	10	
2045	7	
2046	10	
2047	1	
2048	5	
2049	1	
2050	5	
2051	4	
2052	5	
2053	8	
2054	6	
2055	7	
2056	6	
2057	10	
2058	5	
2059	1	
2060	1	
2061	8	
2062	8	
2063	1	
2064	10	
2065	4	
2066	5	
2067	1	
2068	8	
2069	9	
2070	10	
2071	5	
2072	9	
2073	4	
2074	5	
2075	2	
2076	5	
2077	8	
2078	4	
2079	6	
2080	7	
2081	8	
2082	1	
2083	4	
2084	1	
2085	2	
2086	7	
2087	3	
2088	2	
2089	10	
2090	7	
2091	4	
2092	4	
2093	9	
2094	5	
2095	2	
2096	3	
2097	8	
2098	3	
2099	8	
2100	6	
2101	3	
2102	6	
2103	1	
2104	8	
2105	10	
2106	4	
2107	1	
2108	8	
2109	3	
2110	1	
2111	8	
2112	10	
2113	5	
2114	6	
2115	8	
2116	9	
2117	4	
2118	4	
2119	8	
2120	4	
2121	3	
2122	2	
2123	9	
2124	6	
2125	3	
2126	1	
2127	3	
2128	7	
2129	3	
2130	9	
2131	6	
2132	5	
2133	2	
2134	2	
2135	4	
2136	5	
2137	1	
2138	2	
2139	6	
2140	6	
2141	1	
2142	6	
2143	1	
2144	4	
2145	8	
2146	2	
2147	1	
2148	4	
2149	9	
2150	4	
2151	4	
2152	7	
2153	10	
2154	3	
2155	9	
2156	4	
2157	3	
2158	1	
2159	3	
2160	6	
2161	2	
2162	7	
2163	5	
2164	2	
2165	1	
2166	5	
2167	6	
2168	7	
2169	1	
2170	6	
2171	9	
2172	2	
2173	1	
2174	7	
2175	2	
2176	10	
2177	10	
2178	10	
2179	7	
2180	7	
2181	3	
2182	9	
2183	7	
2184	5	
2185	2	
2186	2	
2187	3	
2188	4	
2189	9	
2190	3	
2191	8	
2192	2	
2193	10	
2194	4	
2195	10	
2196	9	
2197	9	
2198	6	
2199	2	
2200	1	
2201	1	
2202	5	
2203	5	
2204	2	
2205	8	
2206	1	
2207	4	
2208	6	
2209	8	
2210	6	
2211	6	
2212	7	
2213	5	
2214	10	
2215	1	
2216	9	
2217	3	
2218	4	
2219	8	
2220	5	
2221	9	
2222	6	
2223	5	
2224	9	
2225	5	
2226	2	
2227	3	
2228	1	
2229	3	
2230	7	
2231	9	
2232	1	
2233	2	
2234	6	
2235	3	
2236	3	
2237	4	
2238	3	
2239	3	
2240	3	
2241	9	
2242	2	
2243	7	
2244	3	
2245	10	
2246	2	
2247	7	
2248	2	
2249	4	
2250	8	
2251	6	
2252	1	
2253	7	
2254	5	
2255	1	
2256	1	
2257	8	
2258	10	
2259	10	
2260	3	
2261	9	
2262	7	
2263	4	
2264	8	
2265	5	
2266	9	
2267	6	
2268	10	
2269	6	
2270	9	
2271	10	
2272	4	
2273	7	
2274	9	
2275	1	
2276	7	
2277	1	
2278	1	
2279	8	
2280	7	
2281	2	
2282	6	
2283	10	
2284	9	
2285	7	
2286	9	
2287	3	
2288	1	
2289	4	
2290	8	
2291	5	
2292	1	
2293	10	
2294	7	
2295	10	
2296	3	
2297	5	
2298	7	
2299	2	
2300	4	
2301	1	
2302	2	
2303	7	
2304	7	
2305	5	
2306	7	
2307	3	
2308	10	
2309	5	
2310	5	
2311	1	
2312	1	
2313	6	
2314	1	
2315	3	
2316	5	
2317	10	
2318	7	
2319	10	
2320	2	
2321	5	
2322	10	
2323	5	
2324	2	
2325	3	
2326	8	
2327	7	
2328	1	
2329	6	
2330	7	
2331	8	
2332	4	
2333	2	
2334	3	
2335	6	
2336	3	
2337	10	
2338	6	
2339	4	
2340	3	
2341	2	
2342	4	
2343	3	
2344	8	
2345	3	
2346	3	
2347	7	
2348	9	
2349	4	
2350	7	
2351	4	
2352	8	
2353	4	
2354	9	
2355	5	
2356	5	
2357	2	
2358	3	
2359	4	
2360	9	
2361	9	
2362	3	
2363	1	
2364	8	
2365	2	
2366	6	
2367	3	
2368	9	
2369	9	
2370	8	
2371	1	
2372	10	
2373	1	
2374	4	
2375	4	
2376	1	
2377	7	
2378	10	
2379	1	
2380	7	
2381	3	
2382	4	
2383	2	
2384	2	
2385	8	
2386	6	
2387	10	
2388	1	
2389	7	
2390	2	
2391	10	
2392	9	
2393	5	
2394	6	
2395	7	
2396	5	
2397	3	
2398	6	
2399	2	
2400	3	
2401	7	
2402	9	
2403	10	
2404	4	
2405	7	
2406	1	
2407	1	
2408	9	
2409	1	
2410	6	
2411	6	
2412	8	
2413	2	
2414	7	
2415	7	
2416	1	
2417	10	
2418	10	
2419	9	
2420	7	
2421	10	
2422	3	
2423	7	
2424	6	
2425	10	
2426	1	
2427	1	
2428	4	
2429	1	
2430	5	
2431	9	
2432	8	
2433	2	
2434	4	
2435	8	
2436	8	
2437	10	
2438	2	
2439	7	
2440	4	
2441	6	
2442	9	
2443	8	
2444	1	
2445	10	
2446	6	
2447	1	
2448	4	
2449	1	
2450	2	
2451	7	
2452	9	
2453	8	
2454	1	
2455	10	
2456	3	
2457	3	
2458	3	
2459	10	
2460	1	
2461	1	
2462	1	
2463	4	
2464	5	
2465	9	
2466	9	
2467	8	
2468	6	
2469	3	
2470	3	
2471	6	
2472	5	
2473	1	
2474	1	
2475	2	
2476	9	
2477	6	
2478	8	
2479	9	
2480	9	
2481	3	
2482	8	
2483	2	
2484	2	
2485	2	
2486	4	
2487	10	
2488	5	
2489	9	
2490	5	
2491	5	
2492	5	
2493	5	
2494	6	
2495	1	
2496	3	
2497	7	
2498	4	
2499	6	
2500	9	
2501	9	
2502	2	
2503	5	
2504	1	
2505	9	
2506	7	
2507	3	
2508	5	
2509	5	
2510	8	
2511	2	
2512	7	
2513	1	
2514	3	
2515	2	
2516	1	
2517	2	
2518	9	
2519	4	
2520	5	
2521	5	
2522	3	
2523	3	
2524	3	
2525	9	
2526	8	
2527	7	
2528	5	
2529	10	
2530	6	
2531	1	
2532	7	
2533	7	
2534	4	
2535	1	
2536	5	
2537	4	
2538	8	
2539	10	
2540	7	
2541	9	
2542	3	
2543	9	
2544	7	
2545	4	
2546	8	
2547	10	
2548	6	
2549	7	
2550	4	
2551	10	
2552	7	
2553	8	
2554	6	
2555	2	
2556	9	
2557	5	
2558	9	
2559	8	
2560	7	
2561	5	
2562	2	
2563	6	
2564	8	
2565	6	
2566	5	
2567	7	
2568	10	
2569	2	
2570	4	
2571	4	
2572	6	
2573	5	
2574	4	
2575	3	
2576	10	
2577	2	
2578	4	
2579	2	
2580	4	
2581	10	
2582	9	
2583	9	
2584	7	
2585	6	
2586	1	
2587	3	
2588	2	
2589	7	
2590	7	
2591	1	
2592	2	
2593	7	
2594	7	
2595	4	
2596	4	
2597	2	
2598	3	
2599	8	
2600	4	
2601	8	
2602	4	
2603	1	
2604	3	
2605	4	
2606	7	
2607	4	
2608	9	
2609	2	
2610	3	
2611	5	
2612	10	
2613	4	
2614	1	
2615	6	
2616	4	
2617	8	
2618	8	
2619	5	
2620	6	
2621	4	
2622	10	
2623	3	
2624	1	
2625	8	
2626	6	
2627	5	
2628	3	
2629	6	
2630	3	
2631	2	
2632	2	
2633	8	
2634	1	
2635	2	
2636	10	
2637	5	
2638	1	
2639	7	
2640	6	
2641	3	
2642	6	
2643	3	
2644	1	
2645	1	
2646	6	
2647	3	
2648	6	
2649	7	
2650	10	
2651	2	
2652	1	
2653	2	
2654	9	
2655	6	
2656	4	
2657	5	
2658	2	
2659	2	
2660	7	
2661	7	
2662	10	
2663	4	
2664	3	
2665	9	
2666	8	
2667	6	
2668	10	
2669	9	
2670	9	
2671	7	
2672	10	
2673	10	
2674	10	
2675	8	
2676	10	
2677	4	
2678	6	
2679	2	
2680	9	
2681	7	
2682	8	
2683	5	
2684	5	
2685	10	
2686	10	
2687	9	
2688	8	
2689	6	
2690	5	
2691	6	
2692	4	
2693	5	
2694	4	
2695	9	
2696	1	
2697	1	
2698	5	
2699	4	
2700	10	
2701	6	
2702	1	
2703	8	
2704	4	
2705	4	
2706	9	
2707	1	
2708	9	
2709	10	
2710	7	
2711	8	
2712	8	
2713	7	
2714	5	
2715	1	
2716	2	
2717	7	
2718	10	
2719	9	
2720	10	
2721	5	
2722	2	
2723	6	
2724	8	
2725	7	
2726	10	
2727	9	
2728	9	
2729	4	
2730	3	
2731	5	
2732	3	
2733	7	
2734	4	
2735	7	
2736	8	
2737	7	
2738	3	
2739	7	
2740	1	
2741	6	
2742	1	
2743	7	
2744	2	
2745	6	
2746	8	
2747	3	
2748	5	
2749	1	
2750	2	
2751	4	
2752	7	
2753	8	
2754	2	
2755	9	
2756	2	
2757	6	
2758	3	
2759	1	
2760	2	
2761	5	
2762	1	
2763	1	
2764	10	
2765	1	
2766	3	
2767	9	
2768	7	
2769	2	
2770	6	
2771	7	
2772	1	
2773	9	
2774	8	
2775	1	
2776	1	
2777	9	
2778	5	
2779	8	
2780	2	
2781	7	
2782	10	
2783	3	
2784	8	
2785	3	
2786	9	
2787	1	
2788	6	
2789	5	
2790	2	
2791	5	
2792	9	
2793	7	
2794	10	
2795	3	
2796	5	
2797	10	
2798	7	
2799	3	
2800	4	
2801	2	
2802	2	
2803	4	
2804	9	
2805	3	
2806	7	
2807	1	
2808	6	
2809	7	
2810	7	
2811	6	
2812	7	
2813	2	
2814	9	
2815	7	
2816	3	
2817	10	
2818	2	
2819	5	
2820	1	
2821	5	
2822	3	
2823	7	
2824	2	
2825	1	
2826	3	
2827	4	
2828	7	
2829	3	
2830	1	
2831	2	
2832	5	
2833	7	
2834	1	
2835	10	
2836	2	
2837	6	
2838	7	
2839	6	
2840	10	
2841	2	
2842	5	
2843	4	
2844	7	
2845	10	
2846	10	
2847	9	
2848	1	
2849	5	
2850	4	
2851	2	
2852	2	
2853	10	
2854	5	
2855	5	
2856	4	
2857	4	
2858	8	
2859	10	
2860	9	
2861	1	
2862	1	
2863	2	
2864	9	
2865	8	
2866	4	
2867	8	
2868	3	
2869	5	
2870	4	
2871	7	
2872	2	
2873	7	
2874	7	
2875	3	
2876	1	
2877	2	
2878	5	
2879	4	
2880	3	
2881	2	
2882	2	
2883	6	
2884	7	
2885	5	
2886	5	
2887	8	
2888	10	
2889	6	
2890	3	
2891	2	
2892	2	
2893	1	
2894	4	
2895	4	
2896	8	
2897	3	
2898	5	
2899	1	
2900	3	
2901	2	
2902	3	
2903	3	
2904	2	
2905	5	
2906	4	
2907	9	
2908	10	
2909	3	
2910	7	
2911	6	
2912	5	
2913	10	
2914	2	
2915	10	
2916	9	
2917	1	
2918	1	
2919	9	
2920	1	
2921	4	
2922	1	
2923	5	
2924	9	
2925	6	
2926	5	
2927	3	
2928	10	
2929	6	
2930	9	
2931	1	
2932	3	
2933	10	
2934	3	
2935	3	
2936	9	
2937	6	
2938	5	
2939	5	
2940	7	
2941	10	
2942	2	
2943	10	
2944	10	
2945	7	
2946	9	
2947	3	
2948	9	
2949	10	
2950	8	
2951	3	
2952	8	
2953	7	
2954	10	
2955	5	
2956	10	
2957	8	
2958	4	
2959	3	
2960	9	
2961	1	
2962	3	
2963	5	
2964	3	
2965	3	
2966	3	
2967	3	
2968	2	
2969	9	
2970	9	
2971	8	
2972	3	
2973	6	
2974	2	
2975	3	
2976	5	
2977	2	
2978	6	
2979	8	
2980	9	
2981	3	
2982	9	
2983	3	
2984	7	
2985	3	
2986	9	
2987	1	
2988	9	
2989	6	
2990	10	
2991	5	
2992	1	
2993	1	
2994	9	
2995	7	
2996	8	
2997	5	
2998	9	
2999	9	
3000	7	
3001	3	
3002	5	
3003	5	
3004	2	
3005	7	
3006	7	
3007	4	
3008	7	
3009	8	
3010	10	
3011	4	
3012	4	
3013	5	
3014	3	
3015	8	
3016	3	
3017	7	
3018	10	
3019	7	
3020	7	
3021	5	
3022	2	
3023	8	
3024	10	
3025	3	
3026	8	
3027	9	
3028	7	
3029	9	
3030	6	
3031	5	
3032	9	
3033	5	
3034	1	
3035	9	
3036	4	
3037	4	
3038	9	
3039	6	
3040	1	
3041	3	
3042	10	
3043	3	
3044	10	
3045	9	
3046	5	
3047	2	
3048	5	
3049	5	
3050	9	
3051	5	
3052	10	
3053	3	
3054	1	
3055	5	
3056	3	
3057	6	
3058	9	
3059	9	
3060	8	
3061	6	
3062	5	
3063	8	
3064	8	
3065	3	
3066	6	
3067	4	
3068	5	
3069	10	
3070	6	
3071	7	
3072	5	
3073	10	
3074	10	
3075	10	
3076	3	
3077	10	
3078	1	
3079	1	
3080	7	
3081	3	
3082	3	
3083	9	
3084	10	
3085	5	
3086	8	
3087	5	
3088	3	
3089	9	
3090	2	
3091	2	
3092	4	
3093	7	
3094	7	
3095	4	
3096	2	
3097	6	
3098	9	
3099	5	
3100	8	
3101	3	
3102	10	
3103	10	
3104	10	
3105	8	
3106	7	
3107	8	
3108	5	
3109	6	
3110	6	
3111	6	
3112	10	
3113	5	
3114	1	
3115	9	
3116	8	
3117	6	
3118	7	
3119	8	
3120	8	
3121	8	
3122	6	
3123	9	
3124	4	
3125	5	
3126	7	
3127	2	
3128	7	
3129	3	
3130	6	
3131	9	
3132	3	
3133	2	
3134	5	
3135	4	
3136	5	
3137	6	
3138	2	
3139	9	
3140	10	
3141	8	
3142	3	
3143	3	
3144	1	
3145	3	
3146	8	
3147	5	
3148	7	
3149	4	
3150	5	
3151	3	
3152	9	
3153	10	
3154	10	
3155	1	
3156	3	
3157	8	
3158	5	
3159	9	
3160	7	
3161	10	
3162	6	
3163	8	
3164	1	
3165	5	
3166	10	
3167	5	
3168	9	
3169	7	
3170	9	
3171	4	
3172	4	
3173	9	
3174	5	
3175	8	
3176	1	
3177	3	
3178	1	
3179	10	
3180	7	
3181	8	
3182	1	
3183	7	
3184	7	
3185	4	
3186	9	
3187	1	
3188	6	
3189	1	
3190	4	
3191	3	
3192	10	
3193	9	
3194	6	
3195	3	
3196	5	
3197	4	
3198	7	
3199	8	
3200	8	
3201	9	
3202	5	
3203	6	
3204	3	
3205	7	
3206	2	
3207	5	
3208	5	
3209	5	
3210	10	
3211	1	
3212	9	
3213	8	
3214	1	
3215	10	
3216	9	
3217	2	
3218	2	
3219	6	
3220	1	
3221	3	
3222	7	
3223	9	
3224	4	
3225	3	
3226	3	
3227	7	
3228	3	
3229	1	
3230	7	
3231	2	
3232	5	
3233	10	
3234	5	
3235	4	
3236	5	
3237	7	
3238	7	
3239	8	
3240	9	
3241	7	
3242	10	
3243	8	
3244	6	
3245	6	
3246	2	
3247	5	
3248	3	
3249	10	
3250	3	
3251	6	
3252	1	
3253	7	
3254	6	
3255	8	
3256	9	
3257	2	
3258	6	
3259	1	
3260	2	
3261	3	
3262	3	
3263	5	
3264	3	
3265	5	
3266	8	
3267	2	
3268	5	
3269	2	
3270	5	
3271	8	
3272	8	
3273	10	
3274	6	
3275	10	
3276	1	
3277	8	
3278	7	
3279	3	
3280	6	
3281	4	
3282	1	
3283	1	
3284	7	
3285	4	
3286	2	
3287	3	
3288	8	
3289	8	
3290	1	
3291	10	
3292	7	
3293	9	
3294	3	
3295	2	
3296	10	
3297	4	
3298	9	
3299	1	
3300	1	
3301	1	
3302	6	
3303	3	
3304	1	
3305	6	
3306	5	
3307	4	
3308	2	
3309	8	
3310	7	
3311	5	
3312	1	
3313	10	
3314	1	
3315	10	
3316	3	
3317	10	
3318	4	
3319	9	
3320	1	
3321	6	
3322	3	
3323	4	
3324	3	
3325	2	
3326	8	
3327	2	
3328	2	
3329	2	
3330	6	
3331	6	
3332	6	
3333	7	
3334	7	
3335	10	
3336	10	
3337	8	
3338	2	
3339	5	
3340	4	
3341	7	
3342	9	
3343	2	
3344	1	
3345	4	
3346	10	
3347	1	
3348	8	
3349	3	
3350	9	
3351	2	
3352	9	
3353	4	
3354	3	
3355	6	
3356	1	
3357	5	
3358	9	
3359	6	
3360	3	
3361	7	
3362	4	
3363	3	
3364	3	
3365	2	
3366	7	
3367	9	
3368	10	
3369	7	
3370	3	
3371	1	
3372	6	
3373	7	
3374	9	
3375	6	
3376	1	
3377	3	
3378	8	
3379	3	
3380	5	
3381	2	
3382	7	
3383	10	
3384	9	
3385	10	
3386	10	
3387	9	
3388	1	
3389	7	
3390	2	
3391	7	
3392	9	
3393	9	
3394	6	
3395	4	
3396	6	
3397	3	
3398	7	
3399	7	
3400	2	
3401	5	
3402	9	
3403	1	
3404	4	
3405	10	
3406	4	
3407	5	
3408	9	
3409	1	
3410	4	
3411	6	
3412	7	
3413	7	
3414	1	
3415	5	
3416	5	
3417	6	
3418	2	
3419	3	
3420	6	
3421	4	
3422	10	
3423	1	
3424	4	
3425	1	
3426	2	
3427	10	
3428	8	
3429	9	
3430	2	
3431	6	
3432	1	
3433	3	
3434	7	
3435	8	
3436	9	
3437	9	
3438	7	
3439	1	
3440	8	
3441	2	
3442	3	
3443	6	
3444	9	
3445	1	
3446	10	
3447	4	
3448	8	
3449	8	
3450	4	
3451	3	
3452	5	
3453	8	
3454	5	
3455	1	
3456	1	
3457	4	
3458	3	
3459	3	
3460	8	
3461	2	
3462	5	
3463	6	
3464	2	
3465	10	
3466	5	
3467	3	
3468	10	
3469	7	
3470	8	
3471	7	
3472	7	
3473	7	
3474	3	
3475	6	
3476	5	
3477	6	
3478	8	
3479	9	
3480	9	
3481	1	
3482	3	
3483	4	
3484	2	
3485	4	
3486	7	
3487	2	
3488	2	
3489	3	
3490	6	
3491	9	
3492	5	
3493	7	
3494	4	
3495	1	
3496	3	
3497	6	
3498	4	
3499	10	
3500	10	
3501	7	
3502	8	
3503	1	
3504	6	
3505	4	
3506	10	
3507	1	
3508	6	
3509	10	
3510	9	
3511	5	
3512	4	
3513	1	
3514	3	
3515	9	
3516	4	
3517	6	
3518	2	
3519	9	
3520	1	
3521	9	
3522	4	
3523	7	
3524	3	
3525	5	
3526	9	
3527	6	
3528	5	
3529	4	
3530	9	
3531	4	
3532	4	
3533	8	
3534	6	
3535	8	
3536	8	
3537	9	
3538	8	
3539	2	
3540	9	
3541	10	
3542	8	
3543	10	
3544	4	
3545	4	
3546	3	
3547	1	
3548	8	
3549	8	
3550	2	
3551	7	
3552	1	
3553	8	
3554	2	
3555	5	
3556	7	
3557	3	
3558	7	
3559	10	
3560	5	
3561	9	
3562	2	
3563	6	
3564	4	
3565	7	
3566	3	
3567	3	
3568	10	
3569	8	
3570	1	
3571	6	
3572	10	
3573	1	
3574	9	
3575	5	
3576	10	
3577	1	
3578	8	
3579	8	
3580	7	
3581	5	
3582	3	
3583	2	
3584	4	
3585	7	
3586	8	
3587	9	
3588	2	
3589	8	
3590	10	
3591	8	
3592	9	
3593	4	
3594	8	
3595	6	
3596	1	
3597	8	
3598	10	
3599	6	
3600	8	
3601	7	
3602	9	
3603	7	
3604	4	
3605	6	
3606	6	
3607	10	
3608	1	
3609	6	
3610	3	
3611	7	
3612	8	
3613	4	
3614	5	
3615	2	
3616	10	
3617	5	
3618	5	
3619	5	
3620	10	
3621	4	
3622	10	
3623	9	
3624	6	
3625	8	
3626	9	
3627	4	
3628	4	
3629	1	
3630	1	
3631	2	
3632	5	
3633	7	
3634	5	
3635	8	
3636	10	
3637	4	
3638	2	
3639	1	
3640	4	
3641	1	
3642	5	
3643	5	
3644	1	
3645	9	
3646	8	
3647	8	
3648	3	
3649	1	
3650	6	
3651	7	
3652	5	
3653	10	
3654	5	
3655	1	
3656	9	
3657	3	
3658	9	
3659	1	
3660	4	
3661	6	
3662	9	
3663	2	
3664	1	
3665	4	
3666	3	
3667	2	
3668	3	
3669	1	
3670	4	
3671	2	
3672	9	
3673	2	
3674	10	
3675	4	
3676	10	
3677	3	
3678	5	
3679	2	
3680	1	
3681	2	
3682	1	
3683	6	
3684	3	
3685	1	
3686	3	
3687	9	
3688	9	
3689	10	
3690	2	
3691	3	
3692	7	
3693	10	
3694	9	
3695	1	
3696	2	
3697	3	
3698	8	
3699	7	
3700	2	
3701	2	
3702	1	
3703	1	
3704	1	
3705	5	
3706	3	
3707	9	
3708	3	
3709	7	
3710	8	
3711	7	
3712	7	
3713	4	
3714	7	
3715	8	
3716	7	
3717	1	
3718	3	
3719	2	
3720	1	
3721	10	
3722	4	
3723	4	
3724	8	
3725	1	
3726	7	
3727	4	
3728	8	
3729	4	
3730	7	
3731	4	
3732	9	
3733	2	
3734	10	
3735	2	
3736	7	
3737	2	
3738	3	
3739	3	
3740	1	
3741	2	
3742	6	
3743	7	
3744	9	
3745	4	
3746	3	
3747	5	
3748	2	
3749	5	
3750	3	
3751	2	
3752	5	
3753	10	
3754	5	
3755	9	
3756	10	
3757	4	
3758	8	
3759	7	
3760	7	
3761	6	
3762	6	
3763	7	
3764	7	
3765	2	
3766	6	
3767	4	
3768	2	
3769	10	
3770	10	
3771	5	
3772	4	
3773	6	
3774	4	
3775	2	
3776	8	
3777	9	
3778	2	
3779	10	
3780	4	
3781	4	
3782	6	
3783	2	
3784	2	
3785	9	
3786	10	
3787	5	
3788	3	
3789	4	
3790	9	
3791	5	
3792	1	
3793	7	
3794	6	
3795	10	
3796	7	
3797	1	
3798	9	
3799	6	
3800	5	
3801	8	
3802	4	
3803	6	
3804	1	
3805	6	
3806	6	
3807	7	
3808	5	
3809	7	
3810	8	
3811	4	
3812	8	
3813	7	
3814	3	
3815	5	
3816	9	
3817	3	
3818	2	
3819	9	
3820	5	
3821	7	
3822	7	
3823	10	
3824	7	
3825	3	
3826	10	
3827	7	
3828	1	
3829	7	
3830	7	
3831	10	
3832	6	
3833	10	
3834	1	
3835	10	
3836	10	
3837	7	
3838	5	
3839	5	
3840	8	
3841	1	
3842	6	
3843	4	
3844	1	
3845	9	
3846	6	
3847	4	
3848	4	
3849	2	
3850	9	
3851	4	
3852	4	
3853	8	
3854	3	
3855	5	
3856	6	
3857	10	
3858	4	
3859	3	
3860	8	
3861	6	
3862	10	
3863	3	
3864	1	
3865	9	
3866	7	
3867	8	
3868	6	
3869	9	
3870	6	
3871	9	
3872	8	
3873	6	
3874	5	
3875	7	
3876	6	
3877	10	
3878	4	
3879	2	
3880	4	
3881	1	
3882	4	
3883	4	
3884	4	
3885	2	
3886	9	
3887	2	
3888	4	
3889	7	
3890	9	
3891	1	
3892	7	
3893	7	
3894	5	
3895	10	
3896	9	
3897	6	
3898	2	
3899	1	
3900	7	
3901	5	
3902	3	
3903	4	
3904	2	
3905	1	
3906	9	
3907	10	
3908	3	
3909	1	
3910	10	
3911	3	
3912	4	
3913	2	
3914	8	
3915	10	
3916	3	
3917	8	
3918	1	
3919	5	
3920	2	
3921	1	
3922	8	
3923	10	
3924	1	
3925	2	
3926	4	
3927	4	
3928	2	
3929	6	
3930	3	
3931	2	
3932	3	
3933	4	
3934	1	
3935	10	
3936	8	
3937	10	
3938	10	
3939	1	
3940	7	
3941	3	
3942	4	
3943	10	
3944	9	
3945	9	
3946	6	
3947	7	
3948	6	
3949	1	
3950	5	
3951	6	
3952	9	
3953	9	
3954	2	
3955	9	
3956	7	
3957	8	
3958	6	
3959	7	
3960	5	
3961	2	
3962	4	
3963	5	
3964	2	
3965	9	
3966	7	
3967	10	
3968	7	
3969	10	
3970	7	
3971	8	
3972	9	
3973	6	
3974	7	
3975	8	
3976	10	
3977	5	
3978	10	
3979	6	
3980	3	
3981	3	
3982	4	
3983	9	
3984	2	
3985	2	
3986	2	
3987	9	
3988	9	
3989	9	
3990	8	
3991	2	
3992	10	
3993	2	
3994	3	
3995	3	
3996	6	
3997	3	
3998	6	
3999	5	
4000	4	
4001	8	
4002	10	
4003	7	
4004	4	
4005	7	
4006	4	
4007	7	
4008	7	
4009	5	
4010	7	
4011	6	
4012	3	
4013	3	
4014	4	
4015	7	
4016	3	
4017	6	
4018	8	
4019	4	
4020	6	
4021	9	
4022	6	
4023	6	
4024	7	
4025	7	
4026	5	
4027	3	
4028	10	
4029	6	
4030	1	
4031	6	
4032	8	
4033	6	
4034	7	
4035	3	
4036	1	
4037	1	
4038	2	
4039	8	
4040	3	
4041	5	
4042	4	
4043	3	
4044	3	
4045	2	
4046	4	
4047	4	
4048	9	
4049	10	
4050	1	
4051	4	
4052	9	
4053	9	
4054	3	
4055	8	
4056	3	
4057	10	
4058	4	
4059	1	
4060	6	
4061	5	
4062	8	
4063	3	
4064	2	
4065	4	
4066	3	
4067	10	
4068	2	
4069	5	
4070	6	
4071	9	
4072	9	
4073	6	
4074	6	
4075	8	
4076	3	
4077	4	
4078	9	
4079	4	
4080	9	
4081	1	
4082	8	
4083	2	
4084	9	
4085	2	
4086	6	
4087	9	
4088	3	
4089	1	
4090	2	
4091	4	
4092	2	
4093	7	
4094	8	
4095	1	
4096	6	
4097	3	
4098	8	
4099	3	
4100	7	
4101	4	
4102	2	
4103	8	
4104	3	
4105	5	
4106	2	
4107	2	
4108	8	
4109	2	
4110	1	
4111	2	
4112	4	
4113	3	
4114	10	
4115	2	
4116	10	
4117	5	
4118	6	
4119	9	
4120	2	
4121	1	
4122	9	
4123	5	
4124	9	
4125	5	
4126	8	
4127	9	
4128	3	
4129	3	
4130	8	
4131	9	
4132	9	
4133	10	
4134	1	
4135	3	
4136	4	
4137	7	
4138	2	
4139	9	
4140	1	
4141	7	
4142	1	
4143	6	
4144	9	
4145	7	
4146	3	
4147	6	
4148	9	
4149	1	
4150	8	
4151	5	
4152	7	
4153	5	
4154	5	
4155	1	
4156	8	
4157	1	
4158	5	
4159	3	
4160	4	
4161	2	
4162	5	
4163	2	
4164	4	
4165	10	
4166	6	
4167	5	
4168	7	
4169	10	
4170	8	
4171	6	
4172	4	
4173	4	
4174	2	
4175	8	
4176	6	
4177	4	
4178	2	
4179	1	
4180	9	
4181	8	
4182	4	
4183	8	
4184	10	
4185	6	
4186	7	
4187	9	
4188	4	
4189	6	
4190	2	
4191	9	
4192	7	
4193	9	
4194	1	
4195	1	
4196	9	
4197	1	
4198	1	
4199	5	
4200	1	
4201	7	
4202	1	
4203	2	
4204	6	
4205	7	
4206	5	
4207	2	
4208	4	
4209	9	
4210	4	
4211	6	
4212	6	
4213	5	
4214	1	
4215	6	
4216	2	
4217	4	
4218	9	
4219	5	
4220	8	
4221	3	
4222	7	
4223	3	
4224	1	
4225	5	
4226	1	
4227	1	
4228	8	
4229	9	
4230	5	
4231	6	
4232	10	
4233	9	
4234	9	
4235	1	
4236	6	
4237	9	
4238	9	
4239	8	
4240	10	
4241	1	
4242	9	
4243	5	
4244	9	
4245	7	
4246	6	
4247	4	
4248	10	
4249	6	
4250	1	
4251	10	
4252	7	
4253	2	
4254	7	
4255	6	
4256	1	
4257	7	
4258	7	
4259	5	
4260	7	
4261	7	
4262	3	
4263	5	
4264	7	
4265	2	
4266	9	
4267	4	
4268	5	
4269	9	
4270	2	
4271	5	
4272	2	
4273	8	
4274	5	
4275	5	
4276	1	
4277	5	
4278	9	
4279	5	
4280	9	
4281	1	
4282	8	
4283	9	
4284	3	
4285	8	
4286	7	
4287	5	
4288	2	
4289	4	
4290	5	
4291	10	
4292	7	
4293	6	
4294	8	
4295	7	
4296	5	
4297	3	
4298	9	
4299	4	
4300	6	
4301	3	
4302	5	
4303	5	
4304	7	
4305	9	
4306	4	
4307	7	
4308	3	
4309	6	
4310	5	
4311	1	
4312	9	
4313	10	
4314	8	
4315	2	
4316	10	
4317	8	
4318	7	
4319	4	
4320	5	
4321	2	
4322	10	
4323	6	
4324	9	
4325	5	
4326	9	
4327	8	
4328	7	
4329	10	
4330	1	
4331	2	
4332	3	
4333	7	
4334	3	
4335	6	
4336	8	
4337	1	
4338	3	
4339	10	
4340	4	
4341	8	
4342	1	
4343	1	
4344	5	
4345	2	
4346	7	
4347	2	
4348	6	
4349	3	
4350	6	
4351	2	
4352	2	
4353	6	
4354	1	
4355	4	
4356	6	
4357	3	
4358	10	
4359	6	
4360	4	
4361	1	
4362	2	
4363	3	
4364	5	
4365	4	
4366	6	
4367	5	
4368	9	
4369	4	
4370	3	
4371	2	
4372	8	
4373	9	
4374	7	
4375	7	
4376	8	
4377	3	
4378	5	
4379	6	
4380	6	
4381	2	
4382	7	
4383	8	
4384	4	
4385	3	
4386	9	
4387	9	
4388	3	
4389	8	
4390	6	
4391	10	
4392	4	
4393	4	
4394	9	
4395	6	
4396	5	
4397	10	
4398	3	
4399	6	
4400	7	
4401	3	
4402	4	
4403	10	
4404	8	
4405	6	
4406	2	
4407	9	
4408	8	
4409	2	
4410	4	
4411	9	
4412	6	
4413	8	
4414	2	
4415	7	
4416	8	
4417	6	
4418	9	
4419	3	
4420	4	
4421	7	
4422	4	
4423	6	
4424	10	
4425	2	
4426	5	
4427	5	
4428	7	
4429	7	
4430	3	
4431	5	
4432	8	
4433	3	
4434	5	
4435	3	
4436	7	
4437	7	
4438	6	
4439	1	
4440	1	
4441	10	
4442	1	
4443	6	
4444	9	
4445	3	
4446	10	
4447	3	
4448	10	
4449	8	
4450	6	
4451	5	
4452	6	
4453	1	
4454	9	
4455	6	
4456	2	
4457	6	
4458	9	
4459	10	
4460	6	
4461	6	
4462	3	
4463	6	
4464	4	
4465	3	
4466	9	
4467	1	
4468	7	
4469	7	
4470	5	
4471	1	
4472	3	
4473	5	
4474	6	
4475	1	
4476	2	
4477	9	
4478	10	
4479	7	
4480	5	
4481	5	
4482	8	
4483	2	
4484	6	
4485	6	
4486	7	
4487	10	
4488	9	
4489	9	
4490	9	
4491	1	
4492	2	
4493	6	
4494	2	
4495	1	
4496	7	
4497	6	
4498	9	
4499	9	
4500	3	
4501	8	
4502	9	
4503	3	
4504	7	
4505	8	
4506	4	
4507	1	
4508	7	
4509	9	
4510	9	
4511	4	
4512	8	
4513	2	
4514	10	
4515	9	
4516	9	
4517	7	
4518	7	
4519	6	
4520	5	
4521	4	
4522	2	
4523	7	
4524	5	
4525	8	
4526	10	
4527	5	
4528	5	
4529	6	
4530	3	
4531	10	
4532	4	
4533	10	
4534	10	
4535	2	
4536	2	
4537	6	
4538	7	
4539	3	
4540	9	
4541	3	
4542	4	
4543	1	
4544	2	
4545	10	
4546	5	
4547	5	
4548	10	
4549	5	
4550	4	
4551	5	
4552	2	
4553	8	
4554	1	
4555	6	
4556	7	
4557	9	
4558	10	
4559	4	
4560	6	
4561	10	
4562	10	
4563	3	
4564	9	
4565	8	
4566	6	
4567	7	
4568	6	
4569	6	
4570	8	
4571	9	
4572	5	
4573	9	
4574	5	
4575	6	
4576	6	
4577	5	
4578	3	
4579	10	
4580	5	
4581	1	
4582	8	
4583	9	
4584	8	
4585	1	
4586	9	
4587	9	
4588	9	
4589	6	
4590	7	
4591	8	
4592	1	
4593	7	
4594	7	
4595	3	
4596	3	
4597	1	
4598	2	
4599	2	
4600	2	
4601	3	
4602	3	
4603	1	
4604	8	
4605	6	
4606	1	
4607	6	
4608	6	
4609	10	
4610	7	
4611	3	
4612	6	
4613	8	
4614	3	
4615	3	
4616	9	
4617	8	
4618	1	
4619	7	
4620	8	
4621	5	
4622	5	
4623	10	
4624	7	
4625	7	
4626	6	
4627	10	
4628	6	
4629	6	
4630	7	
4631	8	
4632	3	
4633	7	
4634	6	
4635	5	
4636	3	
4637	1	
4638	7	
4639	8	
4640	7	
4641	2	
4642	4	
4643	1	
4644	6	
4645	2	
4646	9	
4647	5	
4648	2	
4649	8	
4650	9	
4651	4	
4652	7	
4653	3	
4654	1	
4655	2	
4656	8	
4657	3	
4658	6	
4659	3	
4660	3	
4661	10	
4662	9	
4663	8	
4664	4	
4665	1	
4666	9	
4667	9	
4668	2	
4669	4	
4670	10	
4671	8	
4672	10	
4673	9	
4674	1	
4675	8	
4676	5	
4677	8	
4678	6	
4679	8	
4680	5	
4681	7	
4682	10	
4683	7	
4684	5	
4685	1	
4686	6	
4687	2	
4688	1	
4689	6	
4690	6	
4691	5	
4692	3	
4693	9	
4694	7	
4695	9	
4696	5	
4697	2	
4698	3	
4699	7	
4700	6	
4701	2	
4702	3	
4703	2	
4704	10	
4705	4	
4706	10	
4707	3	
4708	8	
4709	1	
4710	4	
4711	10	
4712	2	
4713	8	
4714	1	
4715	5	
4716	1	
4717	7	
4718	5	
4719	8	
4720	9	
4721	1	
4722	1	
4723	9	
4724	6	
4725	4	
4726	10	
4727	9	
4728	1	
4729	2	
4730	3	
4731	10	
4732	8	
4733	2	
4734	8	
4735	6	
4736	7	
4737	5	
4738	6	
4739	1	
4740	9	
4741	3	
4742	10	
4743	5	
4744	8	
4745	8	
4746	6	
4747	10	
4748	9	
4749	2	
4750	3	
4751	8	
4752	3	
4753	1	
4754	4	
4755	4	
4756	5	
4757	6	
4758	5	
4759	9	
4760	3	
4761	6	
4762	6	
4763	2	
4764	6	
4765	5	
4766	4	
4767	8	
4768	6	
4769	6	
4770	6	
4771	9	
4772	4	
4773	9	
4774	6	
4775	7	
4776	7	
4777	1	
4778	6	
4779	5	
4780	9	
4781	1	
4782	6	
4783	1	
4784	5	
4785	4	
4786	9	
4787	10	
4788	9	
4789	6	
4790	4	
4791	2	
4792	5	
4793	1	
4794	7	
4795	3	
4796	3	
4797	7	
4798	4	
4799	2	
4800	6	
4801	5	
4802	9	
4803	5	
4804	2	
4805	10	
4806	1	
4807	3	
4808	9	
4809	8	
4810	4	
4811	4	
4812	10	
4813	7	
4814	3	
4815	7	
4816	10	
4817	3	
4818	1	
4819	9	
4820	7	
4821	1	
4822	10	
4823	5	
4824	8	
4825	8	
4826	10	
4827	4	
4828	8	
4829	5	
4830	6	
4831	7	
4832	3	
4833	2	
4834	10	
4835	8	
4836	10	
4837	5	
4838	2	
4839	10	
4840	6	
4841	8	
4842	6	
4843	5	
4844	10	
4845	10	
4846	2	
4847	10	
4848	1	
4849	9	
4850	1	
4851	6	
4852	8	
4853	3	
4854	2	
4855	7	
4856	2	
4857	10	
4858	4	
4859	3	
4860	4	
4861	8	
4862	3	
4863	5	
4864	7	
4865	5	
4866	1	
4867	1	
4868	3	
4869	5	
4870	7	
4871	9	
4872	10	
4873	10	
4874	7	
4875	8	
4876	3	
4877	3	
4878	10	
4879	3	
4880	7	
4881	3	
4882	8	
4883	7	
4884	2	
4885	8	
4886	3	
4887	6	
4888	9	
4889	1	
4890	6	
4891	2	
4892	7	
4893	2	
4894	2	
4895	3	
4896	4	
4897	9	
4898	9	
4899	4	
4900	6	
4901	6	
4902	3	
4903	9	
4904	6	
4905	7	
4906	3	
4907	7	
4908	8	
4909	7	
4910	7	
4911	10	
4912	7	
4913	9	
4914	9	
4915	10	
4916	4	
4917	9	
4918	2	
4919	7	
4920	5	
4921	2	
4922	10	
4923	7	
4924	6	
4925	10	
4926	9	
4927	6	
4928	4	
4929	9	
4930	3	
4931	3	
4932	3	
4933	9	
4934	7	
4935	2	
4936	10	
4937	5	
4938	6	
4939	8	
4940	2	
4941	3	
4942	5	
4943	9	
4944	1	
4945	4	
4946	4	
4947	10	
4948	7	
4949	10	
4950	7	
4951	1	
4952	1	
4953	10	
4954	7	
4955	10	
4956	4	
4957	1	
4958	7	
4959	2	
4960	7	
4961	9	
4962	5	
4963	7	
4964	3	
4965	7	
4966	7	
4967	3	
4968	10	
4969	1	
4970	4	
4971	6	
4972	7	
4973	2	
4974	2	
4975	6	
4976	2	
4977	5	
4978	7	
4979	8	
4980	7	
4981	4	
4982	5	
4983	10	
4984	8	
4985	1	
4986	10	
4987	6	
4988	3	
4989	8	
4990	1	
4991	2	
4992	2	
4993	2	
4994	8	
4995	2	
4996	1	
4997	6	
4998	2	
4999	5	
5000	9	
821
