5000
1	889	
2	301	
3	139	
4	476	
5	141	
6	627	
7	862	
8	197	
9	438	
10	451	
11	845	
12	708	
13	821	
14	877	
15	390	
16	254	
17	86	
18	521	
19	954	
20	791	
21	190	
22	849	
23	277	
24	48	
25	806	
26	777	
27	339	
28	129	
29	39	
30	960	
31	667	
32	293	
33	317	
34	910	
35	221	
36	106	
37	901	
38	798	
39	141	
40	344	
41	48	
42	867	
43	823	
44	183	
45	352	
46	692	
47	507	
48	803	
49	288	
50	17	
51	120	
52	689	
53	670	
54	949	
55	290	
56	985	
57	394	
58	652	
59	813	
60	115	
61	790	
62	988	
63	145	
64	852	
65	357	
66	701	
67	326	
68	576	
69	349	
70	467	
71	487	
72	759	
73	295	
74	328	
75	513	
76	642	
77	988	
78	516	
79	570	
80	460	
81	927	
82	503	
83	652	
84	91	
85	799	
86	763	
87	617	
88	949	
89	491	
90	700	
91	782	
92	446	
93	462	
94	449	
95	505	
96	582	
97	274	
98	354	
99	805	
100	61	
101	494	
102	425	
103	979	
104	161	
105	338	
106	75	
107	968	
108	748	
109	128	
110	398	
111	412	
112	336	
113	842	
114	290	
115	502	
116	132	
117	608	
118	554	
119	570	
120	278	
121	129	
122	2	
123	413	
124	232	
125	854	
126	64	
127	453	
128	453	
129	36	
130	324	
131	179	
132	66	
133	720	
134	297	
135	890	
136	751	
137	266	
138	92	
139	279	
140	173	
141	276	
142	770	
143	56	
144	736	
145	242	
146	427	
147	759	
148	92	
149	538	
150	723	
151	198	
152	154	
153	603	
154	741	
155	371	
156	577	
157	279	
158	416	
159	571	
160	990	
161	874	
162	396	
163	191	
164	111	
165	898	
166	963	
167	4	
168	465	
169	407	
170	938	
171	668	
172	31	
173	34	
174	95	
175	680	
176	60	
177	951	
178	698	
179	519	
180	773	
181	532	
182	510	
183	885	
184	33	
185	10	
186	614	
187	679	
188	290	
189	185	
190	290	
191	211	
192	876	
193	573	
194	905	
195	426	
196	75	
197	357	
198	839	
199	608	
200	214	
201	384	
202	142	
203	48	
204	512	
205	464	
206	206	
207	889	
208	27	
209	752	
210	886	
211	133	
212	173	
213	936	
214	610	
215	271	
216	332	
217	989	
218	557	
219	314	
220	99	
221	43	
222	342	
223	758	
224	389	
225	149	
226	693	
227	540	
228	470	
229	760	
230	772	
231	342	
232	967	
233	254	
234	447	
235	538	
236	793	
237	614	
238	774	
239	214	
240	814	
241	926	
242	728	
243	130	
244	932	
245	59	
246	592	
247	435	
248	675	
249	733	
250	217	
251	708	
252	188	
253	262	
254	739	
255	44	
256	586	
257	793	
258	685	
259	644	
260	498	
261	660	
262	258	
263	960	
264	924	
265	144	
266	143	
267	899	
268	89	
269	6	
270	936	
271	853	
272	692	
273	65	
274	464	
275	878	
276	483	
277	256	
278	799	
279	234	
280	109	
281	18	
282	971	
283	812	
284	940	
285	897	
286	122	
287	492	
288	162	
289	898	
290	324	
291	419	
292	901	
293	201	
294	403	
295	404	
296	308	
297	103	
298	723	
299	227	
300	89	
301	677	
302	716	
303	695	
304	750	
305	728	
306	965	
307	920	
308	482	
309	717	
310	296	
311	67	
312	531	
313	571	
314	867	
315	19	
316	595	
317	38	
318	770	
319	303	
320	510	
321	175	
322	432	
323	729	
324	143	
325	438	
326	604	
327	987	
328	832	
329	971	
330	398	
331	857	
332	944	
333	150	
334	289	
335	595	
336	4	
337	788	
338	704	
339	281	
340	857	
341	258	
342	187	
343	279	
344	669	
345	337	
346	56	
347	753	
348	523	
349	394	
350	684	
351	69	
352	53	
353	97	
354	705	
355	93	
356	794	
357	572	
358	512	
359	700	
360	255	
361	107	
362	982	
363	942	
364	359	
365	351	
366	640	
367	866	
368	533	
369	260	
370	112	
371	217	
372	991	
373	57	
374	383	
375	157	
376	34	
377	428	
378	323	
379	325	
380	754	
381	104	
382	872	
383	245	
384	832	
385	192	
386	464	
387	240	
388	875	
389	203	
390	421	
391	272	
392	322	
393	328	
394	819	
395	177	
396	926	
397	697	
398	481	
399	323	
400	234	
401	529	
402	726	
403	47	
404	836	
405	903	
406	805	
407	863	
408	787	
409	339	
410	691	
411	888	
412	320	
413	902	
414	310	
415	184	
416	663	
417	956	
418	965	
419	697	
420	77	
421	570	
422	996	
423	838	
424	201	
425	161	
426	910	
427	147	
428	925	
429	195	
430	195	
431	64	
432	75	
433	891	
434	666	
435	84	
436	570	
437	711	
438	29	
439	195	
440	160	
441	247	
442	721	
443	169	
444	23	
445	396	
446	813	
447	726	
448	490	
449	140	
450	272	
451	874	
452	518	
453	42	
454	12	
455	935	
456	243	
457	368	
458	247	
459	580	
460	835	
461	54	
462	231	
463	630	
464	263	
465	713	
466	603	
467	583	
468	287	
469	407	
470	550	
471	401	
472	440	
473	399	
474	293	
475	361	
476	292	
477	12	
478	5	
479	462	
480	536	
481	672	
482	856	
483	176	
484	599	
485	586	
486	494	
487	347	
488	601	
489	906	
490	230	
491	628	
492	776	
493	906	
494	868	
495	856	
496	87	
497	804	
498	178	
499	201	
500	19	
501	800	
502	609	
503	362	
504	276	
505	124	
506	838	
507	864	
508	674	
509	548	
510	776	
511	913	
512	665	
513	417	
514	181	
515	806	
516	887	
517	619	
518	578	
519	514	
520	811	
521	746	
522	770	
523	185	
524	973	
525	294	
526	139	
527	724	
528	611	
529	340	
530	326	
531	826	
532	775	
533	705	
534	38	
535	38	
536	187	
537	806	
538	781	
539	405	
540	679	
541	892	
542	419	
543	446	
544	767	
545	87	
546	833	
547	514	
548	383	
549	117	
550	823	
551	963	
552	880	
553	542	
554	828	
555	942	
556	482	
557	371	
558	12	
559	571	
560	930	
561	760	
562	280	
563	449	
564	971	
565	339	
566	908	
567	68	
568	990	
569	364	
570	114	
571	665	
572	684	
573	53	
574	921	
575	390	
576	288	
577	770	
578	682	
579	516	
580	343	
581	231	
582	14	
583	190	
584	753	
585	326	
586	395	
587	337	
588	183	
589	912	
590	246	
591	772	
592	44	
593	929	
594	776	
595	527	
596	534	
597	510	
598	91	
599	45	
600	781	
601	407	
602	900	
603	459	
604	256	
605	751	
606	216	
607	777	
608	740	
609	257	
610	376	
611	669	
612	366	
613	226	
614	239	
615	213	
616	869	
617	124	
618	912	
619	435	
620	923	
621	134	
622	754	
623	528	
624	347	
625	798	
626	414	
627	435	
628	34	
629	945	
630	549	
631	937	
632	239	
633	183	
634	676	
635	5	
636	284	
637	274	
638	57	
639	926	
640	468	
641	805	
642	92	
643	373	
644	341	
645	270	
646	105	
647	678	
648	101	
649	941	
650	19	
651	300	
652	743	
653	885	
654	816	
655	670	
656	965	
657	392	
658	97	
659	191	
660	140	
661	309	
662	952	
663	239	
664	493	
665	315	
666	537	
667	812	
668	72	
669	893	
670	43	
671	422	
672	624	
673	693	
674	198	
675	460	
676	3	
677	546	
678	461	
679	241	
680	249	
681	732	
682	795	
683	691	
684	842	
685	396	
686	79	
687	624	
688	370	
689	999	
690	977	
691	136	
692	639	
693	297	
694	556	
695	928	
696	838	
697	820	
698	604	
699	483	
700	51	
701	896	
702	663	
703	112	
704	407	
705	698	
706	830	
707	273	
708	114	
709	575	
710	674	
711	503	
712	40	
713	799	
714	97	
715	25	
716	221	
717	132	
718	896	
719	387	
720	604	
721	34	
722	608	
723	545	
724	64	
725	887	
726	298	
727	675	
728	131	
729	369	
730	693	
731	480	
732	646	
733	476	
734	205	
735	317	
736	219	
737	884	
738	379	
739	788	
740	247	
741	92	
742	937	
743	856	
744	155	
745	879	
746	508	
747	245	
748	288	
749	829	
750	794	
751	618	
752	408	
753	946	
754	467	
755	424	
756	538	
757	196	
758	434	
759	681	
760	980	
761	244	
762	251	
763	692	
764	456	
765	937	
766	860	
767	597	
768	129	
769	898	
770	190	
771	111	
772	981	
773	898	
774	314	
775	595	
776	754	
777	483	
778	965	
779	200	
780	914	
781	166	
782	342	
783	139	
784	225	
785	311	
786	237	
787	589	
788	875	
789	323	
790	572	
791	122	
792	17	
793	250	
794	207	
795	438	
796	410	
797	167	
798	629	
799	543	
800	451	
801	941	
802	926	
803	880	
804	914	
805	265	
806	572	
807	298	
808	268	
809	156	
810	124	
811	690	
812	164	
813	928	
814	148	
815	607	
816	149	
817	672	
818	444	
819	650	
820	948	
821	618	
822	727	
823	398	
824	617	
825	966	
826	321	
827	151	
828	660	
829	909	
830	79	
831	317	
832	737	
833	236	
834	500	
835	127	
836	382	
837	256	
838	408	
839	754	
840	162	
841	178	
842	512	
843	370	
844	638	
845	906	
846	491	
847	29	
848	861	
849	942	
850	377	
851	13	
852	324	
853	753	
854	292	
855	755	
856	940	
857	773	
858	320	
859	910	
860	261	
861	708	
862	540	
863	260	
864	523	
865	120	
866	151	
867	566	
868	307	
869	960	
870	46	
871	525	
872	251	
873	404	
874	722	
875	681	
876	319	
877	773	
878	852	
879	14	
880	648	
881	528	
882	795	
883	230	
884	693	
885	122	
886	450	
887	716	
888	123	
889	986	
890	77	
891	245	
892	302	
893	115	
894	329	
895	374	
896	800	
897	337	
898	905	
899	26	
900	430	
901	337	
902	397	
903	347	
904	528	
905	203	
906	442	
907	222	
908	336	
909	681	
910	423	
911	522	
912	215	
913	911	
914	667	
915	238	
916	492	
917	426	
918	730	
919	575	
920	550	
921	707	
922	103	
923	897	
924	351	
925	459	
926	777	
927	291	
928	993	
929	414	
930	935	
931	814	
932	530	
933	978	
934	78	
935	508	
936	361	
937	63	
938	767	
939	98	
940	392	
941	790	
942	403	
943	824	
944	178	
945	187	
946	113	
947	525	
948	51	
949	260	
950	300	
951	949	
952	277	
953	17	
954	719	
955	397	
956	759	
957	820	
958	274	
959	979	
960	901	
961	672	
962	684	
963	672	
964	701	
965	316	
966	448	
967	487	
968	845	
969	647	
970	354	
971	877	
972	760	
973	394	
974	41	
975	137	
976	400	
977	227	
978	556	
979	898	
980	42	
981	462	
982	231	
983	454	
984	959	
985	476	
986	669	
987	407	
988	583	
989	973	
990	116	
991	949	
992	93	
993	775	
994	454	
995	665	
996	576	
997	726	
998	452	
999	397	
1000	829	
1001	284	
1002	371	
1003	406	
1004	368	
1005	744	
1006	400	
1007	756	
1008	18	
1009	696	
1010	957	
1011	774	
1012	553	
1013	985	
1014	732	
1015	721	
1016	213	
1017	427	
1018	56	
1019	360	
1020	822	
1021	599	
1022	145	
1023	378	
1024	785	
1025	970	
1026	110	
1027	264	
1028	786	
1029	153	
1030	778	
1031	909	
1032	737	
1033	253	
1034	9	
1035	6	
1036	727	
1037	174	
1038	633	
1039	570	
1040	543	
1041	385	
1042	28	
1043	473	
1044	607	
1045	612	
1046	530	
1047	606	
1048	422	
1049	622	
1050	897	
1051	39	
1052	757	
1053	994	
1054	294	
1055	433	
1056	408	
1057	762	
1058	443	
1059	758	
1060	116	
1061	685	
1062	985	
1063	816	
1064	416	
1065	635	
1066	316	
1067	349	
1068	254	
1069	565	
1070	868	
1071	259	
1072	712	
1073	648	
1074	936	
1075	330	
1076	469	
1077	408	
1078	578	
1079	439	
1080	163	
1081	407	
1082	471	
1083	93	
1084	660	
1085	453	
1086	470	
1087	331	
1088	203	
1089	974	
1090	638	
1091	867	
1092	30	
1093	409	
1094	26	
1095	318	
1096	195	
1097	238	
1098	942	
1099	178	
1100	908	
1101	189	
1102	952	
1103	686	
1104	821	
1105	18	
1106	514	
1107	466	
1108	338	
1109	613	
1110	372	
1111	938	
1112	596	
1113	812	
1114	404	
1115	625	
1116	66	
1117	513	
1118	919	
1119	544	
1120	426	
1121	600	
1122	575	
1123	622	
1124	55	
1125	110	
1126	252	
1127	686	
1128	201	
1129	861	
1130	733	
1131	126	
1132	394	
1133	397	
1134	574	
1135	980	
1136	749	
1137	474	
1138	969	
1139	185	
1140	719	
1141	858	
1142	719	
1143	991	
1144	360	
1145	621	
1146	245	
1147	700	
1148	904	
1149	157	
1150	634	
1151	511	
1152	356	
1153	797	
1154	413	
1155	104	
1156	80	
1157	300	
1158	168	
1159	505	
1160	188	
1161	49	
1162	249	
1163	89	
1164	976	
1165	645	
1166	126	
1167	45	
1168	361	
1169	62	
1170	974	
1171	398	
1172	700	
1173	296	
1174	236	
1175	808	
1176	384	
1177	587	
1178	917	
1179	350	
1180	942	
1181	882	
1182	846	
1183	433	
1184	682	
1185	696	
1186	369	
1187	904	
1188	320	
1189	738	
1190	150	
1191	567	
1192	81	
1193	289	
1194	356	
1195	682	
1196	854	
1197	655	
1198	351	
1199	464	
1200	169	
1201	559	
1202	257	
1203	962	
1204	200	
1205	934	
1206	347	
1207	514	
1208	67	
1209	22	
1210	226	
1211	959	
1212	443	
1213	728	
1214	956	
1215	213	
1216	387	
1217	735	
1218	586	
1219	631	
1220	32	
1221	401	
1222	190	
1223	991	
1224	339	
1225	422	
1226	796	
1227	89	
1228	451	
1229	257	
1230	34	
1231	190	
1232	740	
1233	108	
1234	809	
1235	276	
1236	316	
1237	294	
1238	603	
1239	80	
1240	619	
1241	838	
1242	485	
1243	742	
1244	144	
1245	518	
1246	204	
1247	372	
1248	256	
1249	586	
1250	273	
1251	901	
1252	8	
1253	304	
1254	623	
1255	834	
1256	263	
1257	184	
1258	257	
1259	936	
1260	967	
1261	83	
1262	118	
1263	622	
1264	299	
1265	702	
1266	655	
1267	93	
1268	96	
1269	269	
1270	749	
1271	440	
1272	893	
1273	258	
1274	797	
1275	603	
1276	677	
1277	421	
1278	661	
1279	110	
1280	585	
1281	266	
1282	454	
1283	369	
1284	872	
1285	112	
1286	457	
1287	551	
1288	888	
1289	735	
1290	884	
1291	421	
1292	844	
1293	943	
1294	924	
1295	473	
1296	14	
1297	460	
1298	882	
1299	589	
1300	411	
1301	854	
1302	976	
1303	595	
1304	372	
1305	442	
1306	555	
1307	200	
1308	17	
1309	12	
1310	600	
1311	747	
1312	917	
1313	47	
1314	280	
1315	196	
1316	935	
1317	137	
1318	278	
1319	967	
1320	116	
1321	618	
1322	109	
1323	960	
1324	136	
1325	570	
1326	148	
1327	671	
1328	660	
1329	767	
1330	291	
1331	403	
1332	262	
1333	935	
1334	165	
1335	264	
1336	822	
1337	672	
1338	550	
1339	211	
1340	548	
1341	605	
1342	492	
1343	18	
1344	525	
1345	225	
1346	608	
1347	198	
1348	725	
1349	362	
1350	988	
1351	210	
1352	428	
1353	169	
1354	987	
1355	851	
1356	803	
1357	943	
1358	789	
1359	695	
1360	85	
1361	895	
1362	546	
1363	832	
1364	712	
1365	488	
1366	204	
1367	104	
1368	43	
1369	90	
1370	295	
1371	284	
1372	224	
1373	189	
1374	907	
1375	931	
1376	617	
1377	911	
1378	190	
1379	838	
1380	19	
1381	28	
1382	707	
1383	23	
1384	904	
1385	357	
1386	207	
1387	323	
1388	614	
1389	796	
1390	88	
1391	714	
1392	403	
1393	500	
1394	295	
1395	691	
1396	778	
1397	499	
1398	164	
1399	891	
1400	413	
1401	768	
1402	958	
1403	780	
1404	803	
1405	999	
1406	738	
1407	239	
1408	160	
1409	738	
1410	369	
1411	21	
1412	897	
1413	367	
1414	820	
1415	63	
1416	751	
1417	366	
1418	305	
1419	499	
1420	257	
1421	818	
1422	629	
1423	688	
1424	980	
1425	773	
1426	201	
1427	390	
1428	540	
1429	85	
1430	94	
1431	560	
1432	154	
1433	627	
1434	211	
1435	243	
1436	597	
1437	513	
1438	524	
1439	822	
1440	691	
1441	713	
1442	746	
1443	330	
1444	895	
1445	178	
1446	511	
1447	682	
1448	393	
1449	796	
1450	792	
1451	561	
1452	419	
1453	992	
1454	987	
1455	680	
1456	456	
1457	522	
1458	296	
1459	614	
1460	93	
1461	785	
1462	18	
1463	512	
1464	650	
1465	619	
1466	989	
1467	617	
1468	775	
1469	195	
1470	903	
1471	392	
1472	73	
1473	397	
1474	400	
1475	814	
1476	828	
1477	334	
1478	283	
1479	511	
1480	640	
1481	238	
1482	845	
1483	830	
1484	317	
1485	263	
1486	475	
1487	491	
1488	505	
1489	389	
1490	726	
1491	878	
1492	302	
1493	317	
1494	495	
1495	938	
1496	246	
1497	176	
1498	812	
1499	245	
1500	985	
1501	791	
1502	699	
1503	532	
1504	891	
1505	750	
1506	436	
1507	401	
1508	937	
1509	418	
1510	265	
1511	14	
1512	242	
1513	893	
1514	663	
1515	169	
1516	415	
1517	759	
1518	204	
1519	792	
1520	372	
1521	804	
1522	624	
1523	676	
1524	815	
1525	282	
1526	558	
1527	487	
1528	734	
1529	569	
1530	778	
1531	263	
1532	539	
1533	715	
1534	970	
1535	43	
1536	921	
1537	667	
1538	30	
1539	802	
1540	125	
1541	223	
1542	17	
1543	897	
1544	127	
1545	968	
1546	336	
1547	827	
1548	16	
1549	519	
1550	711	
1551	288	
1552	932	
1553	383	
1554	393	
1555	264	
1556	695	
1557	399	
1558	151	
1559	175	
1560	625	
1561	183	
1562	293	
1563	369	
1564	748	
1565	287	
1566	849	
1567	804	
1568	698	
1569	949	
1570	333	
1571	402	
1572	225	
1573	157	
1574	194	
1575	182	
1576	896	
1577	584	
1578	261	
1579	428	
1580	161	
1581	8	
1582	788	
1583	619	
1584	175	
1585	63	
1586	103	
1587	644	
1588	911	
1589	845	
1590	17	
1591	577	
1592	224	
1593	345	
1594	301	
1595	89	
1596	45	
1597	4	
1598	779	
1599	240	
1600	575	
1601	531	
1602	570	
1603	41	
1604	469	
1605	859	
1606	293	
1607	742	
1608	877	
1609	181	
1610	249	
1611	579	
1612	450	
1613	17	
1614	42	
1615	696	
1616	606	
1617	556	
1618	891	
1619	158	
1620	494	
1621	796	
1622	484	
1623	454	
1624	259	
1625	480	
1626	843	
1627	375	
1628	493	
1629	834	
1630	878	
1631	711	
1632	703	
1633	462	
1634	301	
1635	78	
1636	576	
1637	842	
1638	786	
1639	904	
1640	38	
1641	654	
1642	522	
1643	41	
1644	58	
1645	539	
1646	794	
1647	840	
1648	152	
1649	126	
1650	836	
1651	950	
1652	501	
1653	459	
1654	178	
1655	582	
1656	889	
1657	763	
1658	695	
1659	108	
1660	325	
1661	312	
1662	995	
1663	96	
1664	972	
1665	14	
1666	341	
1667	650	
1668	403	
1669	578	
1670	336	
1671	213	
1672	330	
1673	588	
1674	824	
1675	861	
1676	738	
1677	902	
1678	516	
1679	235	
1680	30	
1681	812	
1682	291	
1683	93	
1684	348	
1685	979	
1686	513	
1687	736	
1688	515	
1689	396	
1690	921	
1691	752	
1692	684	
1693	127	
1694	905	
1695	476	
1696	811	
1697	834	
1698	667	
1699	908	
1700	445	
1701	18	
1702	816	
1703	100	
1704	73	
1705	270	
1706	12	
1707	369	
1708	897	
1709	225	
1710	255	
1711	240	
1712	944	
1713	30	
1714	824	
1715	515	
1716	2	
1717	347	
1718	753	
1719	165	
1720	553	
1721	488	
1722	576	
1723	35	
1724	284	
1725	631	
1726	129	
1727	370	
1728	255	
1729	531	
1730	638	
1731	749	
1732	127	
1733	747	
1734	993	
1735	174	
1736	13	
1737	750	
1738	334	
1739	74	
1740	296	
1741	677	
1742	492	
1743	320	
1744	365	
1745	326	
1746	426	
1747	7	
1748	32	
1749	485	
1750	220	
1751	989	
1752	418	
1753	810	
1754	28	
1755	188	
1756	378	
1757	895	
1758	123	
1759	764	
1760	678	
1761	353	
1762	895	
1763	285	
1764	369	
1765	732	
1766	20	
1767	771	
1768	988	
1769	913	
1770	142	
1771	603	
1772	895	
1773	994	
1774	498	
1775	586	
1776	206	
1777	794	
1778	282	
1779	979	
1780	678	
1781	974	
1782	815	
1783	495	
1784	534	
1785	792	
1786	303	
1787	43	
1788	545	
1789	160	
1790	806	
1791	55	
1792	272	
1793	595	
1794	702	
1795	340	
1796	402	
1797	62	
1798	353	
1799	11	
1800	814	
1801	186	
1802	403	
1803	714	
1804	909	
1805	671	
1806	962	
1807	495	
1808	626	
1809	954	
1810	800	
1811	580	
1812	131	
1813	673	
1814	821	
1815	771	
1816	383	
1817	859	
1818	223	
1819	506	
1820	775	
1821	954	
1822	579	
1823	262	
1824	967	
1825	810	
1826	610	
1827	96	
1828	163	
1829	1	
1830	711	
1831	877	
1832	780	
1833	23	
1834	534	
1835	407	
1836	947	
1837	13	
1838	524	
1839	567	
1840	586	
1841	759	
1842	611	
1843	988	
1844	728	
1845	508	
1846	596	
1847	771	
1848	795	
1849	554	
1850	116	
1851	767	
1852	541	
1853	68	
1854	785	
1855	551	
1856	73	
1857	982	
1858	388	
1859	828	
1860	284	
1861	364	
1862	119	
1863	505	
1864	998	
1865	432	
1866	86	
1867	771	
1868	648	
1869	739	
1870	223	
1871	609	
1872	774	
1873	585	
1874	315	
1875	707	
1876	348	
1877	431	
1878	789	
1879	821	
1880	419	
1881	398	
1882	895	
1883	602	
1884	306	
1885	559	
1886	442	
1887	858	
1888	734	
1889	614	
1890	508	
1891	662	
1892	716	
1893	752	
1894	97	
1895	329	
1896	724	
1897	703	
1898	700	
1899	854	
1900	126	
1901	266	
1902	268	
1903	614	
1904	333	
1905	711	
1906	66	
1907	377	
1908	136	
1909	228	
1910	623	
1911	161	
1912	486	
1913	783	
1914	288	
1915	468	
1916	767	
1917	194	
1918	931	
1919	657	
1920	695	
1921	378	
1922	193	
1923	79	
1924	380	
1925	693	
1926	524	
1927	187	
1928	237	
1929	746	
1930	728	
1931	800	
1932	538	
1933	730	
1934	195	
1935	806	
1936	912	
1937	898	
1938	190	
1939	845	
1940	836	
1941	992	
1942	523	
1943	281	
1944	917	
1945	708	
1946	687	
1947	973	
1948	188	
1949	222	
1950	615	
1951	633	
1952	628	
1953	84	
1954	436	
1955	615	
1956	132	
1957	698	
1958	657	
1959	759	
1960	689	
1961	241	
1962	305	
1963	840	
1964	415	
1965	202	
1966	923	
1967	600	
1968	31	
1969	282	
1970	136	
1971	152	
1972	519	
1973	174	
1974	633	
1975	330	
1976	95	
1977	558	
1978	907	
1979	36	
1980	520	
1981	107	
1982	588	
1983	749	
1984	373	
1985	146	
1986	868	
1987	477	
1988	531	
1989	992	
1990	111	
1991	798	
1992	810	
1993	565	
1994	96	
1995	607	
1996	291	
1997	483	
1998	389	
1999	997	
2000	137	
2001	478	
2002	31	
2003	833	
2004	154	
2005	228	
2006	968	
2007	287	
2008	205	
2009	252	
2010	508	
2011	299	
2012	212	
2013	64	
2014	170	
2015	683	
2016	737	
2017	676	
2018	955	
2019	777	
2020	930	
2021	334	
2022	759	
2023	272	
2024	166	
2025	406	
2026	892	
2027	540	
2028	614	
2029	141	
2030	664	
2031	604	
2032	855	
2033	655	
2034	452	
2035	321	
2036	565	
2037	371	
2038	649	
2039	430	
2040	887	
2041	551	
2042	436	
2043	807	
2044	799	
2045	918	
2046	843	
2047	716	
2048	968	
2049	780	
2050	38	
2051	621	
2052	120	
2053	221	
2054	241	
2055	236	
2056	101	
2057	867	
2058	886	
2059	784	
2060	154	
2061	591	
2062	581	
2063	206	
2064	273	
2065	165	
2066	102	
2067	480	
2068	711	
2069	170	
2070	987	
2071	496	
2072	988	
2073	383	
2074	160	
2075	83	
2076	242	
2077	573	
2078	557	
2079	55	
2080	28	
2081	575	
2082	64	
2083	159	
2084	190	
2085	997	
2086	980	
2087	156	
2088	233	
2089	909	
2090	446	
2091	475	
2092	781	
2093	90	
2094	564	
2095	611	
2096	958	
2097	31	
2098	462	
2099	181	
2100	233	
2101	770	
2102	839	
2103	220	
2104	749	
2105	675	
2106	795	
2107	148	
2108	45	
2109	284	
2110	200	
2111	189	
2112	531	
2113	264	
2114	335	
2115	207	
2116	108	
2117	117	
2118	521	
2119	837	
2120	743	
2121	924	
2122	507	
2123	644	
2124	55	
2125	158	
2126	484	
2127	746	
2128	126	
2129	462	
2130	644	
2131	553	
2132	554	
2133	307	
2134	925	
2135	371	
2136	786	
2137	804	
2138	59	
2139	421	
2140	711	
2141	660	
2142	29	
2143	38	
2144	549	
2145	565	
2146	171	
2147	422	
2148	345	
2149	382	
2150	423	
2151	281	
2152	170	
2153	463	
2154	174	
2155	148	
2156	777	
2157	42	
2158	614	
2159	684	
2160	723	
2161	273	
2162	808	
2163	844	
2164	899	
2165	716	
2166	596	
2167	765	
2168	42	
2169	250	
2170	625	
2171	452	
2172	689	
2173	460	
2174	604	
2175	129	
2176	379	
2177	127	
2178	197	
2179	852	
2180	934	
2181	840	
2182	424	
2183	200	
2184	464	
2185	119	
2186	991	
2187	42	
2188	803	
2189	558	
2190	10	
2191	505	
2192	227	
2193	353	
2194	545	
2195	197	
2196	572	
2197	454	
2198	389	
2199	769	
2200	894	
2201	924	
2202	852	
2203	50	
2204	411	
2205	421	
2206	508	
2207	983	
2208	869	
2209	677	
2210	61	
2211	881	
2212	26	
2213	786	
2214	449	
2215	930	
2216	602	
2217	188	
2218	717	
2219	631	
2220	364	
2221	140	
2222	695	
2223	200	
2224	502	
2225	78	
2226	879	
2227	876	
2228	148	
2229	1000	
2230	208	
2231	256	
2232	390	
2233	651	
2234	957	
2235	254	
2236	948	
2237	175	
2238	702	
2239	704	
2240	306	
2241	904	
2242	11	
2243	844	
2244	310	
2245	493	
2246	957	
2247	478	
2248	527	
2249	837	
2250	369	
2251	75	
2252	470	
2253	442	
2254	54	
2255	418	
2256	726	
2257	951	
2258	715	
2259	979	
2260	284	
2261	348	
2262	812	
2263	465	
2264	769	
2265	614	
2266	684	
2267	169	
2268	341	
2269	897	
2270	714	
2271	595	
2272	627	
2273	248	
2274	622	
2275	966	
2276	858	
2277	328	
2278	530	
2279	21	
2280	232	
2281	371	
2282	523	
2283	149	
2284	694	
2285	328	
2286	950	
2287	134	
2288	816	
2289	29	
2290	957	
2291	832	
2292	324	
2293	271	
2294	122	
2295	245	
2296	528	
2297	422	
2298	536	
2299	875	
2300	21	
2301	516	
2302	223	
2303	224	
2304	424	
2305	492	
2306	14	
2307	150	
2308	365	
2309	420	
2310	632	
2311	310	
2312	580	
2313	389	
2314	586	
2315	198	
2316	350	
2317	895	
2318	648	
2319	165	
2320	487	
2321	256	
2322	949	
2323	772	
2324	691	
2325	460	
2326	473	
2327	388	
2328	170	
2329	971	
2330	626	
2331	27	
2332	909	
2333	423	
2334	726	
2335	513	
2336	976	
2337	437	
2338	405	
2339	277	
2340	712	
2341	601	
2342	681	
2343	754	
2344	453	
2345	172	
2346	518	
2347	606	
2348	862	
2349	223	
2350	700	
2351	887	
2352	849	
2353	599	
2354	362	
2355	478	
2356	618	
2357	497	
2358	266	
2359	637	
2360	744	
2361	684	
2362	138	
2363	298	
2364	829	
2365	507	
2366	943	
2367	28	
2368	548	
2369	962	
2370	681	
2371	226	
2372	491	
2373	78	
2374	435	
2375	1	
2376	504	
2377	664	
2378	281	
2379	220	
2380	702	
2381	392	
2382	393	
2383	699	
2384	287	
2385	267	
2386	53	
2387	223	
2388	64	
2389	462	
2390	173	
2391	609	
2392	418	
2393	314	
2394	295	
2395	856	
2396	20	
2397	744	
2398	305	
2399	841	
2400	428	
2401	524	
2402	298	
2403	351	
2404	37	
2405	76	
2406	782	
2407	786	
2408	432	
2409	384	
2410	729	
2411	817	
2412	645	
2413	353	
2414	168	
2415	978	
2416	592	
2417	315	
2418	885	
2419	382	
2420	270	
2421	909	
2422	778	
2423	864	
2424	135	
2425	893	
2426	594	
2427	812	
2428	619	
2429	702	
2430	300	
2431	58	
2432	807	
2433	507	
2434	977	
2435	377	
2436	135	
2437	275	
2438	603	
2439	102	
2440	203	
2441	533	
2442	942	
2443	181	
2444	236	
2445	11	
2446	129	
2447	772	
2448	957	
2449	40	
2450	59	
2451	156	
2452	148	
2453	171	
2454	200	
2455	113	
2456	128	
2457	60	
2458	762	
2459	399	
2460	866	
2461	364	
2462	970	
2463	789	
2464	998	
2465	726	
2466	958	
2467	651	
2468	169	
2469	922	
2470	490	
2471	165	
2472	906	
2473	486	
2474	594	
2475	503	
2476	754	
2477	29	
2478	99	
2479	168	
2480	638	
2481	114	
2482	111	
2483	201	
2484	65	
2485	523	
2486	911	
2487	765	
2488	988	
2489	544	
2490	408	
2491	480	
2492	1000	
2493	402	
2494	833	
2495	802	
2496	80	
2497	662	
2498	393	
2499	507	
2500	2	
2501	746	
2502	83	
2503	702	
2504	100	
2505	964	
2506	394	
2507	584	
2508	968	
2509	736	
2510	199	
2511	871	
2512	178	
2513	744	
2514	656	
2515	637	
2516	302	
2517	715	
2518	296	
2519	195	
2520	708	
2521	312	
2522	692	
2523	200	
2524	238	
2525	418	
2526	209	
2527	786	
2528	702	
2529	195	
2530	665	
2531	98	
2532	362	
2533	650	
2534	261	
2535	858	
2536	786	
2537	111	
2538	697	
2539	759	
2540	574	
2541	52	
2542	76	
2543	744	
2544	82	
2545	43	
2546	679	
2547	799	
2548	419	
2549	196	
2550	771	
2551	229	
2552	280	
2553	229	
2554	373	
2555	431	
2556	196	
2557	906	
2558	676	
2559	469	
2560	144	
2561	252	
2562	255	
2563	887	
2564	843	
2565	99	
2566	8	
2567	952	
2568	987	
2569	727	
2570	709	
2571	277	
2572	363	
2573	920	
2574	419	
2575	508	
2576	677	
2577	715	
2578	395	
2579	367	
2580	591	
2581	237	
2582	688	
2583	232	
2584	208	
2585	31	
2586	196	
2587	132	
2588	153	
2589	562	
2590	560	
2591	242	
2592	701	
2593	130	
2594	698	
2595	651	
2596	403	
2597	933	
2598	430	
2599	97	
2600	841	
2601	339	
2602	327	
2603	346	
2604	656	
2605	413	
2606	548	
2607	811	
2608	260	
2609	135	
2610	662	
2611	294	
2612	987	
2613	975	
2614	574	
2615	71	
2616	931	
2617	453	
2618	705	
2619	440	
2620	837	
2621	723	
2622	405	
2623	922	
2624	518	
2625	909	
2626	755	
2627	150	
2628	954	
2629	631	
2630	28	
2631	301	
2632	761	
2633	795	
2634	822	
2635	741	
2636	181	
2637	634	
2638	158	
2639	396	
2640	375	
2641	624	
2642	421	
2643	164	
2644	38	
2645	306	
2646	749	
2647	672	
2648	513	
2649	736	
2650	563	
2651	35	
2652	162	
2653	549	
2654	164	
2655	253	
2656	147	
2657	892	
2658	9	
2659	599	
2660	986	
2661	602	
2662	365	
2663	499	
2664	302	
2665	216	
2666	851	
2667	271	
2668	625	
2669	704	
2670	442	
2671	408	
2672	949	
2673	997	
2674	883	
2675	889	
2676	697	
2677	861	
2678	615	
2679	563	
2680	540	
2681	632	
2682	843	
2683	812	
2684	54	
2685	583	
2686	485	
2687	322	
2688	259	
2689	663	
2690	510	
2691	519	
2692	969	
2693	326	
2694	807	
2695	780	
2696	734	
2697	114	
2698	614	
2699	319	
2700	213	
2701	487	
2702	952	
2703	383	
2704	231	
2705	71	
2706	142	
2707	892	
2708	420	
2709	25	
2710	626	
2711	561	
2712	385	
2713	620	
2714	872	
2715	188	
2716	441	
2717	818	
2718	911	
2719	2	
2720	327	
2721	648	
2722	191	
2723	381	
2724	567	
2725	114	
2726	603	
2727	704	
2728	250	
2729	113	
2730	38	
2731	374	
2732	912	
2733	286	
2734	191	
2735	560	
2736	509	
2737	630	
2738	534	
2739	94	
2740	6	
2741	621	
2742	54	
2743	426	
2744	235	
2745	205	
2746	291	
2747	18	
2748	76	
2749	134	
2750	459	
2751	893	
2752	158	
2753	229	
2754	991	
2755	634	
2756	757	
2757	375	
2758	864	
2759	886	
2760	609	
2761	652	
2762	172	
2763	100	
2764	891	
2765	270	
2766	768	
2767	628	
2768	630	
2769	457	
2770	789	
2771	398	
2772	704	
2773	330	
2774	901	
2775	134	
2776	416	
2777	898	
2778	724	
2779	951	
2780	287	
2781	722	
2782	289	
2783	234	
2784	105	
2785	542	
2786	148	
2787	878	
2788	267	
2789	604	
2790	111	
2791	606	
2792	868	
2793	772	
2794	727	
2795	800	
2796	606	
2797	879	
2798	346	
2799	746	
2800	731	
2801	833	
2802	849	
2803	669	
2804	282	
2805	736	
2806	420	
2807	4	
2808	113	
2809	340	
2810	770	
2811	467	
2812	978	
2813	111	
2814	104	
2815	618	
2816	832	
2817	829	
2818	791	
2819	600	
2820	520	
2821	122	
2822	784	
2823	810	
2824	147	
2825	456	
2826	112	
2827	499	
2828	376	
2829	776	
2830	734	
2831	3	
2832	340	
2833	982	
2834	202	
2835	691	
2836	251	
2837	215	
2838	566	
2839	741	
2840	765	
2841	219	
2842	798	
2843	349	
2844	260	
2845	117	
2846	57	
2847	188	
2848	882	
2849	344	
2850	711	
2851	641	
2852	253	
2853	593	
2854	610	
2855	240	
2856	885	
2857	129	
2858	447	
2859	693	
2860	650	
2861	434	
2862	308	
2863	135	
2864	632	
2865	207	
2866	473	
2867	559	
2868	764	
2869	918	
2870	337	
2871	848	
2872	197	
2873	750	
2874	352	
2875	902	
2876	222	
2877	987	
2878	212	
2879	769	
2880	976	
2881	831	
2882	589	
2883	753	
2884	282	
2885	232	
2886	590	
2887	321	
2888	491	
2889	471	
2890	308	
2891	197	
2892	51	
2893	852	
2894	811	
2895	453	
2896	599	
2897	404	
2898	38	
2899	226	
2900	660	
2901	373	
2902	46	
2903	734	
2904	9	
2905	478	
2906	231	
2907	950	
2908	383	
2909	234	
2910	328	
2911	537	
2912	570	
2913	963	
2914	721	
2915	479	
2916	942	
2917	152	
2918	892	
2919	60	
2920	364	
2921	257	
2922	734	
2923	76	
2924	228	
2925	431	
2926	180	
2927	278	
2928	595	
2929	23	
2930	384	
2931	364	
2932	596	
2933	405	
2934	196	
2935	302	
2936	768	
2937	635	
2938	20	
2939	876	
2940	400	
2941	137	
2942	853	
2943	435	
2944	455	
2945	988	
2946	530	
2947	300	
2948	738	
2949	393	
2950	363	
2951	754	
2952	777	
2953	184	
2954	741	
2955	666	
2956	21	
2957	755	
2958	703	
2959	746	
2960	618	
2961	806	
2962	200	
2963	788	
2964	860	
2965	262	
2966	220	
2967	994	
2968	931	
2969	764	
2970	286	
2971	97	
2972	936	
2973	273	
2974	477	
2975	912	
2976	552	
2977	49	
2978	881	
2979	335	
2980	846	
2981	498	
2982	844	
2983	122	
2984	962	
2985	236	
2986	506	
2987	326	
2988	78	
2989	47	
2990	611	
2991	528	
2992	276	
2993	522	
2994	262	
2995	386	
2996	27	
2997	192	
2998	478	
2999	88	
3000	266	
3001	554	
3002	342	
3003	980	
3004	489	
3005	786	
3006	998	
3007	863	
3008	92	
3009	603	
3010	893	
3011	257	
3012	49	
3013	20	
3014	262	
3015	837	
3016	574	
3017	740	
3018	645	
3019	400	
3020	606	
3021	668	
3022	881	
3023	297	
3024	363	
3025	586	
3026	697	
3027	424	
3028	306	
3029	562	
3030	281	
3031	272	
3032	780	
3033	580	
3034	972	
3035	142	
3036	897	
3037	331	
3038	112	
3039	841	
3040	772	
3041	562	
3042	191	
3043	874	
3044	659	
3045	214	
3046	66	
3047	723	
3048	958	
3049	504	
3050	686	
3051	922	
3052	813	
3053	154	
3054	944	
3055	28	
3056	284	
3057	671	
3058	754	
3059	52	
3060	609	
3061	261	
3062	662	
3063	827	
3064	785	
3065	428	
3066	551	
3067	839	
3068	584	
3069	229	
3070	293	
3071	582	
3072	576	
3073	237	
3074	655	
3075	273	
3076	686	
3077	425	
3078	496	
3079	276	
3080	378	
3081	698	
3082	412	
3083	562	
3084	133	
3085	296	
3086	961	
3087	50	
3088	466	
3089	336	
3090	129	
3091	679	
3092	479	
3093	232	
3094	868	
3095	665	
3096	651	
3097	143	
3098	712	
3099	86	
3100	895	
3101	288	
3102	155	
3103	629	
3104	287	
3105	13	
3106	268	
3107	415	
3108	520	
3109	901	
3110	895	
3111	927	
3112	161	
3113	216	
3114	512	
3115	512	
3116	539	
3117	135	
3118	4	
3119	651	
3120	195	
3121	279	
3122	909	
3123	304	
3124	637	
3125	108	
3126	660	
3127	337	
3128	576	
3129	944	
3130	695	
3131	284	
3132	806	
3133	427	
3134	570	
3135	391	
3136	898	
3137	409	
3138	215	
3139	916	
3140	929	
3141	113	
3142	344	
3143	36	
3144	756	
3145	386	
3146	561	
3147	150	
3148	842	
3149	383	
3150	912	
3151	118	
3152	960	
3153	433	
3154	839	
3155	120	
3156	26	
3157	217	
3158	982	
3159	252	
3160	984	
3161	141	
3162	19	
3163	401	
3164	548	
3165	326	
3166	747	
3167	644	
3168	1000	
3169	634	
3170	256	
3171	463	
3172	35	
3173	286	
3174	666	
3175	445	
3176	698	
3177	402	
3178	920	
3179	905	
3180	936	
3181	535	
3182	654	
3183	468	
3184	824	
3185	345	
3186	30	
3187	22	
3188	943	
3189	94	
3190	81	
3191	858	
3192	773	
3193	670	
3194	125	
3195	236	
3196	386	
3197	875	
3198	926	
3199	947	
3200	203	
3201	120	
3202	422	
3203	961	
3204	660	
3205	596	
3206	775	
3207	880	
3208	196	
3209	14	
3210	117	
3211	292	
3212	918	
3213	415	
3214	190	
3215	309	
3216	476	
3217	853	
3218	699	
3219	979	
3220	556	
3221	908	
3222	6	
3223	330	
3224	469	
3225	844	
3226	460	
3227	318	
3228	416	
3229	640	
3230	282	
3231	141	
3232	864	
3233	491	
3234	850	
3235	289	
3236	892	
3237	930	
3238	796	
3239	333	
3240	218	
3241	678	
3242	455	
3243	653	
3244	459	
3245	521	
3246	823	
3247	96	
3248	892	
3249	525	
3250	110	
3251	71	
3252	152	
3253	554	
3254	549	
3255	581	
3256	8	
3257	407	
3258	57	
3259	342	
3260	869	
3261	550	
3262	392	
3263	882	
3264	930	
3265	442	
3266	131	
3267	513	
3268	556	
3269	449	
3270	412	
3271	293	
3272	603	
3273	427	
3274	575	
3275	421	
3276	96	
3277	683	
3278	242	
3279	766	
3280	447	
3281	931	
3282	726	
3283	682	
3284	188	
3285	849	
3286	973	
3287	234	
3288	775	
3289	815	
3290	332	
3291	357	
3292	386	
3293	836	
3294	720	
3295	257	
3296	79	
3297	773	
3298	674	
3299	166	
3300	948	
3301	632	
3302	693	
3303	56	
3304	328	
3305	597	
3306	292	
3307	931	
3308	133	
3309	293	
3310	230	
3311	870	
3312	758	
3313	837	
3314	388	
3315	67	
3316	64	
3317	505	
3318	375	
3319	642	
3320	498	
3321	651	
3322	244	
3323	211	
3324	550	
3325	131	
3326	201	
3327	851	
3328	255	
3329	389	
3330	935	
3331	347	
3332	187	
3333	16	
3334	616	
3335	21	
3336	737	
3337	467	
3338	223	
3339	912	
3340	401	
3341	384	
3342	292	
3343	737	
3344	784	
3345	363	
3346	343	
3347	74	
3348	995	
3349	146	
3350	290	
3351	389	
3352	112	
3353	955	
3354	626	
3355	967	
3356	578	
3357	994	
3358	908	
3359	535	
3360	180	
3361	914	
3362	545	
3363	6	
3364	74	
3365	601	
3366	780	
3367	534	
3368	389	
3369	166	
3370	560	
3371	772	
3372	693	
3373	788	
3374	244	
3375	79	
3376	974	
3377	62	
3378	137	
3379	776	
3380	910	
3381	403	
3382	880	
3383	243	
3384	538	
3385	297	
3386	701	
3387	234	
3388	30	
3389	242	
3390	457	
3391	358	
3392	700	
3393	220	
3394	777	
3395	87	
3396	913	
3397	874	
3398	394	
3399	352	
3400	413	
3401	430	
3402	814	
3403	614	
3404	697	
3405	337	
3406	253	
3407	624	
3408	896	
3409	726	
3410	815	
3411	421	
3412	848	
3413	516	
3414	358	
3415	74	
3416	664	
3417	331	
3418	703	
3419	52	
3420	433	
3421	131	
3422	551	
3423	160	
3424	887	
3425	402	
3426	791	
3427	183	
3428	951	
3429	44	
3430	817	
3431	317	
3432	120	
3433	442	
3434	714	
3435	647	
3436	492	
3437	142	
3438	960	
3439	602	
3440	317	
3441	811	
3442	812	
3443	889	
3444	738	
3445	198	
3446	63	
3447	341	
3448	1	
3449	49	
3450	565	
3451	636	
3452	356	
3453	325	
3454	158	
3455	692	
3456	158	
3457	597	
3458	978	
3459	846	
3460	973	
3461	183	
3462	74	
3463	349	
3464	647	
3465	67	
3466	532	
3467	430	
3468	127	
3469	380	
3470	397	
3471	152	
3472	662	
3473	68	
3474	510	
3475	819	
3476	564	
3477	761	
3478	593	
3479	770	
3480	790	
3481	812	
3482	962	
3483	851	
3484	263	
3485	199	
3486	880	
3487	595	
3488	249	
3489	76	
3490	627	
3491	476	
3492	914	
3493	986	
3494	221	
3495	528	
3496	986	
3497	105	
3498	99	
3499	405	
3500	881	
3501	690	
3502	875	
3503	736	
3504	451	
3505	329	
3506	245	
3507	948	
3508	317	
3509	453	
3510	868	
3511	130	
3512	831	
3513	828	
3514	524	
3515	536	
3516	113	
3517	985	
3518	115	
3519	156	
3520	808	
3521	240	
3522	201	
3523	48	
3524	336	
3525	798	
3526	978	
3527	381	
3528	800	
3529	403	
3530	312	
3531	257	
3532	667	
3533	137	
3534	379	
3535	963	
3536	43	
3537	428	
3538	515	
3539	595	
3540	46	
3541	761	
3542	689	
3543	685	
3544	467	
3545	897	
3546	460	
3547	284	
3548	691	
3549	549	
3550	31	
3551	56	
3552	194	
3553	593	
3554	773	
3555	290	
3556	156	
3557	730	
3558	32	
3559	381	
3560	42	
3561	346	
3562	675	
3563	445	
3564	117	
3565	432	
3566	92	
3567	184	
3568	607	
3569	155	
3570	94	
3571	641	
3572	927	
3573	982	
3574	264	
3575	378	
3576	539	
3577	178	
3578	785	
3579	703	
3580	676	
3581	56	
3582	374	
3583	951	
3584	247	
3585	446	
3586	775	
3587	420	
3588	897	
3589	327	
3590	87	
3591	407	
3592	776	
3593	85	
3594	867	
3595	863	
3596	510	
3597	73	
3598	855	
3599	489	
3600	871	
3601	542	
3602	366	
3603	486	
3604	487	
3605	291	
3606	1	
3607	633	
3608	190	
3609	55	
3610	932	
3611	720	
3612	501	
3613	285	
3614	958	
3615	801	
3616	913	
3617	184	
3618	70	
3619	252	
3620	757	
3621	805	
3622	641	
3623	124	
3624	433	
3625	797	
3626	280	
3627	655	
3628	95	
3629	738	
3630	812	
3631	531	
3632	786	
3633	518	
3634	324	
3635	385	
3636	855	
3637	81	
3638	507	
3639	900	
3640	349	
3641	26	
3642	44	
3643	320	
3644	950	
3645	706	
3646	487	
3647	813	
3648	590	
3649	382	
3650	715	
3651	466	
3652	568	
3653	539	
3654	316	
3655	564	
3656	462	
3657	498	
3658	652	
3659	414	
3660	23	
3661	251	
3662	802	
3663	241	
3664	992	
3665	251	
3666	368	
3667	459	
3668	158	
3669	24	
3670	503	
3671	977	
3672	360	
3673	145	
3674	763	
3675	319	
3676	135	
3677	376	
3678	746	
3679	59	
3680	118	
3681	305	
3682	910	
3683	135	
3684	996	
3685	130	
3686	352	
3687	974	
3688	590	
3689	771	
3690	69	
3691	700	
3692	960	
3693	453	
3694	482	
3695	232	
3696	955	
3697	220	
3698	777	
3699	444	
3700	893	
3701	119	
3702	108	
3703	496	
3704	638	
3705	388	
3706	102	
3707	628	
3708	270	
3709	142	
3710	127	
3711	540	
3712	714	
3713	201	
3714	990	
3715	811	
3716	126	
3717	418	
3718	526	
3719	987	
3720	874	
3721	113	
3722	835	
3723	825	
3724	135	
3725	40	
3726	540	
3727	691	
3728	65	
3729	555	
3730	152	
3731	467	
3732	204	
3733	639	
3734	467	
3735	907	
3736	832	
3737	869	
3738	656	
3739	560	
3740	478	
3741	61	
3742	997	
3743	920	
3744	130	
3745	509	
3746	796	
3747	342	
3748	385	
3749	74	
3750	758	
3751	939	
3752	970	
3753	779	
3754	8	
3755	844	
3756	487	
3757	259	
3758	287	
3759	496	
3760	490	
3761	517	
3762	893	
3763	328	
3764	778	
3765	351	
3766	211	
3767	239	
3768	893	
3769	129	
3770	647	
3771	506	
3772	789	
3773	725	
3774	813	
3775	527	
3776	709	
3777	446	
3778	895	
3779	375	
3780	355	
3781	627	
3782	207	
3783	509	
3784	709	
3785	658	
3786	321	
3787	870	
3788	534	
3789	223	
3790	52	
3791	152	
3792	808	
3793	20	
3794	815	
3795	157	
3796	544	
3797	232	
3798	726	
3799	919	
3800	766	
3801	131	
3802	307	
3803	827	
3804	716	
3805	909	
3806	847	
3807	856	
3808	76	
3809	388	
3810	721	
3811	943	
3812	869	
3813	804	
3814	410	
3815	514	
3816	956	
3817	238	
3818	313	
3819	238	
3820	636	
3821	132	
3822	650	
3823	867	
3824	24	
3825	992	
3826	919	
3827	216	
3828	94	
3829	626	
3830	266	
3831	649	
3832	43	
3833	369	
3834	110	
3835	651	
3836	83	
3837	22	
3838	530	
3839	748	
3840	663	
3841	518	
3842	671	
3843	957	
3844	598	
3845	510	
3846	791	
3847	777	
3848	487	
3849	63	
3850	70	
3851	237	
3852	459	
3853	57	
3854	602	
3855	64	
3856	37	
3857	601	
3858	773	
3859	274	
3860	611	
3861	373	
3862	103	
3863	102	
3864	716	
3865	92	
3866	670	
3867	289	
3868	825	
3869	576	
3870	119	
3871	714	
3872	333	
3873	93	
3874	780	
3875	154	
3876	23	
3877	105	
3878	85	
3879	99	
3880	597	
3881	172	
3882	769	
3883	155	
3884	993	
3885	47	
3886	668	
3887	47	
3888	885	
3889	558	
3890	400	
3891	994	
3892	712	
3893	848	
3894	582	
3895	981	
3896	64	
3897	539	
3898	747	
3899	862	
3900	238	
3901	162	
3902	750	
3903	643	
3904	567	
3905	968	
3906	878	
3907	469	
3908	848	
3909	204	
3910	269	
3911	896	
3912	991	
3913	973	
3914	713	
3915	591	
3916	902	
3917	677	
3918	408	
3919	226	
3920	273	
3921	872	
3922	193	
3923	129	
3924	900	
3925	859	
3926	975	
3927	775	
3928	175	
3929	983	
3930	326	
3931	537	
3932	364	
3933	157	
3934	222	
3935	247	
3936	725	
3937	633	
3938	197	
3939	568	
3940	792	
3941	80	
3942	511	
3943	695	
3944	860	
3945	324	
3946	639	
3947	570	
3948	315	
3949	388	
3950	76	
3951	951	
3952	1000	
3953	918	
3954	327	
3955	734	
3956	288	
3957	975	
3958	65	
3959	756	
3960	714	
3961	495	
3962	551	
3963	980	
3964	353	
3965	704	
3966	696	
3967	645	
3968	406	
3969	965	
3970	658	
3971	225	
3972	888	
3973	45	
3974	570	
3975	657	
3976	765	
3977	462	
3978	931	
3979	323	
3980	400	
3981	156	
3982	11	
3983	974	
3984	771	
3985	313	
3986	203	
3987	890	
3988	116	
3989	132	
3990	941	
3991	259	
3992	673	
3993	461	
3994	814	
3995	764	
3996	677	
3997	4	
3998	243	
3999	342	
4000	723	
4001	391	
4002	941	
4003	792	
4004	391	
4005	562	
4006	279	
4007	134	
4008	722	
4009	918	
4010	748	
4011	691	
4012	980	
4013	356	
4014	163	
4015	464	
4016	338	
4017	921	
4018	629	
4019	333	
4020	55	
4021	138	
4022	587	
4023	45	
4024	148	
4025	518	
4026	626	
4027	356	
4028	25	
4029	529	
4030	720	
4031	169	
4032	651	
4033	405	
4034	414	
4035	110	
4036	198	
4037	272	
4038	821	
4039	773	
4040	666	
4041	378	
4042	419	
4043	674	
4044	232	
4045	261	
4046	197	
4047	877	
4048	484	
4049	197	
4050	28	
4051	463	
4052	610	
4053	272	
4054	554	
4055	217	
4056	674	
4057	309	
4058	235	
4059	994	
4060	981	
4061	78	
4062	439	
4063	904	
4064	775	
4065	71	
4066	804	
4067	683	
4068	45	
4069	518	
4070	277	
4071	902	
4072	14	
4073	11	
4074	743	
4075	599	
4076	828	
4077	727	
4078	200	
4079	501	
4080	50	
4081	670	
4082	969	
4083	39	
4084	428	
4085	743	
4086	139	
4087	352	
4088	884	
4089	480	
4090	211	
4091	199	
4092	153	
4093	116	
4094	271	
4095	736	
4096	111	
4097	910	
4098	823	
4099	878	
4100	44	
4101	845	
4102	431	
4103	107	
4104	302	
4105	160	
4106	209	
4107	315	
4108	807	
4109	865	
4110	14	
4111	503	
4112	91	
4113	460	
4114	139	
4115	717	
4116	287	
4117	518	
4118	525	
4119	890	
4120	665	
4121	960	
4122	640	
4123	74	
4124	620	
4125	706	
4126	793	
4127	548	
4128	322	
4129	218	
4130	609	
4131	520	
4132	946	
4133	109	
4134	546	
4135	138	
4136	921	
4137	250	
4138	121	
4139	422	
4140	602	
4141	556	
4142	60	
4143	59	
4144	672	
4145	582	
4146	940	
4147	331	
4148	632	
4149	422	
4150	25	
4151	142	
4152	178	
4153	844	
4154	242	
4155	748	
4156	535	
4157	434	
4158	564	
4159	314	
4160	425	
4161	595	
4162	464	
4163	321	
4164	967	
4165	93	
4166	295	
4167	612	
4168	880	
4169	897	
4170	639	
4171	639	
4172	621	
4173	999	
4174	797	
4175	763	
4176	553	
4177	701	
4178	745	
4179	782	
4180	690	
4181	623	
4182	807	
4183	917	
4184	359	
4185	789	
4186	634	
4187	148	
4188	449	
4189	993	
4190	745	
4191	666	
4192	180	
4193	272	
4194	588	
4195	296	
4196	228	
4197	446	
4198	6	
4199	800	
4200	770	
4201	988	
4202	490	
4203	623	
4204	855	
4205	292	
4206	478	
4207	981	
4208	565	
4209	144	
4210	917	
4211	265	
4212	67	
4213	608	
4214	366	
4215	535	
4216	351	
4217	427	
4218	728	
4219	212	
4220	499	
4221	458	
4222	200	
4223	550	
4224	858	
4225	522	
4226	830	
4227	262	
4228	345	
4229	824	
4230	526	
4231	503	
4232	649	
4233	676	
4234	722	
4235	342	
4236	993	
4237	616	
4238	730	
4239	441	
4240	957	
4241	592	
4242	294	
4243	274	
4244	852	
4245	906	
4246	911	
4247	35	
4248	483	
4249	229	
4250	60	
4251	945	
4252	740	
4253	227	
4254	400	
4255	123	
4256	332	
4257	568	
4258	54	
4259	594	
4260	638	
4261	2	
4262	832	
4263	312	
4264	530	
4265	929	
4266	648	
4267	531	
4268	738	
4269	830	
4270	135	
4271	712	
4272	761	
4273	269	
4274	732	
4275	298	
4276	988	
4277	476	
4278	826	
4279	426	
4280	634	
4281	804	
4282	69	
4283	350	
4284	918	
4285	877	
4286	890	
4287	596	
4288	145	
4289	355	
4290	308	
4291	85	
4292	418	
4293	789	
4294	123	
4295	252	
4296	96	
4297	50	
4298	772	
4299	895	
4300	211	
4301	292	
4302	630	
4303	74	
4304	608	
4305	342	
4306	961	
4307	768	
4308	492	
4309	663	
4310	822	
4311	900	
4312	630	
4313	879	
4314	659	
4315	361	
4316	623	
4317	935	
4318	366	
4319	487	
4320	186	
4321	451	
4322	15	
4323	879	
4324	558	
4325	16	
4326	664	
4327	35	
4328	8	
4329	999	
4330	854	
4331	977	
4332	444	
4333	570	
4334	270	
4335	303	
4336	163	
4337	756	
4338	698	
4339	517	
4340	707	
4341	59	
4342	580	
4343	72	
4344	428	
4345	71	
4346	432	
4347	651	
4348	239	
4349	498	
4350	371	
4351	749	
4352	287	
4353	175	
4354	784	
4355	615	
4356	249	
4357	628	
4358	591	
4359	765	
4360	797	
4361	90	
4362	69	
4363	890	
4364	788	
4365	689	
4366	505	
4367	238	
4368	226	
4369	47	
4370	450	
4371	849	
4372	403	
4373	280	
4374	724	
4375	318	
4376	399	
4377	804	
4378	346	
4379	987	
4380	927	
4381	941	
4382	202	
4383	853	
4384	663	
4385	384	
4386	902	
4387	374	
4388	212	
4389	201	
4390	335	
4391	313	
4392	645	
4393	945	
4394	490	
4395	769	
4396	404	
4397	177	
4398	4	
4399	631	
4400	284	
4401	998	
4402	279	
4403	931	
4404	441	
4405	357	
4406	989	
4407	80	
4408	685	
4409	197	
4410	961	
4411	970	
4412	39	
4413	657	
4414	427	
4415	32	
4416	747	
4417	181	
4418	730	
4419	404	
4420	815	
4421	94	
4422	257	
4423	959	
4424	153	
4425	149	
4426	476	
4427	920	
4428	492	
4429	266	
4430	874	
4431	484	
4432	441	
4433	746	
4434	834	
4435	284	
4436	704	
4437	282	
4438	319	
4439	540	
4440	894	
4441	107	
4442	926	
4443	103	
4444	334	
4445	534	
4446	909	
4447	542	
4448	43	
4449	7	
4450	779	
4451	240	
4452	513	
4453	852	
4454	836	
4455	241	
4456	305	
4457	845	
4458	684	
4459	37	
4460	491	
4461	283	
4462	304	
4463	883	
4464	795	
4465	442	
4466	2	
4467	700	
4468	398	
4469	336	
4470	564	
4471	938	
4472	756	
4473	838	
4474	505	
4475	412	
4476	165	
4477	276	
4478	561	
4479	726	
4480	542	
4481	398	
4482	467	
4483	259	
4484	795	
4485	643	
4486	594	
4487	709	
4488	644	
4489	562	
4490	522	
4491	400	
4492	249	
4493	325	
4494	201	
4495	460	
4496	240	
4497	591	
4498	408	
4499	906	
4500	636	
4501	47	
4502	450	
4503	132	
4504	868	
4505	821	
4506	73	
4507	446	
4508	868	
4509	58	
4510	838	
4511	865	
4512	757	
4513	137	
4514	775	
4515	620	
4516	500	
4517	610	
4518	344	
4519	659	
4520	826	
4521	819	
4522	37	
4523	754	
4524	400	
4525	655	
4526	363	
4527	944	
4528	320	
4529	889	
4530	540	
4531	311	
4532	681	
4533	399	
4534	993	
4535	839	
4536	241	
4537	689	
4538	936	
4539	912	
4540	178	
4541	968	
4542	965	
4543	302	
4544	847	
4545	841	
4546	834	
4547	236	
4548	829	
4549	954	
4550	945	
4551	716	
4552	917	
4553	353	
4554	958	
4555	323	
4556	942	
4557	426	
4558	399	
4559	255	
4560	509	
4561	791	
4562	421	
4563	194	
4564	350	
4565	263	
4566	763	
4567	566	
4568	217	
4569	129	
4570	291	
4571	256	
4572	392	
4573	136	
4574	662	
4575	471	
4576	589	
4577	286	
4578	698	
4579	59	
4580	542	
4581	458	
4582	483	
4583	680	
4584	467	
4585	84	
4586	588	
4587	626	
4588	204	
4589	493	
4590	564	
4591	881	
4592	284	
4593	362	
4594	620	
4595	924	
4596	730	
4597	432	
4598	405	
4599	727	
4600	133	
4601	542	
4602	172	
4603	470	
4604	605	
4605	399	
4606	840	
4607	305	
4608	31	
4609	167	
4610	160	
4611	760	
4612	551	
4613	635	
4614	86	
4615	398	
4616	636	
4617	107	
4618	784	
4619	616	
4620	897	
4621	202	
4622	612	
4623	981	
4624	184	
4625	778	
4626	689	
4627	269	
4628	111	
4629	281	
4630	738	
4631	99	
4632	124	
4633	664	
4634	587	
4635	452	
4636	754	
4637	968	
4638	452	
4639	575	
4640	820	
4641	309	
4642	3	
4643	844	
4644	127	
4645	837	
4646	996	
4647	976	
4648	745	
4649	7	
4650	730	
4651	669	
4652	550	
4653	542	
4654	452	
4655	811	
4656	55	
4657	406	
4658	403	
4659	844	
4660	170	
4661	867	
4662	448	
4663	121	
4664	959	
4665	102	
4666	392	
4667	32	
4668	327	
4669	97	
4670	65	
4671	287	
4672	853	
4673	136	
4674	284	
4675	263	
4676	486	
4677	575	
4678	251	
4679	523	
4680	274	
4681	912	
4682	625	
4683	544	
4684	738	
4685	4	
4686	127	
4687	893	
4688	986	
4689	615	
4690	971	
4691	306	
4692	438	
4693	878	
4694	304	
4695	410	
4696	614	
4697	25	
4698	794	
4699	162	
4700	931	
4701	443	
4702	240	
4703	785	
4704	17	
4705	519	
4706	467	
4707	888	
4708	61	
4709	402	
4710	827	
4711	953	
4712	239	
4713	277	
4714	342	
4715	850	
4716	398	
4717	850	
4718	50	
4719	905	
4720	384	
4721	548	
4722	800	
4723	510	
4724	953	
4725	145	
4726	145	
4727	998	
4728	632	
4729	633	
4730	458	
4731	771	
4732	127	
4733	101	
4734	521	
4735	687	
4736	666	
4737	666	
4738	175	
4739	416	
4740	908	
4741	110	
4742	501	
4743	90	
4744	15	
4745	823	
4746	641	
4747	883	
4748	826	
4749	313	
4750	400	
4751	87	
4752	378	
4753	998	
4754	883	
4755	937	
4756	900	
4757	717	
4758	156	
4759	724	
4760	934	
4761	373	
4762	887	
4763	67	
4764	875	
4765	544	
4766	395	
4767	447	
4768	237	
4769	795	
4770	857	
4771	958	
4772	563	
4773	82	
4774	273	
4775	398	
4776	482	
4777	846	
4778	297	
4779	914	
4780	870	
4781	176	
4782	239	
4783	256	
4784	368	
4785	357	
4786	740	
4787	675	
4788	150	
4789	9	
4790	33	
4791	133	
4792	240	
4793	126	
4794	242	
4795	978	
4796	190	
4797	780	
4798	407	
4799	121	
4800	501	
4801	896	
4802	304	
4803	68	
4804	217	
4805	671	
4806	294	
4807	860	
4808	490	
4809	921	
4810	199	
4811	503	
4812	105	
4813	552	
4814	376	
4815	28	
4816	657	
4817	720	
4818	626	
4819	20	
4820	664	
4821	646	
4822	135	
4823	504	
4824	461	
4825	299	
4826	307	
4827	223	
4828	361	
4829	760	
4830	589	
4831	814	
4832	112	
4833	881	
4834	901	
4835	559	
4836	455	
4837	132	
4838	469	
4839	293	
4840	357	
4841	745	
4842	891	
4843	316	
4844	443	
4845	345	
4846	19	
4847	67	
4848	126	
4849	552	
4850	246	
4851	987	
4852	857	
4853	380	
4854	71	
4855	222	
4856	893	
4857	597	
4858	185	
4859	282	
4860	187	
4861	829	
4862	860	
4863	206	
4864	622	
4865	584	
4866	264	
4867	66	
4868	196	
4869	306	
4870	206	
4871	992	
4872	627	
4873	717	
4874	548	
4875	903	
4876	598	
4877	442	
4878	455	
4879	780	
4880	390	
4881	372	
4882	247	
4883	328	
4884	235	
4885	515	
4886	784	
4887	631	
4888	490	
4889	180	
4890	981	
4891	997	
4892	374	
4893	843	
4894	173	
4895	936	
4896	457	
4897	258	
4898	312	
4899	923	
4900	313	
4901	545	
4902	600	
4903	166	
4904	637	
4905	846	
4906	754	
4907	104	
4908	751	
4909	60	
4910	532	
4911	983	
4912	2	
4913	654	
4914	702	
4915	925	
4916	579	
4917	650	
4918	259	
4919	874	
4920	226	
4921	607	
4922	375	
4923	598	
4924	535	
4925	441	
4926	736	
4927	549	
4928	263	
4929	874	
4930	438	
4931	602	
4932	454	
4933	272	
4934	252	
4935	871	
4936	147	
4937	916	
4938	191	
4939	545	
4940	905	
4941	406	
4942	516	
4943	238	
4944	26	
4945	163	
4946	371	
4947	31	
4948	356	
4949	225	
4950	784	
4951	632	
4952	438	
4953	583	
4954	238	
4955	949	
4956	417	
4957	808	
4958	740	
4959	349	
4960	304	
4961	438	
4962	698	
4963	480	
4964	666	
4965	864	
4966	978	
4967	562	
4968	141	
4969	214	
4970	289	
4971	911	
4972	722	
4973	905	
4974	389	
4975	927	
4976	765	
4977	798	
4978	822	
4979	385	
4980	132	
4981	145	
4982	422	
4983	489	
4984	477	
4985	612	
4986	219	
4987	995	
4988	130	
4989	303	
4990	58	
4991	575	
4992	229	
4993	703	
4994	267	
4995	37	
4996	918	
4997	553	
4998	505	
4999	800	
5000	114	
248312
