5000
1	82	
2	42	
3	44	
4	21	
5	54	
6	28	
7	83	
8	98	
9	19	
10	92	
11	30	
12	5	
13	26	
14	50	
15	7	
16	71	
17	39	
18	86	
19	83	
20	12	
21	91	
22	42	
23	82	
24	13	
25	3	
26	98	
27	100	
28	22	
29	52	
30	73	
31	56	
32	2	
33	38	
34	59	
35	82	
36	11	
37	34	
38	35	
39	98	
40	89	
41	85	
42	56	
43	16	
44	16	
45	25	
46	73	
47	92	
48	64	
49	21	
50	86	
51	97	
52	54	
53	3	
54	58	
55	55	
56	10	
57	47	
58	65	
59	30	
60	92	
61	15	
62	29	
63	42	
64	53	
65	70	
66	34	
67	7	
68	25	
69	2	
70	20	
71	28	
72	88	
73	28	
74	69	
75	74	
76	3	
77	73	
78	1	
79	79	
80	1	
81	40	
82	84	
83	65	
84	80	
85	80	
86	24	
87	98	
88	50	
89	40	
90	49	
91	7	
92	3	
93	19	
94	34	
95	90	
96	99	
97	91	
98	31	
99	98	
100	54	
101	75	
102	66	
103	44	
104	34	
105	83	
106	72	
107	13	
108	61	
109	53	
110	91	
111	25	
112	89	
113	83	
114	63	
115	75	
116	33	
117	13	
118	95	
119	67	
120	39	
121	86	
122	27	
123	54	
124	97	
125	3	
126	65	
127	26	
128	54	
129	17	
130	77	
131	60	
132	51	
133	49	
134	34	
135	59	
136	56	
137	63	
138	49	
139	32	
140	46	
141	5	
142	47	
143	69	
144	81	
145	59	
146	52	
147	92	
148	45	
149	7	
150	60	
151	99	
152	31	
153	8	
154	86	
155	40	
156	14	
157	16	
158	29	
159	96	
160	39	
161	79	
162	33	
163	64	
164	52	
165	59	
166	44	
167	1	
168	2	
169	16	
170	15	
171	9	
172	56	
173	67	
174	88	
175	5	
176	21	
177	88	
178	63	
179	44	
180	86	
181	65	
182	51	
183	74	
184	2	
185	75	
186	27	
187	92	
188	43	
189	90	
190	71	
191	24	
192	33	
193	62	
194	66	
195	75	
196	40	
197	42	
198	4	
199	1	
200	7	
201	93	
202	95	
203	57	
204	65	
205	37	
206	19	
207	58	
208	24	
209	9	
210	51	
211	62	
212	2	
213	93	
214	47	
215	24	
216	41	
217	98	
218	34	
219	43	
220	48	
221	84	
222	11	
223	11	
224	10	
225	26	
226	90	
227	29	
228	87	
229	25	
230	97	
231	91	
232	64	
233	23	
234	40	
235	3	
236	30	
237	3	
238	75	
239	75	
240	63	
241	43	
242	85	
243	7	
244	1	
245	64	
246	13	
247	20	
248	92	
249	98	
250	58	
251	33	
252	93	
253	91	
254	80	
255	57	
256	71	
257	14	
258	62	
259	17	
260	3	
261	21	
262	11	
263	17	
264	37	
265	5	
266	88	
267	12	
268	2	
269	67	
270	49	
271	22	
272	5	
273	38	
274	29	
275	71	
276	68	
277	45	
278	76	
279	15	
280	22	
281	19	
282	28	
283	65	
284	97	
285	6	
286	87	
287	53	
288	59	
289	71	
290	97	
291	52	
292	38	
293	34	
294	40	
295	61	
296	77	
297	64	
298	36	
299	84	
300	54	
301	58	
302	89	
303	4	
304	83	
305	45	
306	34	
307	33	
308	15	
309	34	
310	45	
311	92	
312	100	
313	68	
314	44	
315	36	
316	32	
317	3	
318	23	
319	16	
320	59	
321	52	
322	45	
323	74	
324	64	
325	31	
326	21	
327	84	
328	13	
329	64	
330	47	
331	14	
332	13	
333	83	
334	82	
335	48	
336	61	
337	93	
338	45	
339	46	
340	86	
341	11	
342	60	
343	48	
344	22	
345	10	
346	9	
347	30	
348	4	
349	79	
350	1	
351	6	
352	46	
353	82	
354	82	
355	38	
356	11	
357	29	
358	45	
359	17	
360	76	
361	88	
362	35	
363	55	
364	28	
365	56	
366	73	
367	27	
368	62	
369	41	
370	25	
371	98	
372	68	
373	62	
374	72	
375	6	
376	23	
377	29	
378	60	
379	6	
380	71	
381	57	
382	49	
383	46	
384	1	
385	33	
386	1	
387	97	
388	56	
389	32	
390	42	
391	81	
392	31	
393	25	
394	48	
395	58	
396	15	
397	26	
398	46	
399	32	
400	31	
401	74	
402	35	
403	84	
404	21	
405	40	
406	94	
407	76	
408	36	
409	100	
410	72	
411	29	
412	53	
413	59	
414	55	
415	57	
416	88	
417	57	
418	38	
419	62	
420	98	
421	95	
422	73	
423	3	
424	66	
425	78	
426	87	
427	16	
428	94	
429	92	
430	92	
431	25	
432	28	
433	88	
434	23	
435	1	
436	31	
437	72	
438	38	
439	44	
440	57	
441	20	
442	6	
443	78	
444	32	
445	77	
446	46	
447	95	
448	47	
449	97	
450	37	
451	23	
452	15	
453	47	
454	97	
455	64	
456	56	
457	81	
458	100	
459	9	
460	24	
461	43	
462	28	
463	11	
464	8	
465	98	
466	36	
467	80	
468	48	
469	44	
470	39	
471	2	
472	1	
473	60	
474	46	
475	50	
476	21	
477	77	
478	14	
479	71	
480	45	
481	33	
482	89	
483	61	
484	64	
485	15	
486	31	
487	40	
488	74	
489	19	
490	83	
491	97	
492	9	
493	3	
494	45	
495	49	
496	8	
497	61	
498	43	
499	14	
500	20	
501	77	
502	30	
503	75	
504	33	
505	73	
506	75	
507	1	
508	51	
509	41	
510	61	
511	70	
512	46	
513	30	
514	42	
515	15	
516	72	
517	80	
518	47	
519	15	
520	72	
521	79	
522	3	
523	74	
524	54	
525	99	
526	40	
527	85	
528	84	
529	53	
530	7	
531	15	
532	56	
533	46	
534	31	
535	15	
536	96	
537	67	
538	70	
539	62	
540	16	
541	93	
542	96	
543	31	
544	80	
545	48	
546	54	
547	11	
548	48	
549	26	
550	100	
551	56	
552	33	
553	95	
554	21	
555	91	
556	3	
557	20	
558	49	
559	72	
560	27	
561	61	
562	85	
563	58	
564	32	
565	80	
566	1	
567	53	
568	23	
569	85	
570	23	
571	70	
572	73	
573	30	
574	18	
575	47	
576	41	
577	23	
578	23	
579	45	
580	8	
581	20	
582	59	
583	3	
584	70	
585	71	
586	32	
587	90	
588	64	
589	77	
590	95	
591	57	
592	85	
593	50	
594	41	
595	28	
596	87	
597	99	
598	4	
599	22	
600	34	
601	8	
602	53	
603	100	
604	25	
605	8	
606	29	
607	70	
608	37	
609	94	
610	25	
611	10	
612	55	
613	83	
614	4	
615	66	
616	94	
617	57	
618	77	
619	40	
620	24	
621	75	
622	51	
623	5	
624	44	
625	67	
626	3	
627	80	
628	95	
629	90	
630	90	
631	38	
632	32	
633	60	
634	93	
635	66	
636	93	
637	51	
638	94	
639	35	
640	9	
641	70	
642	13	
643	26	
644	86	
645	99	
646	78	
647	35	
648	50	
649	34	
650	100	
651	9	
652	52	
653	98	
654	17	
655	15	
656	30	
657	89	
658	2	
659	64	
660	85	
661	82	
662	69	
663	84	
664	10	
665	36	
666	94	
667	89	
668	65	
669	66	
670	28	
671	95	
672	5	
673	26	
674	83	
675	13	
676	100	
677	11	
678	22	
679	10	
680	54	
681	77	
682	80	
683	64	
684	31	
685	61	
686	100	
687	85	
688	7	
689	4	
690	14	
691	1	
692	4	
693	78	
694	85	
695	33	
696	39	
697	81	
698	29	
699	72	
700	56	
701	25	
702	32	
703	17	
704	68	
705	87	
706	99	
707	90	
708	63	
709	100	
710	95	
711	28	
712	9	
713	12	
714	26	
715	26	
716	98	
717	69	
718	21	
719	72	
720	17	
721	71	
722	73	
723	94	
724	41	
725	20	
726	67	
727	96	
728	92	
729	86	
730	66	
731	37	
732	71	
733	13	
734	62	
735	34	
736	48	
737	69	
738	24	
739	17	
740	56	
741	13	
742	74	
743	29	
744	64	
745	52	
746	77	
747	42	
748	41	
749	42	
750	67	
751	7	
752	93	
753	91	
754	28	
755	81	
756	75	
757	85	
758	7	
759	70	
760	1	
761	57	
762	4	
763	25	
764	45	
765	66	
766	21	
767	78	
768	58	
769	15	
770	35	
771	76	
772	18	
773	11	
774	19	
775	100	
776	99	
777	32	
778	14	
779	17	
780	63	
781	95	
782	79	
783	32	
784	74	
785	40	
786	94	
787	6	
788	84	
789	80	
790	5	
791	19	
792	18	
793	75	
794	20	
795	63	
796	39	
797	60	
798	74	
799	56	
800	60	
801	78	
802	19	
803	37	
804	3	
805	30	
806	29	
807	11	
808	17	
809	69	
810	53	
811	55	
812	17	
813	1	
814	69	
815	16	
816	2	
817	5	
818	73	
819	11	
820	93	
821	23	
822	68	
823	87	
824	90	
825	39	
826	82	
827	36	
828	37	
829	22	
830	56	
831	98	
832	46	
833	77	
834	69	
835	12	
836	7	
837	41	
838	97	
839	43	
840	3	
841	67	
842	17	
843	19	
844	83	
845	35	
846	40	
847	38	
848	50	
849	3	
850	30	
851	30	
852	81	
853	94	
854	73	
855	64	
856	93	
857	58	
858	65	
859	27	
860	82	
861	85	
862	5	
863	65	
864	4	
865	97	
866	48	
867	95	
868	60	
869	49	
870	31	
871	2	
872	44	
873	57	
874	7	
875	2	
876	28	
877	10	
878	33	
879	23	
880	5	
881	37	
882	100	
883	99	
884	46	
885	47	
886	95	
887	65	
888	40	
889	19	
890	42	
891	74	
892	43	
893	88	
894	10	
895	71	
896	17	
897	86	
898	62	
899	95	
900	11	
901	22	
902	86	
903	64	
904	53	
905	32	
906	7	
907	59	
908	13	
909	10	
910	56	
911	47	
912	64	
913	36	
914	80	
915	79	
916	33	
917	47	
918	3	
919	76	
920	35	
921	96	
922	32	
923	22	
924	68	
925	44	
926	62	
927	68	
928	10	
929	63	
930	56	
931	99	
932	99	
933	59	
934	15	
935	13	
936	18	
937	100	
938	16	
939	51	
940	29	
941	35	
942	20	
943	1	
944	43	
945	48	
946	66	
947	46	
948	28	
949	49	
950	53	
951	10	
952	2	
953	46	
954	4	
955	58	
956	96	
957	69	
958	15	
959	96	
960	22	
961	5	
962	53	
963	29	
964	22	
965	13	
966	69	
967	16	
968	6	
969	100	
970	95	
971	98	
972	73	
973	63	
974	90	
975	18	
976	97	
977	40	
978	13	
979	79	
980	15	
981	3	
982	56	
983	67	
984	68	
985	5	
986	6	
987	48	
988	16	
989	78	
990	33	
991	78	
992	22	
993	68	
994	35	
995	30	
996	73	
997	63	
998	81	
999	86	
1000	34	
1001	37	
1002	60	
1003	7	
1004	65	
1005	81	
1006	45	
1007	61	
1008	59	
1009	29	
1010	2	
1011	31	
1012	86	
1013	22	
1014	61	
1015	30	
1016	22	
1017	36	
1018	41	
1019	81	
1020	11	
1021	84	
1022	18	
1023	59	
1024	70	
1025	3	
1026	39	
1027	53	
1028	43	
1029	70	
1030	31	
1031	30	
1032	50	
1033	10	
1034	6	
1035	51	
1036	96	
1037	63	
1038	50	
1039	87	
1040	36	
1041	50	
1042	25	
1043	98	
1044	76	
1045	1	
1046	35	
1047	95	
1048	15	
1049	15	
1050	78	
1051	44	
1052	42	
1053	71	
1054	19	
1055	78	
1056	41	
1057	59	
1058	36	
1059	19	
1060	73	
1061	30	
1062	62	
1063	33	
1064	21	
1065	76	
1066	37	
1067	6	
1068	15	
1069	70	
1070	97	
1071	44	
1072	61	
1073	61	
1074	77	
1075	99	
1076	58	
1077	17	
1078	19	
1079	32	
1080	48	
1081	12	
1082	100	
1083	42	
1084	17	
1085	70	
1086	59	
1087	16	
1088	76	
1089	11	
1090	35	
1091	76	
1092	87	
1093	94	
1094	23	
1095	43	
1096	96	
1097	15	
1098	99	
1099	75	
1100	17	
1101	18	
1102	1	
1103	11	
1104	78	
1105	91	
1106	15	
1107	83	
1108	35	
1109	70	
1110	49	
1111	51	
1112	49	
1113	85	
1114	33	
1115	82	
1116	3	
1117	6	
1118	48	
1119	61	
1120	71	
1121	5	
1122	44	
1123	35	
1124	20	
1125	3	
1126	49	
1127	19	
1128	22	
1129	54	
1130	90	
1131	39	
1132	87	
1133	38	
1134	11	
1135	37	
1136	58	
1137	67	
1138	26	
1139	82	
1140	72	
1141	3	
1142	20	
1143	36	
1144	77	
1145	86	
1146	78	
1147	33	
1148	13	
1149	46	
1150	43	
1151	24	
1152	57	
1153	90	
1154	2	
1155	57	
1156	17	
1157	89	
1158	37	
1159	42	
1160	73	
1161	58	
1162	78	
1163	6	
1164	25	
1165	26	
1166	87	
1167	90	
1168	14	
1169	39	
1170	7	
1171	91	
1172	69	
1173	81	
1174	41	
1175	89	
1176	85	
1177	48	
1178	62	
1179	87	
1180	47	
1181	23	
1182	39	
1183	70	
1184	63	
1185	1	
1186	50	
1187	13	
1188	53	
1189	15	
1190	3	
1191	44	
1192	98	
1193	86	
1194	25	
1195	91	
1196	11	
1197	36	
1198	36	
1199	73	
1200	2	
1201	76	
1202	66	
1203	95	
1204	49	
1205	71	
1206	76	
1207	75	
1208	92	
1209	51	
1210	91	
1211	28	
1212	4	
1213	17	
1214	53	
1215	22	
1216	72	
1217	20	
1218	59	
1219	44	
1220	93	
1221	22	
1222	27	
1223	36	
1224	76	
1225	11	
1226	77	
1227	34	
1228	56	
1229	42	
1230	55	
1231	55	
1232	85	
1233	73	
1234	70	
1235	73	
1236	17	
1237	59	
1238	12	
1239	61	
1240	24	
1241	83	
1242	30	
1243	79	
1244	1	
1245	35	
1246	85	
1247	65	
1248	13	
1249	23	
1250	14	
1251	46	
1252	89	
1253	37	
1254	36	
1255	23	
1256	76	
1257	85	
1258	74	
1259	17	
1260	88	
1261	4	
1262	3	
1263	7	
1264	36	
1265	71	
1266	20	
1267	58	
1268	33	
1269	46	
1270	38	
1271	69	
1272	62	
1273	91	
1274	34	
1275	48	
1276	54	
1277	82	
1278	78	
1279	71	
1280	78	
1281	23	
1282	67	
1283	54	
1284	69	
1285	85	
1286	22	
1287	96	
1288	57	
1289	44	
1290	13	
1291	94	
1292	85	
1293	24	
1294	69	
1295	54	
1296	19	
1297	89	
1298	31	
1299	6	
1300	24	
1301	39	
1302	29	
1303	48	
1304	5	
1305	59	
1306	100	
1307	97	
1308	22	
1309	69	
1310	13	
1311	76	
1312	54	
1313	92	
1314	45	
1315	53	
1316	56	
1317	90	
1318	67	
1319	24	
1320	37	
1321	3	
1322	26	
1323	37	
1324	33	
1325	19	
1326	5	
1327	96	
1328	49	
1329	12	
1330	80	
1331	36	
1332	47	
1333	36	
1334	58	
1335	5	
1336	91	
1337	93	
1338	67	
1339	12	
1340	21	
1341	98	
1342	29	
1343	83	
1344	62	
1345	74	
1346	33	
1347	99	
1348	82	
1349	47	
1350	9	
1351	31	
1352	73	
1353	78	
1354	24	
1355	44	
1356	76	
1357	52	
1358	34	
1359	76	
1360	26	
1361	56	
1362	7	
1363	77	
1364	29	
1365	25	
1366	53	
1367	45	
1368	40	
1369	59	
1370	4	
1371	93	
1372	41	
1373	42	
1374	8	
1375	64	
1376	6	
1377	28	
1378	59	
1379	79	
1380	40	
1381	5	
1382	56	
1383	48	
1384	13	
1385	6	
1386	96	
1387	4	
1388	67	
1389	49	
1390	53	
1391	83	
1392	4	
1393	81	
1394	40	
1395	24	
1396	39	
1397	4	
1398	77	
1399	80	
1400	2	
1401	1	
1402	27	
1403	57	
1404	20	
1405	24	
1406	59	
1407	44	
1408	45	
1409	87	
1410	42	
1411	26	
1412	10	
1413	64	
1414	37	
1415	28	
1416	84	
1417	47	
1418	78	
1419	44	
1420	78	
1421	31	
1422	66	
1423	93	
1424	53	
1425	74	
1426	18	
1427	15	
1428	17	
1429	98	
1430	63	
1431	41	
1432	19	
1433	16	
1434	64	
1435	4	
1436	54	
1437	58	
1438	85	
1439	71	
1440	16	
1441	6	
1442	63	
1443	11	
1444	88	
1445	27	
1446	20	
1447	15	
1448	82	
1449	25	
1450	85	
1451	50	
1452	24	
1453	69	
1454	60	
1455	37	
1456	49	
1457	43	
1458	97	
1459	15	
1460	70	
1461	62	
1462	75	
1463	73	
1464	95	
1465	28	
1466	50	
1467	34	
1468	48	
1469	96	
1470	88	
1471	69	
1472	26	
1473	98	
1474	25	
1475	55	
1476	1	
1477	83	
1478	52	
1479	32	
1480	89	
1481	51	
1482	46	
1483	47	
1484	62	
1485	96	
1486	64	
1487	84	
1488	18	
1489	78	
1490	3	
1491	19	
1492	15	
1493	70	
1494	16	
1495	55	
1496	47	
1497	93	
1498	57	
1499	42	
1500	30	
1501	16	
1502	8	
1503	45	
1504	56	
1505	19	
1506	13	
1507	22	
1508	46	
1509	23	
1510	50	
1511	87	
1512	75	
1513	6	
1514	64	
1515	6	
1516	84	
1517	20	
1518	53	
1519	25	
1520	49	
1521	9	
1522	45	
1523	53	
1524	64	
1525	87	
1526	7	
1527	84	
1528	87	
1529	58	
1530	35	
1531	20	
1532	92	
1533	72	
1534	15	
1535	64	
1536	26	
1537	60	
1538	75	
1539	99	
1540	34	
1541	56	
1542	62	
1543	26	
1544	36	
1545	21	
1546	25	
1547	80	
1548	29	
1549	24	
1550	28	
1551	77	
1552	13	
1553	100	
1554	54	
1555	53	
1556	84	
1557	44	
1558	28	
1559	64	
1560	46	
1561	80	
1562	42	
1563	22	
1564	37	
1565	20	
1566	58	
1567	73	
1568	19	
1569	78	
1570	46	
1571	3	
1572	54	
1573	46	
1574	83	
1575	63	
1576	45	
1577	33	
1578	82	
1579	97	
1580	70	
1581	57	
1582	45	
1583	100	
1584	96	
1585	36	
1586	76	
1587	1	
1588	4	
1589	78	
1590	66	
1591	66	
1592	1	
1593	10	
1594	74	
1595	30	
1596	74	
1597	93	
1598	96	
1599	13	
1600	32	
1601	100	
1602	71	
1603	2	
1604	50	
1605	96	
1606	2	
1607	67	
1608	2	
1609	14	
1610	98	
1611	20	
1612	91	
1613	42	
1614	27	
1615	25	
1616	47	
1617	29	
1618	24	
1619	67	
1620	63	
1621	29	
1622	85	
1623	43	
1624	100	
1625	97	
1626	72	
1627	100	
1628	54	
1629	43	
1630	11	
1631	16	
1632	64	
1633	79	
1634	42	
1635	91	
1636	97	
1637	31	
1638	27	
1639	57	
1640	95	
1641	75	
1642	47	
1643	66	
1644	99	
1645	12	
1646	7	
1647	37	
1648	89	
1649	91	
1650	57	
1651	75	
1652	26	
1653	12	
1654	51	
1655	11	
1656	74	
1657	40	
1658	20	
1659	17	
1660	90	
1661	45	
1662	12	
1663	25	
1664	97	
1665	31	
1666	98	
1667	79	
1668	60	
1669	35	
1670	13	
1671	18	
1672	47	
1673	33	
1674	73	
1675	86	
1676	31	
1677	83	
1678	25	
1679	40	
1680	87	
1681	61	
1682	52	
1683	30	
1684	69	
1685	36	
1686	22	
1687	41	
1688	92	
1689	65	
1690	26	
1691	1	
1692	57	
1693	20	
1694	42	
1695	89	
1696	60	
1697	7	
1698	92	
1699	53	
1700	94	
1701	15	
1702	73	
1703	77	
1704	46	
1705	95	
1706	37	
1707	62	
1708	78	
1709	58	
1710	88	
1711	61	
1712	41	
1713	3	
1714	5	
1715	40	
1716	15	
1717	100	
1718	94	
1719	70	
1720	94	
1721	5	
1722	1	
1723	36	
1724	57	
1725	12	
1726	38	
1727	99	
1728	80	
1729	8	
1730	15	
1731	38	
1732	32	
1733	24	
1734	58	
1735	31	
1736	10	
1737	83	
1738	87	
1739	15	
1740	33	
1741	90	
1742	45	
1743	33	
1744	62	
1745	63	
1746	83	
1747	76	
1748	41	
1749	90	
1750	33	
1751	66	
1752	63	
1753	3	
1754	17	
1755	57	
1756	23	
1757	24	
1758	68	
1759	49	
1760	31	
1761	38	
1762	80	
1763	74	
1764	2	
1765	37	
1766	17	
1767	12	
1768	49	
1769	10	
1770	31	
1771	20	
1772	40	
1773	55	
1774	31	
1775	31	
1776	15	
1777	83	
1778	99	
1779	28	
1780	95	
1781	47	
1782	28	
1783	56	
1784	43	
1785	65	
1786	100	
1787	52	
1788	66	
1789	85	
1790	15	
1791	64	
1792	45	
1793	88	
1794	31	
1795	69	
1796	39	
1797	55	
1798	42	
1799	32	
1800	99	
1801	23	
1802	84	
1803	47	
1804	46	
1805	84	
1806	99	
1807	80	
1808	51	
1809	31	
1810	89	
1811	73	
1812	80	
1813	42	
1814	2	
1815	20	
1816	92	
1817	40	
1818	20	
1819	79	
1820	12	
1821	59	
1822	96	
1823	23	
1824	52	
1825	59	
1826	43	
1827	33	
1828	96	
1829	2	
1830	92	
1831	18	
1832	17	
1833	52	
1834	15	
1835	96	
1836	44	
1837	18	
1838	53	
1839	20	
1840	31	
1841	8	
1842	56	
1843	73	
1844	85	
1845	65	
1846	53	
1847	56	
1848	52	
1849	43	
1850	13	
1851	36	
1852	66	
1853	73	
1854	18	
1855	64	
1856	6	
1857	35	
1858	17	
1859	73	
1860	57	
1861	57	
1862	32	
1863	46	
1864	39	
1865	29	
1866	27	
1867	60	
1868	57	
1869	12	
1870	96	
1871	78	
1872	83	
1873	94	
1874	84	
1875	8	
1876	53	
1877	24	
1878	70	
1879	30	
1880	52	
1881	19	
1882	92	
1883	55	
1884	75	
1885	72	
1886	63	
1887	39	
1888	47	
1889	15	
1890	97	
1891	91	
1892	81	
1893	29	
1894	22	
1895	94	
1896	89	
1897	16	
1898	17	
1899	47	
1900	31	
1901	19	
1902	1	
1903	59	
1904	98	
1905	60	
1906	51	
1907	2	
1908	85	
1909	69	
1910	12	
1911	78	
1912	39	
1913	36	
1914	85	
1915	97	
1916	16	
1917	55	
1918	28	
1919	38	
1920	16	
1921	23	
1922	34	
1923	100	
1924	53	
1925	10	
1926	29	
1927	92	
1928	22	
1929	99	
1930	85	
1931	53	
1932	55	
1933	11	
1934	24	
1935	55	
1936	73	
1937	71	
1938	7	
1939	78	
1940	81	
1941	5	
1942	48	
1943	30	
1944	6	
1945	13	
1946	88	
1947	22	
1948	41	
1949	63	
1950	88	
1951	18	
1952	81	
1953	69	
1954	97	
1955	68	
1956	81	
1957	71	
1958	50	
1959	12	
1960	6	
1961	30	
1962	18	
1963	17	
1964	96	
1965	95	
1966	40	
1967	53	
1968	20	
1969	59	
1970	33	
1971	61	
1972	24	
1973	95	
1974	10	
1975	79	
1976	4	
1977	63	
1978	16	
1979	9	
1980	33	
1981	92	
1982	5	
1983	54	
1984	26	
1985	63	
1986	97	
1987	82	
1988	88	
1989	49	
1990	88	
1991	51	
1992	91	
1993	10	
1994	33	
1995	72	
1996	72	
1997	12	
1998	6	
1999	18	
2000	86	
2001	39	
2002	80	
2003	62	
2004	39	
2005	49	
2006	49	
2007	96	
2008	90	
2009	77	
2010	33	
2011	4	
2012	21	
2013	93	
2014	59	
2015	96	
2016	6	
2017	65	
2018	24	
2019	30	
2020	31	
2021	63	
2022	8	
2023	69	
2024	15	
2025	3	
2026	25	
2027	65	
2028	59	
2029	62	
2030	5	
2031	77	
2032	88	
2033	28	
2034	1	
2035	98	
2036	58	
2037	4	
2038	30	
2039	3	
2040	76	
2041	40	
2042	37	
2043	52	
2044	24	
2045	83	
2046	100	
2047	89	
2048	13	
2049	33	
2050	51	
2051	2	
2052	57	
2053	26	
2054	38	
2055	13	
2056	46	
2057	32	
2058	39	
2059	97	
2060	15	
2061	96	
2062	86	
2063	79	
2064	10	
2065	26	
2066	27	
2067	61	
2068	100	
2069	79	
2070	100	
2071	25	
2072	29	
2073	4	
2074	49	
2075	88	
2076	91	
2077	46	
2078	90	
2079	12	
2080	5	
2081	32	
2082	45	
2083	28	
2084	71	
2085	38	
2086	93	
2087	93	
2088	18	
2089	86	
2090	43	
2091	56	
2092	42	
2093	63	
2094	37	
2095	4	
2096	67	
2097	56	
2098	67	
2099	50	
2100	14	
2101	39	
2102	8	
2103	97	
2104	62	
2105	20	
2106	84	
2107	85	
2108	2	
2109	25	
2110	33	
2111	18	
2112	92	
2113	61	
2114	40	
2115	100	
2116	41	
2117	66	
2118	54	
2119	54	
2120	36	
2121	81	
2122	24	
2123	33	
2124	84	
2125	63	
2126	41	
2127	43	
2128	19	
2129	31	
2130	61	
2131	30	
2132	27	
2133	76	
2134	62	
2135	24	
2136	59	
2137	85	
2138	64	
2139	66	
2140	100	
2141	69	
2142	98	
2143	47	
2144	42	
2145	90	
2146	80	
2147	11	
2148	2	
2149	23	
2150	72	
2151	94	
2152	7	
2153	84	
2154	39	
2155	85	
2156	22	
2157	83	
2158	91	
2159	89	
2160	8	
2161	54	
2162	41	
2163	25	
2164	28	
2165	85	
2166	5	
2167	18	
2168	35	
2169	59	
2170	62	
2171	37	
2172	62	
2173	21	
2174	65	
2175	90	
2176	48	
2177	64	
2178	70	
2179	85	
2180	43	
2181	21	
2182	21	
2183	13	
2184	53	
2185	20	
2186	36	
2187	27	
2188	96	
2189	23	
2190	3	
2191	38	
2192	8	
2193	22	
2194	82	
2195	6	
2196	25	
2197	39	
2198	58	
2199	86	
2200	91	
2201	73	
2202	41	
2203	15	
2204	56	
2205	2	
2206	77	
2207	40	
2208	54	
2209	10	
2210	82	
2211	86	
2212	71	
2213	63	
2214	18	
2215	95	
2216	71	
2217	9	
2218	74	
2219	64	
2220	73	
2221	53	
2222	64	
2223	49	
2224	79	
2225	55	
2226	80	
2227	73	
2228	5	
2229	25	
2230	21	
2231	45	
2232	39	
2233	76	
2234	18	
2235	87	
2236	37	
2237	32	
2238	11	
2239	65	
2240	91	
2241	69	
2242	92	
2243	33	
2244	39	
2245	82	
2246	62	
2247	87	
2248	28	
2249	86	
2250	70	
2251	64	
2252	95	
2253	19	
2254	27	
2255	39	
2256	43	
2257	56	
2258	16	
2259	100	
2260	29	
2261	1	
2262	37	
2263	78	
2264	42	
2265	79	
2266	41	
2267	22	
2268	78	
2269	22	
2270	7	
2271	88	
2272	92	
2273	77	
2274	3	
2275	27	
2276	71	
2277	13	
2278	23	
2279	58	
2280	33	
2281	36	
2282	8	
2283	58	
2284	67	
2285	65	
2286	67	
2287	99	
2288	65	
2289	82	
2290	74	
2291	93	
2292	1	
2293	100	
2294	71	
2295	26	
2296	69	
2297	7	
2298	13	
2299	96	
2300	90	
2301	89	
2302	12	
2303	93	
2304	93	
2305	17	
2306	59	
2307	3	
2308	74	
2309	89	
2310	5	
2311	51	
2312	73	
2313	26	
2314	43	
2315	91	
2316	39	
2317	76	
2318	65	
2319	18	
2320	4	
2321	25	
2322	74	
2323	21	
2324	52	
2325	25	
2326	46	
2327	73	
2328	95	
2329	36	
2330	51	
2331	28	
2332	34	
2333	60	
2334	83	
2335	70	
2336	25	
2337	86	
2338	58	
2339	70	
2340	85	
2341	6	
2342	18	
2343	19	
2344	98	
2345	65	
2346	87	
2347	59	
2348	63	
2349	68	
2350	85	
2351	84	
2352	66	
2353	52	
2354	15	
2355	91	
2356	27	
2357	66	
2358	99	
2359	54	
2360	85	
2361	13	
2362	39	
2363	39	
2364	10	
2365	8	
2366	8	
2367	53	
2368	93	
2369	63	
2370	62	
2371	39	
2372	56	
2373	35	
2374	4	
2375	2	
2376	33	
2377	69	
2378	2	
2379	9	
2380	99	
2381	61	
2382	82	
2383	68	
2384	32	
2385	68	
2386	78	
2387	8	
2388	37	
2389	19	
2390	46	
2391	26	
2392	31	
2393	11	
2394	52	
2395	5	
2396	93	
2397	97	
2398	34	
2399	82	
2400	33	
2401	57	
2402	55	
2403	96	
2404	30	
2405	9	
2406	43	
2407	79	
2408	49	
2409	33	
2410	98	
2411	26	
2412	6	
2413	38	
2414	57	
2415	11	
2416	89	
2417	28	
2418	6	
2419	75	
2420	87	
2421	46	
2422	7	
2423	49	
2424	44	
2425	38	
2426	91	
2427	93	
2428	56	
2429	83	
2430	9	
2431	79	
2432	80	
2433	96	
2434	82	
2435	90	
2436	48	
2437	72	
2438	56	
2439	35	
2440	32	
2441	78	
2442	55	
2443	98	
2444	57	
2445	92	
2446	34	
2447	29	
2448	74	
2449	29	
2450	28	
2451	25	
2452	41	
2453	92	
2454	93	
2455	70	
2456	81	
2457	5	
2458	83	
2459	88	
2460	71	
2461	81	
2462	43	
2463	22	
2464	95	
2465	47	
2466	63	
2467	4	
2468	6	
2469	27	
2470	75	
2471	26	
2472	91	
2473	7	
2474	51	
2475	68	
2476	67	
2477	22	
2478	44	
2479	29	
2480	43	
2481	91	
2482	100	
2483	42	
2484	78	
2485	96	
2486	16	
2487	94	
2488	1	
2489	69	
2490	89	
2491	13	
2492	57	
2493	51	
2494	66	
2495	47	
2496	1	
2497	39	
2498	74	
2499	100	
2500	23	
2501	71	
2502	80	
2503	75	
2504	57	
2505	13	
2506	43	
2507	97	
2508	89	
2509	45	
2510	76	
2511	84	
2512	79	
2513	69	
2514	73	
2515	30	
2516	87	
2517	16	
2518	45	
2519	36	
2520	69	
2521	17	
2522	73	
2523	13	
2524	15	
2525	35	
2526	14	
2527	63	
2528	91	
2529	100	
2530	78	
2531	11	
2532	35	
2533	15	
2534	38	
2535	67	
2536	99	
2537	60	
2538	90	
2539	24	
2540	51	
2541	13	
2542	93	
2543	73	
2544	87	
2545	28	
2546	52	
2547	52	
2548	88	
2549	13	
2550	44	
2551	66	
2552	49	
2553	90	
2554	94	
2555	16	
2556	49	
2557	59	
2558	29	
2559	10	
2560	97	
2561	9	
2562	32	
2563	28	
2564	92	
2565	36	
2566	73	
2567	65	
2568	12	
2569	80	
2570	50	
2571	50	
2572	80	
2573	9	
2574	96	
2575	33	
2576	38	
2577	68	
2578	84	
2579	64	
2580	60	
2581	70	
2582	97	
2583	93	
2584	13	
2585	96	
2586	49	
2587	41	
2588	14	
2589	59	
2590	49	
2591	51	
2592	2	
2593	59	
2594	47	
2595	64	
2596	16	
2597	82	
2598	27	
2599	26	
2600	6	
2601	16	
2602	72	
2603	43	
2604	25	
2605	42	
2606	21	
2607	80	
2608	25	
2609	12	
2610	99	
2611	7	
2612	32	
2613	84	
2614	23	
2615	72	
2616	72	
2617	46	
2618	34	
2619	73	
2620	78	
2621	4	
2622	38	
2623	71	
2624	51	
2625	26	
2626	12	
2627	3	
2628	71	
2629	48	
2630	45	
2631	46	
2632	14	
2633	96	
2634	79	
2635	30	
2636	50	
2637	51	
2638	75	
2639	77	
2640	88	
2641	81	
2642	70	
2643	37	
2644	95	
2645	67	
2646	86	
2647	77	
2648	10	
2649	53	
2650	16	
2651	52	
2652	35	
2653	42	
2654	61	
2655	78	
2656	92	
2657	69	
2658	86	
2659	92	
2660	59	
2661	55	
2662	30	
2663	8	
2664	11	
2665	9	
2666	80	
2667	76	
2668	78	
2669	93	
2670	67	
2671	85	
2672	98	
2673	42	
2674	80	
2675	2	
2676	58	
2677	6	
2678	20	
2679	76	
2680	37	
2681	93	
2682	68	
2683	77	
2684	43	
2685	52	
2686	78	
2687	79	
2688	40	
2689	16	
2690	47	
2691	32	
2692	58	
2693	91	
2694	84	
2695	41	
2696	39	
2697	95	
2698	27	
2699	16	
2700	62	
2701	68	
2702	65	
2703	56	
2704	52	
2705	4	
2706	3	
2707	53	
2708	85	
2709	46	
2710	71	
2711	30	
2712	42	
2713	69	
2714	69	
2715	17	
2716	66	
2717	67	
2718	48	
2719	15	
2720	64	
2721	93	
2722	4	
2723	26	
2724	40	
2725	27	
2726	48	
2727	97	
2728	59	
2729	50	
2730	99	
2731	47	
2732	5	
2733	67	
2734	84	
2735	53	
2736	82	
2737	7	
2738	51	
2739	39	
2740	35	
2741	30	
2742	51	
2743	39	
2744	84	
2745	10	
2746	12	
2747	87	
2748	37	
2749	99	
2750	52	
2751	2	
2752	67	
2753	78	
2754	24	
2755	51	
2756	90	
2757	88	
2758	69	
2759	35	
2760	6	
2761	89	
2762	45	
2763	89	
2764	60	
2765	91	
2766	97	
2767	25	
2768	83	
2769	26	
2770	34	
2771	47	
2772	65	
2773	91	
2774	2	
2775	23	
2776	13	
2777	51	
2778	73	
2779	88	
2780	20	
2781	27	
2782	66	
2783	47	
2784	50	
2785	11	
2786	69	
2787	87	
2788	92	
2789	25	
2790	12	
2791	23	
2792	1	
2793	25	
2794	32	
2795	97	
2796	15	
2797	24	
2798	35	
2799	99	
2800	36	
2801	46	
2802	66	
2803	18	
2804	99	
2805	29	
2806	17	
2807	45	
2808	82	
2809	9	
2810	3	
2811	56	
2812	51	
2813	16	
2814	57	
2815	11	
2816	69	
2817	30	
2818	100	
2819	1	
2820	81	
2821	27	
2822	53	
2823	7	
2824	40	
2825	65	
2826	69	
2827	56	
2828	21	
2829	57	
2830	19	
2831	88	
2832	13	
2833	39	
2834	15	
2835	20	
2836	60	
2837	32	
2838	39	
2839	50	
2840	50	
2841	40	
2842	23	
2843	78	
2844	25	
2845	18	
2846	42	
2847	5	
2848	63	
2849	89	
2850	32	
2851	66	
2852	98	
2853	14	
2854	11	
2855	17	
2856	30	
2857	6	
2858	24	
2859	62	
2860	11	
2861	55	
2862	37	
2863	92	
2864	37	
2865	8	
2866	82	
2867	76	
2868	53	
2869	7	
2870	6	
2871	33	
2872	62	
2873	87	
2874	29	
2875	67	
2876	63	
2877	68	
2878	49	
2879	70	
2880	1	
2881	28	
2882	22	
2883	14	
2884	71	
2885	13	
2886	23	
2887	22	
2888	52	
2889	8	
2890	81	
2891	86	
2892	44	
2893	1	
2894	52	
2895	86	
2896	96	
2897	93	
2898	71	
2899	19	
2900	33	
2901	50	
2902	23	
2903	99	
2904	42	
2905	19	
2906	24	
2907	47	
2908	20	
2909	11	
2910	1	
2911	50	
2912	83	
2913	72	
2914	94	
2915	64	
2916	43	
2917	49	
2918	1	
2919	21	
2920	25	
2921	62	
2922	79	
2923	49	
2924	49	
2925	32	
2926	13	
2927	63	
2928	40	
2929	96	
2930	93	
2931	53	
2932	9	
2933	46	
2934	77	
2935	43	
2936	25	
2937	92	
2938	41	
2939	61	
2940	29	
2941	18	
2942	10	
2943	8	
2944	48	
2945	17	
2946	99	
2947	33	
2948	23	
2949	26	
2950	28	
2951	3	
2952	42	
2953	45	
2954	86	
2955	43	
2956	98	
2957	20	
2958	20	
2959	79	
2960	59	
2961	7	
2962	17	
2963	69	
2964	81	
2965	99	
2966	93	
2967	47	
2968	92	
2969	21	
2970	51	
2971	78	
2972	45	
2973	50	
2974	34	
2975	9	
2976	9	
2977	54	
2978	78	
2979	16	
2980	99	
2981	95	
2982	37	
2983	31	
2984	59	
2985	9	
2986	27	
2987	83	
2988	27	
2989	72	
2990	72	
2991	13	
2992	61	
2993	95	
2994	95	
2995	39	
2996	80	
2997	25	
2998	71	
2999	33	
3000	27	
3001	19	
3002	71	
3003	25	
3004	94	
3005	87	
3006	35	
3007	12	
3008	45	
3009	88	
3010	26	
3011	66	
3012	62	
3013	21	
3014	91	
3015	18	
3016	47	
3017	61	
3018	78	
3019	65	
3020	23	
3021	89	
3022	10	
3023	66	
3024	84	
3025	75	
3026	82	
3027	9	
3028	23	
3029	47	
3030	62	
3031	33	
3032	61	
3033	37	
3034	81	
3035	67	
3036	50	
3037	68	
3038	69	
3039	94	
3040	1	
3041	31	
3042	48	
3043	75	
3044	84	
3045	71	
3046	31	
3047	36	
3048	23	
3049	77	
3050	59	
3051	79	
3052	78	
3053	91	
3054	77	
3055	25	
3056	81	
3057	64	
3058	3	
3059	57	
3060	82	
3061	70	
3062	87	
3063	68	
3064	26	
3065	81	
3066	64	
3067	20	
3068	17	
3069	6	
3070	78	
3071	55	
3072	1	
3073	94	
3074	96	
3075	54	
3076	75	
3077	50	
3078	37	
3079	17	
3080	75	
3081	55	
3082	65	
3083	99	
3084	58	
3085	53	
3086	98	
3087	87	
3088	67	
3089	25	
3090	78	
3091	72	
3092	8	
3093	45	
3094	85	
3095	94	
3096	12	
3097	24	
3098	53	
3099	51	
3100	76	
3101	89	
3102	40	
3103	6	
3104	28	
3105	58	
3106	85	
3107	100	
3108	93	
3109	70	
3110	88	
3111	88	
3112	98	
3113	13	
3114	81	
3115	25	
3116	20	
3117	56	
3118	13	
3119	60	
3120	32	
3121	100	
3122	26	
3123	33	
3124	78	
3125	17	
3126	53	
3127	6	
3128	37	
3129	57	
3130	40	
3131	17	
3132	35	
3133	28	
3134	91	
3135	24	
3136	19	
3137	46	
3138	24	
3139	5	
3140	10	
3141	10	
3142	9	
3143	1	
3144	61	
3145	99	
3146	82	
3147	91	
3148	59	
3149	96	
3150	25	
3151	95	
3152	9	
3153	26	
3154	68	
3155	17	
3156	47	
3157	78	
3158	27	
3159	53	
3160	49	
3161	14	
3162	96	
3163	94	
3164	9	
3165	35	
3166	4	
3167	1	
3168	61	
3169	11	
3170	49	
3171	36	
3172	56	
3173	7	
3174	59	
3175	42	
3176	23	
3177	87	
3178	37	
3179	26	
3180	1	
3181	56	
3182	15	
3183	81	
3184	5	
3185	46	
3186	39	
3187	43	
3188	16	
3189	19	
3190	42	
3191	75	
3192	14	
3193	3	
3194	10	
3195	81	
3196	95	
3197	88	
3198	35	
3199	64	
3200	12	
3201	85	
3202	23	
3203	82	
3204	61	
3205	1	
3206	92	
3207	77	
3208	9	
3209	43	
3210	22	
3211	53	
3212	27	
3213	96	
3214	59	
3215	90	
3216	5	
3217	46	
3218	84	
3219	64	
3220	13	
3221	77	
3222	35	
3223	91	
3224	30	
3225	13	
3226	89	
3227	15	
3228	73	
3229	41	
3230	71	
3231	74	
3232	21	
3233	40	
3234	55	
3235	98	
3236	73	
3237	87	
3238	25	
3239	42	
3240	11	
3241	3	
3242	44	
3243	70	
3244	40	
3245	50	
3246	24	
3247	45	
3248	81	
3249	46	
3250	95	
3251	40	
3252	85	
3253	51	
3254	42	
3255	58	
3256	53	
3257	12	
3258	10	
3259	99	
3260	6	
3261	7	
3262	57	
3263	3	
3264	83	
3265	23	
3266	16	
3267	34	
3268	21	
3269	90	
3270	29	
3271	70	
3272	88	
3273	72	
3274	44	
3275	62	
3276	13	
3277	36	
3278	15	
3279	99	
3280	4	
3281	60	
3282	63	
3283	35	
3284	45	
3285	26	
3286	10	
3287	39	
3288	88	
3289	28	
3290	97	
3291	82	
3292	71	
3293	53	
3294	17	
3295	54	
3296	72	
3297	78	
3298	87	
3299	51	
3300	65	
3301	1	
3302	62	
3303	45	
3304	37	
3305	10	
3306	41	
3307	72	
3308	30	
3309	78	
3310	75	
3311	27	
3312	87	
3313	58	
3314	53	
3315	32	
3316	1	
3317	70	
3318	32	
3319	31	
3320	83	
3321	72	
3322	57	
3323	68	
3324	31	
3325	100	
3326	54	
3327	84	
3328	24	
3329	62	
3330	8	
3331	24	
3332	28	
3333	13	
3334	41	
3335	66	
3336	74	
3337	68	
3338	52	
3339	33	
3340	6	
3341	49	
3342	29	
3343	18	
3344	33	
3345	56	
3346	92	
3347	11	
3348	28	
3349	71	
3350	27	
3351	62	
3352	97	
3353	52	
3354	27	
3355	28	
3356	39	
3357	43	
3358	53	
3359	76	
3360	61	
3361	51	
3362	82	
3363	43	
3364	71	
3365	42	
3366	57	
3367	63	
3368	78	
3369	99	
3370	73	
3371	9	
3372	70	
3373	17	
3374	5	
3375	8	
3376	87	
3377	55	
3378	50	
3379	25	
3380	11	
3381	72	
3382	49	
3383	40	
3384	19	
3385	66	
3386	30	
3387	23	
3388	87	
3389	83	
3390	98	
3391	51	
3392	73	
3393	57	
3394	62	
3395	72	
3396	6	
3397	87	
3398	55	
3399	93	
3400	98	
3401	67	
3402	15	
3403	55	
3404	38	
3405	98	
3406	34	
3407	37	
3408	13	
3409	99	
3410	52	
3411	50	
3412	49	
3413	73	
3414	99	
3415	79	
3416	61	
3417	88	
3418	56	
3419	49	
3420	34	
3421	68	
3422	52	
3423	65	
3424	28	
3425	83	
3426	32	
3427	40	
3428	36	
3429	65	
3430	34	
3431	86	
3432	17	
3433	75	
3434	59	
3435	40	
3436	29	
3437	43	
3438	21	
3439	7	
3440	78	
3441	40	
3442	57	
3443	98	
3444	27	
3445	99	
3446	4	
3447	78	
3448	50	
3449	90	
3450	34	
3451	77	
3452	33	
3453	42	
3454	51	
3455	33	
3456	39	
3457	58	
3458	11	
3459	75	
3460	58	
3461	60	
3462	11	
3463	54	
3464	92	
3465	12	
3466	29	
3467	75	
3468	68	
3469	61	
3470	14	
3471	73	
3472	95	
3473	77	
3474	75	
3475	40	
3476	41	
3477	74	
3478	6	
3479	11	
3480	99	
3481	1	
3482	47	
3483	28	
3484	32	
3485	20	
3486	61	
3487	20	
3488	86	
3489	57	
3490	16	
3491	61	
3492	15	
3493	83	
3494	30	
3495	73	
3496	35	
3497	50	
3498	12	
3499	6	
3500	22	
3501	31	
3502	88	
3503	61	
3504	36	
3505	46	
3506	70	
3507	89	
3508	38	
3509	54	
3510	13	
3511	35	
3512	32	
3513	53	
3514	73	
3515	93	
3516	74	
3517	18	
3518	40	
3519	25	
3520	65	
3521	77	
3522	34	
3523	1	
3524	25	
3525	83	
3526	51	
3527	62	
3528	33	
3529	16	
3530	1	
3531	26	
3532	84	
3533	54	
3534	92	
3535	4	
3536	52	
3537	25	
3538	16	
3539	48	
3540	75	
3541	42	
3542	62	
3543	6	
3544	60	
3545	26	
3546	73	
3547	21	
3548	24	
3549	42	
3550	28	
3551	53	
3552	79	
3553	22	
3554	70	
3555	3	
3556	61	
3557	87	
3558	97	
3559	34	
3560	55	
3561	15	
3562	4	
3563	46	
3564	22	
3565	25	
3566	73	
3567	65	
3568	60	
3569	52	
3570	15	
3571	74	
3572	36	
3573	43	
3574	5	
3575	15	
3576	44	
3577	95	
3578	66	
3579	76	
3580	97	
3581	37	
3582	79	
3583	72	
3584	64	
3585	99	
3586	80	
3587	65	
3588	10	
3589	48	
3590	16	
3591	64	
3592	89	
3593	70	
3594	56	
3595	68	
3596	99	
3597	30	
3598	88	
3599	6	
3600	32	
3601	63	
3602	27	
3603	99	
3604	56	
3605	44	
3606	86	
3607	22	
3608	99	
3609	72	
3610	85	
3611	41	
3612	58	
3613	26	
3614	23	
3615	10	
3616	14	
3617	45	
3618	3	
3619	33	
3620	22	
3621	50	
3622	42	
3623	57	
3624	86	
3625	34	
3626	45	
3627	88	
3628	44	
3629	83	
3630	93	
3631	44	
3632	15	
3633	83	
3634	21	
3635	10	
3636	24	
3637	50	
3638	52	
3639	73	
3640	74	
3641	79	
3642	77	
3643	53	
3644	75	
3645	59	
3646	32	
3647	94	
3648	67	
3649	83	
3650	24	
3651	67	
3652	93	
3653	20	
3654	89	
3655	37	
3656	11	
3657	99	
3658	13	
3659	59	
3660	92	
3661	92	
3662	47	
3663	82	
3664	45	
3665	76	
3666	25	
3667	4	
3668	71	
3669	93	
3670	68	
3671	10	
3672	85	
3673	94	
3674	84	
3675	88	
3676	40	
3677	85	
3678	51	
3679	12	
3680	67	
3681	26	
3682	71	
3683	16	
3684	93	
3685	79	
3686	85	
3687	47	
3688	71	
3689	68	
3690	98	
3691	41	
3692	93	
3693	90	
3694	15	
3695	45	
3696	36	
3697	25	
3698	46	
3699	1	
3700	58	
3701	36	
3702	85	
3703	53	
3704	67	
3705	65	
3706	23	
3707	57	
3708	55	
3709	83	
3710	40	
3711	33	
3712	19	
3713	22	
3714	3	
3715	16	
3716	67	
3717	23	
3718	47	
3719	60	
3720	87	
3721	14	
3722	8	
3723	2	
3724	60	
3725	5	
3726	53	
3727	40	
3728	70	
3729	4	
3730	9	
3731	56	
3732	85	
3733	60	
3734	92	
3735	100	
3736	41	
3737	30	
3738	41	
3739	29	
3740	23	
3741	46	
3742	78	
3743	89	
3744	75	
3745	58	
3746	41	
3747	95	
3748	50	
3749	35	
3750	87	
3751	56	
3752	39	
3753	64	
3754	49	
3755	5	
3756	12	
3757	20	
3758	32	
3759	65	
3760	63	
3761	78	
3762	94	
3763	49	
3764	95	
3765	96	
3766	60	
3767	68	
3768	74	
3769	54	
3770	8	
3771	51	
3772	10	
3773	6	
3774	86	
3775	24	
3776	22	
3777	51	
3778	28	
3779	28	
3780	84	
3781	8	
3782	48	
3783	54	
3784	26	
3785	31	
3786	10	
3787	15	
3788	3	
3789	88	
3790	53	
3791	89	
3792	37	
3793	57	
3794	92	
3795	42	
3796	77	
3797	81	
3798	63	
3799	28	
3800	87	
3801	76	
3802	12	
3803	40	
3804	9	
3805	22	
3806	100	
3807	53	
3808	33	
3809	25	
3810	26	
3811	80	
3812	58	
3813	25	
3814	59	
3815	15	
3816	33	
3817	31	
3818	30	
3819	23	
3820	77	
3821	41	
3822	39	
3823	40	
3824	93	
3825	65	
3826	32	
3827	73	
3828	31	
3829	71	
3830	43	
3831	78	
3832	40	
3833	62	
3834	27	
3835	28	
3836	80	
3837	39	
3838	71	
3839	33	
3840	32	
3841	11	
3842	56	
3843	38	
3844	51	
3845	59	
3846	36	
3847	6	
3848	60	
3849	76	
3850	47	
3851	74	
3852	80	
3853	90	
3854	27	
3855	57	
3856	78	
3857	22	
3858	6	
3859	47	
3860	48	
3861	66	
3862	64	
3863	79	
3864	97	
3865	85	
3866	19	
3867	34	
3868	38	
3869	5	
3870	16	
3871	95	
3872	30	
3873	66	
3874	81	
3875	75	
3876	52	
3877	26	
3878	50	
3879	20	
3880	70	
3881	81	
3882	90	
3883	12	
3884	90	
3885	16	
3886	45	
3887	12	
3888	74	
3889	91	
3890	17	
3891	51	
3892	5	
3893	5	
3894	59	
3895	78	
3896	5	
3897	8	
3898	52	
3899	79	
3900	67	
3901	51	
3902	83	
3903	40	
3904	56	
3905	93	
3906	11	
3907	54	
3908	25	
3909	57	
3910	70	
3911	13	
3912	92	
3913	82	
3914	14	
3915	88	
3916	99	
3917	34	
3918	13	
3919	83	
3920	30	
3921	25	
3922	82	
3923	22	
3924	61	
3925	56	
3926	40	
3927	8	
3928	28	
3929	28	
3930	11	
3931	38	
3932	37	
3933	34	
3934	39	
3935	4	
3936	62	
3937	82	
3938	50	
3939	69	
3940	45	
3941	33	
3942	100	
3943	60	
3944	85	
3945	53	
3946	8	
3947	83	
3948	72	
3949	21	
3950	1	
3951	88	
3952	45	
3953	47	
3954	8	
3955	95	
3956	85	
3957	96	
3958	82	
3959	81	
3960	47	
3961	88	
3962	92	
3963	81	
3964	34	
3965	89	
3966	61	
3967	70	
3968	91	
3969	58	
3970	51	
3971	26	
3972	5	
3973	26	
3974	91	
3975	58	
3976	82	
3977	11	
3978	8	
3979	84	
3980	9	
3981	37	
3982	64	
3983	47	
3984	64	
3985	26	
3986	16	
3987	79	
3988	81	
3989	77	
3990	58	
3991	76	
3992	26	
3993	50	
3994	91	
3995	37	
3996	62	
3997	1	
3998	32	
3999	59	
4000	56	
4001	44	
4002	70	
4003	57	
4004	68	
4005	15	
4006	68	
4007	7	
4008	19	
4009	59	
4010	25	
4011	88	
4012	17	
4013	97	
4014	64	
4015	93	
4016	91	
4017	74	
4018	94	
4019	42	
4020	76	
4021	67	
4022	44	
4023	98	
4024	81	
4025	75	
4026	19	
4027	77	
4028	94	
4029	30	
4030	21	
4031	22	
4032	76	
4033	90	
4034	47	
4035	83	
4036	39	
4037	49	
4038	98	
4039	42	
4040	51	
4041	55	
4042	40	
4043	47	
4044	5	
4045	58	
4046	82	
4047	2	
4048	49	
4049	46	
4050	45	
4051	60	
4052	79	
4053	5	
4054	31	
4055	38	
4056	71	
4057	78	
4058	76	
4059	47	
4060	98	
4061	7	
4062	60	
4063	9	
4064	84	
4065	52	
4066	41	
4067	36	
4068	62	
4069	83	
4070	2	
4071	39	
4072	67	
4073	44	
4074	4	
4075	96	
4076	29	
4077	60	
4078	69	
4079	30	
4080	79	
4081	67	
4082	62	
4083	28	
4084	1	
4085	12	
4086	56	
4087	21	
4088	97	
4089	81	
4090	32	
4091	20	
4092	66	
4093	37	
4094	80	
4095	17	
4096	88	
4097	3	
4098	88	
4099	15	
4100	57	
4101	22	
4102	8	
4103	20	
4104	23	
4105	93	
4106	6	
4107	36	
4108	64	
4109	54	
4110	31	
4111	64	
4112	28	
4113	9	
4114	8	
4115	78	
4116	76	
4117	19	
4118	90	
4119	27	
4120	14	
4121	85	
4122	81	
4123	55	
4124	5	
4125	19	
4126	26	
4127	53	
4128	99	
4129	39	
4130	6	
4131	77	
4132	83	
4133	86	
4134	15	
4135	83	
4136	30	
4137	51	
4138	54	
4139	27	
4140	23	
4141	57	
4142	1	
4143	92	
4144	61	
4145	83	
4146	65	
4147	28	
4148	57	
4149	7	
4150	86	
4151	11	
4152	11	
4153	9	
4154	87	
4155	85	
4156	56	
4157	75	
4158	69	
4159	59	
4160	78	
4161	56	
4162	21	
4163	10	
4164	16	
4165	18	
4166	36	
4167	85	
4168	69	
4169	54	
4170	12	
4171	40	
4172	98	
4173	4	
4174	10	
4175	80	
4176	30	
4177	54	
4178	78	
4179	55	
4180	27	
4181	60	
4182	4	
4183	22	
4184	36	
4185	34	
4186	27	
4187	93	
4188	2	
4189	86	
4190	34	
4191	79	
4192	81	
4193	85	
4194	13	
4195	61	
4196	33	
4197	79	
4198	91	
4199	41	
4200	51	
4201	17	
4202	55	
4203	84	
4204	12	
4205	29	
4206	19	
4207	58	
4208	62	
4209	97	
4210	94	
4211	86	
4212	56	
4213	73	
4214	23	
4215	24	
4216	60	
4217	16	
4218	57	
4219	25	
4220	64	
4221	59	
4222	1	
4223	83	
4224	79	
4225	47	
4226	55	
4227	79	
4228	58	
4229	37	
4230	63	
4231	92	
4232	6	
4233	65	
4234	35	
4235	87	
4236	86	
4237	97	
4238	71	
4239	74	
4240	6	
4241	45	
4242	23	
4243	43	
4244	85	
4245	39	
4246	44	
4247	48	
4248	28	
4249	2	
4250	73	
4251	86	
4252	29	
4253	32	
4254	57	
4255	92	
4256	33	
4257	13	
4258	39	
4259	15	
4260	71	
4261	75	
4262	69	
4263	25	
4264	15	
4265	42	
4266	17	
4267	88	
4268	63	
4269	59	
4270	12	
4271	17	
4272	34	
4273	66	
4274	49	
4275	47	
4276	69	
4277	77	
4278	43	
4279	47	
4280	95	
4281	21	
4282	62	
4283	87	
4284	75	
4285	66	
4286	7	
4287	85	
4288	38	
4289	32	
4290	89	
4291	46	
4292	91	
4293	14	
4294	100	
4295	57	
4296	85	
4297	23	
4298	5	
4299	96	
4300	40	
4301	53	
4302	95	
4303	27	
4304	25	
4305	79	
4306	78	
4307	61	
4308	81	
4309	44	
4310	67	
4311	5	
4312	51	
4313	76	
4314	76	
4315	66	
4316	28	
4317	76	
4318	63	
4319	48	
4320	75	
4321	64	
4322	60	
4323	44	
4324	47	
4325	49	
4326	57	
4327	40	
4328	97	
4329	40	
4330	63	
4331	10	
4332	85	
4333	87	
4334	39	
4335	8	
4336	92	
4337	77	
4338	7	
4339	94	
4340	24	
4341	92	
4342	89	
4343	29	
4344	29	
4345	8	
4346	77	
4347	52	
4348	4	
4349	95	
4350	84	
4351	54	
4352	76	
4353	32	
4354	29	
4355	28	
4356	42	
4357	37	
4358	16	
4359	70	
4360	98	
4361	87	
4362	18	
4363	47	
4364	33	
4365	22	
4366	6	
4367	7	
4368	27	
4369	96	
4370	67	
4371	34	
4372	24	
4373	1	
4374	21	
4375	87	
4376	16	
4377	65	
4378	67	
4379	68	
4380	48	
4381	86	
4382	83	
4383	86	
4384	96	
4385	89	
4386	67	
4387	59	
4388	53	
4389	62	
4390	100	
4391	66	
4392	98	
4393	2	
4394	43	
4395	98	
4396	77	
4397	18	
4398	33	
4399	48	
4400	65	
4401	67	
4402	48	
4403	24	
4404	54	
4405	10	
4406	86	
4407	17	
4408	30	
4409	38	
4410	66	
4411	15	
4412	44	
4413	74	
4414	88	
4415	49	
4416	68	
4417	38	
4418	11	
4419	65	
4420	4	
4421	95	
4422	6	
4423	96	
4424	14	
4425	50	
4426	1	
4427	73	
4428	49	
4429	3	
4430	91	
4431	49	
4432	54	
4433	23	
4434	75	
4435	17	
4436	53	
4437	75	
4438	72	
4439	89	
4440	95	
4441	8	
4442	19	
4443	56	
4444	83	
4445	87	
4446	30	
4447	15	
4448	40	
4449	68	
4450	48	
4451	65	
4452	62	
4453	45	
4454	9	
4455	42	
4456	2	
4457	42	
4458	1	
4459	74	
4460	72	
4461	32	
4462	81	
4463	68	
4464	40	
4465	19	
4466	15	
4467	85	
4468	83	
4469	85	
4470	65	
4471	87	
4472	65	
4473	55	
4474	42	
4475	73	
4476	54	
4477	13	
4478	82	
4479	47	
4480	51	
4481	15	
4482	72	
4483	12	
4484	24	
4485	88	
4486	11	
4487	46	
4488	77	
4489	35	
4490	51	
4491	81	
4492	30	
4493	90	
4494	26	
4495	97	
4496	61	
4497	4	
4498	65	
4499	87	
4500	69	
4501	84	
4502	79	
4503	13	
4504	57	
4505	82	
4506	66	
4507	67	
4508	25	
4509	67	
4510	19	
4511	38	
4512	54	
4513	10	
4514	92	
4515	93	
4516	33	
4517	79	
4518	21	
4519	48	
4520	11	
4521	24	
4522	2	
4523	47	
4524	37	
4525	28	
4526	40	
4527	41	
4528	57	
4529	78	
4530	45	
4531	60	
4532	30	
4533	12	
4534	74	
4535	28	
4536	50	
4537	98	
4538	97	
4539	1	
4540	63	
4541	17	
4542	78	
4543	55	
4544	12	
4545	18	
4546	15	
4547	5	
4548	54	
4549	31	
4550	86	
4551	13	
4552	46	
4553	66	
4554	83	
4555	52	
4556	27	
4557	35	
4558	40	
4559	32	
4560	98	
4561	88	
4562	2	
4563	15	
4564	91	
4565	56	
4566	56	
4567	27	
4568	10	
4569	10	
4570	32	
4571	77	
4572	1	
4573	37	
4574	95	
4575	96	
4576	90	
4577	67	
4578	23	
4579	80	
4580	51	
4581	39	
4582	80	
4583	37	
4584	100	
4585	53	
4586	1	
4587	19	
4588	9	
4589	50	
4590	5	
4591	74	
4592	5	
4593	55	
4594	33	
4595	45	
4596	99	
4597	69	
4598	10	
4599	20	
4600	94	
4601	47	
4602	57	
4603	39	
4604	14	
4605	44	
4606	41	
4607	10	
4608	84	
4609	48	
4610	85	
4611	17	
4612	44	
4613	76	
4614	23	
4615	7	
4616	5	
4617	60	
4618	65	
4619	57	
4620	30	
4621	59	
4622	45	
4623	98	
4624	65	
4625	51	
4626	66	
4627	6	
4628	100	
4629	86	
4630	95	
4631	24	
4632	9	
4633	17	
4634	88	
4635	93	
4636	23	
4637	37	
4638	89	
4639	40	
4640	41	
4641	34	
4642	12	
4643	53	
4644	16	
4645	58	
4646	97	
4647	21	
4648	2	
4649	40	
4650	59	
4651	98	
4652	99	
4653	83	
4654	41	
4655	28	
4656	68	
4657	39	
4658	4	
4659	89	
4660	31	
4661	28	
4662	85	
4663	22	
4664	40	
4665	99	
4666	73	
4667	73	
4668	52	
4669	10	
4670	66	
4671	56	
4672	98	
4673	53	
4674	89	
4675	68	
4676	39	
4677	52	
4678	24	
4679	84	
4680	43	
4681	97	
4682	34	
4683	1	
4684	27	
4685	53	
4686	44	
4687	50	
4688	3	
4689	92	
4690	32	
4691	83	
4692	31	
4693	91	
4694	93	
4695	75	
4696	87	
4697	38	
4698	31	
4699	39	
4700	88	
4701	100	
4702	49	
4703	74	
4704	90	
4705	68	
4706	4	
4707	65	
4708	2	
4709	79	
4710	24	
4711	50	
4712	64	
4713	10	
4714	67	
4715	35	
4716	31	
4717	19	
4718	35	
4719	62	
4720	17	
4721	97	
4722	85	
4723	19	
4724	94	
4725	18	
4726	42	
4727	7	
4728	65	
4729	58	
4730	23	
4731	68	
4732	28	
4733	46	
4734	98	
4735	24	
4736	67	
4737	39	
4738	60	
4739	21	
4740	73	
4741	87	
4742	14	
4743	35	
4744	8	
4745	76	
4746	18	
4747	100	
4748	47	
4749	94	
4750	5	
4751	20	
4752	87	
4753	47	
4754	32	
4755	62	
4756	17	
4757	70	
4758	9	
4759	97	
4760	63	
4761	78	
4762	4	
4763	32	
4764	12	
4765	49	
4766	12	
4767	80	
4768	10	
4769	32	
4770	30	
4771	75	
4772	92	
4773	23	
4774	30	
4775	47	
4776	79	
4777	59	
4778	14	
4779	71	
4780	99	
4781	53	
4782	84	
4783	9	
4784	61	
4785	86	
4786	21	
4787	80	
4788	75	
4789	26	
4790	30	
4791	86	
4792	73	
4793	55	
4794	87	
4795	7	
4796	39	
4797	9	
4798	52	
4799	66	
4800	90	
4801	89	
4802	33	
4803	13	
4804	14	
4805	52	
4806	15	
4807	61	
4808	95	
4809	14	
4810	48	
4811	12	
4812	98	
4813	41	
4814	41	
4815	65	
4816	82	
4817	53	
4818	31	
4819	49	
4820	89	
4821	67	
4822	100	
4823	93	
4824	26	
4825	20	
4826	64	
4827	20	
4828	34	
4829	13	
4830	66	
4831	3	
4832	53	
4833	18	
4834	82	
4835	80	
4836	76	
4837	85	
4838	62	
4839	38	
4840	98	
4841	10	
4842	64	
4843	97	
4844	40	
4845	2	
4846	52	
4847	68	
4848	31	
4849	17	
4850	51	
4851	60	
4852	34	
4853	61	
4854	72	
4855	47	
4856	90	
4857	50	
4858	30	
4859	7	
4860	28	
4861	42	
4862	85	
4863	43	
4864	95	
4865	49	
4866	69	
4867	87	
4868	61	
4869	83	
4870	23	
4871	13	
4872	100	
4873	18	
4874	41	
4875	32	
4876	19	
4877	7	
4878	68	
4879	89	
4880	19	
4881	93	
4882	96	
4883	1	
4884	72	
4885	20	
4886	77	
4887	32	
4888	39	
4889	29	
4890	50	
4891	62	
4892	7	
4893	84	
4894	26	
4895	37	
4896	42	
4897	91	
4898	41	
4899	100	
4900	46	
4901	54	
4902	25	
4903	39	
4904	62	
4905	71	
4906	63	
4907	57	
4908	4	
4909	61	
4910	1	
4911	16	
4912	43	
4913	51	
4914	71	
4915	30	
4916	44	
4917	7	
4918	40	
4919	39	
4920	15	
4921	92	
4922	4	
4923	75	
4924	20	
4925	70	
4926	61	
4927	50	
4928	84	
4929	59	
4930	15	
4931	19	
4932	87	
4933	29	
4934	65	
4935	16	
4936	60	
4937	29	
4938	64	
4939	6	
4940	26	
4941	55	
4942	81	
4943	27	
4944	63	
4945	60	
4946	64	
4947	32	
4948	73	
4949	22	
4950	85	
4951	89	
4952	79	
4953	12	
4954	63	
4955	10	
4956	98	
4957	17	
4958	49	
4959	54	
4960	81	
4961	59	
4962	31	
4963	5	
4964	43	
4965	53	
4966	91	
4967	39	
4968	2	
4969	99	
4970	26	
4971	20	
4972	35	
4973	2	
4974	54	
4975	72	
4976	78	
4977	67	
4978	67	
4979	74	
4980	85	
4981	30	
4982	19	
4983	54	
4984	54	
4985	73	
4986	76	
4987	68	
4988	31	
4989	76	
4990	75	
4991	8	
4992	78	
4993	92	
4994	32	
4995	14	
4996	87	
4997	18	
4998	78	
4999	13	
5000	51	
17476
