5000
1	9	
2	1	
3	9	
4	6	
5	1	
6	7	
7	2	
8	7	
9	8	
10	1	
11	5	
12	8	
13	1	
14	7	
15	10	
16	4	
17	6	
18	1	
19	4	
20	1	
21	10	
22	9	
23	7	
24	8	
25	6	
26	7	
27	9	
28	9	
29	9	
30	10	
31	7	
32	3	
33	7	
34	10	
35	1	
36	6	
37	1	
38	8	
39	1	
40	4	
41	8	
42	7	
43	3	
44	3	
45	2	
46	2	
47	7	
48	3	
49	8	
50	7	
51	10	
52	9	
53	10	
54	9	
55	10	
56	5	
57	4	
58	2	
59	3	
60	5	
61	10	
62	8	
63	5	
64	2	
65	7	
66	1	
67	6	
68	6	
69	9	
70	7	
71	7	
72	9	
73	5	
74	8	
75	3	
76	2	
77	8	
78	6	
79	10	
80	10	
81	7	
82	3	
83	2	
84	1	
85	9	
86	3	
87	7	
88	9	
89	1	
90	10	
91	2	
92	6	
93	2	
94	9	
95	5	
96	2	
97	4	
98	4	
99	5	
100	1	
101	4	
102	5	
103	9	
104	1	
105	8	
106	5	
107	8	
108	8	
109	8	
110	8	
111	2	
112	6	
113	2	
114	10	
115	2	
116	2	
117	8	
118	4	
119	10	
120	8	
121	9	
122	2	
123	3	
124	2	
125	4	
126	4	
127	3	
128	3	
129	6	
130	4	
131	9	
132	6	
133	10	
134	7	
135	10	
136	1	
137	6	
138	2	
139	9	
140	3	
141	6	
142	10	
143	6	
144	6	
145	2	
146	7	
147	9	
148	2	
149	8	
150	3	
151	8	
152	4	
153	3	
154	1	
155	1	
156	7	
157	9	
158	6	
159	1	
160	10	
161	4	
162	6	
163	1	
164	1	
165	8	
166	3	
167	4	
168	5	
169	7	
170	8	
171	8	
172	1	
173	4	
174	5	
175	10	
176	10	
177	1	
178	8	
179	9	
180	3	
181	2	
182	10	
183	5	
184	3	
185	10	
186	4	
187	9	
188	10	
189	5	
190	10	
191	1	
192	6	
193	3	
194	5	
195	6	
196	5	
197	7	
198	9	
199	8	
200	4	
201	4	
202	2	
203	8	
204	2	
205	4	
206	6	
207	9	
208	7	
209	2	
210	6	
211	3	
212	3	
213	6	
214	10	
215	1	
216	2	
217	9	
218	7	
219	4	
220	9	
221	3	
222	2	
223	8	
224	9	
225	9	
226	3	
227	10	
228	10	
229	10	
230	2	
231	2	
232	7	
233	4	
234	7	
235	8	
236	3	
237	4	
238	4	
239	4	
240	4	
241	6	
242	8	
243	10	
244	2	
245	9	
246	2	
247	5	
248	5	
249	3	
250	7	
251	8	
252	8	
253	2	
254	9	
255	4	
256	6	
257	3	
258	5	
259	4	
260	8	
261	10	
262	8	
263	10	
264	4	
265	4	
266	3	
267	9	
268	9	
269	6	
270	6	
271	3	
272	2	
273	5	
274	4	
275	8	
276	3	
277	6	
278	9	
279	4	
280	9	
281	8	
282	1	
283	2	
284	10	
285	7	
286	2	
287	2	
288	2	
289	8	
290	4	
291	9	
292	1	
293	1	
294	3	
295	4	
296	8	
297	3	
298	3	
299	7	
300	9	
301	7	
302	6	
303	5	
304	10	
305	8	
306	5	
307	10	
308	2	
309	7	
310	6	
311	7	
312	1	
313	1	
314	7	
315	9	
316	5	
317	8	
318	10	
319	3	
320	10	
321	5	
322	2	
323	9	
324	3	
325	8	
326	4	
327	7	
328	2	
329	1	
330	8	
331	7	
332	4	
333	10	
334	9	
335	5	
336	4	
337	8	
338	4	
339	1	
340	7	
341	8	
342	7	
343	9	
344	9	
345	7	
346	6	
347	3	
348	3	
349	4	
350	4	
351	9	
352	3	
353	7	
354	5	
355	3	
356	4	
357	2	
358	2	
359	10	
360	5	
361	7	
362	2	
363	2	
364	9	
365	1	
366	10	
367	6	
368	3	
369	10	
370	2	
371	7	
372	1	
373	7	
374	3	
375	7	
376	4	
377	8	
378	3	
379	5	
380	4	
381	4	
382	2	
383	5	
384	2	
385	2	
386	4	
387	10	
388	5	
389	3	
390	1	
391	2	
392	2	
393	8	
394	9	
395	7	
396	6	
397	7	
398	1	
399	3	
400	4	
401	9	
402	6	
403	7	
404	6	
405	3	
406	5	
407	3	
408	7	
409	9	
410	1	
411	8	
412	10	
413	2	
414	10	
415	4	
416	3	
417	6	
418	5	
419	7	
420	7	
421	10	
422	6	
423	8	
424	1	
425	1	
426	10	
427	7	
428	5	
429	5	
430	5	
431	4	
432	5	
433	1	
434	6	
435	4	
436	10	
437	1	
438	9	
439	5	
440	10	
441	7	
442	1	
443	9	
444	3	
445	6	
446	3	
447	6	
448	10	
449	10	
450	2	
451	4	
452	8	
453	2	
454	2	
455	5	
456	3	
457	8	
458	7	
459	10	
460	5	
461	4	
462	1	
463	10	
464	3	
465	3	
466	3	
467	3	
468	7	
469	7	
470	10	
471	1	
472	10	
473	9	
474	3	
475	1	
476	2	
477	2	
478	5	
479	2	
480	6	
481	2	
482	6	
483	6	
484	9	
485	6	
486	4	
487	7	
488	1	
489	6	
490	10	
491	8	
492	6	
493	6	
494	8	
495	6	
496	7	
497	4	
498	8	
499	1	
500	9	
501	10	
502	9	
503	2	
504	6	
505	4	
506	8	
507	4	
508	4	
509	8	
510	6	
511	3	
512	5	
513	7	
514	1	
515	6	
516	7	
517	9	
518	8	
519	4	
520	1	
521	6	
522	10	
523	5	
524	3	
525	4	
526	9	
527	4	
528	1	
529	10	
530	6	
531	6	
532	5	
533	5	
534	8	
535	8	
536	7	
537	6	
538	1	
539	5	
540	9	
541	2	
542	9	
543	6	
544	7	
545	7	
546	3	
547	4	
548	3	
549	7	
550	3	
551	3	
552	10	
553	2	
554	8	
555	2	
556	2	
557	1	
558	2	
559	1	
560	10	
561	10	
562	10	
563	9	
564	1	
565	9	
566	8	
567	8	
568	10	
569	4	
570	4	
571	5	
572	4	
573	3	
574	1	
575	10	
576	8	
577	10	
578	2	
579	6	
580	3	
581	1	
582	4	
583	10	
584	3	
585	6	
586	5	
587	7	
588	3	
589	2	
590	6	
591	2	
592	4	
593	9	
594	6	
595	7	
596	4	
597	10	
598	1	
599	5	
600	1	
601	7	
602	10	
603	9	
604	6	
605	1	
606	6	
607	7	
608	10	
609	7	
610	6	
611	9	
612	6	
613	6	
614	9	
615	3	
616	9	
617	4	
618	2	
619	5	
620	3	
621	4	
622	4	
623	8	
624	7	
625	8	
626	4	
627	5	
628	4	
629	5	
630	9	
631	7	
632	9	
633	3	
634	6	
635	5	
636	4	
637	4	
638	7	
639	6	
640	8	
641	5	
642	2	
643	3	
644	1	
645	10	
646	5	
647	8	
648	1	
649	1	
650	9	
651	10	
652	3	
653	5	
654	6	
655	10	
656	5	
657	2	
658	7	
659	1	
660	10	
661	9	
662	2	
663	9	
664	3	
665	5	
666	7	
667	2	
668	2	
669	3	
670	3	
671	2	
672	4	
673	3	
674	8	
675	10	
676	3	
677	6	
678	1	
679	1	
680	9	
681	2	
682	5	
683	1	
684	2	
685	6	
686	9	
687	4	
688	10	
689	9	
690	7	
691	6	
692	9	
693	7	
694	6	
695	8	
696	8	
697	10	
698	4	
699	3	
700	1	
701	6	
702	3	
703	2	
704	7	
705	8	
706	10	
707	3	
708	4	
709	5	
710	4	
711	3	
712	10	
713	9	
714	7	
715	5	
716	1	
717	2	
718	6	
719	7	
720	4	
721	4	
722	8	
723	5	
724	4	
725	7	
726	8	
727	5	
728	1	
729	9	
730	3	
731	10	
732	6	
733	6	
734	5	
735	7	
736	9	
737	4	
738	9	
739	8	
740	7	
741	2	
742	7	
743	6	
744	5	
745	9	
746	8	
747	5	
748	8	
749	9	
750	4	
751	8	
752	8	
753	6	
754	7	
755	4	
756	8	
757	6	
758	4	
759	1	
760	10	
761	4	
762	1	
763	2	
764	6	
765	7	
766	10	
767	7	
768	9	
769	8	
770	10	
771	1	
772	1	
773	8	
774	4	
775	5	
776	4	
777	3	
778	5	
779	10	
780	4	
781	6	
782	2	
783	9	
784	5	
785	1	
786	7	
787	9	
788	5	
789	3	
790	2	
791	2	
792	7	
793	10	
794	7	
795	8	
796	10	
797	7	
798	9	
799	3	
800	1	
801	1	
802	6	
803	10	
804	4	
805	5	
806	2	
807	8	
808	8	
809	6	
810	4	
811	10	
812	4	
813	8	
814	8	
815	7	
816	9	
817	2	
818	4	
819	10	
820	8	
821	8	
822	7	
823	8	
824	7	
825	6	
826	1	
827	1	
828	10	
829	9	
830	9	
831	7	
832	7	
833	6	
834	10	
835	7	
836	2	
837	6	
838	8	
839	4	
840	2	
841	8	
842	2	
843	10	
844	8	
845	6	
846	1	
847	9	
848	1	
849	2	
850	7	
851	3	
852	4	
853	3	
854	2	
855	5	
856	10	
857	3	
858	10	
859	10	
860	1	
861	8	
862	10	
863	10	
864	3	
865	10	
866	1	
867	6	
868	7	
869	10	
870	6	
871	5	
872	1	
873	4	
874	2	
875	1	
876	9	
877	3	
878	2	
879	4	
880	8	
881	8	
882	5	
883	10	
884	3	
885	2	
886	10	
887	6	
888	3	
889	6	
890	7	
891	5	
892	2	
893	5	
894	9	
895	4	
896	10	
897	7	
898	5	
899	6	
900	10	
901	7	
902	7	
903	7	
904	8	
905	3	
906	2	
907	2	
908	6	
909	1	
910	3	
911	2	
912	5	
913	1	
914	7	
915	8	
916	2	
917	6	
918	10	
919	5	
920	10	
921	7	
922	3	
923	7	
924	1	
925	9	
926	7	
927	1	
928	3	
929	4	
930	5	
931	4	
932	10	
933	8	
934	8	
935	8	
936	1	
937	3	
938	7	
939	8	
940	2	
941	10	
942	3	
943	4	
944	8	
945	7	
946	3	
947	5	
948	1	
949	10	
950	10	
951	9	
952	7	
953	7	
954	9	
955	7	
956	9	
957	10	
958	4	
959	9	
960	1	
961	2	
962	4	
963	2	
964	1	
965	6	
966	8	
967	7	
968	5	
969	7	
970	4	
971	7	
972	10	
973	4	
974	1	
975	7	
976	10	
977	7	
978	6	
979	8	
980	2	
981	2	
982	1	
983	4	
984	9	
985	6	
986	9	
987	7	
988	3	
989	3	
990	6	
991	9	
992	3	
993	5	
994	4	
995	5	
996	6	
997	6	
998	2	
999	7	
1000	9	
1001	4	
1002	1	
1003	6	
1004	8	
1005	4	
1006	10	
1007	6	
1008	8	
1009	6	
1010	7	
1011	4	
1012	3	
1013	5	
1014	2	
1015	1	
1016	3	
1017	7	
1018	6	
1019	10	
1020	2	
1021	9	
1022	5	
1023	8	
1024	5	
1025	10	
1026	10	
1027	4	
1028	6	
1029	3	
1030	8	
1031	9	
1032	7	
1033	3	
1034	9	
1035	6	
1036	7	
1037	4	
1038	3	
1039	10	
1040	3	
1041	5	
1042	8	
1043	3	
1044	7	
1045	2	
1046	10	
1047	6	
1048	2	
1049	2	
1050	7	
1051	9	
1052	7	
1053	4	
1054	4	
1055	3	
1056	8	
1057	2	
1058	3	
1059	8	
1060	6	
1061	5	
1062	5	
1063	6	
1064	6	
1065	5	
1066	6	
1067	9	
1068	4	
1069	5	
1070	8	
1071	9	
1072	2	
1073	8	
1074	6	
1075	10	
1076	9	
1077	8	
1078	8	
1079	9	
1080	3	
1081	7	
1082	1	
1083	3	
1084	10	
1085	3	
1086	10	
1087	1	
1088	3	
1089	4	
1090	8	
1091	7	
1092	10	
1093	9	
1094	6	
1095	8	
1096	5	
1097	8	
1098	2	
1099	8	
1100	8	
1101	9	
1102	2	
1103	6	
1104	1	
1105	8	
1106	4	
1107	6	
1108	8	
1109	3	
1110	2	
1111	8	
1112	6	
1113	2	
1114	4	
1115	5	
1116	6	
1117	3	
1118	9	
1119	4	
1120	6	
1121	10	
1122	5	
1123	2	
1124	5	
1125	10	
1126	2	
1127	6	
1128	1	
1129	1	
1130	3	
1131	6	
1132	4	
1133	7	
1134	4	
1135	10	
1136	9	
1137	4	
1138	9	
1139	5	
1140	9	
1141	8	
1142	9	
1143	1	
1144	10	
1145	1	
1146	5	
1147	10	
1148	4	
1149	7	
1150	4	
1151	1	
1152	6	
1153	7	
1154	3	
1155	4	
1156	10	
1157	10	
1158	8	
1159	5	
1160	8	
1161	9	
1162	9	
1163	9	
1164	6	
1165	5	
1166	6	
1167	5	
1168	1	
1169	2	
1170	4	
1171	8	
1172	10	
1173	6	
1174	6	
1175	8	
1176	4	
1177	7	
1178	7	
1179	10	
1180	2	
1181	2	
1182	6	
1183	3	
1184	2	
1185	6	
1186	9	
1187	4	
1188	10	
1189	8	
1190	10	
1191	7	
1192	1	
1193	9	
1194	6	
1195	2	
1196	4	
1197	5	
1198	1	
1199	4	
1200	9	
1201	9	
1202	7	
1203	2	
1204	10	
1205	4	
1206	7	
1207	4	
1208	7	
1209	2	
1210	6	
1211	9	
1212	3	
1213	8	
1214	6	
1215	3	
1216	7	
1217	5	
1218	6	
1219	1	
1220	2	
1221	1	
1222	10	
1223	1	
1224	9	
1225	2	
1226	6	
1227	9	
1228	1	
1229	7	
1230	4	
1231	10	
1232	10	
1233	8	
1234	9	
1235	6	
1236	6	
1237	4	
1238	3	
1239	10	
1240	9	
1241	8	
1242	5	
1243	2	
1244	4	
1245	8	
1246	4	
1247	2	
1248	6	
1249	6	
1250	3	
1251	1	
1252	8	
1253	4	
1254	3	
1255	4	
1256	3	
1257	4	
1258	7	
1259	6	
1260	7	
1261	3	
1262	8	
1263	2	
1264	9	
1265	2	
1266	5	
1267	3	
1268	6	
1269	9	
1270	9	
1271	10	
1272	3	
1273	8	
1274	7	
1275	3	
1276	7	
1277	1	
1278	1	
1279	10	
1280	5	
1281	6	
1282	4	
1283	9	
1284	2	
1285	2	
1286	7	
1287	1	
1288	8	
1289	5	
1290	4	
1291	1	
1292	4	
1293	3	
1294	4	
1295	3	
1296	4	
1297	10	
1298	2	
1299	9	
1300	1	
1301	4	
1302	6	
1303	5	
1304	2	
1305	2	
1306	5	
1307	10	
1308	7	
1309	2	
1310	10	
1311	7	
1312	7	
1313	7	
1314	10	
1315	6	
1316	5	
1317	7	
1318	8	
1319	7	
1320	6	
1321	8	
1322	9	
1323	10	
1324	6	
1325	10	
1326	8	
1327	1	
1328	10	
1329	7	
1330	1	
1331	3	
1332	2	
1333	5	
1334	5	
1335	4	
1336	2	
1337	2	
1338	10	
1339	1	
1340	8	
1341	5	
1342	2	
1343	8	
1344	5	
1345	5	
1346	8	
1347	8	
1348	5	
1349	2	
1350	8	
1351	10	
1352	8	
1353	9	
1354	7	
1355	1	
1356	3	
1357	3	
1358	9	
1359	5	
1360	5	
1361	5	
1362	6	
1363	2	
1364	2	
1365	8	
1366	4	
1367	4	
1368	3	
1369	10	
1370	5	
1371	4	
1372	4	
1373	9	
1374	7	
1375	1	
1376	7	
1377	1	
1378	10	
1379	8	
1380	9	
1381	8	
1382	7	
1383	3	
1384	4	
1385	7	
1386	7	
1387	3	
1388	4	
1389	6	
1390	8	
1391	4	
1392	3	
1393	10	
1394	5	
1395	1	
1396	8	
1397	9	
1398	4	
1399	1	
1400	3	
1401	8	
1402	8	
1403	10	
1404	3	
1405	9	
1406	8	
1407	9	
1408	10	
1409	8	
1410	9	
1411	1	
1412	7	
1413	7	
1414	10	
1415	3	
1416	1	
1417	6	
1418	5	
1419	9	
1420	7	
1421	8	
1422	9	
1423	8	
1424	10	
1425	3	
1426	1	
1427	10	
1428	10	
1429	5	
1430	4	
1431	10	
1432	4	
1433	7	
1434	1	
1435	3	
1436	7	
1437	3	
1438	4	
1439	2	
1440	1	
1441	3	
1442	6	
1443	10	
1444	5	
1445	8	
1446	1	
1447	2	
1448	3	
1449	6	
1450	2	
1451	1	
1452	9	
1453	2	
1454	7	
1455	10	
1456	6	
1457	2	
1458	6	
1459	4	
1460	3	
1461	5	
1462	8	
1463	2	
1464	10	
1465	9	
1466	9	
1467	7	
1468	5	
1469	5	
1470	3	
1471	2	
1472	3	
1473	7	
1474	10	
1475	4	
1476	8	
1477	4	
1478	3	
1479	1	
1480	10	
1481	8	
1482	5	
1483	10	
1484	7	
1485	3	
1486	5	
1487	1	
1488	5	
1489	9	
1490	6	
1491	8	
1492	2	
1493	7	
1494	5	
1495	8	
1496	6	
1497	6	
1498	2	
1499	5	
1500	5	
1501	1	
1502	9	
1503	2	
1504	1	
1505	10	
1506	6	
1507	1	
1508	7	
1509	8	
1510	5	
1511	4	
1512	2	
1513	3	
1514	3	
1515	9	
1516	5	
1517	9	
1518	4	
1519	2	
1520	2	
1521	4	
1522	4	
1523	6	
1524	5	
1525	2	
1526	8	
1527	7	
1528	4	
1529	9	
1530	8	
1531	3	
1532	9	
1533	5	
1534	10	
1535	3	
1536	1	
1537	7	
1538	10	
1539	2	
1540	5	
1541	3	
1542	7	
1543	7	
1544	7	
1545	8	
1546	6	
1547	7	
1548	6	
1549	9	
1550	1	
1551	8	
1552	2	
1553	3	
1554	3	
1555	4	
1556	5	
1557	9	
1558	1	
1559	5	
1560	5	
1561	3	
1562	3	
1563	9	
1564	8	
1565	7	
1566	9	
1567	4	
1568	8	
1569	9	
1570	3	
1571	2	
1572	5	
1573	7	
1574	4	
1575	2	
1576	6	
1577	4	
1578	1	
1579	8	
1580	1	
1581	8	
1582	8	
1583	9	
1584	5	
1585	3	
1586	3	
1587	4	
1588	1	
1589	5	
1590	7	
1591	7	
1592	4	
1593	5	
1594	1	
1595	9	
1596	5	
1597	4	
1598	9	
1599	10	
1600	5	
1601	1	
1602	10	
1603	1	
1604	9	
1605	9	
1606	3	
1607	2	
1608	7	
1609	1	
1610	9	
1611	9	
1612	10	
1613	7	
1614	2	
1615	6	
1616	6	
1617	6	
1618	1	
1619	8	
1620	4	
1621	6	
1622	4	
1623	4	
1624	9	
1625	10	
1626	3	
1627	5	
1628	3	
1629	4	
1630	8	
1631	1	
1632	3	
1633	2	
1634	1	
1635	8	
1636	6	
1637	2	
1638	6	
1639	4	
1640	8	
1641	4	
1642	2	
1643	1	
1644	8	
1645	9	
1646	4	
1647	10	
1648	2	
1649	6	
1650	6	
1651	10	
1652	1	
1653	9	
1654	8	
1655	2	
1656	9	
1657	3	
1658	5	
1659	8	
1660	5	
1661	2	
1662	5	
1663	6	
1664	2	
1665	4	
1666	1	
1667	10	
1668	3	
1669	8	
1670	6	
1671	3	
1672	10	
1673	8	
1674	4	
1675	1	
1676	8	
1677	2	
1678	6	
1679	5	
1680	10	
1681	2	
1682	1	
1683	3	
1684	8	
1685	9	
1686	3	
1687	6	
1688	5	
1689	6	
1690	1	
1691	2	
1692	4	
1693	7	
1694	5	
1695	6	
1696	1	
1697	4	
1698	7	
1699	8	
1700	5	
1701	8	
1702	6	
1703	10	
1704	3	
1705	10	
1706	2	
1707	9	
1708	7	
1709	5	
1710	5	
1711	10	
1712	4	
1713	10	
1714	4	
1715	5	
1716	2	
1717	7	
1718	3	
1719	5	
1720	3	
1721	8	
1722	6	
1723	5	
1724	4	
1725	1	
1726	9	
1727	10	
1728	5	
1729	1	
1730	8	
1731	9	
1732	7	
1733	7	
1734	3	
1735	4	
1736	3	
1737	10	
1738	4	
1739	4	
1740	6	
1741	7	
1742	2	
1743	10	
1744	5	
1745	6	
1746	6	
1747	7	
1748	2	
1749	5	
1750	10	
1751	9	
1752	8	
1753	10	
1754	8	
1755	8	
1756	8	
1757	5	
1758	3	
1759	4	
1760	8	
1761	3	
1762	5	
1763	5	
1764	9	
1765	2	
1766	10	
1767	1	
1768	8	
1769	3	
1770	2	
1771	3	
1772	5	
1773	4	
1774	8	
1775	6	
1776	6	
1777	4	
1778	2	
1779	9	
1780	8	
1781	4	
1782	5	
1783	5	
1784	4	
1785	2	
1786	3	
1787	3	
1788	5	
1789	10	
1790	6	
1791	5	
1792	2	
1793	5	
1794	2	
1795	10	
1796	2	
1797	2	
1798	3	
1799	1	
1800	4	
1801	6	
1802	3	
1803	4	
1804	9	
1805	1	
1806	2	
1807	5	
1808	6	
1809	4	
1810	10	
1811	10	
1812	1	
1813	3	
1814	1	
1815	1	
1816	3	
1817	9	
1818	3	
1819	6	
1820	5	
1821	4	
1822	9	
1823	2	
1824	7	
1825	10	
1826	10	
1827	6	
1828	3	
1829	1	
1830	1	
1831	7	
1832	10	
1833	3	
1834	4	
1835	7	
1836	7	
1837	3	
1838	4	
1839	7	
1840	6	
1841	9	
1842	1	
1843	8	
1844	8	
1845	8	
1846	6	
1847	1	
1848	5	
1849	4	
1850	6	
1851	7	
1852	1	
1853	8	
1854	5	
1855	1	
1856	3	
1857	2	
1858	8	
1859	8	
1860	4	
1861	4	
1862	9	
1863	5	
1864	8	
1865	2	
1866	6	
1867	1	
1868	8	
1869	9	
1870	3	
1871	9	
1872	4	
1873	5	
1874	5	
1875	7	
1876	8	
1877	1	
1878	9	
1879	1	
1880	9	
1881	8	
1882	5	
1883	2	
1884	6	
1885	9	
1886	2	
1887	8	
1888	4	
1889	4	
1890	8	
1891	2	
1892	6	
1893	2	
1894	7	
1895	9	
1896	4	
1897	3	
1898	10	
1899	4	
1900	6	
1901	6	
1902	8	
1903	4	
1904	3	
1905	1	
1906	6	
1907	7	
1908	6	
1909	8	
1910	3	
1911	1	
1912	6	
1913	3	
1914	8	
1915	8	
1916	7	
1917	4	
1918	1	
1919	7	
1920	5	
1921	8	
1922	3	
1923	9	
1924	10	
1925	3	
1926	4	
1927	7	
1928	7	
1929	6	
1930	8	
1931	10	
1932	8	
1933	10	
1934	5	
1935	6	
1936	2	
1937	8	
1938	10	
1939	5	
1940	6	
1941	2	
1942	3	
1943	1	
1944	7	
1945	8	
1946	7	
1947	3	
1948	8	
1949	2	
1950	5	
1951	3	
1952	8	
1953	4	
1954	6	
1955	5	
1956	2	
1957	8	
1958	7	
1959	9	
1960	9	
1961	1	
1962	5	
1963	10	
1964	5	
1965	2	
1966	3	
1967	10	
1968	1	
1969	2	
1970	6	
1971	2	
1972	9	
1973	4	
1974	3	
1975	10	
1976	5	
1977	8	
1978	7	
1979	6	
1980	10	
1981	7	
1982	8	
1983	9	
1984	3	
1985	6	
1986	8	
1987	7	
1988	1	
1989	2	
1990	1	
1991	8	
1992	10	
1993	5	
1994	6	
1995	7	
1996	1	
1997	3	
1998	9	
1999	7	
2000	7	
2001	8	
2002	1	
2003	3	
2004	4	
2005	8	
2006	8	
2007	7	
2008	5	
2009	2	
2010	8	
2011	9	
2012	2	
2013	4	
2014	10	
2015	3	
2016	7	
2017	6	
2018	5	
2019	7	
2020	10	
2021	4	
2022	9	
2023	2	
2024	6	
2025	6	
2026	2	
2027	10	
2028	4	
2029	1	
2030	4	
2031	4	
2032	5	
2033	5	
2034	2	
2035	1	
2036	5	
2037	1	
2038	9	
2039	10	
2040	7	
2041	1	
2042	6	
2043	7	
2044	9	
2045	8	
2046	3	
2047	6	
2048	8	
2049	10	
2050	8	
2051	1	
2052	10	
2053	1	
2054	1	
2055	6	
2056	1	
2057	7	
2058	6	
2059	4	
2060	4	
2061	1	
2062	1	
2063	6	
2064	3	
2065	5	
2066	2	
2067	10	
2068	1	
2069	10	
2070	7	
2071	6	
2072	8	
2073	3	
2074	10	
2075	3	
2076	2	
2077	3	
2078	7	
2079	5	
2080	8	
2081	5	
2082	4	
2083	9	
2084	10	
2085	7	
2086	10	
2087	6	
2088	3	
2089	9	
2090	6	
2091	5	
2092	1	
2093	10	
2094	4	
2095	1	
2096	8	
2097	1	
2098	2	
2099	1	
2100	3	
2101	10	
2102	9	
2103	10	
2104	9	
2105	5	
2106	5	
2107	8	
2108	5	
2109	4	
2110	10	
2111	9	
2112	1	
2113	4	
2114	5	
2115	7	
2116	8	
2117	7	
2118	1	
2119	7	
2120	3	
2121	4	
2122	7	
2123	4	
2124	5	
2125	8	
2126	4	
2127	6	
2128	6	
2129	2	
2130	4	
2131	3	
2132	4	
2133	7	
2134	5	
2135	1	
2136	6	
2137	4	
2138	9	
2139	1	
2140	1	
2141	10	
2142	9	
2143	8	
2144	9	
2145	5	
2146	1	
2147	2	
2148	5	
2149	2	
2150	3	
2151	1	
2152	10	
2153	3	
2154	4	
2155	8	
2156	7	
2157	2	
2158	4	
2159	4	
2160	3	
2161	3	
2162	8	
2163	4	
2164	9	
2165	6	
2166	6	
2167	5	
2168	2	
2169	10	
2170	5	
2171	2	
2172	9	
2173	10	
2174	4	
2175	9	
2176	9	
2177	7	
2178	7	
2179	2	
2180	4	
2181	10	
2182	4	
2183	10	
2184	4	
2185	9	
2186	1	
2187	2	
2188	3	
2189	8	
2190	10	
2191	5	
2192	7	
2193	3	
2194	5	
2195	7	
2196	2	
2197	4	
2198	9	
2199	9	
2200	4	
2201	4	
2202	2	
2203	10	
2204	1	
2205	1	
2206	8	
2207	3	
2208	9	
2209	7	
2210	1	
2211	1	
2212	6	
2213	6	
2214	9	
2215	10	
2216	2	
2217	8	
2218	7	
2219	1	
2220	4	
2221	10	
2222	5	
2223	10	
2224	2	
2225	8	
2226	9	
2227	6	
2228	8	
2229	10	
2230	8	
2231	6	
2232	10	
2233	1	
2234	7	
2235	4	
2236	8	
2237	5	
2238	2	
2239	4	
2240	6	
2241	4	
2242	1	
2243	4	
2244	10	
2245	3	
2246	7	
2247	8	
2248	7	
2249	7	
2250	9	
2251	5	
2252	10	
2253	2	
2254	4	
2255	8	
2256	6	
2257	1	
2258	5	
2259	9	
2260	4	
2261	8	
2262	2	
2263	5	
2264	9	
2265	4	
2266	4	
2267	9	
2268	1	
2269	7	
2270	4	
2271	5	
2272	7	
2273	8	
2274	2	
2275	6	
2276	8	
2277	8	
2278	10	
2279	1	
2280	2	
2281	1	
2282	3	
2283	9	
2284	4	
2285	8	
2286	10	
2287	4	
2288	6	
2289	9	
2290	7	
2291	2	
2292	4	
2293	1	
2294	2	
2295	5	
2296	8	
2297	2	
2298	6	
2299	5	
2300	1	
2301	6	
2302	3	
2303	4	
2304	4	
2305	2	
2306	4	
2307	10	
2308	5	
2309	10	
2310	2	
2311	10	
2312	10	
2313	9	
2314	6	
2315	8	
2316	10	
2317	5	
2318	8	
2319	5	
2320	7	
2321	6	
2322	9	
2323	2	
2324	1	
2325	10	
2326	3	
2327	8	
2328	10	
2329	1	
2330	6	
2331	7	
2332	9	
2333	3	
2334	6	
2335	3	
2336	6	
2337	7	
2338	5	
2339	7	
2340	2	
2341	1	
2342	1	
2343	4	
2344	3	
2345	2	
2346	8	
2347	6	
2348	2	
2349	3	
2350	10	
2351	7	
2352	9	
2353	9	
2354	2	
2355	8	
2356	8	
2357	7	
2358	6	
2359	7	
2360	4	
2361	4	
2362	8	
2363	8	
2364	9	
2365	7	
2366	3	
2367	8	
2368	8	
2369	2	
2370	1	
2371	6	
2372	1	
2373	8	
2374	5	
2375	1	
2376	4	
2377	4	
2378	1	
2379	10	
2380	2	
2381	2	
2382	3	
2383	9	
2384	7	
2385	7	
2386	3	
2387	3	
2388	4	
2389	2	
2390	3	
2391	9	
2392	8	
2393	4	
2394	5	
2395	6	
2396	10	
2397	4	
2398	5	
2399	1	
2400	8	
2401	4	
2402	8	
2403	1	
2404	7	
2405	6	
2406	2	
2407	6	
2408	2	
2409	4	
2410	9	
2411	7	
2412	5	
2413	3	
2414	8	
2415	8	
2416	2	
2417	5	
2418	5	
2419	2	
2420	10	
2421	9	
2422	8	
2423	4	
2424	5	
2425	3	
2426	4	
2427	2	
2428	9	
2429	2	
2430	10	
2431	8	
2432	7	
2433	7	
2434	7	
2435	7	
2436	5	
2437	5	
2438	3	
2439	2	
2440	3	
2441	3	
2442	2	
2443	1	
2444	6	
2445	1	
2446	9	
2447	2	
2448	7	
2449	10	
2450	9	
2451	6	
2452	8	
2453	1	
2454	10	
2455	3	
2456	8	
2457	10	
2458	2	
2459	9	
2460	6	
2461	4	
2462	10	
2463	9	
2464	8	
2465	6	
2466	8	
2467	1	
2468	9	
2469	2	
2470	10	
2471	5	
2472	6	
2473	6	
2474	4	
2475	3	
2476	4	
2477	9	
2478	9	
2479	8	
2480	8	
2481	4	
2482	1	
2483	1	
2484	5	
2485	3	
2486	1	
2487	5	
2488	8	
2489	4	
2490	8	
2491	10	
2492	10	
2493	2	
2494	3	
2495	2	
2496	10	
2497	2	
2498	3	
2499	7	
2500	2	
2501	6	
2502	3	
2503	2	
2504	10	
2505	4	
2506	4	
2507	4	
2508	8	
2509	6	
2510	9	
2511	1	
2512	8	
2513	4	
2514	6	
2515	7	
2516	2	
2517	5	
2518	6	
2519	5	
2520	8	
2521	2	
2522	2	
2523	10	
2524	8	
2525	8	
2526	9	
2527	6	
2528	2	
2529	5	
2530	5	
2531	8	
2532	2	
2533	10	
2534	1	
2535	8	
2536	6	
2537	1	
2538	7	
2539	9	
2540	4	
2541	2	
2542	6	
2543	4	
2544	2	
2545	3	
2546	9	
2547	9	
2548	9	
2549	6	
2550	1	
2551	9	
2552	10	
2553	9	
2554	3	
2555	1	
2556	6	
2557	6	
2558	6	
2559	9	
2560	4	
2561	2	
2562	5	
2563	7	
2564	3	
2565	9	
2566	8	
2567	2	
2568	7	
2569	7	
2570	9	
2571	7	
2572	3	
2573	10	
2574	9	
2575	8	
2576	7	
2577	5	
2578	5	
2579	7	
2580	1	
2581	7	
2582	8	
2583	2	
2584	8	
2585	1	
2586	6	
2587	2	
2588	3	
2589	2	
2590	10	
2591	2	
2592	1	
2593	10	
2594	8	
2595	1	
2596	3	
2597	3	
2598	10	
2599	7	
2600	1	
2601	9	
2602	7	
2603	6	
2604	6	
2605	3	
2606	8	
2607	1	
2608	10	
2609	5	
2610	2	
2611	4	
2612	7	
2613	5	
2614	4	
2615	1	
2616	1	
2617	3	
2618	5	
2619	10	
2620	7	
2621	3	
2622	5	
2623	2	
2624	8	
2625	9	
2626	5	
2627	10	
2628	4	
2629	1	
2630	8	
2631	1	
2632	1	
2633	5	
2634	2	
2635	1	
2636	1	
2637	4	
2638	8	
2639	6	
2640	5	
2641	4	
2642	1	
2643	4	
2644	8	
2645	6	
2646	9	
2647	2	
2648	3	
2649	6	
2650	3	
2651	5	
2652	2	
2653	9	
2654	4	
2655	3	
2656	7	
2657	2	
2658	9	
2659	9	
2660	6	
2661	2	
2662	5	
2663	9	
2664	2	
2665	6	
2666	1	
2667	1	
2668	5	
2669	4	
2670	2	
2671	8	
2672	9	
2673	7	
2674	3	
2675	9	
2676	7	
2677	1	
2678	5	
2679	3	
2680	10	
2681	2	
2682	3	
2683	2	
2684	4	
2685	3	
2686	5	
2687	2	
2688	9	
2689	3	
2690	10	
2691	9	
2692	9	
2693	6	
2694	7	
2695	10	
2696	4	
2697	4	
2698	4	
2699	9	
2700	3	
2701	7	
2702	2	
2703	3	
2704	1	
2705	1	
2706	2	
2707	2	
2708	10	
2709	5	
2710	6	
2711	1	
2712	5	
2713	10	
2714	2	
2715	8	
2716	1	
2717	8	
2718	1	
2719	2	
2720	7	
2721	8	
2722	1	
2723	1	
2724	7	
2725	4	
2726	3	
2727	4	
2728	10	
2729	3	
2730	8	
2731	4	
2732	2	
2733	6	
2734	1	
2735	10	
2736	9	
2737	10	
2738	4	
2739	4	
2740	6	
2741	1	
2742	4	
2743	6	
2744	5	
2745	5	
2746	1	
2747	8	
2748	6	
2749	4	
2750	9	
2751	3	
2752	8	
2753	9	
2754	1	
2755	4	
2756	7	
2757	5	
2758	4	
2759	6	
2760	9	
2761	2	
2762	2	
2763	10	
2764	1	
2765	10	
2766	8	
2767	8	
2768	10	
2769	7	
2770	9	
2771	8	
2772	4	
2773	10	
2774	1	
2775	4	
2776	6	
2777	8	
2778	4	
2779	1	
2780	7	
2781	2	
2782	9	
2783	4	
2784	5	
2785	2	
2786	8	
2787	8	
2788	7	
2789	4	
2790	1	
2791	6	
2792	8	
2793	2	
2794	7	
2795	10	
2796	6	
2797	9	
2798	6	
2799	6	
2800	1	
2801	3	
2802	9	
2803	9	
2804	2	
2805	6	
2806	10	
2807	4	
2808	3	
2809	10	
2810	10	
2811	7	
2812	8	
2813	1	
2814	4	
2815	8	
2816	2	
2817	9	
2818	1	
2819	10	
2820	10	
2821	2	
2822	4	
2823	10	
2824	7	
2825	6	
2826	2	
2827	9	
2828	6	
2829	6	
2830	4	
2831	3	
2832	10	
2833	2	
2834	2	
2835	1	
2836	1	
2837	5	
2838	6	
2839	1	
2840	5	
2841	9	
2842	8	
2843	9	
2844	10	
2845	7	
2846	7	
2847	8	
2848	2	
2849	4	
2850	1	
2851	1	
2852	3	
2853	3	
2854	10	
2855	10	
2856	5	
2857	9	
2858	7	
2859	3	
2860	10	
2861	4	
2862	8	
2863	5	
2864	2	
2865	7	
2866	3	
2867	9	
2868	4	
2869	8	
2870	7	
2871	8	
2872	7	
2873	10	
2874	2	
2875	2	
2876	2	
2877	7	
2878	2	
2879	9	
2880	6	
2881	1	
2882	9	
2883	3	
2884	2	
2885	2	
2886	10	
2887	1	
2888	1	
2889	1	
2890	8	
2891	7	
2892	1	
2893	2	
2894	1	
2895	3	
2896	9	
2897	4	
2898	8	
2899	6	
2900	10	
2901	3	
2902	6	
2903	4	
2904	9	
2905	8	
2906	1	
2907	10	
2908	3	
2909	4	
2910	8	
2911	7	
2912	10	
2913	3	
2914	1	
2915	9	
2916	2	
2917	2	
2918	2	
2919	10	
2920	4	
2921	7	
2922	4	
2923	6	
2924	8	
2925	1	
2926	10	
2927	8	
2928	5	
2929	3	
2930	4	
2931	4	
2932	6	
2933	5	
2934	6	
2935	2	
2936	8	
2937	5	
2938	10	
2939	6	
2940	10	
2941	7	
2942	3	
2943	5	
2944	5	
2945	8	
2946	10	
2947	10	
2948	8	
2949	3	
2950	3	
2951	4	
2952	7	
2953	4	
2954	1	
2955	6	
2956	1	
2957	5	
2958	3	
2959	6	
2960	8	
2961	6	
2962	10	
2963	8	
2964	10	
2965	2	
2966	10	
2967	4	
2968	1	
2969	4	
2970	6	
2971	7	
2972	6	
2973	3	
2974	7	
2975	2	
2976	2	
2977	9	
2978	1	
2979	5	
2980	6	
2981	8	
2982	4	
2983	2	
2984	2	
2985	6	
2986	6	
2987	6	
2988	8	
2989	7	
2990	1	
2991	8	
2992	6	
2993	2	
2994	2	
2995	6	
2996	7	
2997	2	
2998	8	
2999	8	
3000	6	
3001	4	
3002	2	
3003	10	
3004	9	
3005	6	
3006	8	
3007	3	
3008	2	
3009	3	
3010	3	
3011	7	
3012	9	
3013	10	
3014	2	
3015	7	
3016	4	
3017	10	
3018	5	
3019	10	
3020	6	
3021	8	
3022	1	
3023	7	
3024	3	
3025	6	
3026	7	
3027	4	
3028	6	
3029	2	
3030	1	
3031	2	
3032	10	
3033	10	
3034	2	
3035	2	
3036	7	
3037	1	
3038	2	
3039	1	
3040	2	
3041	2	
3042	1	
3043	4	
3044	9	
3045	4	
3046	6	
3047	3	
3048	8	
3049	4	
3050	6	
3051	2	
3052	3	
3053	4	
3054	4	
3055	8	
3056	4	
3057	1	
3058	4	
3059	2	
3060	9	
3061	1	
3062	2	
3063	7	
3064	5	
3065	8	
3066	1	
3067	9	
3068	4	
3069	9	
3070	3	
3071	2	
3072	6	
3073	7	
3074	5	
3075	3	
3076	6	
3077	5	
3078	6	
3079	6	
3080	8	
3081	8	
3082	2	
3083	2	
3084	3	
3085	6	
3086	1	
3087	10	
3088	6	
3089	6	
3090	9	
3091	9	
3092	9	
3093	2	
3094	8	
3095	5	
3096	1	
3097	3	
3098	2	
3099	6	
3100	5	
3101	8	
3102	5	
3103	9	
3104	7	
3105	3	
3106	8	
3107	5	
3108	10	
3109	1	
3110	5	
3111	7	
3112	1	
3113	6	
3114	2	
3115	2	
3116	9	
3117	5	
3118	4	
3119	1	
3120	5	
3121	9	
3122	9	
3123	4	
3124	7	
3125	8	
3126	10	
3127	7	
3128	6	
3129	4	
3130	5	
3131	4	
3132	6	
3133	7	
3134	10	
3135	1	
3136	8	
3137	9	
3138	5	
3139	6	
3140	9	
3141	3	
3142	4	
3143	6	
3144	6	
3145	6	
3146	1	
3147	10	
3148	2	
3149	3	
3150	2	
3151	8	
3152	10	
3153	3	
3154	9	
3155	10	
3156	6	
3157	7	
3158	2	
3159	2	
3160	4	
3161	1	
3162	9	
3163	1	
3164	8	
3165	6	
3166	7	
3167	4	
3168	10	
3169	4	
3170	6	
3171	3	
3172	5	
3173	6	
3174	6	
3175	5	
3176	8	
3177	2	
3178	10	
3179	5	
3180	6	
3181	5	
3182	4	
3183	8	
3184	4	
3185	5	
3186	10	
3187	2	
3188	3	
3189	4	
3190	1	
3191	8	
3192	3	
3193	10	
3194	5	
3195	6	
3196	6	
3197	5	
3198	6	
3199	7	
3200	3	
3201	10	
3202	2	
3203	1	
3204	10	
3205	6	
3206	5	
3207	10	
3208	6	
3209	4	
3210	7	
3211	2	
3212	8	
3213	5	
3214	10	
3215	9	
3216	6	
3217	3	
3218	9	
3219	9	
3220	6	
3221	8	
3222	6	
3223	10	
3224	9	
3225	4	
3226	10	
3227	8	
3228	6	
3229	10	
3230	2	
3231	1	
3232	4	
3233	1	
3234	10	
3235	9	
3236	2	
3237	10	
3238	6	
3239	3	
3240	8	
3241	8	
3242	5	
3243	3	
3244	9	
3245	1	
3246	3	
3247	6	
3248	2	
3249	5	
3250	10	
3251	1	
3252	2	
3253	4	
3254	9	
3255	1	
3256	8	
3257	7	
3258	7	
3259	2	
3260	9	
3261	10	
3262	2	
3263	2	
3264	10	
3265	2	
3266	1	
3267	3	
3268	6	
3269	9	
3270	2	
3271	3	
3272	3	
3273	7	
3274	5	
3275	1	
3276	6	
3277	3	
3278	2	
3279	6	
3280	7	
3281	1	
3282	6	
3283	2	
3284	8	
3285	9	
3286	3	
3287	4	
3288	5	
3289	5	
3290	2	
3291	7	
3292	6	
3293	6	
3294	10	
3295	7	
3296	9	
3297	3	
3298	4	
3299	6	
3300	8	
3301	2	
3302	3	
3303	6	
3304	8	
3305	7	
3306	2	
3307	1	
3308	3	
3309	3	
3310	10	
3311	10	
3312	8	
3313	7	
3314	8	
3315	7	
3316	4	
3317	5	
3318	5	
3319	2	
3320	8	
3321	1	
3322	4	
3323	1	
3324	10	
3325	1	
3326	1	
3327	1	
3328	5	
3329	9	
3330	5	
3331	7	
3332	7	
3333	6	
3334	6	
3335	1	
3336	7	
3337	7	
3338	3	
3339	2	
3340	1	
3341	4	
3342	2	
3343	7	
3344	4	
3345	3	
3346	3	
3347	4	
3348	5	
3349	6	
3350	10	
3351	9	
3352	2	
3353	5	
3354	6	
3355	7	
3356	8	
3357	4	
3358	8	
3359	5	
3360	10	
3361	4	
3362	5	
3363	6	
3364	4	
3365	1	
3366	10	
3367	4	
3368	9	
3369	6	
3370	10	
3371	2	
3372	3	
3373	8	
3374	4	
3375	9	
3376	4	
3377	2	
3378	7	
3379	6	
3380	10	
3381	3	
3382	10	
3383	3	
3384	8	
3385	7	
3386	1	
3387	4	
3388	10	
3389	2	
3390	7	
3391	8	
3392	10	
3393	10	
3394	7	
3395	7	
3396	3	
3397	4	
3398	4	
3399	2	
3400	3	
3401	10	
3402	4	
3403	4	
3404	7	
3405	7	
3406	3	
3407	4	
3408	6	
3409	6	
3410	5	
3411	1	
3412	8	
3413	6	
3414	8	
3415	4	
3416	4	
3417	1	
3418	3	
3419	2	
3420	3	
3421	1	
3422	1	
3423	10	
3424	7	
3425	2	
3426	1	
3427	3	
3428	1	
3429	4	
3430	7	
3431	7	
3432	10	
3433	2	
3434	4	
3435	7	
3436	2	
3437	2	
3438	10	
3439	2	
3440	7	
3441	1	
3442	2	
3443	9	
3444	8	
3445	8	
3446	3	
3447	1	
3448	1	
3449	9	
3450	5	
3451	6	
3452	6	
3453	5	
3454	8	
3455	2	
3456	8	
3457	7	
3458	8	
3459	6	
3460	3	
3461	3	
3462	4	
3463	9	
3464	7	
3465	7	
3466	2	
3467	10	
3468	7	
3469	10	
3470	7	
3471	2	
3472	2	
3473	8	
3474	10	
3475	9	
3476	4	
3477	1	
3478	3	
3479	10	
3480	10	
3481	2	
3482	2	
3483	1	
3484	3	
3485	9	
3486	10	
3487	5	
3488	9	
3489	6	
3490	7	
3491	6	
3492	4	
3493	6	
3494	1	
3495	8	
3496	6	
3497	5	
3498	9	
3499	5	
3500	1	
3501	10	
3502	5	
3503	6	
3504	1	
3505	9	
3506	5	
3507	8	
3508	7	
3509	3	
3510	8	
3511	10	
3512	1	
3513	8	
3514	4	
3515	6	
3516	3	
3517	5	
3518	5	
3519	6	
3520	8	
3521	10	
3522	1	
3523	8	
3524	6	
3525	8	
3526	8	
3527	1	
3528	10	
3529	3	
3530	2	
3531	7	
3532	7	
3533	7	
3534	9	
3535	3	
3536	3	
3537	8	
3538	5	
3539	5	
3540	6	
3541	1	
3542	9	
3543	5	
3544	7	
3545	7	
3546	10	
3547	4	
3548	1	
3549	9	
3550	1	
3551	6	
3552	4	
3553	3	
3554	3	
3555	10	
3556	6	
3557	10	
3558	2	
3559	1	
3560	2	
3561	6	
3562	5	
3563	5	
3564	7	
3565	2	
3566	2	
3567	4	
3568	7	
3569	5	
3570	4	
3571	1	
3572	7	
3573	2	
3574	4	
3575	8	
3576	9	
3577	8	
3578	5	
3579	3	
3580	6	
3581	6	
3582	4	
3583	1	
3584	7	
3585	6	
3586	5	
3587	10	
3588	7	
3589	7	
3590	7	
3591	7	
3592	6	
3593	5	
3594	7	
3595	3	
3596	10	
3597	3	
3598	5	
3599	9	
3600	1	
3601	2	
3602	6	
3603	6	
3604	7	
3605	1	
3606	1	
3607	3	
3608	10	
3609	5	
3610	2	
3611	10	
3612	1	
3613	5	
3614	8	
3615	1	
3616	3	
3617	4	
3618	10	
3619	2	
3620	7	
3621	5	
3622	1	
3623	4	
3624	3	
3625	7	
3626	10	
3627	5	
3628	5	
3629	8	
3630	2	
3631	1	
3632	6	
3633	8	
3634	4	
3635	5	
3636	5	
3637	1	
3638	7	
3639	10	
3640	9	
3641	6	
3642	4	
3643	10	
3644	10	
3645	6	
3646	7	
3647	3	
3648	10	
3649	2	
3650	5	
3651	6	
3652	8	
3653	9	
3654	6	
3655	4	
3656	2	
3657	8	
3658	2	
3659	4	
3660	3	
3661	1	
3662	2	
3663	1	
3664	2	
3665	1	
3666	8	
3667	9	
3668	8	
3669	4	
3670	3	
3671	7	
3672	10	
3673	5	
3674	3	
3675	9	
3676	5	
3677	6	
3678	6	
3679	9	
3680	8	
3681	5	
3682	10	
3683	5	
3684	6	
3685	10	
3686	2	
3687	4	
3688	10	
3689	1	
3690	9	
3691	10	
3692	10	
3693	3	
3694	2	
3695	2	
3696	5	
3697	10	
3698	7	
3699	4	
3700	3	
3701	9	
3702	8	
3703	6	
3704	8	
3705	8	
3706	2	
3707	8	
3708	10	
3709	2	
3710	7	
3711	10	
3712	4	
3713	1	
3714	10	
3715	1	
3716	6	
3717	8	
3718	6	
3719	7	
3720	4	
3721	3	
3722	5	
3723	5	
3724	5	
3725	10	
3726	10	
3727	1	
3728	5	
3729	5	
3730	2	
3731	7	
3732	4	
3733	9	
3734	7	
3735	7	
3736	2	
3737	9	
3738	6	
3739	10	
3740	8	
3741	1	
3742	7	
3743	10	
3744	10	
3745	9	
3746	6	
3747	2	
3748	5	
3749	4	
3750	8	
3751	9	
3752	10	
3753	9	
3754	8	
3755	4	
3756	7	
3757	9	
3758	7	
3759	6	
3760	10	
3761	7	
3762	3	
3763	8	
3764	8	
3765	1	
3766	1	
3767	9	
3768	3	
3769	9	
3770	7	
3771	6	
3772	9	
3773	5	
3774	3	
3775	7	
3776	9	
3777	6	
3778	5	
3779	5	
3780	5	
3781	7	
3782	7	
3783	9	
3784	9	
3785	8	
3786	1	
3787	10	
3788	4	
3789	3	
3790	2	
3791	2	
3792	8	
3793	10	
3794	5	
3795	7	
3796	4	
3797	2	
3798	6	
3799	9	
3800	6	
3801	1	
3802	7	
3803	7	
3804	6	
3805	9	
3806	7	
3807	6	
3808	6	
3809	8	
3810	1	
3811	3	
3812	9	
3813	4	
3814	10	
3815	4	
3816	6	
3817	8	
3818	3	
3819	8	
3820	6	
3821	2	
3822	10	
3823	7	
3824	4	
3825	2	
3826	9	
3827	6	
3828	4	
3829	6	
3830	6	
3831	9	
3832	3	
3833	9	
3834	10	
3835	1	
3836	3	
3837	2	
3838	10	
3839	8	
3840	3	
3841	8	
3842	1	
3843	7	
3844	8	
3845	10	
3846	1	
3847	7	
3848	7	
3849	3	
3850	10	
3851	7	
3852	9	
3853	7	
3854	2	
3855	4	
3856	7	
3857	1	
3858	3	
3859	4	
3860	1	
3861	3	
3862	3	
3863	2	
3864	6	
3865	2	
3866	10	
3867	9	
3868	5	
3869	6	
3870	9	
3871	4	
3872	3	
3873	3	
3874	10	
3875	4	
3876	3	
3877	5	
3878	5	
3879	9	
3880	7	
3881	2	
3882	9	
3883	5	
3884	3	
3885	7	
3886	8	
3887	7	
3888	5	
3889	8	
3890	10	
3891	4	
3892	2	
3893	8	
3894	2	
3895	1	
3896	4	
3897	9	
3898	7	
3899	2	
3900	8	
3901	2	
3902	10	
3903	3	
3904	7	
3905	8	
3906	8	
3907	9	
3908	8	
3909	4	
3910	9	
3911	6	
3912	1	
3913	3	
3914	3	
3915	1	
3916	2	
3917	7	
3918	8	
3919	6	
3920	3	
3921	2	
3922	3	
3923	9	
3924	10	
3925	9	
3926	5	
3927	5	
3928	5	
3929	3	
3930	6	
3931	7	
3932	4	
3933	7	
3934	2	
3935	7	
3936	5	
3937	3	
3938	7	
3939	8	
3940	2	
3941	10	
3942	1	
3943	5	
3944	10	
3945	4	
3946	9	
3947	10	
3948	5	
3949	8	
3950	6	
3951	1	
3952	10	
3953	8	
3954	7	
3955	4	
3956	8	
3957	5	
3958	5	
3959	6	
3960	4	
3961	5	
3962	1	
3963	10	
3964	3	
3965	4	
3966	6	
3967	5	
3968	6	
3969	5	
3970	8	
3971	5	
3972	8	
3973	5	
3974	10	
3975	7	
3976	5	
3977	2	
3978	1	
3979	3	
3980	10	
3981	6	
3982	1	
3983	4	
3984	1	
3985	3	
3986	3	
3987	10	
3988	6	
3989	2	
3990	1	
3991	9	
3992	3	
3993	1	
3994	4	
3995	4	
3996	7	
3997	4	
3998	3	
3999	2	
4000	3	
4001	1	
4002	1	
4003	2	
4004	1	
4005	2	
4006	9	
4007	4	
4008	2	
4009	8	
4010	8	
4011	1	
4012	10	
4013	6	
4014	3	
4015	4	
4016	8	
4017	1	
4018	9	
4019	3	
4020	5	
4021	8	
4022	7	
4023	5	
4024	8	
4025	8	
4026	6	
4027	6	
4028	5	
4029	9	
4030	10	
4031	9	
4032	1	
4033	5	
4034	4	
4035	10	
4036	8	
4037	2	
4038	1	
4039	3	
4040	6	
4041	8	
4042	9	
4043	4	
4044	2	
4045	1	
4046	7	
4047	7	
4048	4	
4049	7	
4050	8	
4051	3	
4052	10	
4053	2	
4054	4	
4055	7	
4056	4	
4057	9	
4058	5	
4059	4	
4060	1	
4061	8	
4062	9	
4063	4	
4064	5	
4065	1	
4066	4	
4067	3	
4068	5	
4069	8	
4070	7	
4071	2	
4072	4	
4073	1	
4074	3	
4075	9	
4076	8	
4077	7	
4078	10	
4079	1	
4080	10	
4081	10	
4082	9	
4083	9	
4084	8	
4085	3	
4086	9	
4087	2	
4088	4	
4089	10	
4090	1	
4091	9	
4092	3	
4093	6	
4094	1	
4095	6	
4096	1	
4097	10	
4098	3	
4099	8	
4100	4	
4101	5	
4102	1	
4103	7	
4104	2	
4105	10	
4106	9	
4107	5	
4108	7	
4109	5	
4110	4	
4111	3	
4112	1	
4113	10	
4114	9	
4115	7	
4116	7	
4117	8	
4118	5	
4119	10	
4120	5	
4121	10	
4122	10	
4123	4	
4124	10	
4125	6	
4126	3	
4127	8	
4128	2	
4129	8	
4130	9	
4131	10	
4132	6	
4133	9	
4134	6	
4135	8	
4136	1	
4137	10	
4138	1	
4139	2	
4140	2	
4141	6	
4142	10	
4143	9	
4144	2	
4145	2	
4146	10	
4147	1	
4148	2	
4149	2	
4150	5	
4151	2	
4152	8	
4153	4	
4154	2	
4155	8	
4156	5	
4157	4	
4158	4	
4159	4	
4160	5	
4161	5	
4162	4	
4163	1	
4164	7	
4165	3	
4166	5	
4167	2	
4168	10	
4169	7	
4170	9	
4171	9	
4172	1	
4173	9	
4174	7	
4175	3	
4176	3	
4177	1	
4178	5	
4179	2	
4180	10	
4181	3	
4182	7	
4183	7	
4184	9	
4185	9	
4186	4	
4187	8	
4188	9	
4189	3	
4190	5	
4191	6	
4192	10	
4193	2	
4194	8	
4195	6	
4196	8	
4197	6	
4198	6	
4199	10	
4200	10	
4201	8	
4202	10	
4203	3	
4204	5	
4205	2	
4206	8	
4207	1	
4208	5	
4209	4	
4210	7	
4211	5	
4212	7	
4213	8	
4214	6	
4215	5	
4216	1	
4217	7	
4218	8	
4219	2	
4220	9	
4221	8	
4222	10	
4223	10	
4224	8	
4225	2	
4226	10	
4227	2	
4228	5	
4229	4	
4230	6	
4231	3	
4232	9	
4233	6	
4234	2	
4235	2	
4236	3	
4237	6	
4238	10	
4239	1	
4240	7	
4241	2	
4242	4	
4243	4	
4244	2	
4245	6	
4246	1	
4247	5	
4248	3	
4249	9	
4250	10	
4251	5	
4252	10	
4253	7	
4254	10	
4255	3	
4256	2	
4257	8	
4258	4	
4259	4	
4260	8	
4261	2	
4262	2	
4263	2	
4264	10	
4265	9	
4266	8	
4267	1	
4268	8	
4269	10	
4270	5	
4271	2	
4272	1	
4273	9	
4274	2	
4275	8	
4276	8	
4277	6	
4278	6	
4279	6	
4280	4	
4281	4	
4282	9	
4283	10	
4284	8	
4285	7	
4286	10	
4287	6	
4288	5	
4289	5	
4290	8	
4291	5	
4292	8	
4293	9	
4294	3	
4295	2	
4296	6	
4297	10	
4298	2	
4299	5	
4300	1	
4301	2	
4302	10	
4303	4	
4304	8	
4305	2	
4306	1	
4307	8	
4308	2	
4309	3	
4310	2	
4311	10	
4312	10	
4313	9	
4314	9	
4315	1	
4316	3	
4317	5	
4318	6	
4319	7	
4320	6	
4321	1	
4322	5	
4323	9	
4324	8	
4325	6	
4326	4	
4327	5	
4328	8	
4329	9	
4330	4	
4331	7	
4332	4	
4333	10	
4334	10	
4335	3	
4336	3	
4337	6	
4338	8	
4339	7	
4340	7	
4341	9	
4342	10	
4343	2	
4344	8	
4345	1	
4346	2	
4347	1	
4348	9	
4349	8	
4350	1	
4351	9	
4352	7	
4353	5	
4354	4	
4355	5	
4356	9	
4357	8	
4358	1	
4359	5	
4360	7	
4361	10	
4362	9	
4363	10	
4364	8	
4365	9	
4366	5	
4367	8	
4368	6	
4369	7	
4370	10	
4371	9	
4372	3	
4373	10	
4374	4	
4375	8	
4376	9	
4377	4	
4378	6	
4379	7	
4380	7	
4381	1	
4382	2	
4383	3	
4384	3	
4385	4	
4386	2	
4387	4	
4388	2	
4389	1	
4390	5	
4391	3	
4392	5	
4393	5	
4394	10	
4395	9	
4396	4	
4397	7	
4398	4	
4399	1	
4400	4	
4401	8	
4402	9	
4403	1	
4404	1	
4405	7	
4406	9	
4407	10	
4408	5	
4409	7	
4410	1	
4411	10	
4412	9	
4413	7	
4414	7	
4415	2	
4416	7	
4417	1	
4418	10	
4419	4	
4420	5	
4421	4	
4422	7	
4423	9	
4424	3	
4425	9	
4426	6	
4427	10	
4428	2	
4429	6	
4430	4	
4431	4	
4432	1	
4433	6	
4434	4	
4435	4	
4436	4	
4437	2	
4438	9	
4439	10	
4440	4	
4441	7	
4442	6	
4443	3	
4444	4	
4445	4	
4446	9	
4447	2	
4448	3	
4449	7	
4450	9	
4451	10	
4452	3	
4453	2	
4454	6	
4455	1	
4456	5	
4457	5	
4458	4	
4459	7	
4460	1	
4461	3	
4462	4	
4463	3	
4464	5	
4465	2	
4466	2	
4467	10	
4468	8	
4469	6	
4470	4	
4471	8	
4472	6	
4473	8	
4474	5	
4475	2	
4476	5	
4477	6	
4478	1	
4479	6	
4480	2	
4481	8	
4482	7	
4483	9	
4484	5	
4485	3	
4486	4	
4487	9	
4488	4	
4489	2	
4490	2	
4491	10	
4492	9	
4493	5	
4494	1	
4495	10	
4496	10	
4497	1	
4498	8	
4499	6	
4500	6	
4501	7	
4502	10	
4503	2	
4504	8	
4505	1	
4506	3	
4507	6	
4508	8	
4509	8	
4510	8	
4511	5	
4512	7	
4513	7	
4514	5	
4515	10	
4516	10	
4517	10	
4518	4	
4519	9	
4520	6	
4521	9	
4522	7	
4523	4	
4524	10	
4525	5	
4526	3	
4527	4	
4528	10	
4529	9	
4530	10	
4531	1	
4532	1	
4533	9	
4534	3	
4535	9	
4536	1	
4537	9	
4538	6	
4539	2	
4540	8	
4541	8	
4542	5	
4543	2	
4544	7	
4545	1	
4546	4	
4547	6	
4548	9	
4549	4	
4550	5	
4551	6	
4552	7	
4553	3	
4554	8	
4555	3	
4556	2	
4557	6	
4558	9	
4559	5	
4560	9	
4561	1	
4562	1	
4563	4	
4564	10	
4565	3	
4566	3	
4567	6	
4568	7	
4569	9	
4570	1	
4571	6	
4572	2	
4573	6	
4574	2	
4575	1	
4576	9	
4577	6	
4578	8	
4579	9	
4580	2	
4581	8	
4582	3	
4583	10	
4584	7	
4585	4	
4586	8	
4587	6	
4588	4	
4589	3	
4590	4	
4591	1	
4592	4	
4593	2	
4594	10	
4595	4	
4596	10	
4597	2	
4598	5	
4599	7	
4600	3	
4601	2	
4602	2	
4603	10	
4604	5	
4605	9	
4606	10	
4607	5	
4608	1	
4609	7	
4610	10	
4611	10	
4612	1	
4613	5	
4614	6	
4615	8	
4616	6	
4617	7	
4618	4	
4619	6	
4620	7	
4621	2	
4622	2	
4623	1	
4624	4	
4625	8	
4626	9	
4627	9	
4628	1	
4629	1	
4630	8	
4631	9	
4632	4	
4633	4	
4634	7	
4635	2	
4636	4	
4637	8	
4638	2	
4639	5	
4640	10	
4641	9	
4642	3	
4643	4	
4644	7	
4645	7	
4646	6	
4647	6	
4648	5	
4649	7	
4650	10	
4651	9	
4652	10	
4653	2	
4654	2	
4655	1	
4656	5	
4657	6	
4658	3	
4659	4	
4660	10	
4661	7	
4662	8	
4663	1	
4664	9	
4665	2	
4666	2	
4667	2	
4668	7	
4669	7	
4670	5	
4671	7	
4672	3	
4673	6	
4674	4	
4675	3	
4676	6	
4677	5	
4678	1	
4679	3	
4680	4	
4681	2	
4682	5	
4683	4	
4684	8	
4685	4	
4686	7	
4687	3	
4688	6	
4689	5	
4690	1	
4691	6	
4692	8	
4693	8	
4694	4	
4695	10	
4696	4	
4697	5	
4698	4	
4699	2	
4700	1	
4701	3	
4702	10	
4703	5	
4704	7	
4705	9	
4706	7	
4707	8	
4708	1	
4709	2	
4710	7	
4711	3	
4712	9	
4713	7	
4714	2	
4715	10	
4716	8	
4717	10	
4718	10	
4719	5	
4720	4	
4721	8	
4722	10	
4723	10	
4724	3	
4725	5	
4726	5	
4727	8	
4728	2	
4729	3	
4730	8	
4731	1	
4732	7	
4733	1	
4734	1	
4735	7	
4736	6	
4737	6	
4738	5	
4739	6	
4740	8	
4741	10	
4742	1	
4743	10	
4744	5	
4745	3	
4746	1	
4747	3	
4748	6	
4749	3	
4750	10	
4751	7	
4752	8	
4753	8	
4754	3	
4755	7	
4756	10	
4757	7	
4758	6	
4759	4	
4760	4	
4761	3	
4762	7	
4763	7	
4764	5	
4765	4	
4766	5	
4767	7	
4768	7	
4769	5	
4770	7	
4771	8	
4772	3	
4773	2	
4774	3	
4775	8	
4776	2	
4777	6	
4778	7	
4779	4	
4780	10	
4781	6	
4782	9	
4783	6	
4784	8	
4785	7	
4786	10	
4787	5	
4788	10	
4789	9	
4790	3	
4791	3	
4792	10	
4793	6	
4794	2	
4795	8	
4796	10	
4797	10	
4798	7	
4799	1	
4800	1	
4801	6	
4802	4	
4803	8	
4804	7	
4805	1	
4806	4	
4807	10	
4808	10	
4809	1	
4810	9	
4811	3	
4812	5	
4813	2	
4814	6	
4815	8	
4816	7	
4817	10	
4818	6	
4819	10	
4820	4	
4821	6	
4822	5	
4823	4	
4824	1	
4825	9	
4826	7	
4827	3	
4828	1	
4829	10	
4830	9	
4831	4	
4832	2	
4833	1	
4834	1	
4835	9	
4836	5	
4837	2	
4838	9	
4839	3	
4840	7	
4841	5	
4842	1	
4843	6	
4844	3	
4845	5	
4846	9	
4847	7	
4848	6	
4849	2	
4850	6	
4851	7	
4852	7	
4853	10	
4854	1	
4855	2	
4856	3	
4857	7	
4858	5	
4859	2	
4860	7	
4861	9	
4862	10	
4863	6	
4864	2	
4865	4	
4866	4	
4867	6	
4868	6	
4869	6	
4870	6	
4871	2	
4872	7	
4873	7	
4874	8	
4875	3	
4876	8	
4877	2	
4878	5	
4879	10	
4880	10	
4881	2	
4882	7	
4883	8	
4884	5	
4885	5	
4886	4	
4887	1	
4888	10	
4889	10	
4890	1	
4891	7	
4892	4	
4893	3	
4894	3	
4895	6	
4896	7	
4897	8	
4898	2	
4899	3	
4900	3	
4901	5	
4902	10	
4903	6	
4904	7	
4905	6	
4906	4	
4907	4	
4908	1	
4909	10	
4910	2	
4911	3	
4912	2	
4913	4	
4914	2	
4915	5	
4916	9	
4917	10	
4918	9	
4919	4	
4920	6	
4921	7	
4922	5	
4923	8	
4924	5	
4925	1	
4926	6	
4927	9	
4928	3	
4929	4	
4930	8	
4931	2	
4932	4	
4933	2	
4934	2	
4935	1	
4936	7	
4937	6	
4938	1	
4939	5	
4940	5	
4941	6	
4942	6	
4943	8	
4944	6	
4945	3	
4946	1	
4947	1	
4948	6	
4949	5	
4950	4	
4951	2	
4952	8	
4953	3	
4954	8	
4955	9	
4956	7	
4957	8	
4958	10	
4959	9	
4960	4	
4961	8	
4962	8	
4963	10	
4964	6	
4965	4	
4966	8	
4967	2	
4968	1	
4969	4	
4970	9	
4971	1	
4972	2	
4973	5	
4974	9	
4975	7	
4976	5	
4977	8	
4978	2	
4979	5	
4980	2	
4981	5	
4982	2	
4983	9	
4984	7	
4985	2	
4986	9	
4987	5	
4988	10	
4989	3	
4990	8	
4991	5	
4992	9	
4993	3	
4994	7	
4995	7	
4996	8	
4997	3	
4998	5	
4999	10	
5000	4	
2748
