5000
1	75	
2	83	
3	1	
4	66	
5	15	
6	29	
7	4	
8	99	
9	100	
10	81	
11	15	
12	2	
13	79	
14	23	
15	24	
16	40	
17	44	
18	99	
19	12	
20	81	
21	92	
22	83	
23	87	
24	78	
25	52	
26	67	
27	61	
28	15	
29	13	
30	38	
31	97	
32	11	
33	59	
34	56	
35	43	
36	16	
37	19	
38	72	
39	7	
40	82	
41	22	
42	45	
43	57	
44	49	
45	98	
46	6	
47	25	
48	25	
49	6	
50	55	
51	22	
52	19	
53	84	
54	15	
55	20	
56	35	
57	100	
58	30	
59	47	
60	17	
61	88	
62	22	
63	39	
64	6	
65	35	
66	19	
67	36	
68	26	
69	3	
70	25	
71	69	
72	65	
73	13	
74	10	
75	35	
76	64	
77	58	
78	34	
79	88	
80	90	
81	53	
82	13	
83	78	
84	69	
85	9	
86	85	
87	31	
88	99	
89	89	
90	46	
91	32	
92	8	
93	76	
94	67	
95	23	
96	16	
97	8	
98	8	
99	91	
100	95	
101	56	
102	7	
103	57	
104	59	
105	80	
106	17	
107	10	
108	74	
109	78	
110	36	
111	38	
112	42	
113	72	
114	36	
115	96	
116	82	
117	66	
118	36	
119	12	
120	100	
121	95	
122	52	
123	95	
124	62	
125	4	
126	18	
127	47	
128	55	
129	98	
130	78	
131	41	
132	36	
133	30	
134	71	
135	76	
136	9	
137	60	
138	6	
139	37	
140	71	
141	82	
142	72	
143	82	
144	74	
145	76	
146	77	
147	25	
148	50	
149	24	
150	49	
151	100	
152	8	
153	65	
154	83	
155	57	
156	99	
157	53	
158	42	
159	73	
160	88	
161	84	
162	70	
163	85	
164	93	
165	20	
166	77	
167	98	
168	87	
169	77	
170	40	
171	98	
172	33	
173	100	
174	33	
175	82	
176	30	
177	77	
178	76	
179	69	
180	47	
181	46	
182	92	
183	63	
184	71	
185	40	
186	40	
187	5	
188	96	
189	95	
190	52	
191	89	
192	90	
193	99	
194	27	
195	72	
196	5	
197	79	
198	69	
199	94	
200	52	
201	2	
202	48	
203	14	
204	18	
205	62	
206	84	
207	27	
208	21	
209	14	
210	16	
211	43	
212	83	
213	2	
214	36	
215	29	
216	98	
217	7	
218	11	
219	24	
220	45	
221	25	
222	28	
223	16	
224	79	
225	3	
226	39	
227	66	
228	4	
229	90	
230	74	
231	40	
232	9	
233	40	
234	33	
235	16	
236	19	
237	40	
238	24	
239	36	
240	60	
241	60	
242	42	
243	32	
244	18	
245	21	
246	34	
247	57	
248	57	
249	11	
250	51	
251	58	
252	98	
253	72	
254	73	
255	22	
256	4	
257	87	
258	87	
259	90	
260	8	
261	82	
262	64	
263	22	
264	50	
265	66	
266	33	
267	73	
268	15	
269	80	
270	14	
271	39	
272	66	
273	59	
274	46	
275	64	
276	1	
277	34	
278	5	
279	44	
280	35	
281	20	
282	37	
283	18	
284	54	
285	67	
286	52	
287	14	
288	4	
289	44	
290	18	
291	33	
292	75	
293	67	
294	77	
295	70	
296	94	
297	25	
298	49	
299	93	
300	67	
301	39	
302	14	
303	65	
304	16	
305	62	
306	51	
307	98	
308	100	
309	51	
310	94	
311	69	
312	17	
313	13	
314	73	
315	5	
316	21	
317	20	
318	76	
319	29	
320	60	
321	81	
322	58	
323	71	
324	37	
325	76	
326	38	
327	81	
328	42	
329	9	
330	96	
331	19	
332	34	
333	68	
334	75	
335	49	
336	66	
337	46	
338	86	
339	63	
340	67	
341	12	
342	33	
343	17	
344	75	
345	31	
346	62	
347	55	
348	85	
349	64	
350	70	
351	43	
352	39	
353	15	
354	7	
355	31	
356	28	
357	86	
358	26	
359	34	
360	45	
361	69	
362	88	
363	68	
364	97	
365	9	
366	58	
367	40	
368	91	
369	22	
370	38	
371	79	
372	93	
373	67	
374	13	
375	7	
376	64	
377	82	
378	49	
379	39	
380	40	
381	62	
382	26	
383	99	
384	70	
385	26	
386	38	
387	54	
388	37	
389	61	
390	15	
391	38	
392	88	
393	74	
394	77	
395	91	
396	56	
397	55	
398	11	
399	41	
400	76	
401	19	
402	44	
403	21	
404	54	
405	29	
406	83	
407	89	
408	33	
409	61	
410	1	
411	18	
412	86	
413	16	
414	100	
415	30	
416	13	
417	58	
418	63	
419	27	
420	19	
421	20	
422	50	
423	68	
424	31	
425	47	
426	64	
427	33	
428	15	
429	37	
430	89	
431	34	
432	81	
433	85	
434	80	
435	18	
436	40	
437	85	
438	47	
439	93	
440	6	
441	93	
442	91	
443	35	
444	41	
445	10	
446	79	
447	64	
448	4	
449	54	
450	50	
451	20	
452	12	
453	100	
454	82	
455	93	
456	69	
457	46	
458	1	
459	90	
460	13	
461	32	
462	73	
463	92	
464	5	
465	83	
466	21	
467	29	
468	61	
469	33	
470	28	
471	3	
472	62	
473	21	
474	51	
475	87	
476	50	
477	94	
478	23	
479	80	
480	6	
481	46	
482	74	
483	98	
484	81	
485	44	
486	68	
487	85	
488	95	
489	80	
490	36	
491	14	
492	90	
493	100	
494	70	
495	42	
496	29	
497	18	
498	8	
499	27	
500	69	
501	54	
502	51	
503	88	
504	90	
505	22	
506	12	
507	86	
508	80	
509	86	
510	46	
511	79	
512	75	
513	95	
514	51	
515	24	
516	9	
517	41	
518	68	
519	16	
520	33	
521	12	
522	36	
523	63	
524	35	
525	52	
526	41	
527	94	
528	5	
529	66	
530	36	
531	4	
532	85	
533	87	
534	24	
535	92	
536	53	
537	28	
538	59	
539	19	
540	1	
541	46	
542	73	
543	68	
544	41	
545	61	
546	75	
547	8	
548	65	
549	87	
550	77	
551	49	
552	86	
553	48	
554	14	
555	40	
556	72	
557	17	
558	86	
559	25	
560	24	
561	62	
562	90	
563	67	
564	93	
565	21	
566	94	
567	86	
568	56	
569	54	
570	84	
571	27	
572	62	
573	59	
574	15	
575	56	
576	94	
577	76	
578	64	
579	26	
580	21	
581	9	
582	4	
583	16	
584	39	
585	68	
586	69	
587	91	
588	97	
589	42	
590	92	
591	90	
592	74	
593	19	
594	58	
595	29	
596	40	
597	88	
598	69	
599	99	
600	39	
601	57	
602	54	
603	89	
604	94	
605	17	
606	42	
607	63	
608	34	
609	83	
610	74	
611	99	
612	92	
613	92	
614	17	
615	71	
616	19	
617	42	
618	42	
619	93	
620	25	
621	16	
622	48	
623	82	
624	41	
625	88	
626	44	
627	77	
628	56	
629	35	
630	31	
631	39	
632	73	
633	37	
634	62	
635	27	
636	2	
637	28	
638	31	
639	44	
640	2	
641	35	
642	34	
643	79	
644	83	
645	80	
646	51	
647	44	
648	47	
649	75	
650	81	
651	18	
652	61	
653	11	
654	18	
655	12	
656	95	
657	38	
658	7	
659	89	
660	82	
661	55	
662	86	
663	81	
664	27	
665	9	
666	3	
667	14	
668	10	
669	39	
670	13	
671	20	
672	86	
673	7	
674	68	
675	66	
676	45	
677	76	
678	83	
679	27	
680	11	
681	70	
682	65	
683	37	
684	20	
685	78	
686	21	
687	94	
688	96	
689	9	
690	51	
691	66	
692	69	
693	59	
694	14	
695	38	
696	88	
697	42	
698	6	
699	13	
700	9	
701	6	
702	53	
703	70	
704	81	
705	76	
706	16	
707	59	
708	12	
709	25	
710	64	
711	5	
712	78	
713	25	
714	7	
715	27	
716	23	
717	6	
718	46	
719	57	
720	30	
721	8	
722	86	
723	43	
724	18	
725	1	
726	36	
727	69	
728	53	
729	3	
730	91	
731	94	
732	44	
733	50	
734	19	
735	51	
736	29	
737	2	
738	69	
739	94	
740	65	
741	82	
742	11	
743	54	
744	21	
745	25	
746	94	
747	39	
748	42	
749	55	
750	92	
751	48	
752	78	
753	36	
754	41	
755	86	
756	64	
757	22	
758	32	
759	7	
760	22	
761	70	
762	57	
763	10	
764	34	
765	95	
766	34	
767	59	
768	39	
769	32	
770	28	
771	41	
772	55	
773	24	
774	72	
775	5	
776	92	
777	81	
778	15	
779	34	
780	12	
781	76	
782	64	
783	25	
784	23	
785	17	
786	51	
787	71	
788	93	
789	89	
790	90	
791	16	
792	19	
793	48	
794	33	
795	36	
796	16	
797	1	
798	71	
799	69	
800	17	
801	63	
802	64	
803	94	
804	92	
805	43	
806	86	
807	24	
808	14	
809	82	
810	82	
811	20	
812	70	
813	74	
814	42	
815	77	
816	55	
817	38	
818	2	
819	72	
820	38	
821	80	
822	9	
823	76	
824	11	
825	12	
826	91	
827	69	
828	66	
829	83	
830	81	
831	31	
832	7	
833	66	
834	38	
835	97	
836	32	
837	26	
838	34	
839	32	
840	44	
841	8	
842	74	
843	68	
844	28	
845	16	
846	41	
847	47	
848	91	
849	12	
850	31	
851	47	
852	90	
853	83	
854	54	
855	73	
856	98	
857	91	
858	58	
859	44	
860	3	
861	62	
862	22	
863	18	
864	85	
865	74	
866	45	
867	24	
868	65	
869	86	
870	16	
871	27	
872	37	
873	62	
874	40	
875	23	
876	37	
877	47	
878	14	
879	80	
880	62	
881	94	
882	5	
883	68	
884	51	
885	24	
886	40	
887	14	
888	9	
889	100	
890	59	
891	3	
892	32	
893	9	
894	91	
895	68	
896	86	
897	83	
898	67	
899	64	
900	92	
901	55	
902	23	
903	81	
904	78	
905	61	
906	20	
907	48	
908	42	
909	39	
910	89	
911	72	
912	65	
913	61	
914	93	
915	72	
916	74	
917	68	
918	76	
919	29	
920	20	
921	85	
922	13	
923	47	
924	37	
925	29	
926	95	
927	97	
928	27	
929	64	
930	77	
931	84	
932	16	
933	92	
934	52	
935	18	
936	75	
937	37	
938	65	
939	4	
940	14	
941	80	
942	37	
943	26	
944	56	
945	9	
946	71	
947	67	
948	57	
949	38	
950	6	
951	19	
952	27	
953	27	
954	41	
955	19	
956	85	
957	70	
958	56	
959	13	
960	43	
961	86	
962	74	
963	86	
964	91	
965	10	
966	90	
967	97	
968	15	
969	5	
970	84	
971	71	
972	38	
973	32	
974	39	
975	47	
976	42	
977	5	
978	18	
979	60	
980	88	
981	44	
982	33	
983	32	
984	77	
985	82	
986	43	
987	37	
988	1	
989	31	
990	98	
991	7	
992	51	
993	61	
994	64	
995	95	
996	70	
997	52	
998	10	
999	75	
1000	39	
1001	90	
1002	49	
1003	60	
1004	14	
1005	18	
1006	38	
1007	66	
1008	100	
1009	62	
1010	95	
1011	88	
1012	19	
1013	59	
1014	42	
1015	91	
1016	79	
1017	93	
1018	26	
1019	2	
1020	100	
1021	69	
1022	39	
1023	92	
1024	3	
1025	84	
1026	68	
1027	42	
1028	100	
1029	87	
1030	32	
1031	99	
1032	63	
1033	67	
1034	55	
1035	96	
1036	65	
1037	100	
1038	15	
1039	4	
1040	29	
1041	67	
1042	22	
1043	75	
1044	45	
1045	90	
1046	40	
1047	84	
1048	8	
1049	8	
1050	59	
1051	49	
1052	27	
1053	48	
1054	96	
1055	23	
1056	74	
1057	56	
1058	77	
1059	28	
1060	30	
1061	75	
1062	91	
1063	50	
1064	26	
1065	17	
1066	6	
1067	15	
1068	28	
1069	27	
1070	26	
1071	77	
1072	62	
1073	26	
1074	66	
1075	68	
1076	95	
1077	26	
1078	60	
1079	73	
1080	81	
1081	69	
1082	29	
1083	39	
1084	26	
1085	87	
1086	48	
1087	49	
1088	97	
1089	100	
1090	32	
1091	33	
1092	44	
1093	27	
1094	68	
1095	68	
1096	45	
1097	44	
1098	4	
1099	20	
1100	26	
1101	47	
1102	98	
1103	84	
1104	35	
1105	16	
1106	16	
1107	48	
1108	80	
1109	27	
1110	26	
1111	64	
1112	50	
1113	58	
1114	14	
1115	87	
1116	92	
1117	47	
1118	77	
1119	78	
1120	16	
1121	58	
1122	65	
1123	96	
1124	33	
1125	48	
1126	46	
1127	52	
1128	91	
1129	47	
1130	99	
1131	52	
1132	80	
1133	79	
1134	48	
1135	42	
1136	67	
1137	12	
1138	31	
1139	79	
1140	25	
1141	100	
1142	73	
1143	81	
1144	94	
1145	3	
1146	63	
1147	18	
1148	22	
1149	83	
1150	52	
1151	85	
1152	6	
1153	31	
1154	91	
1155	10	
1156	54	
1157	26	
1158	6	
1159	79	
1160	10	
1161	67	
1162	7	
1163	71	
1164	74	
1165	55	
1166	100	
1167	83	
1168	67	
1169	64	
1170	40	
1171	32	
1172	38	
1173	66	
1174	98	
1175	18	
1176	86	
1177	9	
1178	7	
1179	24	
1180	4	
1181	16	
1182	84	
1183	7	
1184	44	
1185	54	
1186	83	
1187	74	
1188	86	
1189	44	
1190	56	
1191	21	
1192	67	
1193	35	
1194	42	
1195	48	
1196	20	
1197	69	
1198	69	
1199	82	
1200	35	
1201	41	
1202	75	
1203	76	
1204	46	
1205	60	
1206	57	
1207	36	
1208	65	
1209	80	
1210	4	
1211	97	
1212	65	
1213	6	
1214	50	
1215	31	
1216	57	
1217	5	
1218	32	
1219	9	
1220	54	
1221	43	
1222	64	
1223	33	
1224	13	
1225	48	
1226	6	
1227	79	
1228	9	
1229	75	
1230	76	
1231	72	
1232	82	
1233	86	
1234	79	
1235	18	
1236	70	
1237	24	
1238	73	
1239	90	
1240	81	
1241	28	
1242	23	
1243	16	
1244	58	
1245	52	
1246	18	
1247	10	
1248	70	
1249	60	
1250	55	
1251	91	
1252	18	
1253	70	
1254	97	
1255	60	
1256	89	
1257	34	
1258	39	
1259	50	
1260	9	
1261	25	
1262	40	
1263	92	
1264	25	
1265	40	
1266	33	
1267	71	
1268	70	
1269	71	
1270	75	
1271	98	
1272	31	
1273	24	
1274	71	
1275	93	
1276	31	
1277	43	
1278	95	
1279	84	
1280	71	
1281	80	
1282	80	
1283	87	
1284	66	
1285	58	
1286	87	
1287	89	
1288	74	
1289	1	
1290	90	
1291	19	
1292	26	
1293	5	
1294	62	
1295	35	
1296	72	
1297	18	
1298	80	
1299	23	
1300	37	
1301	24	
1302	30	
1303	1	
1304	38	
1305	76	
1306	93	
1307	46	
1308	27	
1309	26	
1310	26	
1311	57	
1312	91	
1313	37	
1314	10	
1315	62	
1316	25	
1317	95	
1318	4	
1319	81	
1320	58	
1321	40	
1322	95	
1323	62	
1324	30	
1325	16	
1326	62	
1327	69	
1328	38	
1329	5	
1330	69	
1331	21	
1332	84	
1333	89	
1334	51	
1335	98	
1336	60	
1337	14	
1338	84	
1339	13	
1340	46	
1341	39	
1342	66	
1343	48	
1344	99	
1345	71	
1346	6	
1347	48	
1348	91	
1349	32	
1350	78	
1351	52	
1352	18	
1353	35	
1354	61	
1355	37	
1356	1	
1357	13	
1358	27	
1359	57	
1360	15	
1361	17	
1362	68	
1363	74	
1364	46	
1365	14	
1366	54	
1367	34	
1368	37	
1369	76	
1370	61	
1371	2	
1372	58	
1373	95	
1374	9	
1375	49	
1376	95	
1377	45	
1378	28	
1379	68	
1380	9	
1381	34	
1382	5	
1383	25	
1384	22	
1385	55	
1386	85	
1387	37	
1388	72	
1389	2	
1390	18	
1391	52	
1392	57	
1393	62	
1394	85	
1395	5	
1396	100	
1397	9	
1398	38	
1399	69	
1400	91	
1401	82	
1402	48	
1403	86	
1404	37	
1405	49	
1406	80	
1407	1	
1408	30	
1409	36	
1410	67	
1411	83	
1412	23	
1413	9	
1414	2	
1415	45	
1416	17	
1417	76	
1418	3	
1419	37	
1420	99	
1421	44	
1422	3	
1423	98	
1424	74	
1425	75	
1426	83	
1427	88	
1428	46	
1429	11	
1430	80	
1431	22	
1432	84	
1433	53	
1434	17	
1435	65	
1436	63	
1437	3	
1438	46	
1439	20	
1440	41	
1441	51	
1442	28	
1443	40	
1444	33	
1445	76	
1446	29	
1447	100	
1448	23	
1449	2	
1450	30	
1451	39	
1452	81	
1453	98	
1454	85	
1455	94	
1456	42	
1457	64	
1458	98	
1459	16	
1460	95	
1461	87	
1462	84	
1463	82	
1464	92	
1465	85	
1466	11	
1467	99	
1468	69	
1469	45	
1470	73	
1471	98	
1472	79	
1473	99	
1474	50	
1475	96	
1476	74	
1477	80	
1478	21	
1479	5	
1480	38	
1481	16	
1482	99	
1483	16	
1484	7	
1485	77	
1486	5	
1487	77	
1488	31	
1489	15	
1490	32	
1491	12	
1492	80	
1493	71	
1494	89	
1495	72	
1496	48	
1497	10	
1498	2	
1499	39	
1500	23	
1501	41	
1502	17	
1503	10	
1504	21	
1505	36	
1506	90	
1507	43	
1508	55	
1509	80	
1510	83	
1511	8	
1512	56	
1513	71	
1514	13	
1515	43	
1516	53	
1517	33	
1518	2	
1519	6	
1520	78	
1521	14	
1522	18	
1523	82	
1524	13	
1525	92	
1526	8	
1527	29	
1528	40	
1529	47	
1530	92	
1531	77	
1532	97	
1533	29	
1534	12	
1535	85	
1536	31	
1537	5	
1538	72	
1539	96	
1540	91	
1541	37	
1542	55	
1543	55	
1544	93	
1545	22	
1546	62	
1547	33	
1548	42	
1549	29	
1550	45	
1551	14	
1552	94	
1553	65	
1554	67	
1555	42	
1556	73	
1557	41	
1558	57	
1559	53	
1560	67	
1561	77	
1562	91	
1563	27	
1564	26	
1565	53	
1566	19	
1567	42	
1568	40	
1569	7	
1570	59	
1571	4	
1572	83	
1573	35	
1574	24	
1575	96	
1576	94	
1577	82	
1578	3	
1579	66	
1580	79	
1581	54	
1582	54	
1583	81	
1584	17	
1585	57	
1586	49	
1587	6	
1588	97	
1589	63	
1590	15	
1591	55	
1592	78	
1593	75	
1594	95	
1595	71	
1596	55	
1597	30	
1598	65	
1599	38	
1600	89	
1601	69	
1602	72	
1603	15	
1604	31	
1605	33	
1606	11	
1607	44	
1608	27	
1609	95	
1610	47	
1611	61	
1612	32	
1613	67	
1614	12	
1615	2	
1616	88	
1617	50	
1618	9	
1619	24	
1620	32	
1621	14	
1622	86	
1623	32	
1624	41	
1625	14	
1626	53	
1627	25	
1628	15	
1629	52	
1630	92	
1631	21	
1632	25	
1633	44	
1634	83	
1635	52	
1636	18	
1637	20	
1638	20	
1639	10	
1640	52	
1641	48	
1642	72	
1643	91	
1644	40	
1645	85	
1646	72	
1647	86	
1648	78	
1649	56	
1650	78	
1651	100	
1652	3	
1653	65	
1654	76	
1655	40	
1656	59	
1657	17	
1658	93	
1659	26	
1660	3	
1661	78	
1662	29	
1663	6	
1664	74	
1665	48	
1666	55	
1667	60	
1668	17	
1669	40	
1670	90	
1671	23	
1672	64	
1673	78	
1674	22	
1675	59	
1676	24	
1677	12	
1678	34	
1679	97	
1680	44	
1681	10	
1682	13	
1683	19	
1684	90	
1685	41	
1686	79	
1687	94	
1688	21	
1689	86	
1690	31	
1691	2	
1692	82	
1693	65	
1694	31	
1695	54	
1696	9	
1697	28	
1698	69	
1699	98	
1700	95	
1701	12	
1702	78	
1703	2	
1704	19	
1705	68	
1706	62	
1707	7	
1708	59	
1709	39	
1710	73	
1711	34	
1712	86	
1713	28	
1714	86	
1715	17	
1716	76	
1717	1	
1718	35	
1719	27	
1720	83	
1721	22	
1722	78	
1723	37	
1724	30	
1725	93	
1726	47	
1727	76	
1728	57	
1729	37	
1730	92	
1731	75	
1732	37	
1733	1	
1734	23	
1735	40	
1736	7	
1737	68	
1738	92	
1739	56	
1740	70	
1741	3	
1742	50	
1743	94	
1744	11	
1745	52	
1746	40	
1747	97	
1748	98	
1749	95	
1750	46	
1751	43	
1752	56	
1753	96	
1754	6	
1755	26	
1756	16	
1757	5	
1758	61	
1759	86	
1760	32	
1761	75	
1762	17	
1763	15	
1764	83	
1765	42	
1766	14	
1767	5	
1768	58	
1769	7	
1770	68	
1771	89	
1772	33	
1773	68	
1774	16	
1775	24	
1776	24	
1777	20	
1778	16	
1779	77	
1780	12	
1781	72	
1782	41	
1783	17	
1784	52	
1785	90	
1786	45	
1787	9	
1788	87	
1789	62	
1790	24	
1791	21	
1792	18	
1793	81	
1794	60	
1795	98	
1796	76	
1797	96	
1798	31	
1799	5	
1800	32	
1801	60	
1802	13	
1803	80	
1804	31	
1805	49	
1806	36	
1807	65	
1808	28	
1809	8	
1810	26	
1811	18	
1812	77	
1813	63	
1814	35	
1815	69	
1816	49	
1817	21	
1818	17	
1819	52	
1820	49	
1821	64	
1822	13	
1823	84	
1824	37	
1825	8	
1826	28	
1827	22	
1828	77	
1829	3	
1830	73	
1831	11	
1832	54	
1833	81	
1834	96	
1835	85	
1836	41	
1837	23	
1838	82	
1839	25	
1840	24	
1841	9	
1842	53	
1843	58	
1844	94	
1845	22	
1846	10	
1847	89	
1848	61	
1849	32	
1850	10	
1851	57	
1852	91	
1853	78	
1854	51	
1855	77	
1856	87	
1857	36	
1858	94	
1859	66	
1860	78	
1861	98	
1862	45	
1863	87	
1864	80	
1865	26	
1866	20	
1867	1	
1868	14	
1869	85	
1870	69	
1871	95	
1872	40	
1873	51	
1874	53	
1875	61	
1876	58	
1877	17	
1878	51	
1879	39	
1880	85	
1881	40	
1882	37	
1883	8	
1884	92	
1885	33	
1886	84	
1887	20	
1888	60	
1889	16	
1890	34	
1891	20	
1892	98	
1893	6	
1894	95	
1895	7	
1896	6	
1897	81	
1898	34	
1899	40	
1900	84	
1901	20	
1902	86	
1903	52	
1904	63	
1905	9	
1906	84	
1907	27	
1908	82	
1909	10	
1910	1	
1911	95	
1912	92	
1913	89	
1914	82	
1915	26	
1916	17	
1917	16	
1918	25	
1919	19	
1920	37	
1921	20	
1922	23	
1923	73	
1924	26	
1925	27	
1926	82	
1927	97	
1928	7	
1929	52	
1930	42	
1931	58	
1932	24	
1933	92	
1934	1	
1935	4	
1936	34	
1937	92	
1938	76	
1939	11	
1940	26	
1941	18	
1942	73	
1943	79	
1944	43	
1945	70	
1946	37	
1947	23	
1948	46	
1949	52	
1950	13	
1951	51	
1952	82	
1953	54	
1954	58	
1955	21	
1956	82	
1957	44	
1958	91	
1959	65	
1960	71	
1961	19	
1962	31	
1963	42	
1964	29	
1965	40	
1966	5	
1967	54	
1968	61	
1969	84	
1970	30	
1971	18	
1972	29	
1973	64	
1974	35	
1975	80	
1976	61	
1977	20	
1978	25	
1979	34	
1980	94	
1981	25	
1982	70	
1983	59	
1984	79	
1985	80	
1986	26	
1987	35	
1988	45	
1989	6	
1990	65	
1991	52	
1992	72	
1993	55	
1994	22	
1995	37	
1996	1	
1997	89	
1998	71	
1999	39	
2000	35	
2001	48	
2002	77	
2003	91	
2004	24	
2005	22	
2006	30	
2007	5	
2008	75	
2009	2	
2010	10	
2011	57	
2012	30	
2013	74	
2014	48	
2015	57	
2016	23	
2017	54	
2018	45	
2019	83	
2020	80	
2021	44	
2022	9	
2023	14	
2024	16	
2025	100	
2026	10	
2027	90	
2028	56	
2029	83	
2030	46	
2031	98	
2032	69	
2033	49	
2034	98	
2035	75	
2036	3	
2037	85	
2038	59	
2039	24	
2040	65	
2041	29	
2042	90	
2043	49	
2044	1	
2045	96	
2046	5	
2047	14	
2048	58	
2049	86	
2050	64	
2051	35	
2052	46	
2053	31	
2054	87	
2055	90	
2056	91	
2057	49	
2058	92	
2059	10	
2060	28	
2061	53	
2062	39	
2063	52	
2064	99	
2065	87	
2066	52	
2067	42	
2068	89	
2069	40	
2070	13	
2071	6	
2072	70	
2073	25	
2074	38	
2075	93	
2076	40	
2077	67	
2078	23	
2079	69	
2080	82	
2081	37	
2082	26	
2083	45	
2084	100	
2085	27	
2086	6	
2087	78	
2088	3	
2089	63	
2090	88	
2091	89	
2092	55	
2093	84	
2094	58	
2095	97	
2096	76	
2097	33	
2098	24	
2099	71	
2100	43	
2101	56	
2102	77	
2103	22	
2104	75	
2105	13	
2106	73	
2107	22	
2108	11	
2109	18	
2110	66	
2111	47	
2112	53	
2113	6	
2114	45	
2115	45	
2116	26	
2117	63	
2118	87	
2119	19	
2120	29	
2121	86	
2122	89	
2123	22	
2124	61	
2125	68	
2126	98	
2127	92	
2128	12	
2129	48	
2130	26	
2131	7	
2132	100	
2133	93	
2134	99	
2135	77	
2136	84	
2137	18	
2138	69	
2139	11	
2140	89	
2141	78	
2142	19	
2143	4	
2144	35	
2145	63	
2146	89	
2147	100	
2148	59	
2149	16	
2150	69	
2151	55	
2152	44	
2153	57	
2154	4	
2155	74	
2156	15	
2157	72	
2158	16	
2159	94	
2160	93	
2161	35	
2162	26	
2163	54	
2164	5	
2165	54	
2166	14	
2167	19	
2168	80	
2169	68	
2170	99	
2171	74	
2172	87	
2173	30	
2174	78	
2175	3	
2176	17	
2177	1	
2178	91	
2179	18	
2180	52	
2181	50	
2182	18	
2183	26	
2184	42	
2185	73	
2186	81	
2187	60	
2188	89	
2189	88	
2190	96	
2191	71	
2192	89	
2193	91	
2194	19	
2195	67	
2196	78	
2197	24	
2198	79	
2199	3	
2200	36	
2201	22	
2202	30	
2203	28	
2204	53	
2205	31	
2206	46	
2207	45	
2208	87	
2209	95	
2210	3	
2211	43	
2212	68	
2213	88	
2214	87	
2215	8	
2216	92	
2217	30	
2218	79	
2219	97	
2220	82	
2221	18	
2222	85	
2223	50	
2224	4	
2225	32	
2226	29	
2227	70	
2228	10	
2229	2	
2230	86	
2231	86	
2232	88	
2233	53	
2234	79	
2235	72	
2236	78	
2237	37	
2238	68	
2239	26	
2240	24	
2241	86	
2242	73	
2243	70	
2244	16	
2245	23	
2246	67	
2247	44	
2248	77	
2249	87	
2250	23	
2251	53	
2252	20	
2253	96	
2254	52	
2255	60	
2256	60	
2257	61	
2258	17	
2259	21	
2260	22	
2261	54	
2262	14	
2263	43	
2264	67	
2265	92	
2266	98	
2267	23	
2268	63	
2269	99	
2270	100	
2271	29	
2272	5	
2273	58	
2274	32	
2275	88	
2276	36	
2277	46	
2278	16	
2279	43	
2280	34	
2281	1	
2282	93	
2283	15	
2284	92	
2285	2	
2286	36	
2287	16	
2288	62	
2289	87	
2290	91	
2291	54	
2292	78	
2293	81	
2294	20	
2295	7	
2296	62	
2297	92	
2298	90	
2299	69	
2300	11	
2301	14	
2302	49	
2303	10	
2304	14	
2305	42	
2306	4	
2307	4	
2308	83	
2309	58	
2310	78	
2311	92	
2312	14	
2313	63	
2314	48	
2315	84	
2316	76	
2317	57	
2318	82	
2319	71	
2320	69	
2321	94	
2322	51	
2323	18	
2324	65	
2325	38	
2326	67	
2327	6	
2328	20	
2329	1	
2330	76	
2331	77	
2332	7	
2333	45	
2334	40	
2335	27	
2336	74	
2337	35	
2338	11	
2339	63	
2340	58	
2341	63	
2342	3	
2343	84	
2344	43	
2345	10	
2346	4	
2347	60	
2348	16	
2349	65	
2350	22	
2351	33	
2352	83	
2353	53	
2354	68	
2355	4	
2356	36	
2357	35	
2358	32	
2359	19	
2360	26	
2361	90	
2362	40	
2363	80	
2364	91	
2365	9	
2366	25	
2367	78	
2368	38	
2369	64	
2370	43	
2371	52	
2372	21	
2373	92	
2374	21	
2375	55	
2376	14	
2377	26	
2378	23	
2379	98	
2380	48	
2381	30	
2382	71	
2383	85	
2384	77	
2385	17	
2386	55	
2387	93	
2388	10	
2389	76	
2390	19	
2391	95	
2392	92	
2393	8	
2394	9	
2395	54	
2396	18	
2397	50	
2398	63	
2399	71	
2400	38	
2401	90	
2402	12	
2403	89	
2404	23	
2405	42	
2406	4	
2407	72	
2408	66	
2409	82	
2410	67	
2411	83	
2412	15	
2413	23	
2414	98	
2415	92	
2416	34	
2417	41	
2418	79	
2419	68	
2420	52	
2421	31	
2422	36	
2423	82	
2424	53	
2425	83	
2426	88	
2427	74	
2428	93	
2429	12	
2430	70	
2431	48	
2432	53	
2433	85	
2434	87	
2435	55	
2436	13	
2437	17	
2438	61	
2439	16	
2440	61	
2441	75	
2442	68	
2443	63	
2444	26	
2445	73	
2446	39	
2447	38	
2448	43	
2449	18	
2450	45	
2451	94	
2452	34	
2453	65	
2454	86	
2455	27	
2456	82	
2457	2	
2458	4	
2459	29	
2460	24	
2461	98	
2462	16	
2463	3	
2464	40	
2465	68	
2466	68	
2467	57	
2468	43	
2469	84	
2470	12	
2471	87	
2472	76	
2473	28	
2474	56	
2475	33	
2476	32	
2477	15	
2478	89	
2479	42	
2480	48	
2481	68	
2482	41	
2483	35	
2484	91	
2485	69	
2486	69	
2487	71	
2488	14	
2489	94	
2490	70	
2491	94	
2492	62	
2493	52	
2494	99	
2495	92	
2496	70	
2497	16	
2498	55	
2499	93	
2500	92	
2501	96	
2502	77	
2503	48	
2504	62	
2505	10	
2506	40	
2507	62	
2508	10	
2509	2	
2510	5	
2511	97	
2512	80	
2513	94	
2514	90	
2515	23	
2516	24	
2517	65	
2518	46	
2519	77	
2520	30	
2521	22	
2522	54	
2523	26	
2524	92	
2525	52	
2526	19	
2527	88	
2528	32	
2529	57	
2530	43	
2531	72	
2532	56	
2533	80	
2534	15	
2535	28	
2536	60	
2537	9	
2538	31	
2539	89	
2540	28	
2541	74	
2542	10	
2543	50	
2544	92	
2545	13	
2546	25	
2547	53	
2548	57	
2549	30	
2550	17	
2551	3	
2552	18	
2553	51	
2554	15	
2555	53	
2556	2	
2557	64	
2558	82	
2559	51	
2560	98	
2561	66	
2562	61	
2563	21	
2564	41	
2565	21	
2566	86	
2567	78	
2568	85	
2569	81	
2570	39	
2571	75	
2572	45	
2573	50	
2574	73	
2575	6	
2576	99	
2577	69	
2578	21	
2579	13	
2580	29	
2581	3	
2582	6	
2583	2	
2584	18	
2585	61	
2586	54	
2587	50	
2588	27	
2589	4	
2590	90	
2591	12	
2592	3	
2593	36	
2594	96	
2595	77	
2596	77	
2597	83	
2598	24	
2599	55	
2600	71	
2601	93	
2602	17	
2603	40	
2604	94	
2605	71	
2606	42	
2607	97	
2608	90	
2609	89	
2610	36	
2611	68	
2612	29	
2613	45	
2614	24	
2615	25	
2616	65	
2617	87	
2618	15	
2619	6	
2620	19	
2621	33	
2622	71	
2623	20	
2624	84	
2625	95	
2626	69	
2627	4	
2628	88	
2629	17	
2630	14	
2631	43	
2632	67	
2633	45	
2634	36	
2635	19	
2636	19	
2637	68	
2638	92	
2639	58	
2640	1	
2641	38	
2642	67	
2643	10	
2644	52	
2645	76	
2646	71	
2647	34	
2648	59	
2649	70	
2650	69	
2651	69	
2652	8	
2653	35	
2654	6	
2655	3	
2656	37	
2657	46	
2658	63	
2659	85	
2660	32	
2661	56	
2662	95	
2663	17	
2664	20	
2665	2	
2666	9	
2667	29	
2668	79	
2669	82	
2670	44	
2671	62	
2672	47	
2673	35	
2674	77	
2675	63	
2676	19	
2677	99	
2678	73	
2679	41	
2680	34	
2681	2	
2682	93	
2683	42	
2684	32	
2685	73	
2686	19	
2687	36	
2688	21	
2689	69	
2690	36	
2691	45	
2692	99	
2693	4	
2694	61	
2695	2	
2696	92	
2697	76	
2698	40	
2699	61	
2700	59	
2701	49	
2702	26	
2703	81	
2704	73	
2705	37	
2706	64	
2707	62	
2708	50	
2709	19	
2710	16	
2711	99	
2712	99	
2713	18	
2714	66	
2715	46	
2716	91	
2717	16	
2718	33	
2719	28	
2720	1	
2721	86	
2722	17	
2723	71	
2724	13	
2725	40	
2726	41	
2727	38	
2728	20	
2729	39	
2730	60	
2731	20	
2732	98	
2733	96	
2734	25	
2735	94	
2736	7	
2737	32	
2738	20	
2739	32	
2740	64	
2741	87	
2742	48	
2743	52	
2744	85	
2745	15	
2746	81	
2747	56	
2748	98	
2749	64	
2750	45	
2751	11	
2752	76	
2753	79	
2754	57	
2755	68	
2756	71	
2757	49	
2758	74	
2759	32	
2760	3	
2761	26	
2762	70	
2763	78	
2764	77	
2765	64	
2766	26	
2767	70	
2768	36	
2769	47	
2770	79	
2771	44	
2772	74	
2773	52	
2774	55	
2775	64	
2776	10	
2777	4	
2778	22	
2779	25	
2780	5	
2781	32	
2782	91	
2783	60	
2784	95	
2785	80	
2786	42	
2787	96	
2788	17	
2789	98	
2790	13	
2791	92	
2792	86	
2793	78	
2794	37	
2795	46	
2796	72	
2797	17	
2798	24	
2799	4	
2800	89	
2801	11	
2802	83	
2803	19	
2804	16	
2805	22	
2806	14	
2807	34	
2808	51	
2809	26	
2810	36	
2811	45	
2812	76	
2813	69	
2814	58	
2815	4	
2816	54	
2817	83	
2818	9	
2819	54	
2820	90	
2821	32	
2822	22	
2823	4	
2824	33	
2825	74	
2826	74	
2827	13	
2828	14	
2829	38	
2830	52	
2831	73	
2832	86	
2833	48	
2834	76	
2835	49	
2836	17	
2837	97	
2838	12	
2839	59	
2840	83	
2841	61	
2842	48	
2843	59	
2844	42	
2845	19	
2846	75	
2847	70	
2848	44	
2849	34	
2850	53	
2851	43	
2852	43	
2853	83	
2854	60	
2855	94	
2856	75	
2857	35	
2858	53	
2859	31	
2860	72	
2861	76	
2862	18	
2863	97	
2864	42	
2865	57	
2866	91	
2867	93	
2868	94	
2869	48	
2870	27	
2871	70	
2872	27	
2873	24	
2874	58	
2875	32	
2876	4	
2877	97	
2878	34	
2879	71	
2880	78	
2881	25	
2882	55	
2883	23	
2884	60	
2885	94	
2886	8	
2887	23	
2888	13	
2889	93	
2890	54	
2891	27	
2892	85	
2893	98	
2894	45	
2895	71	
2896	45	
2897	30	
2898	52	
2899	12	
2900	54	
2901	79	
2902	48	
2903	16	
2904	75	
2905	60	
2906	17	
2907	96	
2908	5	
2909	40	
2910	74	
2911	15	
2912	96	
2913	29	
2914	67	
2915	1	
2916	92	
2917	98	
2918	10	
2919	82	
2920	86	
2921	67	
2922	24	
2923	74	
2924	70	
2925	33	
2926	46	
2927	100	
2928	85	
2929	69	
2930	2	
2931	42	
2932	22	
2933	35	
2934	6	
2935	84	
2936	82	
2937	49	
2938	62	
2939	46	
2940	10	
2941	51	
2942	19	
2943	33	
2944	89	
2945	94	
2946	68	
2947	66	
2948	8	
2949	59	
2950	93	
2951	52	
2952	59	
2953	54	
2954	79	
2955	72	
2956	27	
2957	85	
2958	37	
2959	60	
2960	52	
2961	8	
2962	34	
2963	2	
2964	50	
2965	88	
2966	14	
2967	52	
2968	1	
2969	78	
2970	68	
2971	11	
2972	54	
2973	27	
2974	43	
2975	54	
2976	66	
2977	7	
2978	23	
2979	45	
2980	4	
2981	92	
2982	78	
2983	40	
2984	4	
2985	82	
2986	100	
2987	92	
2988	76	
2989	49	
2990	33	
2991	50	
2992	46	
2993	20	
2994	28	
2995	44	
2996	81	
2997	58	
2998	64	
2999	30	
3000	88	
3001	84	
3002	100	
3003	18	
3004	99	
3005	88	
3006	72	
3007	13	
3008	50	
3009	73	
3010	59	
3011	75	
3012	75	
3013	22	
3014	20	
3015	51	
3016	68	
3017	30	
3018	59	
3019	30	
3020	88	
3021	10	
3022	87	
3023	35	
3024	5	
3025	12	
3026	67	
3027	94	
3028	40	
3029	84	
3030	43	
3031	94	
3032	42	
3033	94	
3034	42	
3035	92	
3036	3	
3037	57	
3038	26	
3039	99	
3040	30	
3041	100	
3042	53	
3043	24	
3044	57	
3045	76	
3046	96	
3047	97	
3048	40	
3049	50	
3050	84	
3051	36	
3052	91	
3053	76	
3054	58	
3055	22	
3056	26	
3057	57	
3058	100	
3059	10	
3060	55	
3061	79	
3062	64	
3063	9	
3064	67	
3065	34	
3066	29	
3067	49	
3068	2	
3069	31	
3070	63	
3071	28	
3072	26	
3073	51	
3074	37	
3075	83	
3076	16	
3077	75	
3078	78	
3079	58	
3080	72	
3081	64	
3082	66	
3083	88	
3084	83	
3085	58	
3086	35	
3087	24	
3088	20	
3089	62	
3090	27	
3091	13	
3092	37	
3093	58	
3094	50	
3095	75	
3096	73	
3097	5	
3098	46	
3099	64	
3100	57	
3101	42	
3102	25	
3103	83	
3104	69	
3105	55	
3106	2	
3107	33	
3108	66	
3109	87	
3110	81	
3111	49	
3112	83	
3113	10	
3114	98	
3115	90	
3116	1	
3117	77	
3118	22	
3119	69	
3120	21	
3121	73	
3122	43	
3123	62	
3124	19	
3125	78	
3126	46	
3127	23	
3128	50	
3129	18	
3130	85	
3131	50	
3132	16	
3133	29	
3134	12	
3135	57	
3136	92	
3137	83	
3138	33	
3139	42	
3140	91	
3141	55	
3142	74	
3143	18	
3144	66	
3145	64	
3146	3	
3147	80	
3148	76	
3149	9	
3150	38	
3151	24	
3152	58	
3153	19	
3154	45	
3155	62	
3156	16	
3157	39	
3158	20	
3159	2	
3160	66	
3161	35	
3162	21	
3163	35	
3164	70	
3165	44	
3166	61	
3167	6	
3168	74	
3169	88	
3170	94	
3171	9	
3172	77	
3173	28	
3174	4	
3175	39	
3176	96	
3177	20	
3178	6	
3179	47	
3180	66	
3181	29	
3182	24	
3183	94	
3184	86	
3185	47	
3186	96	
3187	64	
3188	89	
3189	96	
3190	51	
3191	40	
3192	7	
3193	36	
3194	47	
3195	26	
3196	56	
3197	53	
3198	44	
3199	33	
3200	21	
3201	98	
3202	24	
3203	3	
3204	62	
3205	6	
3206	61	
3207	26	
3208	22	
3209	24	
3210	27	
3211	14	
3212	36	
3213	77	
3214	28	
3215	19	
3216	86	
3217	39	
3218	69	
3219	1	
3220	22	
3221	94	
3222	64	
3223	52	
3224	91	
3225	34	
3226	18	
3227	64	
3228	30	
3229	42	
3230	12	
3231	7	
3232	30	
3233	89	
3234	60	
3235	59	
3236	2	
3237	44	
3238	6	
3239	51	
3240	4	
3241	80	
3242	33	
3243	35	
3244	73	
3245	31	
3246	25	
3247	42	
3248	70	
3249	67	
3250	80	
3251	9	
3252	18	
3253	48	
3254	35	
3255	35	
3256	46	
3257	17	
3258	63	
3259	4	
3260	95	
3261	64	
3262	22	
3263	24	
3264	36	
3265	52	
3266	49	
3267	55	
3268	38	
3269	83	
3270	46	
3271	47	
3272	73	
3273	17	
3274	13	
3275	3	
3276	30	
3277	37	
3278	36	
3279	84	
3280	61	
3281	89	
3282	48	
3283	36	
3284	2	
3285	51	
3286	99	
3287	96	
3288	49	
3289	93	
3290	62	
3291	55	
3292	8	
3293	70	
3294	14	
3295	3	
3296	13	
3297	83	
3298	52	
3299	84	
3300	82	
3301	18	
3302	31	
3303	86	
3304	46	
3305	71	
3306	90	
3307	13	
3308	27	
3309	63	
3310	72	
3311	32	
3312	16	
3313	79	
3314	70	
3315	49	
3316	38	
3317	35	
3318	89	
3319	72	
3320	20	
3321	41	
3322	22	
3323	25	
3324	64	
3325	69	
3326	7	
3327	65	
3328	93	
3329	87	
3330	81	
3331	53	
3332	69	
3333	62	
3334	18	
3335	59	
3336	11	
3337	69	
3338	81	
3339	54	
3340	63	
3341	14	
3342	66	
3343	51	
3344	30	
3345	49	
3346	41	
3347	100	
3348	61	
3349	48	
3350	12	
3351	35	
3352	34	
3353	49	
3354	28	
3355	89	
3356	52	
3357	92	
3358	50	
3359	17	
3360	42	
3361	36	
3362	19	
3363	28	
3364	68	
3365	35	
3366	34	
3367	92	
3368	67	
3369	84	
3370	86	
3371	94	
3372	47	
3373	46	
3374	14	
3375	85	
3376	100	
3377	48	
3378	63	
3379	74	
3380	12	
3381	93	
3382	66	
3383	37	
3384	52	
3385	83	
3386	11	
3387	64	
3388	44	
3389	76	
3390	39	
3391	92	
3392	46	
3393	46	
3394	95	
3395	5	
3396	99	
3397	100	
3398	16	
3399	82	
3400	83	
3401	52	
3402	64	
3403	96	
3404	31	
3405	59	
3406	63	
3407	50	
3408	82	
3409	20	
3410	89	
3411	79	
3412	50	
3413	82	
3414	88	
3415	84	
3416	6	
3417	97	
3418	9	
3419	98	
3420	35	
3421	5	
3422	53	
3423	18	
3424	69	
3425	64	
3426	21	
3427	45	
3428	73	
3429	86	
3430	3	
3431	3	
3432	14	
3433	56	
3434	4	
3435	33	
3436	14	
3437	92	
3438	82	
3439	60	
3440	39	
3441	69	
3442	2	
3443	59	
3444	68	
3445	52	
3446	97	
3447	67	
3448	47	
3449	79	
3450	55	
3451	70	
3452	62	
3453	59	
3454	44	
3455	74	
3456	68	
3457	71	
3458	92	
3459	52	
3460	95	
3461	89	
3462	100	
3463	59	
3464	37	
3465	5	
3466	78	
3467	68	
3468	9	
3469	94	
3470	31	
3471	42	
3472	28	
3473	38	
3474	40	
3475	61	
3476	70	
3477	35	
3478	71	
3479	52	
3480	60	
3481	38	
3482	32	
3483	5	
3484	53	
3485	41	
3486	90	
3487	45	
3488	23	
3489	38	
3490	53	
3491	94	
3492	16	
3493	28	
3494	39	
3495	70	
3496	36	
3497	47	
3498	73	
3499	7	
3500	63	
3501	24	
3502	49	
3503	86	
3504	21	
3505	11	
3506	95	
3507	82	
3508	59	
3509	55	
3510	58	
3511	40	
3512	33	
3513	30	
3514	22	
3515	50	
3516	35	
3517	51	
3518	17	
3519	46	
3520	22	
3521	14	
3522	19	
3523	2	
3524	62	
3525	16	
3526	72	
3527	43	
3528	66	
3529	29	
3530	90	
3531	43	
3532	1	
3533	19	
3534	5	
3535	93	
3536	61	
3537	70	
3538	17	
3539	1	
3540	4	
3541	23	
3542	87	
3543	79	
3544	53	
3545	3	
3546	86	
3547	10	
3548	57	
3549	83	
3550	25	
3551	98	
3552	64	
3553	99	
3554	15	
3555	64	
3556	14	
3557	44	
3558	62	
3559	39	
3560	68	
3561	32	
3562	85	
3563	95	
3564	79	
3565	66	
3566	6	
3567	46	
3568	13	
3569	49	
3570	36	
3571	7	
3572	93	
3573	4	
3574	46	
3575	100	
3576	49	
3577	12	
3578	47	
3579	1	
3580	66	
3581	70	
3582	84	
3583	41	
3584	81	
3585	52	
3586	33	
3587	62	
3588	71	
3589	21	
3590	93	
3591	21	
3592	2	
3593	55	
3594	93	
3595	21	
3596	88	
3597	35	
3598	21	
3599	23	
3600	93	
3601	84	
3602	36	
3603	12	
3604	25	
3605	45	
3606	71	
3607	59	
3608	8	
3609	89	
3610	38	
3611	62	
3612	63	
3613	67	
3614	40	
3615	19	
3616	63	
3617	6	
3618	84	
3619	66	
3620	87	
3621	43	
3622	43	
3623	90	
3624	87	
3625	23	
3626	58	
3627	73	
3628	41	
3629	76	
3630	26	
3631	57	
3632	96	
3633	96	
3634	66	
3635	83	
3636	41	
3637	19	
3638	49	
3639	46	
3640	99	
3641	32	
3642	10	
3643	38	
3644	48	
3645	64	
3646	77	
3647	75	
3648	96	
3649	84	
3650	33	
3651	16	
3652	18	
3653	53	
3654	62	
3655	62	
3656	12	
3657	48	
3658	22	
3659	52	
3660	61	
3661	85	
3662	40	
3663	71	
3664	50	
3665	1	
3666	30	
3667	1	
3668	36	
3669	62	
3670	81	
3671	91	
3672	10	
3673	43	
3674	57	
3675	5	
3676	45	
3677	94	
3678	56	
3679	65	
3680	16	
3681	47	
3682	80	
3683	97	
3684	90	
3685	28	
3686	70	
3687	72	
3688	52	
3689	65	
3690	27	
3691	30	
3692	26	
3693	27	
3694	48	
3695	58	
3696	17	
3697	78	
3698	15	
3699	58	
3700	23	
3701	53	
3702	62	
3703	62	
3704	48	
3705	90	
3706	96	
3707	34	
3708	88	
3709	24	
3710	1	
3711	26	
3712	24	
3713	43	
3714	16	
3715	21	
3716	60	
3717	76	
3718	20	
3719	85	
3720	100	
3721	63	
3722	29	
3723	79	
3724	33	
3725	70	
3726	14	
3727	41	
3728	75	
3729	5	
3730	18	
3731	93	
3732	14	
3733	81	
3734	69	
3735	93	
3736	98	
3737	91	
3738	74	
3739	98	
3740	68	
3741	83	
3742	7	
3743	58	
3744	72	
3745	7	
3746	38	
3747	48	
3748	67	
3749	96	
3750	64	
3751	73	
3752	56	
3753	49	
3754	90	
3755	66	
3756	37	
3757	33	
3758	29	
3759	34	
3760	36	
3761	39	
3762	95	
3763	70	
3764	12	
3765	41	
3766	61	
3767	97	
3768	55	
3769	31	
3770	69	
3771	96	
3772	31	
3773	39	
3774	7	
3775	73	
3776	87	
3777	56	
3778	61	
3779	29	
3780	13	
3781	37	
3782	89	
3783	99	
3784	91	
3785	4	
3786	99	
3787	60	
3788	24	
3789	53	
3790	2	
3791	26	
3792	66	
3793	42	
3794	21	
3795	75	
3796	10	
3797	30	
3798	100	
3799	89	
3800	8	
3801	73	
3802	17	
3803	53	
3804	2	
3805	35	
3806	5	
3807	2	
3808	90	
3809	62	
3810	79	
3811	65	
3812	47	
3813	98	
3814	60	
3815	68	
3816	10	
3817	72	
3818	47	
3819	60	
3820	18	
3821	50	
3822	28	
3823	61	
3824	14	
3825	38	
3826	45	
3827	82	
3828	68	
3829	16	
3830	20	
3831	7	
3832	37	
3833	55	
3834	44	
3835	57	
3836	77	
3837	56	
3838	12	
3839	70	
3840	53	
3841	4	
3842	41	
3843	71	
3844	4	
3845	8	
3846	81	
3847	87	
3848	33	
3849	89	
3850	24	
3851	63	
3852	53	
3853	71	
3854	4	
3855	50	
3856	19	
3857	95	
3858	39	
3859	68	
3860	37	
3861	11	
3862	25	
3863	56	
3864	78	
3865	78	
3866	20	
3867	27	
3868	3	
3869	34	
3870	61	
3871	24	
3872	79	
3873	87	
3874	34	
3875	96	
3876	81	
3877	99	
3878	15	
3879	41	
3880	95	
3881	42	
3882	11	
3883	69	
3884	35	
3885	85	
3886	22	
3887	77	
3888	11	
3889	72	
3890	34	
3891	8	
3892	46	
3893	62	
3894	36	
3895	75	
3896	98	
3897	77	
3898	57	
3899	96	
3900	44	
3901	40	
3902	16	
3903	89	
3904	93	
3905	66	
3906	44	
3907	39	
3908	50	
3909	10	
3910	19	
3911	82	
3912	93	
3913	39	
3914	15	
3915	85	
3916	44	
3917	91	
3918	18	
3919	40	
3920	87	
3921	26	
3922	71	
3923	15	
3924	70	
3925	1	
3926	57	
3927	89	
3928	81	
3929	73	
3930	48	
3931	39	
3932	10	
3933	11	
3934	8	
3935	61	
3936	47	
3937	31	
3938	55	
3939	70	
3940	98	
3941	86	
3942	89	
3943	25	
3944	10	
3945	82	
3946	77	
3947	96	
3948	29	
3949	2	
3950	26	
3951	25	
3952	38	
3953	76	
3954	37	
3955	56	
3956	34	
3957	17	
3958	47	
3959	54	
3960	80	
3961	81	
3962	85	
3963	82	
3964	15	
3965	74	
3966	26	
3967	43	
3968	76	
3969	99	
3970	96	
3971	27	
3972	74	
3973	59	
3974	64	
3975	59	
3976	99	
3977	60	
3978	85	
3979	45	
3980	18	
3981	70	
3982	17	
3983	68	
3984	9	
3985	91	
3986	29	
3987	16	
3988	46	
3989	22	
3990	23	
3991	93	
3992	79	
3993	39	
3994	68	
3995	10	
3996	47	
3997	98	
3998	69	
3999	76	
4000	89	
4001	49	
4002	47	
4003	22	
4004	45	
4005	68	
4006	5	
4007	80	
4008	64	
4009	48	
4010	2	
4011	33	
4012	54	
4013	86	
4014	65	
4015	22	
4016	92	
4017	79	
4018	59	
4019	99	
4020	45	
4021	96	
4022	49	
4023	99	
4024	66	
4025	32	
4026	12	
4027	50	
4028	15	
4029	79	
4030	74	
4031	27	
4032	53	
4033	75	
4034	80	
4035	4	
4036	80	
4037	26	
4038	23	
4039	11	
4040	84	
4041	32	
4042	61	
4043	20	
4044	78	
4045	3	
4046	15	
4047	79	
4048	14	
4049	47	
4050	62	
4051	57	
4052	100	
4053	38	
4054	8	
4055	11	
4056	68	
4057	47	
4058	65	
4059	100	
4060	67	
4061	36	
4062	81	
4063	62	
4064	93	
4065	33	
4066	78	
4067	89	
4068	79	
4069	48	
4070	79	
4071	24	
4072	68	
4073	77	
4074	13	
4075	93	
4076	82	
4077	93	
4078	86	
4079	11	
4080	56	
4081	16	
4082	3	
4083	17	
4084	74	
4085	81	
4086	73	
4087	90	
4088	58	
4089	82	
4090	5	
4091	89	
4092	27	
4093	10	
4094	41	
4095	98	
4096	65	
4097	48	
4098	53	
4099	52	
4100	70	
4101	51	
4102	85	
4103	33	
4104	92	
4105	26	
4106	3	
4107	9	
4108	73	
4109	95	
4110	96	
4111	25	
4112	65	
4113	58	
4114	77	
4115	91	
4116	65	
4117	68	
4118	55	
4119	64	
4120	15	
4121	10	
4122	70	
4123	84	
4124	90	
4125	84	
4126	11	
4127	58	
4128	76	
4129	60	
4130	3	
4131	34	
4132	20	
4133	15	
4134	84	
4135	28	
4136	39	
4137	100	
4138	87	
4139	32	
4140	44	
4141	10	
4142	94	
4143	25	
4144	98	
4145	84	
4146	90	
4147	73	
4148	82	
4149	92	
4150	99	
4151	80	
4152	92	
4153	74	
4154	84	
4155	22	
4156	77	
4157	68	
4158	22	
4159	52	
4160	31	
4161	17	
4162	30	
4163	99	
4164	65	
4165	95	
4166	29	
4167	58	
4168	58	
4169	11	
4170	85	
4171	89	
4172	23	
4173	9	
4174	71	
4175	97	
4176	7	
4177	7	
4178	63	
4179	28	
4180	16	
4181	97	
4182	49	
4183	75	
4184	65	
4185	31	
4186	20	
4187	90	
4188	7	
4189	79	
4190	23	
4191	92	
4192	82	
4193	46	
4194	86	
4195	26	
4196	38	
4197	12	
4198	76	
4199	82	
4200	32	
4201	46	
4202	20	
4203	45	
4204	17	
4205	66	
4206	8	
4207	35	
4208	11	
4209	50	
4210	71	
4211	55	
4212	45	
4213	90	
4214	28	
4215	13	
4216	69	
4217	57	
4218	38	
4219	38	
4220	29	
4221	60	
4222	54	
4223	16	
4224	48	
4225	20	
4226	80	
4227	96	
4228	71	
4229	98	
4230	100	
4231	33	
4232	11	
4233	6	
4234	48	
4235	84	
4236	31	
4237	78	
4238	12	
4239	59	
4240	3	
4241	46	
4242	52	
4243	12	
4244	18	
4245	72	
4246	29	
4247	13	
4248	25	
4249	75	
4250	38	
4251	27	
4252	18	
4253	37	
4254	62	
4255	61	
4256	34	
4257	58	
4258	24	
4259	36	
4260	4	
4261	96	
4262	6	
4263	38	
4264	52	
4265	7	
4266	34	
4267	45	
4268	36	
4269	36	
4270	89	
4271	70	
4272	7	
4273	63	
4274	66	
4275	48	
4276	50	
4277	78	
4278	60	
4279	68	
4280	4	
4281	90	
4282	3	
4283	72	
4284	84	
4285	55	
4286	72	
4287	74	
4288	31	
4289	9	
4290	22	
4291	7	
4292	64	
4293	91	
4294	25	
4295	10	
4296	74	
4297	96	
4298	38	
4299	97	
4300	69	
4301	62	
4302	60	
4303	32	
4304	94	
4305	16	
4306	95	
4307	54	
4308	70	
4309	25	
4310	64	
4311	10	
4312	72	
4313	73	
4314	45	
4315	71	
4316	85	
4317	17	
4318	60	
4319	61	
4320	64	
4321	77	
4322	53	
4323	9	
4324	88	
4325	34	
4326	98	
4327	93	
4328	34	
4329	33	
4330	72	
4331	91	
4332	26	
4333	52	
4334	8	
4335	61	
4336	21	
4337	98	
4338	16	
4339	71	
4340	93	
4341	77	
4342	98	
4343	86	
4344	78	
4345	45	
4346	22	
4347	1	
4348	21	
4349	44	
4350	49	
4351	7	
4352	13	
4353	89	
4354	74	
4355	89	
4356	35	
4357	46	
4358	41	
4359	27	
4360	51	
4361	32	
4362	15	
4363	4	
4364	26	
4365	3	
4366	7	
4367	76	
4368	28	
4369	93	
4370	84	
4371	67	
4372	97	
4373	22	
4374	18	
4375	8	
4376	85	
4377	26	
4378	40	
4379	97	
4380	69	
4381	79	
4382	12	
4383	71	
4384	29	
4385	46	
4386	84	
4387	44	
4388	42	
4389	71	
4390	65	
4391	19	
4392	51	
4393	59	
4394	96	
4395	75	
4396	98	
4397	11	
4398	14	
4399	65	
4400	46	
4401	84	
4402	17	
4403	17	
4404	67	
4405	11	
4406	35	
4407	54	
4408	23	
4409	79	
4410	19	
4411	60	
4412	97	
4413	91	
4414	49	
4415	18	
4416	89	
4417	95	
4418	92	
4419	78	
4420	45	
4421	96	
4422	7	
4423	33	
4424	75	
4425	99	
4426	26	
4427	74	
4428	54	
4429	88	
4430	8	
4431	66	
4432	67	
4433	100	
4434	16	
4435	2	
4436	50	
4437	16	
4438	25	
4439	38	
4440	48	
4441	9	
4442	60	
4443	61	
4444	32	
4445	88	
4446	99	
4447	40	
4448	37	
4449	81	
4450	17	
4451	90	
4452	63	
4453	86	
4454	30	
4455	43	
4456	99	
4457	91	
4458	66	
4459	59	
4460	5	
4461	29	
4462	58	
4463	1	
4464	85	
4465	44	
4466	28	
4467	22	
4468	68	
4469	34	
4470	14	
4471	88	
4472	74	
4473	24	
4474	31	
4475	34	
4476	91	
4477	50	
4478	55	
4479	16	
4480	8	
4481	32	
4482	77	
4483	13	
4484	53	
4485	81	
4486	28	
4487	83	
4488	58	
4489	60	
4490	80	
4491	62	
4492	11	
4493	55	
4494	99	
4495	86	
4496	82	
4497	17	
4498	74	
4499	20	
4500	2	
4501	69	
4502	8	
4503	46	
4504	94	
4505	95	
4506	59	
4507	88	
4508	30	
4509	24	
4510	52	
4511	63	
4512	3	
4513	35	
4514	9	
4515	66	
4516	18	
4517	48	
4518	98	
4519	85	
4520	96	
4521	29	
4522	67	
4523	92	
4524	74	
4525	1	
4526	65	
4527	38	
4528	94	
4529	15	
4530	50	
4531	9	
4532	27	
4533	25	
4534	3	
4535	65	
4536	59	
4537	55	
4538	6	
4539	90	
4540	48	
4541	66	
4542	43	
4543	8	
4544	25	
4545	47	
4546	96	
4547	74	
4548	79	
4549	8	
4550	27	
4551	10	
4552	27	
4553	27	
4554	8	
4555	33	
4556	12	
4557	92	
4558	33	
4559	57	
4560	35	
4561	37	
4562	83	
4563	84	
4564	32	
4565	1	
4566	97	
4567	88	
4568	55	
4569	91	
4570	73	
4571	46	
4572	58	
4573	86	
4574	28	
4575	21	
4576	39	
4577	48	
4578	48	
4579	49	
4580	8	
4581	20	
4582	29	
4583	94	
4584	85	
4585	22	
4586	14	
4587	64	
4588	14	
4589	7	
4590	46	
4591	67	
4592	26	
4593	100	
4594	46	
4595	18	
4596	68	
4597	6	
4598	15	
4599	61	
4600	55	
4601	52	
4602	94	
4603	8	
4604	23	
4605	89	
4606	94	
4607	67	
4608	89	
4609	29	
4610	62	
4611	74	
4612	89	
4613	17	
4614	12	
4615	64	
4616	26	
4617	61	
4618	46	
4619	50	
4620	11	
4621	16	
4622	30	
4623	67	
4624	46	
4625	24	
4626	43	
4627	43	
4628	89	
4629	91	
4630	52	
4631	1	
4632	42	
4633	18	
4634	37	
4635	34	
4636	44	
4637	58	
4638	74	
4639	57	
4640	10	
4641	11	
4642	73	
4643	62	
4644	57	
4645	27	
4646	46	
4647	18	
4648	11	
4649	21	
4650	36	
4651	75	
4652	48	
4653	76	
4654	78	
4655	45	
4656	33	
4657	72	
4658	5	
4659	86	
4660	92	
4661	37	
4662	74	
4663	75	
4664	69	
4665	44	
4666	6	
4667	66	
4668	77	
4669	23	
4670	67	
4671	77	
4672	43	
4673	18	
4674	94	
4675	73	
4676	40	
4677	81	
4678	97	
4679	45	
4680	12	
4681	82	
4682	43	
4683	58	
4684	16	
4685	54	
4686	61	
4687	7	
4688	20	
4689	17	
4690	93	
4691	8	
4692	72	
4693	52	
4694	82	
4695	92	
4696	60	
4697	51	
4698	16	
4699	64	
4700	97	
4701	9	
4702	10	
4703	63	
4704	63	
4705	65	
4706	41	
4707	94	
4708	43	
4709	56	
4710	21	
4711	95	
4712	37	
4713	43	
4714	40	
4715	20	
4716	16	
4717	88	
4718	20	
4719	19	
4720	50	
4721	94	
4722	70	
4723	80	
4724	35	
4725	39	
4726	39	
4727	16	
4728	46	
4729	83	
4730	36	
4731	17	
4732	29	
4733	39	
4734	75	
4735	61	
4736	68	
4737	12	
4738	93	
4739	26	
4740	86	
4741	64	
4742	75	
4743	80	
4744	49	
4745	77	
4746	43	
4747	65	
4748	16	
4749	75	
4750	10	
4751	53	
4752	96	
4753	48	
4754	81	
4755	39	
4756	82	
4757	75	
4758	14	
4759	70	
4760	40	
4761	35	
4762	69	
4763	97	
4764	49	
4765	6	
4766	81	
4767	13	
4768	35	
4769	21	
4770	51	
4771	44	
4772	73	
4773	64	
4774	87	
4775	44	
4776	24	
4777	72	
4778	83	
4779	76	
4780	76	
4781	78	
4782	29	
4783	14	
4784	2	
4785	15	
4786	2	
4787	85	
4788	100	
4789	91	
4790	27	
4791	39	
4792	54	
4793	36	
4794	84	
4795	36	
4796	40	
4797	90	
4798	49	
4799	11	
4800	79	
4801	82	
4802	14	
4803	10	
4804	11	
4805	33	
4806	88	
4807	62	
4808	100	
4809	7	
4810	97	
4811	21	
4812	39	
4813	30	
4814	58	
4815	2	
4816	7	
4817	38	
4818	88	
4819	26	
4820	66	
4821	88	
4822	17	
4823	82	
4824	39	
4825	41	
4826	69	
4827	69	
4828	7	
4829	18	
4830	95	
4831	44	
4832	42	
4833	3	
4834	63	
4835	1	
4836	49	
4837	90	
4838	7	
4839	31	
4840	39	
4841	23	
4842	89	
4843	78	
4844	85	
4845	59	
4846	37	
4847	17	
4848	36	
4849	82	
4850	4	
4851	85	
4852	11	
4853	90	
4854	25	
4855	72	
4856	35	
4857	3	
4858	75	
4859	32	
4860	17	
4861	3	
4862	10	
4863	80	
4864	68	
4865	66	
4866	26	
4867	56	
4868	26	
4869	60	
4870	40	
4871	34	
4872	73	
4873	67	
4874	86	
4875	9	
4876	40	
4877	72	
4878	33	
4879	98	
4880	48	
4881	62	
4882	45	
4883	74	
4884	61	
4885	25	
4886	22	
4887	85	
4888	36	
4889	78	
4890	19	
4891	79	
4892	40	
4893	25	
4894	27	
4895	90	
4896	79	
4897	76	
4898	70	
4899	25	
4900	79	
4901	11	
4902	50	
4903	12	
4904	35	
4905	96	
4906	72	
4907	58	
4908	5	
4909	10	
4910	70	
4911	49	
4912	84	
4913	100	
4914	92	
4915	35	
4916	9	
4917	64	
4918	21	
4919	56	
4920	4	
4921	25	
4922	81	
4923	100	
4924	5	
4925	99	
4926	86	
4927	3	
4928	57	
4929	44	
4930	44	
4931	36	
4932	72	
4933	38	
4934	26	
4935	61	
4936	73	
4937	42	
4938	37	
4939	67	
4940	47	
4941	4	
4942	94	
4943	16	
4944	100	
4945	9	
4946	57	
4947	33	
4948	42	
4949	19	
4950	38	
4951	94	
4952	72	
4953	93	
4954	36	
4955	71	
4956	27	
4957	78	
4958	58	
4959	11	
4960	58	
4961	80	
4962	12	
4963	30	
4964	20	
4965	42	
4966	56	
4967	64	
4968	63	
4969	36	
4970	15	
4971	29	
4972	96	
4973	99	
4974	67	
4975	69	
4976	91	
4977	36	
4978	12	
4979	63	
4980	38	
4981	67	
4982	16	
4983	19	
4984	83	
4985	86	
4986	85	
4987	41	
4988	32	
4989	97	
4990	92	
4991	89	
4992	75	
4993	81	
4994	97	
4995	43	
4996	8	
4997	31	
4998	51	
4999	74	
5000	40	
10104
