5000
1	829	
2	273	
3	879	
4	736	
5	641	
6	95	
7	890	
8	681	
9	730	
10	655	
11	441	
12	72	
13	993	
14	625	
15	730	
16	362	
17	42	
18	589	
19	326	
20	219	
21	58	
22	189	
23	801	
24	636	
25	386	
26	53	
27	671	
28	269	
29	755	
30	412	
31	671	
32	489	
33	561	
34	674	
35	569	
36	46	
37	529	
38	314	
39	769	
40	4	
41	564	
42	503	
43	779	
44	443	
45	300	
46	584	
47	303	
48	151	
49	332	
50	293	
51	772	
52	325	
53	530	
54	761	
55	510	
56	69	
57	766	
58	888	
59	353	
60	767	
61	122	
62	960	
63	125	
64	888	
65	425	
66	345	
67	66	
68	460	
69	169	
70	223	
71	843	
72	531	
73	891	
74	532	
75	845	
76	358	
77	200	
78	528	
79	566	
80	664	
81	427	
82	643	
83	952	
84	559	
85	739	
86	927	
87	125	
88	649	
89	655	
90	248	
91	482	
92	770	
93	922	
94	661	
95	317	
96	554	
97	30	
98	806	
99	297	
100	817	
101	618	
102	397	
103	415	
104	293	
105	566	
106	471	
107	212	
108	32	
109	844	
110	290	
111	280	
112	324	
113	862	
114	438	
115	98	
116	16	
117	764	
118	142	
119	182	
120	26	
121	189	
122	702	
123	801	
124	52	
125	354	
126	316	
127	233	
128	121	
129	744	
130	944	
131	303	
132	230	
133	660	
134	597	
135	982	
136	507	
137	430	
138	736	
139	251	
140	505	
141	80	
142	438	
143	340	
144	396	
145	598	
146	511	
147	819	
148	880	
149	446	
150	591	
151	250	
152	990	
153	711	
154	569	
155	495	
156	325	
157	779	
158	700	
159	623	
160	722	
161	198	
162	680	
163	755	
164	531	
165	214	
166	839	
167	200	
168	13	
169	803	
170	22	
171	704	
172	499	
173	262	
174	571	
175	148	
176	240	
177	451	
178	134	
179	435	
180	673	
181	424	
182	298	
183	937	
184	309	
185	14	
186	682	
187	163	
188	710	
189	341	
190	382	
191	63	
192	352	
193	225	
194	837	
195	758	
196	911	
197	305	
198	675	
199	932	
200	738	
201	412	
202	346	
203	60	
204	516	
205	796	
206	658	
207	181	
208	239	
209	660	
210	522	
211	873	
212	945	
213	796	
214	94	
215	459	
216	360	
217	785	
218	409	
219	654	
220	247	
221	615	
222	450	
223	162	
224	249	
225	185	
226	41	
227	840	
228	194	
229	996	
230	440	
231	690	
232	611	
233	362	
234	587	
235	606	
236	693	
237	482	
238	858	
239	546	
240	178	
241	850	
242	604	
243	182	
244	56	
245	567	
246	36	
247	415	
248	79	
249	969	
250	589	
251	976	
252	728	
253	2	
254	911	
255	680	
256	782	
257	373	
258	353	
259	40	
260	838	
261	592	
262	62	
263	452	
264	792	
265	124	
266	819	
267	383	
268	557	
269	538	
270	388	
271	961	
272	992	
273	661	
274	52	
275	602	
276	695	
277	492	
278	603	
279	590	
280	177	
281	686	
282	31	
283	600	
284	200	
285	309	
286	542	
287	856	
288	958	
289	878	
290	704	
291	263	
292	601	
293	229	
294	135	
295	680	
296	816	
297	851	
298	375	
299	303	
300	757	
301	753	
302	464	
303	891	
304	378	
305	52	
306	873	
307	604	
308	478	
309	105	
310	996	
311	551	
312	455	
313	767	
314	271	
315	143	
316	511	
317	26	
318	406	
319	819	
320	426	
321	163	
322	700	
323	541	
324	555	
325	714	
326	544	
327	967	
328	356	
329	79	
330	546	
331	333	
332	404	
333	994	
334	45	
335	415	
336	312	
337	944	
338	676	
339	85	
340	997	
341	678	
342	751	
343	571	
344	657	
345	501	
346	244	
347	605	
348	47	
349	206	
350	992	
351	385	
352	977	
353	693	
354	173	
355	969	
356	934	
357	648	
358	372	
359	472	
360	483	
361	215	
362	986	
363	442	
364	219	
365	939	
366	252	
367	366	
368	889	
369	400	
370	380	
371	525	
372	243	
373	381	
374	619	
375	457	
376	254	
377	48	
378	223	
379	817	
380	94	
381	92	
382	92	
383	881	
384	908	
385	748	
386	580	
387	148	
388	367	
389	975	
390	49	
391	500	
392	550	
393	124	
394	175	
395	253	
396	346	
397	53	
398	933	
399	135	
400	262	
401	205	
402	954	
403	763	
404	832	
405	403	
406	657	
407	947	
408	367	
409	303	
410	15	
411	508	
412	348	
413	762	
414	170	
415	180	
416	995	
417	224	
418	313	
419	533	
420	505	
421	686	
422	432	
423	58	
424	389	
425	85	
426	546	
427	871	
428	785	
429	39	
430	607	
431	44	
432	711	
433	703	
434	358	
435	40	
436	550	
437	59	
438	225	
439	711	
440	540	
441	195	
442	317	
443	629	
444	219	
445	872	
446	825	
447	50	
448	550	
449	216	
450	924	
451	54	
452	130	
453	198	
454	376	
455	907	
456	311	
457	852	
458	283	
459	952	
460	271	
461	506	
462	859	
463	154	
464	107	
465	309	
466	47	
467	131	
468	803	
469	323	
470	602	
471	869	
472	20	
473	963	
474	849	
475	245	
476	96	
477	600	
478	817	
479	658	
480	700	
481	404	
482	668	
483	340	
484	603	
485	174	
486	394	
487	55	
488	781	
489	190	
490	218	
491	168	
492	236	
493	134	
494	104	
495	580	
496	699	
497	880	
498	798	
499	269	
500	935	
501	52	
502	221	
503	230	
504	120	
505	40	
506	770	
507	628	
508	894	
509	440	
510	172	
511	341	
512	621	
513	701	
514	145	
515	818	
516	451	
517	783	
518	54	
519	166	
520	943	
521	6	
522	398	
523	637	
524	865	
525	866	
526	807	
527	120	
528	807	
529	640	
530	682	
531	862	
532	915	
533	461	
534	346	
535	274	
536	615	
537	154	
538	401	
539	81	
540	27	
541	328	
542	671	
543	394	
544	867	
545	219	
546	77	
547	110	
548	987	
549	697	
550	459	
551	287	
552	468	
553	114	
554	568	
555	274	
556	526	
557	903	
558	128	
559	39	
560	542	
561	428	
562	420	
563	477	
564	119	
565	759	
566	832	
567	864	
568	634	
569	624	
570	110	
571	157	
572	536	
573	673	
574	733	
575	666	
576	492	
577	390	
578	470	
579	656	
580	779	
581	467	
582	474	
583	490	
584	909	
585	186	
586	911	
587	741	
588	59	
589	364	
590	610	
591	584	
592	864	
593	805	
594	180	
595	795	
596	138	
597	562	
598	743	
599	465	
600	937	
601	107	
602	504	
603	895	
604	948	
605	595	
606	484	
607	117	
608	320	
609	757	
610	108	
611	889	
612	34	
613	54	
614	675	
615	17	
616	369	
617	352	
618	948	
619	623	
620	975	
621	922	
622	950	
623	180	
624	127	
625	474	
626	50	
627	63	
628	798	
629	589	
630	769	
631	621	
632	163	
633	603	
634	200	
635	737	
636	464	
637	78	
638	757	
639	938	
640	656	
641	625	
642	952	
643	377	
644	953	
645	26	
646	453	
647	738	
648	681	
649	665	
650	159	
651	912	
652	571	
653	769	
654	916	
655	882	
656	417	
657	156	
658	69	
659	523	
660	784	
661	905	
662	124	
663	51	
664	49	
665	727	
666	781	
667	64	
668	348	
669	441	
670	991	
671	586	
672	316	
673	969	
674	562	
675	232	
676	231	
677	966	
678	793	
679	181	
680	957	
681	424	
682	759	
683	887	
684	62	
685	184	
686	291	
687	988	
688	870	
689	539	
690	525	
691	740	
692	491	
693	605	
694	144	
695	252	
696	906	
697	952	
698	856	
699	703	
700	639	
701	20	
702	107	
703	484	
704	755	
705	966	
706	154	
707	613	
708	646	
709	91	
710	550	
711	171	
712	532	
713	683	
714	37	
715	893	
716	57	
717	32	
718	212	
719	367	
720	488	
721	382	
722	460	
723	861	
724	116	
725	363	
726	606	
727	471	
728	495	
729	293	
730	25	
731	340	
732	778	
733	408	
734	881	
735	473	
736	743	
737	80	
738	255	
739	776	
740	675	
741	536	
742	53	
743	620	
744	399	
745	227	
746	416	
747	41	
748	924	
749	745	
750	342	
751	254	
752	972	
753	590	
754	783	
755	116	
756	38	
757	696	
758	198	
759	133	
760	440	
761	728	
762	871	
763	736	
764	324	
765	309	
766	992	
767	689	
768	253	
769	654	
770	50	
771	699	
772	913	
773	798	
774	502	
775	751	
776	30	
777	615	
778	265	
779	756	
780	846	
781	106	
782	90	
783	47	
784	373	
785	731	
786	313	
787	193	
788	87	
789	751	
790	368	
791	934	
792	685	
793	166	
794	459	
795	138	
796	814	
797	307	
798	873	
799	595	
800	263	
801	289	
802	634	
803	540	
804	566	
805	901	
806	448	
807	14	
808	816	
809	440	
810	80	
811	710	
812	552	
813	892	
814	144	
815	219	
816	153	
817	100	
818	416	
819	982	
820	392	
821	926	
822	915	
823	850	
824	213	
825	530	
826	685	
827	147	
828	64	
829	841	
830	931	
831	577	
832	933	
833	256	
834	408	
835	907	
836	282	
837	604	
838	76	
839	422	
840	534	
841	382	
842	820	
843	486	
844	898	
845	646	
846	623	
847	57	
848	897	
849	306	
850	813	
851	353	
852	184	
853	941	
854	16	
855	351	
856	144	
857	953	
858	412	
859	66	
860	89	
861	560	
862	928	
863	848	
864	815	
865	940	
866	747	
867	738	
868	295	
869	44	
870	394	
871	761	
872	959	
873	992	
874	918	
875	693	
876	531	
877	89	
878	144	
879	42	
880	908	
881	156	
882	751	
883	138	
884	465	
885	590	
886	342	
887	832	
888	631	
889	446	
890	649	
891	1	
892	938	
893	711	
894	21	
895	986	
896	508	
897	485	
898	813	
899	734	
900	954	
901	933	
902	449	
903	287	
904	44	
905	391	
906	494	
907	506	
908	540	
909	421	
910	683	
911	6	
912	147	
913	827	
914	335	
915	794	
916	280	
917	270	
918	910	
919	811	
920	314	
921	159	
922	43	
923	213	
924	491	
925	671	
926	973	
927	495	
928	749	
929	114	
930	563	
931	778	
932	54	
933	854	
934	994	
935	864	
936	469	
937	763	
938	483	
939	902	
940	940	
941	850	
942	575	
943	92	
944	598	
945	167	
946	469	
947	737	
948	271	
949	328	
950	320	
951	129	
952	561	
953	573	
954	51	
955	513	
956	59	
957	920	
958	662	
959	919	
960	945	
961	548	
962	928	
963	132	
964	945	
965	696	
966	876	
967	843	
968	993	
969	819	
970	974	
971	673	
972	612	
973	718	
974	557	
975	93	
976	28	
977	95	
978	64	
979	590	
980	422	
981	650	
982	131	
983	922	
984	987	
985	648	
986	201	
987	27	
988	11	
989	929	
990	872	
991	289	
992	681	
993	499	
994	994	
995	85	
996	572	
997	826	
998	824	
999	265	
1000	369	
1001	288	
1002	623	
1003	242	
1004	148	
1005	676	
1006	476	
1007	880	
1008	590	
1009	324	
1010	217	
1011	50	
1012	781	
1013	885	
1014	688	
1015	101	
1016	225	
1017	71	
1018	436	
1019	820	
1020	306	
1021	779	
1022	525	
1023	654	
1024	781	
1025	262	
1026	466	
1027	332	
1028	878	
1029	293	
1030	14	
1031	969	
1032	37	
1033	145	
1034	757	
1035	98	
1036	19	
1037	458	
1038	621	
1039	158	
1040	699	
1041	989	
1042	424	
1043	957	
1044	683	
1045	864	
1046	502	
1047	690	
1048	562	
1049	346	
1050	205	
1051	195	
1052	537	
1053	814	
1054	394	
1055	109	
1056	636	
1057	390	
1058	215	
1059	738	
1060	960	
1061	529	
1062	789	
1063	972	
1064	156	
1065	223	
1066	560	
1067	193	
1068	602	
1069	289	
1070	256	
1071	887	
1072	812	
1073	900	
1074	340	
1075	222	
1076	353	
1077	404	
1078	366	
1079	595	
1080	943	
1081	515	
1082	627	
1083	673	
1084	936	
1085	25	
1086	522	
1087	743	
1088	799	
1089	458	
1090	618	
1091	895	
1092	890	
1093	21	
1094	238	
1095	402	
1096	663	
1097	26	
1098	818	
1099	790	
1100	520	
1101	193	
1102	716	
1103	802	
1104	129	
1105	582	
1106	582	
1107	838	
1108	950	
1109	89	
1110	208	
1111	406	
1112	432	
1113	360	
1114	760	
1115	933	
1116	350	
1117	53	
1118	291	
1119	900	
1120	486	
1121	156	
1122	635	
1123	354	
1124	507	
1125	602	
1126	848	
1127	698	
1128	645	
1129	401	
1130	809	
1131	394	
1132	734	
1133	217	
1134	474	
1135	904	
1136	545	
1137	766	
1138	493	
1139	981	
1140	291	
1141	302	
1142	971	
1143	235	
1144	332	
1145	9	
1146	289	
1147	912	
1148	316	
1149	225	
1150	830	
1151	595	
1152	640	
1153	337	
1154	265	
1155	476	
1156	364	
1157	184	
1158	260	
1159	21	
1160	520	
1161	645	
1162	637	
1163	477	
1164	524	
1165	569	
1166	58	
1167	321	
1168	181	
1169	898	
1170	234	
1171	138	
1172	776	
1173	892	
1174	760	
1175	516	
1176	884	
1177	319	
1178	977	
1179	866	
1180	266	
1181	438	
1182	154	
1183	549	
1184	558	
1185	884	
1186	861	
1187	316	
1188	580	
1189	574	
1190	338	
1191	35	
1192	821	
1193	237	
1194	896	
1195	526	
1196	698	
1197	315	
1198	347	
1199	860	
1200	213	
1201	747	
1202	669	
1203	38	
1204	932	
1205	618	
1206	487	
1207	246	
1208	799	
1209	594	
1210	62	
1211	51	
1212	775	
1213	780	
1214	152	
1215	241	
1216	183	
1217	931	
1218	350	
1219	467	
1220	780	
1221	445	
1222	506	
1223	435	
1224	671	
1225	122	
1226	520	
1227	949	
1228	991	
1229	685	
1230	262	
1231	994	
1232	168	
1233	560	
1234	573	
1235	304	
1236	168	
1237	698	
1238	783	
1239	620	
1240	543	
1241	498	
1242	993	
1243	258	
1244	836	
1245	474	
1246	496	
1247	64	
1248	964	
1249	902	
1250	429	
1251	361	
1252	716	
1253	564	
1254	939	
1255	502	
1256	331	
1257	84	
1258	629	
1259	244	
1260	211	
1261	711	
1262	882	
1263	402	
1264	583	
1265	378	
1266	107	
1267	561	
1268	196	
1269	721	
1270	233	
1271	796	
1272	985	
1273	302	
1274	713	
1275	263	
1276	97	
1277	385	
1278	801	
1279	442	
1280	509	
1281	510	
1282	554	
1283	581	
1284	268	
1285	644	
1286	77	
1287	211	
1288	796	
1289	979	
1290	856	
1291	185	
1292	464	
1293	251	
1294	16	
1295	965	
1296	586	
1297	664	
1298	846	
1299	561	
1300	495	
1301	434	
1302	812	
1303	999	
1304	216	
1305	566	
1306	47	
1307	596	
1308	141	
1309	488	
1310	68	
1311	271	
1312	617	
1313	723	
1314	716	
1315	456	
1316	763	
1317	341	
1318	346	
1319	259	
1320	928	
1321	398	
1322	417	
1323	412	
1324	116	
1325	734	
1326	440	
1327	187	
1328	912	
1329	259	
1330	727	
1331	815	
1332	26	
1333	771	
1334	889	
1335	820	
1336	314	
1337	916	
1338	922	
1339	863	
1340	664	
1341	145	
1342	608	
1343	454	
1344	873	
1345	589	
1346	908	
1347	82	
1348	985	
1349	742	
1350	432	
1351	54	
1352	872	
1353	781	
1354	503	
1355	391	
1356	735	
1357	539	
1358	697	
1359	419	
1360	721	
1361	75	
1362	494	
1363	492	
1364	868	
1365	404	
1366	136	
1367	140	
1368	39	
1369	598	
1370	339	
1371	528	
1372	580	
1373	393	
1374	775	
1375	927	
1376	853	
1377	267	
1378	666	
1379	442	
1380	79	
1381	432	
1382	239	
1383	507	
1384	316	
1385	89	
1386	291	
1387	631	
1388	402	
1389	800	
1390	108	
1391	406	
1392	439	
1393	224	
1394	987	
1395	335	
1396	942	
1397	71	
1398	464	
1399	959	
1400	433	
1401	28	
1402	602	
1403	584	
1404	959	
1405	515	
1406	950	
1407	963	
1408	724	
1409	438	
1410	117	
1411	313	
1412	381	
1413	395	
1414	992	
1415	851	
1416	427	
1417	906	
1418	453	
1419	775	
1420	469	
1421	902	
1422	745	
1423	628	
1424	392	
1425	241	
1426	357	
1427	922	
1428	344	
1429	585	
1430	2	
1431	84	
1432	974	
1433	527	
1434	815	
1435	391	
1436	425	
1437	389	
1438	456	
1439	722	
1440	391	
1441	805	
1442	702	
1443	854	
1444	387	
1445	126	
1446	307	
1447	310	
1448	997	
1449	584	
1450	284	
1451	229	
1452	527	
1453	228	
1454	319	
1455	372	
1456	180	
1457	982	
1458	364	
1459	866	
1460	777	
1461	237	
1462	262	
1463	492	
1464	710	
1465	447	
1466	753	
1467	821	
1468	755	
1469	879	
1470	67	
1471	380	
1472	677	
1473	33	
1474	284	
1475	986	
1476	576	
1477	898	
1478	175	
1479	739	
1480	740	
1481	706	
1482	97	
1483	186	
1484	161	
1485	123	
1486	927	
1487	15	
1488	789	
1489	841	
1490	346	
1491	850	
1492	770	
1493	737	
1494	291	
1495	894	
1496	946	
1497	916	
1498	72	
1499	441	
1500	261	
1501	723	
1502	95	
1503	800	
1504	127	
1505	74	
1506	456	
1507	213	
1508	149	
1509	342	
1510	861	
1511	178	
1512	718	
1513	929	
1514	579	
1515	85	
1516	739	
1517	707	
1518	520	
1519	452	
1520	776	
1521	944	
1522	220	
1523	296	
1524	931	
1525	438	
1526	258	
1527	515	
1528	138	
1529	605	
1530	654	
1531	907	
1532	511	
1533	791	
1534	30	
1535	303	
1536	477	
1537	575	
1538	474	
1539	414	
1540	969	
1541	299	
1542	709	
1543	853	
1544	171	
1545	804	
1546	604	
1547	47	
1548	932	
1549	827	
1550	67	
1551	556	
1552	624	
1553	955	
1554	525	
1555	332	
1556	931	
1557	459	
1558	539	
1559	595	
1560	53	
1561	595	
1562	41	
1563	141	
1564	184	
1565	747	
1566	845	
1567	696	
1568	926	
1569	737	
1570	33	
1571	254	
1572	181	
1573	225	
1574	214	
1575	658	
1576	12	
1577	500	
1578	705	
1579	920	
1580	389	
1581	588	
1582	848	
1583	543	
1584	987	
1585	859	
1586	467	
1587	536	
1588	403	
1589	673	
1590	717	
1591	229	
1592	660	
1593	965	
1594	665	
1595	893	
1596	969	
1597	488	
1598	119	
1599	572	
1600	435	
1601	191	
1602	438	
1603	741	
1604	977	
1605	159	
1606	305	
1607	42	
1608	177	
1609	857	
1610	181	
1611	535	
1612	22	
1613	533	
1614	254	
1615	900	
1616	626	
1617	120	
1618	319	
1619	418	
1620	986	
1621	8	
1622	552	
1623	106	
1624	647	
1625	836	
1626	999	
1627	691	
1628	241	
1629	678	
1630	754	
1631	867	
1632	467	
1633	34	
1634	89	
1635	162	
1636	388	
1637	310	
1638	942	
1639	908	
1640	298	
1641	466	
1642	38	
1643	525	
1644	614	
1645	703	
1646	446	
1647	820	
1648	836	
1649	346	
1650	648	
1651	50	
1652	401	
1653	663	
1654	510	
1655	170	
1656	485	
1657	783	
1658	11	
1659	288	
1660	545	
1661	956	
1662	735	
1663	36	
1664	872	
1665	938	
1666	233	
1667	822	
1668	879	
1669	902	
1670	572	
1671	321	
1672	286	
1673	664	
1674	156	
1675	161	
1676	878	
1677	826	
1678	328	
1679	359	
1680	90	
1681	328	
1682	239	
1683	377	
1684	376	
1685	887	
1686	141	
1687	476	
1688	535	
1689	56	
1690	845	
1691	668	
1692	632	
1693	3	
1694	621	
1695	328	
1696	743	
1697	246	
1698	335	
1699	152	
1700	961	
1701	230	
1702	908	
1703	584	
1704	421	
1705	786	
1706	528	
1707	293	
1708	589	
1709	717	
1710	83	
1711	452	
1712	756	
1713	178	
1714	148	
1715	199	
1716	486	
1717	367	
1718	141	
1719	89	
1720	173	
1721	460	
1722	44	
1723	487	
1724	232	
1725	923	
1726	125	
1727	190	
1728	723	
1729	319	
1730	890	
1731	217	
1732	667	
1733	983	
1734	797	
1735	234	
1736	409	
1737	578	
1738	890	
1739	62	
1740	412	
1741	945	
1742	680	
1743	436	
1744	561	
1745	842	
1746	502	
1747	883	
1748	260	
1749	425	
1750	320	
1751	409	
1752	478	
1753	518	
1754	112	
1755	496	
1756	854	
1757	835	
1758	783	
1759	128	
1760	498	
1761	101	
1762	27	
1763	705	
1764	229	
1765	472	
1766	232	
1767	127	
1768	752	
1769	325	
1770	26	
1771	911	
1772	971	
1773	942	
1774	526	
1775	294	
1776	786	
1777	462	
1778	270	
1779	711	
1780	602	
1781	338	
1782	715	
1783	243	
1784	130	
1785	356	
1786	915	
1787	103	
1788	389	
1789	28	
1790	2	
1791	467	
1792	220	
1793	287	
1794	90	
1795	312	
1796	134	
1797	834	
1798	805	
1799	607	
1800	226	
1801	502	
1802	743	
1803	526	
1804	441	
1805	955	
1806	446	
1807	59	
1808	494	
1809	606	
1810	700	
1811	704	
1812	663	
1813	717	
1814	97	
1815	903	
1816	627	
1817	799	
1818	3	
1819	86	
1820	491	
1821	78	
1822	319	
1823	394	
1824	779	
1825	126	
1826	822	
1827	796	
1828	39	
1829	85	
1830	19	
1831	233	
1832	80	
1833	611	
1834	242	
1835	75	
1836	743	
1837	337	
1838	512	
1839	123	
1840	662	
1841	275	
1842	855	
1843	968	
1844	388	
1845	184	
1846	256	
1847	567	
1848	55	
1849	790	
1850	896	
1851	211	
1852	241	
1853	176	
1854	213	
1855	651	
1856	149	
1857	2	
1858	776	
1859	304	
1860	480	
1861	736	
1862	35	
1863	661	
1864	386	
1865	60	
1866	858	
1867	575	
1868	476	
1869	503	
1870	955	
1871	517	
1872	586	
1873	245	
1874	823	
1875	175	
1876	320	
1877	739	
1878	681	
1879	433	
1880	431	
1881	842	
1882	939	
1883	422	
1884	414	
1885	75	
1886	486	
1887	750	
1888	434	
1889	466	
1890	208	
1891	834	
1892	720	
1893	788	
1894	213	
1895	197	
1896	712	
1897	187	
1898	72	
1899	594	
1900	66	
1901	270	
1902	64	
1903	106	
1904	369	
1905	843	
1906	246	
1907	893	
1908	268	
1909	216	
1910	675	
1911	317	
1912	890	
1913	803	
1914	700	
1915	456	
1916	667	
1917	942	
1918	711	
1919	333	
1920	339	
1921	590	
1922	829	
1923	91	
1924	344	
1925	465	
1926	864	
1927	959	
1928	649	
1929	950	
1930	20	
1931	204	
1932	278	
1933	822	
1934	215	
1935	338	
1936	28	
1937	878	
1938	530	
1939	489	
1940	880	
1941	460	
1942	207	
1943	581	
1944	17	
1945	16	
1946	355	
1947	89	
1948	576	
1949	426	
1950	979	
1951	661	
1952	848	
1953	880	
1954	768	
1955	835	
1956	816	
1957	30	
1958	29	
1959	147	
1960	661	
1961	77	
1962	973	
1963	508	
1964	307	
1965	926	
1966	111	
1967	204	
1968	635	
1969	534	
1970	964	
1971	580	
1972	243	
1973	618	
1974	501	
1975	246	
1976	155	
1977	266	
1978	503	
1979	168	
1980	52	
1981	335	
1982	576	
1983	273	
1984	409	
1985	502	
1986	440	
1987	849	
1988	7	
1989	52	
1990	163	
1991	34	
1992	734	
1993	641	
1994	380	
1995	659	
1996	999	
1997	487	
1998	177	
1999	225	
2000	653	
2001	474	
2002	811	
2003	221	
2004	934	
2005	840	
2006	60	
2007	515	
2008	153	
2009	168	
2010	192	
2011	855	
2012	208	
2013	988	
2014	254	
2015	367	
2016	845	
2017	912	
2018	799	
2019	765	
2020	230	
2021	690	
2022	275	
2023	516	
2024	450	
2025	434	
2026	520	
2027	24	
2028	58	
2029	769	
2030	268	
2031	584	
2032	315	
2033	619	
2034	432	
2035	773	
2036	89	
2037	447	
2038	789	
2039	242	
2040	555	
2041	587	
2042	504	
2043	67	
2044	483	
2045	554	
2046	335	
2047	448	
2048	660	
2049	968	
2050	322	
2051	913	
2052	588	
2053	545	
2054	789	
2055	872	
2056	761	
2057	255	
2058	722	
2059	268	
2060	270	
2061	531	
2062	353	
2063	586	
2064	373	
2065	313	
2066	370	
2067	620	
2068	979	
2069	350	
2070	487	
2071	36	
2072	576	
2073	795	
2074	396	
2075	607	
2076	558	
2077	337	
2078	201	
2079	299	
2080	480	
2081	483	
2082	388	
2083	667	
2084	130	
2085	601	
2086	264	
2087	88	
2088	597	
2089	113	
2090	842	
2091	751	
2092	113	
2093	486	
2094	344	
2095	319	
2096	354	
2097	683	
2098	186	
2099	857	
2100	557	
2101	94	
2102	147	
2103	856	
2104	65	
2105	767	
2106	415	
2107	664	
2108	489	
2109	640	
2110	228	
2111	929	
2112	879	
2113	708	
2114	491	
2115	715	
2116	136	
2117	65	
2118	381	
2119	841	
2120	451	
2121	448	
2122	895	
2123	80	
2124	459	
2125	498	
2126	544	
2127	526	
2128	434	
2129	986	
2130	832	
2131	189	
2132	502	
2133	215	
2134	625	
2135	991	
2136	950	
2137	280	
2138	767	
2139	881	
2140	147	
2141	472	
2142	105	
2143	482	
2144	241	
2145	465	
2146	383	
2147	642	
2148	37	
2149	138	
2150	187	
2151	413	
2152	470	
2153	859	
2154	178	
2155	632	
2156	69	
2157	862	
2158	66	
2159	208	
2160	871	
2161	381	
2162	604	
2163	384	
2164	703	
2165	992	
2166	408	
2167	185	
2168	134	
2169	862	
2170	557	
2171	384	
2172	237	
2173	640	
2174	936	
2175	61	
2176	471	
2177	43	
2178	177	
2179	664	
2180	530	
2181	564	
2182	852	
2183	684	
2184	916	
2185	339	
2186	667	
2187	38	
2188	111	
2189	794	
2190	750	
2191	965	
2192	751	
2193	861	
2194	877	
2195	161	
2196	776	
2197	634	
2198	465	
2199	325	
2200	306	
2201	472	
2202	336	
2203	502	
2204	855	
2205	577	
2206	384	
2207	707	
2208	81	
2209	273	
2210	657	
2211	389	
2212	670	
2213	38	
2214	141	
2215	566	
2216	78	
2217	232	
2218	609	
2219	475	
2220	776	
2221	776	
2222	755	
2223	716	
2224	954	
2225	498	
2226	163	
2227	656	
2228	256	
2229	668	
2230	892	
2231	508	
2232	122	
2233	335	
2234	105	
2235	498	
2236	384	
2237	667	
2238	546	
2239	452	
2240	318	
2241	892	
2242	151	
2243	728	
2244	514	
2245	529	
2246	297	
2247	290	
2248	211	
2249	753	
2250	805	
2251	327	
2252	386	
2253	862	
2254	602	
2255	630	
2256	266	
2257	491	
2258	799	
2259	191	
2260	760	
2261	136	
2262	880	
2263	549	
2264	485	
2265	682	
2266	392	
2267	405	
2268	473	
2269	781	
2270	438	
2271	119	
2272	79	
2273	388	
2274	130	
2275	482	
2276	94	
2277	508	
2278	686	
2279	553	
2280	916	
2281	607	
2282	671	
2283	593	
2284	826	
2285	260	
2286	290	
2287	906	
2288	564	
2289	1	
2290	881	
2291	964	
2292	944	
2293	211	
2294	838	
2295	169	
2296	500	
2297	818	
2298	188	
2299	471	
2300	513	
2301	248	
2302	523	
2303	148	
2304	268	
2305	592	
2306	442	
2307	370	
2308	361	
2309	96	
2310	612	
2311	682	
2312	720	
2313	89	
2314	694	
2315	138	
2316	18	
2317	819	
2318	220	
2319	937	
2320	875	
2321	964	
2322	833	
2323	536	
2324	191	
2325	280	
2326	885	
2327	384	
2328	686	
2329	391	
2330	742	
2331	927	
2332	441	
2333	155	
2334	786	
2335	389	
2336	124	
2337	1	
2338	441	
2339	201	
2340	860	
2341	525	
2342	629	
2343	958	
2344	113	
2345	880	
2346	26	
2347	626	
2348	698	
2349	667	
2350	432	
2351	267	
2352	621	
2353	803	
2354	166	
2355	162	
2356	46	
2357	973	
2358	910	
2359	809	
2360	700	
2361	872	
2362	22	
2363	670	
2364	337	
2365	791	
2366	731	
2367	928	
2368	224	
2369	598	
2370	205	
2371	726	
2372	495	
2373	754	
2374	927	
2375	253	
2376	60	
2377	972	
2378	709	
2379	72	
2380	650	
2381	284	
2382	645	
2383	223	
2384	147	
2385	367	
2386	521	
2387	987	
2388	428	
2389	770	
2390	721	
2391	933	
2392	318	
2393	710	
2394	387	
2395	388	
2396	752	
2397	180	
2398	277	
2399	61	
2400	168	
2401	184	
2402	974	
2403	227	
2404	561	
2405	704	
2406	530	
2407	878	
2408	572	
2409	932	
2410	437	
2411	829	
2412	609	
2413	317	
2414	788	
2415	54	
2416	204	
2417	167	
2418	897	
2419	906	
2420	242	
2421	625	
2422	334	
2423	244	
2424	147	
2425	337	
2426	174	
2427	120	
2428	135	
2429	642	
2430	696	
2431	118	
2432	755	
2433	543	
2434	549	
2435	245	
2436	803	
2437	103	
2438	807	
2439	346	
2440	575	
2441	361	
2442	426	
2443	553	
2444	80	
2445	719	
2446	453	
2447	32	
2448	297	
2449	492	
2450	983	
2451	48	
2452	656	
2453	567	
2454	708	
2455	973	
2456	732	
2457	88	
2458	190	
2459	619	
2460	38	
2461	504	
2462	518	
2463	433	
2464	610	
2465	538	
2466	714	
2467	55	
2468	269	
2469	246	
2470	838	
2471	745	
2472	470	
2473	330	
2474	486	
2475	307	
2476	6	
2477	553	
2478	191	
2479	468	
2480	994	
2481	766	
2482	747	
2483	941	
2484	349	
2485	919	
2486	99	
2487	753	
2488	272	
2489	444	
2490	884	
2491	324	
2492	308	
2493	486	
2494	693	
2495	646	
2496	124	
2497	698	
2498	701	
2499	863	
2500	430	
2501	614	
2502	695	
2503	82	
2504	424	
2505	312	
2506	758	
2507	468	
2508	764	
2509	548	
2510	19	
2511	939	
2512	446	
2513	244	
2514	996	
2515	577	
2516	266	
2517	183	
2518	380	
2519	183	
2520	72	
2521	68	
2522	200	
2523	900	
2524	474	
2525	942	
2526	733	
2527	22	
2528	554	
2529	303	
2530	733	
2531	398	
2532	974	
2533	454	
2534	97	
2535	22	
2536	102	
2537	443	
2538	437	
2539	595	
2540	10	
2541	616	
2542	16	
2543	532	
2544	822	
2545	791	
2546	443	
2547	219	
2548	927	
2549	152	
2550	751	
2551	313	
2552	788	
2553	577	
2554	385	
2555	795	
2556	816	
2557	710	
2558	648	
2559	457	
2560	196	
2561	328	
2562	75	
2563	643	
2564	159	
2565	631	
2566	460	
2567	52	
2568	487	
2569	331	
2570	513	
2571	809	
2572	551	
2573	156	
2574	655	
2575	840	
2576	409	
2577	751	
2578	847	
2579	363	
2580	115	
2581	497	
2582	700	
2583	28	
2584	532	
2585	51	
2586	968	
2587	544	
2588	869	
2589	590	
2590	196	
2591	622	
2592	601	
2593	118	
2594	46	
2595	951	
2596	903	
2597	33	
2598	26	
2599	269	
2600	29	
2601	791	
2602	19	
2603	542	
2604	964	
2605	585	
2606	744	
2607	735	
2608	464	
2609	955	
2610	146	
2611	594	
2612	15	
2613	755	
2614	890	
2615	123	
2616	703	
2617	977	
2618	277	
2619	100	
2620	25	
2621	263	
2622	817	
2623	854	
2624	578	
2625	449	
2626	247	
2627	954	
2628	726	
2629	539	
2630	784	
2631	145	
2632	749	
2633	479	
2634	714	
2635	793	
2636	289	
2637	758	
2638	114	
2639	888	
2640	843	
2641	716	
2642	769	
2643	960	
2644	314	
2645	870	
2646	481	
2647	396	
2648	677	
2649	292	
2650	167	
2651	775	
2652	510	
2653	289	
2654	192	
2655	121	
2656	639	
2657	728	
2658	45	
2659	739	
2660	134	
2661	606	
2662	785	
2663	895	
2664	514	
2665	156	
2666	39	
2667	243	
2668	229	
2669	140	
2670	742	
2671	260	
2672	81	
2673	305	
2674	63	
2675	5	
2676	629	
2677	521	
2678	603	
2679	599	
2680	352	
2681	796	
2682	143	
2683	632	
2684	506	
2685	259	
2686	809	
2687	382	
2688	767	
2689	235	
2690	626	
2691	403	
2692	205	
2693	762	
2694	827	
2695	128	
2696	906	
2697	790	
2698	682	
2699	147	
2700	561	
2701	995	
2702	668	
2703	315	
2704	91	
2705	531	
2706	906	
2707	672	
2708	24	
2709	437	
2710	902	
2711	69	
2712	61	
2713	368	
2714	668	
2715	960	
2716	957	
2717	918	
2718	643	
2719	86	
2720	43	
2721	740	
2722	59	
2723	641	
2724	915	
2725	14	
2726	295	
2727	628	
2728	430	
2729	997	
2730	2	
2731	922	
2732	620	
2733	26	
2734	531	
2735	516	
2736	825	
2737	282	
2738	474	
2739	754	
2740	962	
2741	249	
2742	434	
2743	494	
2744	951	
2745	561	
2746	167	
2747	894	
2748	224	
2749	786	
2750	199	
2751	705	
2752	586	
2753	729	
2754	419	
2755	774	
2756	201	
2757	875	
2758	788	
2759	234	
2760	805	
2761	968	
2762	536	
2763	752	
2764	831	
2765	450	
2766	724	
2767	72	
2768	34	
2769	333	
2770	281	
2771	730	
2772	652	
2773	278	
2774	337	
2775	370	
2776	12	
2777	286	
2778	456	
2779	251	
2780	299	
2781	862	
2782	125	
2783	350	
2784	765	
2785	34	
2786	728	
2787	922	
2788	751	
2789	832	
2790	963	
2791	746	
2792	696	
2793	144	
2794	835	
2795	164	
2796	18	
2797	755	
2798	398	
2799	718	
2800	519	
2801	69	
2802	405	
2803	985	
2804	822	
2805	860	
2806	1000	
2807	592	
2808	389	
2809	880	
2810	214	
2811	87	
2812	342	
2813	667	
2814	908	
2815	542	
2816	796	
2817	297	
2818	603	
2819	852	
2820	300	
2821	662	
2822	44	
2823	390	
2824	887	
2825	852	
2826	36	
2827	759	
2828	52	
2829	652	
2830	146	
2831	767	
2832	472	
2833	58	
2834	118	
2835	879	
2836	295	
2837	771	
2838	514	
2839	737	
2840	777	
2841	431	
2842	298	
2843	705	
2844	832	
2845	769	
2846	485	
2847	944	
2848	590	
2849	820	
2850	323	
2851	925	
2852	897	
2853	21	
2854	894	
2855	76	
2856	129	
2857	917	
2858	451	
2859	201	
2860	398	
2861	662	
2862	480	
2863	827	
2864	972	
2865	707	
2866	885	
2867	731	
2868	184	
2869	154	
2870	13	
2871	180	
2872	17	
2873	850	
2874	740	
2875	338	
2876	410	
2877	111	
2878	760	
2879	253	
2880	476	
2881	395	
2882	649	
2883	117	
2884	318	
2885	524	
2886	2	
2887	157	
2888	439	
2889	419	
2890	440	
2891	233	
2892	991	
2893	832	
2894	983	
2895	81	
2896	379	
2897	256	
2898	514	
2899	366	
2900	640	
2901	993	
2902	298	
2903	906	
2904	669	
2905	82	
2906	771	
2907	330	
2908	315	
2909	254	
2910	276	
2911	573	
2912	222	
2913	391	
2914	69	
2915	843	
2916	858	
2917	332	
2918	672	
2919	808	
2920	880	
2921	181	
2922	826	
2923	792	
2924	88	
2925	315	
2926	24	
2927	426	
2928	655	
2929	555	
2930	980	
2931	32	
2932	280	
2933	809	
2934	304	
2935	690	
2936	612	
2937	111	
2938	464	
2939	640	
2940	756	
2941	229	
2942	913	
2943	367	
2944	227	
2945	160	
2946	790	
2947	160	
2948	334	
2949	237	
2950	183	
2951	254	
2952	981	
2953	948	
2954	817	
2955	86	
2956	841	
2957	743	
2958	27	
2959	222	
2960	406	
2961	690	
2962	756	
2963	64	
2964	704	
2965	546	
2966	600	
2967	550	
2968	911	
2969	824	
2970	874	
2971	557	
2972	764	
2973	309	
2974	905	
2975	308	
2976	428	
2977	837	
2978	109	
2979	59	
2980	234	
2981	126	
2982	568	
2983	734	
2984	990	
2985	400	
2986	318	
2987	402	
2988	210	
2989	331	
2990	359	
2991	660	
2992	256	
2993	238	
2994	106	
2995	574	
2996	447	
2997	852	
2998	386	
2999	932	
3000	646	
3001	958	
3002	98	
3003	672	
3004	445	
3005	38	
3006	130	
3007	163	
3008	664	
3009	983	
3010	337	
3011	85	
3012	949	
3013	656	
3014	834	
3015	145	
3016	170	
3017	968	
3018	137	
3019	252	
3020	362	
3021	896	
3022	485	
3023	989	
3024	959	
3025	254	
3026	293	
3027	404	
3028	30	
3029	494	
3030	405	
3031	804	
3032	488	
3033	488	
3034	352	
3035	474	
3036	301	
3037	415	
3038	772	
3039	413	
3040	944	
3041	854	
3042	883	
3043	974	
3044	807	
3045	722	
3046	270	
3047	239	
3048	178	
3049	452	
3050	234	
3051	598	
3052	465	
3053	318	
3054	620	
3055	408	
3056	528	
3057	163	
3058	702	
3059	224	
3060	973	
3061	57	
3062	530	
3063	615	
3064	357	
3065	48	
3066	203	
3067	795	
3068	12	
3069	865	
3070	89	
3071	962	
3072	860	
3073	513	
3074	59	
3075	981	
3076	722	
3077	125	
3078	900	
3079	680	
3080	590	
3081	126	
3082	232	
3083	630	
3084	617	
3085	788	
3086	61	
3087	766	
3088	702	
3089	220	
3090	461	
3091	19	
3092	835	
3093	532	
3094	440	
3095	205	
3096	231	
3097	435	
3098	68	
3099	522	
3100	587	
3101	540	
3102	535	
3103	633	
3104	859	
3105	41	
3106	40	
3107	643	
3108	452	
3109	809	
3110	203	
3111	475	
3112	693	
3113	228	
3114	252	
3115	764	
3116	47	
3117	395	
3118	16	
3119	279	
3120	79	
3121	875	
3122	849	
3123	660	
3124	241	
3125	304	
3126	384	
3127	645	
3128	676	
3129	860	
3130	971	
3131	928	
3132	962	
3133	111	
3134	414	
3135	651	
3136	894	
3137	709	
3138	795	
3139	800	
3140	21	
3141	941	
3142	748	
3143	856	
3144	896	
3145	838	
3146	357	
3147	954	
3148	230	
3149	251	
3150	812	
3151	754	
3152	108	
3153	757	
3154	43	
3155	564	
3156	502	
3157	397	
3158	442	
3159	568	
3160	372	
3161	737	
3162	271	
3163	557	
3164	680	
3165	954	
3166	423	
3167	720	
3168	516	
3169	70	
3170	164	
3171	11	
3172	863	
3173	498	
3174	790	
3175	241	
3176	46	
3177	198	
3178	44	
3179	149	
3180	372	
3181	547	
3182	850	
3183	136	
3184	516	
3185	813	
3186	642	
3187	850	
3188	523	
3189	746	
3190	645	
3191	646	
3192	529	
3193	346	
3194	489	
3195	728	
3196	966	
3197	359	
3198	938	
3199	271	
3200	999	
3201	956	
3202	74	
3203	405	
3204	112	
3205	352	
3206	83	
3207	228	
3208	664	
3209	754	
3210	273	
3211	440	
3212	530	
3213	507	
3214	282	
3215	849	
3216	600	
3217	577	
3218	647	
3219	711	
3220	784	
3221	216	
3222	178	
3223	278	
3224	633	
3225	104	
3226	616	
3227	898	
3228	876	
3229	940	
3230	918	
3231	369	
3232	308	
3233	391	
3234	390	
3235	85	
3236	816	
3237	790	
3238	536	
3239	329	
3240	326	
3241	362	
3242	891	
3243	41	
3244	335	
3245	677	
3246	491	
3247	628	
3248	944	
3249	369	
3250	106	
3251	747	
3252	828	
3253	750	
3254	673	
3255	601	
3256	284	
3257	747	
3258	61	
3259	634	
3260	953	
3261	26	
3262	428	
3263	894	
3264	350	
3265	766	
3266	543	
3267	341	
3268	760	
3269	21	
3270	968	
3271	961	
3272	183	
3273	103	
3274	267	
3275	609	
3276	284	
3277	287	
3278	6	
3279	578	
3280	939	
3281	103	
3282	674	
3283	918	
3284	480	
3285	917	
3286	473	
3287	758	
3288	475	
3289	483	
3290	136	
3291	505	
3292	150	
3293	192	
3294	716	
3295	453	
3296	819	
3297	929	
3298	726	
3299	578	
3300	904	
3301	924	
3302	585	
3303	292	
3304	172	
3305	713	
3306	56	
3307	703	
3308	345	
3309	73	
3310	690	
3311	178	
3312	514	
3313	649	
3314	976	
3315	55	
3316	396	
3317	125	
3318	867	
3319	678	
3320	246	
3321	295	
3322	528	
3323	287	
3324	10	
3325	823	
3326	205	
3327	911	
3328	563	
3329	537	
3330	883	
3331	767	
3332	975	
3333	380	
3334	500	
3335	297	
3336	653	
3337	519	
3338	11	
3339	572	
3340	309	
3341	172	
3342	592	
3343	629	
3344	532	
3345	471	
3346	691	
3347	174	
3348	455	
3349	46	
3350	822	
3351	169	
3352	492	
3353	567	
3354	262	
3355	915	
3356	710	
3357	526	
3358	752	
3359	955	
3360	672	
3361	262	
3362	77	
3363	138	
3364	86	
3365	141	
3366	800	
3367	490	
3368	441	
3369	994	
3370	460	
3371	904	
3372	929	
3373	760	
3374	608	
3375	867	
3376	458	
3377	170	
3378	853	
3379	924	
3380	194	
3381	63	
3382	988	
3383	223	
3384	446	
3385	621	
3386	641	
3387	870	
3388	474	
3389	814	
3390	813	
3391	914	
3392	896	
3393	320	
3394	773	
3395	99	
3396	853	
3397	390	
3398	126	
3399	556	
3400	977	
3401	978	
3402	698	
3403	618	
3404	853	
3405	69	
3406	393	
3407	492	
3408	820	
3409	938	
3410	347	
3411	777	
3412	316	
3413	760	
3414	362	
3415	230	
3416	660	
3417	807	
3418	91	
3419	416	
3420	85	
3421	47	
3422	819	
3423	148	
3424	675	
3425	910	
3426	211	
3427	875	
3428	483	
3429	88	
3430	325	
3431	857	
3432	884	
3433	702	
3434	942	
3435	555	
3436	824	
3437	610	
3438	76	
3439	958	
3440	49	
3441	983	
3442	40	
3443	485	
3444	358	
3445	250	
3446	419	
3447	225	
3448	549	
3449	869	
3450	625	
3451	992	
3452	776	
3453	881	
3454	282	
3455	280	
3456	682	
3457	513	
3458	622	
3459	834	
3460	721	
3461	3	
3462	558	
3463	889	
3464	907	
3465	375	
3466	896	
3467	738	
3468	499	
3469	256	
3470	121	
3471	628	
3472	122	
3473	48	
3474	98	
3475	615	
3476	968	
3477	893	
3478	245	
3479	158	
3480	370	
3481	864	
3482	758	
3483	687	
3484	323	
3485	795	
3486	588	
3487	879	
3488	965	
3489	152	
3490	79	
3491	304	
3492	166	
3493	582	
3494	665	
3495	956	
3496	702	
3497	549	
3498	583	
3499	889	
3500	469	
3501	46	
3502	975	
3503	836	
3504	631	
3505	717	
3506	345	
3507	720	
3508	745	
3509	337	
3510	544	
3511	670	
3512	883	
3513	696	
3514	256	
3515	212	
3516	645	
3517	13	
3518	567	
3519	400	
3520	484	
3521	924	
3522	829	
3523	484	
3524	636	
3525	810	
3526	558	
3527	105	
3528	244	
3529	471	
3530	980	
3531	565	
3532	607	
3533	93	
3534	463	
3535	767	
3536	839	
3537	872	
3538	767	
3539	399	
3540	50	
3541	469	
3542	605	
3543	897	
3544	391	
3545	917	
3546	760	
3547	384	
3548	135	
3549	505	
3550	227	
3551	100	
3552	558	
3553	381	
3554	785	
3555	974	
3556	712	
3557	606	
3558	652	
3559	385	
3560	742	
3561	870	
3562	431	
3563	745	
3564	857	
3565	156	
3566	200	
3567	292	
3568	227	
3569	351	
3570	922	
3571	53	
3572	371	
3573	930	
3574	68	
3575	710	
3576	695	
3577	734	
3578	477	
3579	35	
3580	136	
3581	132	
3582	98	
3583	211	
3584	635	
3585	234	
3586	515	
3587	864	
3588	581	
3589	507	
3590	491	
3591	899	
3592	276	
3593	649	
3594	751	
3595	251	
3596	162	
3597	781	
3598	867	
3599	429	
3600	835	
3601	586	
3602	330	
3603	954	
3604	195	
3605	295	
3606	181	
3607	701	
3608	602	
3609	579	
3610	920	
3611	316	
3612	393	
3613	73	
3614	778	
3615	213	
3616	381	
3617	564	
3618	314	
3619	544	
3620	345	
3621	481	
3622	709	
3623	184	
3624	885	
3625	681	
3626	116	
3627	451	
3628	27	
3629	398	
3630	688	
3631	999	
3632	926	
3633	554	
3634	120	
3635	285	
3636	963	
3637	357	
3638	335	
3639	248	
3640	649	
3641	998	
3642	72	
3643	732	
3644	298	
3645	494	
3646	163	
3647	889	
3648	394	
3649	50	
3650	727	
3651	566	
3652	500	
3653	247	
3654	712	
3655	496	
3656	978	
3657	382	
3658	400	
3659	106	
3660	915	
3661	823	
3662	694	
3663	861	
3664	748	
3665	119	
3666	476	
3667	687	
3668	410	
3669	132	
3670	739	
3671	21	
3672	844	
3673	93	
3674	359	
3675	27	
3676	275	
3677	204	
3678	118	
3679	831	
3680	234	
3681	301	
3682	90	
3683	875	
3684	376	
3685	862	
3686	580	
3687	306	
3688	298	
3689	383	
3690	473	
3691	704	
3692	804	
3693	353	
3694	326	
3695	148	
3696	431	
3697	160	
3698	869	
3699	120	
3700	697	
3701	75	
3702	944	
3703	172	
3704	210	
3705	240	
3706	282	
3707	632	
3708	850	
3709	746	
3710	227	
3711	264	
3712	22	
3713	261	
3714	874	
3715	951	
3716	314	
3717	158	
3718	522	
3719	119	
3720	158	
3721	229	
3722	831	
3723	77	
3724	235	
3725	676	
3726	56	
3727	623	
3728	621	
3729	855	
3730	628	
3731	935	
3732	928	
3733	451	
3734	935	
3735	431	
3736	60	
3737	601	
3738	868	
3739	84	
3740	106	
3741	225	
3742	937	
3743	428	
3744	174	
3745	825	
3746	408	
3747	162	
3748	757	
3749	854	
3750	946	
3751	495	
3752	878	
3753	575	
3754	612	
3755	208	
3756	755	
3757	791	
3758	331	
3759	388	
3760	854	
3761	865	
3762	345	
3763	156	
3764	750	
3765	427	
3766	127	
3767	995	
3768	601	
3769	413	
3770	179	
3771	350	
3772	33	
3773	985	
3774	193	
3775	523	
3776	993	
3777	554	
3778	339	
3779	379	
3780	895	
3781	583	
3782	795	
3783	985	
3784	897	
3785	6	
3786	741	
3787	730	
3788	194	
3789	859	
3790	320	
3791	468	
3792	612	
3793	152	
3794	619	
3795	785	
3796	404	
3797	380	
3798	42	
3799	515	
3800	794	
3801	391	
3802	879	
3803	311	
3804	808	
3805	793	
3806	51	
3807	620	
3808	768	
3809	520	
3810	293	
3811	507	
3812	521	
3813	416	
3814	742	
3815	334	
3816	392	
3817	410	
3818	485	
3819	202	
3820	224	
3821	128	
3822	918	
3823	647	
3824	916	
3825	988	
3826	587	
3827	660	
3828	794	
3829	702	
3830	718	
3831	621	
3832	839	
3833	77	
3834	634	
3835	671	
3836	863	
3837	810	
3838	134	
3839	80	
3840	539	
3841	658	
3842	451	
3843	33	
3844	618	
3845	10	
3846	51	
3847	533	
3848	451	
3849	379	
3850	122	
3851	137	
3852	471	
3853	717	
3854	486	
3855	572	
3856	625	
3857	997	
3858	601	
3859	70	
3860	711	
3861	281	
3862	619	
3863	506	
3864	40	
3865	416	
3866	786	
3867	965	
3868	93	
3869	948	
3870	131	
3871	638	
3872	129	
3873	273	
3874	632	
3875	566	
3876	979	
3877	717	
3878	889	
3879	311	
3880	329	
3881	352	
3882	613	
3883	47	
3884	589	
3885	723	
3886	272	
3887	67	
3888	737	
3889	234	
3890	172	
3891	254	
3892	436	
3893	540	
3894	818	
3895	393	
3896	636	
3897	47	
3898	287	
3899	834	
3900	810	
3901	198	
3902	610	
3903	407	
3904	35	
3905	268	
3906	506	
3907	265	
3908	916	
3909	608	
3910	369	
3911	604	
3912	43	
3913	433	
3914	397	
3915	403	
3916	146	
3917	121	
3918	916	
3919	118	
3920	565	
3921	108	
3922	829	
3923	837	
3924	80	
3925	687	
3926	779	
3927	51	
3928	379	
3929	643	
3930	258	
3931	21	
3932	960	
3933	577	
3934	562	
3935	323	
3936	873	
3937	181	
3938	385	
3939	20	
3940	164	
3941	300	
3942	795	
3943	515	
3944	744	
3945	880	
3946	347	
3947	454	
3948	991	
3949	48	
3950	160	
3951	299	
3952	276	
3953	690	
3954	883	
3955	98	
3956	68	
3957	635	
3958	69	
3959	272	
3960	542	
3961	619	
3962	923	
3963	64	
3964	61	
3965	684	
3966	932	
3967	377	
3968	202	
3969	937	
3970	382	
3971	477	
3972	12	
3973	505	
3974	766	
3975	725	
3976	953	
3977	626	
3978	983	
3979	655	
3980	196	
3981	232	
3982	831	
3983	586	
3984	479	
3985	997	
3986	871	
3987	990	
3988	952	
3989	424	
3990	913	
3991	615	
3992	77	
3993	113	
3994	866	
3995	760	
3996	489	
3997	416	
3998	927	
3999	298	
4000	151	
4001	363	
4002	313	
4003	212	
4004	27	
4005	734	
4006	547	
4007	514	
4008	350	
4009	306	
4010	600	
4011	719	
4012	896	
4013	392	
4014	663	
4015	20	
4016	590	
4017	293	
4018	33	
4019	177	
4020	715	
4021	910	
4022	79	
4023	65	
4024	392	
4025	810	
4026	734	
4027	152	
4028	301	
4029	997	
4030	188	
4031	141	
4032	951	
4033	1	
4034	274	
4035	290	
4036	770	
4037	676	
4038	105	
4039	49	
4040	478	
4041	598	
4042	663	
4043	870	
4044	580	
4045	905	
4046	809	
4047	929	
4048	704	
4049	729	
4050	984	
4051	875	
4052	470	
4053	716	
4054	606	
4055	597	
4056	686	
4057	401	
4058	855	
4059	998	
4060	337	
4061	866	
4062	867	
4063	260	
4064	203	
4065	963	
4066	536	
4067	87	
4068	585	
4069	370	
4070	361	
4071	234	
4072	418	
4073	423	
4074	107	
4075	11	
4076	880	
4077	971	
4078	492	
4079	473	
4080	622	
4081	234	
4082	725	
4083	123	
4084	176	
4085	451	
4086	279	
4087	660	
4088	200	
4089	580	
4090	991	
4091	43	
4092	869	
4093	944	
4094	267	
4095	660	
4096	179	
4097	818	
4098	243	
4099	194	
4100	544	
4101	465	
4102	883	
4103	175	
4104	962	
4105	172	
4106	205	
4107	511	
4108	851	
4109	101	
4110	986	
4111	451	
4112	7	
4113	976	
4114	431	
4115	449	
4116	571	
4117	186	
4118	361	
4119	622	
4120	781	
4121	676	
4122	660	
4123	614	
4124	584	
4125	342	
4126	805	
4127	504	
4128	558	
4129	614	
4130	21	
4131	12	
4132	62	
4133	513	
4134	422	
4135	198	
4136	165	
4137	966	
4138	749	
4139	546	
4140	830	
4141	224	
4142	200	
4143	503	
4144	940	
4145	18	
4146	640	
4147	559	
4148	116	
4149	386	
4150	357	
4151	18	
4152	254	
4153	480	
4154	70	
4155	64	
4156	947	
4157	990	
4158	120	
4159	990	
4160	613	
4161	943	
4162	308	
4163	773	
4164	315	
4165	993	
4166	435	
4167	792	
4168	348	
4169	173	
4170	387	
4171	355	
4172	889	
4173	939	
4174	81	
4175	503	
4176	789	
4177	721	
4178	157	
4179	930	
4180	590	
4181	323	
4182	219	
4183	473	
4184	163	
4185	49	
4186	974	
4187	192	
4188	821	
4189	333	
4190	213	
4191	566	
4192	64	
4193	788	
4194	88	
4195	716	
4196	384	
4197	306	
4198	386	
4199	804	
4200	710	
4201	376	
4202	926	
4203	171	
4204	331	
4205	392	
4206	314	
4207	633	
4208	345	
4209	516	
4210	537	
4211	925	
4212	319	
4213	828	
4214	874	
4215	587	
4216	963	
4217	63	
4218	68	
4219	512	
4220	951	
4221	142	
4222	436	
4223	810	
4224	902	
4225	822	
4226	346	
4227	234	
4228	845	
4229	508	
4230	258	
4231	555	
4232	973	
4233	480	
4234	606	
4235	186	
4236	101	
4237	108	
4238	718	
4239	253	
4240	521	
4241	428	
4242	50	
4243	966	
4244	296	
4245	534	
4246	723	
4247	271	
4248	295	
4249	393	
4250	728	
4251	549	
4252	408	
4253	567	
4254	692	
4255	47	
4256	200	
4257	612	
4258	434	
4259	222	
4260	682	
4261	14	
4262	516	
4263	212	
4264	110	
4265	797	
4266	172	
4267	7	
4268	270	
4269	50	
4270	955	
4271	100	
4272	309	
4273	81	
4274	688	
4275	414	
4276	480	
4277	744	
4278	582	
4279	54	
4280	998	
4281	344	
4282	825	
4283	882	
4284	194	
4285	529	
4286	662	
4287	64	
4288	869	
4289	207	
4290	184	
4291	49	
4292	814	
4293	89	
4294	791	
4295	24	
4296	116	
4297	30	
4298	616	
4299	563	
4300	567	
4301	272	
4302	450	
4303	30	
4304	948	
4305	42	
4306	317	
4307	924	
4308	144	
4309	555	
4310	650	
4311	56	
4312	858	
4313	691	
4314	399	
4315	317	
4316	915	
4317	307	
4318	178	
4319	603	
4320	406	
4321	519	
4322	507	
4323	83	
4324	778	
4325	612	
4326	836	
4327	223	
4328	908	
4329	539	
4330	482	
4331	269	
4332	632	
4333	742	
4334	746	
4335	43	
4336	119	
4337	600	
4338	494	
4339	553	
4340	647	
4341	255	
4342	392	
4343	764	
4344	496	
4345	803	
4346	892	
4347	751	
4348	859	
4349	694	
4350	623	
4351	489	
4352	955	
4353	619	
4354	444	
4355	131	
4356	373	
4357	224	
4358	275	
4359	489	
4360	33	
4361	686	
4362	433	
4363	166	
4364	480	
4365	533	
4366	373	
4367	146	
4368	878	
4369	395	
4370	806	
4371	829	
4372	15	
4373	508	
4374	920	
4375	778	
4376	539	
4377	152	
4378	342	
4379	527	
4380	555	
4381	817	
4382	726	
4383	65	
4384	691	
4385	708	
4386	474	
4387	554	
4388	632	
4389	549	
4390	971	
4391	917	
4392	633	
4393	437	
4394	326	
4395	557	
4396	584	
4397	517	
4398	544	
4399	19	
4400	376	
4401	906	
4402	155	
4403	439	
4404	125	
4405	393	
4406	753	
4407	412	
4408	793	
4409	201	
4410	501	
4411	414	
4412	611	
4413	413	
4414	191	
4415	140	
4416	7	
4417	289	
4418	38	
4419	120	
4420	235	
4421	346	
4422	773	
4423	659	
4424	269	
4425	833	
4426	360	
4427	972	
4428	400	
4429	382	
4430	446	
4431	888	
4432	325	
4433	966	
4434	622	
4435	128	
4436	468	
4437	654	
4438	323	
4439	72	
4440	530	
4441	559	
4442	450	
4443	491	
4444	450	
4445	770	
4446	369	
4447	490	
4448	423	
4449	555	
4450	487	
4451	940	
4452	245	
4453	208	
4454	648	
4455	125	
4456	885	
4457	9	
4458	272	
4459	385	
4460	383	
4461	447	
4462	756	
4463	63	
4464	839	
4465	126	
4466	286	
4467	264	
4468	562	
4469	268	
4470	264	
4471	870	
4472	384	
4473	578	
4474	589	
4475	360	
4476	33	
4477	992	
4478	957	
4479	386	
4480	186	
4481	738	
4482	23	
4483	911	
4484	167	
4485	351	
4486	550	
4487	793	
4488	336	
4489	894	
4490	310	
4491	892	
4492	341	
4493	561	
4494	517	
4495	344	
4496	68	
4497	291	
4498	852	
4499	798	
4500	480	
4501	163	
4502	790	
4503	592	
4504	320	
4505	737	
4506	781	
4507	90	
4508	360	
4509	302	
4510	546	
4511	629	
4512	121	
4513	669	
4514	115	
4515	416	
4516	744	
4517	318	
4518	780	
4519	127	
4520	590	
4521	759	
4522	657	
4523	462	
4524	516	
4525	35	
4526	15	
4527	740	
4528	220	
4529	557	
4530	296	
4531	11	
4532	445	
4533	667	
4534	701	
4535	123	
4536	253	
4537	717	
4538	116	
4539	964	
4540	126	
4541	484	
4542	849	
4543	138	
4544	699	
4545	661	
4546	326	
4547	296	
4548	545	
4549	358	
4550	333	
4551	328	
4552	673	
4553	685	
4554	474	
4555	895	
4556	922	
4557	70	
4558	939	
4559	339	
4560	377	
4561	371	
4562	129	
4563	54	
4564	938	
4565	755	
4566	703	
4567	546	
4568	541	
4569	605	
4570	279	
4571	300	
4572	236	
4573	420	
4574	722	
4575	571	
4576	657	
4577	594	
4578	198	
4579	319	
4580	586	
4581	950	
4582	79	
4583	772	
4584	95	
4585	992	
4586	256	
4587	934	
4588	144	
4589	569	
4590	736	
4591	205	
4592	680	
4593	254	
4594	704	
4595	520	
4596	654	
4597	564	
4598	929	
4599	851	
4600	481	
4601	498	
4602	736	
4603	962	
4604	449	
4605	643	
4606	508	
4607	29	
4608	3	
4609	859	
4610	660	
4611	436	
4612	443	
4613	7	
4614	986	
4615	826	
4616	328	
4617	527	
4618	292	
4619	404	
4620	557	
4621	278	
4622	240	
4623	721	
4624	276	
4625	374	
4626	709	
4627	753	
4628	547	
4629	221	
4630	630	
4631	983	
4632	520	
4633	884	
4634	687	
4635	72	
4636	14	
4637	60	
4638	1000	
4639	563	
4640	48	
4641	977	
4642	983	
4643	672	
4644	347	
4645	281	
4646	80	
4647	820	
4648	5	
4649	867	
4650	902	
4651	257	
4652	298	
4653	882	
4654	904	
4655	367	
4656	323	
4657	850	
4658	55	
4659	888	
4660	902	
4661	831	
4662	332	
4663	957	
4664	683	
4665	714	
4666	68	
4667	388	
4668	27	
4669	381	
4670	549	
4671	347	
4672	945	
4673	124	
4674	656	
4675	203	
4676	122	
4677	979	
4678	183	
4679	87	
4680	566	
4681	892	
4682	421	
4683	420	
4684	606	
4685	920	
4686	499	
4687	185	
4688	574	
4689	99	
4690	735	
4691	158	
4692	210	
4693	778	
4694	588	
4695	614	
4696	962	
4697	909	
4698	926	
4699	30	
4700	407	
4701	903	
4702	852	
4703	653	
4704	597	
4705	867	
4706	983	
4707	124	
4708	217	
4709	54	
4710	407	
4711	765	
4712	987	
4713	105	
4714	858	
4715	430	
4716	26	
4717	758	
4718	630	
4719	781	
4720	396	
4721	312	
4722	996	
4723	290	
4724	525	
4725	941	
4726	373	
4727	210	
4728	508	
4729	717	
4730	710	
4731	151	
4732	379	
4733	177	
4734	941	
4735	619	
4736	318	
4737	814	
4738	371	
4739	356	
4740	944	
4741	346	
4742	17	
4743	550	
4744	955	
4745	275	
4746	109	
4747	455	
4748	870	
4749	621	
4750	908	
4751	915	
4752	174	
4753	330	
4754	615	
4755	637	
4756	288	
4757	473	
4758	360	
4759	104	
4760	554	
4761	281	
4762	59	
4763	887	
4764	159	
4765	668	
4766	735	
4767	275	
4768	153	
4769	879	
4770	53	
4771	882	
4772	503	
4773	638	
4774	149	
4775	130	
4776	310	
4777	746	
4778	437	
4779	638	
4780	890	
4781	44	
4782	531	
4783	628	
4784	324	
4785	945	
4786	248	
4787	215	
4788	34	
4789	781	
4790	29	
4791	121	
4792	484	
4793	882	
4794	270	
4795	982	
4796	74	
4797	136	
4798	619	
4799	197	
4800	537	
4801	452	
4802	660	
4803	128	
4804	45	
4805	979	
4806	90	
4807	712	
4808	862	
4809	845	
4810	515	
4811	115	
4812	677	
4813	188	
4814	796	
4815	112	
4816	757	
4817	948	
4818	934	
4819	192	
4820	332	
4821	890	
4822	523	
4823	356	
4824	113	
4825	327	
4826	615	
4827	787	
4828	725	
4829	932	
4830	409	
4831	418	
4832	732	
4833	197	
4834	9	
4835	187	
4836	467	
4837	320	
4838	177	
4839	985	
4840	945	
4841	965	
4842	23	
4843	424	
4844	455	
4845	5	
4846	47	
4847	551	
4848	666	
4849	204	
4850	218	
4851	751	
4852	909	
4853	304	
4854	291	
4855	122	
4856	105	
4857	17	
4858	629	
4859	598	
4860	223	
4861	745	
4862	160	
4863	138	
4864	602	
4865	588	
4866	556	
4867	510	
4868	648	
4869	958	
4870	362	
4871	820	
4872	7	
4873	201	
4874	272	
4875	691	
4876	842	
4877	78	
4878	707	
4879	576	
4880	978	
4881	632	
4882	179	
4883	924	
4884	935	
4885	23	
4886	60	
4887	283	
4888	670	
4889	512	
4890	257	
4891	185	
4892	586	
4893	831	
4894	609	
4895	572	
4896	589	
4897	686	
4898	300	
4899	359	
4900	773	
4901	589	
4902	116	
4903	946	
4904	753	
4905	962	
4906	334	
4907	924	
4908	387	
4909	376	
4910	408	
4911	227	
4912	206	
4913	50	
4914	378	
4915	465	
4916	799	
4917	342	
4918	951	
4919	262	
4920	94	
4921	419	
4922	963	
4923	650	
4924	331	
4925	581	
4926	452	
4927	785	
4928	243	
4929	454	
4930	826	
4931	726	
4932	98	
4933	332	
4934	584	
4935	347	
4936	847	
4937	432	
4938	323	
4939	677	
4940	701	
4941	154	
4942	552	
4943	290	
4944	374	
4945	327	
4946	711	
4947	499	
4948	280	
4949	805	
4950	36	
4951	556	
4952	378	
4953	139	
4954	754	
4955	729	
4956	925	
4957	172	
4958	368	
4959	657	
4960	140	
4961	298	
4962	974	
4963	564	
4964	686	
4965	316	
4966	14	
4967	998	
4968	289	
4969	946	
4970	805	
4971	507	
4972	406	
4973	885	
4974	609	
4975	371	
4976	449	
4977	706	
4978	882	
4979	637	
4980	904	
4981	309	
4982	218	
4983	325	
4984	481	
4985	928	
4986	63	
4987	943	
4988	382	
4989	67	
4990	14	
4991	651	
4992	593	
4993	723	
4994	703	
4995	873	
4996	410	
4997	821	
4998	269	
4999	684	
5000	182	
149386
