5000
1	183	
2	963	
3	9	
4	106	
5	67	
6	361	
7	876	
8	763	
9	260	
10	377	
11	467	
12	890	
13	907	
14	75	
15	884	
16	132	
17	388	
18	231	
19	640	
20	5	
21	124	
22	695	
23	715	
24	342	
25	420	
26	591	
27	329	
28	375	
29	397	
30	686	
31	993	
32	715	
33	763	
34	292	
35	395	
36	576	
37	891	
38	556	
39	779	
40	174	
41	806	
42	9	
43	301	
44	637	
45	150	
46	314	
47	729	
48	977	
49	310	
50	479	
51	622	
52	831	
53	276	
54	355	
55	400	
56	351	
57	80	
58	594	
59	259	
60	265	
61	956	
62	298	
63	959	
64	370	
65	67	
66	523	
67	196	
68	342	
69	435	
70	169	
71	165	
72	645	
73	917	
74	606	
75	855	
76	1000	
77	594	
78	522	
79	392	
80	386	
81	501	
82	573	
83	626	
84	649	
85	269	
86	521	
87	871	
88	299	
89	73	
90	298	
91	132	
92	284	
93	516	
94	55	
95	911	
96	244	
97	152	
98	256	
99	51	
100	939	
101	380	
102	735	
103	873	
104	727	
105	952	
106	273	
107	414	
108	890	
109	662	
110	844	
111	170	
112	654	
113	352	
114	688	
115	300	
116	250	
117	862	
118	848	
119	200	
120	652	
121	335	
122	352	
123	107	
124	142	
125	604	
126	14	
127	19	
128	787	
129	890	
130	810	
131	417	
132	472	
133	190	
134	271	
135	936	
136	805	
137	848	
138	914	
139	765	
140	339	
141	178	
142	104	
143	198	
144	566	
145	920	
146	793	
147	965	
148	810	
149	168	
150	481	
151	548	
152	72	
153	657	
154	155	
155	433	
156	951	
157	205	
158	558	
159	921	
160	356	
161	360	
162	538	
163	973	
164	821	
165	56	
166	401	
167	602	
168	239	
169	781	
170	656	
171	362	
172	765	
173	472	
174	157	
175	414	
176	650	
177	525	
178	592	
179	301	
180	899	
181	154	
182	404	
183	411	
184	495	
185	336	
186	324	
187	421	
188	176	
189	439	
190	160	
191	137	
192	114	
193	899	
194	47	
195	592	
196	169	
197	331	
198	581	
199	270	
200	476	
201	574	
202	244	
203	54	
204	14	
205	630	
206	932	
207	535	
208	809	
209	206	
210	28	
211	3	
212	59	
213	542	
214	352	
215	189	
216	170	
217	211	
218	307	
219	984	
220	497	
221	153	
222	220	
223	460	
224	819	
225	667	
226	691	
227	866	
228	332	
229	54	
230	106	
231	692	
232	965	
233	484	
234	693	
235	248	
236	567	
237	372	
238	492	
239	204	
240	996	
241	388	
242	166	
243	480	
244	994	
245	313	
246	638	
247	425	
248	553	
249	27	
250	79	
251	842	
252	458	
253	132	
254	649	
255	186	
256	8	
257	407	
258	19	
259	842	
260	168	
261	450	
262	160	
263	382	
264	682	
265	134	
266	157	
267	641	
268	647	
269	948	
270	662	
271	731	
272	18	
273	863	
274	758	
275	740	
276	89	
277	550	
278	701	
279	88	
280	467	
281	352	
282	177	
283	530	
284	394	
285	103	
286	832	
287	498	
288	560	
289	64	
290	690	
291	841	
292	75	
293	39	
294	593	
295	42	
296	738	
297	477	
298	49	
299	265	
300	599	
301	715	
302	914	
303	469	
304	740	
305	390	
306	243	
307	262	
308	304	
309	411	
310	646	
311	633	
312	993	
313	169	
314	569	
315	81	
316	553	
317	532	
318	88	
319	61	
320	644	
321	493	
322	742	
323	959	
324	173	
325	900	
326	898	
327	801	
328	270	
329	201	
330	148	
331	95	
332	174	
333	572	
334	167	
335	681	
336	658	
337	690	
338	14	
339	7	
340	927	
341	144	
342	969	
343	925	
344	987	
345	919	
346	974	
347	855	
348	961	
349	800	
350	162	
351	227	
352	515	
353	719	
354	439	
355	707	
356	40	
357	610	
358	118	
359	762	
360	869	
361	161	
362	484	
363	868	
364	789	
365	821	
366	446	
367	440	
368	35	
369	330	
370	422	
371	871	
372	941	
373	543	
374	325	
375	307	
376	144	
377	562	
378	449	
379	395	
380	248	
381	774	
382	806	
383	563	
384	694	
385	470	
386	22	
387	694	
388	297	
389	89	
390	235	
391	710	
392	760	
393	726	
394	673	
395	215	
396	636	
397	551	
398	207	
399	729	
400	248	
401	191	
402	164	
403	405	
404	10	
405	829	
406	731	
407	405	
408	753	
409	145	
410	177	
411	198	
412	158	
413	156	
414	740	
415	182	
416	829	
417	90	
418	963	
419	791	
420	291	
421	304	
422	714	
423	948	
424	295	
425	623	
426	228	
427	9	
428	355	
429	793	
430	577	
431	54	
432	393	
433	473	
434	336	
435	562	
436	560	
437	885	
438	451	
439	777	
440	174	
441	45	
442	695	
443	575	
444	445	
445	634	
446	819	
447	388	
448	344	
449	178	
450	598	
451	640	
452	500	
453	296	
454	370	
455	421	
456	601	
457	110	
458	765	
459	266	
460	729	
461	780	
462	45	
463	68	
464	509	
465	687	
466	825	
467	181	
468	45	
469	365	
470	76	
471	135	
472	230	
473	357	
474	395	
475	303	
476	194	
477	306	
478	411	
479	884	
480	942	
481	862	
482	262	
483	582	
484	925	
485	704	
486	268	
487	25	
488	15	
489	48	
490	900	
491	74	
492	830	
493	520	
494	986	
495	718	
496	717	
497	842	
498	488	
499	559	
500	153	
501	102	
502	239	
503	120	
504	698	
505	258	
506	628	
507	422	
508	960	
509	994	
510	150	
511	951	
512	319	
513	559	
514	339	
515	812	
516	493	
517	25	
518	640	
519	16	
520	553	
521	200	
522	408	
523	911	
524	243	
525	580	
526	473	
527	98	
528	209	
529	314	
530	180	
531	168	
532	845	
533	583	
534	516	
535	156	
536	577	
537	980	
538	91	
539	243	
540	853	
541	610	
542	721	
543	420	
544	141	
545	829	
546	631	
547	312	
548	509	
549	907	
550	141	
551	625	
552	350	
553	828	
554	522	
555	108	
556	328	
557	137	
558	570	
559	305	
560	912	
561	94	
562	350	
563	287	
564	545	
565	49	
566	370	
567	642	
568	812	
569	994	
570	288	
571	735	
572	610	
573	187	
574	151	
575	28	
576	390	
577	256	
578	576	
579	586	
580	237	
581	173	
582	244	
583	516	
584	831	
585	756	
586	153	
587	39	
588	621	
589	638	
590	428	
591	178	
592	954	
593	543	
594	654	
595	661	
596	836	
597	36	
598	417	
599	579	
600	683	
601	757	
602	202	
603	353	
604	102	
605	173	
606	526	
607	623	
608	354	
609	183	
610	742	
611	779	
612	876	
613	464	
614	781	
615	115	
616	619	
617	562	
618	606	
619	705	
620	273	
621	28	
622	352	
623	678	
624	913	
625	460	
626	556	
627	249	
628	240	
629	591	
630	659	
631	103	
632	701	
633	69	
634	938	
635	195	
636	874	
637	176	
638	231	
639	932	
640	562	
641	715	
642	522	
643	875	
644	971	
645	972	
646	103	
647	884	
648	67	
649	803	
650	89	
651	106	
652	333	
653	827	
654	366	
655	100	
656	691	
657	774	
658	583	
659	357	
660	138	
661	107	
662	214	
663	469	
664	771	
665	345	
666	159	
667	114	
668	534	
669	491	
670	17	
671	4	
672	294	
673	331	
674	204	
675	346	
676	617	
677	256	
678	451	
679	887	
680	103	
681	578	
682	601	
683	289	
684	952	
685	290	
686	509	
687	630	
688	296	
689	269	
690	751	
691	262	
692	565	
693	951	
694	26	
695	414	
696	372	
697	210	
698	554	
699	593	
700	521	
701	782	
702	709	
703	798	
704	581	
705	8	
706	492	
707	119	
708	880	
709	509	
710	288	
711	837	
712	286	
713	741	
714	567	
715	959	
716	139	
717	258	
718	230	
719	377	
720	546	
721	208	
722	534	
723	879	
724	766	
725	125	
726	776	
727	73	
728	137	
729	831	
730	859	
731	734	
732	212	
733	266	
734	43	
735	395	
736	305	
737	306	
738	993	
739	106	
740	637	
741	138	
742	495	
743	238	
744	777	
745	877	
746	138	
747	643	
748	606	
749	787	
750	744	
751	112	
752	14	
753	592	
754	625	
755	446	
756	112	
757	122	
758	816	
759	407	
760	210	
761	986	
762	737	
763	714	
764	566	
765	623	
766	602	
767	819	
768	15	
769	776	
770	620	
771	405	
772	123	
773	24	
774	584	
775	849	
776	216	
777	49	
778	115	
779	478	
780	880	
781	636	
782	716	
783	417	
784	975	
785	197	
786	275	
787	67	
788	481	
789	361	
790	794	
791	704	
792	351	
793	384	
794	333	
795	788	
796	112	
797	413	
798	75	
799	69	
800	857	
801	115	
802	956	
803	534	
804	240	
805	407	
806	10	
807	656	
808	866	
809	298	
810	426	
811	200	
812	682	
813	910	
814	146	
815	413	
816	651	
817	710	
818	930	
819	992	
820	994	
821	272	
822	821	
823	124	
824	415	
825	748	
826	679	
827	973	
828	362	
829	51	
830	829	
831	771	
832	159	
833	746	
834	778	
835	517	
836	332	
837	430	
838	918	
839	264	
840	24	
841	104	
842	166	
843	752	
844	268	
845	776	
846	57	
847	867	
848	555	
849	300	
850	95	
851	507	
852	578	
853	847	
854	978	
855	377	
856	42	
857	363	
858	366	
859	988	
860	675	
861	458	
862	234	
863	730	
864	993	
865	854	
866	949	
867	652	
868	977	
869	502	
870	220	
871	643	
872	929	
873	522	
874	496	
875	863	
876	925	
877	931	
878	322	
879	204	
880	454	
881	166	
882	449	
883	860	
884	579	
885	856	
886	896	
887	98	
888	201	
889	40	
890	187	
891	299	
892	796	
893	913	
894	999	
895	4	
896	478	
897	87	
898	359	
899	56	
900	516	
901	311	
902	923	
903	641	
904	462	
905	473	
906	968	
907	364	
908	438	
909	551	
910	229	
911	440	
912	181	
913	45	
914	177	
915	516	
916	386	
917	672	
918	144	
919	693	
920	108	
921	433	
922	573	
923	231	
924	597	
925	65	
926	199	
927	393	
928	871	
929	764	
930	749	
931	620	
932	792	
933	416	
934	36	
935	362	
936	415	
937	237	
938	949	
939	1000	
940	166	
941	820	
942	665	
943	958	
944	888	
945	177	
946	615	
947	955	
948	985	
949	618	
950	986	
951	539	
952	243	
953	471	
954	709	
955	955	
956	733	
957	370	
958	968	
959	273	
960	99	
961	110	
962	130	
963	78	
964	147	
965	682	
966	662	
967	989	
968	419	
969	733	
970	664	
971	275	
972	686	
973	56	
974	623	
975	791	
976	214	
977	337	
978	810	
979	568	
980	408	
981	556	
982	181	
983	12	
984	149	
985	562	
986	259	
987	717	
988	973	
989	627	
990	994	
991	619	
992	563	
993	637	
994	724	
995	375	
996	574	
997	100	
998	138	
999	507	
1000	99	
1001	786	
1002	497	
1003	324	
1004	582	
1005	886	
1006	262	
1007	994	
1008	480	
1009	686	
1010	587	
1011	412	
1012	991	
1013	759	
1014	386	
1015	911	
1016	219	
1017	249	
1018	246	
1019	590	
1020	564	
1021	189	
1022	511	
1023	16	
1024	959	
1025	792	
1026	964	
1027	974	
1028	656	
1029	399	
1030	896	
1031	939	
1032	63	
1033	523	
1034	207	
1035	52	
1036	373	
1037	316	
1038	127	
1039	864	
1040	621	
1041	511	
1042	226	
1043	39	
1044	821	
1045	738	
1046	16	
1047	148	
1048	316	
1049	484	
1050	551	
1051	293	
1052	147	
1053	728	
1054	844	
1055	95	
1056	198	
1057	576	
1058	505	
1059	748	
1060	538	
1061	931	
1062	887	
1063	894	
1064	286	
1065	929	
1066	762	
1067	771	
1068	428	
1069	603	
1070	738	
1071	249	
1072	262	
1073	774	
1074	814	
1075	776	
1076	411	
1077	230	
1078	472	
1079	517	
1080	553	
1081	461	
1082	373	
1083	59	
1084	298	
1085	915	
1086	996	
1087	537	
1088	1	
1089	716	
1090	804	
1091	57	
1092	284	
1093	215	
1094	808	
1095	36	
1096	929	
1097	956	
1098	380	
1099	808	
1100	714	
1101	691	
1102	334	
1103	68	
1104	475	
1105	800	
1106	48	
1107	976	
1108	320	
1109	851	
1110	290	
1111	496	
1112	514	
1113	410	
1114	258	
1115	279	
1116	208	
1117	959	
1118	605	
1119	222	
1120	456	
1121	54	
1122	605	
1123	164	
1124	781	
1125	356	
1126	50	
1127	692	
1128	247	
1129	307	
1130	771	
1131	84	
1132	240	
1133	307	
1134	348	
1135	618	
1136	971	
1137	120	
1138	407	
1139	583	
1140	5	
1141	256	
1142	669	
1143	437	
1144	670	
1145	315	
1146	267	
1147	306	
1148	110	
1149	867	
1150	56	
1151	53	
1152	322	
1153	891	
1154	339	
1155	790	
1156	222	
1157	242	
1158	214	
1159	263	
1160	178	
1161	23	
1162	119	
1163	783	
1164	926	
1165	283	
1166	268	
1167	859	
1168	447	
1169	980	
1170	780	
1171	92	
1172	562	
1173	270	
1174	322	
1175	662	
1176	134	
1177	777	
1178	947	
1179	108	
1180	780	
1181	160	
1182	676	
1183	991	
1184	120	
1185	966	
1186	439	
1187	110	
1188	774	
1189	656	
1190	420	
1191	301	
1192	127	
1193	87	
1194	802	
1195	104	
1196	276	
1197	309	
1198	173	
1199	486	
1200	191	
1201	653	
1202	463	
1203	1000	
1204	566	
1205	276	
1206	417	
1207	56	
1208	433	
1209	308	
1210	968	
1211	5	
1212	785	
1213	254	
1214	554	
1215	403	
1216	961	
1217	157	
1218	968	
1219	373	
1220	406	
1221	599	
1222	348	
1223	389	
1224	681	
1225	948	
1226	482	
1227	519	
1228	721	
1229	647	
1230	648	
1231	916	
1232	954	
1233	834	
1234	15	
1235	290	
1236	418	
1237	172	
1238	193	
1239	350	
1240	257	
1241	668	
1242	915	
1243	500	
1244	166	
1245	996	
1246	674	
1247	218	
1248	110	
1249	744	
1250	351	
1251	131	
1252	862	
1253	110	
1254	781	
1255	344	
1256	973	
1257	134	
1258	767	
1259	590	
1260	765	
1261	897	
1262	324	
1263	12	
1264	441	
1265	364	
1266	381	
1267	3	
1268	470	
1269	171	
1270	491	
1271	942	
1272	939	
1273	280	
1274	755	
1275	433	
1276	211	
1277	579	
1278	555	
1279	100	
1280	47	
1281	888	
1282	180	
1283	975	
1284	70	
1285	878	
1286	767	
1287	381	
1288	518	
1289	357	
1290	370	
1291	803	
1292	154	
1293	597	
1294	970	
1295	543	
1296	300	
1297	562	
1298	864	
1299	251	
1300	953	
1301	644	
1302	894	
1303	297	
1304	794	
1305	504	
1306	801	
1307	398	
1308	255	
1309	250	
1310	158	
1311	833	
1312	91	
1313	61	
1314	822	
1315	2	
1316	349	
1317	239	
1318	636	
1319	789	
1320	346	
1321	8	
1322	587	
1323	862	
1324	950	
1325	152	
1326	618	
1327	253	
1328	786	
1329	13	
1330	833	
1331	609	
1332	468	
1333	853	
1334	27	
1335	542	
1336	68	
1337	470	
1338	412	
1339	361	
1340	930	
1341	699	
1342	50	
1343	560	
1344	699	
1345	407	
1346	758	
1347	964	
1348	531	
1349	552	
1350	386	
1351	808	
1352	474	
1353	975	
1354	745	
1355	945	
1356	769	
1357	565	
1358	419	
1359	733	
1360	579	
1361	485	
1362	520	
1363	662	
1364	790	
1365	446	
1366	170	
1367	798	
1368	41	
1369	168	
1370	317	
1371	906	
1372	902	
1373	291	
1374	841	
1375	753	
1376	911	
1377	589	
1378	252	
1379	316	
1380	49	
1381	730	
1382	473	
1383	941	
1384	110	
1385	723	
1386	749	
1387	977	
1388	332	
1389	298	
1390	598	
1391	560	
1392	921	
1393	538	
1394	141	
1395	513	
1396	184	
1397	785	
1398	138	
1399	601	
1400	923	
1401	574	
1402	604	
1403	682	
1404	881	
1405	933	
1406	520	
1407	925	
1408	766	
1409	88	
1410	919	
1411	491	
1412	639	
1413	381	
1414	730	
1415	957	
1416	589	
1417	636	
1418	55	
1419	961	
1420	687	
1421	360	
1422	187	
1423	158	
1424	362	
1425	507	
1426	279	
1427	156	
1428	442	
1429	659	
1430	724	
1431	998	
1432	64	
1433	753	
1434	513	
1435	817	
1436	835	
1437	127	
1438	666	
1439	772	
1440	41	
1441	759	
1442	224	
1443	416	
1444	141	
1445	328	
1446	733	
1447	320	
1448	519	
1449	866	
1450	38	
1451	71	
1452	473	
1453	110	
1454	153	
1455	702	
1456	318	
1457	752	
1458	830	
1459	916	
1460	611	
1461	687	
1462	640	
1463	502	
1464	680	
1465	209	
1466	547	
1467	895	
1468	589	
1469	713	
1470	309	
1471	710	
1472	375	
1473	715	
1474	166	
1475	724	
1476	378	
1477	116	
1478	729	
1479	125	
1480	190	
1481	148	
1482	147	
1483	508	
1484	915	
1485	869	
1486	201	
1487	753	
1488	647	
1489	115	
1490	212	
1491	540	
1492	212	
1493	851	
1494	893	
1495	416	
1496	596	
1497	222	
1498	442	
1499	843	
1500	447	
1501	757	
1502	721	
1503	842	
1504	185	
1505	412	
1506	770	
1507	631	
1508	543	
1509	56	
1510	239	
1511	596	
1512	480	
1513	235	
1514	797	
1515	127	
1516	77	
1517	733	
1518	538	
1519	446	
1520	74	
1521	874	
1522	422	
1523	810	
1524	197	
1525	536	
1526	908	
1527	501	
1528	436	
1529	263	
1530	216	
1531	85	
1532	25	
1533	753	
1534	1000	
1535	673	
1536	23	
1537	297	
1538	76	
1539	432	
1540	547	
1541	261	
1542	863	
1543	199	
1544	149	
1545	886	
1546	294	
1547	761	
1548	974	
1549	173	
1550	389	
1551	246	
1552	602	
1553	845	
1554	135	
1555	622	
1556	637	
1557	429	
1558	669	
1559	885	
1560	839	
1561	565	
1562	843	
1563	255	
1564	290	
1565	693	
1566	671	
1567	250	
1568	312	
1569	19	
1570	859	
1571	152	
1572	527	
1573	867	
1574	704	
1575	420	
1576	630	
1577	718	
1578	307	
1579	674	
1580	599	
1581	974	
1582	994	
1583	257	
1584	757	
1585	461	
1586	285	
1587	914	
1588	157	
1589	83	
1590	367	
1591	903	
1592	942	
1593	655	
1594	483	
1595	815	
1596	331	
1597	746	
1598	273	
1599	406	
1600	829	
1601	361	
1602	504	
1603	215	
1604	723	
1605	833	
1606	299	
1607	892	
1608	27	
1609	19	
1610	215	
1611	57	
1612	912	
1613	951	
1614	648	
1615	798	
1616	116	
1617	338	
1618	281	
1619	964	
1620	740	
1621	402	
1622	18	
1623	780	
1624	953	
1625	158	
1626	745	
1627	709	
1628	867	
1629	256	
1630	316	
1631	965	
1632	261	
1633	924	
1634	195	
1635	620	
1636	158	
1637	400	
1638	864	
1639	406	
1640	844	
1641	884	
1642	104	
1643	607	
1644	336	
1645	121	
1646	120	
1647	654	
1648	494	
1649	236	
1650	66	
1651	500	
1652	451	
1653	561	
1654	344	
1655	700	
1656	863	
1657	97	
1658	677	
1659	698	
1660	435	
1661	134	
1662	41	
1663	566	
1664	922	
1665	476	
1666	963	
1667	736	
1668	641	
1669	416	
1670	454	
1671	267	
1672	808	
1673	802	
1674	990	
1675	11	
1676	632	
1677	188	
1678	922	
1679	473	
1680	884	
1681	394	
1682	265	
1683	235	
1684	362	
1685	433	
1686	151	
1687	606	
1688	201	
1689	226	
1690	559	
1691	886	
1692	482	
1693	389	
1694	263	
1695	402	
1696	777	
1697	216	
1698	1	
1699	706	
1700	379	
1701	448	
1702	38	
1703	18	
1704	71	
1705	852	
1706	594	
1707	831	
1708	567	
1709	647	
1710	493	
1711	670	
1712	526	
1713	780	
1714	662	
1715	33	
1716	744	
1717	681	
1718	447	
1719	803	
1720	863	
1721	150	
1722	310	
1723	937	
1724	434	
1725	101	
1726	303	
1727	456	
1728	989	
1729	249	
1730	940	
1731	659	
1732	397	
1733	865	
1734	719	
1735	380	
1736	211	
1737	988	
1738	436	
1739	568	
1740	854	
1741	635	
1742	762	
1743	878	
1744	963	
1745	84	
1746	464	
1747	269	
1748	470	
1749	955	
1750	946	
1751	875	
1752	448	
1753	488	
1754	570	
1755	18	
1756	792	
1757	365	
1758	953	
1759	122	
1760	764	
1761	727	
1762	285	
1763	995	
1764	623	
1765	602	
1766	802	
1767	449	
1768	194	
1769	295	
1770	84	
1771	81	
1772	757	
1773	968	
1774	688	
1775	616	
1776	996	
1777	952	
1778	776	
1779	345	
1780	140	
1781	156	
1782	589	
1783	869	
1784	156	
1785	574	
1786	285	
1787	249	
1788	791	
1789	94	
1790	580	
1791	261	
1792	70	
1793	441	
1794	220	
1795	826	
1796	592	
1797	124	
1798	79	
1799	809	
1800	20	
1801	344	
1802	73	
1803	120	
1804	499	
1805	813	
1806	704	
1807	453	
1808	560	
1809	456	
1810	926	
1811	642	
1812	897	
1813	519	
1814	459	
1815	337	
1816	5	
1817	329	
1818	789	
1819	472	
1820	133	
1821	840	
1822	625	
1823	652	
1824	373	
1825	144	
1826	216	
1827	622	
1828	601	
1829	367	
1830	365	
1831	555	
1832	106	
1833	493	
1834	388	
1835	917	
1836	345	
1837	499	
1838	194	
1839	669	
1840	448	
1841	693	
1842	57	
1843	978	
1844	734	
1845	346	
1846	250	
1847	345	
1848	249	
1849	496	
1850	330	
1851	813	
1852	891	
1853	122	
1854	823	
1855	277	
1856	111	
1857	668	
1858	906	
1859	242	
1860	882	
1861	226	
1862	77	
1863	583	
1864	692	
1865	246	
1866	796	
1867	497	
1868	886	
1869	121	
1870	589	
1871	887	
1872	180	
1873	591	
1874	745	
1875	441	
1876	834	
1877	909	
1878	59	
1879	627	
1880	425	
1881	444	
1882	93	
1883	688	
1884	536	
1885	317	
1886	288	
1887	480	
1888	908	
1889	364	
1890	34	
1891	748	
1892	42	
1893	270	
1894	479	
1895	439	
1896	218	
1897	445	
1898	562	
1899	900	
1900	596	
1901	768	
1902	490	
1903	860	
1904	675	
1905	277	
1906	656	
1907	311	
1908	702	
1909	722	
1910	149	
1911	239	
1912	188	
1913	117	
1914	670	
1915	138	
1916	717	
1917	568	
1918	145	
1919	495	
1920	693	
1921	808	
1922	687	
1923	261	
1924	362	
1925	403	
1926	194	
1927	73	
1928	443	
1929	848	
1930	550	
1931	502	
1932	584	
1933	952	
1934	881	
1935	572	
1936	470	
1937	64	
1938	36	
1939	667	
1940	682	
1941	550	
1942	41	
1943	431	
1944	643	
1945	362	
1946	21	
1947	355	
1948	58	
1949	148	
1950	797	
1951	823	
1952	914	
1953	658	
1954	426	
1955	901	
1956	298	
1957	864	
1958	519	
1959	629	
1960	351	
1961	983	
1962	815	
1963	174	
1964	37	
1965	64	
1966	17	
1967	902	
1968	157	
1969	584	
1970	550	
1971	542	
1972	205	
1973	572	
1974	567	
1975	464	
1976	301	
1977	412	
1978	529	
1979	602	
1980	462	
1981	897	
1982	82	
1983	835	
1984	891	
1985	824	
1986	154	
1987	163	
1988	769	
1989	846	
1990	813	
1991	916	
1992	96	
1993	427	
1994	238	
1995	133	
1996	145	
1997	985	
1998	283	
1999	611	
2000	719	
2001	652	
2002	597	
2003	351	
2004	544	
2005	210	
2006	190	
2007	77	
2008	179	
2009	386	
2010	674	
2011	753	
2012	34	
2013	350	
2014	712	
2015	25	
2016	967	
2017	618	
2018	201	
2019	447	
2020	80	
2021	836	
2022	341	
2023	70	
2024	132	
2025	420	
2026	530	
2027	458	
2028	660	
2029	955	
2030	142	
2031	770	
2032	909	
2033	637	
2034	618	
2035	223	
2036	827	
2037	409	
2038	719	
2039	12	
2040	397	
2041	893	
2042	970	
2043	437	
2044	317	
2045	412	
2046	913	
2047	82	
2048	814	
2049	50	
2050	180	
2051	443	
2052	678	
2053	707	
2054	839	
2055	554	
2056	931	
2057	561	
2058	804	
2059	526	
2060	712	
2061	61	
2062	467	
2063	572	
2064	999	
2065	739	
2066	236	
2067	550	
2068	21	
2069	760	
2070	561	
2071	766	
2072	282	
2073	413	
2074	102	
2075	169	
2076	224	
2077	955	
2078	379	
2079	677	
2080	930	
2081	29	
2082	550	
2083	589	
2084	660	
2085	475	
2086	122	
2087	946	
2088	239	
2089	11	
2090	644	
2091	113	
2092	123	
2093	288	
2094	778	
2095	641	
2096	332	
2097	181	
2098	500	
2099	195	
2100	719	
2101	432	
2102	669	
2103	538	
2104	907	
2105	721	
2106	105	
2107	906	
2108	267	
2109	962	
2110	390	
2111	59	
2112	705	
2113	662	
2114	237	
2115	285	
2116	946	
2117	915	
2118	775	
2119	515	
2120	773	
2121	362	
2122	201	
2123	186	
2124	757	
2125	828	
2126	338	
2127	312	
2128	604	
2129	724	
2130	738	
2131	871	
2132	704	
2133	937	
2134	99	
2135	857	
2136	368	
2137	42	
2138	913	
2139	651	
2140	253	
2141	66	
2142	243	
2143	260	
2144	395	
2145	515	
2146	777	
2147	532	
2148	367	
2149	260	
2150	805	
2151	23	
2152	144	
2153	661	
2154	500	
2155	890	
2156	423	
2157	952	
2158	164	
2159	122	
2160	297	
2161	327	
2162	30	
2163	114	
2164	801	
2165	178	
2166	2	
2167	651	
2168	88	
2169	56	
2170	767	
2171	242	
2172	639	
2173	50	
2174	946	
2175	271	
2176	425	
2177	85	
2178	11	
2179	258	
2180	556	
2181	526	
2182	638	
2183	942	
2184	190	
2185	53	
2186	5	
2187	864	
2188	281	
2189	852	
2190	56	
2191	559	
2192	665	
2193	783	
2194	887	
2195	3	
2196	674	
2197	44	
2198	251	
2199	47	
2200	276	
2201	874	
2202	594	
2203	776	
2204	457	
2205	675	
2206	770	
2207	21	
2208	475	
2209	299	
2210	859	
2211	135	
2212	672	
2213	88	
2214	295	
2215	72	
2216	664	
2217	386	
2218	987	
2219	53	
2220	570	
2221	282	
2222	725	
2223	134	
2224	404	
2225	612	
2226	197	
2227	442	
2228	202	
2229	334	
2230	550	
2231	382	
2232	756	
2233	169	
2234	531	
2235	876	
2236	842	
2237	245	
2238	124	
2239	78	
2240	312	
2241	398	
2242	81	
2243	786	
2244	412	
2245	835	
2246	627	
2247	884	
2248	693	
2249	619	
2250	87	
2251	201	
2252	604	
2253	328	
2254	652	
2255	848	
2256	820	
2257	221	
2258	81	
2259	761	
2260	346	
2261	66	
2262	346	
2263	7	
2264	951	
2265	324	
2266	538	
2267	287	
2268	83	
2269	15	
2270	576	
2271	857	
2272	353	
2273	318	
2274	876	
2275	724	
2276	800	
2277	918	
2278	608	
2279	611	
2280	750	
2281	665	
2282	97	
2283	371	
2284	260	
2285	470	
2286	444	
2287	844	
2288	366	
2289	515	
2290	419	
2291	222	
2292	810	
2293	741	
2294	304	
2295	883	
2296	838	
2297	796	
2298	38	
2299	673	
2300	267	
2301	882	
2302	549	
2303	686	
2304	670	
2305	42	
2306	228	
2307	436	
2308	187	
2309	434	
2310	446	
2311	172	
2312	474	
2313	563	
2314	640	
2315	844	
2316	508	
2317	181	
2318	758	
2319	51	
2320	181	
2321	286	
2322	67	
2323	154	
2324	265	
2325	370	
2326	855	
2327	562	
2328	104	
2329	681	
2330	360	
2331	977	
2332	675	
2333	965	
2334	580	
2335	951	
2336	726	
2337	219	
2338	923	
2339	739	
2340	110	
2341	887	
2342	655	
2343	32	
2344	283	
2345	202	
2346	948	
2347	940	
2348	780	
2349	269	
2350	890	
2351	253	
2352	911	
2353	701	
2354	264	
2355	820	
2356	8	
2357	559	
2358	88	
2359	899	
2360	222	
2361	954	
2362	256	
2363	160	
2364	83	
2365	473	
2366	837	
2367	978	
2368	210	
2369	280	
2370	119	
2371	800	
2372	817	
2373	916	
2374	681	
2375	303	
2376	958	
2377	318	
2378	495	
2379	146	
2380	500	
2381	838	
2382	519	
2383	961	
2384	717	
2385	817	
2386	787	
2387	781	
2388	246	
2389	116	
2390	771	
2391	271	
2392	544	
2393	512	
2394	517	
2395	622	
2396	386	
2397	462	
2398	791	
2399	951	
2400	298	
2401	530	
2402	136	
2403	965	
2404	299	
2405	714	
2406	156	
2407	832	
2408	326	
2409	334	
2410	759	
2411	823	
2412	803	
2413	159	
2414	478	
2415	16	
2416	222	
2417	241	
2418	67	
2419	644	
2420	580	
2421	267	
2422	880	
2423	54	
2424	141	
2425	939	
2426	560	
2427	466	
2428	377	
2429	172	
2430	674	
2431	88	
2432	605	
2433	201	
2434	263	
2435	487	
2436	645	
2437	689	
2438	705	
2439	724	
2440	889	
2441	947	
2442	684	
2443	43	
2444	482	
2445	865	
2446	967	
2447	226	
2448	451	
2449	766	
2450	521	
2451	602	
2452	578	
2453	369	
2454	278	
2455	367	
2456	430	
2457	74	
2458	976	
2459	509	
2460	952	
2461	610	
2462	568	
2463	611	
2464	980	
2465	308	
2466	12	
2467	353	
2468	543	
2469	760	
2470	664	
2471	955	
2472	864	
2473	84	
2474	216	
2475	229	
2476	880	
2477	291	
2478	145	
2479	142	
2480	492	
2481	264	
2482	605	
2483	895	
2484	207	
2485	721	
2486	181	
2487	83	
2488	130	
2489	494	
2490	646	
2491	902	
2492	654	
2493	768	
2494	87	
2495	48	
2496	278	
2497	180	
2498	47	
2499	185	
2500	216	
2501	680	
2502	713	
2503	68	
2504	938	
2505	314	
2506	576	
2507	526	
2508	366	
2509	142	
2510	285	
2511	581	
2512	312	
2513	494	
2514	150	
2515	283	
2516	108	
2517	449	
2518	662	
2519	689	
2520	714	
2521	14	
2522	946	
2523	726	
2524	356	
2525	680	
2526	647	
2527	904	
2528	628	
2529	249	
2530	23	
2531	72	
2532	344	
2533	376	
2534	179	
2535	264	
2536	944	
2537	277	
2538	391	
2539	501	
2540	292	
2541	10	
2542	370	
2543	462	
2544	952	
2545	417	
2546	61	
2547	333	
2548	849	
2549	674	
2550	937	
2551	771	
2552	710	
2553	403	
2554	555	
2555	437	
2556	682	
2557	808	
2558	162	
2559	963	
2560	846	
2561	290	
2562	341	
2563	765	
2564	825	
2565	41	
2566	734	
2567	326	
2568	737	
2569	29	
2570	435	
2571	43	
2572	457	
2573	214	
2574	537	
2575	674	
2576	867	
2577	233	
2578	121	
2579	365	
2580	853	
2581	43	
2582	694	
2583	806	
2584	46	
2585	541	
2586	82	
2587	338	
2588	511	
2589	576	
2590	702	
2591	432	
2592	651	
2593	800	
2594	48	
2595	977	
2596	977	
2597	483	
2598	228	
2599	183	
2600	935	
2601	889	
2602	173	
2603	944	
2604	486	
2605	499	
2606	146	
2607	273	
2608	186	
2609	221	
2610	404	
2611	620	
2612	1	
2613	365	
2614	556	
2615	421	
2616	993	
2617	715	
2618	991	
2619	94	
2620	931	
2621	993	
2622	611	
2623	888	
2624	724	
2625	3	
2626	177	
2627	52	
2628	664	
2629	909	
2630	906	
2631	547	
2632	79	
2633	313	
2634	444	
2635	267	
2636	59	
2637	696	
2638	636	
2639	818	
2640	285	
2641	494	
2642	771	
2643	562	
2644	676	
2645	264	
2646	291	
2647	358	
2648	95	
2649	14	
2650	865	
2651	729	
2652	160	
2653	243	
2654	178	
2655	187	
2656	393	
2657	810	
2658	527	
2659	845	
2660	384	
2661	104	
2662	75	
2663	521	
2664	908	
2665	510	
2666	769	
2667	757	
2668	927	
2669	598	
2670	592	
2671	510	
2672	515	
2673	827	
2674	297	
2675	447	
2676	839	
2677	691	
2678	285	
2679	905	
2680	122	
2681	38	
2682	993	
2683	722	
2684	780	
2685	245	
2686	147	
2687	176	
2688	513	
2689	949	
2690	68	
2691	461	
2692	263	
2693	220	
2694	141	
2695	954	
2696	820	
2697	952	
2698	972	
2699	733	
2700	211	
2701	741	
2702	310	
2703	349	
2704	661	
2705	125	
2706	700	
2707	282	
2708	898	
2709	55	
2710	440	
2711	639	
2712	223	
2713	170	
2714	270	
2715	74	
2716	375	
2717	368	
2718	453	
2719	544	
2720	685	
2721	694	
2722	949	
2723	11	
2724	565	
2725	240	
2726	449	
2727	166	
2728	840	
2729	55	
2730	196	
2731	972	
2732	590	
2733	156	
2734	685	
2735	38	
2736	491	
2737	132	
2738	828	
2739	924	
2740	308	
2741	259	
2742	68	
2743	784	
2744	417	
2745	59	
2746	905	
2747	280	
2748	650	
2749	460	
2750	153	
2751	299	
2752	196	
2753	979	
2754	381	
2755	528	
2756	979	
2757	949	
2758	150	
2759	884	
2760	207	
2761	810	
2762	354	
2763	426	
2764	537	
2765	684	
2766	70	
2767	26	
2768	332	
2769	719	
2770	35	
2771	564	
2772	678	
2773	304	
2774	619	
2775	428	
2776	214	
2777	416	
2778	90	
2779	925	
2780	293	
2781	792	
2782	207	
2783	792	
2784	935	
2785	788	
2786	762	
2787	900	
2788	833	
2789	218	
2790	861	
2791	500	
2792	458	
2793	458	
2794	781	
2795	982	
2796	812	
2797	493	
2798	872	
2799	232	
2800	801	
2801	775	
2802	127	
2803	3	
2804	728	
2805	798	
2806	34	
2807	298	
2808	927	
2809	786	
2810	992	
2811	777	
2812	160	
2813	213	
2814	6	
2815	80	
2816	990	
2817	563	
2818	197	
2819	902	
2820	910	
2821	392	
2822	414	
2823	424	
2824	193	
2825	830	
2826	750	
2827	953	
2828	38	
2829	214	
2830	940	
2831	209	
2832	906	
2833	20	
2834	160	
2835	961	
2836	273	
2837	493	
2838	364	
2839	563	
2840	771	
2841	649	
2842	548	
2843	203	
2844	370	
2845	619	
2846	447	
2847	66	
2848	736	
2849	758	
2850	341	
2851	959	
2852	251	
2853	807	
2854	576	
2855	158	
2856	331	
2857	847	
2858	949	
2859	123	
2860	24	
2861	48	
2862	394	
2863	157	
2864	302	
2865	957	
2866	679	
2867	469	
2868	474	
2869	860	
2870	999	
2871	838	
2872	107	
2873	124	
2874	870	
2875	796	
2876	316	
2877	225	
2878	986	
2879	687	
2880	726	
2881	613	
2882	443	
2883	759	
2884	976	
2885	54	
2886	796	
2887	239	
2888	465	
2889	445	
2890	874	
2891	891	
2892	345	
2893	18	
2894	73	
2895	443	
2896	165	
2897	330	
2898	276	
2899	472	
2900	826	
2901	507	
2902	348	
2903	644	
2904	663	
2905	604	
2906	325	
2907	316	
2908	525	
2909	568	
2910	126	
2911	879	
2912	896	
2913	1	
2914	719	
2915	837	
2916	76	
2917	566	
2918	282	
2919	434	
2920	122	
2921	543	
2922	780	
2923	258	
2924	658	
2925	197	
2926	602	
2927	852	
2928	625	
2929	789	
2930	6	
2931	874	
2932	938	
2933	283	
2934	250	
2935	996	
2936	190	
2937	873	
2938	66	
2939	82	
2940	902	
2941	359	
2942	59	
2943	401	
2944	517	
2945	74	
2946	160	
2947	906	
2948	360	
2949	815	
2950	273	
2951	504	
2952	55	
2953	390	
2954	603	
2955	200	
2956	755	
2957	249	
2958	365	
2959	984	
2960	512	
2961	572	
2962	478	
2963	426	
2964	106	
2965	404	
2966	234	
2967	96	
2968	921	
2969	618	
2970	580	
2971	151	
2972	174	
2973	791	
2974	515	
2975	110	
2976	990	
2977	119	
2978	495	
2979	21	
2980	716	
2981	312	
2982	706	
2983	928	
2984	976	
2985	818	
2986	736	
2987	364	
2988	644	
2989	13	
2990	985	
2991	918	
2992	266	
2993	704	
2994	684	
2995	304	
2996	561	
2997	198	
2998	756	
2999	334	
3000	456	
3001	80	
3002	44	
3003	826	
3004	791	
3005	88	
3006	740	
3007	13	
3008	378	
3009	793	
3010	115	
3011	847	
3012	823	
3013	338	
3014	548	
3015	491	
3016	372	
3017	354	
3018	67	
3019	326	
3020	484	
3021	282	
3022	183	
3023	143	
3024	161	
3025	96	
3026	671	
3027	414	
3028	168	
3029	352	
3030	519	
3031	862	
3032	634	
3033	34	
3034	162	
3035	308	
3036	599	
3037	873	
3038	766	
3039	127	
3040	858	
3041	208	
3042	213	
3043	424	
3044	409	
3045	468	
3046	344	
3047	481	
3048	68	
3049	302	
3050	284	
3051	760	
3052	139	
3053	912	
3054	782	
3055	394	
3056	82	
3057	917	
3058	904	
3059	138	
3060	791	
3061	483	
3062	596	
3063	721	
3064	247	
3065	562	
3066	877	
3067	493	
3068	622	
3069	547	
3070	867	
3071	948	
3072	542	
3073	875	
3074	181	
3075	127	
3076	380	
3077	775	
3078	374	
3079	802	
3080	808	
3081	736	
3082	146	
3083	920	
3084	699	
3085	366	
3086	335	
3087	408	
3088	584	
3089	278	
3090	295	
3091	173	
3092	981	
3093	206	
3094	978	
3095	935	
3096	441	
3097	965	
3098	390	
3099	980	
3100	565	
3101	590	
3102	345	
3103	131	
3104	397	
3105	27	
3106	330	
3107	205	
3108	486	
3109	531	
3110	373	
3111	701	
3112	751	
3113	46	
3114	558	
3115	638	
3116	793	
3117	765	
3118	10	
3119	641	
3120	137	
3121	77	
3122	555	
3123	806	
3124	763	
3125	530	
3126	522	
3127	815	
3128	950	
3129	902	
3130	509	
3131	106	
3132	60	
3133	945	
3134	816	
3135	197	
3136	896	
3137	735	
3138	5	
3139	858	
3140	799	
3141	527	
3142	222	
3143	946	
3144	826	
3145	112	
3146	959	
3147	228	
3148	536	
3149	141	
3150	38	
3151	436	
3152	358	
3153	95	
3154	941	
3155	518	
3156	440	
3157	807	
3158	212	
3159	586	
3160	678	
3161	939	
3162	969	
3163	479	
3164	938	
3165	316	
3166	585	
3167	682	
3168	758	
3169	352	
3170	534	
3171	61	
3172	449	
3173	716	
3174	728	
3175	843	
3176	48	
3177	976	
3178	982	
3179	351	
3180	830	
3181	365	
3182	428	
3183	626	
3184	494	
3185	79	
3186	836	
3187	436	
3188	557	
3189	244	
3190	39	
3191	752	
3192	651	
3193	508	
3194	131	
3195	482	
3196	176	
3197	617	
3198	932	
3199	609	
3200	777	
3201	862	
3202	924	
3203	359	
3204	562	
3205	650	
3206	253	
3207	878	
3208	754	
3209	884	
3210	371	
3211	866	
3212	724	
3213	285	
3214	236	
3215	579	
3216	362	
3217	715	
3218	673	
3219	169	
3220	994	
3221	738	
3222	92	
3223	304	
3224	875	
3225	474	
3226	714	
3227	932	
3228	470	
3229	790	
3230	776	
3231	579	
3232	86	
3233	441	
3234	120	
3235	511	
3236	530	
3237	184	
3238	666	
3239	155	
3240	448	
3241	844	
3242	997	
3243	347	
3244	897	
3245	775	
3246	157	
3247	862	
3248	418	
3249	123	
3250	284	
3251	733	
3252	990	
3253	152	
3254	611	
3255	267	
3256	470	
3257	77	
3258	559	
3259	164	
3260	411	
3261	788	
3262	86	
3263	712	
3264	464	
3265	928	
3266	337	
3267	927	
3268	834	
3269	911	
3270	690	
3271	627	
3272	393	
3273	441	
3274	421	
3275	515	
3276	190	
3277	985	
3278	624	
3279	172	
3280	517	
3281	17	
3282	700	
3283	800	
3284	10	
3285	383	
3286	547	
3287	672	
3288	949	
3289	973	
3290	410	
3291	107	
3292	944	
3293	514	
3294	718	
3295	855	
3296	773	
3297	27	
3298	200	
3299	372	
3300	426	
3301	278	
3302	139	
3303	998	
3304	750	
3305	155	
3306	674	
3307	641	
3308	563	
3309	683	
3310	460	
3311	524	
3312	812	
3313	419	
3314	682	
3315	561	
3316	406	
3317	815	
3318	797	
3319	336	
3320	872	
3321	649	
3322	386	
3323	249	
3324	604	
3325	977	
3326	703	
3327	705	
3328	85	
3329	787	
3330	733	
3331	881	
3332	81	
3333	198	
3334	734	
3335	483	
3336	695	
3337	169	
3338	293	
3339	742	
3340	855	
3341	278	
3342	618	
3343	359	
3344	334	
3345	593	
3346	693	
3347	800	
3348	401	
3349	96	
3350	880	
3351	603	
3352	302	
3353	937	
3354	944	
3355	941	
3356	968	
3357	760	
3358	154	
3359	245	
3360	250	
3361	88	
3362	487	
3363	748	
3364	256	
3365	695	
3366	114	
3367	836	
3368	915	
3369	404	
3370	686	
3371	162	
3372	811	
3373	274	
3374	250	
3375	149	
3376	716	
3377	940	
3378	495	
3379	526	
3380	876	
3381	233	
3382	110	
3383	57	
3384	992	
3385	959	
3386	171	
3387	728	
3388	252	
3389	704	
3390	135	
3391	636	
3392	298	
3393	946	
3394	599	
3395	93	
3396	559	
3397	632	
3398	584	
3399	630	
3400	19	
3401	204	
3402	580	
3403	292	
3404	775	
3405	879	
3406	323	
3407	734	
3408	358	
3409	508	
3410	757	
3411	923	
3412	582	
3413	138	
3414	684	
3415	328	
3416	662	
3417	569	
3418	573	
3419	234	
3420	583	
3421	89	
3422	685	
3423	830	
3424	781	
3425	656	
3426	501	
3427	853	
3428	541	
3429	890	
3430	895	
3431	763	
3432	502	
3433	248	
3434	328	
3435	277	
3436	834	
3437	876	
3438	518	
3439	104	
3440	507	
3441	897	
3442	426	
3443	511	
3444	48	
3445	900	
3446	741	
3447	283	
3448	599	
3449	959	
3450	595	
3451	314	
3452	242	
3453	603	
3454	220	
3455	986	
3456	244	
3457	555	
3458	800	
3459	164	
3460	347	
3461	269	
3462	816	
3463	619	
3464	277	
3465	897	
3466	714	
3467	260	
3468	637	
3469	818	
3470	259	
3471	566	
3472	716	
3473	58	
3474	804	
3475	217	
3476	266	
3477	503	
3478	919	
3479	464	
3480	580	
3481	338	
3482	536	
3483	769	
3484	293	
3485	997	
3486	734	
3487	913	
3488	607	
3489	114	
3490	353	
3491	66	
3492	864	
3493	784	
3494	443	
3495	742	
3496	520	
3497	151	
3498	841	
3499	323	
3500	175	
3501	368	
3502	249	
3503	286	
3504	41	
3505	23	
3506	795	
3507	658	
3508	531	
3509	219	
3510	882	
3511	400	
3512	181	
3513	762	
3514	890	
3515	374	
3516	703	
3517	823	
3518	665	
3519	602	
3520	646	
3521	582	
3522	191	
3523	766	
3524	662	
3525	804	
3526	944	
3527	67	
3528	22	
3529	113	
3530	822	
3531	87	
3532	961	
3533	615	
3534	921	
3535	41	
3536	265	
3537	826	
3538	465	
3539	497	
3540	548	
3541	615	
3542	471	
3543	467	
3544	929	
3545	583	
3546	786	
3547	10	
3548	913	
3549	27	
3550	629	
3551	254	
3552	200	
3553	663	
3554	603	
3555	632	
3556	258	
3557	168	
3558	342	
3559	883	
3560	216	
3561	608	
3562	377	
3563	595	
3564	987	
3565	294	
3566	146	
3567	238	
3568	741	
3569	753	
3570	508	
3571	847	
3572	149	
3573	956	
3574	342	
3575	720	
3576	793	
3577	456	
3578	807	
3579	869	
3580	906	
3581	94	
3582	412	
3583	581	
3584	941	
3585	516	
3586	645	
3587	466	
3588	239	
3589	741	
3590	789	
3591	829	
3592	702	
3593	43	
3594	809	
3595	733	
3596	836	
3597	927	
3598	861	
3599	135	
3600	29	
3601	740	
3602	524	
3603	44	
3604	517	
3605	793	
3606	591	
3607	991	
3608	396	
3609	317	
3610	250	
3611	518	
3612	771	
3613	179	
3614	868	
3615	7	
3616	647	
3617	374	
3618	692	
3619	74	
3620	51	
3621	819	
3622	175	
3623	330	
3624	335	
3625	739	
3626	374	
3627	877	
3628	61	
3629	568	
3630	250	
3631	89	
3632	856	
3633	212	
3634	722	
3635	335	
3636	85	
3637	543	
3638	921	
3639	898	
3640	499	
3641	512	
3642	882	
3643	526	
3644	300	
3645	776	
3646	501	
3647	851	
3648	492	
3649	716	
3650	721	
3651	16	
3652	534	
3653	393	
3654	514	
3655	530	
3656	396	
3657	264	
3658	26	
3659	260	
3660	469	
3661	361	
3662	248	
3663	551	
3664	694	
3665	185	
3666	422	
3667	73	
3668	284	
3669	902	
3670	797	
3671	999	
3672	926	
3673	295	
3674	561	
3675	349	
3676	205	
3677	614	
3678	432	
3679	945	
3680	500	
3681	303	
3682	500	
3683	5	
3684	10	
3685	496	
3686	142	
3687	140	
3688	444	
3689	753	
3690	771	
3691	26	
3692	382	
3693	227	
3694	904	
3695	190	
3696	193	
3697	690	
3698	823	
3699	282	
3700	619	
3701	597	
3702	26	
3703	334	
3704	924	
3705	138	
3706	516	
3707	130	
3708	60	
3709	620	
3710	501	
3711	402	
3712	368	
3713	231	
3714	932	
3715	881	
3716	220	
3717	288	
3718	524	
3719	553	
3720	16	
3721	847	
3722	833	
3723	775	
3724	685	
3725	182	
3726	298	
3727	657	
3728	519	
3729	705	
3730	390	
3731	25	
3732	242	
3733	869	
3734	201	
3735	169	
3736	270	
3737	411	
3738	262	
3739	822	
3740	292	
3741	819	
3742	467	
3743	998	
3744	328	
3745	491	
3746	426	
3747	428	
3748	895	
3749	464	
3750	28	
3751	217	
3752	600	
3753	353	
3754	134	
3755	850	
3756	621	
3757	201	
3758	133	
3759	942	
3760	672	
3761	691	
3762	443	
3763	742	
3764	88	
3765	213	
3766	345	
3767	941	
3768	747	
3769	447	
3770	237	
3771	752	
3772	587	
3773	179	
3774	827	
3775	525	
3776	851	
3777	500	
3778	117	
3779	877	
3780	625	
3781	281	
3782	501	
3783	923	
3784	803	
3785	656	
3786	31	
3787	300	
3788	364	
3789	717	
3790	186	
3791	310	
3792	710	
3793	762	
3794	717	
3795	147	
3796	798	
3797	630	
3798	884	
3799	893	
3800	780	
3801	761	
3802	593	
3803	569	
3804	762	
3805	851	
3806	949	
3807	238	
3808	746	
3809	130	
3810	7	
3811	901	
3812	195	
3813	434	
3814	576	
3815	248	
3816	674	
3817	500	
3818	575	
3819	396	
3820	930	
3821	954	
3822	960	
3823	81	
3824	470	
3825	990	
3826	429	
3827	438	
3828	268	
3829	840	
3830	168	
3831	135	
3832	441	
3833	47	
3834	372	
3835	337	
3836	649	
3837	916	
3838	8	
3839	738	
3840	277	
3841	764	
3842	61	
3843	995	
3844	284	
3845	260	
3846	421	
3847	479	
3848	469	
3849	221	
3850	420	
3851	11	
3852	289	
3853	63	
3854	368	
3855	142	
3856	331	
3857	799	
3858	363	
3859	672	
3860	337	
3861	3	
3862	861	
3863	804	
3864	554	
3865	754	
3866	404	
3867	303	
3868	783	
3869	262	
3870	301	
3871	352	
3872	731	
3873	507	
3874	882	
3875	184	
3876	325	
3877	87	
3878	811	
3879	529	
3880	963	
3881	762	
3882	15	
3883	777	
3884	791	
3885	709	
3886	970	
3887	557	
3888	811	
3889	396	
3890	110	
3891	448	
3892	574	
3893	518	
3894	700	
3895	11	
3896	174	
3897	969	
3898	17	
3899	524	
3900	524	
3901	856	
3902	356	
3903	25	
3904	125	
3905	118	
3906	516	
3907	43	
3908	382	
3909	906	
3910	819	
3911	574	
3912	341	
3913	379	
3914	879	
3915	173	
3916	700	
3917	899	
3918	662	
3919	496	
3920	743	
3921	990	
3922	335	
3923	159	
3924	490	
3925	273	
3926	701	
3927	413	
3928	277	
3929	813	
3930	116	
3931	455	
3932	162	
3933	691	
3934	68	
3935	285	
3936	299	
3937	583	
3938	115	
3939	118	
3940	478	
3941	366	
3942	653	
3943	605	
3944	626	
3945	778	
3946	669	
3947	512	
3948	153	
3949	42	
3950	442	
3951	125	
3952	814	
3953	804	
3954	781	
3955	92	
3956	502	
3957	805	
3958	743	
3959	338	
3960	304	
3961	557	
3962	61	
3963	698	
3964	207	
3965	694	
3966	638	
3967	11	
3968	628	
3969	627	
3970	520	
3971	527	
3972	950	
3973	99	
3974	168	
3975	191	
3976	859	
3977	44	
3978	633	
3979	665	
3980	622	
3981	194	
3982	97	
3983	956	
3984	801	
3985	655	
3986	361	
3987	616	
3988	210	
3989	778	
3990	251	
3991	937	
3992	375	
3993	787	
3994	516	
3995	762	
3996	83	
3997	34	
3998	585	
3999	820	
4000	761	
4001	877	
4002	627	
4003	502	
4004	709	
4005	648	
4006	237	
4007	500	
4008	536	
4009	612	
4010	850	
4011	705	
4012	938	
4013	50	
4014	913	
4015	918	
4016	640	
4017	607	
4018	155	
4019	755	
4020	885	
4021	24	
4022	657	
4023	379	
4024	770	
4025	340	
4026	504	
4027	754	
4028	487	
4029	263	
4030	454	
4031	655	
4032	801	
4033	379	
4034	668	
4035	876	
4036	660	
4037	974	
4038	139	
4039	235	
4040	72	
4041	312	
4042	217	
4043	272	
4044	230	
4045	259	
4046	3	
4047	227	
4048	594	
4049	963	
4050	506	
4051	493	
4052	40	
4053	494	
4054	904	
4055	231	
4056	504	
4057	355	
4058	545	
4059	496	
4060	659	
4061	796	
4062	653	
4063	406	
4064	165	
4065	341	
4066	346	
4067	385	
4068	491	
4069	444	
4070	643	
4071	244	
4072	716	
4073	217	
4074	749	
4075	981	
4076	530	
4077	349	
4078	846	
4079	987	
4080	336	
4081	452	
4082	847	
4083	581	
4084	626	
4085	421	
4086	385	
4087	830	
4088	42	
4089	30	
4090	425	
4091	445	
4092	511	
4093	530	
4094	445	
4095	22	
4096	645	
4097	188	
4098	533	
4099	36	
4100	970	
4101	331	
4102	333	
4103	817	
4104	132	
4105	166	
4106	207	
4107	913	
4108	829	
4109	159	
4110	676	
4111	477	
4112	49	
4113	42	
4114	785	
4115	259	
4116	429	
4117	852	
4118	267	
4119	80	
4120	47	
4121	494	
4122	150	
4123	344	
4124	426	
4125	848	
4126	799	
4127	850	
4128	440	
4129	416	
4130	991	
4131	942	
4132	504	
4133	811	
4134	808	
4135	168	
4136	543	
4137	784	
4138	759	
4139	308	
4140	216	
4141	890	
4142	954	
4143	281	
4144	630	
4145	300	
4146	290	
4147	945	
4148	198	
4149	580	
4150	367	
4151	404	
4152	216	
4153	338	
4154	656	
4155	906	
4156	565	
4157	712	
4158	666	
4159	328	
4160	343	
4161	769	
4162	886	
4163	47	
4164	317	
4165	43	
4166	189	
4167	26	
4168	790	
4169	535	
4170	837	
4171	173	
4172	755	
4173	469	
4174	939	
4175	809	
4176	671	
4177	387	
4178	951	
4179	532	
4180	464	
4181	149	
4182	189	
4183	371	
4184	261	
4185	419	
4186	480	
4187	346	
4188	135	
4189	839	
4190	303	
4191	440	
4192	298	
4193	30	
4194	338	
4195	6	
4196	482	
4197	52	
4198	196	
4199	478	
4200	240	
4201	858	
4202	32	
4203	397	
4204	93	
4205	666	
4206	572	
4207	483	
4208	779	
4209	830	
4210	51	
4211	95	
4212	193	
4213	718	
4214	620	
4215	61	
4216	157	
4217	921	
4218	398	
4219	538	
4220	225	
4221	624	
4222	318	
4223	356	
4224	56	
4225	672	
4226	764	
4227	924	
4228	919	
4229	166	
4230	68	
4231	29	
4232	487	
4233	402	
4234	664	
4235	940	
4236	871	
4237	686	
4238	224	
4239	847	
4240	739	
4241	510	
4242	348	
4243	120	
4244	74	
4245	544	
4246	317	
4247	977	
4248	713	
4249	811	
4250	570	
4251	423	
4252	250	
4253	897	
4254	222	
4255	585	
4256	266	
4257	414	
4258	244	
4259	408	
4260	660	
4261	184	
4262	174	
4263	86	
4264	320	
4265	39	
4266	910	
4267	769	
4268	504	
4269	116	
4270	221	
4271	582	
4272	711	
4273	499	
4274	210	
4275	32	
4276	410	
4277	610	
4278	704	
4279	240	
4280	992	
4281	898	
4282	947	
4283	940	
4284	556	
4285	203	
4286	600	
4287	506	
4288	7	
4289	457	
4290	746	
4291	891	
4292	616	
4293	939	
4294	457	
4295	138	
4296	606	
4297	216	
4298	194	
4299	229	
4300	65	
4301	282	
4302	540	
4303	376	
4304	454	
4305	868	
4306	639	
4307	846	
4308	818	
4309	933	
4310	236	
4311	154	
4312	244	
4313	109	
4314	353	
4315	663	
4316	93	
4317	445	
4318	948	
4319	45	
4320	296	
4321	809	
4322	261	
4323	805	
4324	668	
4325	638	
4326	926	
4327	305	
4328	134	
4329	93	
4330	844	
4331	799	
4332	538	
4333	832	
4334	332	
4335	173	
4336	817	
4337	354	
4338	272	
4339	35	
4340	353	
4341	481	
4342	986	
4343	94	
4344	962	
4345	261	
4346	662	
4347	201	
4348	549	
4349	96	
4350	497	
4351	619	
4352	445	
4353	397	
4354	614	
4355	373	
4356	311	
4357	602	
4358	757	
4359	803	
4360	915	
4361	888	
4362	251	
4363	528	
4364	634	
4365	111	
4366	439	
4367	868	
4368	728	
4369	45	
4370	128	
4371	839	
4372	385	
4373	894	
4374	322	
4375	548	
4376	645	
4377	978	
4378	344	
4379	257	
4380	741	
4381	555	
4382	288	
4383	459	
4384	501	
4385	222	
4386	12	
4387	964	
4388	922	
4389	375	
4390	829	
4391	615	
4392	963	
4393	15	
4394	408	
4395	839	
4396	170	
4397	671	
4398	274	
4399	325	
4400	506	
4401	628	
4402	541	
4403	9	
4404	783	
4405	875	
4406	371	
4407	422	
4408	915	
4409	875	
4410	231	
4411	16	
4412	325	
4413	535	
4414	633	
4415	910	
4416	377	
4417	235	
4418	384	
4419	762	
4420	525	
4421	44	
4422	839	
4423	485	
4424	711	
4425	667	
4426	594	
4427	622	
4428	946	
4429	824	
4430	336	
4431	10	
4432	383	
4433	32	
4434	728	
4435	706	
4436	86	
4437	144	
4438	821	
4439	306	
4440	212	
4441	657	
4442	188	
4443	621	
4444	716	
4445	652	
4446	139	
4447	340	
4448	57	
4449	781	
4450	809	
4451	590	
4452	879	
4453	530	
4454	418	
4455	359	
4456	919	
4457	427	
4458	978	
4459	211	
4460	113	
4461	865	
4462	206	
4463	473	
4464	993	
4465	960	
4466	144	
4467	306	
4468	804	
4469	302	
4470	914	
4471	904	
4472	394	
4473	884	
4474	47	
4475	386	
4476	923	
4477	634	
4478	759	
4479	556	
4480	364	
4481	892	
4482	921	
4483	761	
4484	481	
4485	673	
4486	72	
4487	251	
4488	666	
4489	728	
4490	592	
4491	822	
4492	119	
4493	267	
4494	183	
4495	402	
4496	654	
4497	765	
4498	630	
4499	176	
4500	58	
4501	605	
4502	120	
4503	186	
4504	594	
4505	779	
4506	103	
4507	444	
4508	290	
4509	680	
4510	692	
4511	247	
4512	939	
4513	903	
4514	269	
4515	18	
4516	122	
4517	640	
4518	62	
4519	569	
4520	32	
4521	289	
4522	347	
4523	784	
4524	958	
4525	21	
4526	865	
4527	342	
4528	94	
4529	399	
4530	594	
4531	661	
4532	63	
4533	357	
4534	847	
4535	981	
4536	247	
4537	527	
4538	526	
4539	438	
4540	152	
4541	550	
4542	907	
4543	220	
4544	773	
4545	575	
4546	904	
4547	266	
4548	11	
4549	656	
4550	639	
4551	346	
4552	971	
4553	695	
4554	892	
4555	609	
4556	932	
4557	248	
4558	493	
4559	973	
4560	619	
4561	405	
4562	275	
4563	624	
4564	644	
4565	509	
4566	409	
4567	556	
4568	879	
4569	367	
4570	785	
4571	102	
4572	814	
4573	454	
4574	516	
4575	21	
4576	123	
4577	940	
4578	448	
4579	689	
4580	564	
4581	528	
4582	281	
4583	902	
4584	105	
4585	714	
4586	746	
4587	104	
4588	674	
4589	531	
4590	826	
4591	543	
4592	482	
4593	808	
4594	162	
4595	722	
4596	192	
4597	822	
4598	843	
4599	789	
4600	307	
4601	196	
4602	778	
4603	716	
4604	27	
4605	197	
4606	174	
4607	991	
4608	517	
4609	837	
4610	910	
4611	598	
4612	997	
4613	145	
4614	860	
4615	436	
4616	482	
4617	641	
4618	38	
4619	510	
4620	903	
4621	240	
4622	250	
4623	27	
4624	54	
4625	576	
4626	375	
4627	11	
4628	5	
4629	751	
4630	360	
4631	217	
4632	498	
4633	950	
4634	137	
4635	762	
4636	384	
4637	14	
4638	226	
4639	69	
4640	434	
4641	643	
4642	993	
4643	434	
4644	237	
4645	883	
4646	714	
4647	574	
4648	199	
4649	613	
4650	816	
4651	787	
4652	100	
4653	36	
4654	178	
4655	89	
4656	13	
4657	628	
4658	553	
4659	42	
4660	712	
4661	673	
4662	390	
4663	39	
4664	997	
4665	732	
4666	230	
4667	710	
4668	677	
4669	239	
4670	983	
4671	317	
4672	899	
4673	630	
4674	970	
4675	733	
4676	804	
4677	277	
4678	217	
4679	481	
4680	920	
4681	902	
4682	199	
4683	982	
4684	848	
4685	786	
4686	637	
4687	715	
4688	280	
4689	533	
4690	529	
4691	408	
4692	500	
4693	4	
4694	446	
4695	336	
4696	612	
4697	967	
4698	536	
4699	96	
4700	169	
4701	497	
4702	46	
4703	895	
4704	983	
4705	869	
4706	225	
4707	6	
4708	139	
4709	904	
4710	441	
4711	535	
4712	789	
4713	515	
4714	924	
4715	640	
4716	36	
4717	480	
4718	840	
4719	343	
4720	390	
4721	930	
4722	222	
4723	900	
4724	63	
4725	543	
4726	759	
4727	604	
4728	70	
4729	999	
4730	584	
4731	785	
4732	77	
4733	315	
4734	55	
4735	829	
4736	816	
4737	64	
4738	597	
4739	886	
4740	250	
4741	228	
4742	259	
4743	320	
4744	661	
4745	725	
4746	375	
4747	345	
4748	672	
4749	967	
4750	654	
4751	677	
4752	952	
4753	164	
4754	249	
4755	287	
4756	594	
4757	419	
4758	258	
4759	738	
4760	420	
4761	827	
4762	149	
4763	977	
4764	17	
4765	430	
4766	889	
4767	37	
4768	19	
4769	337	
4770	455	
4771	420	
4772	33	
4773	360	
4774	711	
4775	764	
4776	896	
4777	972	
4778	543	
4779	952	
4780	556	
4781	110	
4782	885	
4783	942	
4784	846	
4785	827	
4786	994	
4787	945	
4788	268	
4789	719	
4790	31	
4791	451	
4792	862	
4793	828	
4794	256	
4795	480	
4796	956	
4797	634	
4798	837	
4799	983	
4800	195	
4801	174	
4802	158	
4803	98	
4804	631	
4805	325	
4806	692	
4807	962	
4808	176	
4809	383	
4810	181	
4811	309	
4812	567	
4813	694	
4814	86	
4815	570	
4816	207	
4817	510	
4818	280	
4819	106	
4820	998	
4821	444	
4822	829	
4823	430	
4824	787	
4825	313	
4826	961	
4827	5	
4828	543	
4829	846	
4830	675	
4831	940	
4832	422	
4833	39	
4834	955	
4835	373	
4836	285	
4837	50	
4838	147	
4839	139	
4840	651	
4841	855	
4842	457	
4843	370	
4844	273	
4845	999	
4846	209	
4847	985	
4848	396	
4849	878	
4850	732	
4851	369	
4852	559	
4853	666	
4854	5	
4855	172	
4856	675	
4857	483	
4858	231	
4859	616	
4860	881	
4861	787	
4862	10	
4863	348	
4864	788	
4865	262	
4866	734	
4867	112	
4868	922	
4869	808	
4870	284	
4871	406	
4872	641	
4873	635	
4874	410	
4875	621	
4876	396	
4877	936	
4878	581	
4879	2	
4880	860	
4881	2	
4882	213	
4883	126	
4884	409	
4885	769	
4886	246	
4887	781	
4888	256	
4889	346	
4890	443	
4891	91	
4892	980	
4893	337	
4894	891	
4895	254	
4896	847	
4897	296	
4898	630	
4899	641	
4900	719	
4901	567	
4902	534	
4903	732	
4904	371	
4905	580	
4906	544	
4907	838	
4908	69	
4909	394	
4910	794	
4911	605	
4912	280	
4913	852	
4914	364	
4915	195	
4916	689	
4917	320	
4918	281	
4919	568	
4920	336	
4921	13	
4922	845	
4923	948	
4924	109	
4925	511	
4926	918	
4927	667	
4928	77	
4929	664	
4930	956	
4931	664	
4932	276	
4933	478	
4934	594	
4935	285	
4936	673	
4937	674	
4938	757	
4939	935	
4940	303	
4941	956	
4942	858	
4943	764	
4944	200	
4945	745	
4946	217	
4947	765	
4948	818	
4949	839	
4950	86	
4951	270	
4952	732	
4953	685	
4954	172	
4955	339	
4956	671	
4957	814	
4958	378	
4959	3	
4960	222	
4961	868	
4962	336	
4963	846	
4964	352	
4965	590	
4966	320	
4967	280	
4968	715	
4969	404	
4970	47	
4971	533	
4972	64	
4973	71	
4974	499	
4975	973	
4976	107	
4977	428	
4978	852	
4979	511	
4980	18	
4981	903	
4982	820	
4983	231	
4984	979	
4985	770	
4986	641	
4987	793	
4988	80	
4989	685	
4990	536	
4991	613	
4992	411	
4993	213	
4994	161	
4995	955	
4996	164	
4997	863	
4998	887	
4999	742	
5000	472	
198323
