5000
1	6	
2	4	
3	4	
4	1	
5	8	
6	2	
7	7	
8	6	
9	9	
10	8	
11	2	
12	7	
13	10	
14	10	
15	3	
16	1	
17	3	
18	4	
19	9	
20	6	
21	5	
22	6	
23	8	
24	7	
25	9	
26	10	
27	2	
28	8	
29	10	
30	9	
31	4	
32	4	
33	6	
34	1	
35	6	
36	1	
37	4	
38	3	
39	8	
40	7	
41	3	
42	10	
43	4	
44	10	
45	3	
46	5	
47	4	
48	8	
49	5	
50	8	
51	7	
52	8	
53	7	
54	2	
55	5	
56	8	
57	3	
58	9	
59	6	
60	2	
61	1	
62	1	
63	6	
64	1	
65	10	
66	6	
67	7	
68	3	
69	6	
70	4	
71	6	
72	2	
73	2	
74	7	
75	4	
76	1	
77	9	
78	7	
79	3	
80	7	
81	4	
82	4	
83	9	
84	10	
85	10	
86	2	
87	2	
88	10	
89	2	
90	7	
91	7	
92	9	
93	3	
94	8	
95	6	
96	1	
97	9	
98	1	
99	4	
100	2	
101	1	
102	6	
103	6	
104	10	
105	7	
106	10	
107	1	
108	3	
109	7	
110	7	
111	3	
112	9	
113	3	
114	3	
115	3	
116	9	
117	5	
118	9	
119	7	
120	3	
121	2	
122	7	
123	8	
124	7	
125	3	
126	7	
127	10	
128	8	
129	1	
130	1	
131	6	
132	7	
133	9	
134	10	
135	5	
136	8	
137	5	
138	1	
139	10	
140	2	
141	7	
142	1	
143	1	
144	1	
145	7	
146	8	
147	8	
148	5	
149	5	
150	10	
151	9	
152	9	
153	2	
154	10	
155	2	
156	8	
157	2	
158	1	
159	8	
160	5	
161	7	
162	5	
163	4	
164	2	
165	7	
166	4	
167	9	
168	6	
169	10	
170	1	
171	1	
172	10	
173	5	
174	2	
175	9	
176	1	
177	4	
178	5	
179	6	
180	10	
181	5	
182	5	
183	10	
184	4	
185	1	
186	5	
187	4	
188	7	
189	4	
190	1	
191	10	
192	1	
193	6	
194	8	
195	1	
196	4	
197	6	
198	6	
199	3	
200	1	
201	1	
202	7	
203	3	
204	7	
205	3	
206	5	
207	4	
208	4	
209	3	
210	5	
211	2	
212	10	
213	9	
214	1	
215	4	
216	9	
217	2	
218	4	
219	3	
220	6	
221	4	
222	9	
223	3	
224	10	
225	4	
226	10	
227	3	
228	9	
229	9	
230	1	
231	9	
232	10	
233	1	
234	6	
235	1	
236	6	
237	1	
238	1	
239	5	
240	5	
241	5	
242	3	
243	7	
244	3	
245	8	
246	1	
247	10	
248	8	
249	10	
250	10	
251	7	
252	3	
253	1	
254	2	
255	1	
256	3	
257	10	
258	4	
259	5	
260	3	
261	1	
262	3	
263	7	
264	7	
265	5	
266	2	
267	2	
268	2	
269	9	
270	5	
271	10	
272	9	
273	6	
274	3	
275	3	
276	4	
277	7	
278	10	
279	7	
280	10	
281	3	
282	4	
283	3	
284	3	
285	2	
286	7	
287	9	
288	7	
289	7	
290	1	
291	4	
292	4	
293	4	
294	10	
295	1	
296	5	
297	8	
298	2	
299	2	
300	2	
301	6	
302	9	
303	8	
304	1	
305	7	
306	2	
307	7	
308	9	
309	8	
310	5	
311	10	
312	2	
313	6	
314	6	
315	8	
316	2	
317	9	
318	1	
319	4	
320	3	
321	2	
322	3	
323	6	
324	6	
325	5	
326	5	
327	10	
328	9	
329	4	
330	5	
331	10	
332	5	
333	7	
334	10	
335	2	
336	5	
337	5	
338	7	
339	4	
340	6	
341	5	
342	2	
343	4	
344	2	
345	2	
346	9	
347	10	
348	10	
349	5	
350	1	
351	4	
352	8	
353	4	
354	4	
355	10	
356	7	
357	7	
358	9	
359	9	
360	8	
361	2	
362	7	
363	1	
364	8	
365	4	
366	1	
367	3	
368	4	
369	1	
370	5	
371	2	
372	8	
373	8	
374	6	
375	6	
376	3	
377	5	
378	6	
379	8	
380	7	
381	7	
382	5	
383	4	
384	3	
385	1	
386	9	
387	1	
388	8	
389	8	
390	8	
391	9	
392	9	
393	3	
394	10	
395	6	
396	7	
397	10	
398	2	
399	8	
400	5	
401	8	
402	5	
403	2	
404	3	
405	6	
406	10	
407	8	
408	10	
409	8	
410	8	
411	9	
412	1	
413	3	
414	5	
415	5	
416	4	
417	1	
418	8	
419	6	
420	2	
421	9	
422	1	
423	3	
424	10	
425	10	
426	5	
427	8	
428	4	
429	8	
430	2	
431	3	
432	6	
433	10	
434	3	
435	9	
436	9	
437	8	
438	10	
439	6	
440	3	
441	8	
442	10	
443	2	
444	4	
445	5	
446	2	
447	7	
448	1	
449	5	
450	3	
451	7	
452	7	
453	9	
454	5	
455	10	
456	4	
457	5	
458	6	
459	7	
460	8	
461	9	
462	2	
463	9	
464	6	
465	2	
466	8	
467	10	
468	6	
469	2	
470	5	
471	6	
472	1	
473	6	
474	10	
475	10	
476	3	
477	1	
478	10	
479	3	
480	3	
481	5	
482	5	
483	9	
484	2	
485	5	
486	5	
487	10	
488	8	
489	9	
490	1	
491	1	
492	3	
493	7	
494	1	
495	1	
496	8	
497	9	
498	3	
499	2	
500	2	
501	9	
502	10	
503	5	
504	5	
505	5	
506	7	
507	7	
508	7	
509	7	
510	3	
511	10	
512	8	
513	4	
514	8	
515	1	
516	10	
517	6	
518	1	
519	5	
520	4	
521	5	
522	1	
523	10	
524	4	
525	5	
526	4	
527	7	
528	2	
529	7	
530	9	
531	7	
532	6	
533	4	
534	9	
535	3	
536	4	
537	1	
538	10	
539	10	
540	10	
541	3	
542	6	
543	5	
544	4	
545	10	
546	10	
547	9	
548	6	
549	8	
550	8	
551	8	
552	3	
553	1	
554	5	
555	7	
556	9	
557	6	
558	7	
559	8	
560	7	
561	5	
562	5	
563	6	
564	6	
565	10	
566	3	
567	5	
568	5	
569	5	
570	7	
571	2	
572	9	
573	6	
574	10	
575	5	
576	3	
577	7	
578	7	
579	7	
580	10	
581	2	
582	9	
583	9	
584	10	
585	3	
586	10	
587	2	
588	2	
589	3	
590	7	
591	3	
592	3	
593	2	
594	9	
595	2	
596	9	
597	5	
598	10	
599	8	
600	8	
601	8	
602	5	
603	2	
604	1	
605	10	
606	9	
607	6	
608	1	
609	10	
610	1	
611	8	
612	3	
613	3	
614	6	
615	10	
616	4	
617	7	
618	1	
619	8	
620	4	
621	9	
622	9	
623	7	
624	10	
625	1	
626	7	
627	6	
628	1	
629	8	
630	10	
631	4	
632	4	
633	6	
634	5	
635	6	
636	3	
637	3	
638	8	
639	1	
640	3	
641	10	
642	3	
643	8	
644	8	
645	3	
646	6	
647	1	
648	4	
649	6	
650	10	
651	5	
652	2	
653	10	
654	7	
655	7	
656	6	
657	1	
658	8	
659	10	
660	3	
661	10	
662	1	
663	6	
664	8	
665	8	
666	8	
667	9	
668	9	
669	4	
670	2	
671	9	
672	5	
673	2	
674	9	
675	9	
676	4	
677	1	
678	4	
679	4	
680	8	
681	3	
682	6	
683	2	
684	1	
685	5	
686	10	
687	1	
688	3	
689	4	
690	8	
691	7	
692	10	
693	2	
694	5	
695	9	
696	1	
697	3	
698	1	
699	2	
700	4	
701	3	
702	10	
703	1	
704	2	
705	7	
706	9	
707	6	
708	9	
709	2	
710	7	
711	2	
712	5	
713	4	
714	6	
715	10	
716	6	
717	5	
718	3	
719	2	
720	9	
721	5	
722	9	
723	8	
724	1	
725	8	
726	5	
727	4	
728	8	
729	8	
730	2	
731	3	
732	7	
733	3	
734	10	
735	2	
736	6	
737	1	
738	8	
739	5	
740	6	
741	9	
742	2	
743	3	
744	6	
745	10	
746	5	
747	10	
748	7	
749	10	
750	7	
751	1	
752	9	
753	7	
754	6	
755	1	
756	1	
757	9	
758	9	
759	4	
760	1	
761	9	
762	8	
763	9	
764	3	
765	2	
766	3	
767	10	
768	6	
769	3	
770	5	
771	10	
772	8	
773	7	
774	7	
775	4	
776	1	
777	8	
778	4	
779	5	
780	9	
781	5	
782	3	
783	10	
784	4	
785	4	
786	2	
787	2	
788	10	
789	10	
790	9	
791	9	
792	2	
793	7	
794	6	
795	1	
796	1	
797	4	
798	2	
799	2	
800	4	
801	2	
802	9	
803	1	
804	9	
805	2	
806	7	
807	9	
808	5	
809	1	
810	5	
811	5	
812	5	
813	3	
814	9	
815	2	
816	4	
817	3	
818	9	
819	1	
820	1	
821	7	
822	2	
823	3	
824	8	
825	1	
826	8	
827	8	
828	1	
829	2	
830	6	
831	4	
832	10	
833	7	
834	7	
835	2	
836	7	
837	5	
838	5	
839	3	
840	5	
841	5	
842	1	
843	1	
844	3	
845	5	
846	8	
847	8	
848	4	
849	9	
850	8	
851	6	
852	7	
853	8	
854	9	
855	6	
856	7	
857	8	
858	1	
859	5	
860	6	
861	7	
862	1	
863	3	
864	4	
865	1	
866	6	
867	1	
868	10	
869	1	
870	5	
871	10	
872	2	
873	7	
874	9	
875	4	
876	4	
877	8	
878	5	
879	1	
880	1	
881	5	
882	4	
883	7	
884	2	
885	1	
886	1	
887	9	
888	10	
889	3	
890	4	
891	6	
892	5	
893	6	
894	2	
895	1	
896	7	
897	4	
898	6	
899	3	
900	9	
901	4	
902	10	
903	10	
904	5	
905	2	
906	3	
907	1	
908	5	
909	10	
910	10	
911	3	
912	10	
913	10	
914	10	
915	7	
916	7	
917	5	
918	7	
919	4	
920	3	
921	2	
922	2	
923	6	
924	4	
925	10	
926	4	
927	2	
928	8	
929	3	
930	10	
931	5	
932	1	
933	9	
934	3	
935	7	
936	2	
937	6	
938	8	
939	3	
940	1	
941	5	
942	2	
943	5	
944	1	
945	8	
946	10	
947	6	
948	4	
949	9	
950	7	
951	8	
952	8	
953	10	
954	6	
955	6	
956	2	
957	9	
958	9	
959	10	
960	10	
961	1	
962	1	
963	3	
964	8	
965	9	
966	3	
967	10	
968	8	
969	6	
970	3	
971	6	
972	9	
973	5	
974	4	
975	10	
976	1	
977	10	
978	7	
979	1	
980	1	
981	7	
982	8	
983	7	
984	8	
985	1	
986	6	
987	8	
988	6	
989	10	
990	9	
991	8	
992	2	
993	10	
994	5	
995	10	
996	1	
997	9	
998	7	
999	6	
1000	4	
1001	9	
1002	6	
1003	5	
1004	1	
1005	3	
1006	7	
1007	9	
1008	9	
1009	7	
1010	2	
1011	9	
1012	6	
1013	6	
1014	5	
1015	10	
1016	6	
1017	8	
1018	1	
1019	1	
1020	3	
1021	4	
1022	2	
1023	7	
1024	2	
1025	3	
1026	3	
1027	3	
1028	3	
1029	6	
1030	9	
1031	10	
1032	6	
1033	10	
1034	6	
1035	7	
1036	2	
1037	5	
1038	4	
1039	1	
1040	4	
1041	8	
1042	3	
1043	6	
1044	10	
1045	7	
1046	1	
1047	7	
1048	1	
1049	7	
1050	2	
1051	8	
1052	2	
1053	5	
1054	9	
1055	10	
1056	9	
1057	3	
1058	6	
1059	9	
1060	5	
1061	6	
1062	4	
1063	1	
1064	1	
1065	10	
1066	3	
1067	8	
1068	1	
1069	8	
1070	7	
1071	2	
1072	1	
1073	7	
1074	3	
1075	5	
1076	8	
1077	9	
1078	3	
1079	10	
1080	8	
1081	8	
1082	2	
1083	6	
1084	5	
1085	2	
1086	5	
1087	2	
1088	4	
1089	3	
1090	1	
1091	4	
1092	3	
1093	10	
1094	3	
1095	1	
1096	10	
1097	5	
1098	7	
1099	5	
1100	3	
1101	10	
1102	3	
1103	3	
1104	2	
1105	5	
1106	9	
1107	3	
1108	5	
1109	8	
1110	7	
1111	9	
1112	7	
1113	3	
1114	7	
1115	6	
1116	5	
1117	10	
1118	4	
1119	9	
1120	1	
1121	7	
1122	4	
1123	5	
1124	6	
1125	1	
1126	7	
1127	5	
1128	8	
1129	10	
1130	10	
1131	9	
1132	3	
1133	8	
1134	5	
1135	3	
1136	10	
1137	5	
1138	2	
1139	10	
1140	8	
1141	1	
1142	2	
1143	2	
1144	9	
1145	2	
1146	2	
1147	9	
1148	9	
1149	4	
1150	5	
1151	4	
1152	3	
1153	4	
1154	8	
1155	3	
1156	9	
1157	1	
1158	3	
1159	10	
1160	5	
1161	10	
1162	6	
1163	10	
1164	3	
1165	2	
1166	9	
1167	2	
1168	10	
1169	7	
1170	3	
1171	5	
1172	1	
1173	5	
1174	9	
1175	3	
1176	5	
1177	8	
1178	2	
1179	5	
1180	5	
1181	1	
1182	9	
1183	8	
1184	1	
1185	9	
1186	2	
1187	1	
1188	9	
1189	3	
1190	3	
1191	8	
1192	4	
1193	6	
1194	9	
1195	3	
1196	3	
1197	2	
1198	8	
1199	5	
1200	4	
1201	10	
1202	2	
1203	3	
1204	3	
1205	3	
1206	6	
1207	7	
1208	6	
1209	7	
1210	3	
1211	4	
1212	6	
1213	3	
1214	1	
1215	10	
1216	6	
1217	4	
1218	1	
1219	8	
1220	7	
1221	10	
1222	5	
1223	4	
1224	8	
1225	5	
1226	3	
1227	4	
1228	4	
1229	10	
1230	9	
1231	3	
1232	9	
1233	9	
1234	6	
1235	7	
1236	9	
1237	5	
1238	2	
1239	1	
1240	2	
1241	3	
1242	8	
1243	7	
1244	3	
1245	3	
1246	7	
1247	3	
1248	7	
1249	1	
1250	2	
1251	6	
1252	3	
1253	3	
1254	4	
1255	1	
1256	6	
1257	3	
1258	4	
1259	3	
1260	6	
1261	8	
1262	1	
1263	7	
1264	8	
1265	3	
1266	6	
1267	6	
1268	7	
1269	6	
1270	8	
1271	3	
1272	8	
1273	3	
1274	2	
1275	8	
1276	8	
1277	10	
1278	2	
1279	3	
1280	10	
1281	5	
1282	1	
1283	10	
1284	7	
1285	1	
1286	2	
1287	6	
1288	5	
1289	6	
1290	7	
1291	8	
1292	5	
1293	8	
1294	3	
1295	6	
1296	5	
1297	1	
1298	3	
1299	8	
1300	6	
1301	9	
1302	7	
1303	10	
1304	7	
1305	1	
1306	4	
1307	5	
1308	10	
1309	7	
1310	1	
1311	4	
1312	8	
1313	6	
1314	7	
1315	9	
1316	8	
1317	4	
1318	5	
1319	6	
1320	7	
1321	3	
1322	6	
1323	7	
1324	7	
1325	9	
1326	7	
1327	8	
1328	5	
1329	8	
1330	2	
1331	4	
1332	5	
1333	4	
1334	10	
1335	3	
1336	7	
1337	1	
1338	9	
1339	2	
1340	5	
1341	2	
1342	7	
1343	5	
1344	6	
1345	6	
1346	3	
1347	5	
1348	8	
1349	7	
1350	5	
1351	9	
1352	9	
1353	2	
1354	2	
1355	10	
1356	2	
1357	6	
1358	2	
1359	4	
1360	8	
1361	6	
1362	1	
1363	9	
1364	7	
1365	3	
1366	1	
1367	7	
1368	8	
1369	7	
1370	6	
1371	5	
1372	9	
1373	4	
1374	2	
1375	8	
1376	8	
1377	6	
1378	1	
1379	5	
1380	10	
1381	7	
1382	2	
1383	6	
1384	9	
1385	2	
1386	8	
1387	8	
1388	7	
1389	1	
1390	3	
1391	9	
1392	4	
1393	7	
1394	6	
1395	4	
1396	5	
1397	10	
1398	1	
1399	10	
1400	2	
1401	5	
1402	5	
1403	9	
1404	8	
1405	8	
1406	1	
1407	2	
1408	3	
1409	7	
1410	2	
1411	8	
1412	2	
1413	8	
1414	7	
1415	2	
1416	2	
1417	7	
1418	8	
1419	6	
1420	8	
1421	3	
1422	4	
1423	3	
1424	3	
1425	8	
1426	4	
1427	1	
1428	9	
1429	4	
1430	1	
1431	9	
1432	9	
1433	10	
1434	6	
1435	8	
1436	4	
1437	2	
1438	7	
1439	1	
1440	6	
1441	2	
1442	1	
1443	7	
1444	4	
1445	7	
1446	2	
1447	5	
1448	10	
1449	3	
1450	1	
1451	8	
1452	8	
1453	9	
1454	6	
1455	9	
1456	1	
1457	3	
1458	1	
1459	5	
1460	6	
1461	2	
1462	7	
1463	3	
1464	5	
1465	6	
1466	8	
1467	10	
1468	2	
1469	2	
1470	6	
1471	9	
1472	8	
1473	6	
1474	3	
1475	7	
1476	1	
1477	5	
1478	8	
1479	8	
1480	9	
1481	1	
1482	8	
1483	5	
1484	10	
1485	10	
1486	2	
1487	6	
1488	10	
1489	4	
1490	9	
1491	1	
1492	5	
1493	4	
1494	4	
1495	3	
1496	7	
1497	9	
1498	7	
1499	10	
1500	2	
1501	2	
1502	10	
1503	5	
1504	8	
1505	1	
1506	7	
1507	2	
1508	2	
1509	1	
1510	2	
1511	9	
1512	1	
1513	10	
1514	6	
1515	4	
1516	6	
1517	6	
1518	7	
1519	9	
1520	1	
1521	9	
1522	3	
1523	9	
1524	6	
1525	1	
1526	7	
1527	8	
1528	9	
1529	10	
1530	3	
1531	2	
1532	10	
1533	10	
1534	5	
1535	4	
1536	10	
1537	10	
1538	3	
1539	9	
1540	4	
1541	4	
1542	8	
1543	8	
1544	8	
1545	7	
1546	3	
1547	4	
1548	7	
1549	8	
1550	6	
1551	5	
1552	3	
1553	10	
1554	6	
1555	3	
1556	6	
1557	6	
1558	8	
1559	4	
1560	10	
1561	10	
1562	2	
1563	8	
1564	9	
1565	6	
1566	2	
1567	9	
1568	3	
1569	6	
1570	2	
1571	3	
1572	6	
1573	4	
1574	3	
1575	1	
1576	7	
1577	7	
1578	8	
1579	3	
1580	8	
1581	1	
1582	1	
1583	8	
1584	8	
1585	4	
1586	8	
1587	1	
1588	10	
1589	8	
1590	6	
1591	2	
1592	9	
1593	10	
1594	6	
1595	8	
1596	2	
1597	5	
1598	2	
1599	1	
1600	6	
1601	10	
1602	5	
1603	8	
1604	4	
1605	2	
1606	8	
1607	7	
1608	2	
1609	10	
1610	4	
1611	8	
1612	3	
1613	6	
1614	3	
1615	7	
1616	7	
1617	1	
1618	4	
1619	1	
1620	9	
1621	5	
1622	9	
1623	9	
1624	4	
1625	5	
1626	6	
1627	4	
1628	8	
1629	5	
1630	9	
1631	10	
1632	2	
1633	9	
1634	6	
1635	3	
1636	7	
1637	9	
1638	5	
1639	9	
1640	1	
1641	7	
1642	9	
1643	2	
1644	7	
1645	4	
1646	3	
1647	3	
1648	1	
1649	1	
1650	7	
1651	5	
1652	8	
1653	4	
1654	7	
1655	9	
1656	6	
1657	6	
1658	2	
1659	7	
1660	8	
1661	7	
1662	8	
1663	5	
1664	7	
1665	3	
1666	8	
1667	5	
1668	8	
1669	1	
1670	1	
1671	2	
1672	5	
1673	7	
1674	9	
1675	4	
1676	7	
1677	9	
1678	1	
1679	8	
1680	3	
1681	5	
1682	6	
1683	2	
1684	3	
1685	10	
1686	10	
1687	9	
1688	8	
1689	5	
1690	4	
1691	5	
1692	7	
1693	4	
1694	10	
1695	5	
1696	6	
1697	7	
1698	8	
1699	9	
1700	8	
1701	7	
1702	3	
1703	3	
1704	4	
1705	7	
1706	1	
1707	6	
1708	8	
1709	8	
1710	8	
1711	3	
1712	1	
1713	3	
1714	1	
1715	8	
1716	5	
1717	4	
1718	8	
1719	8	
1720	4	
1721	7	
1722	5	
1723	8	
1724	5	
1725	4	
1726	2	
1727	3	
1728	4	
1729	8	
1730	7	
1731	6	
1732	2	
1733	2	
1734	6	
1735	7	
1736	8	
1737	3	
1738	1	
1739	9	
1740	1	
1741	8	
1742	5	
1743	1	
1744	2	
1745	1	
1746	1	
1747	10	
1748	9	
1749	10	
1750	7	
1751	2	
1752	3	
1753	3	
1754	9	
1755	5	
1756	5	
1757	4	
1758	8	
1759	7	
1760	5	
1761	2	
1762	2	
1763	4	
1764	6	
1765	7	
1766	9	
1767	10	
1768	5	
1769	2	
1770	3	
1771	10	
1772	2	
1773	9	
1774	1	
1775	9	
1776	5	
1777	1	
1778	3	
1779	4	
1780	7	
1781	9	
1782	4	
1783	10	
1784	5	
1785	7	
1786	10	
1787	6	
1788	2	
1789	9	
1790	9	
1791	8	
1792	3	
1793	4	
1794	1	
1795	5	
1796	1	
1797	5	
1798	8	
1799	10	
1800	3	
1801	1	
1802	4	
1803	3	
1804	6	
1805	8	
1806	1	
1807	8	
1808	5	
1809	3	
1810	3	
1811	5	
1812	4	
1813	10	
1814	10	
1815	6	
1816	2	
1817	10	
1818	6	
1819	5	
1820	10	
1821	5	
1822	2	
1823	3	
1824	8	
1825	1	
1826	1	
1827	9	
1828	4	
1829	8	
1830	6	
1831	6	
1832	3	
1833	2	
1834	9	
1835	4	
1836	2	
1837	6	
1838	1	
1839	4	
1840	3	
1841	2	
1842	4	
1843	3	
1844	1	
1845	3	
1846	9	
1847	8	
1848	8	
1849	5	
1850	7	
1851	4	
1852	6	
1853	7	
1854	6	
1855	10	
1856	4	
1857	9	
1858	5	
1859	5	
1860	5	
1861	7	
1862	10	
1863	4	
1864	3	
1865	3	
1866	9	
1867	8	
1868	5	
1869	4	
1870	2	
1871	6	
1872	9	
1873	8	
1874	4	
1875	4	
1876	9	
1877	2	
1878	10	
1879	6	
1880	8	
1881	7	
1882	8	
1883	1	
1884	3	
1885	8	
1886	1	
1887	9	
1888	1	
1889	5	
1890	1	
1891	7	
1892	9	
1893	7	
1894	4	
1895	2	
1896	5	
1897	10	
1898	9	
1899	3	
1900	9	
1901	1	
1902	5	
1903	3	
1904	2	
1905	6	
1906	9	
1907	4	
1908	1	
1909	3	
1910	8	
1911	6	
1912	1	
1913	10	
1914	5	
1915	5	
1916	6	
1917	9	
1918	2	
1919	6	
1920	2	
1921	5	
1922	6	
1923	2	
1924	5	
1925	10	
1926	9	
1927	8	
1928	8	
1929	1	
1930	5	
1931	7	
1932	1	
1933	3	
1934	8	
1935	1	
1936	1	
1937	5	
1938	3	
1939	10	
1940	7	
1941	3	
1942	6	
1943	10	
1944	10	
1945	9	
1946	10	
1947	6	
1948	1	
1949	9	
1950	2	
1951	6	
1952	5	
1953	3	
1954	7	
1955	4	
1956	9	
1957	7	
1958	10	
1959	2	
1960	6	
1961	2	
1962	6	
1963	1	
1964	8	
1965	7	
1966	4	
1967	5	
1968	8	
1969	9	
1970	7	
1971	9	
1972	10	
1973	1	
1974	4	
1975	3	
1976	8	
1977	7	
1978	8	
1979	5	
1980	3	
1981	10	
1982	9	
1983	10	
1984	4	
1985	1	
1986	3	
1987	8	
1988	6	
1989	3	
1990	10	
1991	9	
1992	7	
1993	4	
1994	5	
1995	8	
1996	6	
1997	4	
1998	8	
1999	2	
2000	8	
2001	1	
2002	4	
2003	10	
2004	9	
2005	1	
2006	9	
2007	6	
2008	4	
2009	1	
2010	1	
2011	6	
2012	3	
2013	1	
2014	1	
2015	8	
2016	4	
2017	7	
2018	2	
2019	10	
2020	1	
2021	7	
2022	2	
2023	5	
2024	3	
2025	7	
2026	5	
2027	3	
2028	7	
2029	6	
2030	1	
2031	1	
2032	2	
2033	8	
2034	5	
2035	8	
2036	2	
2037	2	
2038	10	
2039	3	
2040	6	
2041	2	
2042	3	
2043	2	
2044	2	
2045	5	
2046	10	
2047	5	
2048	9	
2049	3	
2050	3	
2051	4	
2052	7	
2053	2	
2054	8	
2055	1	
2056	6	
2057	6	
2058	7	
2059	9	
2060	3	
2061	8	
2062	2	
2063	5	
2064	6	
2065	10	
2066	1	
2067	1	
2068	10	
2069	9	
2070	4	
2071	5	
2072	3	
2073	4	
2074	3	
2075	4	
2076	3	
2077	6	
2078	2	
2079	4	
2080	7	
2081	4	
2082	3	
2083	6	
2084	1	
2085	4	
2086	5	
2087	3	
2088	4	
2089	8	
2090	1	
2091	6	
2092	4	
2093	1	
2094	1	
2095	4	
2096	1	
2097	8	
2098	5	
2099	4	
2100	10	
2101	1	
2102	8	
2103	5	
2104	10	
2105	4	
2106	4	
2107	3	
2108	6	
2109	3	
2110	1	
2111	8	
2112	6	
2113	7	
2114	2	
2115	10	
2116	1	
2117	4	
2118	8	
2119	10	
2120	4	
2121	7	
2122	8	
2123	5	
2124	6	
2125	3	
2126	5	
2127	9	
2128	7	
2129	1	
2130	5	
2131	8	
2132	7	
2133	4	
2134	8	
2135	8	
2136	3	
2137	3	
2138	8	
2139	6	
2140	2	
2141	5	
2142	2	
2143	9	
2144	8	
2145	8	
2146	6	
2147	1	
2148	4	
2149	1	
2150	2	
2151	4	
2152	1	
2153	2	
2154	5	
2155	7	
2156	8	
2157	3	
2158	1	
2159	7	
2160	2	
2161	8	
2162	5	
2163	5	
2164	10	
2165	7	
2166	1	
2167	2	
2168	1	
2169	5	
2170	4	
2171	9	
2172	2	
2173	1	
2174	7	
2175	2	
2176	4	
2177	2	
2178	4	
2179	1	
2180	5	
2181	7	
2182	5	
2183	5	
2184	9	
2185	6	
2186	8	
2187	9	
2188	4	
2189	5	
2190	9	
2191	2	
2192	6	
2193	2	
2194	4	
2195	4	
2196	7	
2197	9	
2198	2	
2199	4	
2200	1	
2201	3	
2202	3	
2203	9	
2204	4	
2205	4	
2206	9	
2207	6	
2208	10	
2209	4	
2210	10	
2211	10	
2212	9	
2213	3	
2214	4	
2215	7	
2216	5	
2217	7	
2218	4	
2219	6	
2220	9	
2221	7	
2222	4	
2223	3	
2224	9	
2225	9	
2226	6	
2227	9	
2228	9	
2229	9	
2230	5	
2231	1	
2232	5	
2233	4	
2234	2	
2235	1	
2236	1	
2237	2	
2238	3	
2239	9	
2240	7	
2241	5	
2242	2	
2243	5	
2244	1	
2245	6	
2246	2	
2247	1	
2248	4	
2249	10	
2250	10	
2251	10	
2252	9	
2253	3	
2254	7	
2255	9	
2256	7	
2257	6	
2258	4	
2259	10	
2260	1	
2261	1	
2262	3	
2263	2	
2264	6	
2265	7	
2266	5	
2267	10	
2268	8	
2269	10	
2270	9	
2271	10	
2272	8	
2273	7	
2274	5	
2275	5	
2276	5	
2277	1	
2278	1	
2279	8	
2280	1	
2281	8	
2282	2	
2283	8	
2284	3	
2285	7	
2286	3	
2287	1	
2288	3	
2289	8	
2290	6	
2291	3	
2292	7	
2293	10	
2294	3	
2295	4	
2296	1	
2297	1	
2298	5	
2299	4	
2300	6	
2301	5	
2302	6	
2303	5	
2304	1	
2305	7	
2306	3	
2307	7	
2308	6	
2309	3	
2310	9	
2311	1	
2312	7	
2313	2	
2314	7	
2315	7	
2316	7	
2317	2	
2318	7	
2319	4	
2320	8	
2321	5	
2322	2	
2323	3	
2324	8	
2325	5	
2326	6	
2327	5	
2328	9	
2329	6	
2330	5	
2331	8	
2332	8	
2333	10	
2334	7	
2335	8	
2336	5	
2337	8	
2338	6	
2339	2	
2340	5	
2341	4	
2342	10	
2343	7	
2344	8	
2345	5	
2346	5	
2347	3	
2348	1	
2349	6	
2350	7	
2351	10	
2352	6	
2353	2	
2354	7	
2355	3	
2356	5	
2357	8	
2358	1	
2359	4	
2360	3	
2361	1	
2362	7	
2363	1	
2364	4	
2365	4	
2366	2	
2367	3	
2368	5	
2369	1	
2370	10	
2371	5	
2372	2	
2373	3	
2374	10	
2375	4	
2376	7	
2377	3	
2378	6	
2379	5	
2380	9	
2381	7	
2382	8	
2383	10	
2384	2	
2385	8	
2386	2	
2387	4	
2388	9	
2389	3	
2390	4	
2391	8	
2392	5	
2393	9	
2394	4	
2395	1	
2396	9	
2397	5	
2398	10	
2399	2	
2400	3	
2401	1	
2402	3	
2403	8	
2404	2	
2405	9	
2406	7	
2407	5	
2408	5	
2409	1	
2410	8	
2411	2	
2412	2	
2413	4	
2414	7	
2415	9	
2416	9	
2417	4	
2418	8	
2419	7	
2420	7	
2421	4	
2422	9	
2423	9	
2424	10	
2425	4	
2426	7	
2427	7	
2428	4	
2429	3	
2430	3	
2431	9	
2432	8	
2433	10	
2434	8	
2435	10	
2436	8	
2437	6	
2438	8	
2439	5	
2440	8	
2441	2	
2442	7	
2443	8	
2444	3	
2445	6	
2446	10	
2447	5	
2448	10	
2449	5	
2450	10	
2451	1	
2452	9	
2453	10	
2454	1	
2455	4	
2456	1	
2457	9	
2458	7	
2459	10	
2460	5	
2461	5	
2462	1	
2463	4	
2464	5	
2465	9	
2466	5	
2467	6	
2468	10	
2469	5	
2470	9	
2471	6	
2472	9	
2473	5	
2474	1	
2475	6	
2476	3	
2477	4	
2478	10	
2479	5	
2480	5	
2481	1	
2482	4	
2483	8	
2484	10	
2485	4	
2486	4	
2487	2	
2488	3	
2489	9	
2490	7	
2491	3	
2492	1	
2493	9	
2494	10	
2495	5	
2496	7	
2497	7	
2498	8	
2499	8	
2500	5	
2501	5	
2502	2	
2503	9	
2504	3	
2505	1	
2506	5	
2507	9	
2508	7	
2509	9	
2510	2	
2511	4	
2512	3	
2513	9	
2514	7	
2515	6	
2516	5	
2517	8	
2518	3	
2519	10	
2520	7	
2521	1	
2522	7	
2523	9	
2524	3	
2525	7	
2526	10	
2527	9	
2528	7	
2529	6	
2530	8	
2531	5	
2532	5	
2533	1	
2534	6	
2535	5	
2536	7	
2537	6	
2538	4	
2539	6	
2540	9	
2541	1	
2542	9	
2543	1	
2544	7	
2545	2	
2546	4	
2547	6	
2548	8	
2549	1	
2550	8	
2551	8	
2552	7	
2553	4	
2554	6	
2555	4	
2556	5	
2557	1	
2558	5	
2559	4	
2560	7	
2561	7	
2562	8	
2563	8	
2564	6	
2565	6	
2566	9	
2567	1	
2568	10	
2569	10	
2570	6	
2571	8	
2572	4	
2573	3	
2574	4	
2575	9	
2576	8	
2577	6	
2578	8	
2579	2	
2580	2	
2581	6	
2582	3	
2583	5	
2584	1	
2585	6	
2586	5	
2587	7	
2588	4	
2589	3	
2590	3	
2591	1	
2592	2	
2593	7	
2594	7	
2595	8	
2596	10	
2597	2	
2598	5	
2599	2	
2600	10	
2601	6	
2602	8	
2603	1	
2604	5	
2605	8	
2606	9	
2607	2	
2608	1	
2609	6	
2610	1	
2611	1	
2612	6	
2613	4	
2614	7	
2615	4	
2616	4	
2617	8	
2618	2	
2619	9	
2620	2	
2621	4	
2622	4	
2623	7	
2624	7	
2625	2	
2626	4	
2627	5	
2628	1	
2629	8	
2630	5	
2631	4	
2632	2	
2633	2	
2634	1	
2635	6	
2636	10	
2637	3	
2638	3	
2639	7	
2640	6	
2641	3	
2642	8	
2643	5	
2644	3	
2645	3	
2646	6	
2647	5	
2648	4	
2649	1	
2650	8	
2651	6	
2652	3	
2653	6	
2654	5	
2655	2	
2656	8	
2657	7	
2658	4	
2659	8	
2660	9	
2661	5	
2662	10	
2663	2	
2664	7	
2665	3	
2666	10	
2667	2	
2668	8	
2669	7	
2670	7	
2671	7	
2672	4	
2673	10	
2674	4	
2675	10	
2676	8	
2677	4	
2678	8	
2679	10	
2680	9	
2681	9	
2682	8	
2683	7	
2684	9	
2685	6	
2686	8	
2687	5	
2688	4	
2689	2	
2690	5	
2691	4	
2692	2	
2693	3	
2694	8	
2695	5	
2696	5	
2697	3	
2698	5	
2699	10	
2700	10	
2701	2	
2702	3	
2703	2	
2704	2	
2705	8	
2706	1	
2707	1	
2708	3	
2709	8	
2710	3	
2711	8	
2712	10	
2713	9	
2714	7	
2715	3	
2716	10	
2717	7	
2718	8	
2719	7	
2720	2	
2721	9	
2722	2	
2723	6	
2724	8	
2725	3	
2726	4	
2727	7	
2728	9	
2729	2	
2730	7	
2731	5	
2732	3	
2733	7	
2734	8	
2735	9	
2736	6	
2737	7	
2738	7	
2739	7	
2740	7	
2741	8	
2742	7	
2743	9	
2744	8	
2745	4	
2746	4	
2747	9	
2748	1	
2749	5	
2750	6	
2751	8	
2752	7	
2753	8	
2754	2	
2755	5	
2756	10	
2757	2	
2758	7	
2759	3	
2760	4	
2761	7	
2762	9	
2763	5	
2764	4	
2765	7	
2766	9	
2767	1	
2768	5	
2769	10	
2770	10	
2771	1	
2772	7	
2773	5	
2774	10	
2775	7	
2776	1	
2777	1	
2778	9	
2779	2	
2780	6	
2781	7	
2782	4	
2783	5	
2784	10	
2785	7	
2786	5	
2787	9	
2788	8	
2789	9	
2790	2	
2791	9	
2792	1	
2793	1	
2794	6	
2795	9	
2796	9	
2797	6	
2798	1	
2799	5	
2800	4	
2801	10	
2802	4	
2803	2	
2804	5	
2805	1	
2806	1	
2807	7	
2808	4	
2809	3	
2810	5	
2811	6	
2812	5	
2813	8	
2814	7	
2815	3	
2816	5	
2817	6	
2818	6	
2819	3	
2820	1	
2821	7	
2822	3	
2823	3	
2824	6	
2825	7	
2826	5	
2827	10	
2828	3	
2829	5	
2830	5	
2831	4	
2832	9	
2833	9	
2834	3	
2835	10	
2836	10	
2837	8	
2838	9	
2839	2	
2840	4	
2841	10	
2842	3	
2843	2	
2844	7	
2845	10	
2846	10	
2847	3	
2848	7	
2849	1	
2850	2	
2851	4	
2852	6	
2853	8	
2854	7	
2855	5	
2856	6	
2857	6	
2858	6	
2859	10	
2860	5	
2861	9	
2862	5	
2863	2	
2864	7	
2865	8	
2866	8	
2867	6	
2868	3	
2869	1	
2870	10	
2871	5	
2872	2	
2873	3	
2874	9	
2875	9	
2876	7	
2877	4	
2878	1	
2879	8	
2880	3	
2881	10	
2882	6	
2883	10	
2884	5	
2885	5	
2886	9	
2887	10	
2888	6	
2889	2	
2890	7	
2891	10	
2892	8	
2893	5	
2894	4	
2895	6	
2896	2	
2897	7	
2898	7	
2899	5	
2900	7	
2901	6	
2902	3	
2903	1	
2904	6	
2905	7	
2906	8	
2907	3	
2908	10	
2909	7	
2910	9	
2911	4	
2912	9	
2913	10	
2914	2	
2915	2	
2916	5	
2917	5	
2918	1	
2919	5	
2920	3	
2921	8	
2922	5	
2923	3	
2924	9	
2925	10	
2926	5	
2927	9	
2928	10	
2929	2	
2930	5	
2931	1	
2932	1	
2933	2	
2934	1	
2935	7	
2936	7	
2937	10	
2938	9	
2939	9	
2940	3	
2941	10	
2942	6	
2943	4	
2944	8	
2945	1	
2946	9	
2947	9	
2948	5	
2949	8	
2950	8	
2951	3	
2952	10	
2953	1	
2954	8	
2955	9	
2956	4	
2957	4	
2958	2	
2959	5	
2960	3	
2961	5	
2962	5	
2963	7	
2964	7	
2965	1	
2966	7	
2967	1	
2968	2	
2969	5	
2970	5	
2971	4	
2972	3	
2973	8	
2974	4	
2975	7	
2976	7	
2977	2	
2978	2	
2979	2	
2980	9	
2981	9	
2982	7	
2983	7	
2984	3	
2985	1	
2986	9	
2987	3	
2988	3	
2989	10	
2990	6	
2991	5	
2992	1	
2993	9	
2994	7	
2995	9	
2996	4	
2997	1	
2998	1	
2999	1	
3000	7	
3001	5	
3002	3	
3003	1	
3004	8	
3005	7	
3006	7	
3007	4	
3008	1	
3009	8	
3010	8	
3011	6	
3012	8	
3013	9	
3014	7	
3015	4	
3016	5	
3017	5	
3018	8	
3019	1	
3020	1	
3021	3	
3022	10	
3023	2	
3024	2	
3025	3	
3026	6	
3027	9	
3028	5	
3029	9	
3030	10	
3031	3	
3032	5	
3033	1	
3034	1	
3035	3	
3036	2	
3037	10	
3038	5	
3039	10	
3040	7	
3041	7	
3042	8	
3043	3	
3044	2	
3045	5	
3046	9	
3047	4	
3048	5	
3049	7	
3050	9	
3051	7	
3052	4	
3053	7	
3054	3	
3055	1	
3056	7	
3057	10	
3058	1	
3059	3	
3060	4	
3061	4	
3062	1	
3063	2	
3064	6	
3065	7	
3066	10	
3067	2	
3068	7	
3069	4	
3070	2	
3071	1	
3072	7	
3073	2	
3074	4	
3075	6	
3076	9	
3077	10	
3078	3	
3079	3	
3080	5	
3081	5	
3082	9	
3083	9	
3084	4	
3085	3	
3086	2	
3087	5	
3088	5	
3089	7	
3090	4	
3091	6	
3092	10	
3093	1	
3094	5	
3095	4	
3096	2	
3097	6	
3098	1	
3099	3	
3100	6	
3101	1	
3102	10	
3103	8	
3104	10	
3105	4	
3106	7	
3107	8	
3108	9	
3109	8	
3110	8	
3111	2	
3112	8	
3113	5	
3114	5	
3115	3	
3116	4	
3117	6	
3118	9	
3119	10	
3120	6	
3121	8	
3122	2	
3123	7	
3124	6	
3125	1	
3126	5	
3127	4	
3128	3	
3129	5	
3130	4	
3131	9	
3132	9	
3133	6	
3134	7	
3135	10	
3136	7	
3137	2	
3138	4	
3139	7	
3140	10	
3141	4	
3142	7	
3143	3	
3144	1	
3145	7	
3146	10	
3147	7	
3148	3	
3149	4	
3150	1	
3151	3	
3152	9	
3153	8	
3154	8	
3155	3	
3156	9	
3157	8	
3158	5	
3159	5	
3160	3	
3161	2	
3162	6	
3163	10	
3164	1	
3165	5	
3166	2	
3167	9	
3168	1	
3169	9	
3170	9	
3171	6	
3172	10	
3173	9	
3174	1	
3175	10	
3176	1	
3177	9	
3178	9	
3179	2	
3180	5	
3181	8	
3182	7	
3183	9	
3184	5	
3185	10	
3186	3	
3187	7	
3188	10	
3189	1	
3190	8	
3191	9	
3192	2	
3193	1	
3194	8	
3195	7	
3196	5	
3197	10	
3198	1	
3199	6	
3200	6	
3201	7	
3202	5	
3203	10	
3204	1	
3205	5	
3206	2	
3207	7	
3208	7	
3209	5	
3210	6	
3211	7	
3212	3	
3213	8	
3214	5	
3215	10	
3216	3	
3217	8	
3218	8	
3219	6	
3220	3	
3221	5	
3222	1	
3223	5	
3224	6	
3225	3	
3226	1	
3227	1	
3228	7	
3229	1	
3230	5	
3231	2	
3232	3	
3233	10	
3234	5	
3235	2	
3236	9	
3237	1	
3238	7	
3239	6	
3240	9	
3241	1	
3242	6	
3243	4	
3244	8	
3245	4	
3246	8	
3247	9	
3248	7	
3249	2	
3250	9	
3251	2	
3252	3	
3253	9	
3254	4	
3255	4	
3256	5	
3257	2	
3258	2	
3259	9	
3260	8	
3261	5	
3262	9	
3263	3	
3264	7	
3265	9	
3266	2	
3267	8	
3268	9	
3269	2	
3270	7	
3271	4	
3272	8	
3273	6	
3274	10	
3275	6	
3276	7	
3277	6	
3278	5	
3279	5	
3280	4	
3281	6	
3282	7	
3283	3	
3284	5	
3285	10	
3286	6	
3287	7	
3288	2	
3289	8	
3290	5	
3291	10	
3292	9	
3293	1	
3294	5	
3295	4	
3296	6	
3297	2	
3298	3	
3299	7	
3300	3	
3301	5	
3302	8	
3303	9	
3304	9	
3305	8	
3306	3	
3307	2	
3308	10	
3309	8	
3310	7	
3311	1	
3312	9	
3313	10	
3314	7	
3315	6	
3316	3	
3317	10	
3318	4	
3319	5	
3320	7	
3321	8	
3322	1	
3323	6	
3324	7	
3325	6	
3326	6	
3327	8	
3328	4	
3329	2	
3330	6	
3331	10	
3332	2	
3333	5	
3334	9	
3335	8	
3336	2	
3337	8	
3338	2	
3339	3	
3340	10	
3341	3	
3342	5	
3343	10	
3344	1	
3345	4	
3346	10	
3347	7	
3348	2	
3349	3	
3350	7	
3351	6	
3352	7	
3353	2	
3354	5	
3355	2	
3356	1	
3357	9	
3358	1	
3359	6	
3360	1	
3361	3	
3362	4	
3363	3	
3364	3	
3365	8	
3366	1	
3367	7	
3368	4	
3369	9	
3370	9	
3371	9	
3372	8	
3373	3	
3374	1	
3375	6	
3376	9	
3377	5	
3378	8	
3379	5	
3380	7	
3381	2	
3382	7	
3383	4	
3384	5	
3385	8	
3386	10	
3387	7	
3388	9	
3389	5	
3390	6	
3391	9	
3392	1	
3393	3	
3394	4	
3395	8	
3396	10	
3397	5	
3398	5	
3399	9	
3400	4	
3401	1	
3402	1	
3403	3	
3404	6	
3405	10	
3406	4	
3407	7	
3408	7	
3409	9	
3410	4	
3411	4	
3412	3	
3413	5	
3414	5	
3415	1	
3416	7	
3417	8	
3418	4	
3419	1	
3420	4	
3421	6	
3422	6	
3423	3	
3424	2	
3425	7	
3426	2	
3427	10	
3428	8	
3429	1	
3430	4	
3431	10	
3432	9	
3433	9	
3434	3	
3435	10	
3436	9	
3437	5	
3438	9	
3439	9	
3440	8	
3441	6	
3442	1	
3443	2	
3444	9	
3445	1	
3446	2	
3447	10	
3448	8	
3449	8	
3450	4	
3451	5	
3452	9	
3453	10	
3454	3	
3455	7	
3456	5	
3457	6	
3458	1	
3459	3	
3460	4	
3461	6	
3462	3	
3463	4	
3464	2	
3465	10	
3466	1	
3467	3	
3468	8	
3469	9	
3470	6	
3471	5	
3472	1	
3473	7	
3474	9	
3475	8	
3476	3	
3477	4	
3478	2	
3479	5	
3480	9	
3481	5	
3482	9	
3483	6	
3484	2	
3485	8	
3486	3	
3487	6	
3488	4	
3489	5	
3490	10	
3491	9	
3492	5	
3493	9	
3494	2	
3495	7	
3496	9	
3497	8	
3498	4	
3499	2	
3500	6	
3501	9	
3502	2	
3503	1	
3504	6	
3505	10	
3506	10	
3507	1	
3508	2	
3509	2	
3510	5	
3511	5	
3512	2	
3513	7	
3514	9	
3515	1	
3516	4	
3517	6	
3518	2	
3519	3	
3520	3	
3521	9	
3522	4	
3523	9	
3524	9	
3525	9	
3526	5	
3527	8	
3528	5	
3529	6	
3530	1	
3531	4	
3532	10	
3533	10	
3534	4	
3535	10	
3536	6	
3537	1	
3538	8	
3539	10	
3540	7	
3541	6	
3542	6	
3543	8	
3544	2	
3545	10	
3546	9	
3547	7	
3548	6	
3549	10	
3550	6	
3551	9	
3552	5	
3553	10	
3554	10	
3555	5	
3556	3	
3557	5	
3558	7	
3559	8	
3560	9	
3561	7	
3562	8	
3563	6	
3564	4	
3565	7	
3566	9	
3567	9	
3568	4	
3569	10	
3570	9	
3571	10	
3572	8	
3573	7	
3574	3	
3575	5	
3576	8	
3577	3	
3578	8	
3579	2	
3580	7	
3581	7	
3582	7	
3583	2	
3584	8	
3585	7	
3586	10	
3587	3	
3588	10	
3589	4	
3590	8	
3591	6	
3592	3	
3593	8	
3594	6	
3595	6	
3596	5	
3597	4	
3598	4	
3599	2	
3600	10	
3601	1	
3602	3	
3603	7	
3604	6	
3605	6	
3606	6	
3607	10	
3608	5	
3609	4	
3610	5	
3611	9	
3612	8	
3613	10	
3614	5	
3615	6	
3616	8	
3617	5	
3618	3	
3619	5	
3620	6	
3621	2	
3622	6	
3623	3	
3624	6	
3625	6	
3626	7	
3627	2	
3628	10	
3629	1	
3630	3	
3631	2	
3632	5	
3633	5	
3634	7	
3635	8	
3636	2	
3637	2	
3638	8	
3639	1	
3640	4	
3641	5	
3642	5	
3643	9	
3644	3	
3645	9	
3646	6	
3647	2	
3648	1	
3649	7	
3650	10	
3651	7	
3652	9	
3653	4	
3654	7	
3655	3	
3656	5	
3657	5	
3658	5	
3659	5	
3660	8	
3661	4	
3662	3	
3663	2	
3664	9	
3665	10	
3666	9	
3667	8	
3668	7	
3669	3	
3670	10	
3671	2	
3672	3	
3673	4	
3674	2	
3675	6	
3676	10	
3677	5	
3678	7	
3679	8	
3680	9	
3681	4	
3682	1	
3683	6	
3684	9	
3685	5	
3686	5	
3687	3	
3688	5	
3689	8	
3690	10	
3691	7	
3692	5	
3693	4	
3694	7	
3695	3	
3696	4	
3697	5	
3698	2	
3699	9	
3700	4	
3701	4	
3702	3	
3703	1	
3704	3	
3705	5	
3706	9	
3707	7	
3708	5	
3709	9	
3710	4	
3711	5	
3712	3	
3713	2	
3714	5	
3715	6	
3716	1	
3717	3	
3718	5	
3719	6	
3720	9	
3721	6	
3722	6	
3723	4	
3724	10	
3725	7	
3726	9	
3727	8	
3728	4	
3729	4	
3730	9	
3731	4	
3732	1	
3733	10	
3734	6	
3735	2	
3736	9	
3737	2	
3738	7	
3739	1	
3740	7	
3741	4	
3742	8	
3743	7	
3744	3	
3745	2	
3746	3	
3747	9	
3748	2	
3749	5	
3750	5	
3751	4	
3752	7	
3753	8	
3754	7	
3755	1	
3756	6	
3757	2	
3758	10	
3759	1	
3760	5	
3761	2	
3762	6	
3763	3	
3764	5	
3765	10	
3766	4	
3767	10	
3768	8	
3769	2	
3770	8	
3771	9	
3772	6	
3773	2	
3774	10	
3775	4	
3776	4	
3777	5	
3778	10	
3779	10	
3780	4	
3781	10	
3782	2	
3783	8	
3784	10	
3785	1	
3786	10	
3787	5	
3788	3	
3789	10	
3790	5	
3791	7	
3792	9	
3793	7	
3794	4	
3795	10	
3796	1	
3797	1	
3798	1	
3799	2	
3800	1	
3801	6	
3802	8	
3803	2	
3804	5	
3805	4	
3806	4	
3807	5	
3808	3	
3809	7	
3810	2	
3811	6	
3812	4	
3813	7	
3814	7	
3815	1	
3816	1	
3817	1	
3818	2	
3819	1	
3820	1	
3821	3	
3822	9	
3823	4	
3824	9	
3825	3	
3826	10	
3827	5	
3828	5	
3829	5	
3830	5	
3831	4	
3832	8	
3833	10	
3834	9	
3835	4	
3836	4	
3837	3	
3838	9	
3839	5	
3840	6	
3841	5	
3842	6	
3843	6	
3844	5	
3845	9	
3846	6	
3847	10	
3848	2	
3849	4	
3850	7	
3851	10	
3852	2	
3853	4	
3854	5	
3855	5	
3856	2	
3857	2	
3858	6	
3859	5	
3860	4	
3861	6	
3862	2	
3863	1	
3864	5	
3865	7	
3866	3	
3867	6	
3868	8	
3869	1	
3870	6	
3871	1	
3872	10	
3873	10	
3874	3	
3875	7	
3876	4	
3877	8	
3878	6	
3879	10	
3880	8	
3881	1	
3882	6	
3883	2	
3884	8	
3885	8	
3886	7	
3887	2	
3888	10	
3889	9	
3890	7	
3891	5	
3892	5	
3893	5	
3894	7	
3895	8	
3896	7	
3897	8	
3898	2	
3899	1	
3900	3	
3901	3	
3902	9	
3903	2	
3904	4	
3905	1	
3906	1	
3907	8	
3908	9	
3909	9	
3910	10	
3911	3	
3912	2	
3913	6	
3914	10	
3915	8	
3916	5	
3917	6	
3918	7	
3919	5	
3920	2	
3921	3	
3922	4	
3923	2	
3924	1	
3925	10	
3926	8	
3927	6	
3928	10	
3929	8	
3930	3	
3931	4	
3932	5	
3933	10	
3934	5	
3935	2	
3936	4	
3937	10	
3938	10	
3939	9	
3940	1	
3941	7	
3942	2	
3943	10	
3944	3	
3945	7	
3946	8	
3947	5	
3948	10	
3949	5	
3950	9	
3951	2	
3952	7	
3953	3	
3954	10	
3955	1	
3956	1	
3957	6	
3958	8	
3959	3	
3960	5	
3961	10	
3962	4	
3963	7	
3964	8	
3965	9	
3966	3	
3967	6	
3968	3	
3969	8	
3970	3	
3971	8	
3972	7	
3973	2	
3974	9	
3975	2	
3976	6	
3977	3	
3978	10	
3979	6	
3980	1	
3981	5	
3982	8	
3983	7	
3984	4	
3985	10	
3986	4	
3987	3	
3988	5	
3989	3	
3990	8	
3991	4	
3992	8	
3993	6	
3994	3	
3995	5	
3996	8	
3997	3	
3998	4	
3999	7	
4000	4	
4001	10	
4002	4	
4003	7	
4004	6	
4005	1	
4006	6	
4007	1	
4008	3	
4009	3	
4010	5	
4011	2	
4012	5	
4013	9	
4014	4	
4015	5	
4016	1	
4017	10	
4018	2	
4019	2	
4020	6	
4021	3	
4022	4	
4023	2	
4024	3	
4025	7	
4026	7	
4027	5	
4028	8	
4029	4	
4030	7	
4031	10	
4032	6	
4033	4	
4034	1	
4035	7	
4036	1	
4037	1	
4038	4	
4039	6	
4040	7	
4041	9	
4042	6	
4043	5	
4044	3	
4045	4	
4046	8	
4047	4	
4048	9	
4049	2	
4050	3	
4051	2	
4052	9	
4053	7	
4054	1	
4055	4	
4056	1	
4057	4	
4058	6	
4059	9	
4060	8	
4061	7	
4062	4	
4063	1	
4064	2	
4065	4	
4066	3	
4067	8	
4068	8	
4069	9	
4070	10	
4071	9	
4072	9	
4073	10	
4074	10	
4075	6	
4076	1	
4077	2	
4078	3	
4079	8	
4080	5	
4081	9	
4082	10	
4083	10	
4084	9	
4085	2	
4086	2	
4087	1	
4088	5	
4089	1	
4090	8	
4091	6	
4092	4	
4093	3	
4094	4	
4095	3	
4096	2	
4097	3	
4098	8	
4099	3	
4100	3	
4101	8	
4102	10	
4103	10	
4104	3	
4105	9	
4106	4	
4107	4	
4108	6	
4109	8	
4110	1	
4111	8	
4112	6	
4113	1	
4114	4	
4115	10	
4116	8	
4117	1	
4118	4	
4119	7	
4120	8	
4121	7	
4122	9	
4123	5	
4124	1	
4125	3	
4126	2	
4127	5	
4128	7	
4129	7	
4130	8	
4131	7	
4132	1	
4133	8	
4134	9	
4135	3	
4136	2	
4137	3	
4138	4	
4139	3	
4140	7	
4141	3	
4142	7	
4143	4	
4144	9	
4145	1	
4146	5	
4147	2	
4148	3	
4149	5	
4150	8	
4151	3	
4152	9	
4153	1	
4154	1	
4155	3	
4156	6	
4157	3	
4158	1	
4159	1	
4160	6	
4161	10	
4162	3	
4163	6	
4164	4	
4165	10	
4166	2	
4167	9	
4168	7	
4169	2	
4170	10	
4171	2	
4172	10	
4173	4	
4174	10	
4175	4	
4176	8	
4177	8	
4178	6	
4179	3	
4180	3	
4181	4	
4182	4	
4183	4	
4184	8	
4185	4	
4186	1	
4187	1	
4188	8	
4189	10	
4190	4	
4191	5	
4192	9	
4193	3	
4194	3	
4195	1	
4196	5	
4197	5	
4198	1	
4199	7	
4200	1	
4201	7	
4202	7	
4203	8	
4204	10	
4205	3	
4206	1	
4207	10	
4208	8	
4209	3	
4210	8	
4211	6	
4212	2	
4213	5	
4214	7	
4215	10	
4216	6	
4217	10	
4218	9	
4219	9	
4220	10	
4221	5	
4222	9	
4223	7	
4224	5	
4225	5	
4226	7	
4227	9	
4228	2	
4229	7	
4230	5	
4231	10	
4232	2	
4233	3	
4234	7	
4235	5	
4236	6	
4237	7	
4238	5	
4239	10	
4240	8	
4241	3	
4242	7	
4243	9	
4244	7	
4245	9	
4246	10	
4247	2	
4248	10	
4249	4	
4250	3	
4251	2	
4252	7	
4253	2	
4254	7	
4255	4	
4256	7	
4257	1	
4258	9	
4259	9	
4260	3	
4261	5	
4262	1	
4263	9	
4264	5	
4265	2	
4266	7	
4267	6	
4268	9	
4269	3	
4270	8	
4271	5	
4272	4	
4273	6	
4274	7	
4275	1	
4276	9	
4277	1	
4278	1	
4279	1	
4280	1	
4281	7	
4282	10	
4283	7	
4284	3	
4285	2	
4286	7	
4287	5	
4288	10	
4289	2	
4290	7	
4291	2	
4292	9	
4293	6	
4294	4	
4295	1	
4296	5	
4297	9	
4298	7	
4299	10	
4300	2	
4301	3	
4302	5	
4303	1	
4304	1	
4305	5	
4306	6	
4307	9	
4308	7	
4309	4	
4310	1	
4311	9	
4312	5	
4313	8	
4314	2	
4315	8	
4316	10	
4317	8	
4318	5	
4319	6	
4320	5	
4321	4	
4322	4	
4323	10	
4324	9	
4325	3	
4326	7	
4327	8	
4328	1	
4329	6	
4330	3	
4331	10	
4332	9	
4333	7	
4334	1	
4335	6	
4336	4	
4337	5	
4338	1	
4339	2	
4340	10	
4341	6	
4342	5	
4343	1	
4344	1	
4345	10	
4346	7	
4347	2	
4348	4	
4349	3	
4350	10	
4351	2	
4352	4	
4353	4	
4354	9	
4355	6	
4356	4	
4357	1	
4358	2	
4359	8	
4360	6	
4361	3	
4362	10	
4363	5	
4364	9	
4365	2	
4366	10	
4367	5	
4368	9	
4369	4	
4370	5	
4371	4	
4372	6	
4373	5	
4374	9	
4375	7	
4376	2	
4377	9	
4378	7	
4379	6	
4380	2	
4381	8	
4382	9	
4383	2	
4384	4	
4385	7	
4386	9	
4387	9	
4388	3	
4389	4	
4390	2	
4391	8	
4392	6	
4393	2	
4394	1	
4395	6	
4396	1	
4397	4	
4398	3	
4399	2	
4400	5	
4401	5	
4402	10	
4403	2	
4404	6	
4405	8	
4406	10	
4407	9	
4408	8	
4409	4	
4410	6	
4411	1	
4412	10	
4413	2	
4414	4	
4415	9	
4416	8	
4417	2	
4418	5	
4419	5	
4420	4	
4421	7	
4422	10	
4423	10	
4424	2	
4425	6	
4426	9	
4427	3	
4428	3	
4429	1	
4430	1	
4431	7	
4432	6	
4433	9	
4434	9	
4435	1	
4436	5	
4437	5	
4438	4	
4439	5	
4440	3	
4441	8	
4442	1	
4443	6	
4444	5	
4445	5	
4446	10	
4447	5	
4448	4	
4449	2	
4450	6	
4451	5	
4452	8	
4453	3	
4454	9	
4455	10	
4456	6	
4457	4	
4458	5	
4459	6	
4460	4	
4461	4	
4462	3	
4463	6	
4464	6	
4465	5	
4466	7	
4467	3	
4468	9	
4469	1	
4470	5	
4471	5	
4472	5	
4473	1	
4474	4	
4475	7	
4476	2	
4477	1	
4478	2	
4479	7	
4480	3	
4481	1	
4482	4	
4483	2	
4484	10	
4485	6	
4486	9	
4487	8	
4488	7	
4489	3	
4490	1	
4491	1	
4492	2	
4493	2	
4494	8	
4495	9	
4496	5	
4497	10	
4498	7	
4499	9	
4500	1	
4501	10	
4502	9	
4503	9	
4504	1	
4505	10	
4506	6	
4507	5	
4508	5	
4509	9	
4510	5	
4511	10	
4512	6	
4513	6	
4514	6	
4515	1	
4516	7	
4517	7	
4518	9	
4519	6	
4520	9	
4521	4	
4522	2	
4523	7	
4524	5	
4525	4	
4526	10	
4527	9	
4528	1	
4529	6	
4530	9	
4531	10	
4532	2	
4533	2	
4534	6	
4535	10	
4536	6	
4537	6	
4538	7	
4539	7	
4540	7	
4541	1	
4542	2	
4543	3	
4544	6	
4545	4	
4546	5	
4547	5	
4548	6	
4549	3	
4550	10	
4551	5	
4552	10	
4553	6	
4554	7	
4555	8	
4556	7	
4557	7	
4558	6	
4559	8	
4560	6	
4561	4	
4562	6	
4563	5	
4564	5	
4565	2	
4566	10	
4567	7	
4568	2	
4569	8	
4570	6	
4571	3	
4572	3	
4573	3	
4574	9	
4575	6	
4576	4	
4577	1	
4578	3	
4579	10	
4580	3	
4581	9	
4582	10	
4583	9	
4584	10	
4585	3	
4586	9	
4587	9	
4588	9	
4589	8	
4590	5	
4591	6	
4592	3	
4593	1	
4594	5	
4595	3	
4596	1	
4597	9	
4598	6	
4599	2	
4600	8	
4601	1	
4602	5	
4603	5	
4604	6	
4605	10	
4606	5	
4607	8	
4608	10	
4609	8	
4610	7	
4611	5	
4612	10	
4613	8	
4614	9	
4615	5	
4616	1	
4617	4	
4618	9	
4619	1	
4620	4	
4621	7	
4622	5	
4623	4	
4624	5	
4625	9	
4626	10	
4627	8	
4628	4	
4629	6	
4630	7	
4631	2	
4632	1	
4633	1	
4634	6	
4635	3	
4636	3	
4637	5	
4638	3	
4639	4	
4640	3	
4641	8	
4642	2	
4643	1	
4644	6	
4645	4	
4646	3	
4647	9	
4648	8	
4649	4	
4650	5	
4651	6	
4652	7	
4653	9	
4654	5	
4655	6	
4656	8	
4657	1	
4658	4	
4659	7	
4660	1	
4661	4	
4662	7	
4663	10	
4664	6	
4665	9	
4666	1	
4667	1	
4668	2	
4669	2	
4670	4	
4671	6	
4672	4	
4673	5	
4674	5	
4675	8	
4676	7	
4677	6	
4678	10	
4679	2	
4680	9	
4681	7	
4682	6	
4683	9	
4684	5	
4685	7	
4686	4	
4687	2	
4688	7	
4689	8	
4690	10	
4691	3	
4692	1	
4693	5	
4694	5	
4695	3	
4696	5	
4697	10	
4698	1	
4699	3	
4700	8	
4701	6	
4702	5	
4703	2	
4704	6	
4705	6	
4706	2	
4707	3	
4708	10	
4709	1	
4710	10	
4711	10	
4712	2	
4713	8	
4714	9	
4715	5	
4716	1	
4717	7	
4718	5	
4719	10	
4720	3	
4721	9	
4722	7	
4723	9	
4724	4	
4725	6	
4726	6	
4727	3	
4728	3	
4729	4	
4730	7	
4731	4	
4732	8	
4733	8	
4734	4	
4735	4	
4736	7	
4737	7	
4738	2	
4739	1	
4740	5	
4741	5	
4742	2	
4743	5	
4744	2	
4745	6	
4746	2	
4747	10	
4748	3	
4749	8	
4750	9	
4751	10	
4752	1	
4753	5	
4754	8	
4755	4	
4756	1	
4757	4	
4758	3	
4759	3	
4760	7	
4761	2	
4762	4	
4763	2	
4764	4	
4765	7	
4766	8	
4767	10	
4768	4	
4769	4	
4770	8	
4771	7	
4772	4	
4773	1	
4774	8	
4775	1	
4776	3	
4777	5	
4778	10	
4779	7	
4780	3	
4781	7	
4782	10	
4783	5	
4784	7	
4785	6	
4786	5	
4787	10	
4788	1	
4789	6	
4790	8	
4791	4	
4792	5	
4793	9	
4794	1	
4795	9	
4796	7	
4797	3	
4798	4	
4799	10	
4800	2	
4801	7	
4802	7	
4803	5	
4804	8	
4805	6	
4806	3	
4807	3	
4808	1	
4809	6	
4810	10	
4811	8	
4812	8	
4813	5	
4814	1	
4815	7	
4816	2	
4817	3	
4818	7	
4819	3	
4820	3	
4821	5	
4822	6	
4823	9	
4824	2	
4825	4	
4826	6	
4827	2	
4828	6	
4829	9	
4830	2	
4831	1	
4832	3	
4833	4	
4834	6	
4835	4	
4836	8	
4837	5	
4838	2	
4839	4	
4840	2	
4841	8	
4842	10	
4843	1	
4844	10	
4845	6	
4846	2	
4847	4	
4848	1	
4849	3	
4850	7	
4851	4	
4852	6	
4853	7	
4854	8	
4855	7	
4856	10	
4857	4	
4858	8	
4859	1	
4860	10	
4861	10	
4862	5	
4863	3	
4864	1	
4865	7	
4866	1	
4867	3	
4868	7	
4869	3	
4870	1	
4871	7	
4872	6	
4873	4	
4874	5	
4875	10	
4876	7	
4877	1	
4878	4	
4879	1	
4880	9	
4881	3	
4882	2	
4883	9	
4884	8	
4885	4	
4886	1	
4887	4	
4888	3	
4889	5	
4890	2	
4891	6	
4892	3	
4893	8	
4894	4	
4895	5	
4896	4	
4897	1	
4898	9	
4899	6	
4900	2	
4901	4	
4902	9	
4903	5	
4904	4	
4905	5	
4906	3	
4907	1	
4908	10	
4909	3	
4910	3	
4911	8	
4912	1	
4913	1	
4914	5	
4915	10	
4916	4	
4917	7	
4918	10	
4919	3	
4920	5	
4921	6	
4922	2	
4923	5	
4924	4	
4925	10	
4926	5	
4927	8	
4928	10	
4929	9	
4930	5	
4931	1	
4932	9	
4933	5	
4934	5	
4935	8	
4936	6	
4937	7	
4938	10	
4939	8	
4940	4	
4941	5	
4942	3	
4943	3	
4944	7	
4945	2	
4946	8	
4947	6	
4948	5	
4949	6	
4950	7	
4951	5	
4952	5	
4953	6	
4954	5	
4955	10	
4956	10	
4957	5	
4958	7	
4959	8	
4960	9	
4961	9	
4962	7	
4963	1	
4964	9	
4965	9	
4966	5	
4967	7	
4968	6	
4969	1	
4970	6	
4971	2	
4972	7	
4973	8	
4974	2	
4975	10	
4976	10	
4977	7	
4978	7	
4979	10	
4980	1	
4981	8	
4982	7	
4983	6	
4984	6	
4985	3	
4986	8	
4987	8	
4988	3	
4989	8	
4990	3	
4991	4	
4992	10	
4993	2	
4994	4	
4995	4	
4996	3	
4997	6	
4998	10	
4999	5	
5000	1	
1366
