5000
1	76	
2	4	
3	14	
4	51	
5	28	
6	62	
7	97	
8	16	
9	89	
10	18	
11	52	
12	87	
13	60	
14	100	
15	53	
16	1	
17	93	
18	44	
19	69	
20	26	
21	25	
22	36	
23	68	
24	7	
25	69	
26	60	
27	42	
28	68	
29	10	
30	99	
31	34	
32	24	
33	36	
34	41	
35	56	
36	81	
37	24	
38	93	
39	88	
40	67	
41	43	
42	50	
43	94	
44	70	
45	23	
46	95	
47	14	
48	38	
49	95	
50	48	
51	47	
52	48	
53	57	
54	12	
55	65	
56	28	
57	33	
58	59	
59	76	
60	42	
61	81	
62	91	
63	56	
64	71	
65	80	
66	56	
67	77	
68	43	
69	36	
70	74	
71	6	
72	22	
73	2	
74	47	
75	64	
76	61	
77	79	
78	7	
79	53	
80	27	
81	14	
82	54	
83	39	
84	90	
85	50	
86	82	
87	52	
88	100	
89	22	
90	47	
91	57	
92	89	
93	73	
94	88	
95	96	
96	61	
97	69	
98	81	
99	44	
100	32	
101	61	
102	76	
103	86	
104	100	
105	97	
106	70	
107	11	
108	3	
109	87	
110	37	
111	83	
112	59	
113	93	
114	13	
115	73	
116	99	
117	15	
118	89	
119	97	
120	13	
121	92	
122	77	
123	48	
124	7	
125	53	
126	67	
127	40	
128	88	
129	71	
130	11	
131	46	
132	57	
133	19	
134	60	
135	5	
136	58	
137	45	
138	71	
139	70	
140	12	
141	7	
142	81	
143	11	
144	11	
145	37	
146	18	
147	98	
148	15	
149	85	
150	70	
151	49	
152	49	
153	62	
154	100	
155	2	
156	88	
157	42	
158	71	
159	98	
160	5	
161	17	
162	75	
163	94	
164	62	
165	17	
166	34	
167	99	
168	76	
169	90	
170	81	
171	51	
172	90	
173	5	
174	2	
175	39	
176	11	
177	14	
178	5	
179	26	
180	60	
181	35	
182	45	
183	100	
184	64	
185	1	
186	85	
187	34	
188	77	
189	44	
190	41	
191	50	
192	71	
193	36	
194	8	
195	41	
196	34	
197	16	
198	46	
199	63	
200	21	
201	31	
202	97	
203	63	
204	67	
205	3	
206	45	
207	4	
208	54	
209	63	
210	45	
211	32	
212	40	
213	99	
214	41	
215	94	
216	79	
217	72	
218	84	
219	13	
220	46	
221	94	
222	89	
223	13	
224	40	
225	44	
226	40	
227	3	
228	49	
229	19	
230	31	
231	89	
232	10	
233	1	
234	86	
235	61	
236	56	
237	61	
238	41	
239	65	
240	45	
241	5	
242	23	
243	57	
244	63	
245	18	
246	11	
247	10	
248	18	
249	40	
250	20	
251	67	
252	63	
253	61	
254	42	
255	51	
256	93	
257	80	
258	44	
259	15	
260	73	
261	11	
262	13	
263	87	
264	47	
265	95	
266	2	
267	2	
268	12	
269	9	
270	75	
271	100	
272	79	
273	36	
274	23	
275	33	
276	74	
277	87	
278	30	
279	17	
280	80	
281	53	
282	34	
283	83	
284	3	
285	12	
286	97	
287	59	
288	57	
289	37	
290	11	
291	74	
292	64	
293	24	
294	30	
295	51	
296	55	
297	38	
298	62	
299	22	
300	12	
301	96	
302	39	
303	78	
304	21	
305	7	
306	12	
307	27	
308	89	
309	28	
310	95	
311	10	
312	62	
313	66	
314	46	
315	98	
316	42	
317	49	
318	41	
319	74	
320	93	
321	22	
322	3	
323	56	
324	46	
325	45	
326	15	
327	50	
328	99	
329	94	
330	45	
331	100	
332	95	
333	57	
334	60	
335	82	
336	15	
337	95	
338	7	
339	24	
340	56	
341	45	
342	42	
343	94	
344	92	
345	92	
346	79	
347	80	
348	90	
349	85	
350	31	
351	64	
352	8	
353	4	
354	64	
355	100	
356	57	
357	67	
358	99	
359	79	
360	38	
361	42	
362	37	
363	81	
364	58	
365	74	
366	31	
367	53	
368	64	
369	11	
370	35	
371	52	
372	18	
373	48	
374	66	
375	56	
376	33	
377	15	
378	86	
379	28	
380	17	
381	27	
382	35	
383	64	
384	63	
385	11	
386	59	
387	51	
388	78	
389	18	
390	8	
391	19	
392	69	
393	23	
394	50	
395	96	
396	77	
397	80	
398	72	
399	38	
400	45	
401	88	
402	25	
403	42	
404	43	
405	66	
406	20	
407	18	
408	50	
409	58	
410	58	
411	39	
412	91	
413	13	
414	85	
415	55	
416	54	
417	91	
418	88	
419	56	
420	12	
421	29	
422	91	
423	13	
424	60	
425	40	
426	5	
427	78	
428	24	
429	38	
430	22	
431	63	
432	46	
433	70	
434	93	
435	79	
436	69	
437	98	
438	60	
439	26	
440	23	
441	18	
442	80	
443	32	
444	54	
445	15	
446	52	
447	57	
448	1	
449	35	
450	63	
451	37	
452	97	
453	49	
454	55	
455	50	
456	14	
457	75	
458	66	
459	47	
460	18	
461	69	
462	42	
463	49	
464	6	
465	72	
466	58	
467	30	
468	6	
469	2	
470	65	
471	36	
472	91	
473	66	
474	100	
475	40	
476	23	
477	71	
478	20	
479	93	
480	3	
481	75	
482	95	
483	19	
484	42	
485	85	
486	5	
487	70	
488	88	
489	9	
490	1	
491	91	
492	63	
493	17	
494	11	
495	11	
496	38	
497	99	
498	53	
499	72	
500	2	
501	79	
502	60	
503	85	
504	55	
505	55	
506	17	
507	7	
508	37	
509	87	
510	83	
511	60	
512	48	
513	24	
514	48	
515	21	
516	30	
517	86	
518	61	
519	65	
520	14	
521	85	
522	41	
523	100	
524	24	
525	85	
526	74	
527	7	
528	82	
529	27	
530	9	
531	57	
532	26	
533	24	
534	9	
535	33	
536	34	
537	41	
538	80	
539	100	
540	90	
541	63	
542	46	
543	5	
544	54	
545	90	
546	100	
547	9	
548	26	
549	68	
550	18	
551	18	
552	3	
553	81	
554	15	
555	57	
556	49	
557	86	
558	7	
559	58	
560	57	
561	95	
562	55	
563	96	
564	6	
565	90	
566	63	
567	75	
568	45	
569	15	
570	97	
571	92	
572	99	
573	16	
574	100	
575	85	
576	43	
577	57	
578	17	
579	67	
580	50	
581	62	
582	89	
583	29	
584	100	
585	53	
586	90	
587	92	
588	2	
589	3	
590	77	
591	63	
592	43	
593	12	
594	19	
595	62	
596	89	
597	25	
598	30	
599	8	
600	88	
601	58	
602	55	
603	42	
604	71	
605	30	
606	39	
607	16	
608	51	
609	20	
610	91	
611	68	
612	13	
613	73	
614	46	
615	20	
616	44	
617	47	
618	71	
619	58	
620	74	
621	69	
622	49	
623	7	
624	10	
625	81	
626	97	
627	46	
628	1	
629	88	
630	100	
631	4	
632	94	
633	46	
634	55	
635	56	
636	83	
637	53	
638	68	
639	41	
640	3	
641	80	
642	43	
643	28	
644	68	
645	53	
646	76	
647	41	
648	64	
649	96	
650	70	
651	15	
652	42	
653	40	
654	67	
655	97	
656	56	
657	71	
658	88	
659	30	
660	83	
661	80	
662	31	
663	66	
664	88	
665	18	
666	68	
667	39	
668	79	
669	64	
670	2	
671	29	
672	75	
673	12	
674	89	
675	99	
676	14	
677	21	
678	64	
679	4	
680	8	
681	23	
682	86	
683	62	
684	41	
685	55	
686	30	
687	91	
688	33	
689	74	
690	88	
691	27	
692	30	
693	32	
694	55	
695	19	
696	21	
697	23	
698	31	
699	82	
700	74	
701	63	
702	30	
703	51	
704	42	
705	97	
706	9	
707	36	
708	29	
709	82	
710	57	
711	62	
712	55	
713	54	
714	96	
715	60	
716	16	
717	95	
718	3	
719	62	
720	59	
721	45	
722	99	
723	28	
724	91	
725	58	
726	45	
727	94	
728	98	
729	48	
730	32	
731	43	
732	37	
733	3	
734	100	
735	12	
736	86	
737	91	
738	38	
739	35	
740	46	
741	59	
742	32	
743	63	
744	86	
745	50	
746	55	
747	40	
748	7	
749	100	
750	17	
751	1	
752	99	
753	37	
754	86	
755	51	
756	1	
757	59	
758	89	
759	44	
760	31	
761	99	
762	38	
763	99	
764	3	
765	52	
766	63	
767	100	
768	96	
769	93	
770	65	
771	70	
772	8	
773	37	
774	37	
775	54	
776	61	
777	98	
778	64	
779	95	
780	29	
781	65	
782	53	
783	10	
784	24	
785	74	
786	32	
787	32	
788	90	
789	70	
790	79	
791	49	
792	52	
793	57	
794	46	
795	61	
796	41	
797	54	
798	72	
799	82	
800	14	
801	52	
802	49	
803	91	
804	29	
805	72	
806	67	
807	69	
808	15	
809	11	
810	55	
811	65	
812	35	
813	83	
814	19	
815	22	
816	4	
817	43	
818	59	
819	1	
820	91	
821	77	
822	62	
823	13	
824	88	
825	21	
826	88	
827	58	
828	91	
829	12	
830	6	
831	4	
832	20	
833	87	
834	47	
835	2	
836	57	
837	15	
838	55	
839	53	
840	65	
841	45	
842	71	
843	1	
844	13	
845	5	
846	58	
847	28	
848	44	
849	9	
850	48	
851	76	
852	87	
853	88	
854	59	
855	86	
856	47	
857	48	
858	11	
859	5	
860	96	
861	87	
862	51	
863	83	
864	74	
865	31	
866	46	
867	81	
868	30	
869	91	
870	5	
871	20	
872	22	
873	27	
874	29	
875	84	
876	34	
877	68	
878	55	
879	61	
880	11	
881	75	
882	54	
883	77	
884	32	
885	81	
886	41	
887	99	
888	70	
889	73	
890	4	
891	76	
892	85	
893	86	
894	32	
895	1	
896	47	
897	84	
898	16	
899	73	
900	49	
901	44	
902	60	
903	10	
904	35	
905	2	
906	33	
907	1	
908	15	
909	80	
910	10	
911	13	
912	30	
913	70	
914	90	
915	57	
916	27	
917	45	
918	17	
919	94	
920	93	
921	22	
922	2	
923	56	
924	14	
925	50	
926	84	
927	22	
928	88	
929	13	
930	70	
931	5	
932	61	
933	49	
934	73	
935	67	
936	72	
937	26	
938	98	
939	53	
940	51	
941	65	
942	82	
943	35	
944	1	
945	38	
946	20	
947	76	
948	14	
949	59	
950	87	
951	48	
952	68	
953	100	
954	46	
955	16	
956	22	
957	19	
958	9	
959	90	
960	20	
961	91	
962	51	
963	83	
964	68	
965	79	
966	83	
967	70	
968	28	
969	86	
970	53	
971	96	
972	99	
973	25	
974	24	
975	20	
976	11	
977	50	
978	67	
979	1	
980	81	
981	97	
982	58	
983	77	
984	58	
985	91	
986	96	
987	58	
988	6	
989	80	
990	59	
991	48	
992	92	
993	30	
994	5	
995	40	
996	71	
997	89	
998	67	
999	96	
1000	4	
1001	39	
1002	86	
1003	25	
1004	31	
1005	23	
1006	7	
1007	99	
1008	69	
1009	67	
1010	32	
1011	69	
1012	76	
1013	96	
1014	15	
1015	20	
1016	76	
1017	58	
1018	31	
1019	11	
1020	53	
1021	74	
1022	32	
1023	97	
1024	92	
1025	73	
1026	93	
1027	63	
1028	13	
1029	16	
1030	49	
1031	60	
1032	76	
1033	80	
1034	56	
1035	97	
1036	42	
1037	5	
1038	44	
1039	81	
1040	14	
1041	28	
1042	23	
1043	16	
1044	90	
1045	27	
1046	21	
1047	37	
1048	61	
1049	77	
1050	32	
1051	98	
1052	32	
1053	5	
1054	69	
1055	40	
1056	79	
1057	73	
1058	46	
1059	9	
1060	95	
1061	76	
1062	64	
1063	11	
1064	91	
1065	70	
1066	83	
1067	28	
1068	41	
1069	8	
1070	67	
1071	82	
1072	11	
1073	87	
1074	3	
1075	45	
1076	48	
1077	39	
1078	13	
1079	10	
1080	38	
1081	18	
1082	2	
1083	56	
1084	55	
1085	32	
1086	85	
1087	22	
1088	74	
1089	53	
1090	1	
1091	14	
1092	93	
1093	100	
1094	53	
1095	61	
1096	30	
1097	85	
1098	37	
1099	5	
1100	23	
1101	20	
1102	83	
1103	93	
1104	32	
1105	25	
1106	49	
1107	93	
1108	65	
1109	8	
1110	67	
1111	9	
1112	67	
1113	83	
1114	87	
1115	36	
1116	45	
1117	100	
1118	34	
1119	39	
1120	1	
1121	7	
1122	74	
1123	25	
1124	46	
1125	1	
1126	47	
1127	25	
1128	68	
1129	100	
1130	80	
1131	49	
1132	33	
1133	48	
1134	85	
1135	23	
1136	80	
1137	65	
1138	12	
1139	80	
1140	58	
1141	1	
1142	22	
1143	82	
1144	39	
1145	32	
1146	52	
1147	39	
1148	19	
1149	4	
1150	65	
1151	14	
1152	23	
1153	84	
1154	28	
1155	43	
1156	59	
1157	31	
1158	83	
1159	100	
1160	15	
1161	80	
1162	96	
1163	100	
1164	23	
1165	12	
1166	29	
1167	52	
1168	100	
1169	57	
1170	13	
1171	85	
1172	31	
1173	55	
1174	79	
1175	43	
1176	35	
1177	38	
1178	92	
1179	45	
1180	85	
1181	1	
1182	69	
1183	28	
1184	1	
1185	19	
1186	72	
1187	71	
1188	59	
1189	33	
1190	73	
1191	78	
1192	44	
1193	36	
1194	19	
1195	13	
1196	33	
1197	42	
1198	58	
1199	95	
1200	24	
1201	70	
1202	72	
1203	33	
1204	63	
1205	13	
1206	46	
1207	17	
1208	6	
1209	37	
1210	33	
1211	74	
1212	46	
1213	43	
1214	51	
1215	60	
1216	46	
1217	94	
1218	41	
1219	38	
1220	67	
1221	20	
1222	85	
1223	34	
1224	18	
1225	85	
1226	63	
1227	64	
1228	74	
1229	80	
1230	69	
1231	33	
1232	99	
1233	99	
1234	76	
1235	87	
1236	19	
1237	85	
1238	2	
1239	31	
1240	62	
1241	13	
1242	8	
1243	37	
1244	23	
1245	13	
1246	7	
1247	63	
1248	67	
1249	81	
1250	92	
1251	76	
1252	43	
1253	43	
1254	94	
1255	81	
1256	86	
1257	83	
1258	84	
1259	23	
1260	86	
1261	18	
1262	61	
1263	97	
1264	78	
1265	33	
1266	46	
1267	16	
1268	7	
1269	96	
1270	28	
1271	23	
1272	8	
1273	13	
1274	92	
1275	78	
1276	88	
1277	40	
1278	72	
1279	13	
1280	40	
1281	45	
1282	41	
1283	60	
1284	67	
1285	51	
1286	32	
1287	26	
1288	35	
1289	66	
1290	47	
1291	28	
1292	95	
1293	78	
1294	63	
1295	76	
1296	5	
1297	91	
1298	13	
1299	68	
1300	66	
1301	29	
1302	47	
1303	50	
1304	27	
1305	21	
1306	94	
1307	95	
1308	60	
1309	7	
1310	71	
1311	14	
1312	28	
1313	6	
1314	87	
1315	59	
1316	18	
1317	44	
1318	25	
1319	46	
1320	67	
1321	93	
1322	56	
1323	87	
1324	47	
1325	49	
1326	27	
1327	78	
1328	75	
1329	58	
1330	22	
1331	94	
1332	5	
1333	54	
1334	20	
1335	83	
1336	37	
1337	91	
1338	29	
1339	62	
1340	55	
1341	92	
1342	87	
1343	25	
1344	36	
1345	56	
1346	83	
1347	65	
1348	88	
1349	37	
1350	55	
1351	29	
1352	19	
1353	32	
1354	82	
1355	90	
1356	42	
1357	26	
1358	12	
1359	14	
1360	68	
1361	46	
1362	81	
1363	59	
1364	7	
1365	83	
1366	71	
1367	87	
1368	38	
1369	37	
1370	26	
1371	15	
1372	19	
1373	44	
1374	42	
1375	38	
1376	48	
1377	6	
1378	21	
1379	5	
1380	70	
1381	7	
1382	22	
1383	66	
1384	19	
1385	72	
1386	38	
1387	58	
1388	37	
1389	51	
1390	63	
1391	29	
1392	74	
1393	67	
1394	86	
1395	94	
1396	45	
1397	90	
1398	51	
1399	90	
1400	12	
1401	55	
1402	25	
1403	59	
1404	98	
1405	58	
1406	41	
1407	82	
1408	3	
1409	37	
1410	92	
1411	48	
1412	52	
1413	78	
1414	47	
1415	22	
1416	22	
1417	17	
1418	28	
1419	6	
1420	8	
1421	73	
1422	24	
1423	63	
1424	83	
1425	8	
1426	44	
1427	81	
1428	19	
1429	24	
1430	41	
1431	79	
1432	29	
1433	90	
1434	66	
1435	78	
1436	44	
1437	72	
1438	27	
1439	21	
1440	66	
1441	52	
1442	41	
1443	97	
1444	34	
1445	77	
1446	42	
1447	5	
1448	60	
1449	43	
1450	31	
1451	8	
1452	78	
1453	39	
1454	26	
1455	59	
1456	11	
1457	73	
1458	31	
1459	65	
1460	36	
1461	12	
1462	97	
1463	63	
1464	25	
1465	66	
1466	8	
1467	60	
1468	62	
1469	62	
1470	46	
1471	39	
1472	28	
1473	16	
1474	43	
1475	17	
1476	51	
1477	65	
1478	98	
1479	98	
1480	39	
1481	61	
1482	48	
1483	25	
1484	60	
1485	50	
1486	42	
1487	46	
1488	60	
1489	4	
1490	89	
1491	81	
1492	25	
1493	4	
1494	14	
1495	33	
1496	97	
1497	39	
1498	87	
1499	40	
1500	92	
1501	82	
1502	30	
1503	55	
1504	98	
1505	81	
1506	47	
1507	52	
1508	52	
1509	61	
1510	72	
1511	69	
1512	61	
1513	100	
1514	46	
1515	64	
1516	46	
1517	46	
1518	87	
1519	79	
1520	51	
1521	79	
1522	43	
1523	39	
1524	46	
1525	41	
1526	57	
1527	98	
1528	89	
1529	100	
1530	73	
1531	42	
1532	30	
1533	10	
1534	45	
1535	94	
1536	80	
1537	90	
1538	73	
1539	29	
1540	4	
1541	94	
1542	8	
1543	28	
1544	58	
1545	87	
1546	83	
1547	14	
1548	87	
1549	78	
1550	6	
1551	35	
1552	83	
1553	10	
1554	96	
1555	63	
1556	26	
1557	26	
1558	98	
1559	74	
1560	60	
1561	10	
1562	92	
1563	8	
1564	79	
1565	26	
1566	32	
1567	19	
1568	33	
1569	96	
1570	72	
1571	53	
1572	56	
1573	4	
1574	93	
1575	1	
1576	27	
1577	67	
1578	28	
1579	43	
1580	8	
1581	71	
1582	51	
1583	38	
1584	78	
1585	34	
1586	58	
1587	71	
1588	50	
1589	68	
1590	16	
1591	92	
1592	19	
1593	20	
1594	56	
1595	8	
1596	12	
1597	35	
1598	42	
1599	31	
1600	86	
1601	30	
1602	5	
1603	28	
1604	4	
1605	22	
1606	8	
1607	17	
1608	52	
1609	100	
1610	64	
1611	98	
1612	53	
1613	76	
1614	33	
1615	27	
1616	57	
1617	11	
1618	14	
1619	21	
1620	9	
1621	35	
1622	19	
1623	69	
1624	94	
1625	75	
1626	26	
1627	34	
1628	28	
1629	65	
1630	49	
1631	70	
1632	22	
1633	89	
1634	36	
1635	33	
1636	27	
1637	89	
1638	5	
1639	59	
1640	1	
1641	57	
1642	29	
1643	32	
1644	77	
1645	94	
1646	33	
1647	3	
1648	31	
1649	1	
1650	87	
1651	25	
1652	28	
1653	14	
1654	17	
1655	29	
1656	96	
1657	26	
1658	2	
1659	7	
1660	48	
1661	67	
1662	58	
1663	95	
1664	47	
1665	93	
1666	68	
1667	65	
1668	98	
1669	21	
1670	31	
1671	72	
1672	25	
1673	47	
1674	39	
1675	84	
1676	77	
1677	69	
1678	31	
1679	78	
1680	93	
1681	95	
1682	26	
1683	72	
1684	83	
1685	90	
1686	60	
1687	59	
1688	78	
1689	95	
1690	64	
1691	35	
1692	7	
1693	34	
1694	100	
1695	15	
1696	26	
1697	37	
1698	78	
1699	99	
1700	28	
1701	97	
1702	43	
1703	43	
1704	44	
1705	77	
1706	71	
1707	76	
1708	48	
1709	28	
1710	78	
1711	43	
1712	71	
1713	53	
1714	91	
1715	58	
1716	5	
1717	34	
1718	88	
1719	8	
1720	4	
1721	67	
1722	35	
1723	38	
1724	55	
1725	34	
1726	12	
1727	33	
1728	14	
1729	78	
1730	17	
1731	96	
1732	2	
1733	42	
1734	36	
1735	37	
1736	8	
1737	73	
1738	41	
1739	9	
1740	91	
1741	48	
1742	15	
1743	91	
1744	12	
1745	21	
1746	21	
1747	90	
1748	79	
1749	60	
1750	7	
1751	52	
1752	93	
1753	33	
1754	59	
1755	35	
1756	85	
1757	94	
1758	98	
1759	7	
1760	65	
1761	12	
1762	22	
1763	84	
1764	56	
1765	7	
1766	99	
1767	90	
1768	55	
1769	92	
1770	73	
1771	50	
1772	2	
1773	29	
1774	21	
1775	9	
1776	5	
1777	41	
1778	93	
1779	94	
1780	57	
1781	29	
1782	54	
1783	30	
1784	65	
1785	47	
1786	30	
1787	6	
1788	12	
1789	19	
1790	89	
1791	18	
1792	43	
1793	34	
1794	1	
1795	55	
1796	81	
1797	65	
1798	68	
1799	30	
1800	53	
1801	81	
1802	54	
1803	53	
1804	36	
1805	78	
1806	41	
1807	38	
1808	85	
1809	33	
1810	63	
1811	35	
1812	94	
1813	40	
1814	40	
1815	86	
1816	62	
1817	10	
1818	86	
1819	45	
1820	70	
1821	45	
1822	42	
1823	13	
1824	58	
1825	41	
1826	1	
1827	59	
1828	34	
1829	68	
1830	46	
1831	96	
1832	43	
1833	22	
1834	69	
1835	54	
1836	42	
1837	56	
1838	71	
1839	74	
1840	93	
1841	42	
1842	54	
1843	63	
1844	91	
1845	3	
1846	59	
1847	78	
1848	58	
1849	85	
1850	27	
1851	34	
1852	16	
1853	27	
1854	56	
1855	90	
1856	44	
1857	69	
1858	35	
1859	35	
1860	55	
1861	67	
1862	90	
1863	24	
1864	33	
1865	43	
1866	89	
1867	38	
1868	95	
1869	94	
1870	62	
1871	56	
1872	89	
1873	48	
1874	14	
1875	94	
1876	39	
1877	2	
1878	40	
1879	36	
1880	58	
1881	17	
1882	38	
1883	41	
1884	53	
1885	78	
1886	61	
1887	9	
1888	21	
1889	65	
1890	71	
1891	77	
1892	59	
1893	47	
1894	4	
1895	52	
1896	35	
1897	10	
1898	79	
1899	93	
1900	49	
1901	21	
1902	75	
1903	53	
1904	92	
1905	26	
1906	89	
1907	84	
1908	51	
1909	63	
1910	38	
1911	56	
1912	41	
1913	70	
1914	15	
1915	15	
1916	66	
1917	29	
1918	42	
1919	76	
1920	62	
1921	5	
1922	76	
1923	82	
1924	35	
1925	20	
1926	99	
1927	78	
1928	28	
1929	1	
1930	55	
1931	7	
1932	1	
1933	33	
1934	58	
1935	21	
1936	31	
1937	85	
1938	53	
1939	100	
1940	27	
1941	63	
1942	66	
1943	80	
1944	80	
1945	19	
1946	70	
1947	56	
1948	11	
1949	89	
1950	22	
1951	56	
1952	15	
1953	43	
1954	87	
1955	54	
1956	99	
1957	37	
1958	60	
1959	82	
1960	16	
1961	72	
1962	76	
1963	51	
1964	18	
1965	57	
1966	34	
1967	55	
1968	98	
1969	9	
1970	47	
1971	99	
1972	10	
1973	41	
1974	44	
1975	13	
1976	58	
1977	17	
1978	38	
1979	75	
1980	23	
1981	30	
1982	99	
1983	40	
1984	44	
1985	41	
1986	83	
1987	68	
1988	26	
1989	3	
1990	90	
1991	69	
1992	77	
1993	24	
1994	75	
1995	98	
1996	26	
1997	14	
1998	48	
1999	32	
2000	68	
2001	61	
2002	94	
2003	80	
2004	29	
2005	31	
2006	19	
2007	86	
2008	64	
2009	11	
2010	51	
2011	6	
2012	43	
2013	31	
2014	1	
2015	38	
2016	84	
2017	7	
2018	22	
2019	100	
2020	81	
2021	17	
2022	42	
2023	15	
2024	33	
2025	17	
2026	15	
2027	83	
2028	57	
2029	76	
2030	31	
2031	91	
2032	42	
2033	58	
2034	15	
2035	48	
2036	72	
2037	42	
2038	100	
2039	33	
2040	86	
2041	82	
2042	23	
2043	82	
2044	42	
2045	25	
2046	70	
2047	55	
2048	59	
2049	3	
2050	93	
2051	24	
2052	67	
2053	12	
2054	88	
2055	31	
2056	76	
2057	26	
2058	57	
2059	39	
2060	73	
2061	18	
2062	72	
2063	45	
2064	36	
2065	100	
2066	61	
2067	31	
2068	10	
2069	69	
2070	74	
2071	95	
2072	23	
2073	34	
2074	43	
2075	74	
2076	73	
2077	76	
2078	12	
2079	34	
2080	7	
2081	34	
2082	83	
2083	6	
2084	41	
2085	64	
2086	35	
2087	83	
2088	24	
2089	88	
2090	41	
2091	46	
2092	84	
2093	61	
2094	51	
2095	34	
2096	41	
2097	58	
2098	5	
2099	64	
2100	100	
2101	1	
2102	38	
2103	15	
2104	20	
2105	14	
2106	94	
2107	43	
2108	76	
2109	3	
2110	71	
2111	88	
2112	66	
2113	7	
2114	42	
2115	30	
2116	31	
2117	64	
2118	8	
2119	80	
2120	14	
2121	67	
2122	18	
2123	75	
2124	86	
2125	33	
2126	95	
2127	9	
2128	97	
2129	41	
2130	55	
2131	48	
2132	77	
2133	54	
2134	88	
2135	58	
2136	93	
2137	23	
2138	18	
2139	96	
2140	42	
2141	75	
2142	12	
2143	69	
2144	88	
2145	88	
2146	86	
2147	21	
2148	24	
2149	1	
2150	2	
2151	84	
2152	81	
2153	82	
2154	65	
2155	27	
2156	68	
2157	93	
2158	41	
2159	27	
2160	82	
2161	8	
2162	15	
2163	95	
2164	30	
2165	47	
2166	11	
2167	52	
2168	81	
2169	65	
2170	4	
2171	79	
2172	12	
2173	11	
2174	7	
2175	32	
2176	94	
2177	22	
2178	84	
2179	91	
2180	65	
2181	7	
2182	35	
2183	55	
2184	79	
2185	6	
2186	98	
2187	49	
2188	74	
2189	65	
2190	49	
2191	92	
2192	46	
2193	52	
2194	24	
2195	64	
2196	27	
2197	29	
2198	72	
2199	64	
2200	21	
2201	23	
2202	83	
2203	89	
2204	54	
2205	4	
2206	39	
2207	26	
2208	60	
2209	84	
2210	80	
2211	40	
2212	69	
2213	13	
2214	64	
2215	37	
2216	85	
2217	7	
2218	44	
2219	86	
2220	79	
2221	47	
2222	94	
2223	83	
2224	29	
2225	89	
2226	46	
2227	39	
2228	59	
2229	59	
2230	15	
2231	71	
2232	5	
2233	94	
2234	92	
2235	61	
2236	31	
2237	2	
2238	33	
2239	39	
2240	97	
2241	15	
2242	62	
2243	75	
2244	41	
2245	76	
2246	32	
2247	41	
2248	94	
2249	20	
2250	40	
2251	90	
2252	29	
2253	53	
2254	77	
2255	69	
2256	37	
2257	26	
2258	34	
2259	30	
2260	91	
2261	71	
2262	23	
2263	72	
2264	76	
2265	37	
2266	95	
2267	40	
2268	68	
2269	40	
2270	69	
2271	50	
2272	18	
2273	47	
2274	5	
2275	85	
2276	65	
2277	51	
2278	1	
2279	48	
2280	51	
2281	78	
2282	82	
2283	28	
2284	33	
2285	7	
2286	13	
2287	61	
2288	63	
2289	68	
2290	36	
2291	83	
2292	87	
2293	70	
2294	53	
2295	64	
2296	31	
2297	81	
2298	15	
2299	94	
2300	36	
2301	55	
2302	86	
2303	55	
2304	91	
2305	67	
2306	73	
2307	37	
2308	96	
2309	3	
2310	19	
2311	61	
2312	67	
2313	52	
2314	97	
2315	37	
2316	97	
2317	62	
2318	27	
2319	4	
2320	98	
2321	55	
2322	92	
2323	3	
2324	78	
2325	35	
2326	76	
2327	95	
2328	29	
2329	46	
2330	85	
2331	78	
2332	48	
2333	50	
2334	37	
2335	8	
2336	75	
2337	68	
2338	76	
2339	32	
2340	35	
2341	44	
2342	40	
2343	97	
2344	28	
2345	95	
2346	65	
2347	93	
2348	81	
2349	66	
2350	27	
2351	50	
2352	76	
2353	2	
2354	17	
2355	33	
2356	65	
2357	28	
2358	21	
2359	64	
2360	63	
2361	31	
2362	57	
2363	1	
2364	64	
2365	74	
2366	2	
2367	3	
2368	55	
2369	81	
2370	100	
2371	65	
2372	82	
2373	73	
2374	50	
2375	4	
2376	87	
2377	23	
2378	16	
2379	35	
2380	49	
2381	7	
2382	8	
2383	30	
2384	62	
2385	18	
2386	12	
2387	14	
2388	19	
2389	73	
2390	44	
2391	88	
2392	5	
2393	9	
2394	74	
2395	71	
2396	59	
2397	15	
2398	20	
2399	92	
2400	3	
2401	11	
2402	93	
2403	58	
2404	92	
2405	99	
2406	17	
2407	25	
2408	95	
2409	31	
2410	28	
2411	32	
2412	12	
2413	44	
2414	67	
2415	49	
2416	19	
2417	54	
2418	88	
2419	37	
2420	97	
2421	4	
2422	9	
2423	39	
2424	50	
2425	84	
2426	57	
2427	47	
2428	14	
2429	53	
2430	83	
2431	9	
2432	78	
2433	90	
2434	68	
2435	100	
2436	58	
2437	86	
2438	58	
2439	5	
2440	18	
2441	92	
2442	97	
2443	8	
2444	3	
2445	46	
2446	20	
2447	35	
2448	20	
2449	55	
2450	90	
2451	71	
2452	19	
2453	90	
2454	71	
2455	24	
2456	31	
2457	19	
2458	97	
2459	50	
2460	5	
2461	75	
2462	41	
2463	44	
2464	25	
2465	29	
2466	65	
2467	6	
2468	80	
2469	65	
2470	49	
2471	16	
2472	49	
2473	5	
2474	21	
2475	46	
2476	93	
2477	84	
2478	90	
2479	55	
2480	45	
2481	41	
2482	94	
2483	88	
2484	20	
2485	94	
2486	34	
2487	12	
2488	43	
2489	19	
2490	27	
2491	83	
2492	11	
2493	69	
2494	20	
2495	45	
2496	47	
2497	57	
2498	28	
2499	78	
2500	85	
2501	5	
2502	62	
2503	89	
2504	43	
2505	11	
2506	25	
2507	39	
2508	87	
2509	99	
2510	62	
2511	94	
2512	13	
2513	19	
2514	67	
2515	76	
2516	45	
2517	98	
2518	63	
2519	30	
2520	27	
2521	71	
2522	27	
2523	39	
2524	33	
2525	97	
2526	100	
2527	29	
2528	17	
2529	6	
2530	88	
2531	85	
2532	65	
2533	41	
2534	56	
2535	25	
2536	57	
2537	26	
2538	84	
2539	66	
2540	69	
2541	71	
2542	39	
2543	91	
2544	57	
2545	2	
2546	34	
2547	86	
2548	18	
2549	91	
2550	58	
2551	8	
2552	27	
2553	64	
2554	76	
2555	74	
2556	35	
2557	61	
2558	15	
2559	4	
2560	47	
2561	47	
2562	18	
2563	58	
2564	26	
2565	26	
2566	99	
2567	91	
2568	10	
2569	30	
2570	76	
2571	68	
2572	74	
2573	3	
2574	14	
2575	99	
2576	28	
2577	86	
2578	58	
2579	62	
2580	22	
2581	76	
2582	3	
2583	15	
2584	51	
2585	6	
2586	35	
2587	47	
2588	24	
2589	73	
2590	43	
2591	41	
2592	52	
2593	77	
2594	97	
2595	38	
2596	90	
2597	32	
2598	25	
2599	12	
2600	100	
2601	66	
2602	18	
2603	41	
2604	55	
2605	28	
2606	19	
2607	42	
2608	51	
2609	46	
2610	41	
2611	81	
2612	46	
2613	74	
2614	57	
2615	74	
2616	34	
2617	8	
2618	72	
2619	79	
2620	72	
2621	74	
2622	44	
2623	37	
2624	57	
2625	72	
2626	34	
2627	5	
2628	81	
2629	78	
2630	75	
2631	44	
2632	32	
2633	62	
2634	1	
2635	56	
2636	80	
2637	13	
2638	53	
2639	47	
2640	46	
2641	3	
2642	68	
2643	35	
2644	33	
2645	73	
2646	76	
2647	15	
2648	44	
2649	31	
2650	18	
2651	46	
2652	33	
2653	36	
2654	75	
2655	12	
2656	38	
2657	87	
2658	4	
2659	38	
2660	9	
2661	5	
2662	40	
2663	82	
2664	17	
2665	3	
2666	50	
2667	62	
2668	28	
2669	87	
2670	17	
2671	87	
2672	64	
2673	20	
2674	94	
2675	60	
2676	48	
2677	84	
2678	38	
2679	70	
2680	19	
2681	99	
2682	18	
2683	87	
2684	69	
2685	66	
2686	88	
2687	85	
2688	94	
2689	2	
2690	5	
2691	74	
2692	52	
2693	33	
2694	18	
2695	15	
2696	25	
2697	33	
2698	85	
2699	30	
2700	60	
2701	22	
2702	23	
2703	22	
2704	82	
2705	58	
2706	61	
2707	91	
2708	63	
2709	28	
2710	33	
2711	8	
2712	80	
2713	19	
2714	67	
2715	3	
2716	100	
2717	17	
2718	38	
2719	57	
2720	22	
2721	39	
2722	62	
2723	56	
2724	38	
2725	53	
2726	94	
2727	7	
2728	49	
2729	92	
2730	57	
2731	45	
2732	83	
2733	37	
2734	78	
2735	79	
2736	16	
2737	57	
2738	97	
2739	17	
2740	37	
2741	68	
2742	17	
2743	49	
2744	18	
2745	64	
2746	74	
2747	49	
2748	11	
2749	25	
2750	46	
2751	8	
2752	57	
2753	28	
2754	62	
2755	45	
2756	60	
2757	62	
2758	7	
2759	33	
2760	4	
2761	47	
2762	79	
2763	15	
2764	54	
2765	57	
2766	99	
2767	71	
2768	85	
2769	40	
2770	80	
2771	61	
2772	87	
2773	65	
2774	20	
2775	17	
2776	11	
2777	21	
2778	39	
2779	62	
2780	26	
2781	97	
2782	84	
2783	5	
2784	80	
2785	57	
2786	35	
2787	9	
2788	58	
2789	39	
2790	62	
2791	69	
2792	91	
2793	11	
2794	86	
2795	79	
2796	69	
2797	86	
2798	61	
2799	85	
2800	54	
2801	40	
2802	44	
2803	52	
2804	45	
2805	91	
2806	31	
2807	87	
2808	44	
2809	3	
2810	25	
2811	66	
2812	85	
2813	18	
2814	7	
2815	73	
2816	75	
2817	16	
2818	6	
2819	3	
2820	71	
2821	97	
2822	83	
2823	73	
2824	86	
2825	87	
2826	55	
2827	10	
2828	83	
2829	95	
2830	25	
2831	94	
2832	79	
2833	29	
2834	73	
2835	90	
2836	30	
2837	58	
2838	89	
2839	72	
2840	4	
2841	70	
2842	73	
2843	32	
2844	87	
2845	20	
2846	80	
2847	83	
2848	17	
2849	51	
2850	62	
2851	84	
2852	96	
2853	28	
2854	77	
2855	35	
2856	76	
2857	76	
2858	26	
2859	40	
2860	85	
2861	69	
2862	75	
2863	62	
2864	7	
2865	58	
2866	88	
2867	86	
2868	63	
2869	1	
2870	20	
2871	75	
2872	72	
2873	13	
2874	99	
2875	9	
2876	57	
2877	54	
2878	71	
2879	88	
2880	3	
2881	10	
2882	76	
2883	20	
2884	65	
2885	35	
2886	29	
2887	40	
2888	26	
2889	82	
2890	47	
2891	80	
2892	38	
2893	15	
2894	14	
2895	76	
2896	62	
2897	67	
2898	57	
2899	65	
2900	47	
2901	36	
2902	73	
2903	61	
2904	96	
2905	97	
2906	18	
2907	13	
2908	10	
2909	97	
2910	99	
2911	44	
2912	9	
2913	10	
2914	92	
2915	22	
2916	25	
2917	15	
2918	91	
2919	95	
2920	83	
2921	48	
2922	25	
2923	83	
2924	79	
2925	50	
2926	35	
2927	89	
2928	70	
2929	62	
2930	15	
2931	11	
2932	51	
2933	72	
2934	31	
2935	37	
2936	47	
2937	30	
2938	39	
2939	19	
2940	83	
2941	40	
2942	16	
2943	74	
2944	58	
2945	51	
2946	29	
2947	39	
2948	45	
2949	48	
2950	38	
2951	53	
2952	20	
2953	51	
2954	48	
2955	29	
2956	84	
2957	14	
2958	82	
2959	65	
2960	53	
2961	25	
2962	95	
2963	7	
2964	27	
2965	41	
2966	7	
2967	1	
2968	82	
2969	75	
2970	45	
2971	84	
2972	83	
2973	68	
2974	24	
2975	7	
2976	47	
2977	72	
2978	92	
2979	2	
2980	69	
2981	9	
2982	47	
2983	37	
2984	73	
2985	91	
2986	9	
2987	73	
2988	93	
2989	90	
2990	46	
2991	55	
2992	51	
2993	29	
2994	17	
2995	9	
2996	14	
2997	31	
2998	1	
2999	31	
3000	17	
3001	45	
3002	73	
3003	71	
3004	48	
3005	37	
3006	77	
3007	14	
3008	31	
3009	78	
3010	48	
3011	56	
3012	88	
3013	39	
3014	77	
3015	24	
3016	45	
3017	75	
3018	48	
3019	91	
3020	1	
3021	3	
3022	60	
3023	12	
3024	82	
3025	33	
3026	56	
3027	99	
3028	85	
3029	89	
3030	100	
3031	23	
3032	15	
3033	91	
3034	71	
3035	33	
3036	52	
3037	10	
3038	75	
3039	80	
3040	87	
3041	77	
3042	18	
3043	73	
3044	82	
3045	25	
3046	9	
3047	94	
3048	85	
3049	27	
3050	9	
3051	17	
3052	4	
3053	97	
3054	63	
3055	91	
3056	27	
3057	10	
3058	1	
3059	43	
3060	64	
3061	44	
3062	21	
3063	62	
3064	36	
3065	67	
3066	90	
3067	22	
3068	7	
3069	24	
3070	52	
3071	21	
3072	67	
3073	32	
3074	74	
3075	56	
3076	69	
3077	100	
3078	63	
3079	43	
3080	5	
3081	45	
3082	99	
3083	9	
3084	24	
3085	23	
3086	72	
3087	45	
3088	85	
3089	67	
3090	44	
3091	66	
3092	10	
3093	71	
3094	95	
3095	64	
3096	2	
3097	46	
3098	31	
3099	93	
3100	46	
3101	91	
3102	30	
3103	8	
3104	90	
3105	24	
3106	47	
3107	38	
3108	59	
3109	48	
3110	18	
3111	62	
3112	88	
3113	95	
3114	75	
3115	3	
3116	74	
3117	86	
3118	19	
3119	50	
3120	26	
3121	98	
3122	72	
3123	87	
3124	56	
3125	91	
3126	15	
3127	84	
3128	63	
3129	15	
3130	54	
3131	39	
3132	89	
3133	46	
3134	37	
3135	30	
3136	17	
3137	72	
3138	14	
3139	47	
3140	80	
3141	24	
3142	87	
3143	63	
3144	31	
3145	77	
3146	80	
3147	17	
3148	53	
3149	54	
3150	51	
3151	13	
3152	59	
3153	88	
3154	18	
3155	63	
3156	9	
3157	68	
3158	5	
3159	35	
3160	43	
3161	12	
3162	46	
3163	20	
3164	51	
3165	25	
3166	42	
3167	39	
3168	71	
3169	29	
3170	79	
3171	86	
3172	70	
3173	89	
3174	21	
3175	40	
3176	21	
3177	9	
3178	99	
3179	72	
3180	95	
3181	38	
3182	37	
3183	39	
3184	75	
3185	80	
3186	93	
3187	57	
3188	30	
3189	21	
3190	48	
3191	69	
3192	92	
3193	41	
3194	68	
3195	27	
3196	85	
3197	30	
3198	41	
3199	26	
3200	86	
3201	27	
3202	25	
3203	80	
3204	11	
3205	55	
3206	22	
3207	27	
3208	67	
3209	65	
3210	76	
3211	27	
3212	33	
3213	18	
3214	5	
3215	60	
3216	43	
3217	8	
3218	58	
3219	6	
3220	3	
3221	55	
3222	21	
3223	65	
3224	36	
3225	43	
3226	91	
3227	81	
3228	27	
3229	91	
3230	65	
3231	12	
3232	43	
3233	90	
3234	25	
3235	72	
3236	59	
3237	41	
3238	47	
3239	16	
3240	89	
3241	21	
3242	86	
3243	64	
3244	78	
3245	4	
3246	58	
3247	59	
3248	7	
3249	92	
3250	69	
3251	2	
3252	23	
3253	49	
3254	4	
3255	44	
3256	15	
3257	82	
3258	12	
3259	69	
3260	48	
3261	45	
3262	99	
3263	33	
3264	17	
3265	9	
3266	22	
3267	48	
3268	99	
3269	52	
3270	7	
3271	4	
3272	78	
3273	86	
3274	90	
3275	56	
3276	7	
3277	86	
3278	45	
3279	5	
3280	74	
3281	46	
3282	37	
3283	53	
3284	15	
3285	60	
3286	36	
3287	77	
3288	62	
3289	38	
3290	75	
3291	80	
3292	29	
3293	31	
3294	15	
3295	4	
3296	66	
3297	32	
3298	13	
3299	57	
3300	43	
3301	95	
3302	8	
3303	39	
3304	59	
3305	68	
3306	23	
3307	82	
3308	60	
3309	68	
3310	57	
3311	81	
3312	89	
3313	40	
3314	47	
3315	26	
3316	43	
3317	80	
3318	54	
3319	25	
3320	57	
3321	18	
3322	51	
3323	6	
3324	37	
3325	46	
3326	56	
3327	38	
3328	54	
3329	12	
3330	6	
3331	10	
3332	22	
3333	95	
3334	59	
3335	28	
3336	32	
3337	18	
3338	22	
3339	63	
3340	60	
3341	43	
3342	55	
3343	40	
3344	31	
3345	34	
3346	90	
3347	37	
3348	82	
3349	73	
3350	17	
3351	76	
3352	87	
3353	82	
3354	45	
3355	2	
3356	81	
3357	9	
3358	51	
3359	86	
3360	31	
3361	73	
3362	24	
3363	33	
3364	53	
3365	88	
3366	91	
3367	17	
3368	4	
3369	89	
3370	99	
3371	99	
3372	88	
3373	3	
3374	11	
3375	26	
3376	29	
3377	85	
3378	8	
3379	75	
3380	77	
3381	2	
3382	27	
3383	54	
3384	25	
3385	28	
3386	100	
3387	17	
3388	9	
3389	45	
3390	76	
3391	29	
3392	71	
3393	83	
3394	84	
3395	78	
3396	100	
3397	45	
3398	45	
3399	19	
3400	4	
3401	41	
3402	81	
3403	33	
3404	16	
3405	40	
3406	4	
3407	47	
3408	27	
3409	29	
3410	94	
3411	4	
3412	83	
3413	95	
3414	25	
3415	81	
3416	7	
3417	78	
3418	74	
3419	31	
3420	84	
3421	26	
3422	86	
3423	83	
3424	22	
3425	37	
3426	42	
3427	10	
3428	78	
3429	11	
3430	64	
3431	80	
3432	99	
3433	29	
3434	73	
3435	70	
3436	19	
3437	25	
3438	79	
3439	9	
3440	68	
3441	26	
3442	71	
3443	72	
3444	89	
3445	1	
3446	82	
3447	20	
3448	48	
3449	48	
3450	64	
3451	55	
3452	19	
3453	20	
3454	13	
3455	27	
3456	25	
3457	16	
3458	81	
3459	93	
3460	84	
3461	46	
3462	53	
3463	24	
3464	22	
3465	90	
3466	11	
3467	53	
3468	78	
3469	99	
3470	76	
3471	35	
3472	1	
3473	67	
3474	69	
3475	38	
3476	43	
3477	64	
3478	32	
3479	5	
3480	89	
3481	75	
3482	69	
3483	46	
3484	62	
3485	18	
3486	63	
3487	86	
3488	44	
3489	95	
3490	90	
3491	99	
3492	65	
3493	29	
3494	52	
3495	87	
3496	69	
3497	48	
3498	54	
3499	72	
3500	16	
3501	9	
3502	62	
3503	11	
3504	26	
3505	40	
3506	20	
3507	51	
3508	52	
3509	72	
3510	75	
3511	5	
3512	82	
3513	87	
3514	39	
3515	31	
3516	64	
3517	56	
3518	42	
3519	23	
3520	3	
3521	19	
3522	24	
3523	19	
3524	99	
3525	89	
3526	65	
3527	48	
3528	55	
3529	26	
3530	11	
3531	4	
3532	30	
3533	80	
3534	34	
3535	30	
3536	26	
3537	71	
3538	18	
3539	50	
3540	77	
3541	96	
3542	96	
3543	88	
3544	22	
3545	60	
3546	99	
3547	47	
3548	46	
3549	20	
3550	26	
3551	99	
3552	85	
3553	40	
3554	100	
3555	45	
3556	63	
3557	25	
3558	7	
3559	88	
3560	29	
3561	77	
3562	58	
3563	96	
3564	44	
3565	87	
3566	79	
3567	19	
3568	94	
3569	50	
3570	29	
3571	80	
3572	58	
3573	17	
3574	83	
3575	5	
3576	98	
3577	73	
3578	88	
3579	42	
3580	27	
3581	27	
3582	17	
3583	2	
3584	58	
3585	17	
3586	50	
3587	63	
3588	100	
3589	14	
3590	18	
3591	86	
3592	63	
3593	28	
3594	46	
3595	86	
3596	25	
3597	84	
3598	94	
3599	52	
3600	90	
3601	61	
3602	33	
3603	57	
3604	86	
3605	46	
3606	76	
3607	80	
3608	5	
3609	34	
3610	55	
3611	39	
3612	28	
3613	20	
3614	85	
3615	16	
3616	48	
3617	35	
3618	73	
3619	55	
3620	16	
3621	12	
3622	76	
3623	63	
3624	36	
3625	76	
3626	87	
3627	62	
3628	10	
3629	61	
3630	83	
3631	2	
3632	85	
3633	25	
3634	67	
3635	8	
3636	2	
3637	12	
3638	18	
3639	71	
3640	24	
3641	65	
3642	15	
3643	59	
3644	73	
3645	29	
3646	46	
3647	32	
3648	21	
3649	17	
3650	30	
3651	17	
3652	59	
3653	74	
3654	87	
3655	3	
3656	45	
3657	65	
3658	35	
3659	5	
3660	38	
3661	54	
3662	93	
3663	92	
3664	99	
3665	10	
3666	79	
3667	18	
3668	97	
3669	23	
3670	10	
3671	32	
3672	3	
3673	44	
3674	82	
3675	66	
3676	10	
3677	75	
3678	37	
3679	98	
3680	49	
3681	24	
3682	61	
3683	86	
3684	59	
3685	45	
3686	75	
3687	13	
3688	25	
3689	98	
3690	100	
3691	67	
3692	15	
3693	64	
3694	37	
3695	3	
3696	74	
3697	95	
3698	92	
3699	39	
3700	84	
3701	14	
3702	3	
3703	91	
3704	53	
3705	15	
3706	89	
3707	7	
3708	45	
3709	9	
3710	14	
3711	95	
3712	73	
3713	52	
3714	45	
3715	86	
3716	61	
3717	93	
3718	45	
3719	26	
3720	29	
3721	96	
3722	6	
3723	4	
3724	10	
3725	47	
3726	59	
3727	58	
3728	24	
3729	54	
3730	99	
3731	14	
3732	71	
3733	90	
3734	26	
3735	62	
3736	79	
3737	72	
3738	47	
3739	91	
3740	37	
3741	4	
3742	48	
3743	67	
3744	73	
3745	92	
3746	23	
3747	29	
3748	12	
3749	25	
3750	5	
3751	34	
3752	17	
3753	38	
3754	27	
3755	11	
3756	46	
3757	62	
3758	30	
3759	11	
3760	45	
3761	52	
3762	96	
3763	63	
3764	5	
3765	10	
3766	94	
3767	70	
3768	28	
3769	72	
3770	98	
3771	49	
3772	56	
3773	12	
3774	100	
3775	74	
3776	64	
3777	5	
3778	50	
3779	30	
3780	54	
3781	10	
3782	42	
3783	68	
3784	20	
3785	81	
3786	20	
3787	45	
3788	33	
3789	30	
3790	35	
3791	47	
3792	39	
3793	47	
3794	94	
3795	80	
3796	31	
3797	31	
3798	21	
3799	2	
3800	1	
3801	6	
3802	98	
3803	82	
3804	55	
3805	64	
3806	54	
3807	35	
3808	3	
3809	67	
3810	12	
3811	86	
3812	84	
3813	7	
3814	77	
3815	1	
3816	51	
3817	41	
3818	92	
3819	81	
3820	71	
3821	63	
3822	49	
3823	54	
3824	39	
3825	63	
3826	90	
3827	95	
3828	5	
3829	85	
3830	45	
3831	64	
3832	38	
3833	40	
3834	89	
3835	14	
3836	94	
3837	33	
3838	49	
3839	75	
3840	46	
3841	5	
3842	46	
3843	76	
3844	85	
3845	9	
3846	66	
3847	60	
3848	42	
3849	34	
3850	97	
3851	100	
3852	62	
3853	44	
3854	45	
3855	35	
3856	72	
3857	72	
3858	96	
3859	45	
3860	74	
3861	96	
3862	22	
3863	81	
3864	35	
3865	47	
3866	53	
3867	96	
3868	48	
3869	91	
3870	46	
3871	81	
3872	80	
3873	80	
3874	83	
3875	57	
3876	54	
3877	8	
3878	76	
3879	50	
3880	88	
3881	71	
3882	36	
3883	82	
3884	88	
3885	78	
3886	47	
3887	22	
3888	100	
3889	29	
3890	27	
3891	5	
3892	15	
3893	75	
3894	77	
3895	8	
3896	67	
3897	38	
3898	22	
3899	41	
3900	53	
3901	93	
3902	89	
3903	22	
3904	14	
3905	91	
3906	1	
3907	28	
3908	59	
3909	59	
3910	20	
3911	43	
3912	42	
3913	36	
3914	80	
3915	18	
3916	45	
3917	56	
3918	67	
3919	5	
3920	52	
3921	43	
3922	24	
3923	52	
3924	51	
3925	70	
3926	18	
3927	46	
3928	30	
3929	58	
3930	53	
3931	4	
3932	35	
3933	20	
3934	85	
3935	42	
3936	84	
3937	80	
3938	20	
3939	19	
3940	31	
3941	67	
3942	42	
3943	70	
3944	3	
3945	7	
3946	38	
3947	25	
3948	10	
3949	75	
3950	19	
3951	62	
3952	7	
3953	33	
3954	10	
3955	1	
3956	51	
3957	26	
3958	8	
3959	63	
3960	85	
3961	50	
3962	54	
3963	47	
3964	88	
3965	79	
3966	3	
3967	36	
3968	13	
3969	68	
3970	13	
3971	28	
3972	67	
3973	32	
3974	89	
3975	92	
3976	76	
3977	93	
3978	10	
3979	26	
3980	31	
3981	75	
3982	98	
3983	77	
3984	94	
3985	20	
3986	74	
3987	53	
3988	75	
3989	23	
3990	68	
3991	54	
3992	28	
3993	76	
3994	93	
3995	35	
3996	68	
3997	83	
3998	74	
3999	37	
4000	94	
4001	30	
4002	4	
4003	67	
4004	86	
4005	1	
4006	26	
4007	21	
4008	33	
4009	53	
4010	75	
4011	2	
4012	75	
4013	39	
4014	14	
4015	95	
4016	41	
4017	60	
4018	72	
4019	12	
4020	6	
4021	53	
4022	14	
4023	32	
4024	3	
4025	97	
4026	97	
4027	75	
4028	8	
4029	64	
4030	7	
4031	60	
4032	26	
4033	64	
4034	1	
4035	97	
4036	1	
4037	51	
4038	64	
4039	56	
4040	57	
4041	89	
4042	86	
4043	45	
4044	3	
4045	4	
4046	88	
4047	4	
4048	59	
4049	12	
4050	23	
4051	42	
4052	9	
4053	27	
4054	81	
4055	4	
4056	1	
4057	24	
4058	86	
4059	49	
4060	28	
4061	77	
4062	74	
4063	11	
4064	22	
4065	74	
4066	83	
4067	38	
4068	8	
4069	9	
4070	20	
4071	29	
4072	69	
4073	50	
4074	10	
4075	26	
4076	31	
4077	82	
4078	63	
4079	68	
4080	65	
4081	49	
4082	40	
4083	70	
4084	99	
4085	42	
4086	2	
4087	51	
4088	55	
4089	31	
4090	98	
4091	66	
4092	24	
4093	3	
4094	54	
4095	3	
4096	22	
4097	33	
4098	98	
4099	73	
4100	83	
4101	8	
4102	10	
4103	30	
4104	53	
4105	99	
4106	4	
4107	34	
4108	86	
4109	48	
4110	41	
4111	38	
4112	86	
4113	91	
4114	54	
4115	20	
4116	18	
4117	1	
4118	84	
4119	17	
4120	48	
4121	67	
4122	39	
4123	25	
4124	11	
4125	13	
4126	32	
4127	55	
4128	17	
4129	37	
4130	88	
4131	47	
4132	41	
4133	88	
4134	29	
4135	13	
4136	52	
4137	33	
4138	44	
4139	13	
4140	37	
4141	43	
4142	47	
4143	14	
4144	19	
4145	1	
4146	15	
4147	42	
4148	23	
4149	65	
4150	28	
4151	73	
4152	49	
4153	51	
4154	1	
4155	43	
4156	86	
4157	53	
4158	71	
4159	21	
4160	96	
4161	30	
4162	43	
4163	36	
4164	14	
4165	20	
4166	82	
4167	99	
4168	27	
4169	92	
4170	10	
4171	22	
4172	80	
4173	74	
4174	100	
4175	74	
4176	48	
4177	88	
4178	36	
4179	53	
4180	53	
4181	34	
4182	34	
4183	24	
4184	38	
4185	64	
4186	21	
4187	91	
4188	88	
4189	80	
4190	44	
4191	5	
4192	99	
4193	43	
4194	63	
4195	71	
4196	35	
4197	85	
4198	81	
4199	67	
4200	21	
4201	87	
4202	97	
4203	58	
4204	50	
4205	3	
4206	61	
4207	60	
4208	28	
4209	83	
4210	28	
4211	16	
4212	82	
4213	35	
4214	77	
4215	50	
4216	66	
4217	10	
4218	79	
4219	99	
4220	90	
4221	25	
4222	19	
4223	37	
4224	25	
4225	45	
4226	37	
4227	89	
4228	32	
4229	27	
4230	5	
4231	70	
4232	92	
4233	43	
4234	77	
4235	85	
4236	16	
4237	67	
4238	65	
4239	80	
4240	88	
4241	63	
4242	77	
4243	89	
4244	7	
4245	29	
4246	50	
4247	42	
4248	10	
4249	84	
4250	83	
4251	12	
4252	87	
4253	2	
4254	27	
4255	54	
4256	67	
4257	11	
4258	29	
4259	29	
4260	93	
4261	5	
4262	11	
4263	99	
4264	5	
4265	52	
4266	27	
4267	26	
4268	29	
4269	93	
4270	98	
4271	35	
4272	84	
4273	96	
4274	27	
4275	81	
4276	39	
4277	11	
4278	21	
4279	61	
4280	1	
4281	67	
4282	40	
4283	77	
4284	13	
4285	92	
4286	17	
4287	95	
4288	100	
4289	82	
4290	27	
4291	52	
4292	89	
4293	16	
4294	34	
4295	91	
4296	95	
4297	89	
4298	27	
4299	30	
4300	42	
4301	43	
4302	5	
4303	81	
4304	71	
4305	5	
4306	56	
4307	39	
4308	7	
4309	14	
4310	81	
4311	59	
4312	65	
4313	58	
4314	22	
4315	68	
4316	50	
4317	38	
4318	45	
4319	6	
4320	85	
4321	74	
4322	54	
4323	70	
4324	9	
4325	23	
4326	67	
4327	58	
4328	71	
4329	86	
4330	53	
4331	80	
4332	79	
4333	97	
4334	1	
4335	26	
4336	94	
4337	75	
4338	81	
4339	12	
4340	70	
4341	66	
4342	95	
4343	51	
4344	11	
4345	50	
4346	7	
4347	2	
4348	14	
4349	93	
4350	10	
4351	72	
4352	34	
4353	54	
4354	59	
4355	86	
4356	4	
4357	11	
4358	82	
4359	8	
4360	16	
4361	33	
4362	100	
4363	85	
4364	79	
4365	92	
4366	40	
4367	85	
4368	29	
4369	94	
4370	45	
4371	24	
4372	6	
4373	15	
4374	19	
4375	17	
4376	62	
4377	39	
4378	17	
4379	86	
4380	62	
4381	48	
4382	69	
4383	92	
4384	34	
4385	27	
4386	29	
4387	49	
4388	63	
4389	84	
4390	42	
4391	68	
4392	16	
4393	72	
4394	61	
4395	16	
4396	91	
4397	64	
4398	3	
4399	42	
4400	35	
4401	45	
4402	10	
4403	2	
4404	96	
4405	28	
4406	20	
4407	59	
4408	8	
4409	64	
4410	36	
4411	61	
4412	30	
4413	52	
4414	94	
4415	79	
4416	98	
4417	92	
4418	65	
4419	75	
4420	14	
4421	97	
4422	40	
4423	70	
4424	72	
4425	16	
4426	19	
4427	23	
4428	3	
4429	61	
4430	1	
4431	27	
4432	96	
4433	9	
4434	69	
4435	91	
4436	35	
4437	85	
4438	74	
4439	55	
4440	13	
4441	58	
4442	81	
4443	26	
4444	65	
4445	5	
4446	60	
4447	65	
4448	54	
4449	42	
4450	26	
4451	15	
4452	28	
4453	23	
4454	39	
4455	60	
4456	16	
4457	24	
4458	95	
4459	96	
4460	94	
4461	14	
4462	83	
4463	6	
4464	86	
4465	85	
4466	57	
4467	43	
4468	89	
4469	51	
4470	15	
4471	5	
4472	55	
4473	1	
4474	84	
4475	47	
4476	12	
4477	71	
4478	32	
4479	77	
4480	73	
4481	61	
4482	74	
4483	62	
4484	10	
4485	66	
4486	89	
4487	88	
4488	47	
4489	53	
4490	21	
4491	51	
4492	52	
4493	32	
4494	8	
4495	39	
4496	75	
4497	30	
4498	87	
4499	9	
4500	91	
4501	90	
4502	49	
4503	19	
4504	31	
4505	40	
4506	96	
4507	65	
4508	95	
4509	89	
4510	25	
4511	20	
4512	36	
4513	76	
4514	86	
4515	91	
4516	7	
4517	57	
4518	39	
4519	6	
4520	69	
4521	94	
4522	12	
4523	77	
4524	95	
4525	94	
4526	90	
4527	39	
4528	31	
4529	36	
4530	99	
4531	10	
4532	12	
4533	22	
4534	76	
4535	70	
4536	56	
4537	36	
4538	87	
4539	27	
4540	37	
4541	51	
4542	72	
4543	73	
4544	86	
4545	4	
4546	85	
4547	35	
4548	36	
4549	33	
4550	80	
4551	95	
4552	100	
4553	56	
4554	17	
4555	38	
4556	17	
4557	57	
4558	86	
4559	98	
4560	56	
4561	54	
4562	56	
4563	45	
4564	85	
4565	2	
4566	50	
4567	17	
4568	72	
4569	48	
4570	26	
4571	23	
4572	23	
4573	3	
4574	49	
4575	46	
4576	24	
4577	21	
4578	73	
4579	10	
4580	73	
4581	9	
4582	30	
4583	59	
4584	90	
4585	83	
4586	59	
4587	49	
4588	79	
4589	88	
4590	15	
4591	36	
4592	3	
4593	1	
4594	75	
4595	43	
4596	61	
4597	59	
4598	96	
4599	82	
4600	68	
4601	1	
4602	15	
4603	85	
4604	36	
4605	90	
4606	75	
4607	48	
4608	70	
4609	18	
4610	87	
4611	55	
4612	90	
4613	38	
4614	49	
4615	45	
4616	51	
4617	94	
4618	19	
4619	51	
4620	84	
4621	97	
4622	35	
4623	44	
4624	35	
4625	49	
4626	100	
4627	48	
4628	94	
4629	56	
4630	17	
4631	42	
4632	31	
4633	51	
4634	86	
4635	3	
4636	53	
4637	35	
4638	63	
4639	34	
4640	3	
4641	68	
4642	2	
4643	91	
4644	26	
4645	4	
4646	63	
4647	19	
4648	8	
4649	94	
4650	45	
4651	16	
4652	97	
4653	29	
4654	15	
4655	6	
4656	78	
4657	61	
4658	54	
4659	87	
4660	21	
4661	34	
4662	27	
4663	40	
4664	26	
4665	29	
4666	11	
4667	51	
4668	2	
4669	52	
4670	84	
4671	86	
4672	44	
4673	95	
4674	75	
4675	38	
4676	57	
4677	6	
4678	90	
4679	42	
4680	89	
4681	87	
4682	56	
4683	39	
4684	85	
4685	87	
4686	54	
4687	72	
4688	97	
4689	58	
4690	90	
4691	33	
4692	41	
4693	65	
4694	35	
4695	53	
4696	85	
4697	80	
4698	21	
4699	73	
4700	78	
4701	6	
4702	55	
4703	32	
4704	56	
4705	66	
4706	62	
4707	83	
4708	80	
4709	81	
4710	90	
4711	80	
4712	62	
4713	48	
4714	49	
4715	25	
4716	21	
4717	97	
4718	25	
4719	100	
4720	23	
4721	79	
4722	7	
4723	9	
4724	4	
4725	16	
4726	56	
4727	13	
4728	3	
4729	24	
4730	97	
4731	34	
4732	78	
4733	8	
4734	84	
4735	14	
4736	17	
4737	37	
4738	82	
4739	91	
4740	15	
4741	5	
4742	72	
4743	65	
4744	2	
4745	26	
4746	52	
4747	10	
4748	93	
4749	48	
4750	59	
4751	10	
4752	61	
4753	65	
4754	98	
4755	64	
4756	11	
4757	24	
4758	63	
4759	63	
4760	97	
4761	32	
4762	14	
4763	42	
4764	54	
4765	87	
4766	58	
4767	70	
4768	44	
4769	74	
4770	28	
4771	37	
4772	14	
4773	1	
4774	68	
4775	61	
4776	93	
4777	85	
4778	60	
4779	57	
4780	33	
4781	87	
4782	30	
4783	95	
4784	87	
4785	56	
4786	75	
4787	50	
4788	41	
4789	36	
4790	28	
4791	4	
4792	95	
4793	9	
4794	1	
4795	9	
4796	57	
4797	63	
4798	34	
4799	80	
4800	32	
4801	67	
4802	87	
4803	95	
4804	28	
4805	6	
4806	13	
4807	63	
4808	81	
4809	76	
4810	30	
4811	18	
4812	8	
4813	35	
4814	51	
4815	7	
4816	32	
4817	43	
4818	37	
4819	83	
4820	23	
4821	65	
4822	46	
4823	19	
4824	52	
4825	34	
4826	66	
4827	2	
4828	16	
4829	99	
4830	52	
4831	81	
4832	63	
4833	24	
4834	36	
4835	94	
4836	58	
4837	55	
4838	92	
4839	84	
4840	92	
4841	68	
4842	30	
4843	51	
4844	70	
4845	56	
4846	42	
4847	34	
4848	1	
4849	43	
4850	37	
4851	94	
4852	36	
4853	47	
4854	58	
4855	97	
4856	20	
4857	84	
4858	28	
4859	41	
4860	70	
4861	100	
4862	35	
4863	33	
4864	61	
4865	27	
4866	91	
4867	33	
4868	87	
4869	33	
4870	1	
4871	27	
4872	66	
4873	84	
4874	55	
4875	50	
4876	17	
4877	1	
4878	94	
4879	11	
4880	89	
4881	23	
4882	62	
4883	99	
4884	98	
4885	74	
4886	91	
4887	34	
4888	53	
4889	95	
4890	12	
4891	56	
4892	13	
4893	78	
4894	44	
4895	55	
4896	84	
4897	81	
4898	59	
4899	66	
4900	52	
4901	24	
4902	59	
4903	5	
4904	44	
4905	5	
4906	53	
4907	91	
4908	70	
4909	43	
4910	63	
4911	38	
4912	21	
4913	1	
4914	85	
4915	100	
4916	54	
4917	77	
4918	10	
4919	33	
4920	25	
4921	46	
4922	22	
4923	25	
4924	94	
4925	40	
4926	95	
4927	68	
4928	50	
4929	49	
4930	85	
4931	81	
4932	9	
4933	35	
4934	55	
4935	78	
4936	86	
4937	87	
4938	30	
4939	48	
4940	24	
4941	5	
4942	23	
4943	53	
4944	37	
4945	42	
4946	58	
4947	66	
4948	35	
4949	36	
4950	87	
4951	75	
4952	25	
4953	66	
4954	45	
4955	100	
4956	100	
4957	75	
4958	87	
4959	8	
4960	99	
4961	89	
4962	17	
4963	71	
4964	29	
4965	79	
4966	85	
4967	57	
4968	76	
4969	41	
4970	36	
4971	42	
4972	77	
4973	68	
4974	12	
4975	70	
4976	20	
4977	97	
4978	97	
4979	100	
4980	71	
4981	88	
4982	17	
4983	96	
4984	56	
4985	83	
4986	98	
4987	18	
4988	33	
4989	58	
4990	53	
4991	94	
4992	60	
4993	2	
4994	74	
4995	84	
4996	33	
4997	76	
4998	60	
4999	55	
5000	61	
12579
