1000
1	3	
2	3	
3	9	
4	6	
5	7	
6	1	
7	6	
8	3	
9	10	
10	7	
11	7	
12	10	
13	7	
14	5	
15	4	
16	2	
17	8	
18	1	
19	10	
20	5	
21	4	
22	5	
23	5	
24	2	
25	10	
26	1	
27	9	
28	5	
29	7	
30	6	
31	3	
32	5	
33	3	
34	2	
35	5	
36	6	
37	1	
38	6	
39	9	
40	4	
41	6	
42	9	
43	1	
44	7	
45	10	
46	4	
47	9	
48	7	
49	10	
50	9	
51	2	
52	1	
53	6	
54	5	
55	10	
56	1	
57	10	
58	4	
59	9	
60	5	
61	6	
62	8	
63	9	
64	10	
65	7	
66	3	
67	6	
68	2	
69	5	
70	9	
71	5	
72	5	
73	7	
74	6	
75	5	
76	10	
77	4	
78	2	
79	2	
80	6	
81	1	
82	3	
83	6	
84	9	
85	9	
86	1	
87	1	
88	9	
89	3	
90	8	
91	2	
92	4	
93	6	
94	5	
95	1	
96	4	
97	2	
98	6	
99	1	
100	9	
101	10	
102	5	
103	3	
104	7	
105	2	
106	3	
107	4	
108	10	
109	2	
110	4	
111	10	
112	4	
113	2	
114	8	
115	10	
116	10	
117	2	
118	8	
119	10	
120	2	
121	5	
122	2	
123	7	
124	2	
125	4	
126	4	
127	9	
128	7	
129	10	
130	10	
131	7	
132	2	
133	10	
134	1	
135	6	
136	5	
137	8	
138	4	
139	5	
140	9	
141	8	
142	4	
143	8	
144	6	
145	10	
146	3	
147	5	
148	10	
149	8	
150	1	
151	8	
152	2	
153	7	
154	5	
155	3	
156	1	
157	5	
158	8	
159	1	
160	6	
161	10	
162	8	
163	3	
164	1	
165	6	
166	1	
167	2	
168	9	
169	1	
170	6	
171	2	
172	5	
173	2	
174	7	
175	4	
176	10	
177	5	
178	2	
179	1	
180	9	
181	4	
182	4	
183	1	
184	5	
185	6	
186	4	
187	1	
188	6	
189	9	
190	10	
191	7	
192	4	
193	9	
194	7	
195	2	
196	9	
197	1	
198	1	
199	10	
200	6	
201	4	
202	4	
203	4	
204	4	
205	10	
206	2	
207	5	
208	9	
209	6	
210	8	
211	3	
212	9	
213	2	
214	2	
215	9	
216	10	
217	1	
218	7	
219	4	
220	7	
221	3	
222	10	
223	10	
224	9	
225	7	
226	1	
227	6	
228	2	
229	4	
230	6	
231	2	
232	5	
233	4	
234	3	
235	8	
236	7	
237	2	
238	2	
239	4	
240	6	
241	8	
242	6	
243	10	
244	4	
245	3	
246	8	
247	5	
248	3	
249	7	
250	9	
251	2	
252	8	
253	2	
254	9	
255	6	
256	8	
257	7	
258	9	
259	2	
260	8	
261	10	
262	10	
263	2	
264	2	
265	4	
266	7	
267	1	
268	7	
269	8	
270	2	
271	1	
272	8	
273	3	
274	8	
275	10	
276	9	
277	10	
278	1	
279	8	
280	7	
281	2	
282	7	
283	10	
284	4	
285	3	
286	2	
287	8	
288	10	
289	4	
290	10	
291	1	
292	5	
293	9	
294	3	
295	2	
296	8	
297	7	
298	9	
299	5	
300	9	
301	5	
302	4	
303	9	
304	10	
305	10	
306	3	
307	2	
308	4	
309	1	
310	6	
311	3	
312	3	
313	9	
314	9	
315	1	
316	3	
317	2	
318	8	
319	1	
320	4	
321	3	
322	2	
323	9	
324	3	
325	10	
326	8	
327	1	
328	10	
329	1	
330	8	
331	5	
332	4	
333	2	
334	7	
335	1	
336	8	
337	10	
338	4	
339	7	
340	7	
341	4	
342	9	
343	5	
344	7	
345	9	
346	4	
347	5	
348	1	
349	10	
350	2	
351	7	
352	5	
353	9	
354	9	
355	7	
356	10	
357	10	
358	8	
359	2	
360	9	
361	1	
362	4	
363	8	
364	9	
365	1	
366	6	
367	10	
368	5	
369	10	
370	2	
371	1	
372	1	
373	3	
374	5	
375	7	
376	4	
377	2	
378	9	
379	5	
380	8	
381	4	
382	6	
383	3	
384	4	
385	10	
386	2	
387	4	
388	7	
389	9	
390	5	
391	10	
392	10	
393	6	
394	3	
395	5	
396	6	
397	1	
398	7	
399	9	
400	8	
401	1	
402	4	
403	5	
404	10	
405	9	
406	1	
407	5	
408	3	
409	5	
410	7	
411	8	
412	8	
413	6	
414	10	
415	2	
416	9	
417	10	
418	3	
419	1	
420	1	
421	4	
422	4	
423	8	
424	5	
425	3	
426	8	
427	9	
428	5	
429	3	
430	7	
431	4	
432	3	
433	3	
434	6	
435	2	
436	10	
437	5	
438	1	
439	7	
440	4	
441	5	
442	5	
443	5	
444	5	
445	4	
446	9	
447	8	
448	4	
449	8	
450	8	
451	10	
452	10	
453	6	
454	10	
455	1	
456	1	
457	10	
458	5	
459	6	
460	9	
461	10	
462	5	
463	8	
464	9	
465	7	
466	5	
467	1	
468	5	
469	5	
470	6	
471	5	
472	10	
473	7	
474	5	
475	3	
476	4	
477	6	
478	1	
479	4	
480	2	
481	2	
482	2	
483	2	
484	5	
485	4	
486	8	
487	5	
488	5	
489	8	
490	10	
491	4	
492	10	
493	10	
494	6	
495	8	
496	7	
497	2	
498	8	
499	9	
500	3	
501	2	
502	9	
503	10	
504	8	
505	8	
506	8	
507	2	
508	10	
509	4	
510	10	
511	1	
512	9	
513	9	
514	9	
515	2	
516	3	
517	5	
518	10	
519	6	
520	3	
521	10	
522	8	
523	1	
524	3	
525	10	
526	3	
527	8	
528	9	
529	4	
530	10	
531	8	
532	5	
533	3	
534	6	
535	6	
536	7	
537	10	
538	1	
539	3	
540	3	
541	10	
542	1	
543	10	
544	1	
545	9	
546	1	
547	2	
548	9	
549	7	
550	1	
551	5	
552	10	
553	8	
554	2	
555	8	
556	8	
557	7	
558	10	
559	5	
560	2	
561	4	
562	10	
563	7	
564	5	
565	9	
566	10	
567	2	
568	2	
569	4	
570	8	
571	5	
572	10	
573	7	
574	1	
575	8	
576	10	
577	6	
578	6	
579	6	
580	7	
581	3	
582	4	
583	6	
584	1	
585	6	
586	3	
587	9	
588	1	
589	8	
590	8	
591	8	
592	4	
593	3	
594	4	
595	1	
596	6	
597	6	
598	7	
599	9	
600	3	
601	7	
602	2	
603	3	
604	2	
605	3	
606	6	
607	3	
608	4	
609	3	
610	2	
611	9	
612	6	
613	4	
614	1	
615	5	
616	9	
617	2	
618	6	
619	5	
620	3	
621	8	
622	2	
623	8	
624	3	
625	10	
626	6	
627	9	
628	10	
629	1	
630	9	
631	3	
632	1	
633	9	
634	8	
635	5	
636	4	
637	6	
638	1	
639	2	
640	2	
641	5	
642	2	
643	5	
644	1	
645	2	
646	3	
647	4	
648	7	
649	3	
650	9	
651	6	
652	3	
653	7	
654	6	
655	10	
656	1	
657	4	
658	3	
659	7	
660	8	
661	7	
662	4	
663	9	
664	1	
665	5	
666	9	
667	4	
668	4	
669	1	
670	7	
671	4	
672	4	
673	1	
674	4	
675	6	
676	7	
677	6	
678	1	
679	7	
680	3	
681	8	
682	1	
683	9	
684	2	
685	10	
686	9	
687	10	
688	6	
689	9	
690	1	
691	2	
692	5	
693	1	
694	6	
695	4	
696	2	
697	10	
698	4	
699	3	
700	1	
701	2	
702	9	
703	8	
704	1	
705	8	
706	2	
707	9	
708	10	
709	9	
710	8	
711	7	
712	6	
713	1	
714	7	
715	9	
716	9	
717	8	
718	10	
719	7	
720	6	
721	8	
722	4	
723	9	
724	6	
725	5	
726	6	
727	3	
728	7	
729	1	
730	9	
731	4	
732	2	
733	6	
734	3	
735	5	
736	5	
737	6	
738	3	
739	6	
740	7	
741	8	
742	5	
743	8	
744	7	
745	7	
746	8	
747	3	
748	6	
749	7	
750	4	
751	2	
752	4	
753	2	
754	5	
755	6	
756	2	
757	2	
758	6	
759	7	
760	10	
761	6	
762	7	
763	4	
764	6	
765	3	
766	2	
767	9	
768	5	
769	6	
770	10	
771	5	
772	3	
773	4	
774	4	
775	9	
776	6	
777	9	
778	5	
779	8	
780	10	
781	6	
782	6	
783	7	
784	5	
785	7	
786	5	
787	7	
788	1	
789	1	
790	4	
791	4	
792	1	
793	4	
794	3	
795	8	
796	2	
797	3	
798	5	
799	9	
800	7	
801	5	
802	6	
803	4	
804	10	
805	7	
806	10	
807	6	
808	6	
809	8	
810	6	
811	10	
812	2	
813	10	
814	6	
815	3	
816	1	
817	10	
818	10	
819	2	
820	4	
821	2	
822	1	
823	4	
824	5	
825	8	
826	9	
827	3	
828	2	
829	1	
830	9	
831	1	
832	9	
833	6	
834	8	
835	7	
836	2	
837	10	
838	8	
839	4	
840	4	
841	4	
842	6	
843	2	
844	8	
845	6	
846	7	
847	7	
848	5	
849	10	
850	5	
851	7	
852	8	
853	7	
854	8	
855	7	
856	2	
857	3	
858	6	
859	8	
860	5	
861	8	
862	4	
863	10	
864	3	
865	4	
866	9	
867	2	
868	7	
869	2	
870	10	
871	3	
872	9	
873	2	
874	6	
875	3	
876	5	
877	1	
878	2	
879	4	
880	4	
881	6	
882	9	
883	10	
884	9	
885	6	
886	6	
887	8	
888	1	
889	10	
890	7	
891	9	
892	6	
893	3	
894	9	
895	4	
896	8	
897	7	
898	9	
899	6	
900	6	
901	1	
902	3	
903	1	
904	2	
905	3	
906	8	
907	4	
908	8	
909	1	
910	9	
911	10	
912	1	
913	5	
914	7	
915	6	
916	6	
917	2	
918	4	
919	3	
920	8	
921	3	
922	3	
923	1	
924	7	
925	5	
926	9	
927	3	
928	1	
929	4	
930	9	
931	10	
932	2	
933	6	
934	6	
935	2	
936	5	
937	7	
938	9	
939	10	
940	6	
941	10	
942	5	
943	8	
944	8	
945	7	
946	5	
947	5	
948	5	
949	8	
950	6	
951	9	
952	3	
953	1	
954	9	
955	5	
956	3	
957	10	
958	8	
959	3	
960	9	
961	10	
962	10	
963	8	
964	7	
965	2	
966	2	
967	9	
968	9	
969	3	
970	4	
971	5	
972	6	
973	6	
974	3	
975	1	
976	4	
977	7	
978	10	
979	8	
980	8	
981	6	
982	1	
983	2	
984	9	
985	2	
986	9	
987	7	
988	3	
989	7	
990	4	
991	9	
992	3	
993	7	
994	4	
995	5	
996	4	
997	10	
998	8	
999	7	
1000	9	
445
