2000
1	69	
2	93	
3	71	
4	96	
5	41	
6	63	
7	18	
8	17	
9	70	
10	7	
11	37	
12	84	
13	13	
14	73	
15	70	
16	70	
17	98	
18	57	
19	98	
20	95	
21	26	
22	29	
23	73	
24	72	
25	66	
26	81	
27	3	
28	61	
29	23	
30	12	
31	23	
32	33	
33	57	
34	38	
35	17	
36	86	
37	57	
38	30	
39	45	
40	12	
41	28	
42	39	
43	35	
44	3	
45	96	
46	28	
47	47	
48	99	
49	28	
50	17	
51	72	
52	13	
53	90	
54	21	
55	82	
56	53	
57	86	
58	24	
59	93	
60	19	
61	54	
62	32	
63	53	
64	72	
65	93	
66	41	
67	6	
68	44	
69	89	
70	79	
71	47	
72	51	
73	35	
74	88	
75	25	
76	22	
77	64	
78	40	
79	62	
80	68	
81	27	
82	83	
83	52	
84	79	
85	79	
86	43	
87	85	
88	49	
89	71	
90	96	
91	82	
92	46	
93	82	
94	21	
95	29	
96	78	
97	86	
98	58	
99	37	
100	73	
101	42	
102	17	
103	51	
104	25	
105	94	
106	15	
107	8	
108	68	
109	60	
110	82	
111	48	
112	12	
113	34	
114	86	
115	94	
116	48	
117	20	
118	30	
119	94	
120	22	
121	1	
122	2	
123	89	
124	72	
125	54	
126	68	
127	61	
128	89	
129	52	
130	64	
131	27	
132	94	
133	100	
134	97	
135	22	
136	11	
137	42	
138	28	
139	23	
140	37	
141	36	
142	6	
143	24	
144	4	
145	2	
146	95	
147	79	
148	68	
149	54	
150	7	
151	2	
152	74	
153	67	
154	97	
155	19	
156	73	
157	27	
158	84	
159	23	
160	54	
161	22	
162	12	
163	67	
164	3	
165	78	
166	15	
167	96	
168	61	
169	99	
170	6	
171	92	
172	67	
173	38	
174	95	
175	16	
176	20	
177	3	
178	70	
179	51	
180	21	
181	68	
182	86	
183	89	
184	33	
185	66	
186	98	
187	95	
188	30	
189	49	
190	22	
191	15	
192	76	
193	25	
194	17	
195	38	
196	99	
197	1	
198	11	
199	56	
200	14	
201	40	
202	50	
203	20	
204	20	
205	28	
206	10	
207	25	
208	51	
209	68	
210	10	
211	61	
212	69	
213	56	
214	78	
215	47	
216	88	
217	81	
218	61	
219	94	
220	43	
221	35	
222	58	
223	18	
224	9	
225	21	
226	37	
227	92	
228	66	
229	84	
230	8	
231	38	
232	55	
233	18	
234	79	
235	26	
236	93	
237	98	
238	90	
239	26	
240	42	
241	22	
242	80	
243	82	
244	80	
245	75	
246	32	
247	47	
248	35	
249	5	
250	61	
251	92	
252	68	
253	42	
254	83	
255	64	
256	78	
257	53	
258	21	
259	88	
260	30	
261	72	
262	66	
263	44	
264	60	
265	56	
266	47	
267	15	
268	25	
269	22	
270	40	
271	69	
272	92	
273	57	
274	40	
275	78	
276	7	
277	76	
278	7	
279	46	
280	93	
281	54	
282	91	
283	36	
284	60	
285	73	
286	62	
287	20	
288	2	
289	10	
290	32	
291	55	
292	1	
293	57	
294	67	
295	8	
296	24	
297	99	
298	75	
299	31	
300	25	
301	77	
302	12	
303	87	
304	54	
305	24	
306	81	
307	40	
308	74	
309	45	
310	44	
311	35	
312	79	
313	11	
314	75	
315	67	
316	79	
317	14	
318	94	
319	87	
320	94	
321	99	
322	16	
323	1	
324	19	
325	90	
326	32	
327	47	
328	80	
329	87	
330	94	
331	57	
332	16	
333	90	
334	53	
335	83	
336	72	
337	100	
338	48	
339	89	
340	37	
341	98	
342	15	
343	63	
344	45	
345	13	
346	32	
347	57	
348	71	
349	70	
350	100	
351	1	
352	1	
353	37	
354	89	
355	45	
356	74	
357	72	
358	32	
359	44	
360	59	
361	23	
362	90	
363	42	
364	27	
365	79	
366	16	
367	66	
368	93	
369	92	
370	48	
371	81	
372	95	
373	53	
374	55	
375	57	
376	74	
377	68	
378	23	
379	9	
380	34	
381	80	
382	12	
383	65	
384	32	
385	4	
386	96	
387	8	
388	7	
389	47	
390	29	
391	28	
392	26	
393	72	
394	79	
395	29	
396	18	
397	9	
398	37	
399	99	
400	90	
401	33	
402	34	
403	31	
404	76	
405	55	
406	57	
407	31	
408	99	
409	19	
410	39	
411	80	
412	24	
413	70	
414	30	
415	28	
416	79	
417	40	
418	13	
419	21	
420	33	
421	54	
422	68	
423	78	
424	25	
425	9	
426	82	
427	47	
428	45	
429	83	
430	19	
431	24	
432	99	
433	67	
434	50	
435	96	
436	30	
437	59	
438	69	
439	75	
440	20	
441	91	
442	65	
443	89	
444	63	
445	48	
446	85	
447	26	
448	58	
449	44	
450	28	
451	86	
452	42	
453	54	
454	40	
455	79	
456	27	
457	88	
458	67	
459	76	
460	7	
461	58	
462	87	
463	30	
464	3	
465	57	
466	43	
467	79	
468	19	
469	91	
470	54	
471	89	
472	52	
473	27	
474	53	
475	29	
476	52	
477	88	
478	29	
479	2	
480	12	
481	88	
482	80	
483	4	
484	7	
485	14	
486	42	
487	63	
488	9	
489	22	
490	54	
491	8	
492	44	
493	14	
494	88	
495	4	
496	59	
497	56	
498	70	
499	85	
500	51	
501	56	
502	81	
503	98	
504	12	
505	4	
506	54	
507	92	
508	14	
509	32	
510	68	
511	17	
512	29	
513	37	
514	9	
515	30	
516	15	
517	47	
518	82	
519	66	
520	75	
521	18	
522	74	
523	89	
524	5	
525	38	
526	27	
527	68	
528	3	
529	40	
530	90	
531	46	
532	55	
533	65	
534	2	
535	10	
536	91	
537	50	
538	69	
539	57	
540	75	
541	16	
542	23	
543	90	
544	67	
545	51	
546	21	
547	6	
548	91	
549	77	
550	95	
551	11	
552	56	
553	34	
554	8	
555	6	
556	18	
557	83	
558	44	
559	59	
560	54	
561	96	
562	60	
563	5	
564	67	
565	31	
566	8	
567	8	
568	30	
569	84	
570	6	
571	49	
572	88	
573	45	
574	97	
575	94	
576	44	
577	10	
578	58	
579	96	
580	63	
581	51	
582	34	
583	42	
584	17	
585	98	
586	27	
587	93	
588	35	
589	68	
590	74	
591	48	
592	84	
593	33	
594	36	
595	63	
596	42	
597	14	
598	43	
599	85	
600	93	
601	59	
602	56	
603	83	
604	40	
605	39	
606	52	
607	9	
608	100	
609	57	
610	88	
611	57	
612	2	
613	82	
614	59	
615	73	
616	21	
617	32	
618	36	
619	63	
620	75	
621	10	
622	46	
623	84	
624	7	
625	50	
626	38	
627	91	
628	14	
629	33	
630	41	
631	5	
632	35	
633	23	
634	72	
635	17	
636	92	
637	30	
638	57	
639	2	
640	96	
641	93	
642	64	
643	81	
644	13	
645	34	
646	49	
647	50	
648	13	
649	37	
650	51	
651	24	
652	99	
653	53	
654	68	
655	94	
656	21	
657	20	
658	93	
659	55	
660	80	
661	53	
662	96	
663	11	
664	57	
665	91	
666	25	
667	16	
668	72	
669	37	
670	87	
671	2	
672	8	
673	45	
674	26	
675	52	
676	11	
677	86	
678	25	
679	21	
680	13	
681	16	
682	71	
683	35	
684	30	
685	72	
686	51	
687	100	
688	70	
689	79	
690	25	
691	92	
692	95	
693	13	
694	84	
695	76	
696	22	
697	84	
698	8	
699	23	
700	79	
701	44	
702	99	
703	56	
704	55	
705	86	
706	78	
707	53	
708	78	
709	7	
710	78	
711	87	
712	24	
713	67	
714	77	
715	61	
716	41	
717	32	
718	28	
719	47	
720	72	
721	82	
722	12	
723	77	
724	68	
725	39	
726	14	
727	67	
728	59	
729	65	
730	57	
731	100	
732	62	
733	40	
734	9	
735	29	
736	15	
737	76	
738	83	
739	64	
740	55	
741	28	
742	21	
743	36	
744	43	
745	75	
746	72	
747	37	
748	60	
749	13	
750	42	
751	42	
752	84	
753	34	
754	99	
755	8	
756	38	
757	96	
758	14	
759	33	
760	52	
761	64	
762	91	
763	32	
764	92	
765	81	
766	24	
767	81	
768	25	
769	10	
770	58	
771	35	
772	45	
773	50	
774	90	
775	59	
776	6	
777	47	
778	65	
779	12	
780	78	
781	94	
782	38	
783	3	
784	73	
785	51	
786	41	
787	49	
788	47	
789	27	
790	64	
791	46	
792	53	
793	82	
794	59	
795	86	
796	70	
797	95	
798	17	
799	95	
800	23	
801	37	
802	42	
803	48	
804	18	
805	37	
806	24	
807	82	
808	64	
809	24	
810	84	
811	82	
812	88	
813	56	
814	40	
815	83	
816	57	
817	76	
818	88	
819	62	
820	36	
821	82	
822	3	
823	2	
824	9	
825	94	
826	49	
827	91	
828	20	
829	25	
830	83	
831	85	
832	29	
833	76	
834	16	
835	87	
836	34	
837	100	
838	92	
839	42	
840	6	
841	86	
842	28	
843	50	
844	58	
845	86	
846	7	
847	37	
848	33	
849	70	
850	49	
851	93	
852	44	
853	77	
854	40	
855	95	
856	100	
857	81	
858	4	
859	70	
860	17	
861	64	
862	16	
863	88	
864	7	
865	60	
866	43	
867	10	
868	83	
869	28	
870	90	
871	45	
872	15	
873	32	
874	62	
875	5	
876	43	
877	5	
878	36	
879	70	
880	68	
881	32	
882	7	
883	46	
884	37	
885	58	
886	86	
887	48	
888	87	
889	54	
890	21	
891	5	
892	26	
893	59	
894	13	
895	98	
896	16	
897	81	
898	21	
899	42	
900	30	
901	77	
902	49	
903	27	
904	60	
905	31	
906	46	
907	38	
908	44	
909	9	
910	43	
911	38	
912	31	
913	95	
914	3	
915	50	
916	68	
917	66	
918	90	
919	47	
920	78	
921	11	
922	83	
923	81	
924	31	
925	35	
926	69	
927	99	
928	5	
929	62	
930	91	
931	90	
932	78	
933	30	
934	10	
935	72	
936	29	
937	63	
938	47	
939	6	
940	88	
941	10	
942	99	
943	12	
944	66	
945	99	
946	25	
947	97	
948	91	
949	48	
950	40	
951	9	
952	93	
953	81	
954	31	
955	77	
956	59	
957	68	
958	50	
959	7	
960	41	
961	24	
962	72	
963	40	
964	37	
965	76	
966	4	
967	51	
968	89	
969	91	
970	94	
971	69	
972	64	
973	94	
974	73	
975	1	
976	56	
977	63	
978	24	
979	82	
980	2	
981	38	
982	83	
983	42	
984	67	
985	68	
986	85	
987	99	
988	91	
989	85	
990	76	
991	77	
992	69	
993	71	
994	86	
995	5	
996	68	
997	78	
998	96	
999	33	
1000	9	
1001	92	
1002	75	
1003	26	
1004	28	
1005	60	
1006	52	
1007	52	
1008	10	
1009	100	
1010	25	
1011	26	
1012	9	
1013	33	
1014	44	
1015	81	
1016	85	
1017	15	
1018	16	
1019	32	
1020	42	
1021	7	
1022	5	
1023	30	
1024	25	
1025	54	
1026	22	
1027	52	
1028	70	
1029	33	
1030	50	
1031	29	
1032	89	
1033	37	
1034	5	
1035	42	
1036	11	
1037	42	
1038	9	
1039	98	
1040	7	
1041	45	
1042	20	
1043	41	
1044	59	
1045	16	
1046	26	
1047	26	
1048	54	
1049	70	
1050	65	
1051	51	
1052	17	
1053	82	
1054	46	
1055	85	
1056	12	
1057	70	
1058	39	
1059	70	
1060	52	
1061	73	
1062	93	
1063	80	
1064	96	
1065	11	
1066	4	
1067	37	
1068	2	
1069	65	
1070	96	
1071	67	
1072	12	
1073	52	
1074	92	
1075	14	
1076	85	
1077	48	
1078	54	
1079	51	
1080	71	
1081	75	
1082	31	
1083	5	
1084	64	
1085	49	
1086	74	
1087	55	
1088	95	
1089	42	
1090	98	
1091	23	
1092	50	
1093	33	
1094	50	
1095	86	
1096	79	
1097	62	
1098	42	
1099	50	
1100	32	
1101	49	
1102	80	
1103	18	
1104	89	
1105	98	
1106	50	
1107	10	
1108	10	
1109	65	
1110	92	
1111	22	
1112	68	
1113	8	
1114	16	
1115	41	
1116	82	
1117	93	
1118	63	
1119	8	
1120	46	
1121	12	
1122	95	
1123	38	
1124	59	
1125	46	
1126	44	
1127	58	
1128	89	
1129	41	
1130	37	
1131	62	
1132	26	
1133	89	
1134	74	
1135	28	
1136	89	
1137	10	
1138	69	
1139	77	
1140	11	
1141	46	
1142	23	
1143	79	
1144	56	
1145	49	
1146	85	
1147	24	
1148	28	
1149	93	
1150	74	
1151	27	
1152	72	
1153	77	
1154	17	
1155	96	
1156	96	
1157	20	
1158	52	
1159	37	
1160	100	
1161	89	
1162	25	
1163	65	
1164	72	
1165	93	
1166	90	
1167	97	
1168	53	
1169	82	
1170	46	
1171	78	
1172	100	
1173	40	
1174	36	
1175	72	
1176	36	
1177	99	
1178	37	
1179	82	
1180	42	
1181	94	
1182	62	
1183	65	
1184	82	
1185	72	
1186	53	
1187	80	
1188	92	
1189	62	
1190	26	
1191	55	
1192	61	
1193	85	
1194	88	
1195	70	
1196	42	
1197	23	
1198	43	
1199	4	
1200	57	
1201	35	
1202	81	
1203	14	
1204	12	
1205	2	
1206	75	
1207	78	
1208	31	
1209	66	
1210	98	
1211	43	
1212	7	
1213	32	
1214	96	
1215	69	
1216	31	
1217	79	
1218	14	
1219	3	
1220	80	
1221	41	
1222	22	
1223	31	
1224	3	
1225	74	
1226	44	
1227	9	
1228	79	
1229	65	
1230	90	
1231	50	
1232	96	
1233	12	
1234	37	
1235	32	
1236	72	
1237	50	
1238	63	
1239	60	
1240	19	
1241	58	
1242	53	
1243	74	
1244	80	
1245	30	
1246	40	
1247	56	
1248	24	
1249	18	
1250	33	
1251	21	
1252	72	
1253	76	
1254	55	
1255	70	
1256	99	
1257	84	
1258	1	
1259	4	
1260	55	
1261	39	
1262	46	
1263	82	
1264	67	
1265	2	
1266	11	
1267	81	
1268	96	
1269	73	
1270	17	
1271	52	
1272	77	
1273	46	
1274	29	
1275	23	
1276	65	
1277	49	
1278	89	
1279	26	
1280	81	
1281	2	
1282	54	
1283	93	
1284	64	
1285	24	
1286	49	
1287	19	
1288	52	
1289	23	
1290	76	
1291	1	
1292	36	
1293	7	
1294	56	
1295	57	
1296	58	
1297	20	
1298	62	
1299	85	
1300	79	
1301	14	
1302	100	
1303	3	
1304	60	
1305	38	
1306	39	
1307	44	
1308	65	
1309	64	
1310	36	
1311	43	
1312	17	
1313	99	
1314	52	
1315	68	
1316	39	
1317	97	
1318	14	
1319	3	
1320	40	
1321	30	
1322	73	
1323	64	
1324	96	
1325	98	
1326	84	
1327	3	
1328	64	
1329	51	
1330	11	
1331	27	
1332	42	
1333	7	
1334	13	
1335	76	
1336	6	
1337	60	
1338	94	
1339	63	
1340	28	
1341	33	
1342	24	
1343	90	
1344	73	
1345	53	
1346	56	
1347	66	
1348	97	
1349	22	
1350	24	
1351	98	
1352	64	
1353	41	
1354	19	
1355	83	
1356	67	
1357	35	
1358	5	
1359	95	
1360	9	
1361	7	
1362	42	
1363	4	
1364	72	
1365	72	
1366	20	
1367	76	
1368	35	
1369	54	
1370	83	
1371	24	
1372	36	
1373	97	
1374	43	
1375	23	
1376	37	
1377	23	
1378	90	
1379	46	
1380	39	
1381	36	
1382	71	
1383	43	
1384	76	
1385	21	
1386	27	
1387	91	
1388	42	
1389	4	
1390	28	
1391	98	
1392	75	
1393	48	
1394	31	
1395	27	
1396	6	
1397	95	
1398	12	
1399	27	
1400	1	
1401	88	
1402	94	
1403	36	
1404	15	
1405	83	
1406	62	
1407	39	
1408	88	
1409	86	
1410	65	
1411	5	
1412	13	
1413	23	
1414	12	
1415	39	
1416	55	
1417	98	
1418	1	
1419	51	
1420	29	
1421	86	
1422	61	
1423	68	
1424	56	
1425	57	
1426	61	
1427	6	
1428	48	
1429	37	
1430	10	
1431	8	
1432	94	
1433	27	
1434	19	
1435	39	
1436	1	
1437	17	
1438	88	
1439	70	
1440	91	
1441	97	
1442	6	
1443	78	
1444	79	
1445	26	
1446	51	
1447	38	
1448	49	
1449	20	
1450	76	
1451	97	
1452	35	
1453	16	
1454	51	
1455	16	
1456	4	
1457	94	
1458	32	
1459	66	
1460	13	
1461	37	
1462	6	
1463	72	
1464	22	
1465	23	
1466	17	
1467	77	
1468	35	
1469	63	
1470	31	
1471	68	
1472	81	
1473	17	
1474	68	
1475	58	
1476	24	
1477	62	
1478	15	
1479	19	
1480	88	
1481	26	
1482	49	
1483	94	
1484	53	
1485	83	
1486	31	
1487	39	
1488	73	
1489	41	
1490	66	
1491	22	
1492	38	
1493	57	
1494	87	
1495	50	
1496	98	
1497	4	
1498	32	
1499	85	
1500	85	
1501	7	
1502	39	
1503	68	
1504	63	
1505	98	
1506	24	
1507	73	
1508	61	
1509	66	
1510	57	
1511	90	
1512	94	
1513	13	
1514	95	
1515	1	
1516	15	
1517	7	
1518	36	
1519	60	
1520	80	
1521	32	
1522	16	
1523	68	
1524	95	
1525	46	
1526	6	
1527	43	
1528	90	
1529	89	
1530	78	
1531	99	
1532	35	
1533	67	
1534	42	
1535	15	
1536	85	
1537	35	
1538	70	
1539	26	
1540	13	
1541	75	
1542	1	
1543	57	
1544	15	
1545	88	
1546	72	
1547	19	
1548	100	
1549	83	
1550	23	
1551	72	
1552	16	
1553	27	
1554	57	
1555	52	
1556	15	
1557	71	
1558	75	
1559	63	
1560	81	
1561	7	
1562	89	
1563	13	
1564	68	
1565	59	
1566	93	
1567	88	
1568	54	
1569	25	
1570	33	
1571	54	
1572	85	
1573	93	
1574	34	
1575	34	
1576	76	
1577	16	
1578	1	
1579	12	
1580	17	
1581	68	
1582	8	
1583	19	
1584	47	
1585	55	
1586	31	
1587	28	
1588	43	
1589	53	
1590	65	
1591	81	
1592	96	
1593	85	
1594	77	
1595	49	
1596	41	
1597	72	
1598	59	
1599	4	
1600	95	
1601	99	
1602	6	
1603	41	
1604	33	
1605	59	
1606	17	
1607	94	
1608	77	
1609	81	
1610	65	
1611	39	
1612	94	
1613	1	
1614	18	
1615	56	
1616	98	
1617	32	
1618	99	
1619	30	
1620	78	
1621	68	
1622	20	
1623	6	
1624	35	
1625	92	
1626	7	
1627	7	
1628	89	
1629	74	
1630	30	
1631	75	
1632	83	
1633	6	
1634	25	
1635	94	
1636	48	
1637	30	
1638	46	
1639	12	
1640	58	
1641	78	
1642	54	
1643	57	
1644	18	
1645	67	
1646	98	
1647	100	
1648	20	
1649	66	
1650	8	
1651	2	
1652	53	
1653	67	
1654	42	
1655	58	
1656	81	
1657	3	
1658	75	
1659	16	
1660	13	
1661	100	
1662	75	
1663	76	
1664	24	
1665	10	
1666	25	
1667	46	
1668	55	
1669	26	
1670	8	
1671	77	
1672	90	
1673	92	
1674	40	
1675	9	
1676	70	
1677	50	
1678	88	
1679	35	
1680	50	
1681	44	
1682	87	
1683	9	
1684	4	
1685	95	
1686	17	
1687	64	
1688	55	
1689	64	
1690	69	
1691	84	
1692	80	
1693	79	
1694	89	
1695	80	
1696	75	
1697	58	
1698	3	
1699	44	
1700	77	
1701	94	
1702	48	
1703	20	
1704	17	
1705	2	
1706	96	
1707	69	
1708	29	
1709	61	
1710	11	
1711	64	
1712	16	
1713	26	
1714	72	
1715	35	
1716	18	
1717	87	
1718	29	
1719	13	
1720	93	
1721	84	
1722	12	
1723	87	
1724	28	
1725	15	
1726	69	
1727	10	
1728	39	
1729	55	
1730	94	
1731	85	
1732	7	
1733	19	
1734	1	
1735	94	
1736	5	
1737	6	
1738	94	
1739	50	
1740	28	
1741	13	
1742	20	
1743	52	
1744	9	
1745	10	
1746	78	
1747	59	
1748	36	
1749	65	
1750	20	
1751	29	
1752	86	
1753	26	
1754	48	
1755	4	
1756	30	
1757	75	
1758	91	
1759	44	
1760	66	
1761	97	
1762	7	
1763	25	
1764	37	
1765	12	
1766	96	
1767	83	
1768	16	
1769	89	
1770	62	
1771	19	
1772	47	
1773	42	
1774	6	
1775	2	
1776	14	
1777	30	
1778	10	
1779	43	
1780	74	
1781	54	
1782	67	
1783	39	
1784	26	
1785	72	
1786	75	
1787	15	
1788	33	
1789	44	
1790	98	
1791	27	
1792	16	
1793	27	
1794	30	
1795	84	
1796	18	
1797	58	
1798	57	
1799	3	
1800	38	
1801	70	
1802	83	
1803	86	
1804	73	
1805	91	
1806	78	
1807	23	
1808	62	
1809	58	
1810	100	
1811	80	
1812	43	
1813	61	
1814	73	
1815	35	
1816	71	
1817	91	
1818	83	
1819	18	
1820	7	
1821	50	
1822	59	
1823	74	
1824	43	
1825	90	
1826	86	
1827	96	
1828	15	
1829	69	
1830	27	
1831	37	
1832	28	
1833	51	
1834	50	
1835	43	
1836	39	
1837	61	
1838	100	
1839	27	
1840	86	
1841	43	
1842	99	
1843	48	
1844	48	
1845	60	
1846	16	
1847	11	
1848	67	
1849	74	
1850	24	
1851	3	
1852	41	
1853	32	
1854	89	
1855	51	
1856	77	
1857	22	
1858	64	
1859	28	
1860	76	
1861	60	
1862	3	
1863	65	
1864	74	
1865	40	
1866	82	
1867	27	
1868	4	
1869	67	
1870	35	
1871	73	
1872	46	
1873	57	
1874	83	
1875	95	
1876	44	
1877	95	
1878	21	
1879	45	
1880	91	
1881	38	
1882	35	
1883	94	
1884	22	
1885	39	
1886	82	
1887	90	
1888	34	
1889	18	
1890	60	
1891	54	
1892	76	
1893	24	
1894	29	
1895	17	
1896	52	
1897	23	
1898	96	
1899	86	
1900	54	
1901	22	
1902	8	
1903	98	
1904	57	
1905	75	
1906	74	
1907	9	
1908	48	
1909	4	
1910	79	
1911	21	
1912	94	
1913	23	
1914	12	
1915	44	
1916	67	
1917	90	
1918	39	
1919	57	
1920	83	
1921	2	
1922	17	
1923	3	
1924	8	
1925	37	
1926	52	
1927	83	
1928	13	
1929	2	
1930	12	
1931	60	
1932	18	
1933	14	
1934	35	
1935	70	
1936	92	
1937	58	
1938	70	
1939	33	
1940	24	
1941	76	
1942	91	
1943	29	
1944	17	
1945	24	
1946	71	
1947	5	
1948	64	
1949	78	
1950	95	
1951	41	
1952	68	
1953	28	
1954	48	
1955	7	
1956	100	
1957	10	
1958	53	
1959	35	
1960	33	
1961	61	
1962	89	
1963	76	
1964	51	
1965	2	
1966	51	
1967	56	
1968	87	
1969	34	
1970	44	
1971	8	
1972	15	
1973	10	
1974	69	
1975	62	
1976	67	
1977	74	
1978	99	
1979	48	
1980	84	
1981	63	
1982	64	
1983	45	
1984	97	
1985	6	
1986	12	
1987	21	
1988	83	
1989	12	
1990	67	
1991	22	
1992	58	
1993	69	
1994	64	
1995	63	
1996	55	
1997	91	
1998	65	
1999	53	
2000	17	
2027
